0 FILE 14769ptz.dat
0 Tile, Round 2 x 2 with Bottom Stud Holder with Silver Capital Letter Z on Black Background Pattern
0 Name:  14769ptz.dat
0 Author:  
0 BL_Item_No 14769pb447
0 BFC CERTIFY CCW
3 0 -6.889 0.000 16.630 -12.728 0.000 12.728 12.728 0.000 12.728
3 0 12.728 0.000 12.728 6.889 0.000 16.630 -6.889 0.000 16.630
3 0 -16.630 0.000 6.889 -16.630 0.000 -6.889 -12.728 0.000 -12.728
3 0 -12.728 0.000 -12.728 -12.728 0.000 12.728 -16.630 0.000 6.889
3 0 -6.889 0.000 -16.630 6.889 0.000 -16.630 12.728 0.000 -12.728
3 0 12.728 0.000 -12.728 -12.728 0.000 -12.728 -6.889 0.000 -16.630
3 0 16.630 0.000 -6.889 16.630 0.000 6.889 12.728 0.000 12.728
3 0 12.728 0.000 12.728 12.728 0.000 -12.728 16.630 0.000 -6.889
3 0 6.889 0.000 16.630 0.000 0.000 18.000 -6.889 0.000 16.630
3 0 -16.630 0.000 6.889 -18.000 0.000 0.000 -16.630 0.000 -6.889
3 0 -6.889 0.000 -16.630 0.000 0.000 -18.000 6.889 0.000 -16.630
3 0 16.630 0.000 -6.889 18.000 0.000 0.000 16.630 0.000 6.889
3 0 -12.728 0.000 12.728 -12.728 0.000 -12.728 -6.890 0.000 -8.680
3 0 -6.890 0.000 -8.680 -6.990 0.000 -8.180 -12.728 0.000 12.728
3 0 -6.990 0.000 -8.180 -6.890 0.000 -7.680 -6.400 0.000 8.010
3 0 -6.400 0.000 8.010 -12.728 0.000 12.728 -6.990 0.000 -8.180
3 0 -6.890 0.000 -8.680 -12.728 0.000 -12.728 -6.610 0.000 -9.110
3 0 -12.728 0.000 12.728 -6.500 0.000 8.480 -6.400 0.000 8.950
3 0 -12.728 0.000 12.728 -6.400 0.000 8.950 -6.140 0.000 9.340
3 0 -12.728 0.000 12.728 -6.400 0.000 8.010 -6.500 0.000 8.480
3 0 -6.400 0.000 8.010 -6.890 0.000 -7.680 -6.050 0.000 -6.110
3 0 -6.050 0.000 -6.110 -6.140 0.000 7.620 -6.400 0.000 8.010
3 80 -6.990 0.000 -8.180 -6.890 0.000 -8.680 -6.610 0.000 -9.110
3 80 -6.610 0.000 -9.110 -6.180 0.000 -9.390 -6.990 0.000 -8.180
3 0 -6.610 0.000 -9.110 -12.728 0.000 -12.728 -6.180 0.000 -9.390
3 80 -6.140 0.000 9.340 -6.400 0.000 8.950 -6.500 0.000 8.480
3 80 -6.500 0.000 8.480 -5.750 0.000 9.600 -6.140 0.000 9.340
3 0 -12.728 0.000 12.728 -6.140 0.000 9.340 -5.750 0.000 9.600
3 80 -6.140 0.000 7.620 -5.750 0.000 7.360 -6.500 0.000 8.480
3 80 -6.500 0.000 8.480 -6.400 0.000 8.010 -6.140 0.000 7.620
3 0 -6.140 0.000 7.620 -6.050 0.000 -6.110 -5.750 0.000 7.360
3 80 -6.890 0.000 -7.680 -6.990 0.000 -8.180 -6.180 0.000 -9.390
3 80 -6.180 0.000 -9.390 -5.670 0.000 -9.470 -6.890 0.000 -7.680
3 0 -6.180 0.000 -9.390 -12.728 0.000 -12.728 12.728 0.000 -12.728
3 0 12.728 0.000 -12.728 -5.670 0.000 -9.470 -6.180 0.000 -9.390
3 0 -12.728 0.000 12.728 -5.750 0.000 9.600 -5.280 0.000 9.680
3 80 -5.750 0.000 7.360 -5.280 0.000 7.270 -5.280 0.000 9.680
3 80 -5.280 0.000 9.680 -6.500 0.000 8.480 -5.750 0.000 7.360
3 80 -5.280 0.000 9.680 -5.750 0.000 9.600 -6.500 0.000 8.480
3 80 -6.050 0.000 -6.110 -6.890 0.000 -7.680 -5.670 0.000 -9.470
3 80 -5.670 0.000 -9.470 -3.600 0.000 -7.090 -6.050 0.000 -6.110
3 0 -5.750 0.000 7.360 -6.050 0.000 -6.110 3.200 0.000 7.300
3 80 -6.050 0.000 -6.110 -3.600 0.000 -7.090 5.720 0.000 6.320
3 80 5.720 0.000 6.320 3.200 0.000 7.300 -6.050 0.000 -6.110
3 0 -5.750 0.000 7.360 -5.280 0.000 7.270 3.200 0.000 7.300
3 80 -5.280 0.000 7.270 3.200 0.000 7.300 5.320 0.000 9.680
3 80 5.320 0.000 9.680 -5.280 0.000 9.680 -5.280 0.000 7.270
3 0 -5.280 0.000 9.680 5.320 0.000 9.680 12.728 0.000 12.728
3 0 12.728 0.000 12.728 -12.728 0.000 12.728 -5.280 0.000 9.680
3 0 5.720 0.000 6.320 -3.600 0.000 -7.090 5.530 0.000 -7.060
3 80 5.530 0.000 -7.060 -3.600 0.000 -7.090 -5.670 0.000 -9.470
3 80 -5.670 0.000 -9.470 5.530 0.000 -9.470 5.530 0.000 -7.060
3 0 5.720 0.000 6.320 5.530 0.000 -7.060 6.030 0.000 -7.160
3 80 5.720 0.000 6.320 6.600 0.000 7.810 5.320 0.000 9.680
3 80 5.320 0.000 9.680 3.200 0.000 7.300 5.720 0.000 6.320
3 80 5.320 0.000 9.680 6.700 0.000 8.330 6.600 0.000 8.850
3 80 6.600 0.000 8.850 5.870 0.000 9.580 5.320 0.000 9.680
3 80 5.870 0.000 9.580 6.600 0.000 8.850 6.310 0.000 9.290
3 0 6.030 0.000 -7.160 6.420 0.000 -7.420 6.600 0.000 7.810
3 0 6.600 0.000 7.810 5.720 0.000 6.320 6.030 0.000 -7.160
3 80 5.320 0.000 9.680 6.600 0.000 7.810 6.700 0.000 8.330
3 80 6.420 0.000 -7.420 6.030 0.000 -7.160 6.780 0.000 -8.280
3 80 6.780 0.000 -8.280 6.680 0.000 -7.810 6.420 0.000 -7.420
3 0 6.420 0.000 -7.420 6.680 0.000 -7.810 12.728 0.000 12.728
3 0 12.728 0.000 12.728 6.600 0.000 7.810 6.420 0.000 -7.420
3 80 6.030 0.000 -9.400 6.780 0.000 -8.280 5.530 0.000 -7.060
3 80 5.530 0.000 -7.060 5.530 0.000 -9.470 6.030 0.000 -9.400
3 80 6.420 0.000 -9.140 6.680 0.000 -8.750 6.780 0.000 -8.280
3 80 6.780 0.000 -8.280 6.030 0.000 -9.400 6.420 0.000 -9.140
3 80 5.530 0.000 -7.060 6.780 0.000 -8.280 6.030 0.000 -7.160
3 0 12.728 0.000 12.728 6.600 0.000 8.850 6.700 0.000 8.330
3 0 12.728 0.000 12.728 6.310 0.000 9.290 6.600 0.000 8.850
3 0 12.728 0.000 12.728 5.320 0.000 9.680 5.870 0.000 9.580
3 0 12.728 0.000 12.728 6.700 0.000 8.330 6.600 0.000 7.810
3 0 12.728 0.000 12.728 5.870 0.000 9.580 6.310 0.000 9.290
3 0 6.680 0.000 -7.810 6.780 0.000 -8.280 12.728 0.000 -12.728
3 0 12.728 0.000 -12.728 12.728 0.000 12.728 6.680 0.000 -7.810
3 0 6.030 0.000 -9.400 5.530 0.000 -9.470 12.728 0.000 -12.728
3 0 6.420 0.000 -9.140 6.030 0.000 -9.400 12.728 0.000 -12.728
3 0 5.530 0.000 -9.470 -5.670 0.000 -9.470 12.728 0.000 -12.728
3 0 6.780 0.000 -8.280 6.680 0.000 -8.750 12.728 0.000 -12.728
3 0 6.680 0.000 -8.750 6.420 0.000 -9.140 12.728 0.000 -12.728
1 16 0.0000 0.0000 0.0000 1.0000 0.0000 0.0000 0.0000 1.0000 0.0000 0.0000 0.0000 1.0000 s/14769s01.dat
1 16 0.0000 0.0000 0.0000 1.0000 0.0000 0.0000 0.0000 1.0000 0.0000 0.0000 0.0000 1.0000 4-4rin19.dat
1 80 0.0000 0.0000 0.0000 1.0000 0.0000 0.0000 0.0000 1.0000 0.0000 0.0000 0.0000 1.0000 4-4rin18.dat
1 0 0.0000 0.0000 0.0000 18.0000 0.0000 0.0000 0.0000 1.0000 0.0000 0.0000 0.0000 18.0000 4-4ering.dat
