0 FILE 14769p0j.dat
0 Tile, Round 2 x 2 with Bottom Stud Holder with Brown Paw Pattern
0 Name:  14769p0j.dat
0 Author:  
0 BL_Item_No 14769pb028
0 BFC CERTIFY CCW
1 16 0.0000 0.0000 0.0000 1.0000 0.0000 0.0000 0.0000 1.0000 0.0000 0.0000 0.0000 1.0000 s/14769s01.dat
1 16 0.0000 0.0000 0.0000 20.0000 0.0000 0.0000 0.0000 1.0000 0.0000 0.0000 0.0000 20.0000 4-4ering.dat
3 16 0.000 0.000 20.000 -7.654 0.000 18.477 -4.734 0.000 10.827
3 16 -4.734 0.000 10.827 -4.315 0.000 10.859 0.000 0.000 20.000
3 16 -7.654 0.000 18.477 -5.138 0.000 10.714 -4.734 0.000 10.827
3 16 -7.654 0.000 18.477 -5.521 0.000 10.522 -5.138 0.000 10.714
3 16 -7.654 0.000 18.477 -5.876 0.000 10.255 -5.521 0.000 10.522
3 16 -5.876 0.000 10.255 -7.654 0.000 18.477 -14.142 0.000 14.142
3 16 -14.142 0.000 14.142 -6.198 0.000 9.916 -5.876 0.000 10.255
3 16 -14.142 0.000 14.142 -6.480 0.000 9.512 -6.198 0.000 9.916
3 16 -14.142 0.000 14.142 -6.718 0.000 9.050 -6.480 0.000 9.512
3 16 -14.142 0.000 14.142 -6.908 0.000 8.537 -6.718 0.000 9.050
3 16 -14.142 0.000 14.142 -7.046 0.000 7.982 -6.908 0.000 8.537
3 16 -14.142 0.000 14.142 -7.131 0.000 7.396 -7.046 0.000 7.982
3 16 -14.142 0.000 14.142 -7.160 0.000 6.787 -7.131 0.000 7.396
3 16 -14.142 0.000 14.142 -7.133 0.000 6.166 -7.160 0.000 6.787
3 16 -7.133 0.000 6.166 -14.142 0.000 14.142 -8.605 0.000 3.948
3 16 -8.605 0.000 3.948 -7.051 0.000 5.544 -7.133 0.000 6.166
3 16 -14.142 0.000 14.142 -8.950 0.000 4.156 -8.605 0.000 3.948
3 16 -14.142 0.000 14.142 -9.305 0.000 4.314 -8.950 0.000 4.156
3 16 -14.142 0.000 14.142 -9.666 0.000 4.418 -9.305 0.000 4.314
3 16 -14.142 0.000 14.142 -10.026 0.000 4.467 -9.666 0.000 4.418
3 16 -14.142 0.000 14.142 -10.378 0.000 4.461 -10.026 0.000 4.467
3 16 -14.142 0.000 14.142 -10.717 0.000 4.398 -10.378 0.000 4.461
3 16 -14.142 0.000 14.142 -11.037 0.000 4.281 -10.717 0.000 4.398
3 16 -14.142 0.000 14.142 -11.332 0.000 4.112 -11.037 0.000 4.281
3 16 -11.332 0.000 4.112 -14.142 0.000 14.142 -18.478 0.000 7.654
3 16 -18.478 0.000 7.654 -11.598 0.000 3.892 -11.332 0.000 4.112
3 16 -18.478 0.000 7.654 -11.829 0.000 3.626 -11.598 0.000 3.892
3 16 -18.478 0.000 7.654 -12.023 0.000 3.319 -11.829 0.000 3.626
3 16 -18.478 0.000 7.654 -12.175 0.000 2.976 -12.023 0.000 3.319
3 16 -18.478 0.000 7.654 -12.282 0.000 2.602 -12.175 0.000 2.976
3 16 -12.282 0.000 2.602 -18.478 0.000 7.654 -20.000 0.000 0.000
3 16 -20.000 0.000 0.000 -12.344 0.000 2.204 -12.282 0.000 2.602
3 16 -12.344 0.000 2.204 -20.000 0.000 0.000 -12.359 0.000 1.789
3 16 -12.359 0.000 1.789 -20.000 0.000 0.000 -12.327 0.000 1.364
3 16 -12.327 0.000 1.364 -20.000 0.000 0.000 -12.248 0.000 0.936
3 16 -12.248 0.000 0.936 -20.000 0.000 0.000 -12.124 0.000 0.513
3 16 -12.124 0.000 0.513 -20.000 0.000 0.000 -11.956 0.000 0.101
3 16 -11.956 0.000 0.101 -20.000 0.000 0.000 -11.749 0.000 -0.291
3 16 -11.749 0.000 -0.291 -20.000 0.000 0.000 -18.477 0.000 -7.654
3 16 -18.477 0.000 -7.654 -11.504 0.000 -0.659 -11.749 0.000 -0.291
3 16 -11.504 0.000 -0.659 -18.477 0.000 -7.654 -11.227 0.000 -0.994
3 16 -11.227 0.000 -0.994 -18.477 0.000 -7.654 -10.922 0.000 -1.292
3 16 -10.922 0.000 -1.292 -18.477 0.000 -7.654 -10.595 0.000 -1.548
3 16 -10.595 0.000 -1.548 -18.477 0.000 -7.654 -10.250 0.000 -1.756
3 16 -10.250 0.000 -1.756 -18.477 0.000 -7.654 -9.895 0.000 -1.914
3 16 -9.895 0.000 -1.914 -18.477 0.000 -7.654 -7.436 0.000 -5.217
3 16 -7.436 0.000 -5.217 -9.534 0.000 -2.018 -9.895 0.000 -1.914
3 16 -7.436 0.000 -5.217 -18.477 0.000 -7.654 -14.142 0.000 -14.142
3 16 -14.142 0.000 -14.142 -7.500 0.000 -6.000 -7.436 0.000 -5.217
3 16 -7.500 0.000 -6.000 -14.142 0.000 -14.142 -7.654 0.000 -18.478
3 16 -7.654 0.000 -18.478 -7.500 0.000 -9.000 -7.500 0.000 -6.000
3 16 -7.500 0.000 -9.000 -7.654 0.000 -18.478 0.000 0.000 -20.000
3 16 0.000 0.000 -20.000 -4.500 0.000 -9.000 -7.500 0.000 -9.000
3 16 -2.000 0.000 -9.000 -4.500 0.000 -9.000 0.000 0.000 -20.000
3 16 0.000 0.000 -20.000 0.000 0.000 -9.000 -2.121 0.000 -8.293
3 16 -2.121 0.000 -8.293 -2.000 0.000 -9.000 0.000 0.000 -20.000
3 16 -2.121 0.000 -8.293 -2.732 0.000 -8.561 -2.000 0.000 -9.000
3 16 0.000 0.000 20.000 -4.315 0.000 10.859 -3.890 0.000 10.810
3 16 0.000 0.000 20.000 -3.890 0.000 10.810 -3.464 0.000 10.680
3 16 0.000 0.000 20.000 -3.464 0.000 10.680 -3.046 0.000 10.471
3 16 0.000 0.000 20.000 -3.046 0.000 10.471 -2.643 0.000 10.189
3 16 0.000 0.000 20.000 -2.643 0.000 10.189 -2.261 0.000 9.835
3 16 0.000 0.000 20.000 -2.261 0.000 9.835 -1.907 0.000 9.419
3 16 0.000 0.000 20.000 -1.907 0.000 9.419 -1.588 0.000 8.945
3 16 0.000 0.000 20.000 -1.588 0.000 8.945 -1.307 0.000 8.422
3 16 0.000 0.000 20.000 -1.307 0.000 8.422 -1.072 0.000 7.860
3 16 0.000 0.000 20.000 -1.072 0.000 7.860 -0.884 0.000 7.268
3 16 0.000 0.000 20.000 -0.884 0.000 7.268 -0.749 0.000 6.656
3 16 0.000 0.000 20.000 -0.749 0.000 6.656 -0.667 0.000 6.034
3 16 -0.667 0.000 6.034 -0.640 0.000 5.413 0.000 0.000 0.000
3 16 0.000 0.000 0.000 0.000 0.000 20.000 -0.667 0.000 6.034
3 16 -0.640 0.000 5.413 -0.669 0.000 4.804 0.000 0.000 0.000
3 16 -0.669 0.000 4.804 -0.754 0.000 4.218 0.000 0.000 0.000
3 16 -0.754 0.000 4.218 -0.892 0.000 3.663 0.000 0.000 0.000
3 16 -0.892 0.000 3.663 -1.082 0.000 3.150 0.000 0.000 0.000
3 16 -1.082 0.000 3.150 -1.320 0.000 2.688 0.000 0.000 0.000
3 16 -1.320 0.000 2.688 -1.602 0.000 2.284 -0.979 0.000 -0.052
3 16 -0.979 0.000 -0.052 0.000 0.000 0.000 -1.320 0.000 2.688
3 16 -1.602 0.000 2.284 -1.924 0.000 1.945 -0.979 0.000 -0.052
3 16 -1.924 0.000 1.945 -2.279 0.000 1.678 -1.941 0.000 -0.205
3 16 -1.941 0.000 -0.205 -0.979 0.000 -0.052 -1.924 0.000 1.945
3 16 -2.279 0.000 1.678 -2.662 0.000 1.486 -2.870 0.000 -0.457
3 16 -2.870 0.000 -0.457 -1.941 0.000 -0.205 -2.279 0.000 1.678
3 16 -2.662 0.000 1.486 -3.066 0.000 1.373 -2.870 0.000 -0.457
3 16 -3.066 0.000 1.373 -3.485 0.000 1.341 -3.750 0.000 -0.804
3 16 -3.750 0.000 -0.804 -2.870 0.000 -0.457 -3.066 0.000 1.373
3 16 -3.910 0.000 1.390 -3.750 0.000 -0.804 -3.485 0.000 1.341
3 16 -4.336 0.000 1.520 -3.750 0.000 -0.804 -3.910 0.000 1.390
3 16 -4.336 0.000 1.520 -4.754 0.000 1.729 -4.566 0.000 -1.240
3 16 -4.566 0.000 -1.240 -3.750 0.000 -0.804 -4.336 0.000 1.520
3 16 -4.754 0.000 1.729 -5.157 0.000 2.011 -6.841 0.000 0.611
3 16 -6.841 0.000 0.611 -4.566 0.000 -1.240 -4.754 0.000 1.729
3 16 -4.566 0.000 -1.240 -6.841 0.000 0.611 -6.856 0.000 0.196
3 16 -6.856 0.000 0.196 -5.303 0.000 -1.757 -4.566 0.000 -1.240
3 16 -6.856 0.000 0.196 -6.918 0.000 -0.202 -5.303 0.000 -1.757
3 16 -6.918 0.000 -0.202 -7.025 0.000 -0.576 -5.303 0.000 -1.757
3 16 -7.025 0.000 -0.576 -7.177 0.000 -0.919 -5.951 0.000 -2.347
3 16 -5.951 0.000 -2.347 -5.303 0.000 -1.757 -7.025 0.000 -0.576
3 16 -7.177 0.000 -0.919 -7.371 0.000 -1.226 -5.951 0.000 -2.347
3 16 -7.371 0.000 -1.226 -7.602 0.000 -1.492 -6.495 0.000 -3.000
3 16 -6.495 0.000 -3.000 -5.951 0.000 -2.347 -7.371 0.000 -1.226
3 16 -7.602 0.000 -1.492 -7.868 0.000 -1.712 -6.495 0.000 -3.000
3 16 -7.868 0.000 -1.712 -8.163 0.000 -1.881 -6.929 0.000 -3.704
3 16 -6.929 0.000 -3.704 -6.495 0.000 -3.000 -7.868 0.000 -1.712
3 16 -8.163 0.000 -1.881 -8.483 0.000 -1.998 -7.244 0.000 -4.447
3 16 -7.244 0.000 -4.447 -6.929 0.000 -3.704 -8.163 0.000 -1.881
3 16 -8.483 0.000 -1.998 -8.822 0.000 -2.061 -7.244 0.000 -4.447
3 16 -8.822 0.000 -2.061 -9.174 0.000 -2.067 -7.436 0.000 -5.217
3 16 -7.436 0.000 -5.217 -7.244 0.000 -4.447 -8.822 0.000 -2.061
3 16 -9.534 0.000 -2.018 -7.436 0.000 -5.217 -9.174 0.000 -2.067
3 16 -6.841 0.000 0.611 -5.157 0.000 2.011 -5.539 0.000 2.365
3 16 -5.539 0.000 2.365 -6.873 0.000 1.036 -6.841 0.000 0.611
3 16 -6.873 0.000 1.036 -5.539 0.000 2.365 -5.893 0.000 2.781
3 16 -5.893 0.000 2.781 -6.952 0.000 1.464 -6.873 0.000 1.036
3 16 -6.952 0.000 1.464 -5.893 0.000 2.781 -6.212 0.000 3.255
3 16 -6.212 0.000 3.255 -7.076 0.000 1.887 -6.952 0.000 1.464
3 16 -7.076 0.000 1.887 -6.212 0.000 3.255 -6.493 0.000 3.778
3 16 -6.493 0.000 3.778 -7.244 0.000 2.299 -7.076 0.000 1.887
3 16 -7.244 0.000 2.299 -6.493 0.000 3.778 -6.728 0.000 4.340
3 16 -6.728 0.000 4.340 -7.451 0.000 2.691 -7.244 0.000 2.299
3 16 -7.451 0.000 2.691 -6.728 0.000 4.340 -6.916 0.000 4.932
3 16 -6.916 0.000 4.932 -7.696 0.000 3.059 -7.451 0.000 2.691
3 16 -7.696 0.000 3.059 -6.916 0.000 4.932 -7.051 0.000 5.544
3 16 -7.051 0.000 5.544 -7.973 0.000 3.394 -7.696 0.000 3.059
3 16 -7.051 0.000 5.544 -8.278 0.000 3.692 -7.973 0.000 3.394
3 16 -7.051 0.000 5.544 -8.605 0.000 3.948 -8.278 0.000 3.692
3 70 0.000 0.000 -8.000 0.000 0.000 -6.000 -4.500 0.000 -6.000
3 70 -4.500 0.000 -6.000 -3.000 0.000 -8.000 0.000 0.000 -8.000
3 70 -4.500 0.000 -6.000 -4.500 0.000 -7.500 -2.732 0.000 -8.561
3 70 -2.732 0.000 -8.561 -3.000 0.000 -8.000 -4.500 0.000 -6.000
3 70 -3.000 0.000 -8.000 -2.732 0.000 -8.561 -2.121 0.000 -8.293
1 70 -3.9000 0.0000 6.1000 3.1514 0.0000 -0.8335 0.0000 1.0000 0.0000 0.5557 0.0000 4.7271 4-4disc.dat
1 70 -9.6000 0.0000 1.2000 2.3564 0.0000 -1.4369 0.0000 1.0000 0.0000 1.0988 0.0000 3.0814 4-4disc.dat
1 70 0.0000 0.0000 -6.0000 -7.5000 0.0000 0.0000 0.0000 1.0000 0.0000 0.0000 0.0000 6.0000 1-4disc.dat
1 70 0.0000 0.0000 -9.0000 0.0000 0.0000 -3.0000 0.0000 1.0000 0.0000 1.0000 0.0000 0.0000 1-8ndis.dat
1 16 0.0000 0.0000 -9.0000 0.0000 0.0000 -3.0000 0.0000 1.0000 0.0000 1.0000 0.0000 0.0000 1-8disc.dat
1 70 -4.5000 0.0000 -7.5000 0.0000 0.0000 2.5000 0.0000 1.0000 0.0000 -1.5000 0.0000 0.0000 1-8disc.dat
1 16 -4.5000 0.0000 -7.5000 0.0000 0.0000 2.5000 0.0000 1.0000 0.0000 -1.5000 0.0000 0.0000 1-8ndis.dat
1 70 -4.5000 0.0000 -6.0000 -3.0000 0.0000 0.0000 0.0000 1.0000 0.0000 0.0000 0.0000 -3.0000 1-4disc.dat
1 16 -4.5000 0.0000 -6.0000 -3.0000 0.0000 0.0000 0.0000 1.0000 0.0000 0.0000 0.0000 -3.0000 1-4ndis.dat
3 16 4.734 0.000 10.827 7.654 0.000 18.477 0.000 0.000 20.000
3 16 0.000 0.000 20.000 4.315 0.000 10.859 4.734 0.000 10.827
3 16 4.734 0.000 10.827 5.138 0.000 10.714 7.654 0.000 18.477
3 16 5.138 0.000 10.714 5.521 0.000 10.522 7.654 0.000 18.477
3 16 5.521 0.000 10.522 5.876 0.000 10.255 7.654 0.000 18.477
3 16 14.142 0.000 14.142 7.654 0.000 18.477 5.876 0.000 10.255
3 16 5.876 0.000 10.255 6.198 0.000 9.916 14.142 0.000 14.142
3 16 6.198 0.000 9.916 6.480 0.000 9.512 14.142 0.000 14.142
3 16 6.480 0.000 9.512 6.718 0.000 9.050 14.142 0.000 14.142
3 16 6.718 0.000 9.050 6.908 0.000 8.537 14.142 0.000 14.142
3 16 6.908 0.000 8.537 7.046 0.000 7.982 14.142 0.000 14.142
3 16 7.046 0.000 7.982 7.131 0.000 7.396 14.142 0.000 14.142
3 16 7.131 0.000 7.396 7.160 0.000 6.787 14.142 0.000 14.142
3 16 7.160 0.000 6.787 7.133 0.000 6.166 14.142 0.000 14.142
3 16 8.605 0.000 3.948 14.142 0.000 14.142 7.133 0.000 6.166
3 16 7.133 0.000 6.166 7.051 0.000 5.544 8.605 0.000 3.948
3 16 8.605 0.000 3.948 8.950 0.000 4.156 14.142 0.000 14.142
3 16 8.950 0.000 4.156 9.305 0.000 4.314 14.142 0.000 14.142
3 16 9.305 0.000 4.314 9.666 0.000 4.418 14.142 0.000 14.142
3 16 9.666 0.000 4.418 10.026 0.000 4.467 14.142 0.000 14.142
3 16 10.026 0.000 4.467 10.378 0.000 4.461 14.142 0.000 14.142
3 16 10.378 0.000 4.461 10.717 0.000 4.398 14.142 0.000 14.142
3 16 10.717 0.000 4.398 11.037 0.000 4.281 14.142 0.000 14.142
3 16 11.037 0.000 4.281 11.332 0.000 4.112 14.142 0.000 14.142
3 16 18.478 0.000 7.654 14.142 0.000 14.142 11.332 0.000 4.112
3 16 11.332 0.000 4.112 11.598 0.000 3.892 18.478 0.000 7.654
3 16 11.598 0.000 3.892 11.829 0.000 3.626 18.478 0.000 7.654
3 16 11.829 0.000 3.626 12.023 0.000 3.319 18.478 0.000 7.654
3 16 12.023 0.000 3.319 12.175 0.000 2.976 18.478 0.000 7.654
3 16 12.175 0.000 2.976 12.282 0.000 2.602 18.478 0.000 7.654
3 16 20.000 0.000 0.000 18.478 0.000 7.654 12.282 0.000 2.602
3 16 12.282 0.000 2.602 12.344 0.000 2.204 20.000 0.000 0.000
3 16 12.359 0.000 1.789 20.000 0.000 0.000 12.344 0.000 2.204
3 16 12.327 0.000 1.364 20.000 0.000 0.000 12.359 0.000 1.789
3 16 12.248 0.000 0.936 20.000 0.000 0.000 12.327 0.000 1.364
3 16 12.124 0.000 0.513 20.000 0.000 0.000 12.248 0.000 0.936
3 16 11.956 0.000 0.101 20.000 0.000 0.000 12.124 0.000 0.513
3 16 11.749 0.000 -0.291 20.000 0.000 0.000 11.956 0.000 0.101
3 16 18.477 0.000 -7.654 20.000 0.000 0.000 11.749 0.000 -0.291
3 16 11.749 0.000 -0.291 11.504 0.000 -0.659 18.477 0.000 -7.654
3 16 11.227 0.000 -0.994 18.477 0.000 -7.654 11.504 0.000 -0.659
3 16 10.922 0.000 -1.292 18.477 0.000 -7.654 11.227 0.000 -0.994
3 16 10.595 0.000 -1.548 18.477 0.000 -7.654 10.922 0.000 -1.292
3 16 10.250 0.000 -1.756 18.477 0.000 -7.654 10.595 0.000 -1.548
3 16 9.895 0.000 -1.914 18.477 0.000 -7.654 10.250 0.000 -1.756
3 16 7.436 0.000 -5.217 18.477 0.000 -7.654 9.895 0.000 -1.914
3 16 9.895 0.000 -1.914 9.534 0.000 -2.018 7.436 0.000 -5.217
3 16 14.142 0.000 -14.142 18.477 0.000 -7.654 7.436 0.000 -5.217
3 16 7.436 0.000 -5.217 7.500 0.000 -6.000 14.142 0.000 -14.142
3 16 7.654 0.000 -18.478 14.142 0.000 -14.142 7.500 0.000 -6.000
3 16 7.500 0.000 -6.000 7.500 0.000 -9.000 7.654 0.000 -18.478
3 16 0.000 0.000 -20.000 7.654 0.000 -18.478 7.500 0.000 -9.000
3 16 7.500 0.000 -9.000 4.500 0.000 -9.000 0.000 0.000 -20.000
3 16 0.000 0.000 -20.000 4.500 0.000 -9.000 2.000 0.000 -9.000
3 16 2.121 0.000 -8.293 0.000 0.000 -9.000 0.000 0.000 -20.000
3 16 0.000 0.000 -20.000 2.000 0.000 -9.000 2.121 0.000 -8.293
3 16 2.000 0.000 -9.000 2.732 0.000 -8.561 2.121 0.000 -8.293
3 16 3.890 0.000 10.810 4.315 0.000 10.859 0.000 0.000 20.000
3 16 3.464 0.000 10.680 3.890 0.000 10.810 0.000 0.000 20.000
3 16 3.046 0.000 10.471 3.464 0.000 10.680 0.000 0.000 20.000
3 16 2.643 0.000 10.189 3.046 0.000 10.471 0.000 0.000 20.000
3 16 2.261 0.000 9.835 2.643 0.000 10.189 0.000 0.000 20.000
3 16 1.907 0.000 9.419 2.261 0.000 9.835 0.000 0.000 20.000
3 16 1.588 0.000 8.945 1.907 0.000 9.419 0.000 0.000 20.000
3 16 1.307 0.000 8.422 1.588 0.000 8.945 0.000 0.000 20.000
3 16 1.072 0.000 7.860 1.307 0.000 8.422 0.000 0.000 20.000
3 16 0.884 0.000 7.268 1.072 0.000 7.860 0.000 0.000 20.000
3 16 0.749 0.000 6.656 0.884 0.000 7.268 0.000 0.000 20.000
3 16 0.667 0.000 6.034 0.749 0.000 6.656 0.000 0.000 20.000
3 16 0.000 0.000 0.000 0.640 0.000 5.413 0.667 0.000 6.034
3 16 0.667 0.000 6.034 0.000 0.000 20.000 0.000 0.000 0.000
3 16 0.000 0.000 0.000 0.669 0.000 4.804 0.640 0.000 5.413
3 16 0.000 0.000 0.000 0.754 0.000 4.218 0.669 0.000 4.804
3 16 0.000 0.000 0.000 0.892 0.000 3.663 0.754 0.000 4.218
3 16 0.000 0.000 0.000 1.082 0.000 3.150 0.892 0.000 3.663
3 16 0.000 0.000 0.000 1.320 0.000 2.688 1.082 0.000 3.150
3 16 0.979 0.000 -0.052 1.602 0.000 2.284 1.320 0.000 2.688
3 16 1.320 0.000 2.688 0.000 0.000 0.000 0.979 0.000 -0.052
3 16 0.979 0.000 -0.052 1.924 0.000 1.945 1.602 0.000 2.284
3 16 1.941 0.000 -0.205 2.279 0.000 1.678 1.924 0.000 1.945
3 16 1.924 0.000 1.945 0.979 0.000 -0.052 1.941 0.000 -0.205
3 16 2.870 0.000 -0.457 2.662 0.000 1.486 2.279 0.000 1.678
3 16 2.279 0.000 1.678 1.941 0.000 -0.205 2.870 0.000 -0.457
3 16 2.870 0.000 -0.457 3.066 0.000 1.373 2.662 0.000 1.486
3 16 3.750 0.000 -0.804 3.485 0.000 1.341 3.066 0.000 1.373
3 16 3.066 0.000 1.373 2.870 0.000 -0.457 3.750 0.000 -0.804
3 16 3.485 0.000 1.341 3.750 0.000 -0.804 3.910 0.000 1.390
3 16 3.910 0.000 1.390 3.750 0.000 -0.804 4.336 0.000 1.520
3 16 4.566 0.000 -1.240 4.754 0.000 1.729 4.336 0.000 1.520
3 16 4.336 0.000 1.520 3.750 0.000 -0.804 4.566 0.000 -1.240
3 16 6.841 0.000 0.611 5.157 0.000 2.011 4.754 0.000 1.729
3 16 4.754 0.000 1.729 4.566 0.000 -1.240 6.841 0.000 0.611
3 16 6.856 0.000 0.196 6.841 0.000 0.611 4.566 0.000 -1.240
3 16 4.566 0.000 -1.240 5.303 0.000 -1.757 6.856 0.000 0.196
3 16 5.303 0.000 -1.757 6.918 0.000 -0.202 6.856 0.000 0.196
3 16 5.303 0.000 -1.757 7.025 0.000 -0.576 6.918 0.000 -0.202
3 16 5.951 0.000 -2.347 7.177 0.000 -0.919 7.025 0.000 -0.576
3 16 7.025 0.000 -0.576 5.303 0.000 -1.757 5.951 0.000 -2.347
3 16 5.951 0.000 -2.347 7.371 0.000 -1.226 7.177 0.000 -0.919
3 16 6.495 0.000 -3.000 7.602 0.000 -1.492 7.371 0.000 -1.226
3 16 7.371 0.000 -1.226 5.951 0.000 -2.347 6.495 0.000 -3.000
3 16 6.495 0.000 -3.000 7.868 0.000 -1.712 7.602 0.000 -1.492
3 16 6.929 0.000 -3.704 8.163 0.000 -1.881 7.868 0.000 -1.712
3 16 7.868 0.000 -1.712 6.495 0.000 -3.000 6.929 0.000 -3.704
3 16 7.244 0.000 -4.447 8.483 0.000 -1.998 8.163 0.000 -1.881
3 16 8.163 0.000 -1.881 6.929 0.000 -3.704 7.244 0.000 -4.447
3 16 7.244 0.000 -4.447 8.822 0.000 -2.061 8.483 0.000 -1.998
3 16 7.436 0.000 -5.217 9.174 0.000 -2.067 8.822 0.000 -2.061
3 16 8.822 0.000 -2.061 7.244 0.000 -4.447 7.436 0.000 -5.217
3 16 9.174 0.000 -2.067 7.436 0.000 -5.217 9.534 0.000 -2.018
3 16 5.539 0.000 2.365 5.157 0.000 2.011 6.841 0.000 0.611
3 16 6.841 0.000 0.611 6.873 0.000 1.036 5.539 0.000 2.365
3 16 5.893 0.000 2.781 5.539 0.000 2.365 6.873 0.000 1.036
3 16 6.873 0.000 1.036 6.952 0.000 1.464 5.893 0.000 2.781
3 16 6.212 0.000 3.255 5.893 0.000 2.781 6.952 0.000 1.464
3 16 6.952 0.000 1.464 7.076 0.000 1.887 6.212 0.000 3.255
3 16 6.493 0.000 3.778 6.212 0.000 3.255 7.076 0.000 1.887
3 16 7.076 0.000 1.887 7.244 0.000 2.299 6.493 0.000 3.778
3 16 6.728 0.000 4.340 6.493 0.000 3.778 7.244 0.000 2.299
3 16 7.244 0.000 2.299 7.451 0.000 2.691 6.728 0.000 4.340
3 16 6.916 0.000 4.932 6.728 0.000 4.340 7.451 0.000 2.691
3 16 7.451 0.000 2.691 7.696 0.000 3.059 6.916 0.000 4.932
3 16 7.051 0.000 5.544 6.916 0.000 4.932 7.696 0.000 3.059
3 16 7.696 0.000 3.059 7.973 0.000 3.394 7.051 0.000 5.544
3 16 7.973 0.000 3.394 8.278 0.000 3.692 7.051 0.000 5.544
3 16 8.278 0.000 3.692 8.605 0.000 3.948 7.051 0.000 5.544
3 70 4.500 0.000 -6.000 0.000 0.000 -6.000 0.000 0.000 -8.000
3 70 0.000 0.000 -8.000 3.000 0.000 -8.000 4.500 0.000 -6.000
3 70 2.732 0.000 -8.561 4.500 0.000 -7.500 4.500 0.000 -6.000
3 70 4.500 0.000 -6.000 3.000 0.000 -8.000 2.732 0.000 -8.561
3 70 2.121 0.000 -8.293 2.732 0.000 -8.561 3.000 0.000 -8.000
1 70 3.9000 0.0000 6.1000 -3.1514 0.0000 0.8335 0.0000 1.0000 0.0000 0.5557 0.0000 4.7271 4-4disc.dat
1 70 9.6000 0.0000 1.2000 -2.3564 0.0000 1.4369 0.0000 1.0000 0.0000 1.0988 0.0000 3.0814 4-4disc.dat
1 70 0.0000 0.0000 -6.0000 7.5000 0.0000 0.0000 0.0000 1.0000 0.0000 0.0000 0.0000 6.0000 1-4disc.dat
1 70 0.0000 0.0000 -9.0000 0.0000 0.0000 3.0000 0.0000 1.0000 0.0000 1.0000 0.0000 0.0000 1-8ndis.dat
1 16 0.0000 0.0000 -9.0000 0.0000 0.0000 3.0000 0.0000 1.0000 0.0000 1.0000 0.0000 0.0000 1-8disc.dat
1 70 4.5000 0.0000 -7.5000 0.0000 0.0000 -2.5000 0.0000 1.0000 0.0000 -1.5000 0.0000 0.0000 1-8disc.dat
1 16 4.5000 0.0000 -7.5000 0.0000 0.0000 -2.5000 0.0000 1.0000 0.0000 -1.5000 0.0000 0.0000 1-8ndis.dat
1 70 4.5000 0.0000 -6.0000 3.0000 0.0000 0.0000 0.0000 1.0000 0.0000 0.0000 0.0000 -3.0000 1-4disc.dat
1 16 4.5000 0.0000 -6.0000 3.0000 0.0000 0.0000 0.0000 1.0000 0.0000 0.0000 0.0000 -3.0000 1-4ndis.dat
