0 FILE 16709p0g.dat
0 Legs Short with Molded Horizontal Yellow Stripes and White Toes Pattern
0 Name:  16709p0g.dat
0 Author:  
0 BL_Item_No 41879pb012
0 BFC CERTIFY CCW
3 16 -18.000 0.000 10.000 18.000 0.000 10.000 1.000 6.000 10.000
3 16 1.000 6.000 10.000 -1.000 6.000 10.000 -18.000 0.000 10.000
3 16 1.000 10.000 10.000 1.000 6.000 10.000 18.000 0.000 10.000
3 16 18.000 0.000 10.000 18.417 10.000 10.000 1.000 10.000 10.000
3 16 -1.000 10.000 10.000 -18.417 10.000 10.000 -18.000 0.000 10.000
3 16 -18.000 0.000 10.000 -1.000 6.000 10.000 -1.000 10.000 10.000
3 16 18.667 16.000 10.000 18.666 16.000 -4.000 19.000 24.000 10.000
3 16 19.000 24.000 -10.000 19.000 24.000 10.000 18.666 16.000 -4.000
3 16 18.666 16.000 -4.000 18.666 16.000 -10.000 19.000 24.000 -10.000
3 16 -18.667 16.000 10.000 -19.000 24.000 10.000 -18.667 16.000 -4.000
3 16 -18.667 16.000 -4.000 -19.000 24.000 10.000 -19.000 24.000 -10.000
3 16 -19.000 24.000 -10.000 -18.667 16.000 -10.000 -18.667 16.000 -4.000
3 16 10.000 18.500 -10.000 18.666 16.000 -10.000 1.000 16.000 -10.000
3 16 1.000 16.000 -10.000 2.500 18.500 -10.000 10.000 18.500 -10.000
3 16 18.666 16.000 -10.000 10.000 18.500 -10.000 17.500 18.500 -10.000
3 16 18.666 16.000 -10.000 17.500 18.500 -10.000 17.500 22.500 -10.000
3 16 17.500 22.500 -10.000 19.000 24.000 -10.000 18.666 16.000 -10.000
3 16 19.000 24.000 -10.000 17.500 22.500 -10.000 17.500 23.000 -10.000
3 16 10.000 23.000 -10.000 1.000 24.000 -10.000 19.000 24.000 -10.000
3 16 19.000 24.000 -10.000 17.500 23.000 -10.000 10.000 23.000 -10.000
3 16 1.000 24.000 -10.000 10.000 23.000 -10.000 2.500 23.000 -10.000
3 16 2.500 22.500 -10.000 1.000 16.000 -10.000 1.000 24.000 -10.000
3 16 1.000 24.000 -10.000 2.500 23.000 -10.000 2.500 22.500 -10.000
3 16 1.000 16.000 -10.000 2.500 22.500 -10.000 2.500 18.500 -10.000
3 16 -10.000 18.500 -10.000 -2.500 18.500 -10.000 -1.000 16.000 -10.000
3 16 -1.000 16.000 -10.000 -18.666 16.000 -10.000 -10.000 18.500 -10.000
3 16 -10.000 18.500 -10.000 -18.666 16.000 -10.000 -17.500 18.500 -10.000
3 16 -18.666 16.000 -10.000 -19.000 24.000 -10.000 -17.500 22.500 -10.000
3 16 -17.500 22.500 -10.000 -17.500 18.500 -10.000 -18.666 16.000 -10.000
3 16 -17.500 22.500 -10.000 -19.000 24.000 -10.000 -17.500 23.000 -10.000
3 16 -10.000 23.000 -10.000 -17.500 23.000 -10.000 -19.000 24.000 -10.000
3 16 -19.000 24.000 -10.000 -1.000 24.000 -10.000 -10.000 23.000 -10.000
3 16 -10.000 23.000 -10.000 -1.000 24.000 -10.000 -2.500 23.000 -10.000
3 16 -2.500 22.500 -10.000 -2.500 23.000 -10.000 -1.000 24.000 -10.000
3 16 -1.000 24.000 -10.000 -1.000 16.000 -10.000 -2.500 22.500 -10.000
3 16 -2.500 22.500 -10.000 -1.000 16.000 -10.000 -2.500 18.500 -10.000
1 16 0.0000 0.0000 0.0000 1.0000 0.0000 0.0000 0.0000 1.0000 0.0000 0.0000 0.0000 1.0000 s/16709s03.dat
1 14 0.0000 0.0000 0.0000 1.0000 0.0000 0.0000 0.0000 1.0000 0.0000 0.0000 0.0000 1.0000 s/16709s02.dat
1 16 10.0000 22.5000 -10.0000 -7.5000 0.0000 0.0000 0.0000 0.0000 -4.0000 0.0000 1.0000 0.0000 2-4ndis.dat
1 15 10.0000 22.5000 -10.0000 -7.5000 0.0000 0.0000 0.0000 0.0000 -4.0000 0.0000 1.0000 0.0000 2-4chrd.dat
1 15 10.0000 22.5000 -10.0000 -7.5000 0.0000 0.0000 0.0000 0.0000 0.5000 0.0000 1.0000 0.0000 2-4chrd.dat
1 16 10.0000 22.5000 -10.0000 -7.5000 0.0000 0.0000 0.0000 0.0000 0.5000 0.0000 1.0000 0.0000 2-4ndis.dat
1 16 -10.0000 22.5000 -10.0000 -7.5000 0.0000 0.0000 0.0000 0.0000 -4.0000 0.0000 1.0000 0.0000 2-4ndis.dat
1 15 -10.0000 22.5000 -10.0000 -7.5000 0.0000 0.0000 0.0000 0.0000 -4.0000 0.0000 1.0000 0.0000 2-4chrd.dat
1 15 -10.0000 22.5000 -10.0000 -7.5000 0.0000 0.0000 0.0000 0.0000 0.5000 0.0000 1.0000 0.0000 2-4chrd.dat
1 16 -10.0000 22.5000 -10.0000 -7.5000 0.0000 0.0000 0.0000 0.0000 0.5000 0.0000 1.0000 0.0000 2-4ndis.dat
