0 FILE 18603c02p1h.dat
0 Dimensions Toy Tag 4 x 4 x 2/3 with 2 Studs and Trans-Light Blue Bottom with Medium Blue Circle and Black Armor Panels on Silver Background Pattern (Cyberman)
0 Name:  18603c02p1h.dat
0 Author:  
0 BL_Item_No 18605c01pb24
0 BFC CERTIFY CCW
1 16 0.0000 8.0000 0.0000 1.0000 0.0000 0.0000 0.0000 1.0000 0.0000 0.0000 0.0000 1.0000 18603.dat
1 47 0.0000 11.0000 0.0000 1.0000 0.0000 0.0000 0.0000 1.0000 0.0000 0.0000 0.0000 1.0000 u9512.dat
1 16 0.0000 0.0000 0.0000 1.0000 0.0000 0.0000 0.0000 1.0000 0.0000 0.0000 0.0000 1.0000 s/18605s01.dat
3 16 -36.290 0.000 4.780 -39.660 0.000 5.220 -40.000 0.000 0.000
3 16 -40.000 0.000 0.000 -36.600 0.000 0.000 -36.290 0.000 4.780
3 16 0.000 0.000 36.600 0.000 0.000 40.000 -5.220 0.000 39.660
3 16 -5.220 0.000 39.660 -4.780 0.000 36.290 0.000 0.000 36.600
3 16 -4.780 0.000 36.290 -5.220 0.000 39.660 -10.350 0.000 38.640
3 16 -10.350 0.000 38.640 -9.470 0.000 35.350 -4.780 0.000 36.290
3 16 -9.470 0.000 35.350 -10.350 0.000 38.640 -15.310 0.000 36.960
3 16 -15.310 0.000 36.960 -14.010 0.000 33.810 -9.470 0.000 35.350
3 16 -14.010 0.000 33.810 -15.310 0.000 36.960 -20.000 0.000 34.640
3 16 -20.000 0.000 34.640 -18.300 0.000 31.700 -14.010 0.000 33.810
3 16 -18.300 0.000 31.700 -20.000 0.000 34.640 -24.350 0.000 31.730
3 16 -24.350 0.000 31.730 -22.280 0.000 29.040 -18.300 0.000 31.700
3 16 -22.280 0.000 29.040 -24.350 0.000 31.730 -28.280 0.000 28.280
3 16 -28.280 0.000 28.280 -25.880 0.000 25.880 -22.280 0.000 29.040
3 16 -25.880 0.000 25.880 -28.280 0.000 28.280 -31.730 0.000 24.350
3 16 -31.730 0.000 24.350 -29.040 0.000 22.280 -25.880 0.000 25.880
3 16 -34.640 0.000 20.000 -36.960 0.000 15.310 -33.810 0.000 14.010
3 16 -33.810 0.000 14.010 -31.700 0.000 18.300 -34.640 0.000 20.000
3 16 -35.350 0.000 9.470 -33.810 0.000 14.010 -36.960 0.000 15.310
3 16 -36.960 0.000 15.310 -38.640 0.000 10.350 -35.350 0.000 9.470
3 16 -38.640 0.000 10.350 -39.660 0.000 5.220 -36.290 0.000 4.780
3 16 -36.290 0.000 4.780 -35.350 0.000 9.470 -38.640 0.000 10.350
3 16 -29.040 0.000 22.280 -31.730 0.000 24.350 -31.010 0.000 19.320
3 16 -31.700 0.000 18.300 -31.010 0.000 19.320 -31.730 0.000 24.350
3 16 -31.730 0.000 24.350 -34.640 0.000 20.000 -31.700 0.000 18.300
3 16 34.640 0.000 20.000 31.700 0.000 18.300 33.810 0.000 14.010
3 16 33.810 0.000 14.010 36.960 0.000 15.310 34.640 0.000 20.000
3 16 31.730 0.000 24.350 31.010 0.000 19.320 31.700 0.000 18.300
3 16 31.700 0.000 18.300 34.640 0.000 20.000 31.730 0.000 24.350
3 16 36.960 0.000 15.310 33.810 0.000 14.010 35.350 0.000 9.470
3 16 35.350 0.000 9.470 38.640 0.000 10.350 36.960 0.000 15.310
3 16 29.040 0.000 22.280 31.010 0.000 19.320 31.730 0.000 24.350
3 16 36.290 0.000 4.780 39.660 0.000 5.220 38.640 0.000 10.350
3 16 38.640 0.000 10.350 35.350 0.000 9.470 36.290 0.000 4.780
3 16 25.880 0.000 25.880 28.280 0.000 28.280 24.350 0.000 31.730
3 16 24.350 0.000 31.730 22.280 0.000 29.040 25.880 0.000 25.880
3 16 28.280 0.000 28.280 25.880 0.000 25.880 29.040 0.000 22.280
3 16 29.040 0.000 22.280 31.730 0.000 24.350 28.280 0.000 28.280
3 16 36.600 0.000 0.000 40.000 0.000 0.000 39.660 0.000 5.220
3 16 39.660 0.000 5.220 36.290 0.000 4.780 36.600 0.000 0.000
3 16 39.660 0.000 -5.220 40.000 0.000 0.000 36.600 0.000 0.000
3 16 36.600 0.000 0.000 36.290 0.000 -4.780 39.660 0.000 -5.220
3 16 22.280 0.000 29.040 24.350 0.000 31.730 20.000 0.000 34.640
3 16 20.000 0.000 34.640 18.300 0.000 31.700 22.280 0.000 29.040
3 16 18.300 0.000 31.700 20.000 0.000 34.640 15.310 0.000 36.960
3 16 15.310 0.000 36.960 14.010 0.000 33.810 18.300 0.000 31.700
3 16 14.010 0.000 33.810 15.310 0.000 36.960 10.350 0.000 38.640
3 16 10.350 0.000 38.640 9.470 0.000 35.350 14.010 0.000 33.810
3 16 4.780 0.000 36.290 5.220 0.000 39.660 0.000 0.000 40.000
3 16 0.000 0.000 40.000 0.000 0.000 36.600 4.780 0.000 36.290
3 16 5.220 0.000 39.660 4.780 0.000 36.290 9.470 0.000 35.350
3 16 9.470 0.000 35.350 10.350 0.000 38.640 5.220 0.000 39.660
3 16 -31.700 0.000 -18.300 -34.640 0.000 -20.000 -31.730 0.000 -24.350
3 16 -31.730 0.000 -24.350 -31.010 0.000 -19.320 -31.700 0.000 -18.300
3 16 -33.810 0.000 -14.010 -36.960 0.000 -15.310 -34.640 0.000 -20.000
3 16 -34.640 0.000 -20.000 -31.700 0.000 -18.300 -33.810 0.000 -14.010
3 16 -36.960 0.000 -15.310 -33.810 0.000 -14.010 -35.350 0.000 -9.470
3 16 -35.350 0.000 -9.470 -38.640 0.000 -10.350 -36.960 0.000 -15.310
3 16 -29.040 0.000 -22.280 -31.730 0.000 -24.350 -28.280 0.000 -28.280
3 16 -28.280 0.000 -28.280 -25.880 0.000 -25.880 -29.040 0.000 -22.280
3 16 -29.040 0.000 -22.280 -31.010 0.000 -19.320 -31.730 0.000 -24.350
3 16 -38.640 0.000 -10.350 -35.350 0.000 -9.470 -36.290 0.000 -4.780
3 16 -36.290 0.000 -4.780 -39.660 0.000 -5.220 -38.640 0.000 -10.350
3 16 -25.880 0.000 -25.880 -28.280 0.000 -28.280 -24.350 0.000 -31.730
3 16 -24.350 0.000 -31.730 -22.280 0.000 -29.040 -25.880 0.000 -25.880
3 16 -36.600 0.000 0.000 -40.000 0.000 0.000 -39.660 0.000 -5.220
3 16 -39.660 0.000 -5.220 -36.290 0.000 -4.780 -36.600 0.000 0.000
3 16 -22.280 0.000 -29.040 -24.350 0.000 -31.730 -20.000 0.000 -34.640
3 16 -20.000 0.000 -34.640 -18.300 0.000 -31.700 -22.280 0.000 -29.040
3 16 -18.300 0.000 -31.700 -20.000 0.000 -34.640 -15.310 0.000 -36.960
3 16 -15.310 0.000 -36.960 -14.010 0.000 -33.810 -18.300 0.000 -31.700
3 16 -14.010 0.000 -33.810 -15.310 0.000 -36.960 -10.350 0.000 -38.640
3 16 -10.350 0.000 -38.640 -9.470 0.000 -35.350 -14.010 0.000 -33.810
3 16 -5.220 0.000 -39.660 -4.780 0.000 -36.290 -9.470 0.000 -35.350
3 16 -9.470 0.000 -35.350 -10.350 0.000 -38.640 -5.220 0.000 -39.660
3 16 0.000 0.000 -40.000 0.000 0.000 -36.600 -4.780 0.000 -36.290
3 16 -4.780 0.000 -36.290 -5.220 0.000 -39.660 0.000 0.000 -40.000
3 16 5.220 0.000 -39.660 4.780 0.000 -36.290 0.000 0.000 -36.600
3 16 0.000 0.000 -36.600 0.000 0.000 -40.000 5.220 0.000 -39.660
3 16 10.350 0.000 -38.640 9.470 0.000 -35.350 4.780 0.000 -36.290
3 16 4.780 0.000 -36.290 5.220 0.000 -39.660 10.350 0.000 -38.640
3 16 15.310 0.000 -36.960 14.010 0.000 -33.810 9.470 0.000 -35.350
3 16 9.470 0.000 -35.350 10.350 0.000 -38.640 15.310 0.000 -36.960
3 16 20.000 0.000 -34.640 18.300 0.000 -31.700 14.010 0.000 -33.810
3 16 14.010 0.000 -33.810 15.310 0.000 -36.960 20.000 0.000 -34.640
3 16 24.350 0.000 -31.730 22.280 0.000 -29.040 18.300 0.000 -31.700
3 16 18.300 0.000 -31.700 20.000 0.000 -34.640 24.350 0.000 -31.730
3 16 28.280 0.000 -28.280 25.880 0.000 -25.880 22.280 0.000 -29.040
3 16 22.280 0.000 -29.040 24.350 0.000 -31.730 28.280 0.000 -28.280
3 16 31.730 0.000 -24.350 29.040 0.000 -22.280 25.880 0.000 -25.880
3 16 25.880 0.000 -25.880 28.280 0.000 -28.280 31.730 0.000 -24.350
3 16 34.640 0.000 -20.000 31.700 0.000 -18.300 31.010 0.000 -19.320
3 16 31.010 0.000 -19.320 31.730 0.000 -24.350 34.640 0.000 -20.000
3 16 29.040 0.000 -22.280 31.730 0.000 -24.350 31.010 0.000 -19.320
3 16 31.700 0.000 -18.300 34.640 0.000 -20.000 36.960 0.000 -15.310
3 16 36.960 0.000 -15.310 33.810 0.000 -14.010 31.700 0.000 -18.300
3 16 33.810 0.000 -14.010 36.960 0.000 -15.310 38.640 0.000 -10.350
3 16 38.640 0.000 -10.350 35.350 0.000 -9.470 33.810 0.000 -14.010
3 16 35.350 0.000 -9.470 38.640 0.000 -10.350 39.660 0.000 -5.220
3 16 39.660 0.000 -5.220 36.290 0.000 -4.780 35.350 0.000 -9.470
3 16 -24.700 0.000 13.000 -22.250 0.000 15.500 -29.040 0.000 22.280
3 16 -29.040 0.000 22.280 -31.010 0.000 19.320 -24.700 0.000 13.000
3 16 -22.250 0.000 15.500 -24.700 0.000 13.000 -24.700 0.000 -13.000
3 16 -24.700 0.000 -13.000 -22.250 0.000 -15.500 -22.250 0.000 15.500
3 16 -22.250 0.000 -15.500 -24.700 0.000 -13.000 -31.010 0.000 -19.320
3 16 -31.010 0.000 -19.320 -29.040 0.000 -22.280 -22.250 0.000 -15.500
3 16 -22.250 0.000 15.500 -22.250 0.000 -15.500 22.250 0.000 -15.500
3 16 22.250 0.000 -15.500 22.250 0.000 15.500 -22.250 0.000 15.500
3 16 22.250 0.000 -15.500 24.700 0.000 -13.000 24.700 0.000 13.000
3 16 24.700 0.000 13.000 22.250 0.000 15.500 22.250 0.000 -15.500
3 16 22.250 0.000 15.500 24.700 0.000 13.000 31.010 0.000 19.320
3 16 31.010 0.000 19.320 29.040 0.000 22.280 22.250 0.000 15.500
3 16 24.700 0.000 -13.000 22.250 0.000 -15.500 29.040 0.000 -22.280
3 16 29.040 0.000 -22.280 31.010 0.000 -19.320 24.700 0.000 -13.000
3 0 0.000 0.000 35.040 0.000 0.000 36.600 -4.780 0.000 36.290
3 0 -4.780 0.000 36.290 -4.570 0.000 34.740 0.000 0.000 35.040
3 0 -4.570 0.000 34.740 -4.780 0.000 36.290 -9.470 0.000 35.350
3 0 -9.470 0.000 35.350 -9.070 0.000 33.850 -4.570 0.000 34.740
3 0 -9.070 0.000 33.850 -9.470 0.000 35.350 -14.010 0.000 33.810
3 0 -14.010 0.000 33.810 -13.410 0.000 32.380 -9.070 0.000 33.850
3 0 -13.410 0.000 32.380 -14.010 0.000 33.810 -18.300 0.000 31.700
3 0 -18.300 0.000 31.700 -17.520 0.000 30.350 -13.410 0.000 32.380
3 0 -17.520 0.000 30.350 -18.300 0.000 31.700 -22.280 0.000 29.040
3 0 -22.280 0.000 29.040 -21.330 0.000 27.800 -17.520 0.000 30.350
3 0 -21.330 0.000 27.800 -22.280 0.000 29.040 -25.880 0.000 25.880
3 0 -25.880 0.000 25.880 -24.780 0.000 24.780 -21.330 0.000 27.800
3 0 -29.040 0.000 22.280 -26.950 0.000 22.300 -24.780 0.000 24.780
3 0 -24.780 0.000 24.780 -25.880 0.000 25.880 -29.040 0.000 22.280
3 0 -29.040 0.000 22.280 -22.250 0.000 15.500 -21.650 0.000 16.750
3 0 -21.650 0.000 16.750 -26.950 0.000 22.300 -29.040 0.000 22.280
3 0 29.040 0.000 22.280 25.880 0.000 25.880 24.780 0.000 24.780
3 0 24.780 0.000 24.780 26.950 0.000 22.300 29.040 0.000 22.280
3 0 29.040 0.000 22.280 26.950 0.000 22.300 21.650 0.000 16.750
3 0 21.650 0.000 16.750 22.250 0.000 15.500 29.040 0.000 22.280
3 0 25.880 0.000 25.880 22.280 0.000 29.040 21.330 0.000 27.800
3 0 21.330 0.000 27.800 24.780 0.000 24.780 25.880 0.000 25.880
3 0 22.280 0.000 29.040 18.300 0.000 31.700 17.520 0.000 30.350
3 0 17.520 0.000 30.350 21.330 0.000 27.800 22.280 0.000 29.040
3 0 18.300 0.000 31.700 14.010 0.000 33.810 13.410 0.000 32.380
3 0 13.410 0.000 32.380 17.520 0.000 30.350 18.300 0.000 31.700
3 0 14.010 0.000 33.810 9.470 0.000 35.350 9.070 0.000 33.850
3 0 9.070 0.000 33.850 13.410 0.000 32.380 14.010 0.000 33.810
3 0 9.470 0.000 35.350 4.780 0.000 36.290 4.570 0.000 34.740
3 0 4.570 0.000 34.740 9.070 0.000 33.850 9.470 0.000 35.350
3 0 4.780 0.000 36.290 0.000 0.000 36.600 0.000 0.000 35.040
3 0 0.000 0.000 35.040 4.570 0.000 34.740 4.780 0.000 36.290
3 0 -29.040 0.000 -22.280 -25.880 0.000 -25.880 -24.780 0.000 -24.780
3 0 -24.780 0.000 -24.780 -26.950 0.000 -22.300 -29.040 0.000 -22.280
3 0 -29.040 0.000 -22.280 -26.950 0.000 -22.300 -21.650 0.000 -16.750
3 0 -21.650 0.000 -16.750 -22.250 0.000 -15.500 -29.040 0.000 -22.280
3 0 -25.880 0.000 -25.880 -22.280 0.000 -29.040 -21.330 0.000 -27.800
3 0 -21.330 0.000 -27.800 -24.780 0.000 -24.780 -25.880 0.000 -25.880
3 0 -22.280 0.000 -29.040 -18.300 0.000 -31.700 -17.520 0.000 -30.350
3 0 -17.520 0.000 -30.350 -21.330 0.000 -27.800 -22.280 0.000 -29.040
3 0 -18.300 0.000 -31.700 -14.010 0.000 -33.810 -13.410 0.000 -32.380
3 0 -13.410 0.000 -32.380 -17.520 0.000 -30.350 -18.300 0.000 -31.700
3 0 -14.010 0.000 -33.810 -9.470 0.000 -35.350 -9.070 0.000 -33.850
3 0 -9.070 0.000 -33.850 -13.410 0.000 -32.380 -14.010 0.000 -33.810
3 0 -9.470 0.000 -35.350 -4.780 0.000 -36.290 -4.570 0.000 -34.740
3 0 -4.570 0.000 -34.740 -9.070 0.000 -33.850 -9.470 0.000 -35.350
3 0 -4.780 0.000 -36.290 0.000 0.000 -36.600 0.000 0.000 -35.040
3 0 0.000 0.000 -35.040 -4.570 0.000 -34.740 -4.780 0.000 -36.290
3 0 4.780 0.000 -36.290 4.570 0.000 -34.740 0.000 0.000 -35.040
3 0 0.000 0.000 -35.040 0.000 0.000 -36.600 4.780 0.000 -36.290
3 0 9.470 0.000 -35.350 9.070 0.000 -33.850 4.570 0.000 -34.740
3 0 4.570 0.000 -34.740 4.780 0.000 -36.290 9.470 0.000 -35.350
3 0 14.010 0.000 -33.810 13.410 0.000 -32.380 9.070 0.000 -33.850
3 0 9.070 0.000 -33.850 9.470 0.000 -35.350 14.010 0.000 -33.810
3 0 18.300 0.000 -31.700 17.520 0.000 -30.350 13.410 0.000 -32.380
3 0 13.410 0.000 -32.380 14.010 0.000 -33.810 18.300 0.000 -31.700
3 0 22.280 0.000 -29.040 21.330 0.000 -27.800 17.520 0.000 -30.350
3 0 17.520 0.000 -30.350 18.300 0.000 -31.700 22.280 0.000 -29.040
3 0 25.880 0.000 -25.880 24.780 0.000 -24.780 21.330 0.000 -27.800
3 0 21.330 0.000 -27.800 22.280 0.000 -29.040 25.880 0.000 -25.880
3 0 29.040 0.000 -22.280 26.950 0.000 -22.300 24.780 0.000 -24.780
3 0 24.780 0.000 -24.780 25.880 0.000 -25.880 29.040 0.000 -22.280
3 0 29.040 0.000 -22.280 22.250 0.000 -15.500 21.650 0.000 -16.750
3 0 21.650 0.000 -16.750 26.950 0.000 -22.300 29.040 0.000 -22.280
3 0 -22.250 0.000 15.500 22.250 0.000 15.500 21.650 0.000 16.750
3 0 21.650 0.000 16.750 -21.650 0.000 16.750 -22.250 0.000 15.500
3 0 -21.650 0.000 -16.750 21.650 0.000 -16.750 22.250 0.000 -15.500
3 0 22.250 0.000 -15.500 -22.250 0.000 -15.500 -21.650 0.000 -16.750
3 0 32.370 0.000 13.410 33.850 0.000 9.070 35.350 0.000 9.470
3 0 35.350 0.000 9.470 33.810 0.000 14.010 32.370 0.000 13.410
3 0 33.850 0.000 9.070 34.740 0.000 4.570 36.290 0.000 4.780
3 0 36.290 0.000 4.780 35.350 0.000 9.470 33.850 0.000 9.070
3 0 34.740 0.000 4.570 35.040 0.000 0.000 36.600 0.000 0.000
3 0 36.600 0.000 0.000 36.290 0.000 4.780 34.740 0.000 4.570
3 0 24.700 0.000 13.000 25.950 0.000 12.400 30.650 0.000 16.900
3 0 30.650 0.000 16.900 31.010 0.000 19.320 24.700 0.000 13.000
3 0 30.650 0.000 16.900 32.370 0.000 13.410 33.810 0.000 14.010
3 0 33.810 0.000 14.010 31.700 0.000 18.300 30.650 0.000 16.900
3 0 31.010 0.000 19.320 30.650 0.000 16.900 31.700 0.000 18.300
3 0 32.370 0.000 -13.410 33.810 0.000 -14.010 35.350 0.000 -9.470
3 0 35.350 0.000 -9.470 33.850 0.000 -9.070 32.370 0.000 -13.410
3 0 33.850 0.000 -9.070 35.350 0.000 -9.470 36.290 0.000 -4.780
3 0 36.290 0.000 -4.780 34.740 0.000 -4.570 33.850 0.000 -9.070
3 0 34.740 0.000 -4.570 36.290 0.000 -4.780 36.600 0.000 0.000
3 0 36.600 0.000 0.000 35.040 0.000 0.000 34.740 0.000 -4.570
3 0 24.700 0.000 -13.000 31.010 0.000 -19.320 30.650 0.000 -16.900
3 0 30.650 0.000 -16.900 25.950 0.000 -12.400 24.700 0.000 -13.000
3 0 30.650 0.000 -16.900 31.700 0.000 -18.300 33.810 0.000 -14.010
3 0 33.810 0.000 -14.010 32.370 0.000 -13.410 30.650 0.000 -16.900
3 0 30.650 0.000 -16.900 31.010 0.000 -19.320 31.700 0.000 -18.300
3 0 24.700 0.000 -13.000 25.950 0.000 -12.400 25.950 0.000 12.400
3 0 25.950 0.000 12.400 24.700 0.000 13.000 24.700 0.000 -13.000
3 0 -32.370 0.000 13.410 -33.810 0.000 14.010 -35.350 0.000 9.470
3 0 -35.350 0.000 9.470 -33.850 0.000 9.070 -32.370 0.000 13.410
3 0 -33.850 0.000 9.070 -35.350 0.000 9.470 -36.290 0.000 4.780
3 0 -36.290 0.000 4.780 -34.740 0.000 4.570 -33.850 0.000 9.070
3 0 -34.740 0.000 4.570 -36.290 0.000 4.780 -36.600 0.000 0.000
3 0 -36.600 0.000 0.000 -35.040 0.000 0.000 -34.740 0.000 4.570
3 0 -24.700 0.000 13.000 -31.010 0.000 19.320 -30.650 0.000 16.900
3 0 -30.650 0.000 16.900 -25.950 0.000 12.400 -24.700 0.000 13.000
3 0 -30.650 0.000 16.900 -31.700 0.000 18.300 -33.810 0.000 14.010
3 0 -33.810 0.000 14.010 -32.370 0.000 13.410 -30.650 0.000 16.900
3 0 -30.650 0.000 16.900 -31.010 0.000 19.320 -31.700 0.000 18.300
3 0 -32.370 0.000 -13.410 -33.850 0.000 -9.070 -35.350 0.000 -9.470
3 0 -35.350 0.000 -9.470 -33.810 0.000 -14.010 -32.370 0.000 -13.410
3 0 -33.850 0.000 -9.070 -34.740 0.000 -4.570 -36.290 0.000 -4.780
3 0 -36.290 0.000 -4.780 -35.350 0.000 -9.470 -33.850 0.000 -9.070
3 0 -34.740 0.000 -4.570 -35.040 0.000 0.000 -36.600 0.000 0.000
3 0 -36.600 0.000 0.000 -36.290 0.000 -4.780 -34.740 0.000 -4.570
3 0 -24.700 0.000 -13.000 -25.950 0.000 -12.400 -30.650 0.000 -16.900
3 0 -30.650 0.000 -16.900 -31.010 0.000 -19.320 -24.700 0.000 -13.000
3 0 -30.650 0.000 -16.900 -32.370 0.000 -13.410 -33.810 0.000 -14.010
3 0 -33.810 0.000 -14.010 -31.700 0.000 -18.300 -30.650 0.000 -16.900
3 0 -31.010 0.000 -19.320 -30.650 0.000 -16.900 -31.700 0.000 -18.300
3 0 -24.700 0.000 -13.000 -24.700 0.000 13.000 -25.950 0.000 12.400
3 0 -25.950 0.000 12.400 -25.950 0.000 -12.400 -24.700 0.000 -13.000
3 0 -9.450 0.000 18.400 -9.300 0.000 16.750 -8.600 0.000 16.750
3 0 -8.600 0.000 16.750 -8.750 0.000 18.400 -9.450 0.000 18.400
3 0 -9.450 0.000 18.400 -8.750 0.000 18.400 -7.400 0.000 19.750
3 0 -7.400 0.000 19.750 -9.300 0.000 19.550 -9.450 0.000 18.400
3 0 -9.300 0.000 19.550 -7.400 0.000 19.750 -7.200 0.000 20.950
3 0 -7.200 0.000 20.950 -8.200 0.000 20.550 -9.300 0.000 19.550
3 0 -7.400 0.000 21.100 -8.200 0.000 20.550 -7.200 0.000 20.950
3 0 -8.200 0.000 20.550 -7.400 0.000 21.100 -7.400 0.000 23.600
3 0 -7.400 0.000 23.600 -8.200 0.000 23.600 -8.200 0.000 20.550
3 0 -7.400 0.000 19.750 0.000 0.000 19.750 0.000 0.000 20.950
3 0 0.000 0.000 20.950 -7.200 0.000 20.950 -7.400 0.000 19.750
3 0 -8.950 0.000 23.600 -8.200 0.000 23.600 -8.300 0.000 24.750
3 0 -8.300 0.000 24.750 -9.200 0.000 25.050 -8.950 0.000 23.600
3 0 -8.200 0.000 23.600 -7.400 0.000 23.600 -6.900 0.000 24.750
3 0 -6.900 0.000 24.750 -8.300 0.000 24.750 -8.200 0.000 23.600
3 0 -7.400 0.000 23.600 -6.300 0.000 23.600 -4.000 0.000 27.050
3 0 -4.000 0.000 27.050 -6.900 0.000 24.750 -7.400 0.000 23.600
3 0 -4.650 0.000 28.150 -6.900 0.000 24.750 -4.000 0.000 27.050
3 0 -4.650 0.000 28.150 -4.000 0.000 27.050 0.000 0.000 27.050
3 0 0.000 0.000 27.050 0.000 0.000 28.150 -4.650 0.000 28.150
3 0 -13.410 0.000 32.380 -9.650 0.000 30.150 -8.850 0.000 30.100
3 0 -8.850 0.000 30.100 -9.250 0.000 31.350 -13.410 0.000 32.380
3 0 -9.650 0.000 30.150 -9.200 0.000 25.050 -8.300 0.000 24.750
3 0 -8.300 0.000 24.750 -8.850 0.000 30.100 -9.650 0.000 30.150
3 0 -8.850 0.000 30.100 -7.500 0.000 31.450 -8.150 0.000 32.450
3 0 -8.150 0.000 32.450 -9.250 0.000 31.350 -8.850 0.000 30.100
3 0 -8.150 0.000 32.450 -7.500 0.000 31.450 0.000 0.000 31.450
3 0 0.000 0.000 31.450 -7.300 0.000 32.700 -8.150 0.000 32.450
3 0 0.000 0.000 32.700 -7.300 0.000 32.700 0.000 0.000 31.450
3 179 -26.389 0.000 21.712 -21.650 0.000 16.750 -17.500 0.000 16.750
3 179 -8.750 0.000 18.400 -8.600 0.000 16.750 0.000 0.000 16.750
3 179 0.000 0.000 16.750 -7.400 0.000 19.750 -8.750 0.000 18.400
3 179 0.000 0.000 19.750 -7.400 0.000 19.750 0.000 0.000 16.750
3 179 -7.400 0.000 21.100 -7.200 0.000 20.950 -6.300 0.000 23.600
3 179 -6.300 0.000 23.600 -7.400 0.000 23.600 -7.400 0.000 21.100
3 179 -7.200 0.000 20.950 0.000 0.000 20.950 -4.000 0.000 27.050
3 179 -4.000 0.000 27.050 -6.300 0.000 23.600 -7.200 0.000 20.950
3 179 0.000 0.000 27.050 -4.000 0.000 27.050 0.000 0.000 20.950
3 179 -8.300 0.000 24.750 -6.900 0.000 24.750 -4.650 0.000 28.150
3 179 -4.650 0.000 28.150 -8.850 0.000 30.100 -8.300 0.000 24.750
3 179 -8.850 0.000 30.100 -4.650 0.000 28.150 0.000 0.000 28.150
3 179 0.000 0.000 28.150 -7.500 0.000 31.450 -8.850 0.000 30.100
3 179 0.000 0.000 31.450 -7.500 0.000 31.450 0.000 0.000 28.150
3 179 -7.300 0.000 32.700 0.000 0.000 32.700 -4.570 0.000 34.740
3 179 -4.570 0.000 34.740 -7.218 0.000 34.216 -7.300 0.000 32.700
3 179 0.000 0.000 35.040 -4.570 0.000 34.740 0.000 0.000 32.700
3 179 -9.250 0.000 31.350 -8.150 0.000 32.450 -9.070 0.000 33.850
3 179 -9.070 0.000 33.850 -11.930 0.000 32.881 -9.250 0.000 31.350
3 179 -8.033 0.000 34.055 -9.070 0.000 33.850 -8.150 0.000 32.450
3 179 -17.739 0.000 30.203 -9.200 0.000 25.050 -9.650 0.000 30.150
3 179 -9.650 0.000 30.150 -17.520 0.000 30.350 -17.739 0.000 30.203
3 179 -13.410 0.000 32.380 -17.520 0.000 30.350 -9.650 0.000 30.150
3 179 -18.748 0.000 29.528 -21.330 0.000 27.800 -9.300 0.000 19.550
3 179 -9.300 0.000 19.550 -8.950 0.000 23.600 -18.748 0.000 29.528
3 179 -9.300 0.000 19.550 -8.200 0.000 20.550 -8.200 0.000 23.600
3 179 -8.200 0.000 23.600 -8.950 0.000 23.600 -9.300 0.000 19.550
3 179 -21.330 0.000 27.800 -22.387 0.000 26.875 -9.300 0.000 19.550
3 179 -23.253 0.000 26.116 -24.780 0.000 24.780 -9.300 0.000 16.750
3 179 -9.300 0.000 16.750 -9.450 0.000 18.400 -23.253 0.000 26.116
3 179 -9.300 0.000 16.750 -24.780 0.000 24.780 -26.402 0.000 22.926
3 179 -26.402 0.000 22.926 -15.200 0.000 16.750 -9.300 0.000 16.750
3 0 -26.950 0.000 22.300 -26.389 0.000 21.712 -15.200 0.000 16.750
3 0 -15.200 0.000 16.750 -26.402 0.000 22.926 -26.950 0.000 22.300
3 0 -26.389 0.000 21.712 -17.500 0.000 16.750 -15.200 0.000 16.750
3 0 -23.253 0.000 26.116 -9.450 0.000 18.400 -9.300 0.000 19.550
3 0 -9.300 0.000 19.550 -22.387 0.000 26.875 -23.253 0.000 26.116
3 0 -17.739 0.000 30.203 -18.748 0.000 29.528 -8.950 0.000 23.600
3 0 -8.950 0.000 23.600 -9.200 0.000 25.050 -17.739 0.000 30.203
3 0 -11.930 0.000 32.881 -13.410 0.000 32.380 -9.250 0.000 31.350
3 0 -8.150 0.000 32.450 -7.300 0.000 32.700 -7.218 0.000 34.216
3 0 -7.218 0.000 34.216 -8.033 0.000 34.055 -8.150 0.000 32.450
3 0 -30.000 0.000 11.050 -25.950 0.000 5.850 -25.950 0.000 7.600
3 0 -25.950 0.000 7.600 -28.900 0.000 11.400 -30.000 0.000 11.050
3 0 -33.450 0.000 6.800 -32.600 0.000 7.050 -32.400 0.000 7.800
3 0 -32.400 0.000 7.800 -33.250 0.000 7.600 -33.450 0.000 6.800
3 0 -32.600 0.000 7.050 -31.850 0.000 7.100 -31.650 0.000 7.800
3 0 -31.650 0.000 7.800 -32.400 0.000 7.800 -32.600 0.000 7.050
3 0 -31.650 0.000 7.800 -31.850 0.000 7.100 -31.250 0.000 6.950
3 0 -31.250 0.000 6.950 -31.050 0.000 7.650 -31.650 0.000 7.800
3 0 -31.050 0.000 7.650 -31.250 0.000 6.950 -30.400 0.000 6.900
3 0 -30.400 0.000 6.900 -30.700 0.000 7.400 -31.050 0.000 7.650
3 0 -31.250 0.000 6.950 -31.000 0.000 6.550 -30.250 0.000 6.350
3 0 -30.250 0.000 6.350 -30.400 0.000 6.900 -31.250 0.000 6.950
3 0 -31.000 0.000 6.550 -30.800 0.000 5.750 -29.950 0.000 5.300
3 0 -29.950 0.000 5.300 -30.250 0.000 6.350 -31.000 0.000 6.550
3 0 -30.800 0.000 5.750 -30.400 0.000 4.650 -29.650 0.000 4.650
3 0 -29.650 0.000 4.650 -29.950 0.000 5.300 -30.800 0.000 5.750
3 0 -30.400 0.000 4.650 -29.850 0.000 3.800 -25.950 0.000 0.150
3 0 -25.950 0.000 0.150 -29.650 0.000 4.650 -30.400 0.000 4.650
3 0 -29.850 0.000 3.800 -25.950 0.000 -0.900 -25.950 0.000 0.150
3 0 -32.250 0.000 1.350 -31.900 0.000 0.400 -31.600 0.000 0.350
3 0 -31.600 0.000 0.350 -31.700 0.000 1.400 -32.250 0.000 1.350
3 0 -31.700 0.000 1.400 -31.600 0.000 0.350 -30.900 0.000 1.050
3 0 -30.900 0.000 1.050 -31.250 0.000 1.300 -31.700 0.000 1.400
3 0 -30.900 0.000 1.050 -31.600 0.000 0.350 -31.400 0.000 0.200
3 0 -30.900 0.000 1.050 -31.400 0.000 0.200 -25.950 0.000 -6.950
3 0 -25.950 0.000 -6.950 -25.950 0.000 -5.600 -30.900 0.000 1.050
3 0 -32.450 0.000 -9.900 -31.950 0.000 -9.550 -32.150 0.000 -9.150
3 0 -32.150 0.000 -9.150 -32.650 0.000 -9.500 -32.450 0.000 -9.900
3 0 -32.650 0.000 -9.500 -32.150 0.000 -9.150 -32.250 0.000 -8.600
3 0 -32.250 0.000 -8.600 -32.800 0.000 -8.750 -32.650 0.000 -9.500
3 0 -32.800 0.000 -8.750 -32.250 0.000 -8.600 -32.200 0.000 -8.000
3 0 -32.200 0.000 -8.000 -32.800 0.000 -7.950 -32.800 0.000 -8.750
3 0 -32.800 0.000 -7.950 -32.200 0.000 -8.000 -31.750 0.000 -6.350
3 0 -31.750 0.000 -6.350 -32.350 0.000 -6.300 -32.800 0.000 -7.950
3 0 -32.350 0.000 -6.300 -31.750 0.000 -6.350 -31.100 0.000 -5.050
3 0 -31.100 0.000 -5.050 -31.550 0.000 -4.600 -32.350 0.000 -6.300
3 0 -31.550 0.000 -4.600 -31.100 0.000 -5.050 -30.850 0.000 -4.850
3 0 -30.850 0.000 -4.850 -31.150 0.000 -4.150 -31.550 0.000 -4.600
3 0 -31.150 0.000 -4.150 -30.850 0.000 -4.850 -30.450 0.000 -4.850
3 0 -30.450 0.000 -4.850 -30.650 0.000 -4.050 -31.150 0.000 -4.150
3 0 -30.650 0.000 -4.050 -30.450 0.000 -4.850 -29.800 0.000 -4.350
3 0 -29.800 0.000 -4.350 -30.200 0.000 -4.150 -30.650 0.000 -4.050
3 0 -30.450 0.000 -4.850 -30.100 0.000 -5.000 -29.200 0.000 -5.000
3 0 -29.200 0.000 -5.000 -29.800 0.000 -4.350 -30.450 0.000 -4.850
3 0 -30.100 0.000 -5.000 -29.200 0.000 -6.200 -28.200 0.000 -6.550
3 0 -28.200 0.000 -6.550 -29.200 0.000 -5.000 -30.100 0.000 -5.000
3 0 -29.200 0.000 -6.200 -25.950 0.000 -11.150 -25.950 0.000 -10.100
3 0 -25.950 0.000 -10.100 -28.200 0.000 -6.550 -29.200 0.000 -6.200
3 80 -29.900 0.000 16.182 -28.900 0.000 11.400 -25.950 0.000 7.600
3 80 -25.950 0.000 7.600 -25.950 0.000 12.400 -29.900 0.000 16.182
3 80 -33.850 0.000 9.070 -34.206 0.000 7.270 -33.250 0.000 7.600
3 80 -33.250 0.000 7.600 -32.400 0.000 7.800 -30.000 0.000 11.050
3 80 -30.000 0.000 11.050 -33.850 0.000 9.070 -33.250 0.000 7.600
3 80 -33.850 0.000 9.070 -30.000 0.000 11.050 -31.007 0.000 16.176
3 80 -31.007 0.000 16.176 -32.370 0.000 13.410 -33.850 0.000 9.070
3 80 -30.000 0.000 11.050 -32.400 0.000 7.800 -31.650 0.000 7.800
3 80 -30.000 0.000 11.050 -31.650 0.000 7.800 -31.050 0.000 7.650
3 80 -30.000 0.000 11.050 -31.050 0.000 7.650 -30.700 0.000 7.400
3 80 -30.700 0.000 7.400 -30.400 0.000 6.900 -25.950 0.000 5.850
3 80 -25.950 0.000 5.850 -30.000 0.000 11.050 -30.700 0.000 7.400
3 80 -30.400 0.000 6.900 -30.250 0.000 6.350 -29.950 0.000 5.300
3 80 -29.950 0.000 5.300 -25.950 0.000 5.850 -30.400 0.000 6.900
3 80 -29.950 0.000 5.300 -29.650 0.000 4.650 -25.950 0.000 0.150
3 80 -25.950 0.000 0.150 -25.950 0.000 5.850 -29.950 0.000 5.300
3 80 -34.977 0.000 0.954 -32.250 0.000 1.350 -30.400 0.000 4.650
3 80 -30.400 0.000 4.650 -34.740 0.000 4.570 -34.977 0.000 0.954
3 80 -30.400 0.000 4.650 -30.800 0.000 5.750 -34.373 0.000 6.424
3 80 -34.373 0.000 6.424 -34.740 0.000 4.570 -30.400 0.000 4.650
3 80 -34.373 0.000 6.424 -30.800 0.000 5.750 -32.600 0.000 7.050
3 80 -32.600 0.000 7.050 -33.450 0.000 6.800 -34.373 0.000 6.424
3 80 -30.800 0.000 5.750 -31.000 0.000 6.550 -31.850 0.000 7.100
3 80 -31.850 0.000 7.100 -32.600 0.000 7.050 -30.800 0.000 5.750
3 80 -31.850 0.000 7.100 -31.000 0.000 6.550 -31.250 0.000 6.950
3 80 -32.250 0.000 1.350 -31.700 0.000 1.400 -29.850 0.000 3.800
3 80 -29.850 0.000 3.800 -30.400 0.000 4.650 -32.250 0.000 1.350
3 80 -29.850 0.000 3.800 -31.700 0.000 1.400 -31.250 0.000 1.300
3 80 -31.250 0.000 1.300 -30.900 0.000 1.050 -25.950 0.000 -0.900
3 80 -25.950 0.000 -0.900 -29.850 0.000 3.800 -31.250 0.000 1.300
3 80 -30.900 0.000 1.050 -25.950 0.000 -5.600 -25.950 0.000 -0.900
3 80 -34.740 0.000 -4.570 -31.550 0.000 -4.600 -31.150 0.000 -4.150
3 80 -31.150 0.000 -4.150 -35.040 0.000 0.000 -34.740 0.000 -4.570
3 80 -35.040 0.000 0.000 -31.150 0.000 -4.150 -31.600 0.000 0.350
3 80 -31.600 0.000 0.350 -31.900 0.000 0.400 -35.040 0.000 0.000
3 80 -31.600 0.000 0.350 -31.150 0.000 -4.150 -30.650 0.000 -4.050
3 80 -30.650 0.000 -4.050 -31.400 0.000 0.200 -31.600 0.000 0.350
3 80 -31.400 0.000 0.200 -30.650 0.000 -4.050 -30.200 0.000 -4.150
3 80 -31.400 0.000 0.200 -30.200 0.000 -4.150 -29.800 0.000 -4.350
3 80 -29.800 0.000 -4.350 -29.200 0.000 -5.000 -25.950 0.000 -6.950
3 80 -25.950 0.000 -6.950 -31.400 0.000 0.200 -29.800 0.000 -4.350
3 80 -29.200 0.000 -5.000 -28.200 0.000 -6.550 -25.950 0.000 -6.950
3 80 -28.200 0.000 -6.550 -25.950 0.000 -10.100 -25.950 0.000 -6.950
3 80 -34.740 0.000 -4.570 -32.350 0.000 -6.300 -31.550 0.000 -4.600
3 80 -32.350 0.000 -6.300 -34.740 0.000 -4.570 -33.850 0.000 -9.070
3 80 -33.850 0.000 -9.070 -32.800 0.000 -7.950 -32.350 0.000 -6.300
3 80 -32.800 0.000 -7.950 -33.850 0.000 -9.070 -32.800 0.000 -8.750
3 80 -32.800 0.000 -8.750 -33.850 0.000 -9.070 -32.650 0.000 -9.500
3 80 -32.650 0.000 -9.500 -33.850 0.000 -9.070 -32.370 0.000 -13.410
3 80 -32.370 0.000 -13.410 -32.450 0.000 -9.900 -32.650 0.000 -9.500
3 80 -32.450 0.000 -9.900 -32.370 0.000 -13.410 -30.650 0.000 -16.900
3 80 -30.650 0.000 -16.900 -28.733 0.000 -15.065 -32.450 0.000 -9.900
3 80 -25.950 0.000 -12.400 -25.950 0.000 -11.150 -31.950 0.000 -9.550
3 80 -31.950 0.000 -9.550 -28.268 0.000 -14.619 -25.950 0.000 -12.400
3 80 -31.950 0.000 -9.550 -25.950 0.000 -11.150 -32.250 0.000 -8.600
3 80 -32.250 0.000 -8.600 -32.150 0.000 -9.150 -31.950 0.000 -9.550
3 80 -32.250 0.000 -8.600 -25.950 0.000 -11.150 -29.200 0.000 -6.200
3 80 -29.200 0.000 -6.200 -32.200 0.000 -8.000 -32.250 0.000 -8.600
3 80 -32.200 0.000 -8.000 -29.200 0.000 -6.200 -31.100 0.000 -5.050
3 80 -31.100 0.000 -5.050 -31.750 0.000 -6.350 -32.200 0.000 -8.000
3 80 -29.200 0.000 -6.200 -30.100 0.000 -5.000 -30.850 0.000 -4.850
3 80 -30.850 0.000 -4.850 -31.100 0.000 -5.050 -29.200 0.000 -6.200
3 80 -30.450 0.000 -4.850 -30.850 0.000 -4.850 -30.100 0.000 -5.000
3 0 -30.650 0.000 16.900 -31.007 0.000 16.176 -30.000 0.000 11.050
3 0 -30.000 0.000 11.050 -29.900 0.000 16.182 -30.650 0.000 16.900
3 0 -29.900 0.000 16.182 -30.000 0.000 11.050 -28.900 0.000 11.400
3 0 -34.373 0.000 6.424 -33.450 0.000 6.800 -33.250 0.000 7.600
3 0 -33.250 0.000 7.600 -34.206 0.000 7.270 -34.373 0.000 6.424
3 0 -35.040 0.000 0.000 -31.900 0.000 0.400 -32.250 0.000 1.350
3 0 -32.250 0.000 1.350 -34.977 0.000 0.954 -35.040 0.000 0.000
3 0 -32.450 0.000 -9.900 -28.733 0.000 -15.065 -28.268 0.000 -14.619
3 0 -28.268 0.000 -14.619 -31.950 0.000 -9.550 -32.450 0.000 -9.900
3 0 -15.500 0.000 -27.300 -16.400 0.000 -27.850 -16.400 0.000 -29.300
3 0 -16.400 0.000 -29.300 -15.500 0.000 -29.500 -15.500 0.000 -27.300
3 0 -11.400 0.000 -30.650 -11.500 0.000 -28.950 -14.732 0.000 -31.727
3 0 -14.732 0.000 -31.727 -13.410 0.000 -32.380 -11.400 0.000 -30.650
3 0 -11.500 0.000 -28.950 -11.400 0.000 -30.650 -8.450 0.000 -31.400
3 0 -8.450 0.000 -31.400 -8.300 0.000 -30.850 -11.500 0.000 -28.950
3 0 -8.300 0.000 -30.850 -8.450 0.000 -31.400 -8.200 0.000 -31.350
3 0 -8.200 0.000 -31.350 -8.150 0.000 -31.100 -8.300 0.000 -30.850
3 0 -8.750 0.000 -19.450 -9.050 0.000 -18.500 -17.500 0.000 -16.750
3 0 -17.500 0.000 -16.750 -21.650 0.000 -16.750 -8.750 0.000 -19.450
3 0 -8.750 0.000 -19.450 -6.600 0.000 -16.750 -7.800 0.000 -16.750
3 0 -7.800 0.000 -16.750 -9.050 0.000 -18.500 -8.750 0.000 -19.450
3 0 -6.524 0.000 -28.502 -7.474 0.000 -28.896 -6.727 0.000 -30.295
3 0 -6.727 0.000 -30.295 -5.872 0.000 -29.723 -6.524 0.000 -28.502
3 0 -5.872 0.000 -29.723 -6.727 0.000 -30.295 -5.873 0.000 -31.334
3 0 -5.873 0.000 -31.334 -4.994 0.000 -30.794 -5.872 0.000 -29.723
3 0 -3.923 0.000 -31.672 -4.495 0.000 -32.527 -3.096 0.000 -33.274
3 0 -3.096 0.000 -33.274 -2.702 0.000 -32.324 -3.923 0.000 -31.672
3 0 -2.702 0.000 -32.324 -3.096 0.000 -33.274 -1.578 0.000 -33.735
3 0 -1.578 0.000 -33.735 -1.378 0.000 -32.726 -2.702 0.000 -32.324
3 0 -1.378 0.000 -32.726 -1.578 0.000 -33.735 0.000 0.000 -33.890
3 0 0.000 0.000 -33.890 0.000 0.000 -32.862 -1.378 0.000 -32.726
3 0 0.000 0.000 -18.738 0.000 0.000 -17.710 -1.578 0.000 -17.865
3 0 -1.578 0.000 -17.865 -1.378 0.000 -18.874 0.000 0.000 -18.738
3 0 -1.378 0.000 -18.874 -1.578 0.000 -17.865 -3.096 0.000 -18.326
3 0 -3.096 0.000 -18.326 -2.702 0.000 -19.276 -1.378 0.000 -18.874
3 0 -2.702 0.000 -19.276 -3.096 0.000 -18.326 -4.495 0.000 -19.073
3 0 -4.495 0.000 -19.073 -3.923 0.000 -19.928 -2.702 0.000 -19.276
3 0 -3.923 0.000 -19.928 -4.495 0.000 -19.073 -5.720 0.000 -20.080
3 0 -5.720 0.000 -20.080 -4.994 0.000 -20.807 -3.923 0.000 -19.928
3 0 -4.994 0.000 -20.807 -5.720 0.000 -20.080 -6.727 0.000 -21.305
3 0 -6.727 0.000 -21.305 -5.872 0.000 -21.877 -4.994 0.000 -20.807
3 0 -5.872 0.000 -21.877 -6.727 0.000 -21.305 -6.973 0.000 -21.766
3 0 -6.973 0.000 -21.766 -6.524 0.000 -23.098 -5.872 0.000 -21.877
3 179 -7.800 0.000 -16.750 -17.500 0.000 -16.750 -9.050 0.000 -18.500
3 179 -1.578 0.000 -17.865 0.000 0.000 -17.710 0.000 0.000 -16.750
3 179 0.000 0.000 -16.750 -6.600 0.000 -16.750 -1.578 0.000 -17.865
3 179 -6.600 0.000 -16.750 -5.720 0.000 -20.080 -4.495 0.000 -19.073
3 179 -6.600 0.000 -16.750 -4.495 0.000 -19.073 -3.096 0.000 -18.326
3 179 -6.600 0.000 -16.750 -3.096 0.000 -18.326 -1.578 0.000 -17.865
3 179 -26.374 0.000 -22.958 -24.780 0.000 -24.780 -21.330 0.000 -27.800
3 179 -21.330 0.000 -27.800 -16.400 0.000 -27.850 -26.374 0.000 -22.958
3 179 -16.400 0.000 -27.850 -21.330 0.000 -27.800 -17.520 0.000 -30.350
3 179 -17.520 0.000 -30.350 -16.400 0.000 -29.300 -16.400 0.000 -27.850
3 179 -16.621 0.000 -30.794 -14.732 0.000 -31.727 -11.500 0.000 -28.950
3 179 -11.500 0.000 -28.950 -15.500 0.000 -29.500 -16.621 0.000 -30.794
3 179 -15.500 0.000 -27.300 -15.500 0.000 -29.500 -11.500 0.000 -28.950
3 179 -8.150 0.000 -31.100 -6.727 0.000 -30.295 -7.474 0.000 -28.896
3 179 -7.474 0.000 -28.896 -8.300 0.000 -30.850 -8.150 0.000 -31.100
3 179 -7.474 0.000 -28.896 -11.500 0.000 -28.950 -8.300 0.000 -30.850
3 179 -11.400 0.000 -30.650 -13.410 0.000 -32.380 -9.596 0.000 -33.672
3 179 -9.596 0.000 -33.672 -8.450 0.000 -31.400 -11.400 0.000 -30.650
3 179 -8.150 0.000 -31.100 -8.200 0.000 -31.350 -5.873 0.000 -31.334
3 179 -5.873 0.000 -31.334 -6.727 0.000 -30.295 -8.150 0.000 -31.100
3 179 -26.559 0.000 -21.890 -15.500 0.000 -27.300 -7.474 0.000 -28.896
3 179 -7.474 0.000 -28.896 -23.600 0.000 -22.200 -26.559 0.000 -21.890
3 179 -15.500 0.000 -27.300 -11.500 0.000 -28.950 -7.474 0.000 -28.896
3 179 -21.650 0.000 -16.750 -20.050 0.000 -18.350 -6.973 0.000 -21.766
3 179 -6.973 0.000 -21.766 -8.750 0.000 -19.450 -21.650 0.000 -16.750
3 179 -6.973 0.000 -21.766 -6.727 0.000 -21.305 -6.600 0.000 -16.750
3 179 -6.600 0.000 -16.750 -8.750 0.000 -19.450 -6.973 0.000 -21.766
3 179 -6.600 0.000 -16.750 -6.727 0.000 -21.305 -5.720 0.000 -20.080
3 179 -22.284 0.000 -20.773 -8.069 0.000 -25.592 -7.946 0.000 -24.334
3 179 -7.946 0.000 -24.334 -21.380 0.000 -19.793 -22.284 0.000 -20.773
3 179 -23.600 0.000 -22.200 -22.284 0.000 -20.773 -21.650 0.000 -16.750
3 179 -21.650 0.000 -16.750 -26.559 0.000 -21.890 -23.600 0.000 -22.200
3 179 -21.650 0.000 -16.750 -22.284 0.000 -20.773 -21.380 0.000 -19.793
3 179 -21.650 0.000 -16.750 -21.380 0.000 -19.793 -20.050 0.000 -18.350
3 0 -22.284 0.000 -20.773 -23.600 0.000 -22.200 -7.474 0.000 -28.896
3 0 -7.474 0.000 -28.896 -8.069 0.000 -25.592 -22.284 0.000 -20.773
3 0 -21.380 0.000 -19.793 -7.946 0.000 -24.334 -6.973 0.000 -21.766
3 0 -6.973 0.000 -21.766 -20.050 0.000 -18.350 -21.380 0.000 -19.793
3 0 -26.950 0.000 -22.300 -26.374 0.000 -22.958 -15.500 0.000 -27.300
3 0 -15.500 0.000 -27.300 -26.559 0.000 -21.890 -26.950 0.000 -22.300
3 0 -26.374 0.000 -22.958 -16.400 0.000 -27.850 -15.500 0.000 -27.300
3 0 -17.520 0.000 -30.350 -16.621 0.000 -30.794 -15.500 0.000 -29.500
3 0 -15.500 0.000 -29.500 -16.400 0.000 -29.300 -17.520 0.000 -30.350
3 0 -6.524 0.000 -28.502 -6.926 0.000 -27.178 -8.069 0.000 -25.592
3 0 -8.069 0.000 -25.592 -7.474 0.000 -28.896 -6.524 0.000 -28.502
3 0 -6.926 0.000 -27.178 -7.062 0.000 -25.800 -7.946 0.000 -24.334
3 0 -7.946 0.000 -24.334 -8.069 0.000 -25.592 -6.926 0.000 -27.178
3 0 -7.946 0.000 -24.334 -7.062 0.000 -25.800 -6.926 0.000 -24.422
3 0 -6.926 0.000 -24.422 -6.524 0.000 -23.098 -6.973 0.000 -21.766
3 0 -6.973 0.000 -21.766 -7.946 0.000 -24.334 -6.926 0.000 -24.422
3 179 -8.450 0.000 -31.400 -9.596 0.000 -33.672 -5.873 0.000 -31.334
3 179 -5.873 0.000 -31.334 -8.200 0.000 -31.350 -8.450 0.000 -31.400
3 179 -5.160 0.000 -31.980 -8.433 0.000 -33.976 -4.570 0.000 -34.740
3 179 -4.570 0.000 -34.740 -4.495 0.000 -32.527 -5.160 0.000 -31.980
3 179 -4.495 0.000 -32.527 -4.570 0.000 -34.740 -3.096 0.000 -33.274
3 179 -3.096 0.000 -33.274 -4.570 0.000 -34.740 0.000 0.000 -35.040
3 179 0.000 0.000 -35.040 -1.578 0.000 -33.735 -3.096 0.000 -33.274
3 179 -1.578 0.000 -33.735 0.000 0.000 -35.040 0.000 0.000 -33.890
3 0 -5.873 0.000 -31.334 -5.160 0.000 -31.980 -3.923 0.000 -31.672
3 0 -3.923 0.000 -31.672 -4.994 0.000 -30.794 -5.873 0.000 -31.334
3 0 -3.923 0.000 -31.672 -5.160 0.000 -31.980 -4.495 0.000 -32.527
3 0 -9.596 0.000 -33.672 -9.070 0.000 -33.850 -5.160 0.000 -31.980
3 0 -5.160 0.000 -31.980 -5.873 0.000 -31.334 -9.596 0.000 -33.672
3 0 -5.160 0.000 -31.980 -9.070 0.000 -33.850 -8.433 0.000 -33.976
3 0 -0.823 0.000 -21.664 0.000 0.000 -21.583 0.000 0.000 -20.375
3 0 0.000 0.000 -20.375 -1.058 0.000 -20.479 -0.823 0.000 -21.664
3 0 -1.614 0.000 -21.904 -0.823 0.000 -21.664 -1.058 0.000 -20.479
3 0 -1.058 0.000 -20.479 -2.076 0.000 -20.788 -1.614 0.000 -21.904
3 0 -2.343 0.000 -22.294 -1.614 0.000 -21.904 -2.076 0.000 -20.788
3 0 -2.076 0.000 -20.788 -3.014 0.000 -21.289 -2.343 0.000 -22.294
3 0 -2.982 0.000 -22.818 -2.343 0.000 -22.294 -3.014 0.000 -21.289
3 0 -3.014 0.000 -21.289 -3.836 0.000 -21.964 -2.982 0.000 -22.818
3 0 -3.506 0.000 -23.457 -2.982 0.000 -22.818 -3.836 0.000 -21.964
3 0 -3.836 0.000 -21.964 -4.511 0.000 -22.786 -3.506 0.000 -23.457
3 0 -5.012 0.000 -23.724 -3.896 0.000 -24.186 -3.506 0.000 -23.457
3 0 -3.506 0.000 -23.457 -4.511 0.000 -22.786 -5.012 0.000 -23.724
3 0 -5.321 0.000 -24.742 -4.136 0.000 -24.977 -3.896 0.000 -24.186
3 0 -3.896 0.000 -24.186 -5.012 0.000 -23.724 -5.321 0.000 -24.742
3 0 -5.425 0.000 -25.800 -4.217 0.000 -25.800 -4.136 0.000 -24.977
3 0 -4.136 0.000 -24.977 -5.321 0.000 -24.742 -5.425 0.000 -25.800
3 0 -0.823 0.000 -29.936 -1.058 0.000 -31.121 0.000 0.000 -31.225
3 0 0.000 0.000 -31.225 0.000 0.000 -30.017 -0.823 0.000 -29.936
3 0 -1.614 0.000 -29.696 -2.076 0.000 -30.812 -1.058 0.000 -31.121
3 0 -1.058 0.000 -31.121 -0.823 0.000 -29.936 -1.614 0.000 -29.696
3 0 -2.343 0.000 -29.306 -3.014 0.000 -30.311 -2.076 0.000 -30.812
3 0 -2.076 0.000 -30.812 -1.614 0.000 -29.696 -2.343 0.000 -29.306
3 0 -2.982 0.000 -28.782 -3.836 0.000 -29.636 -3.014 0.000 -30.311
3 0 -3.014 0.000 -30.311 -2.343 0.000 -29.306 -2.982 0.000 -28.782
3 0 -3.506 0.000 -28.143 -4.511 0.000 -28.814 -3.836 0.000 -29.636
3 0 -3.836 0.000 -29.636 -2.982 0.000 -28.782 -3.506 0.000 -28.143
3 0 -5.012 0.000 -27.876 -4.511 0.000 -28.814 -3.506 0.000 -28.143
3 0 -3.506 0.000 -28.143 -3.896 0.000 -27.414 -5.012 0.000 -27.876
3 0 -5.321 0.000 -26.858 -5.012 0.000 -27.876 -3.896 0.000 -27.414
3 0 -3.896 0.000 -27.414 -4.136 0.000 -26.623 -5.321 0.000 -26.858
3 0 -5.425 0.000 -25.800 -5.321 0.000 -26.858 -4.136 0.000 -26.623
3 0 -4.136 0.000 -26.623 -4.217 0.000 -25.800 -5.425 0.000 -25.800
3 322 -4.217 0.000 -25.800 0.000 0.000 -25.800 -3.896 0.000 -24.186
3 322 -3.896 0.000 -24.186 -4.136 0.000 -24.977 -4.217 0.000 -25.800
3 322 -3.896 0.000 -24.186 0.000 0.000 -25.800 -2.982 0.000 -22.818
3 322 -2.982 0.000 -22.818 -3.506 0.000 -23.457 -3.896 0.000 -24.186
3 322 -2.982 0.000 -22.818 0.000 0.000 -25.800 -1.614 0.000 -21.904
3 322 -1.614 0.000 -21.904 -2.343 0.000 -22.294 -2.982 0.000 -22.818
3 322 -1.614 0.000 -21.904 0.000 0.000 -25.800 0.000 0.000 -21.583
3 322 0.000 0.000 -21.583 -0.823 0.000 -21.664 -1.614 0.000 -21.904
3 322 -4.217 0.000 -25.800 -4.136 0.000 -26.623 -3.896 0.000 -27.414
3 322 -3.896 0.000 -27.414 0.000 0.000 -25.800 -4.217 0.000 -25.800
3 322 -3.896 0.000 -27.414 -3.506 0.000 -28.143 -2.982 0.000 -28.782
3 322 -2.982 0.000 -28.782 0.000 0.000 -25.800 -3.896 0.000 -27.414
3 322 -2.982 0.000 -28.782 -2.343 0.000 -29.306 -1.614 0.000 -29.696
3 322 -1.614 0.000 -29.696 0.000 0.000 -25.800 -2.982 0.000 -28.782
3 322 -1.614 0.000 -29.696 -0.823 0.000 -29.936 0.000 0.000 -30.017
3 322 0.000 0.000 -30.017 0.000 0.000 -25.800 -1.614 0.000 -29.696
3 179 -1.058 0.000 -20.479 0.000 0.000 -20.375 0.000 0.000 -18.738
3 179 0.000 0.000 -18.738 -1.378 0.000 -18.874 -1.058 0.000 -20.479
3 179 -2.076 0.000 -20.788 -1.058 0.000 -20.479 -1.378 0.000 -18.874
3 179 -1.378 0.000 -18.874 -2.702 0.000 -19.276 -2.076 0.000 -20.788
3 179 -3.014 0.000 -21.289 -2.076 0.000 -20.788 -2.702 0.000 -19.276
3 179 -2.702 0.000 -19.276 -3.923 0.000 -19.928 -3.014 0.000 -21.289
3 179 -3.836 0.000 -21.964 -3.014 0.000 -21.289 -3.923 0.000 -19.928
3 179 -3.923 0.000 -19.928 -4.994 0.000 -20.807 -3.836 0.000 -21.964
3 179 -4.511 0.000 -22.786 -3.836 0.000 -21.964 -4.994 0.000 -20.807
3 179 -4.994 0.000 -20.807 -5.872 0.000 -21.877 -4.511 0.000 -22.786
3 179 -6.524 0.000 -23.098 -5.012 0.000 -23.724 -4.511 0.000 -22.786
3 179 -4.511 0.000 -22.786 -5.872 0.000 -21.877 -6.524 0.000 -23.098
3 179 -6.926 0.000 -24.422 -5.321 0.000 -24.742 -5.012 0.000 -23.724
3 179 -5.012 0.000 -23.724 -6.524 0.000 -23.098 -6.926 0.000 -24.422
3 179 -7.062 0.000 -25.800 -5.425 0.000 -25.800 -5.321 0.000 -24.742
3 179 -5.321 0.000 -24.742 -6.926 0.000 -24.422 -7.062 0.000 -25.800
3 179 -6.926 0.000 -27.178 -5.321 0.000 -26.858 -5.425 0.000 -25.800
3 179 -5.425 0.000 -25.800 -7.062 0.000 -25.800 -6.926 0.000 -27.178
3 179 -6.524 0.000 -28.502 -5.012 0.000 -27.876 -5.321 0.000 -26.858
3 179 -5.321 0.000 -26.858 -6.926 0.000 -27.178 -6.524 0.000 -28.502
3 179 -5.872 0.000 -29.723 -4.511 0.000 -28.814 -5.012 0.000 -27.876
3 179 -5.012 0.000 -27.876 -6.524 0.000 -28.502 -5.872 0.000 -29.723
3 179 -5.872 0.000 -29.723 -4.994 0.000 -30.794 -3.836 0.000 -29.636
3 179 -3.836 0.000 -29.636 -4.511 0.000 -28.814 -5.872 0.000 -29.723
3 179 -4.994 0.000 -30.794 -3.923 0.000 -31.672 -3.014 0.000 -30.311
3 179 -3.014 0.000 -30.311 -3.836 0.000 -29.636 -4.994 0.000 -30.794
3 179 -3.923 0.000 -31.672 -2.702 0.000 -32.324 -2.076 0.000 -30.812
3 179 -2.076 0.000 -30.812 -3.014 0.000 -30.311 -3.923 0.000 -31.672
3 179 -2.702 0.000 -32.324 -1.378 0.000 -32.726 -1.058 0.000 -31.121
3 179 -1.058 0.000 -31.121 -2.076 0.000 -30.812 -2.702 0.000 -32.324
3 179 -1.378 0.000 -32.726 0.000 0.000 -32.862 0.000 0.000 -31.225
3 179 0.000 0.000 -31.225 -1.058 0.000 -31.121 -1.378 0.000 -32.726
3 0 8.600 0.000 16.750 9.300 0.000 16.750 9.450 0.000 18.400
3 0 9.450 0.000 18.400 8.750 0.000 18.400 8.600 0.000 16.750
3 0 7.400 0.000 19.750 8.750 0.000 18.400 9.450 0.000 18.400
3 0 9.450 0.000 18.400 9.300 0.000 19.550 7.400 0.000 19.750
3 0 7.200 0.000 20.950 7.400 0.000 19.750 9.300 0.000 19.550
3 0 9.300 0.000 19.550 8.200 0.000 20.550 7.200 0.000 20.950
3 0 7.200 0.000 20.950 8.200 0.000 20.550 7.400 0.000 21.100
3 0 7.400 0.000 23.600 7.400 0.000 21.100 8.200 0.000 20.550
3 0 8.200 0.000 20.550 8.200 0.000 23.600 7.400 0.000 23.600
3 0 0.000 0.000 20.950 0.000 0.000 19.750 7.400 0.000 19.750
3 0 7.400 0.000 19.750 7.200 0.000 20.950 0.000 0.000 20.950
3 0 8.300 0.000 24.750 8.200 0.000 23.600 8.950 0.000 23.600
3 0 8.950 0.000 23.600 9.200 0.000 25.050 8.300 0.000 24.750
3 0 6.900 0.000 24.750 7.400 0.000 23.600 8.200 0.000 23.600
3 0 8.200 0.000 23.600 8.300 0.000 24.750 6.900 0.000 24.750
3 0 4.000 0.000 27.050 6.300 0.000 23.600 7.400 0.000 23.600
3 0 7.400 0.000 23.600 6.900 0.000 24.750 4.000 0.000 27.050
3 0 4.000 0.000 27.050 6.900 0.000 24.750 4.650 0.000 28.150
3 0 0.000 0.000 27.050 4.000 0.000 27.050 4.650 0.000 28.150
3 0 4.650 0.000 28.150 0.000 0.000 28.150 0.000 0.000 27.050
3 0 8.850 0.000 30.100 9.650 0.000 30.150 13.410 0.000 32.380
3 0 13.410 0.000 32.380 9.250 0.000 31.350 8.850 0.000 30.100
3 0 8.300 0.000 24.750 9.200 0.000 25.050 9.650 0.000 30.150
3 0 9.650 0.000 30.150 8.850 0.000 30.100 8.300 0.000 24.750
3 0 8.150 0.000 32.450 7.500 0.000 31.450 8.850 0.000 30.100
3 0 8.850 0.000 30.100 9.250 0.000 31.350 8.150 0.000 32.450
3 0 0.000 0.000 31.450 7.500 0.000 31.450 8.150 0.000 32.450
3 0 8.150 0.000 32.450 7.300 0.000 32.700 0.000 0.000 31.450
3 0 0.000 0.000 31.450 7.300 0.000 32.700 0.000 0.000 32.700
3 179 17.500 0.000 16.750 21.650 0.000 16.750 26.389 0.000 21.712
3 179 0.000 0.000 16.750 8.600 0.000 16.750 8.750 0.000 18.400
3 179 8.750 0.000 18.400 7.400 0.000 19.750 0.000 0.000 16.750
3 179 0.000 0.000 16.750 7.400 0.000 19.750 0.000 0.000 19.750
3 179 6.300 0.000 23.600 7.200 0.000 20.950 7.400 0.000 21.100
3 179 7.400 0.000 21.100 7.400 0.000 23.600 6.300 0.000 23.600
3 179 4.000 0.000 27.050 0.000 0.000 20.950 7.200 0.000 20.950
3 179 7.200 0.000 20.950 6.300 0.000 23.600 4.000 0.000 27.050
3 179 0.000 0.000 20.950 4.000 0.000 27.050 0.000 0.000 27.050
3 179 4.650 0.000 28.150 6.900 0.000 24.750 8.300 0.000 24.750
3 179 8.300 0.000 24.750 8.850 0.000 30.100 4.650 0.000 28.150
3 179 0.000 0.000 28.150 4.650 0.000 28.150 8.850 0.000 30.100
3 179 8.850 0.000 30.100 7.500 0.000 31.450 0.000 0.000 28.150
3 179 0.000 0.000 28.150 7.500 0.000 31.450 0.000 0.000 31.450
3 179 4.570 0.000 34.740 0.000 0.000 32.700 7.300 0.000 32.700
3 179 7.300 0.000 32.700 7.218 0.000 34.216 4.570 0.000 34.740
3 179 0.000 0.000 32.700 4.570 0.000 34.740 0.000 0.000 35.040
3 179 9.070 0.000 33.850 8.150 0.000 32.450 9.250 0.000 31.350
3 179 9.250 0.000 31.350 11.930 0.000 32.881 9.070 0.000 33.850
3 179 8.150 0.000 32.450 9.070 0.000 33.850 8.033 0.000 34.055
3 179 9.650 0.000 30.150 9.200 0.000 25.050 17.739 0.000 30.203
3 179 17.739 0.000 30.203 17.520 0.000 30.350 9.650 0.000 30.150
3 179 9.650 0.000 30.150 17.520 0.000 30.350 13.410 0.000 32.380
3 179 9.300 0.000 19.550 21.330 0.000 27.800 18.748 0.000 29.528
3 179 18.748 0.000 29.528 8.950 0.000 23.600 9.300 0.000 19.550
3 179 8.200 0.000 23.600 8.200 0.000 20.550 9.300 0.000 19.550
3 179 9.300 0.000 19.550 8.950 0.000 23.600 8.200 0.000 23.600
3 179 9.300 0.000 19.550 22.387 0.000 26.875 21.330 0.000 27.800
3 179 9.300 0.000 16.750 24.780 0.000 24.780 23.253 0.000 26.116
3 179 23.253 0.000 26.116 9.450 0.000 18.400 9.300 0.000 16.750
3 179 26.402 0.000 22.926 24.780 0.000 24.780 9.300 0.000 16.750
3 179 9.300 0.000 16.750 15.200 0.000 16.750 26.402 0.000 22.926
3 0 15.200 0.000 16.750 26.389 0.000 21.712 26.950 0.000 22.300
3 0 26.950 0.000 22.300 26.402 0.000 22.926 15.200 0.000 16.750
3 0 15.200 0.000 16.750 17.500 0.000 16.750 26.389 0.000 21.712
3 0 9.300 0.000 19.550 9.450 0.000 18.400 23.253 0.000 26.116
3 0 23.253 0.000 26.116 22.387 0.000 26.875 9.300 0.000 19.550
3 0 8.950 0.000 23.600 18.748 0.000 29.528 17.739 0.000 30.203
3 0 17.739 0.000 30.203 9.200 0.000 25.050 8.950 0.000 23.600
3 0 9.250 0.000 31.350 13.410 0.000 32.380 11.930 0.000 32.881
3 0 7.218 0.000 34.216 7.300 0.000 32.700 8.150 0.000 32.450
3 0 8.150 0.000 32.450 8.033 0.000 34.055 7.218 0.000 34.216
3 0 25.950 0.000 7.600 25.950 0.000 5.850 30.000 0.000 11.050
3 0 30.000 0.000 11.050 28.900 0.000 11.400 25.950 0.000 7.600
3 0 32.400 0.000 7.800 32.600 0.000 7.050 33.450 0.000 6.800
3 0 33.450 0.000 6.800 33.250 0.000 7.600 32.400 0.000 7.800
3 0 31.650 0.000 7.800 31.850 0.000 7.100 32.600 0.000 7.050
3 0 32.600 0.000 7.050 32.400 0.000 7.800 31.650 0.000 7.800
3 0 31.250 0.000 6.950 31.850 0.000 7.100 31.650 0.000 7.800
3 0 31.650 0.000 7.800 31.050 0.000 7.650 31.250 0.000 6.950
3 0 30.400 0.000 6.900 31.250 0.000 6.950 31.050 0.000 7.650
3 0 31.050 0.000 7.650 30.700 0.000 7.400 30.400 0.000 6.900
3 0 30.250 0.000 6.350 31.000 0.000 6.550 31.250 0.000 6.950
3 0 31.250 0.000 6.950 30.400 0.000 6.900 30.250 0.000 6.350
3 0 29.950 0.000 5.300 30.800 0.000 5.750 31.000 0.000 6.550
3 0 31.000 0.000 6.550 30.250 0.000 6.350 29.950 0.000 5.300
3 0 29.650 0.000 4.650 30.400 0.000 4.650 30.800 0.000 5.750
3 0 30.800 0.000 5.750 29.950 0.000 5.300 29.650 0.000 4.650
3 0 25.950 0.000 0.150 29.850 0.000 3.800 30.400 0.000 4.650
3 0 30.400 0.000 4.650 29.650 0.000 4.650 25.950 0.000 0.150
3 0 25.950 0.000 0.150 25.950 0.000 -0.900 29.850 0.000 3.800
3 0 31.600 0.000 0.350 31.900 0.000 0.400 32.250 0.000 1.350
3 0 32.250 0.000 1.350 31.700 0.000 1.400 31.600 0.000 0.350
3 0 30.900 0.000 1.050 31.600 0.000 0.350 31.700 0.000 1.400
3 0 31.700 0.000 1.400 31.250 0.000 1.300 30.900 0.000 1.050
3 0 31.400 0.000 0.200 31.600 0.000 0.350 30.900 0.000 1.050
3 0 25.950 0.000 -6.950 31.400 0.000 0.200 30.900 0.000 1.050
3 0 30.900 0.000 1.050 25.950 0.000 -5.600 25.950 0.000 -6.950
3 0 32.150 0.000 -9.150 31.950 0.000 -9.550 32.450 0.000 -9.900
3 0 32.450 0.000 -9.900 32.650 0.000 -9.500 32.150 0.000 -9.150
3 0 32.250 0.000 -8.600 32.150 0.000 -9.150 32.650 0.000 -9.500
3 0 32.650 0.000 -9.500 32.800 0.000 -8.750 32.250 0.000 -8.600
3 0 32.200 0.000 -8.000 32.250 0.000 -8.600 32.800 0.000 -8.750
3 0 32.800 0.000 -8.750 32.800 0.000 -7.950 32.200 0.000 -8.000
3 0 31.750 0.000 -6.350 32.200 0.000 -8.000 32.800 0.000 -7.950
3 0 32.800 0.000 -7.950 32.350 0.000 -6.300 31.750 0.000 -6.350
3 0 31.100 0.000 -5.050 31.750 0.000 -6.350 32.350 0.000 -6.300
3 0 32.350 0.000 -6.300 31.550 0.000 -4.600 31.100 0.000 -5.050
3 0 30.850 0.000 -4.850 31.100 0.000 -5.050 31.550 0.000 -4.600
3 0 31.550 0.000 -4.600 31.150 0.000 -4.150 30.850 0.000 -4.850
3 0 30.450 0.000 -4.850 30.850 0.000 -4.850 31.150 0.000 -4.150
3 0 31.150 0.000 -4.150 30.650 0.000 -4.050 30.450 0.000 -4.850
3 0 29.800 0.000 -4.350 30.450 0.000 -4.850 30.650 0.000 -4.050
3 0 30.650 0.000 -4.050 30.200 0.000 -4.150 29.800 0.000 -4.350
3 0 29.200 0.000 -5.000 30.100 0.000 -5.000 30.450 0.000 -4.850
3 0 30.450 0.000 -4.850 29.800 0.000 -4.350 29.200 0.000 -5.000
3 0 28.200 0.000 -6.550 29.200 0.000 -6.200 30.100 0.000 -5.000
3 0 30.100 0.000 -5.000 29.200 0.000 -5.000 28.200 0.000 -6.550
3 0 25.950 0.000 -10.100 25.950 0.000 -11.150 29.200 0.000 -6.200
3 0 29.200 0.000 -6.200 28.200 0.000 -6.550 25.950 0.000 -10.100
3 80 25.950 0.000 7.600 28.900 0.000 11.400 29.900 0.000 16.182
3 80 29.900 0.000 16.182 25.950 0.000 12.400 25.950 0.000 7.600
3 80 33.250 0.000 7.600 34.206 0.000 7.270 33.850 0.000 9.070
3 80 30.000 0.000 11.050 32.400 0.000 7.800 33.250 0.000 7.600
3 80 33.250 0.000 7.600 33.850 0.000 9.070 30.000 0.000 11.050
3 80 31.007 0.000 16.176 30.000 0.000 11.050 33.850 0.000 9.070
3 80 33.850 0.000 9.070 32.370 0.000 13.410 31.007 0.000 16.176
3 80 31.650 0.000 7.800 32.400 0.000 7.800 30.000 0.000 11.050
3 80 31.050 0.000 7.650 31.650 0.000 7.800 30.000 0.000 11.050
3 80 30.700 0.000 7.400 31.050 0.000 7.650 30.000 0.000 11.050
3 80 25.950 0.000 5.850 30.400 0.000 6.900 30.700 0.000 7.400
3 80 30.700 0.000 7.400 30.000 0.000 11.050 25.950 0.000 5.850
3 80 29.950 0.000 5.300 30.250 0.000 6.350 30.400 0.000 6.900
3 80 30.400 0.000 6.900 25.950 0.000 5.850 29.950 0.000 5.300
3 80 25.950 0.000 0.150 29.650 0.000 4.650 29.950 0.000 5.300
3 80 29.950 0.000 5.300 25.950 0.000 5.850 25.950 0.000 0.150
3 80 30.400 0.000 4.650 32.250 0.000 1.350 34.977 0.000 0.954
3 80 34.977 0.000 0.954 34.740 0.000 4.570 30.400 0.000 4.650
3 80 34.373 0.000 6.424 30.800 0.000 5.750 30.400 0.000 4.650
3 80 30.400 0.000 4.650 34.740 0.000 4.570 34.373 0.000 6.424
3 80 32.600 0.000 7.050 30.800 0.000 5.750 34.373 0.000 6.424
3 80 34.373 0.000 6.424 33.450 0.000 6.800 32.600 0.000 7.050
3 80 31.850 0.000 7.100 31.000 0.000 6.550 30.800 0.000 5.750
3 80 30.800 0.000 5.750 32.600 0.000 7.050 31.850 0.000 7.100
3 80 31.250 0.000 6.950 31.000 0.000 6.550 31.850 0.000 7.100
3 80 29.850 0.000 3.800 31.700 0.000 1.400 32.250 0.000 1.350
3 80 32.250 0.000 1.350 30.400 0.000 4.650 29.850 0.000 3.800
3 80 31.250 0.000 1.300 31.700 0.000 1.400 29.850 0.000 3.800
3 80 25.950 0.000 -0.900 30.900 0.000 1.050 31.250 0.000 1.300
3 80 31.250 0.000 1.300 29.850 0.000 3.800 25.950 0.000 -0.900
3 80 25.950 0.000 -0.900 25.950 0.000 -5.600 30.900 0.000 1.050
3 80 31.150 0.000 -4.150 31.550 0.000 -4.600 34.740 0.000 -4.570
3 80 34.740 0.000 -4.570 35.040 0.000 0.000 31.150 0.000 -4.150
3 80 31.600 0.000 0.350 31.150 0.000 -4.150 35.040 0.000 0.000
3 80 35.040 0.000 0.000 31.900 0.000 0.400 31.600 0.000 0.350
3 80 30.650 0.000 -4.050 31.150 0.000 -4.150 31.600 0.000 0.350
3 80 31.600 0.000 0.350 31.400 0.000 0.200 30.650 0.000 -4.050
3 80 30.200 0.000 -4.150 30.650 0.000 -4.050 31.400 0.000 0.200
3 80 29.800 0.000 -4.350 30.200 0.000 -4.150 31.400 0.000 0.200
3 80 25.950 0.000 -6.950 29.200 0.000 -5.000 29.800 0.000 -4.350
3 80 29.800 0.000 -4.350 31.400 0.000 0.200 25.950 0.000 -6.950
3 80 25.950 0.000 -6.950 28.200 0.000 -6.550 29.200 0.000 -5.000
3 80 25.950 0.000 -6.950 25.950 0.000 -10.100 28.200 0.000 -6.550
3 80 31.550 0.000 -4.600 32.350 0.000 -6.300 34.740 0.000 -4.570
3 80 33.850 0.000 -9.070 34.740 0.000 -4.570 32.350 0.000 -6.300
3 80 32.350 0.000 -6.300 32.800 0.000 -7.950 33.850 0.000 -9.070
3 80 32.800 0.000 -8.750 33.850 0.000 -9.070 32.800 0.000 -7.950
3 80 32.650 0.000 -9.500 33.850 0.000 -9.070 32.800 0.000 -8.750
3 80 32.370 0.000 -13.410 33.850 0.000 -9.070 32.650 0.000 -9.500
3 80 32.650 0.000 -9.500 32.450 0.000 -9.900 32.370 0.000 -13.410
3 80 30.650 0.000 -16.900 32.370 0.000 -13.410 32.450 0.000 -9.900
3 80 32.450 0.000 -9.900 28.733 0.000 -15.065 30.650 0.000 -16.900
3 80 31.950 0.000 -9.550 25.950 0.000 -11.150 25.950 0.000 -12.400
3 80 25.950 0.000 -12.400 28.268 0.000 -14.619 31.950 0.000 -9.550
3 80 32.250 0.000 -8.600 25.950 0.000 -11.150 31.950 0.000 -9.550
3 80 31.950 0.000 -9.550 32.150 0.000 -9.150 32.250 0.000 -8.600
3 80 29.200 0.000 -6.200 25.950 0.000 -11.150 32.250 0.000 -8.600
3 80 32.250 0.000 -8.600 32.200 0.000 -8.000 29.200 0.000 -6.200
3 80 31.100 0.000 -5.050 29.200 0.000 -6.200 32.200 0.000 -8.000
3 80 32.200 0.000 -8.000 31.750 0.000 -6.350 31.100 0.000 -5.050
3 80 30.850 0.000 -4.850 30.100 0.000 -5.000 29.200 0.000 -6.200
3 80 29.200 0.000 -6.200 31.100 0.000 -5.050 30.850 0.000 -4.850
3 80 30.100 0.000 -5.000 30.850 0.000 -4.850 30.450 0.000 -4.850
3 0 30.000 0.000 11.050 31.007 0.000 16.176 30.650 0.000 16.900
3 0 30.650 0.000 16.900 29.900 0.000 16.182 30.000 0.000 11.050
3 0 28.900 0.000 11.400 30.000 0.000 11.050 29.900 0.000 16.182
3 0 33.250 0.000 7.600 33.450 0.000 6.800 34.373 0.000 6.424
3 0 34.373 0.000 6.424 34.206 0.000 7.270 33.250 0.000 7.600
3 0 32.250 0.000 1.350 31.900 0.000 0.400 35.040 0.000 0.000
3 0 35.040 0.000 0.000 34.977 0.000 0.954 32.250 0.000 1.350
3 0 28.268 0.000 -14.619 28.733 0.000 -15.065 32.450 0.000 -9.900
3 0 32.450 0.000 -9.900 31.950 0.000 -9.550 28.268 0.000 -14.619
3 0 16.400 0.000 -29.300 16.400 0.000 -27.850 15.500 0.000 -27.300
3 0 15.500 0.000 -27.300 15.500 0.000 -29.500 16.400 0.000 -29.300
3 0 14.732 0.000 -31.727 11.500 0.000 -28.950 11.400 0.000 -30.650
3 0 11.400 0.000 -30.650 13.410 0.000 -32.380 14.732 0.000 -31.727
3 0 8.450 0.000 -31.400 11.400 0.000 -30.650 11.500 0.000 -28.950
3 0 11.500 0.000 -28.950 8.300 0.000 -30.850 8.450 0.000 -31.400
3 0 8.200 0.000 -31.350 8.450 0.000 -31.400 8.300 0.000 -30.850
3 0 8.300 0.000 -30.850 8.150 0.000 -31.100 8.200 0.000 -31.350
3 0 17.500 0.000 -16.750 9.050 0.000 -18.500 8.750 0.000 -19.450
3 0 8.750 0.000 -19.450 21.650 0.000 -16.750 17.500 0.000 -16.750
3 0 7.800 0.000 -16.750 6.600 0.000 -16.750 8.750 0.000 -19.450
3 0 8.750 0.000 -19.450 9.050 0.000 -18.500 7.800 0.000 -16.750
3 0 6.727 0.000 -30.295 7.474 0.000 -28.896 6.524 0.000 -28.502
3 0 6.524 0.000 -28.502 5.872 0.000 -29.723 6.727 0.000 -30.295
3 0 5.873 0.000 -31.334 6.727 0.000 -30.295 5.872 0.000 -29.723
3 0 5.872 0.000 -29.723 4.994 0.000 -30.794 5.873 0.000 -31.334
3 0 3.096 0.000 -33.274 4.495 0.000 -32.527 3.923 0.000 -31.672
3 0 3.923 0.000 -31.672 2.702 0.000 -32.324 3.096 0.000 -33.274
3 0 1.578 0.000 -33.735 3.096 0.000 -33.274 2.702 0.000 -32.324
3 0 2.702 0.000 -32.324 1.378 0.000 -32.726 1.578 0.000 -33.735
3 0 0.000 0.000 -33.890 1.578 0.000 -33.735 1.378 0.000 -32.726
3 0 1.378 0.000 -32.726 0.000 0.000 -32.862 0.000 0.000 -33.890
3 0 1.578 0.000 -17.865 0.000 0.000 -17.710 0.000 0.000 -18.738
3 0 0.000 0.000 -18.738 1.378 0.000 -18.874 1.578 0.000 -17.865
3 0 3.096 0.000 -18.326 1.578 0.000 -17.865 1.378 0.000 -18.874
3 0 1.378 0.000 -18.874 2.702 0.000 -19.276 3.096 0.000 -18.326
3 0 4.495 0.000 -19.073 3.096 0.000 -18.326 2.702 0.000 -19.276
3 0 2.702 0.000 -19.276 3.923 0.000 -19.928 4.495 0.000 -19.073
3 0 5.720 0.000 -20.080 4.495 0.000 -19.073 3.923 0.000 -19.928
3 0 3.923 0.000 -19.928 4.994 0.000 -20.807 5.720 0.000 -20.080
3 0 6.727 0.000 -21.305 5.720 0.000 -20.080 4.994 0.000 -20.807
3 0 4.994 0.000 -20.807 5.872 0.000 -21.877 6.727 0.000 -21.305
3 0 6.973 0.000 -21.766 6.727 0.000 -21.305 5.872 0.000 -21.877
3 0 5.872 0.000 -21.877 6.524 0.000 -23.098 6.973 0.000 -21.766
3 179 9.050 0.000 -18.500 17.500 0.000 -16.750 7.800 0.000 -16.750
3 179 0.000 0.000 -16.750 0.000 0.000 -17.710 1.578 0.000 -17.865
3 179 1.578 0.000 -17.865 6.600 0.000 -16.750 0.000 0.000 -16.750
3 179 4.495 0.000 -19.073 5.720 0.000 -20.080 6.600 0.000 -16.750
3 179 3.096 0.000 -18.326 4.495 0.000 -19.073 6.600 0.000 -16.750
3 179 1.578 0.000 -17.865 3.096 0.000 -18.326 6.600 0.000 -16.750
3 179 21.330 0.000 -27.800 24.780 0.000 -24.780 26.374 0.000 -22.958
3 179 26.374 0.000 -22.958 16.400 0.000 -27.850 21.330 0.000 -27.800
3 179 17.520 0.000 -30.350 21.330 0.000 -27.800 16.400 0.000 -27.850
3 179 16.400 0.000 -27.850 16.400 0.000 -29.300 17.520 0.000 -30.350
3 179 11.500 0.000 -28.950 14.732 0.000 -31.727 16.621 0.000 -30.794
3 179 16.621 0.000 -30.794 15.500 0.000 -29.500 11.500 0.000 -28.950
3 179 11.500 0.000 -28.950 15.500 0.000 -29.500 15.500 0.000 -27.300
3 179 7.474 0.000 -28.896 6.727 0.000 -30.295 8.150 0.000 -31.100
3 179 8.150 0.000 -31.100 8.300 0.000 -30.850 7.474 0.000 -28.896
3 179 8.300 0.000 -30.850 11.500 0.000 -28.950 7.474 0.000 -28.896
3 179 9.596 0.000 -33.672 13.410 0.000 -32.380 11.400 0.000 -30.650
3 179 11.400 0.000 -30.650 8.450 0.000 -31.400 9.596 0.000 -33.672
3 179 5.873 0.000 -31.334 8.200 0.000 -31.350 8.150 0.000 -31.100
3 179 8.150 0.000 -31.100 6.727 0.000 -30.295 5.873 0.000 -31.334
3 179 7.474 0.000 -28.896 15.500 0.000 -27.300 26.559 0.000 -21.890
3 179 26.559 0.000 -21.890 23.600 0.000 -22.200 7.474 0.000 -28.896
3 179 7.474 0.000 -28.896 11.500 0.000 -28.950 15.500 0.000 -27.300
3 179 6.973 0.000 -21.766 20.050 0.000 -18.350 21.650 0.000 -16.750
3 179 21.650 0.000 -16.750 8.750 0.000 -19.450 6.973 0.000 -21.766
3 179 6.600 0.000 -16.750 6.727 0.000 -21.305 6.973 0.000 -21.766
3 179 6.973 0.000 -21.766 8.750 0.000 -19.450 6.600 0.000 -16.750
3 179 5.720 0.000 -20.080 6.727 0.000 -21.305 6.600 0.000 -16.750
3 179 7.946 0.000 -24.334 8.069 0.000 -25.592 22.284 0.000 -20.773
3 179 22.284 0.000 -20.773 21.380 0.000 -19.793 7.946 0.000 -24.334
3 179 21.650 0.000 -16.750 22.284 0.000 -20.773 23.600 0.000 -22.200
3 179 23.600 0.000 -22.200 26.559 0.000 -21.890 21.650 0.000 -16.750
3 179 21.380 0.000 -19.793 22.284 0.000 -20.773 21.650 0.000 -16.750
3 179 20.050 0.000 -18.350 21.380 0.000 -19.793 21.650 0.000 -16.750
3 0 7.474 0.000 -28.896 23.600 0.000 -22.200 22.284 0.000 -20.773
3 0 22.284 0.000 -20.773 8.069 0.000 -25.592 7.474 0.000 -28.896
3 0 6.973 0.000 -21.766 7.946 0.000 -24.334 21.380 0.000 -19.793
3 0 21.380 0.000 -19.793 20.050 0.000 -18.350 6.973 0.000 -21.766
3 0 15.500 0.000 -27.300 26.374 0.000 -22.958 26.950 0.000 -22.300
3 0 26.950 0.000 -22.300 26.559 0.000 -21.890 15.500 0.000 -27.300
3 0 15.500 0.000 -27.300 16.400 0.000 -27.850 26.374 0.000 -22.958
3 0 15.500 0.000 -29.500 16.621 0.000 -30.794 17.520 0.000 -30.350
3 0 17.520 0.000 -30.350 16.400 0.000 -29.300 15.500 0.000 -29.500
3 0 8.069 0.000 -25.592 6.926 0.000 -27.178 6.524 0.000 -28.502
3 0 6.524 0.000 -28.502 7.474 0.000 -28.896 8.069 0.000 -25.592
3 0 7.946 0.000 -24.334 7.062 0.000 -25.800 6.926 0.000 -27.178
3 0 6.926 0.000 -27.178 8.069 0.000 -25.592 7.946 0.000 -24.334
3 0 6.926 0.000 -24.422 7.062 0.000 -25.800 7.946 0.000 -24.334
3 0 6.973 0.000 -21.766 6.524 0.000 -23.098 6.926 0.000 -24.422
3 0 6.926 0.000 -24.422 7.946 0.000 -24.334 6.973 0.000 -21.766
3 179 5.873 0.000 -31.334 9.596 0.000 -33.672 8.450 0.000 -31.400
3 179 8.450 0.000 -31.400 8.200 0.000 -31.350 5.873 0.000 -31.334
3 179 4.570 0.000 -34.740 8.433 0.000 -33.976 5.160 0.000 -31.980
3 179 5.160 0.000 -31.980 4.495 0.000 -32.527 4.570 0.000 -34.740
3 179 3.096 0.000 -33.274 4.570 0.000 -34.740 4.495 0.000 -32.527
3 179 0.000 0.000 -35.040 4.570 0.000 -34.740 3.096 0.000 -33.274
3 179 3.096 0.000 -33.274 1.578 0.000 -33.735 0.000 0.000 -35.040
3 179 0.000 0.000 -33.890 0.000 0.000 -35.040 1.578 0.000 -33.735
3 0 3.923 0.000 -31.672 5.160 0.000 -31.980 5.873 0.000 -31.334
3 0 5.873 0.000 -31.334 4.994 0.000 -30.794 3.923 0.000 -31.672
3 0 4.495 0.000 -32.527 5.160 0.000 -31.980 3.923 0.000 -31.672
3 0 5.160 0.000 -31.980 9.070 0.000 -33.850 9.596 0.000 -33.672
3 0 9.596 0.000 -33.672 5.873 0.000 -31.334 5.160 0.000 -31.980
3 0 8.433 0.000 -33.976 9.070 0.000 -33.850 5.160 0.000 -31.980
3 0 0.000 0.000 -20.375 0.000 0.000 -21.583 0.823 0.000 -21.664
3 0 0.823 0.000 -21.664 1.058 0.000 -20.479 0.000 0.000 -20.375
3 0 1.058 0.000 -20.479 0.823 0.000 -21.664 1.614 0.000 -21.904
3 0 1.614 0.000 -21.904 2.076 0.000 -20.788 1.058 0.000 -20.479
3 0 2.076 0.000 -20.788 1.614 0.000 -21.904 2.343 0.000 -22.294
3 0 2.343 0.000 -22.294 3.014 0.000 -21.289 2.076 0.000 -20.788
3 0 3.014 0.000 -21.289 2.343 0.000 -22.294 2.982 0.000 -22.818
3 0 2.982 0.000 -22.818 3.836 0.000 -21.964 3.014 0.000 -21.289
3 0 3.836 0.000 -21.964 2.982 0.000 -22.818 3.506 0.000 -23.457
3 0 3.506 0.000 -23.457 4.511 0.000 -22.786 3.836 0.000 -21.964
3 0 3.506 0.000 -23.457 3.896 0.000 -24.186 5.012 0.000 -23.724
3 0 5.012 0.000 -23.724 4.511 0.000 -22.786 3.506 0.000 -23.457
3 0 3.896 0.000 -24.186 4.136 0.000 -24.977 5.321 0.000 -24.742
3 0 5.321 0.000 -24.742 5.012 0.000 -23.724 3.896 0.000 -24.186
3 0 4.136 0.000 -24.977 4.217 0.000 -25.800 5.425 0.000 -25.800
3 0 5.425 0.000 -25.800 5.321 0.000 -24.742 4.136 0.000 -24.977
3 0 0.000 0.000 -31.225 1.058 0.000 -31.121 0.823 0.000 -29.936
3 0 0.823 0.000 -29.936 0.000 0.000 -30.017 0.000 0.000 -31.225
3 0 1.058 0.000 -31.121 2.076 0.000 -30.812 1.614 0.000 -29.696
3 0 1.614 0.000 -29.696 0.823 0.000 -29.936 1.058 0.000 -31.121
3 0 2.076 0.000 -30.812 3.014 0.000 -30.311 2.343 0.000 -29.306
3 0 2.343 0.000 -29.306 1.614 0.000 -29.696 2.076 0.000 -30.812
3 0 3.014 0.000 -30.311 3.836 0.000 -29.636 2.982 0.000 -28.782
3 0 2.982 0.000 -28.782 2.343 0.000 -29.306 3.014 0.000 -30.311
3 0 3.836 0.000 -29.636 4.511 0.000 -28.814 3.506 0.000 -28.143
3 0 3.506 0.000 -28.143 2.982 0.000 -28.782 3.836 0.000 -29.636
3 0 3.506 0.000 -28.143 4.511 0.000 -28.814 5.012 0.000 -27.876
3 0 5.012 0.000 -27.876 3.896 0.000 -27.414 3.506 0.000 -28.143
3 0 3.896 0.000 -27.414 5.012 0.000 -27.876 5.321 0.000 -26.858
3 0 5.321 0.000 -26.858 4.136 0.000 -26.623 3.896 0.000 -27.414
3 0 4.136 0.000 -26.623 5.321 0.000 -26.858 5.425 0.000 -25.800
3 0 5.425 0.000 -25.800 4.217 0.000 -25.800 4.136 0.000 -26.623
3 322 3.896 0.000 -24.186 0.000 0.000 -25.800 4.217 0.000 -25.800
3 322 4.217 0.000 -25.800 4.136 0.000 -24.977 3.896 0.000 -24.186
3 322 2.982 0.000 -22.818 0.000 0.000 -25.800 3.896 0.000 -24.186
3 322 3.896 0.000 -24.186 3.506 0.000 -23.457 2.982 0.000 -22.818
3 322 1.614 0.000 -21.904 0.000 0.000 -25.800 2.982 0.000 -22.818
3 322 2.982 0.000 -22.818 2.343 0.000 -22.294 1.614 0.000 -21.904
3 322 0.000 0.000 -21.583 0.000 0.000 -25.800 1.614 0.000 -21.904
3 322 1.614 0.000 -21.904 0.823 0.000 -21.664 0.000 0.000 -21.583
3 322 3.896 0.000 -27.414 4.136 0.000 -26.623 4.217 0.000 -25.800
3 322 4.217 0.000 -25.800 0.000 0.000 -25.800 3.896 0.000 -27.414
3 322 2.982 0.000 -28.782 3.506 0.000 -28.143 3.896 0.000 -27.414
3 322 3.896 0.000 -27.414 0.000 0.000 -25.800 2.982 0.000 -28.782
3 322 1.614 0.000 -29.696 2.343 0.000 -29.306 2.982 0.000 -28.782
3 322 2.982 0.000 -28.782 0.000 0.000 -25.800 1.614 0.000 -29.696
3 322 0.000 0.000 -30.017 0.823 0.000 -29.936 1.614 0.000 -29.696
3 322 1.614 0.000 -29.696 0.000 0.000 -25.800 0.000 0.000 -30.017
3 179 0.000 0.000 -18.738 0.000 0.000 -20.375 1.058 0.000 -20.479
3 179 1.058 0.000 -20.479 1.378 0.000 -18.874 0.000 0.000 -18.738
3 179 1.378 0.000 -18.874 1.058 0.000 -20.479 2.076 0.000 -20.788
3 179 2.076 0.000 -20.788 2.702 0.000 -19.276 1.378 0.000 -18.874
3 179 2.702 0.000 -19.276 2.076 0.000 -20.788 3.014 0.000 -21.289
3 179 3.014 0.000 -21.289 3.923 0.000 -19.928 2.702 0.000 -19.276
3 179 3.923 0.000 -19.928 3.014 0.000 -21.289 3.836 0.000 -21.964
3 179 3.836 0.000 -21.964 4.994 0.000 -20.807 3.923 0.000 -19.928
3 179 4.994 0.000 -20.807 3.836 0.000 -21.964 4.511 0.000 -22.786
3 179 4.511 0.000 -22.786 5.872 0.000 -21.877 4.994 0.000 -20.807
3 179 4.511 0.000 -22.786 5.012 0.000 -23.724 6.524 0.000 -23.098
3 179 6.524 0.000 -23.098 5.872 0.000 -21.877 4.511 0.000 -22.786
3 179 5.012 0.000 -23.724 5.321 0.000 -24.742 6.926 0.000 -24.422
3 179 6.926 0.000 -24.422 6.524 0.000 -23.098 5.012 0.000 -23.724
3 179 5.321 0.000 -24.742 5.425 0.000 -25.800 7.062 0.000 -25.800
3 179 7.062 0.000 -25.800 6.926 0.000 -24.422 5.321 0.000 -24.742
3 179 5.425 0.000 -25.800 5.321 0.000 -26.858 6.926 0.000 -27.178
3 179 6.926 0.000 -27.178 7.062 0.000 -25.800 5.425 0.000 -25.800
3 179 5.321 0.000 -26.858 5.012 0.000 -27.876 6.524 0.000 -28.502
3 179 6.524 0.000 -28.502 6.926 0.000 -27.178 5.321 0.000 -26.858
3 179 5.012 0.000 -27.876 4.511 0.000 -28.814 5.872 0.000 -29.723
3 179 5.872 0.000 -29.723 6.524 0.000 -28.502 5.012 0.000 -27.876
3 179 3.836 0.000 -29.636 4.994 0.000 -30.794 5.872 0.000 -29.723
3 179 5.872 0.000 -29.723 4.511 0.000 -28.814 3.836 0.000 -29.636
3 179 3.014 0.000 -30.311 3.923 0.000 -31.672 4.994 0.000 -30.794
3 179 4.994 0.000 -30.794 3.836 0.000 -29.636 3.014 0.000 -30.311
3 179 2.076 0.000 -30.812 2.702 0.000 -32.324 3.923 0.000 -31.672
3 179 3.923 0.000 -31.672 3.014 0.000 -30.311 2.076 0.000 -30.812
3 179 1.058 0.000 -31.121 1.378 0.000 -32.726 2.702 0.000 -32.324
3 179 2.702 0.000 -32.324 2.076 0.000 -30.812 1.058 0.000 -31.121
3 179 0.000 0.000 -31.225 0.000 0.000 -32.862 1.378 0.000 -32.726
3 179 1.378 0.000 -32.726 1.058 0.000 -31.121 0.000 0.000 -31.225
