0 FILE 18603c02p09.dat
0 Dimensions Toy Tag 4 x 4 x 2/3 with 2 Studs and Trans-Light Blue Bottom with Black 'APERTURE' and Curved Bright Light Blue Line on White Background Pattern (Chell)
0 Name:  18603c02p09.dat
0 Author:  
0 BL_Item_No 18605c01pb05
0 BFC CERTIFY CCW
1 16 0.0000 8.0000 0.0000 1.0000 0.0000 0.0000 0.0000 1.0000 0.0000 0.0000 0.0000 1.0000 18603.dat
1 47 0.0000 11.0000 0.0000 1.0000 0.0000 0.0000 0.0000 1.0000 0.0000 0.0000 0.0000 1.0000 u9512.dat
3 212 -22.052 0.000 28.738 -17.300 0.000 23.600 -14.800 0.000 25.800
3 212 -14.800 0.000 25.800 -19.361 0.000 30.536 -22.052 0.000 28.738
3 212 -15.500 0.000 22.600 -13.500 0.000 25.600 -14.800 0.000 25.800
3 212 -14.800 0.000 25.800 -17.300 0.000 23.600 -15.500 0.000 22.600
3 212 15.500 0.000 22.600 17.300 0.000 23.600 14.800 0.000 25.800
3 212 14.800 0.000 25.800 13.500 0.000 25.600 15.500 0.000 22.600
3 212 22.052 0.000 28.738 19.361 0.000 30.536 14.800 0.000 25.800
3 212 14.800 0.000 25.800 17.300 0.000 23.600 22.052 0.000 28.738
3 15 -17.300 0.000 23.600 -22.052 0.000 28.738 -25.614 0.000 25.614
3 15 -25.614 0.000 25.614 -21.700 0.000 16.700 -17.300 0.000 23.600
3 15 -15.500 0.000 22.600 -17.300 0.000 23.600 -21.700 0.000 16.700
3 15 -13.500 0.000 25.600 -9.376 0.000 34.990 -13.862 0.000 33.467
3 15 -13.862 0.000 33.467 -14.800 0.000 25.800 -13.500 0.000 25.600
3 15 27.918 0.000 22.988 25.614 0.000 25.614 17.300 0.000 23.600
3 15 17.300 0.000 23.600 21.700 0.000 16.700 27.918 0.000 22.988
3 15 17.300 0.000 23.600 25.614 0.000 25.614 22.052 0.000 28.738
3 15 15.500 0.000 22.600 21.700 0.000 16.700 17.300 0.000 23.600
3 15 19.361 0.000 30.536 18.112 0.000 31.371 13.500 0.000 25.600
3 15 13.500 0.000 25.600 14.800 0.000 25.800 19.361 0.000 30.536
3 15 18.112 0.000 31.371 13.862 0.000 33.467 9.376 0.000 34.990
3 15 9.376 0.000 34.990 13.500 0.000 25.600 18.112 0.000 31.371
3 0 -19.403 0.000 -24.837 -19.122 0.000 -25.764 -17.167 0.000 -23.342
3 0 -17.167 0.000 -23.342 -19.498 0.000 -23.873 -19.403 0.000 -24.837
3 0 -17.167 0.000 -23.342 -17.016 0.000 -22.844 -19.403 0.000 -22.909
3 0 -19.403 0.000 -22.909 -19.498 0.000 -23.873 -17.167 0.000 -23.342
3 0 -19.403 0.000 -22.909 -17.016 0.000 -22.844 -16.770 0.000 -22.385
3 0 -19.403 0.000 -22.909 -16.770 0.000 -22.385 -16.440 0.000 -21.983
3 0 -18.051 0.000 -20.379 -18.665 0.000 -21.128 -15.579 0.000 -21.408
3 0 -15.579 0.000 -21.408 -17.302 0.000 -19.764 -18.051 0.000 -20.379
3 0 -15.081 0.000 -21.257 -17.302 0.000 -19.764 -15.579 0.000 -21.408
3 0 -14.563 0.000 -21.206 -17.302 0.000 -19.764 -15.081 0.000 -21.257
3 0 -18.665 0.000 -26.619 -18.051 0.000 -27.368 -17.016 0.000 -24.876
3 0 -17.016 0.000 -24.876 -17.167 0.000 -24.378 -18.665 0.000 -26.619
3 0 -17.218 0.000 -23.860 -18.665 0.000 -26.619 -17.167 0.000 -24.378
3 0 -17.302 0.000 -27.982 -16.447 0.000 -28.439 -17.016 0.000 -24.876
3 0 -17.016 0.000 -24.876 -18.051 0.000 -27.368 -17.302 0.000 -27.982
3 0 -16.447 0.000 -28.439 -16.770 0.000 -25.335 -17.016 0.000 -24.876
3 0 -15.520 0.000 -28.720 -14.556 0.000 -28.815 -16.038 0.000 -26.068
3 0 -16.038 0.000 -26.068 -16.440 0.000 -25.737 -15.520 0.000 -28.720
3 0 -15.579 0.000 -26.313 -16.038 0.000 -26.068 -14.556 0.000 -28.815
3 0 -14.556 0.000 -28.815 -13.592 0.000 -28.720 -15.579 0.000 -26.313
3 0 -15.081 0.000 -26.464 -15.579 0.000 -26.313 -13.592 0.000 -28.720
3 0 -13.592 0.000 -28.720 -12.665 0.000 -28.439 -15.081 0.000 -26.464
3 0 -14.045 0.000 -26.464 -14.563 0.000 -26.515 -11.811 0.000 -27.982
3 0 -11.811 0.000 -27.982 -11.062 0.000 -27.368 -14.045 0.000 -26.464
3 0 -11.062 0.000 -27.368 -10.447 0.000 -26.619 -13.547 0.000 -26.313
3 0 -13.547 0.000 -26.313 -14.045 0.000 -26.464 -11.062 0.000 -27.368
3 0 -13.088 0.000 -26.068 -13.547 0.000 -26.313 -10.447 0.000 -26.619
3 0 -10.447 0.000 -26.619 -9.990 0.000 -25.764 -13.088 0.000 -26.068
3 0 -16.447 0.000 -19.307 -14.045 0.000 -21.257 -13.592 0.000 -19.026
3 0 -13.592 0.000 -19.026 -15.520 0.000 -19.026 -16.447 0.000 -19.307
3 0 -14.556 0.000 -18.931 -15.520 0.000 -19.026 -13.592 0.000 -19.026
3 0 -13.547 0.000 -21.408 -13.592 0.000 -19.026 -14.045 0.000 -21.257
3 0 -13.088 0.000 -21.653 -13.592 0.000 -19.026 -13.547 0.000 -21.408
3 0 -12.686 0.000 -21.983 -13.592 0.000 -19.026 -13.088 0.000 -21.653
3 0 -12.665 0.000 -19.307 -12.356 0.000 -22.385 -11.062 0.000 -20.379
3 0 -11.062 0.000 -20.379 -11.811 0.000 -19.764 -12.665 0.000 -19.307
3 0 -12.356 0.000 -22.385 -12.110 0.000 -22.844 -10.447 0.000 -21.128
3 0 -10.447 0.000 -21.128 -11.062 0.000 -20.379 -12.356 0.000 -22.385
3 0 -11.959 0.000 -23.342 -10.447 0.000 -21.128 -12.110 0.000 -22.844
3 0 -11.959 0.000 -23.342 -11.908 0.000 -23.860 -10.447 0.000 -21.128
3 0 -9.458 0.000 -24.899 -9.518 0.000 -24.031 -10.301 0.000 -24.031
3 0 -10.301 0.000 -24.031 -10.704 0.000 -24.899 -9.458 0.000 -24.899
3 0 -10.925 0.000 -25.373 -10.704 0.000 -24.899 -10.135 0.000 -21.979
3 0 -10.135 0.000 -21.979 -12.030 0.000 -25.373 -10.925 0.000 -25.373
3 0 -10.704 0.000 -24.899 -10.301 0.000 -24.031 -10.135 0.000 -21.979
3 0 -10.135 0.000 -21.979 -10.301 0.000 -24.031 -9.620 0.000 -22.569
3 0 -9.458 0.000 -24.899 -9.425 0.000 -25.373 -8.262 0.000 -25.373
3 0 -9.518 0.000 -24.031 -9.458 0.000 -24.899 -8.262 0.000 -25.373
3 0 -8.735 0.000 -21.979 -9.620 0.000 -22.569 -9.518 0.000 -24.031
3 0 -9.518 0.000 -24.031 -8.262 0.000 -25.373 -8.735 0.000 -21.979
3 0 -10.135 0.000 -21.979 -9.620 0.000 -22.569 -8.735 0.000 -21.979
3 0 -4.846 0.000 -21.979 -5.636 0.000 -21.979 -5.162 0.000 -22.768
3 0 -5.162 0.000 -22.768 -4.393 0.000 -22.057 -4.846 0.000 -21.979
3 0 -4.078 0.000 -22.373 -4.393 0.000 -22.057 -5.162 0.000 -22.768
3 0 -5.162 0.000 -22.768 -4.925 0.000 -22.847 -4.078 0.000 -22.373
3 0 -3.920 0.000 -22.926 -4.078 0.000 -22.373 -4.925 0.000 -22.847
3 0 -4.925 0.000 -22.847 -4.846 0.000 -23.163 -3.920 0.000 -22.926
3 0 -4.078 0.000 -23.557 -3.920 0.000 -22.926 -4.846 0.000 -23.163
3 0 -4.846 0.000 -23.163 -5.004 0.000 -23.399 -4.078 0.000 -23.557
3 0 -5.004 0.000 -23.399 -5.004 0.000 -24.189 -4.393 0.000 -23.952
3 0 -4.393 0.000 -23.952 -4.078 0.000 -23.557 -5.004 0.000 -23.399
3 0 -5.636 0.000 -21.979 -6.583 0.000 -21.979 -5.801 0.000 -22.768
3 0 -5.801 0.000 -22.768 -5.162 0.000 -22.768 -5.636 0.000 -21.979
3 0 -7.293 0.000 -25.373 -6.346 0.000 -25.373 -6.098 0.000 -24.189
3 0 -1.775 0.000 -22.768 -0.275 0.000 -22.768 -1.609 0.000 -21.979
3 0 -1.609 0.000 -21.979 -2.557 0.000 -21.979 -1.775 0.000 -22.768
3 0 -0.275 0.000 -22.768 -0.109 0.000 -21.979 -1.609 0.000 -21.979
3 0 -0.374 0.000 -23.242 -1.874 0.000 -23.242 -2.039 0.000 -24.031
3 0 -2.039 0.000 -24.031 -0.539 0.000 -24.031 -0.374 0.000 -23.242
3 0 -0.655 0.000 -24.584 -2.155 0.000 -24.584 -2.320 0.000 -25.373
3 0 -2.320 0.000 -25.373 -0.820 0.000 -25.373 -0.655 0.000 -24.584
3 0 -2.155 0.000 -24.584 -2.557 0.000 -21.979 -3.267 0.000 -25.373
3 0 -3.267 0.000 -25.373 -2.320 0.000 -25.373 -2.155 0.000 -24.584
3 0 -2.039 0.000 -24.031 -2.557 0.000 -21.979 -2.155 0.000 -24.584
3 0 -1.874 0.000 -23.242 -2.557 0.000 -21.979 -2.039 0.000 -24.031
3 0 -1.775 0.000 -22.768 -2.557 0.000 -21.979 -1.874 0.000 -23.242
3 0 2.338 0.000 -22.768 3.006 0.000 -22.057 2.654 0.000 -21.979
3 0 2.654 0.000 -21.979 1.864 0.000 -21.979 2.338 0.000 -22.768
3 0 2.338 0.000 -22.768 2.575 0.000 -22.847 3.322 0.000 -22.373
3 0 3.322 0.000 -22.373 3.006 0.000 -22.057 2.338 0.000 -22.768
3 0 3.480 0.000 -22.926 3.322 0.000 -22.373 2.575 0.000 -22.847
3 0 2.575 0.000 -22.847 2.654 0.000 -23.163 3.480 0.000 -22.926
3 0 2.654 0.000 -23.163 2.496 0.000 -23.399 3.322 0.000 -23.557
3 0 3.322 0.000 -23.557 3.480 0.000 -22.926 2.654 0.000 -23.163
3 0 2.948 0.000 -23.952 3.322 0.000 -23.557 2.496 0.000 -23.399
3 0 2.496 0.000 -23.399 2.238 0.000 -24.189 2.948 0.000 -23.952
3 0 1.699 0.000 -22.768 2.338 0.000 -22.768 1.864 0.000 -21.979
3 0 1.864 0.000 -21.979 0.917 0.000 -21.979 1.699 0.000 -22.768
3 0 1.402 0.000 -24.189 0.917 0.000 -21.979 0.206 0.000 -25.373
3 0 0.206 0.000 -25.373 1.154 0.000 -25.373 1.402 0.000 -24.189
3 0 2.948 0.000 -23.952 2.238 0.000 -24.189 2.180 0.000 -25.373
3 0 2.180 0.000 -25.373 3.127 0.000 -25.373 2.948 0.000 -23.952
3 0 3.127 0.000 -25.373 3.106 0.000 -24.189 2.948 0.000 -23.952
3 0 8.313 0.000 -25.190 8.811 0.000 -25.373 9.056 0.000 -24.265
3 0 9.056 0.000 -24.265 8.101 0.000 -24.820 8.313 0.000 -25.190
3 0 10.026 0.000 -24.675 11.072 0.000 -24.986 11.182 0.000 -24.666
3 0 11.182 0.000 -24.666 10.199 0.000 -24.567 10.026 0.000 -24.675
3 0 11.182 0.000 -24.666 10.292 0.000 -24.399 10.199 0.000 -24.567
3 0 9.522 0.000 -21.979 8.574 0.000 -21.979 8.079 0.000 -24.347
3 0 8.079 0.000 -24.347 9.056 0.000 -24.265 9.522 0.000 -21.979
3 0 11.732 0.000 -21.979 10.785 0.000 -21.979 10.292 0.000 -24.399
3 0 10.292 0.000 -24.399 11.182 0.000 -24.666 11.732 0.000 -21.979
3 0 14.416 0.000 -22.768 15.085 0.000 -22.057 14.732 0.000 -21.979
3 0 14.732 0.000 -21.979 13.943 0.000 -21.979 14.416 0.000 -22.768
3 0 15.401 0.000 -22.373 15.085 0.000 -22.057 14.416 0.000 -22.768
3 0 14.416 0.000 -22.768 14.653 0.000 -22.847 15.401 0.000 -22.373
3 0 15.558 0.000 -22.926 15.401 0.000 -22.373 14.653 0.000 -22.847
3 0 14.653 0.000 -22.847 14.732 0.000 -23.163 15.558 0.000 -22.926
3 0 15.401 0.000 -23.557 15.558 0.000 -22.926 14.732 0.000 -23.163
3 0 14.732 0.000 -23.163 14.574 0.000 -23.399 15.401 0.000 -23.557
3 0 14.574 0.000 -23.399 14.316 0.000 -24.189 15.027 0.000 -23.952
3 0 15.027 0.000 -23.952 15.401 0.000 -23.557 14.574 0.000 -23.399
3 0 13.943 0.000 -21.979 12.995 0.000 -21.979 13.777 0.000 -22.768
3 0 13.777 0.000 -22.768 14.416 0.000 -22.768 13.943 0.000 -21.979
3 0 13.480 0.000 -24.189 12.995 0.000 -21.979 12.285 0.000 -25.373
3 0 12.285 0.000 -25.373 13.232 0.000 -25.373 13.480 0.000 -24.189
3 0 15.027 0.000 -23.952 14.316 0.000 -24.189 14.258 0.000 -25.373
3 0 14.258 0.000 -25.373 15.206 0.000 -25.373 15.027 0.000 -23.952
3 0 15.135 0.000 -24.189 15.027 0.000 -23.952 15.206 0.000 -25.373
3 0 19.225 0.000 -22.768 19.390 0.000 -21.979 17.890 0.000 -21.979
3 0 19.125 0.000 -23.242 17.626 0.000 -23.242 17.460 0.000 -24.031
3 0 17.460 0.000 -24.031 18.960 0.000 -24.031 19.125 0.000 -23.242
3 0 17.179 0.000 -25.373 18.679 0.000 -25.373 18.845 0.000 -24.584
3 0 18.845 0.000 -24.584 17.345 0.000 -24.584 17.179 0.000 -25.373
3 0 17.345 0.000 -24.584 16.943 0.000 -21.979 16.232 0.000 -25.373
3 0 16.232 0.000 -25.373 17.179 0.000 -25.373 17.345 0.000 -24.584
3 0 17.460 0.000 -24.031 16.943 0.000 -21.979 17.345 0.000 -24.584
3 0 17.626 0.000 -23.242 16.943 0.000 -21.979 17.460 0.000 -24.031
3 0 17.725 0.000 -22.768 16.943 0.000 -21.979 17.626 0.000 -23.242
3 0 17.890 0.000 -21.979 16.943 0.000 -21.979 17.725 0.000 -22.768
3 0 17.725 0.000 -22.768 19.225 0.000 -22.768 17.890 0.000 -21.979
3 15 -17.302 0.000 -19.764 -14.563 0.000 -21.206 -16.447 0.000 -19.307
3 15 -16.447 0.000 -19.307 -21.700 0.000 -16.700 -17.302 0.000 -19.764
3 15 -14.045 0.000 -21.257 -16.447 0.000 -19.307 -14.563 0.000 -21.206
3 15 -8.735 0.000 -21.979 -8.262 0.000 -25.373 -7.293 0.000 -25.373
3 15 -7.293 0.000 -25.373 -6.583 0.000 -21.979 -8.735 0.000 -21.979
3 15 -4.846 0.000 -23.163 -4.925 0.000 -22.847 -5.162 0.000 -22.768
3 15 -5.162 0.000 -22.768 -5.004 0.000 -23.399 -4.846 0.000 -23.163
3 15 -10.301 0.000 -24.031 -9.518 0.000 -24.031 -9.620 0.000 -22.569
3 15 -9.425 0.000 -25.373 -9.458 0.000 -24.899 -10.704 0.000 -24.899
3 15 -10.704 0.000 -24.899 -10.925 0.000 -25.373 -9.425 0.000 -25.373
3 15 -9.990 0.000 -25.764 -9.425 0.000 -25.373 -10.925 0.000 -25.373
3 15 -8.262 0.000 -25.373 -9.425 0.000 -25.373 -9.990 0.000 -25.764
3 15 -9.990 0.000 -25.764 -10.447 0.000 -26.619 -8.262 0.000 -25.373
3 15 -3.267 0.000 -25.373 -5.004 0.000 -24.189 -6.098 0.000 -24.189
3 15 -6.098 0.000 -24.189 -6.346 0.000 -25.373 -3.267 0.000 -25.373
3 15 -5.004 0.000 -24.189 -3.267 0.000 -25.373 -4.393 0.000 -23.952
3 15 -3.267 0.000 -25.373 -2.557 0.000 -21.979 -4.078 0.000 -23.557
3 15 -4.078 0.000 -23.557 -4.393 0.000 -23.952 -3.267 0.000 -25.373
3 15 -2.557 0.000 -21.979 0.000 0.000 -18.000 -4.393 0.000 -22.057
3 15 -4.393 0.000 -22.057 -4.078 0.000 -22.373 -2.557 0.000 -21.979
3 15 -2.557 0.000 -21.979 -4.078 0.000 -22.373 -3.920 0.000 -22.926
3 15 -2.557 0.000 -21.979 -3.920 0.000 -22.926 -4.078 0.000 -23.557
3 15 -0.374 0.000 -23.242 -0.275 0.000 -22.768 -1.775 0.000 -22.768
3 15 -1.775 0.000 -22.768 -1.874 0.000 -23.242 -0.374 0.000 -23.242
3 15 -2.039 0.000 -24.031 -2.155 0.000 -24.584 -0.655 0.000 -24.584
3 15 -0.655 0.000 -24.584 -0.539 0.000 -24.031 -2.039 0.000 -24.031
3 15 -0.820 0.000 -25.373 0.000 0.000 -36.224 0.206 0.000 -25.373
3 15 0.206 0.000 -25.373 -0.655 0.000 -24.584 -0.820 0.000 -25.373
3 15 -0.539 0.000 -24.031 -0.655 0.000 -24.584 0.206 0.000 -25.373
3 15 -0.539 0.000 -24.031 0.206 0.000 -25.373 0.917 0.000 -21.979
3 15 0.917 0.000 -21.979 -0.374 0.000 -23.242 -0.539 0.000 -24.031
3 15 -0.275 0.000 -22.768 -0.374 0.000 -23.242 0.917 0.000 -21.979
3 15 -0.109 0.000 -21.979 -0.275 0.000 -22.768 0.917 0.000 -21.979
3 15 2.238 0.000 -24.189 1.402 0.000 -24.189 0.000 0.000 -36.224
3 15 0.000 0.000 -36.224 2.180 0.000 -25.373 2.238 0.000 -24.189
3 15 2.338 0.000 -22.768 2.496 0.000 -23.399 2.654 0.000 -23.163
3 15 2.654 0.000 -23.163 2.575 0.000 -22.847 2.338 0.000 -22.768
3 15 3.322 0.000 -23.557 2.948 0.000 -23.952 3.106 0.000 -24.189
3 15 3.106 0.000 -24.189 4.906 0.000 -25.373 3.322 0.000 -23.557
3 15 -8.735 0.000 -21.979 0.000 0.000 -18.000 -10.447 0.000 -21.128
3 15 -10.447 0.000 -21.128 -10.135 0.000 -21.979 -8.735 0.000 -21.979
3 15 -10.447 0.000 -21.128 -11.908 0.000 -23.860 -12.030 0.000 -25.373
3 15 -12.030 0.000 -25.373 -10.135 0.000 -21.979 -10.447 0.000 -21.128
3 15 -19.122 0.000 -21.982 -19.403 0.000 -22.909 -16.440 0.000 -21.983
3 15 -16.440 0.000 -21.983 -16.038 0.000 -21.653 -19.122 0.000 -21.982
3 15 -12.686 0.000 -21.983 -12.356 0.000 -22.385 -12.665 0.000 -19.307
3 15 -12.665 0.000 -19.307 -13.592 0.000 -19.026 -12.686 0.000 -21.983
3 15 -17.167 0.000 -23.342 -19.122 0.000 -25.764 -17.218 0.000 -23.860
3 15 -16.447 0.000 -28.439 -15.520 0.000 -28.720 -16.440 0.000 -25.737
3 15 -16.440 0.000 -25.737 -16.770 0.000 -25.335 -16.447 0.000 -28.439
3 15 -12.665 0.000 -28.439 -11.811 0.000 -27.982 -14.563 0.000 -26.515
3 15 -14.563 0.000 -26.515 -15.081 0.000 -26.464 -12.665 0.000 -28.439
3 15 -10.925 0.000 -25.373 -12.030 0.000 -25.373 -13.088 0.000 -26.068
3 15 -13.088 0.000 -26.068 -9.990 0.000 -25.764 -10.925 0.000 -25.373
3 15 -15.582 0.000 -24.189 -17.016 0.000 -22.844 -17.167 0.000 -23.342
3 15 -17.167 0.000 -23.342 -17.218 0.000 -23.860 -15.582 0.000 -24.189
3 15 -15.582 0.000 -24.189 -16.440 0.000 -21.983 -16.770 0.000 -22.385
3 15 -16.770 0.000 -22.385 -17.016 0.000 -22.844 -15.582 0.000 -24.189
3 15 -15.582 0.000 -24.189 -14.563 0.000 -21.206 -15.081 0.000 -21.257
3 15 -15.081 0.000 -21.257 -15.579 0.000 -21.408 -15.582 0.000 -24.189
3 15 -14.045 0.000 -21.257 -14.563 0.000 -21.206 -15.582 0.000 -24.189
3 15 -15.582 0.000 -24.189 -13.547 0.000 -21.408 -14.045 0.000 -21.257
3 15 -15.582 0.000 -24.189 -12.686 0.000 -21.983 -13.088 0.000 -21.653
3 15 -13.088 0.000 -21.653 -13.547 0.000 -21.408 -15.582 0.000 -24.189
3 15 -12.356 0.000 -22.385 -12.686 0.000 -21.983 -15.582 0.000 -24.189
3 15 -15.582 0.000 -24.189 -12.110 0.000 -22.844 -12.356 0.000 -22.385
3 15 -11.959 0.000 -23.342 -12.110 0.000 -22.844 -15.582 0.000 -24.189
3 15 -15.582 0.000 -24.189 -11.908 0.000 -23.860 -11.959 0.000 -23.342
3 15 -12.030 0.000 -25.373 -11.908 0.000 -23.860 -15.582 0.000 -24.189
3 15 -15.582 0.000 -24.189 -13.088 0.000 -26.068 -12.030 0.000 -25.373
3 15 -13.547 0.000 -26.313 -13.088 0.000 -26.068 -15.582 0.000 -24.189
3 15 -15.582 0.000 -24.189 -14.045 0.000 -26.464 -13.547 0.000 -26.313
3 15 -15.582 0.000 -24.189 -15.081 0.000 -26.464 -14.563 0.000 -26.515
3 15 -14.563 0.000 -26.515 -14.045 0.000 -26.464 -15.582 0.000 -24.189
3 15 -15.582 0.000 -24.189 -16.038 0.000 -26.068 -15.579 0.000 -26.313
3 15 -15.579 0.000 -26.313 -15.081 0.000 -26.464 -15.582 0.000 -24.189
3 15 -16.440 0.000 -25.737 -16.038 0.000 -26.068 -15.582 0.000 -24.189
3 15 -15.582 0.000 -24.189 -16.770 0.000 -25.335 -16.440 0.000 -25.737
3 15 -17.016 0.000 -24.876 -16.770 0.000 -25.335 -15.582 0.000 -24.189
3 15 -15.582 0.000 -24.189 -17.167 0.000 -24.378 -17.016 0.000 -24.876
3 15 -17.167 0.000 -24.378 -15.582 0.000 -24.189 -17.218 0.000 -23.860
3 0 -19.122 0.000 -21.982 -16.038 0.000 -21.653 -15.579 0.000 -21.408
3 0 -15.579 0.000 -21.408 -18.665 0.000 -21.128 -19.122 0.000 -21.982
3 15 -15.582 0.000 -24.189 -15.579 0.000 -21.408 -16.038 0.000 -21.653
3 15 -16.038 0.000 -21.653 -16.440 0.000 -21.983 -15.582 0.000 -24.189
3 15 10.292 0.000 -24.399 10.785 0.000 -21.979 9.522 0.000 -21.979
3 15 9.522 0.000 -21.979 9.056 0.000 -24.265 10.292 0.000 -24.399
3 15 17.460 0.000 -24.031 17.345 0.000 -24.584 18.845 0.000 -24.584
3 15 18.845 0.000 -24.584 18.960 0.000 -24.031 17.460 0.000 -24.031
3 15 19.125 0.000 -23.242 19.225 0.000 -22.768 17.725 0.000 -22.768
3 15 17.725 0.000 -22.768 17.626 0.000 -23.242 19.125 0.000 -23.242
3 15 14.258 0.000 -25.373 13.480 0.000 -24.189 13.232 0.000 -25.373
3 15 13.232 0.000 -25.373 13.862 0.000 -33.467 14.258 0.000 -25.373
3 15 14.316 0.000 -24.189 13.480 0.000 -24.189 14.258 0.000 -25.373
3 15 14.574 0.000 -23.399 14.732 0.000 -23.163 14.653 0.000 -22.847
3 15 14.653 0.000 -22.847 14.416 0.000 -22.768 14.574 0.000 -23.399
3 15 11.072 0.000 -24.986 12.285 0.000 -25.373 12.995 0.000 -21.979
3 15 12.995 0.000 -21.979 11.182 0.000 -24.666 11.072 0.000 -24.986
3 15 12.995 0.000 -21.979 11.732 0.000 -21.979 11.182 0.000 -24.666
3 15 16.232 0.000 -25.373 15.135 0.000 -24.189 15.206 0.000 -25.373
3 15 15.135 0.000 -24.189 16.232 0.000 -25.373 15.401 0.000 -23.557
3 15 15.401 0.000 -23.557 15.027 0.000 -23.952 15.135 0.000 -24.189
3 15 15.085 0.000 -22.057 15.401 0.000 -22.373 16.943 0.000 -21.979
3 15 16.943 0.000 -21.979 21.700 0.000 -16.700 15.085 0.000 -22.057
3 15 15.401 0.000 -22.373 15.558 0.000 -22.926 16.943 0.000 -21.979
3 15 15.401 0.000 -23.557 16.232 0.000 -25.373 16.943 0.000 -21.979
3 15 16.943 0.000 -21.979 15.558 0.000 -22.926 15.401 0.000 -23.557
3 15 -27.918 0.000 -22.988 -19.403 0.000 -22.909 -19.122 0.000 -21.982
3 15 -19.122 0.000 -21.982 -21.700 0.000 -16.700 -27.918 0.000 -22.988
3 15 -21.700 0.000 -16.700 -19.122 0.000 -21.982 -18.665 0.000 -21.128
3 15 -21.700 0.000 -16.700 -18.665 0.000 -21.128 -18.051 0.000 -20.379
3 15 -21.700 0.000 -16.700 -18.051 0.000 -20.379 -17.302 0.000 -19.764
3 15 -21.700 0.000 -16.700 -16.447 0.000 -19.307 -15.520 0.000 -19.026
3 15 -21.700 0.000 -16.700 -15.520 0.000 -19.026 -14.556 0.000 -18.931
3 15 -19.498 0.000 -23.873 -19.403 0.000 -22.909 -27.918 0.000 -22.988
3 15 -27.918 0.000 -22.988 -25.614 0.000 -25.614 -19.498 0.000 -23.873
3 15 -19.403 0.000 -24.837 -19.498 0.000 -23.873 -25.614 0.000 -25.614
3 15 -25.614 0.000 -25.614 -22.052 0.000 -28.738 -19.403 0.000 -24.837
3 15 -19.122 0.000 -25.764 -19.403 0.000 -24.837 -22.052 0.000 -28.738
3 15 -22.052 0.000 -28.738 -18.112 0.000 -31.371 -18.051 0.000 -27.368
3 15 -18.051 0.000 -27.368 -18.665 0.000 -26.619 -22.052 0.000 -28.738
3 15 -19.122 0.000 -25.764 -22.052 0.000 -28.738 -18.665 0.000 -26.619
3 15 -18.665 0.000 -26.619 -17.218 0.000 -23.860 -19.122 0.000 -25.764
3 15 -18.112 0.000 -31.371 -17.302 0.000 -27.982 -18.051 0.000 -27.368
3 15 -17.302 0.000 -27.982 -18.112 0.000 -31.371 -13.862 0.000 -33.467
3 15 -13.862 0.000 -33.467 -16.447 0.000 -28.439 -17.302 0.000 -27.982
3 15 -16.447 0.000 -28.439 -13.862 0.000 -33.467 -9.376 0.000 -34.990
3 15 -9.376 0.000 -34.990 -15.520 0.000 -28.720 -16.447 0.000 -28.439
3 15 -15.520 0.000 -28.720 -9.376 0.000 -34.990 -4.728 0.000 -35.914
3 15 -4.728 0.000 -35.914 -14.556 0.000 -28.815 -15.520 0.000 -28.720
3 15 -4.728 0.000 -35.914 -13.592 0.000 -28.720 -14.556 0.000 -28.815
3 15 -13.592 0.000 -28.720 -4.728 0.000 -35.914 -12.665 0.000 -28.439
3 15 -12.665 0.000 -28.439 -4.728 0.000 -35.914 -11.811 0.000 -27.982
3 15 -11.811 0.000 -27.982 -4.728 0.000 -35.914 -6.346 0.000 -25.373
3 15 -6.346 0.000 -25.373 -11.062 0.000 -27.368 -11.811 0.000 -27.982
3 15 -11.062 0.000 -27.368 -6.346 0.000 -25.373 -7.293 0.000 -25.373
3 15 -7.293 0.000 -25.373 -10.447 0.000 -26.619 -11.062 0.000 -27.368
3 15 -7.293 0.000 -25.373 -8.262 0.000 -25.373 -10.447 0.000 -26.619
3 15 -3.267 0.000 -25.373 -6.346 0.000 -25.373 -4.728 0.000 -35.914
3 15 -4.728 0.000 -35.914 0.000 0.000 -36.224 -3.267 0.000 -25.373
3 15 -3.267 0.000 -25.373 0.000 0.000 -36.224 -2.320 0.000 -25.373
3 15 -2.320 0.000 -25.373 0.000 0.000 -36.224 -0.820 0.000 -25.373
3 15 0.206 0.000 -25.373 0.000 0.000 -36.224 1.154 0.000 -25.373
3 15 1.154 0.000 -25.373 0.000 0.000 -36.224 1.402 0.000 -24.189
3 15 0.000 0.000 -36.224 4.728 0.000 -35.914 3.127 0.000 -25.373
3 15 3.127 0.000 -25.373 2.180 0.000 -25.373 0.000 0.000 -36.224
3 15 8.811 0.000 -25.373 8.313 0.000 -25.190 9.376 0.000 -34.990
3 15 9.376 0.000 -34.990 13.862 0.000 -33.467 8.811 0.000 -25.373
3 15 13.862 0.000 -33.467 10.398 0.000 -25.373 8.811 0.000 -25.373
3 15 12.285 0.000 -25.373 11.072 0.000 -24.986 10.850 0.000 -25.225
3 15 10.850 0.000 -25.225 13.862 0.000 -33.467 12.285 0.000 -25.373
3 15 12.285 0.000 -25.373 13.862 0.000 -33.467 13.232 0.000 -25.373
3 15 14.258 0.000 -25.373 13.862 0.000 -33.467 15.206 0.000 -25.373
3 15 15.206 0.000 -25.373 13.862 0.000 -33.467 18.112 0.000 -31.371
3 15 18.112 0.000 -31.371 16.232 0.000 -25.373 15.206 0.000 -25.373
3 15 16.232 0.000 -25.373 18.112 0.000 -31.371 22.052 0.000 -28.738
3 15 22.052 0.000 -28.738 17.179 0.000 -25.373 16.232 0.000 -25.373
3 15 18.679 0.000 -25.373 17.179 0.000 -25.373 22.052 0.000 -28.738
3 15 18.679 0.000 -25.373 22.052 0.000 -28.738 25.614 0.000 -25.614
3 15 25.614 0.000 -25.614 18.845 0.000 -24.584 18.679 0.000 -25.373
3 15 18.845 0.000 -24.584 25.614 0.000 -25.614 27.918 0.000 -22.988
3 15 27.918 0.000 -22.988 18.960 0.000 -24.031 18.845 0.000 -24.584
3 15 27.918 0.000 -22.988 19.125 0.000 -23.242 18.960 0.000 -24.031
3 15 19.125 0.000 -23.242 27.918 0.000 -22.988 21.700 0.000 -16.700
3 15 21.700 0.000 -16.700 19.225 0.000 -22.768 19.125 0.000 -23.242
3 15 21.700 0.000 -16.700 19.390 0.000 -21.979 19.225 0.000 -22.768
3 15 21.700 0.000 -16.700 17.890 0.000 -21.979 19.390 0.000 -21.979
3 15 21.700 0.000 -16.700 16.943 0.000 -21.979 17.890 0.000 -21.979
3 15 21.700 0.000 -16.700 14.732 0.000 -21.979 15.085 0.000 -22.057
3 15 21.700 0.000 -16.700 13.943 0.000 -21.979 14.732 0.000 -21.979
3 15 21.700 0.000 -16.700 12.995 0.000 -21.979 13.943 0.000 -21.979
3 15 21.700 0.000 -16.700 11.732 0.000 -21.979 12.995 0.000 -21.979
3 15 21.700 0.000 -16.700 10.785 0.000 -21.979 11.732 0.000 -21.979
3 15 21.700 0.000 -16.700 9.522 0.000 -21.979 10.785 0.000 -21.979
3 15 21.700 0.000 -16.700 8.574 0.000 -21.979 9.522 0.000 -21.979
3 15 21.700 0.000 -16.700 0.000 0.000 -18.000 4.469 0.000 -21.979
3 15 4.469 0.000 -21.979 7.722 0.000 -21.979 21.700 0.000 -16.700
3 15 0.000 0.000 -18.000 2.654 0.000 -21.979 3.006 0.000 -22.057
3 15 3.006 0.000 -22.057 4.469 0.000 -21.979 0.000 0.000 -18.000
3 15 2.654 0.000 -21.979 0.000 0.000 -18.000 1.864 0.000 -21.979
3 15 1.864 0.000 -21.979 0.000 0.000 -18.000 0.917 0.000 -21.979
3 15 0.917 0.000 -21.979 0.000 0.000 -18.000 -0.109 0.000 -21.979
3 15 -0.109 0.000 -21.979 0.000 0.000 -18.000 -1.609 0.000 -21.979
3 15 -1.609 0.000 -21.979 0.000 0.000 -18.000 -2.557 0.000 -21.979
3 15 -4.393 0.000 -22.057 0.000 0.000 -18.000 -4.846 0.000 -21.979
3 15 -4.846 0.000 -21.979 0.000 0.000 -18.000 -5.636 0.000 -21.979
3 15 -5.636 0.000 -21.979 0.000 0.000 -18.000 -6.583 0.000 -21.979
3 15 -6.583 0.000 -21.979 0.000 0.000 -18.000 -8.735 0.000 -21.979
3 15 -10.447 0.000 -21.128 0.000 0.000 -18.000 -11.062 0.000 -20.379
3 15 -13.592 0.000 -19.026 0.000 0.000 -18.000 -21.700 0.000 -16.700
3 15 -21.700 0.000 -16.700 -14.556 0.000 -18.931 -13.592 0.000 -19.026
3 15 0.000 0.000 -18.000 -13.592 0.000 -19.026 -12.665 0.000 -19.307
3 15 0.000 0.000 -18.000 -12.665 0.000 -19.307 -11.811 0.000 -19.764
3 15 0.000 0.000 -18.000 -11.811 0.000 -19.764 -11.062 0.000 -20.379
3 15 15.500 0.000 22.600 13.000 0.000 22.300 -21.700 0.000 16.700
3 15 -21.700 0.000 16.700 21.700 0.000 16.700 15.500 0.000 22.600
3 15 13.500 0.000 25.600 4.728 0.000 35.914 0.000 0.000 36.224
3 15 0.000 0.000 36.224 -13.500 0.000 25.600 13.500 0.000 25.600
3 0 -6.098 0.000 -24.189 -5.004 0.000 -24.189 -5.004 0.000 -23.399
3 0 -5.004 0.000 -23.399 -5.933 0.000 -23.400 -6.098 0.000 -24.189
3 0 13.480 0.000 -24.189 14.316 0.000 -24.189 14.574 0.000 -23.399
3 0 14.574 0.000 -23.399 13.645 0.000 -23.400 13.480 0.000 -24.189
3 0 -6.098 0.000 -24.189 -5.933 0.000 -23.400 -6.583 0.000 -21.979
3 0 -6.583 0.000 -21.979 -7.293 0.000 -25.373 -6.098 0.000 -24.189
3 0 -5.933 0.000 -23.400 -5.801 0.000 -22.768 -6.583 0.000 -21.979
3 15 -5.004 0.000 -23.399 -5.162 0.000 -22.768 -5.801 0.000 -22.768
3 15 -5.801 0.000 -22.768 -5.933 0.000 -23.400 -5.004 0.000 -23.399
3 15 1.699 0.000 -22.768 1.567 0.000 -23.400 2.496 0.000 -23.399
3 15 2.496 0.000 -23.399 2.338 0.000 -22.768 1.699 0.000 -22.768
3 15 13.777 0.000 -22.768 13.645 0.000 -23.400 14.574 0.000 -23.399
3 15 14.574 0.000 -23.399 14.416 0.000 -22.768 13.777 0.000 -22.768
3 0 1.567 0.000 -23.400 1.699 0.000 -22.768 0.917 0.000 -21.979
3 0 1.402 0.000 -24.189 1.567 0.000 -23.400 0.917 0.000 -21.979
3 0 2.496 0.000 -23.399 1.567 0.000 -23.400 1.402 0.000 -24.189
3 0 1.402 0.000 -24.189 2.238 0.000 -24.189 2.496 0.000 -23.399
3 0 13.777 0.000 -22.768 12.995 0.000 -21.979 13.645 0.000 -23.400
3 0 13.645 0.000 -23.400 12.995 0.000 -21.979 13.480 0.000 -24.189
3 0 5.452 0.000 -22.768 4.906 0.000 -25.373 5.854 0.000 -25.373
3 0 5.854 0.000 -25.373 6.399 0.000 -22.768 5.452 0.000 -22.768
3 0 4.469 0.000 -21.979 4.309 0.000 -22.768 5.452 0.000 -22.768
3 0 5.452 0.000 -22.768 6.399 0.000 -22.768 7.722 0.000 -21.979
3 0 7.722 0.000 -21.979 4.469 0.000 -21.979 5.452 0.000 -22.768
3 0 6.399 0.000 -22.768 7.557 0.000 -22.768 7.722 0.000 -21.979
3 15 4.469 0.000 -21.979 3.006 0.000 -22.057 3.322 0.000 -22.373
3 15 3.322 0.000 -22.373 3.480 0.000 -22.926 4.309 0.000 -22.768
3 15 4.309 0.000 -22.768 4.469 0.000 -21.979 3.322 0.000 -22.373
3 15 3.322 0.000 -23.557 5.452 0.000 -22.768 4.309 0.000 -22.768
3 15 4.309 0.000 -22.768 3.480 0.000 -22.926 3.322 0.000 -23.557
3 15 4.906 0.000 -25.373 5.452 0.000 -22.768 3.322 0.000 -23.557
3 15 8.574 0.000 -21.979 21.700 0.000 -16.700 7.722 0.000 -21.979
3 15 7.557 0.000 -22.768 8.079 0.000 -24.347 8.574 0.000 -21.979
3 15 8.574 0.000 -21.979 7.722 0.000 -21.979 7.557 0.000 -22.768
3 15 7.557 0.000 -22.768 6.399 0.000 -22.768 5.854 0.000 -25.373
3 15 5.854 0.000 -25.373 8.079 0.000 -24.347 7.557 0.000 -22.768
3 15 5.854 0.000 -25.373 8.101 0.000 -24.820 8.079 0.000 -24.347
3 15 3.127 0.000 -25.373 4.728 0.000 -35.914 4.906 0.000 -25.373
3 15 4.906 0.000 -25.373 3.106 0.000 -24.189 3.127 0.000 -25.373
3 15 5.854 0.000 -25.373 4.906 0.000 -25.373 4.728 0.000 -35.914
3 15 4.728 0.000 -35.914 9.376 0.000 -34.990 5.854 0.000 -25.373
3 15 5.854 0.000 -25.373 9.376 0.000 -34.990 8.313 0.000 -25.190
3 15 8.313 0.000 -25.190 8.101 0.000 -24.820 5.854 0.000 -25.373
3 15 -27.918 0.000 22.988 -21.700 0.000 16.700 -25.614 0.000 25.614
3 15 -19.361 0.000 30.536 -14.800 0.000 25.800 -13.862 0.000 33.467
3 15 -13.862 0.000 33.467 -18.112 0.000 31.371 -19.361 0.000 30.536
3 15 -9.376 0.000 34.990 -13.500 0.000 25.600 0.000 0.000 36.224
3 15 0.000 0.000 36.224 -4.728 0.000 35.914 -9.376 0.000 34.990
3 15 13.500 0.000 25.600 9.376 0.000 34.990 4.728 0.000 35.914
3 15 -21.700 0.000 16.700 -13.000 0.000 22.300 -15.500 0.000 22.600
3 15 -13.000 0.000 22.300 -21.700 0.000 16.700 13.000 0.000 22.300
3 212 -15.500 0.000 22.600 -13.000 0.000 22.300 13.500 0.000 25.600
3 212 13.500 0.000 25.600 -13.500 0.000 25.600 -15.500 0.000 22.600
3 212 -13.000 0.000 22.300 13.000 0.000 22.300 15.500 0.000 22.600
3 212 15.500 0.000 22.600 13.500 0.000 25.600 -13.000 0.000 22.300
3 15 21.700 0.000 -16.700 -21.700 0.000 -16.700 0.000 0.000 -18.000
3 0 8.079 0.000 -24.347 8.101 0.000 -24.820 9.056 0.000 -24.265
3 0 9.056 0.000 -24.265 8.811 0.000 -25.373 9.077 0.000 -24.517
3 0 9.077 0.000 -24.517 8.811 0.000 -25.373 9.225 0.000 -24.675
3 0 8.811 0.000 -25.373 10.398 0.000 -25.373 10.026 0.000 -24.675
3 0 10.026 0.000 -24.675 9.225 0.000 -24.675 8.811 0.000 -25.373
3 15 9.077 0.000 -24.517 9.225 0.000 -24.675 10.026 0.000 -24.675
3 15 10.026 0.000 -24.675 9.056 0.000 -24.265 9.077 0.000 -24.517
3 15 10.026 0.000 -24.675 10.199 0.000 -24.567 10.292 0.000 -24.399
3 15 10.292 0.000 -24.399 9.056 0.000 -24.265 10.026 0.000 -24.675
3 0 10.398 0.000 -25.373 10.850 0.000 -25.225 11.072 0.000 -24.986
3 0 11.072 0.000 -24.986 10.026 0.000 -24.675 10.398 0.000 -25.373
3 15 13.862 0.000 -33.467 10.850 0.000 -25.225 10.398 0.000 -25.373
1 16 0.0000 0.0000 0.0000 1.0000 0.0000 0.0000 0.0000 1.0000 0.0000 0.0000 0.0000 1.0000 s/18605s01.dat
3 16 -40.000 0.000 0.000 -37.000 0.000 0.000 -36.683 0.000 4.829
3 16 -36.683 0.000 4.829 -39.656 0.000 5.220 -40.000 0.000 0.000
3 16 -39.656 0.000 5.220 -36.683 0.000 4.829 -35.739 0.000 9.576
3 16 -35.739 0.000 9.576 -38.636 0.000 10.352 -39.656 0.000 5.220
3 16 -38.636 0.000 10.352 -35.739 0.000 9.576 -34.184 0.000 14.159
3 16 -34.184 0.000 14.159 -36.956 0.000 15.308 -38.636 0.000 10.352
3 16 -36.956 0.000 15.308 -34.184 0.000 14.159 -32.043 0.000 18.500
3 16 -32.043 0.000 18.500 -34.640 0.000 20.000 -36.956 0.000 15.308
3 16 -34.640 0.000 20.000 -32.043 0.000 18.500 -31.406 0.000 19.453
3 16 -31.406 0.000 19.453 -31.736 0.000 24.352 -34.640 0.000 20.000
3 16 -28.284 0.000 28.284 -26.163 0.000 26.163 -22.524 0.000 29.354
3 16 -22.524 0.000 29.354 -24.352 0.000 31.736 -28.284 0.000 28.284
3 16 -24.352 0.000 31.736 -22.524 0.000 29.354 -18.500 0.000 32.043
3 16 -18.500 0.000 32.043 -20.000 0.000 34.640 -24.352 0.000 31.736
3 16 -18.500 0.000 32.043 -14.159 0.000 34.184 -15.308 0.000 36.956
3 16 -15.308 0.000 36.956 -20.000 0.000 34.640 -18.500 0.000 32.043
3 16 -14.159 0.000 34.184 -9.576 0.000 35.739 -10.352 0.000 38.636
3 16 -10.352 0.000 38.636 -15.308 0.000 36.956 -14.159 0.000 34.184
3 16 -9.576 0.000 35.739 -4.829 0.000 36.683 -5.220 0.000 39.656
3 16 -5.220 0.000 39.656 -10.352 0.000 38.636 -9.576 0.000 35.739
3 16 -4.829 0.000 36.683 0.000 0.000 37.000 0.000 0.000 40.000
3 16 0.000 0.000 40.000 -5.220 0.000 39.656 -4.829 0.000 36.683
3 16 40.000 0.000 0.000 39.656 0.000 5.220 36.683 0.000 4.829
3 16 36.683 0.000 4.829 37.000 0.000 0.000 40.000 0.000 0.000
3 16 39.656 0.000 5.220 38.636 0.000 10.352 35.739 0.000 9.576
3 16 35.739 0.000 9.576 36.683 0.000 4.829 39.656 0.000 5.220
3 16 38.636 0.000 10.352 36.956 0.000 15.308 34.184 0.000 14.159
3 16 34.184 0.000 14.159 35.739 0.000 9.576 38.636 0.000 10.352
3 16 36.956 0.000 15.308 34.640 0.000 20.000 32.043 0.000 18.500
3 16 32.043 0.000 18.500 34.184 0.000 14.159 36.956 0.000 15.308
3 16 34.640 0.000 20.000 31.736 0.000 24.352 31.406 0.000 19.453
3 16 31.406 0.000 19.453 32.043 0.000 18.500 34.640 0.000 20.000
3 16 28.284 0.000 28.284 24.352 0.000 31.736 22.524 0.000 29.354
3 16 22.524 0.000 29.354 26.163 0.000 26.163 28.284 0.000 28.284
3 16 24.352 0.000 31.736 20.000 0.000 34.640 18.500 0.000 32.043
3 16 18.500 0.000 32.043 22.524 0.000 29.354 24.352 0.000 31.736
3 16 18.500 0.000 32.043 20.000 0.000 34.640 15.308 0.000 36.956
3 16 15.308 0.000 36.956 14.159 0.000 34.184 18.500 0.000 32.043
3 16 14.159 0.000 34.184 15.308 0.000 36.956 10.352 0.000 38.636
3 16 10.352 0.000 38.636 9.576 0.000 35.739 14.159 0.000 34.184
3 16 9.576 0.000 35.739 10.352 0.000 38.636 5.220 0.000 39.656
3 16 5.220 0.000 39.656 4.829 0.000 36.683 9.576 0.000 35.739
3 16 4.829 0.000 36.683 5.220 0.000 39.656 0.000 0.000 40.000
3 16 0.000 0.000 40.000 0.000 0.000 37.000 4.829 0.000 36.683
3 16 -40.000 0.000 0.000 -39.656 0.000 -5.220 -36.683 0.000 -4.829
3 16 -36.683 0.000 -4.829 -37.000 0.000 0.000 -40.000 0.000 0.000
3 16 -39.656 0.000 -5.220 -38.636 0.000 -10.352 -35.739 0.000 -9.576
3 16 -35.739 0.000 -9.576 -36.683 0.000 -4.829 -39.656 0.000 -5.220
3 16 -38.636 0.000 -10.352 -36.956 0.000 -15.308 -34.184 0.000 -14.159
3 16 -34.184 0.000 -14.159 -35.739 0.000 -9.576 -38.636 0.000 -10.352
3 16 -36.956 0.000 -15.308 -34.640 0.000 -20.000 -32.043 0.000 -18.500
3 16 -32.043 0.000 -18.500 -34.184 0.000 -14.159 -36.956 0.000 -15.308
3 16 -34.640 0.000 -20.000 -31.736 0.000 -24.352 -31.406 0.000 -19.453
3 16 -31.406 0.000 -19.453 -32.043 0.000 -18.500 -34.640 0.000 -20.000
3 16 -28.284 0.000 -28.284 -24.352 0.000 -31.736 -22.524 0.000 -29.354
3 16 -22.524 0.000 -29.354 -26.163 0.000 -26.163 -28.284 0.000 -28.284
3 16 -24.352 0.000 -31.736 -20.000 0.000 -34.640 -18.500 0.000 -32.043
3 16 -18.500 0.000 -32.043 -22.524 0.000 -29.354 -24.352 0.000 -31.736
3 16 -18.500 0.000 -32.043 -20.000 0.000 -34.640 -15.308 0.000 -36.956
3 16 -15.308 0.000 -36.956 -14.159 0.000 -34.184 -18.500 0.000 -32.043
3 16 -14.159 0.000 -34.184 -15.308 0.000 -36.956 -10.352 0.000 -38.636
3 16 -10.352 0.000 -38.636 -9.576 0.000 -35.739 -14.159 0.000 -34.184
3 16 -9.576 0.000 -35.739 -10.352 0.000 -38.636 -5.220 0.000 -39.656
3 16 -5.220 0.000 -39.656 -4.829 0.000 -36.683 -9.576 0.000 -35.739
3 16 -4.829 0.000 -36.683 -5.220 0.000 -39.656 0.000 0.000 -40.000
3 16 0.000 0.000 -40.000 0.000 0.000 -37.000 -4.829 0.000 -36.683
3 16 40.000 0.000 0.000 37.000 0.000 0.000 36.683 0.000 -4.829
3 16 36.683 0.000 -4.829 39.656 0.000 -5.220 40.000 0.000 0.000
3 16 39.656 0.000 -5.220 36.683 0.000 -4.829 35.739 0.000 -9.576
3 16 35.739 0.000 -9.576 38.636 0.000 -10.352 39.656 0.000 -5.220
3 16 38.636 0.000 -10.352 35.739 0.000 -9.576 34.184 0.000 -14.159
3 16 34.184 0.000 -14.159 36.956 0.000 -15.308 38.636 0.000 -10.352
3 16 36.956 0.000 -15.308 34.184 0.000 -14.159 32.043 0.000 -18.500
3 16 32.043 0.000 -18.500 34.640 0.000 -20.000 36.956 0.000 -15.308
3 16 34.640 0.000 -20.000 32.043 0.000 -18.500 31.406 0.000 -19.453
3 16 31.406 0.000 -19.453 31.736 0.000 -24.352 34.640 0.000 -20.000
3 16 28.284 0.000 -28.284 26.163 0.000 -26.163 22.524 0.000 -29.354
3 16 22.524 0.000 -29.354 24.352 0.000 -31.736 28.284 0.000 -28.284
3 16 24.352 0.000 -31.736 22.524 0.000 -29.354 18.500 0.000 -32.043
3 16 18.500 0.000 -32.043 20.000 0.000 -34.640 24.352 0.000 -31.736
3 16 18.500 0.000 -32.043 14.159 0.000 -34.184 15.308 0.000 -36.956
3 16 15.308 0.000 -36.956 20.000 0.000 -34.640 18.500 0.000 -32.043
3 16 14.159 0.000 -34.184 9.576 0.000 -35.739 10.352 0.000 -38.636
3 16 10.352 0.000 -38.636 15.308 0.000 -36.956 14.159 0.000 -34.184
3 16 9.576 0.000 -35.739 4.829 0.000 -36.683 5.220 0.000 -39.656
3 16 5.220 0.000 -39.656 10.352 0.000 -38.636 9.576 0.000 -35.739
3 16 4.829 0.000 -36.683 0.000 0.000 -37.000 0.000 0.000 -40.000
3 16 0.000 0.000 -40.000 5.220 0.000 -39.656 4.829 0.000 -36.683
3 16 22.000 0.000 -15.900 28.966 0.000 -22.966 31.406 0.000 -19.453
3 16 31.406 0.000 -19.453 24.900 0.000 -13.000 22.000 0.000 -15.900
3 16 -24.900 0.000 13.000 -22.000 0.000 15.900 -28.966 0.000 22.966
3 16 -28.966 0.000 22.966 -31.406 0.000 19.453 -24.900 0.000 13.000
3 16 -31.406 0.000 -19.453 -28.966 0.000 -22.966 -22.000 0.000 -15.900
3 16 -22.000 0.000 -15.900 -24.900 0.000 -13.000 -31.406 0.000 -19.453
3 16 -31.406 0.000 19.453 -28.966 0.000 22.966 -28.284 0.000 28.284
3 16 -28.284 0.000 28.284 -31.736 0.000 24.352 -31.406 0.000 19.453
3 16 -28.284 0.000 28.284 -28.966 0.000 22.966 -26.163 0.000 26.163
3 16 28.966 0.000 22.966 31.736 0.000 24.352 28.284 0.000 28.284
3 16 28.284 0.000 28.284 26.163 0.000 26.163 28.966 0.000 22.966
3 16 31.736 0.000 24.352 28.966 0.000 22.966 24.900 0.000 13.000
3 16 24.900 0.000 13.000 31.406 0.000 19.453 31.736 0.000 24.352
3 16 26.163 0.000 -26.163 28.284 0.000 -28.284 31.736 0.000 -24.352
3 16 31.736 0.000 -24.352 28.966 0.000 -22.966 26.163 0.000 -26.163
3 16 31.406 0.000 -19.453 28.966 0.000 -22.966 31.736 0.000 -24.352
3 16 -31.406 0.000 -19.453 -31.736 0.000 -24.352 -28.284 0.000 -28.284
3 16 -28.284 0.000 -28.284 -28.966 0.000 -22.966 -31.406 0.000 -19.453
3 16 -28.284 0.000 -28.284 -26.163 0.000 -26.163 -28.966 0.000 -22.966
3 16 22.000 0.000 15.900 24.900 0.000 13.000 28.966 0.000 22.966
3 16 -22.000 0.000 15.900 -24.900 0.000 13.000 24.900 0.000 13.000
3 16 24.900 0.000 13.000 22.000 0.000 15.900 -22.000 0.000 15.900
3 16 -24.900 0.000 13.000 -24.900 0.000 -13.000 24.900 0.000 -13.000
3 16 24.900 0.000 -13.000 24.900 0.000 13.000 -24.900 0.000 13.000
3 16 -22.000 0.000 -15.900 22.000 0.000 -15.900 24.900 0.000 -13.000
3 16 24.900 0.000 -13.000 -24.900 0.000 -13.000 -22.000 0.000 -15.900
3 0 -37.000 0.000 0.000 -36.208 0.000 0.000 -35.898 0.000 4.726
3 0 -35.898 0.000 4.726 -36.683 0.000 4.829 -37.000 0.000 0.000
3 0 -36.683 0.000 4.829 -35.898 0.000 4.726 -34.974 0.000 9.371
3 0 -34.974 0.000 9.371 -35.739 0.000 9.576 -36.683 0.000 4.829
3 0 -35.739 0.000 9.576 -34.974 0.000 9.371 -33.452 0.000 13.856
3 0 -33.452 0.000 13.856 -34.184 0.000 14.159 -35.739 0.000 9.576
3 0 -34.184 0.000 14.159 -33.452 0.000 13.856 -31.273 0.000 18.231
3 0 -31.273 0.000 18.231 -32.043 0.000 18.500 -34.184 0.000 14.159
3 0 -26.163 0.000 26.163 -25.614 0.000 25.614 -22.052 0.000 28.738
3 0 -22.052 0.000 28.738 -22.524 0.000 29.354 -26.163 0.000 26.163
3 0 -22.524 0.000 29.354 -22.052 0.000 28.738 -18.112 0.000 31.371
3 0 -18.112 0.000 31.371 -18.500 0.000 32.043 -22.524 0.000 29.354
3 0 -18.500 0.000 32.043 -18.112 0.000 31.371 -13.862 0.000 33.467
3 0 -13.862 0.000 33.467 -14.159 0.000 34.184 -18.500 0.000 32.043
3 0 -14.159 0.000 34.184 -13.862 0.000 33.467 -9.375 0.000 34.990
3 0 -9.375 0.000 34.990 -9.576 0.000 35.739 -14.159 0.000 34.184
3 0 -9.576 0.000 35.739 -9.375 0.000 34.990 -4.728 0.000 35.914
3 0 -4.728 0.000 35.914 -4.829 0.000 36.683 -9.576 0.000 35.739
3 0 -4.829 0.000 36.683 -4.728 0.000 35.914 0.000 0.000 36.224
3 0 0.000 0.000 36.224 0.000 0.000 37.000 -4.829 0.000 36.683
3 0 -25.700 0.000 12.700 -24.900 0.000 13.000 -31.406 0.000 19.453
3 0 -31.406 0.000 19.453 -31.273 0.000 18.231 -25.700 0.000 12.700
3 0 -31.273 0.000 18.231 -31.406 0.000 19.453 -32.043 0.000 18.500
3 0 -28.966 0.000 22.966 -27.918 0.000 22.988 -25.614 0.000 25.614
3 0 -25.614 0.000 25.614 -26.163 0.000 26.163 -28.966 0.000 22.966
3 0 -22.000 0.000 15.900 -21.700 0.000 16.700 -27.918 0.000 22.988
3 0 -27.918 0.000 22.988 -28.966 0.000 22.966 -22.000 0.000 15.900
3 0 -37.000 0.000 0.000 -36.683 0.000 -4.829 -35.898 0.000 -4.726
3 0 -35.898 0.000 -4.726 -36.208 0.000 0.000 -37.000 0.000 0.000
3 0 -36.683 0.000 -4.829 -35.739 0.000 -9.576 -34.974 0.000 -9.371
3 0 -34.974 0.000 -9.371 -35.898 0.000 -4.726 -36.683 0.000 -4.829
3 0 -35.739 0.000 -9.576 -34.184 0.000 -14.159 -33.452 0.000 -13.856
3 0 -33.452 0.000 -13.856 -34.974 0.000 -9.371 -35.739 0.000 -9.576
3 0 -34.184 0.000 -14.159 -32.043 0.000 -18.500 -31.273 0.000 -18.231
3 0 -31.273 0.000 -18.231 -33.452 0.000 -13.856 -34.184 0.000 -14.159
3 0 -25.700 0.000 -12.700 -31.273 0.000 -18.231 -31.406 0.000 -19.453
3 0 -31.406 0.000 -19.453 -24.900 0.000 -13.000 -25.700 0.000 -12.700
3 0 -31.273 0.000 -18.231 -32.043 0.000 -18.500 -31.406 0.000 -19.453
3 0 37.000 0.000 0.000 36.683 0.000 4.829 35.898 0.000 4.726
3 0 35.898 0.000 4.726 36.208 0.000 0.000 37.000 0.000 0.000
3 0 36.683 0.000 4.829 35.739 0.000 9.576 34.974 0.000 9.371
3 0 34.974 0.000 9.371 35.898 0.000 4.726 36.683 0.000 4.829
3 0 35.739 0.000 9.576 34.184 0.000 14.159 33.452 0.000 13.856
3 0 33.452 0.000 13.856 34.974 0.000 9.371 35.739 0.000 9.576
3 0 34.184 0.000 14.159 32.043 0.000 18.500 31.273 0.000 18.231
3 0 31.273 0.000 18.231 33.452 0.000 13.856 34.184 0.000 14.159
3 0 25.700 0.000 12.700 31.273 0.000 18.231 31.406 0.000 19.453
3 0 31.406 0.000 19.453 24.900 0.000 13.000 25.700 0.000 12.700
3 0 32.043 0.000 18.500 31.406 0.000 19.453 31.273 0.000 18.231
3 0 37.000 0.000 0.000 36.208 0.000 0.000 35.898 0.000 -4.726
3 0 35.898 0.000 -4.726 36.683 0.000 -4.829 37.000 0.000 0.000
3 0 36.683 0.000 -4.829 35.898 0.000 -4.726 34.974 0.000 -9.371
3 0 34.974 0.000 -9.371 35.739 0.000 -9.576 36.683 0.000 -4.829
3 0 35.739 0.000 -9.576 34.974 0.000 -9.371 33.452 0.000 -13.856
3 0 33.452 0.000 -13.856 34.184 0.000 -14.159 35.739 0.000 -9.576
3 0 34.184 0.000 -14.159 33.452 0.000 -13.856 31.273 0.000 -18.231
3 0 31.273 0.000 -18.231 32.043 0.000 -18.500 34.184 0.000 -14.159
3 0 25.700 0.000 -12.700 24.900 0.000 -13.000 31.406 0.000 -19.453
3 0 31.406 0.000 -19.453 31.273 0.000 -18.231 25.700 0.000 -12.700
3 0 31.406 0.000 -19.453 32.043 0.000 -18.500 31.273 0.000 -18.231
3 0 26.163 0.000 26.163 22.524 0.000 29.354 22.052 0.000 28.738
3 0 22.052 0.000 28.738 25.614 0.000 25.614 26.163 0.000 26.163
3 0 22.524 0.000 29.354 18.500 0.000 32.043 18.112 0.000 31.371
3 0 18.112 0.000 31.371 22.052 0.000 28.738 22.524 0.000 29.354
3 0 18.500 0.000 32.043 14.159 0.000 34.184 13.862 0.000 33.467
3 0 13.862 0.000 33.467 18.112 0.000 31.371 18.500 0.000 32.043
3 0 14.159 0.000 34.184 9.576 0.000 35.739 9.375 0.000 34.990
3 0 9.375 0.000 34.990 13.862 0.000 33.467 14.159 0.000 34.184
3 0 9.576 0.000 35.739 4.829 0.000 36.683 4.728 0.000 35.914
3 0 4.728 0.000 35.914 9.375 0.000 34.990 9.576 0.000 35.739
3 0 4.829 0.000 36.683 0.000 0.000 37.000 0.000 0.000 36.224
3 0 0.000 0.000 36.224 4.728 0.000 35.914 4.829 0.000 36.683
3 0 28.966 0.000 22.966 26.163 0.000 26.163 25.614 0.000 25.614
3 0 25.614 0.000 25.614 27.918 0.000 22.988 28.966 0.000 22.966
3 0 22.000 0.000 15.900 28.966 0.000 22.966 27.918 0.000 22.988
3 0 27.918 0.000 22.988 21.700 0.000 16.700 22.000 0.000 15.900
3 0 -26.163 0.000 -26.163 -22.524 0.000 -29.354 -22.052 0.000 -28.738
3 0 -22.052 0.000 -28.738 -25.614 0.000 -25.614 -26.163 0.000 -26.163
3 0 -22.524 0.000 -29.354 -18.500 0.000 -32.043 -18.112 0.000 -31.371
3 0 -18.112 0.000 -31.371 -22.052 0.000 -28.738 -22.524 0.000 -29.354
3 0 -18.500 0.000 -32.043 -14.159 0.000 -34.184 -13.862 0.000 -33.467
3 0 -13.862 0.000 -33.467 -18.112 0.000 -31.371 -18.500 0.000 -32.043
3 0 -14.159 0.000 -34.184 -9.576 0.000 -35.739 -9.375 0.000 -34.990
3 0 -9.375 0.000 -34.990 -13.862 0.000 -33.467 -14.159 0.000 -34.184
3 0 -9.576 0.000 -35.739 -4.829 0.000 -36.683 -4.728 0.000 -35.914
3 0 -4.728 0.000 -35.914 -9.375 0.000 -34.990 -9.576 0.000 -35.739
3 0 -4.829 0.000 -36.683 0.000 0.000 -37.000 0.000 0.000 -36.224
3 0 0.000 0.000 -36.224 -4.728 0.000 -35.914 -4.829 0.000 -36.683
3 0 -28.966 0.000 -22.966 -26.163 0.000 -26.163 -25.614 0.000 -25.614
3 0 -25.614 0.000 -25.614 -27.918 0.000 -22.988 -28.966 0.000 -22.966
3 0 -22.000 0.000 -15.900 -28.966 0.000 -22.966 -27.918 0.000 -22.988
3 0 -27.918 0.000 -22.988 -21.700 0.000 -16.700 -22.000 0.000 -15.900
3 0 26.163 0.000 -26.163 25.614 0.000 -25.614 22.052 0.000 -28.738
3 0 22.052 0.000 -28.738 22.524 0.000 -29.354 26.163 0.000 -26.163
3 0 22.524 0.000 -29.354 22.052 0.000 -28.738 18.112 0.000 -31.371
3 0 18.112 0.000 -31.371 18.500 0.000 -32.043 22.524 0.000 -29.354
3 0 18.500 0.000 -32.043 18.112 0.000 -31.371 13.862 0.000 -33.467
3 0 13.862 0.000 -33.467 14.159 0.000 -34.184 18.500 0.000 -32.043
3 0 14.159 0.000 -34.184 13.862 0.000 -33.467 9.375 0.000 -34.990
3 0 9.375 0.000 -34.990 9.576 0.000 -35.739 14.159 0.000 -34.184
3 0 9.576 0.000 -35.739 9.375 0.000 -34.990 4.728 0.000 -35.914
3 0 4.728 0.000 -35.914 4.829 0.000 -36.683 9.576 0.000 -35.739
3 0 4.829 0.000 -36.683 4.728 0.000 -35.914 0.000 0.000 -36.224
3 0 0.000 0.000 -36.224 0.000 0.000 -37.000 4.829 0.000 -36.683
3 0 28.966 0.000 -22.966 27.918 0.000 -22.988 25.614 0.000 -25.614
3 0 25.614 0.000 -25.614 26.163 0.000 -26.163 28.966 0.000 -22.966
3 0 22.000 0.000 -15.900 21.700 0.000 -16.700 27.918 0.000 -22.988
3 0 27.918 0.000 -22.988 28.966 0.000 -22.966 22.000 0.000 -15.900
3 0 -22.000 0.000 15.900 22.000 0.000 15.900 21.700 0.000 16.700
3 0 21.700 0.000 16.700 -21.700 0.000 16.700 -22.000 0.000 15.900
3 0 -25.700 0.000 -12.700 -24.900 0.000 -13.000 -24.900 0.000 13.000
3 0 -24.900 0.000 13.000 -25.700 0.000 12.700 -25.700 0.000 -12.700
3 0 24.900 0.000 -13.000 25.700 0.000 -12.700 25.700 0.000 12.700
3 0 25.700 0.000 12.700 24.900 0.000 13.000 24.900 0.000 -13.000
3 0 -21.700 0.000 -16.700 21.700 0.000 -16.700 22.000 0.000 -15.900
3 0 22.000 0.000 -15.900 -22.000 0.000 -15.900 -21.700 0.000 -16.700
3 25 -25.700 0.000 -12.700 -33.452 0.000 -13.856 -31.273 0.000 -18.231
3 25 -34.974 0.000 -9.371 -33.452 0.000 -13.856 -25.700 0.000 -12.700
3 25 -35.898 0.000 -4.726 -34.974 0.000 -9.371 -25.700 0.000 -12.700
3 25 -36.208 0.000 0.000 -35.898 0.000 -4.726 -25.700 0.000 -12.700
3 25 -25.700 0.000 12.700 -36.208 0.000 0.000 -25.700 0.000 -12.700
3 25 -25.700 0.000 12.700 -35.898 0.000 4.726 -36.208 0.000 0.000
3 25 -25.700 0.000 12.700 -34.974 0.000 9.371 -35.898 0.000 4.726
3 25 -33.452 0.000 13.856 -34.974 0.000 9.371 -25.700 0.000 12.700
3 25 -31.273 0.000 18.231 -33.452 0.000 13.856 -25.700 0.000 12.700
3 25 25.700 0.000 -12.700 31.273 0.000 -18.231 33.452 0.000 -13.856
3 25 34.974 0.000 -9.371 25.700 0.000 -12.700 33.452 0.000 -13.856
3 25 35.898 0.000 -4.726 25.700 0.000 -12.700 34.974 0.000 -9.371
3 25 36.208 0.000 0.000 25.700 0.000 -12.700 35.898 0.000 -4.726
3 25 25.700 0.000 12.700 25.700 0.000 -12.700 36.208 0.000 0.000
3 25 25.700 0.000 12.700 36.208 0.000 0.000 35.898 0.000 4.726
3 25 25.700 0.000 12.700 35.898 0.000 4.726 34.974 0.000 9.371
3 25 33.452 0.000 13.856 25.700 0.000 12.700 34.974 0.000 9.371
3 25 31.273 0.000 18.231 25.700 0.000 12.700 33.452 0.000 13.856
