0 FILE 18603c02p0h.dat
0 Dimensions Toy Tag 4 x 4 x 2/3 with 2 Studs and Trans-Light Blue Bottom with Black and Red Diamonds on Halves Background Pattern (Harley Quinn)
0 Name:  18603c02p0h.dat
0 Author:  
0 BL_Item_No 18605c01pb10
0 BFC CERTIFY CCW
1 16 0.0000 8.0000 0.0000 1.0000 0.0000 0.0000 0.0000 1.0000 0.0000 0.0000 0.0000 1.0000 18603.dat
1 47 0.0000 11.0000 0.0000 1.0000 0.0000 0.0000 0.0000 1.0000 0.0000 0.0000 0.0000 1.0000 u9512.dat
3 0 8.400 0.000 -23.000 6.200 0.000 -19.500 4.000 0.000 -23.000
3 0 4.000 0.000 -23.000 6.200 0.000 -26.500 8.400 0.000 -23.000
3 0 15.800 0.000 -23.000 13.600 0.000 -19.500 11.400 0.000 -23.000
3 0 11.400 0.000 -23.000 13.600 0.000 -26.500 15.800 0.000 -23.000
3 0 7.700 0.000 -29.600 9.900 0.000 -33.100 12.100 0.000 -29.600
3 0 12.100 0.000 -29.600 9.900 0.000 -26.100 7.700 0.000 -29.600
3 4 -17.300 0.000 22.400 -14.100 0.000 17.900 -10.900 0.000 22.400
3 4 -10.900 0.000 22.400 -14.100 0.000 26.900 -17.300 0.000 22.400
3 4 -9.900 0.000 22.400 -6.700 0.000 17.900 -3.500 0.000 22.400
3 4 -3.500 0.000 22.400 -6.700 0.000 26.900 -9.900 0.000 22.400
3 4 -13.600 0.000 29.100 -10.400 0.000 24.600 -7.200 0.000 29.100
3 4 -7.200 0.000 29.100 -10.400 0.000 33.600 -13.600 0.000 29.100
3 0 -27.918 0.000 22.988 -21.700 0.000 16.700 -17.300 0.000 22.400
3 0 -17.300 0.000 22.400 -25.614 0.000 25.614 -27.918 0.000 22.988
3 0 -17.300 0.000 22.400 -14.100 0.000 26.900 -22.052 0.000 28.738
3 0 -22.052 0.000 28.738 -25.614 0.000 25.614 -17.300 0.000 22.400
3 0 -18.112 0.000 31.371 -22.052 0.000 28.738 -14.100 0.000 26.900
3 0 -14.100 0.000 26.900 -13.600 0.000 29.100 -18.112 0.000 31.371
3 0 -13.600 0.000 29.100 -10.400 0.000 33.600 -13.862 0.000 33.467
3 0 -13.862 0.000 33.467 -18.112 0.000 31.371 -13.600 0.000 29.100
3 0 -9.376 0.000 34.990 -13.862 0.000 33.467 -10.400 0.000 33.600
3 0 -7.200 0.000 29.100 -4.728 0.000 35.914 -9.376 0.000 34.990
3 0 -9.376 0.000 34.990 -10.400 0.000 33.600 -7.200 0.000 29.100
3 0 0.000 0.000 36.224 -4.728 0.000 35.914 -7.200 0.000 29.100
3 0 -7.200 0.000 29.100 -6.700 0.000 26.900 0.000 0.000 36.224
3 0 0.000 0.000 36.224 -6.700 0.000 26.900 -3.500 0.000 22.400
3 0 -3.500 0.000 22.400 -6.700 0.000 17.900 0.000 0.000 16.700
3 0 0.000 0.000 36.224 -3.500 0.000 22.400 0.000 0.000 16.700
3 0 -14.100 0.000 26.900 -10.900 0.000 22.400 -10.400 0.000 24.600
3 0 -10.400 0.000 24.600 -13.600 0.000 29.100 -14.100 0.000 26.900
3 0 -10.400 0.000 24.600 -10.900 0.000 22.400 -9.900 0.000 22.400
3 0 -9.900 0.000 22.400 -7.200 0.000 29.100 -10.400 0.000 24.600
3 0 -7.200 0.000 29.100 -9.900 0.000 22.400 -6.700 0.000 26.900
3 0 -6.700 0.000 17.900 -9.900 0.000 22.400 -10.900 0.000 22.400
3 0 -10.900 0.000 22.400 -14.100 0.000 17.900 -6.700 0.000 17.900
3 0 -17.300 0.000 22.400 -21.700 0.000 16.700 -14.100 0.000 17.900
3 0 0.000 0.000 16.700 -6.700 0.000 17.900 -14.100 0.000 17.900
3 0 -14.100 0.000 17.900 -21.700 0.000 16.700 0.000 0.000 16.700
3 4 4.728 0.000 35.914 0.000 0.000 36.224 0.000 0.000 16.700
3 4 0.000 0.000 16.700 9.376 0.000 34.990 4.728 0.000 35.914
3 4 0.000 0.000 16.700 18.112 0.000 31.371 13.862 0.000 33.467
3 4 13.862 0.000 33.467 9.376 0.000 34.990 0.000 0.000 16.700
3 4 22.052 0.000 28.738 18.112 0.000 31.371 0.000 0.000 16.700
3 4 0.000 0.000 16.700 25.614 0.000 25.614 22.052 0.000 28.738
3 4 0.000 0.000 16.700 21.700 0.000 16.700 27.918 0.000 22.988
3 4 27.918 0.000 22.988 25.614 0.000 25.614 0.000 0.000 16.700
3 4 -25.700 0.000 12.700 -31.273 0.000 18.231 -33.452 0.000 13.856
3 4 -33.452 0.000 13.856 -34.974 0.000 9.371 -25.700 0.000 12.700
3 4 -25.700 0.000 12.700 -34.974 0.000 9.371 -35.898 0.000 4.726
3 4 -35.898 0.000 4.726 -36.208 0.000 0.000 -25.700 0.000 12.700
3 4 -36.208 0.000 0.000 -35.898 0.000 -4.726 -25.700 0.000 -12.700
3 4 -25.700 0.000 -12.700 -25.700 0.000 12.700 -36.208 0.000 0.000
3 4 -25.700 0.000 -12.700 -35.898 0.000 -4.726 -34.974 0.000 -9.371
3 4 -34.974 0.000 -9.371 -33.452 0.000 -13.856 -25.700 0.000 -12.700
3 4 -25.700 0.000 -12.700 -33.452 0.000 -13.856 -31.273 0.000 -18.231
3 0 25.700 0.000 12.700 34.974 0.000 9.371 33.452 0.000 13.856
3 0 33.452 0.000 13.856 31.273 0.000 18.231 25.700 0.000 12.700
3 0 35.898 0.000 4.726 34.974 0.000 9.371 25.700 0.000 12.700
3 0 25.700 0.000 12.700 36.208 0.000 0.000 35.898 0.000 4.726
3 0 25.700 0.000 12.700 25.700 0.000 -12.700 36.208 0.000 0.000
3 0 35.898 0.000 -4.726 36.208 0.000 0.000 25.700 0.000 -12.700
3 0 25.700 0.000 -12.700 34.974 0.000 -9.371 35.898 0.000 -4.726
3 0 25.700 0.000 -12.700 31.273 0.000 -18.231 33.452 0.000 -13.856
3 0 33.452 0.000 -13.856 34.974 0.000 -9.371 25.700 0.000 -12.700
3 0 -27.918 0.000 -22.988 -25.614 0.000 -25.614 0.000 0.000 -16.700
3 0 0.000 0.000 -16.700 -21.700 0.000 -16.700 -27.918 0.000 -22.988
3 0 -22.052 0.000 -28.738 -18.112 0.000 -31.371 0.000 0.000 -16.700
3 0 0.000 0.000 -16.700 -25.614 0.000 -25.614 -22.052 0.000 -28.738
3 0 0.000 0.000 -16.700 -18.112 0.000 -31.371 -13.862 0.000 -33.467
3 0 -9.376 0.000 -34.990 -4.728 0.000 -35.914 0.000 0.000 -16.700
3 0 0.000 0.000 -16.700 -13.862 0.000 -33.467 -9.376 0.000 -34.990
3 0 0.000 0.000 -16.700 -4.728 0.000 -35.914 0.000 0.000 -36.224
3 4 6.200 0.000 -26.500 7.700 0.000 -29.600 9.900 0.000 -26.100
3 4 9.900 0.000 -26.100 8.400 0.000 -23.000 6.200 0.000 -26.500
3 4 9.900 0.000 -26.100 12.100 0.000 -29.600 13.600 0.000 -26.500
3 4 9.900 0.000 -26.100 13.600 0.000 -26.500 11.400 0.000 -23.000
3 4 11.400 0.000 -23.000 8.400 0.000 -23.000 9.900 0.000 -26.100
3 4 11.400 0.000 -23.000 13.600 0.000 -19.500 6.200 0.000 -19.500
3 4 6.200 0.000 -19.500 8.400 0.000 -23.000 11.400 0.000 -23.000
3 4 0.000 0.000 -16.700 4.000 0.000 -23.000 6.200 0.000 -19.500
3 4 13.600 0.000 -19.500 21.700 0.000 -16.700 0.000 0.000 -16.700
3 4 0.000 0.000 -16.700 6.200 0.000 -19.500 13.600 0.000 -19.500
3 4 15.800 0.000 -23.000 27.918 0.000 -22.988 21.700 0.000 -16.700
3 4 21.700 0.000 -16.700 13.600 0.000 -19.500 15.800 0.000 -23.000
3 4 25.614 0.000 -25.614 27.918 0.000 -22.988 15.800 0.000 -23.000
3 4 15.800 0.000 -23.000 22.052 0.000 -28.738 25.614 0.000 -25.614
3 4 18.112 0.000 -31.371 22.052 0.000 -28.738 15.800 0.000 -23.000
3 4 15.800 0.000 -23.000 13.600 0.000 -26.500 18.112 0.000 -31.371
3 4 13.600 0.000 -26.500 12.100 0.000 -29.600 13.862 0.000 -33.467
3 4 13.862 0.000 -33.467 18.112 0.000 -31.371 13.600 0.000 -26.500
3 4 9.900 0.000 -33.100 9.376 0.000 -34.990 13.862 0.000 -33.467
3 4 13.862 0.000 -33.467 12.100 0.000 -29.600 9.900 0.000 -33.100
3 4 9.376 0.000 -34.990 9.900 0.000 -33.100 7.700 0.000 -29.600
3 4 7.700 0.000 -29.600 4.728 0.000 -35.914 9.376 0.000 -34.990
3 4 6.200 0.000 -26.500 0.000 0.000 -36.224 4.728 0.000 -35.914
3 4 4.728 0.000 -35.914 7.700 0.000 -29.600 6.200 0.000 -26.500
3 4 0.000 0.000 -36.224 6.200 0.000 -26.500 4.000 0.000 -23.000
3 4 4.000 0.000 -23.000 0.000 0.000 -16.700 0.000 0.000 -36.224
1 16 0.0000 0.0000 0.0000 1.0000 0.0000 0.0000 0.0000 1.0000 0.0000 0.0000 0.0000 1.0000 s/18605s01.dat
3 16 -40.000 0.000 0.000 -37.000 0.000 0.000 -36.683 0.000 4.829
3 16 -36.683 0.000 4.829 -39.656 0.000 5.220 -40.000 0.000 0.000
3 16 -39.656 0.000 5.220 -36.683 0.000 4.829 -35.739 0.000 9.576
3 16 -35.739 0.000 9.576 -38.636 0.000 10.352 -39.656 0.000 5.220
3 16 -38.636 0.000 10.352 -35.739 0.000 9.576 -34.184 0.000 14.159
3 16 -34.184 0.000 14.159 -36.956 0.000 15.308 -38.636 0.000 10.352
3 16 -36.956 0.000 15.308 -34.184 0.000 14.159 -32.043 0.000 18.500
3 16 -32.043 0.000 18.500 -34.640 0.000 20.000 -36.956 0.000 15.308
3 16 -34.640 0.000 20.000 -32.043 0.000 18.500 -31.406 0.000 19.453
3 16 -31.406 0.000 19.453 -31.736 0.000 24.352 -34.640 0.000 20.000
3 16 -28.284 0.000 28.284 -26.163 0.000 26.163 -22.524 0.000 29.354
3 16 -22.524 0.000 29.354 -24.352 0.000 31.736 -28.284 0.000 28.284
3 16 -24.352 0.000 31.736 -22.524 0.000 29.354 -18.500 0.000 32.043
3 16 -18.500 0.000 32.043 -20.000 0.000 34.640 -24.352 0.000 31.736
3 16 -18.500 0.000 32.043 -14.159 0.000 34.184 -15.308 0.000 36.956
3 16 -15.308 0.000 36.956 -20.000 0.000 34.640 -18.500 0.000 32.043
3 16 -14.159 0.000 34.184 -9.576 0.000 35.739 -10.352 0.000 38.636
3 16 -10.352 0.000 38.636 -15.308 0.000 36.956 -14.159 0.000 34.184
3 16 -9.576 0.000 35.739 -4.829 0.000 36.683 -5.220 0.000 39.656
3 16 -5.220 0.000 39.656 -10.352 0.000 38.636 -9.576 0.000 35.739
3 16 -4.829 0.000 36.683 0.000 0.000 37.000 0.000 0.000 40.000
3 16 0.000 0.000 40.000 -5.220 0.000 39.656 -4.829 0.000 36.683
3 16 40.000 0.000 0.000 39.656 0.000 5.220 36.683 0.000 4.829
3 16 36.683 0.000 4.829 37.000 0.000 0.000 40.000 0.000 0.000
3 16 39.656 0.000 5.220 38.636 0.000 10.352 35.739 0.000 9.576
3 16 35.739 0.000 9.576 36.683 0.000 4.829 39.656 0.000 5.220
3 16 38.636 0.000 10.352 36.956 0.000 15.308 34.184 0.000 14.159
3 16 34.184 0.000 14.159 35.739 0.000 9.576 38.636 0.000 10.352
3 16 36.956 0.000 15.308 34.640 0.000 20.000 32.043 0.000 18.500
3 16 32.043 0.000 18.500 34.184 0.000 14.159 36.956 0.000 15.308
3 16 34.640 0.000 20.000 31.736 0.000 24.352 31.406 0.000 19.453
3 16 31.406 0.000 19.453 32.043 0.000 18.500 34.640 0.000 20.000
3 16 28.284 0.000 28.284 24.352 0.000 31.736 22.524 0.000 29.354
3 16 22.524 0.000 29.354 26.163 0.000 26.163 28.284 0.000 28.284
3 16 24.352 0.000 31.736 20.000 0.000 34.640 18.500 0.000 32.043
3 16 18.500 0.000 32.043 22.524 0.000 29.354 24.352 0.000 31.736
3 16 18.500 0.000 32.043 20.000 0.000 34.640 15.308 0.000 36.956
3 16 15.308 0.000 36.956 14.159 0.000 34.184 18.500 0.000 32.043
3 16 14.159 0.000 34.184 15.308 0.000 36.956 10.352 0.000 38.636
3 16 10.352 0.000 38.636 9.576 0.000 35.739 14.159 0.000 34.184
3 16 9.576 0.000 35.739 10.352 0.000 38.636 5.220 0.000 39.656
3 16 5.220 0.000 39.656 4.829 0.000 36.683 9.576 0.000 35.739
3 16 4.829 0.000 36.683 5.220 0.000 39.656 0.000 0.000 40.000
3 16 0.000 0.000 40.000 0.000 0.000 37.000 4.829 0.000 36.683
3 16 -40.000 0.000 0.000 -39.656 0.000 -5.220 -36.683 0.000 -4.829
3 16 -36.683 0.000 -4.829 -37.000 0.000 0.000 -40.000 0.000 0.000
3 16 -39.656 0.000 -5.220 -38.636 0.000 -10.352 -35.739 0.000 -9.576
3 16 -35.739 0.000 -9.576 -36.683 0.000 -4.829 -39.656 0.000 -5.220
3 16 -38.636 0.000 -10.352 -36.956 0.000 -15.308 -34.184 0.000 -14.159
3 16 -34.184 0.000 -14.159 -35.739 0.000 -9.576 -38.636 0.000 -10.352
3 16 -36.956 0.000 -15.308 -34.640 0.000 -20.000 -32.043 0.000 -18.500
3 16 -32.043 0.000 -18.500 -34.184 0.000 -14.159 -36.956 0.000 -15.308
3 16 -34.640 0.000 -20.000 -31.736 0.000 -24.352 -31.406 0.000 -19.453
3 16 -31.406 0.000 -19.453 -32.043 0.000 -18.500 -34.640 0.000 -20.000
3 16 -28.284 0.000 -28.284 -24.352 0.000 -31.736 -22.524 0.000 -29.354
3 16 -22.524 0.000 -29.354 -26.163 0.000 -26.163 -28.284 0.000 -28.284
3 16 -24.352 0.000 -31.736 -20.000 0.000 -34.640 -18.500 0.000 -32.043
3 16 -18.500 0.000 -32.043 -22.524 0.000 -29.354 -24.352 0.000 -31.736
3 16 -18.500 0.000 -32.043 -20.000 0.000 -34.640 -15.308 0.000 -36.956
3 16 -15.308 0.000 -36.956 -14.159 0.000 -34.184 -18.500 0.000 -32.043
3 16 -14.159 0.000 -34.184 -15.308 0.000 -36.956 -10.352 0.000 -38.636
3 16 -10.352 0.000 -38.636 -9.576 0.000 -35.739 -14.159 0.000 -34.184
3 16 -9.576 0.000 -35.739 -10.352 0.000 -38.636 -5.220 0.000 -39.656
3 16 -5.220 0.000 -39.656 -4.829 0.000 -36.683 -9.576 0.000 -35.739
3 16 -4.829 0.000 -36.683 -5.220 0.000 -39.656 0.000 0.000 -40.000
3 16 0.000 0.000 -40.000 0.000 0.000 -37.000 -4.829 0.000 -36.683
3 16 40.000 0.000 0.000 37.000 0.000 0.000 36.683 0.000 -4.829
3 16 36.683 0.000 -4.829 39.656 0.000 -5.220 40.000 0.000 0.000
3 16 39.656 0.000 -5.220 36.683 0.000 -4.829 35.739 0.000 -9.576
3 16 35.739 0.000 -9.576 38.636 0.000 -10.352 39.656 0.000 -5.220
3 16 38.636 0.000 -10.352 35.739 0.000 -9.576 34.184 0.000 -14.159
3 16 34.184 0.000 -14.159 36.956 0.000 -15.308 38.636 0.000 -10.352
3 16 36.956 0.000 -15.308 34.184 0.000 -14.159 32.043 0.000 -18.500
3 16 32.043 0.000 -18.500 34.640 0.000 -20.000 36.956 0.000 -15.308
3 16 34.640 0.000 -20.000 32.043 0.000 -18.500 31.406 0.000 -19.453
3 16 31.406 0.000 -19.453 31.736 0.000 -24.352 34.640 0.000 -20.000
3 16 28.284 0.000 -28.284 26.163 0.000 -26.163 22.524 0.000 -29.354
3 16 22.524 0.000 -29.354 24.352 0.000 -31.736 28.284 0.000 -28.284
3 16 24.352 0.000 -31.736 22.524 0.000 -29.354 18.500 0.000 -32.043
3 16 18.500 0.000 -32.043 20.000 0.000 -34.640 24.352 0.000 -31.736
3 16 18.500 0.000 -32.043 14.159 0.000 -34.184 15.308 0.000 -36.956
3 16 15.308 0.000 -36.956 20.000 0.000 -34.640 18.500 0.000 -32.043
3 16 14.159 0.000 -34.184 9.576 0.000 -35.739 10.352 0.000 -38.636
3 16 10.352 0.000 -38.636 15.308 0.000 -36.956 14.159 0.000 -34.184
3 16 9.576 0.000 -35.739 4.829 0.000 -36.683 5.220 0.000 -39.656
3 16 5.220 0.000 -39.656 10.352 0.000 -38.636 9.576 0.000 -35.739
3 16 4.829 0.000 -36.683 0.000 0.000 -37.000 0.000 0.000 -40.000
3 16 0.000 0.000 -40.000 5.220 0.000 -39.656 4.829 0.000 -36.683
3 16 22.000 0.000 -15.900 28.966 0.000 -22.966 31.406 0.000 -19.453
3 16 31.406 0.000 -19.453 24.900 0.000 -13.000 22.000 0.000 -15.900
3 16 -24.900 0.000 13.000 -22.000 0.000 15.900 -28.966 0.000 22.966
3 16 -28.966 0.000 22.966 -31.406 0.000 19.453 -24.900 0.000 13.000
3 16 -31.406 0.000 -19.453 -28.966 0.000 -22.966 -22.000 0.000 -15.900
3 16 -22.000 0.000 -15.900 -24.900 0.000 -13.000 -31.406 0.000 -19.453
3 16 -31.406 0.000 19.453 -28.966 0.000 22.966 -28.284 0.000 28.284
3 16 -28.284 0.000 28.284 -31.736 0.000 24.352 -31.406 0.000 19.453
3 16 -28.284 0.000 28.284 -28.966 0.000 22.966 -26.163 0.000 26.163
3 16 28.966 0.000 22.966 31.736 0.000 24.352 28.284 0.000 28.284
3 16 28.284 0.000 28.284 26.163 0.000 26.163 28.966 0.000 22.966
3 16 31.736 0.000 24.352 28.966 0.000 22.966 24.900 0.000 13.000
3 16 24.900 0.000 13.000 31.406 0.000 19.453 31.736 0.000 24.352
3 16 26.163 0.000 -26.163 28.284 0.000 -28.284 31.736 0.000 -24.352
3 16 31.736 0.000 -24.352 28.966 0.000 -22.966 26.163 0.000 -26.163
3 16 31.406 0.000 -19.453 28.966 0.000 -22.966 31.736 0.000 -24.352
3 16 -31.406 0.000 -19.453 -31.736 0.000 -24.352 -28.284 0.000 -28.284
3 16 -28.284 0.000 -28.284 -28.966 0.000 -22.966 -31.406 0.000 -19.453
3 16 -28.284 0.000 -28.284 -26.163 0.000 -26.163 -28.966 0.000 -22.966
3 16 22.000 0.000 15.900 24.900 0.000 13.000 28.966 0.000 22.966
3 16 -22.000 0.000 15.900 -24.900 0.000 13.000 24.900 0.000 13.000
3 16 24.900 0.000 13.000 22.000 0.000 15.900 -22.000 0.000 15.900
3 16 -24.900 0.000 13.000 -24.900 0.000 -13.000 24.900 0.000 -13.000
3 16 24.900 0.000 -13.000 24.900 0.000 13.000 -24.900 0.000 13.000
3 16 -22.000 0.000 -15.900 22.000 0.000 -15.900 24.900 0.000 -13.000
3 16 24.900 0.000 -13.000 -24.900 0.000 -13.000 -22.000 0.000 -15.900
3 0 -37.000 0.000 0.000 -36.208 0.000 0.000 -35.898 0.000 4.726
3 0 -35.898 0.000 4.726 -36.683 0.000 4.829 -37.000 0.000 0.000
3 0 -36.683 0.000 4.829 -35.898 0.000 4.726 -34.974 0.000 9.371
3 0 -34.974 0.000 9.371 -35.739 0.000 9.576 -36.683 0.000 4.829
3 0 -35.739 0.000 9.576 -34.974 0.000 9.371 -33.452 0.000 13.856
3 0 -33.452 0.000 13.856 -34.184 0.000 14.159 -35.739 0.000 9.576
3 0 -34.184 0.000 14.159 -33.452 0.000 13.856 -31.273 0.000 18.231
3 0 -31.273 0.000 18.231 -32.043 0.000 18.500 -34.184 0.000 14.159
3 0 -26.163 0.000 26.163 -25.614 0.000 25.614 -22.052 0.000 28.738
3 0 -22.052 0.000 28.738 -22.524 0.000 29.354 -26.163 0.000 26.163
3 0 -22.524 0.000 29.354 -22.052 0.000 28.738 -18.112 0.000 31.371
3 0 -18.112 0.000 31.371 -18.500 0.000 32.043 -22.524 0.000 29.354
3 0 -18.500 0.000 32.043 -18.112 0.000 31.371 -13.862 0.000 33.467
3 0 -13.862 0.000 33.467 -14.159 0.000 34.184 -18.500 0.000 32.043
3 0 -14.159 0.000 34.184 -13.862 0.000 33.467 -9.375 0.000 34.990
3 0 -9.375 0.000 34.990 -9.576 0.000 35.739 -14.159 0.000 34.184
3 0 -9.576 0.000 35.739 -9.375 0.000 34.990 -4.728 0.000 35.914
3 0 -4.728 0.000 35.914 -4.829 0.000 36.683 -9.576 0.000 35.739
3 0 -4.829 0.000 36.683 -4.728 0.000 35.914 0.000 0.000 36.224
3 0 0.000 0.000 36.224 0.000 0.000 37.000 -4.829 0.000 36.683
3 0 -25.700 0.000 12.700 -24.900 0.000 13.000 -31.406 0.000 19.453
3 0 -31.406 0.000 19.453 -31.273 0.000 18.231 -25.700 0.000 12.700
3 0 -31.273 0.000 18.231 -31.406 0.000 19.453 -32.043 0.000 18.500
3 0 -28.966 0.000 22.966 -27.918 0.000 22.988 -25.614 0.000 25.614
3 0 -25.614 0.000 25.614 -26.163 0.000 26.163 -28.966 0.000 22.966
3 0 -22.000 0.000 15.900 -21.700 0.000 16.700 -27.918 0.000 22.988
3 0 -27.918 0.000 22.988 -28.966 0.000 22.966 -22.000 0.000 15.900
3 0 -37.000 0.000 0.000 -36.683 0.000 -4.829 -35.898 0.000 -4.726
3 0 -35.898 0.000 -4.726 -36.208 0.000 0.000 -37.000 0.000 0.000
3 0 -36.683 0.000 -4.829 -35.739 0.000 -9.576 -34.974 0.000 -9.371
3 0 -34.974 0.000 -9.371 -35.898 0.000 -4.726 -36.683 0.000 -4.829
3 0 -35.739 0.000 -9.576 -34.184 0.000 -14.159 -33.452 0.000 -13.856
3 0 -33.452 0.000 -13.856 -34.974 0.000 -9.371 -35.739 0.000 -9.576
3 0 -34.184 0.000 -14.159 -32.043 0.000 -18.500 -31.273 0.000 -18.231
3 0 -31.273 0.000 -18.231 -33.452 0.000 -13.856 -34.184 0.000 -14.159
3 0 -25.700 0.000 -12.700 -31.273 0.000 -18.231 -31.406 0.000 -19.453
3 0 -31.406 0.000 -19.453 -24.900 0.000 -13.000 -25.700 0.000 -12.700
3 0 -31.273 0.000 -18.231 -32.043 0.000 -18.500 -31.406 0.000 -19.453
3 0 37.000 0.000 0.000 36.683 0.000 4.829 35.898 0.000 4.726
3 0 35.898 0.000 4.726 36.208 0.000 0.000 37.000 0.000 0.000
3 0 36.683 0.000 4.829 35.739 0.000 9.576 34.974 0.000 9.371
3 0 34.974 0.000 9.371 35.898 0.000 4.726 36.683 0.000 4.829
3 0 35.739 0.000 9.576 34.184 0.000 14.159 33.452 0.000 13.856
3 0 33.452 0.000 13.856 34.974 0.000 9.371 35.739 0.000 9.576
3 0 34.184 0.000 14.159 32.043 0.000 18.500 31.273 0.000 18.231
3 0 31.273 0.000 18.231 33.452 0.000 13.856 34.184 0.000 14.159
3 0 25.700 0.000 12.700 31.273 0.000 18.231 31.406 0.000 19.453
3 0 31.406 0.000 19.453 24.900 0.000 13.000 25.700 0.000 12.700
3 0 32.043 0.000 18.500 31.406 0.000 19.453 31.273 0.000 18.231
3 0 37.000 0.000 0.000 36.208 0.000 0.000 35.898 0.000 -4.726
3 0 35.898 0.000 -4.726 36.683 0.000 -4.829 37.000 0.000 0.000
3 0 36.683 0.000 -4.829 35.898 0.000 -4.726 34.974 0.000 -9.371
3 0 34.974 0.000 -9.371 35.739 0.000 -9.576 36.683 0.000 -4.829
3 0 35.739 0.000 -9.576 34.974 0.000 -9.371 33.452 0.000 -13.856
3 0 33.452 0.000 -13.856 34.184 0.000 -14.159 35.739 0.000 -9.576
3 0 34.184 0.000 -14.159 33.452 0.000 -13.856 31.273 0.000 -18.231
3 0 31.273 0.000 -18.231 32.043 0.000 -18.500 34.184 0.000 -14.159
3 0 25.700 0.000 -12.700 24.900 0.000 -13.000 31.406 0.000 -19.453
3 0 31.406 0.000 -19.453 31.273 0.000 -18.231 25.700 0.000 -12.700
3 0 31.406 0.000 -19.453 32.043 0.000 -18.500 31.273 0.000 -18.231
3 0 26.163 0.000 26.163 22.524 0.000 29.354 22.052 0.000 28.738
3 0 22.052 0.000 28.738 25.614 0.000 25.614 26.163 0.000 26.163
3 0 22.524 0.000 29.354 18.500 0.000 32.043 18.112 0.000 31.371
3 0 18.112 0.000 31.371 22.052 0.000 28.738 22.524 0.000 29.354
3 0 18.500 0.000 32.043 14.159 0.000 34.184 13.862 0.000 33.467
3 0 13.862 0.000 33.467 18.112 0.000 31.371 18.500 0.000 32.043
3 0 14.159 0.000 34.184 9.576 0.000 35.739 9.375 0.000 34.990
3 0 9.375 0.000 34.990 13.862 0.000 33.467 14.159 0.000 34.184
3 0 9.576 0.000 35.739 4.829 0.000 36.683 4.728 0.000 35.914
3 0 4.728 0.000 35.914 9.375 0.000 34.990 9.576 0.000 35.739
3 0 4.829 0.000 36.683 0.000 0.000 37.000 0.000 0.000 36.224
3 0 0.000 0.000 36.224 4.728 0.000 35.914 4.829 0.000 36.683
3 0 28.966 0.000 22.966 26.163 0.000 26.163 25.614 0.000 25.614
3 0 25.614 0.000 25.614 27.918 0.000 22.988 28.966 0.000 22.966
3 0 22.000 0.000 15.900 28.966 0.000 22.966 27.918 0.000 22.988
3 0 27.918 0.000 22.988 21.700 0.000 16.700 22.000 0.000 15.900
3 0 -26.163 0.000 -26.163 -22.524 0.000 -29.354 -22.052 0.000 -28.738
3 0 -22.052 0.000 -28.738 -25.614 0.000 -25.614 -26.163 0.000 -26.163
3 0 -22.524 0.000 -29.354 -18.500 0.000 -32.043 -18.112 0.000 -31.371
3 0 -18.112 0.000 -31.371 -22.052 0.000 -28.738 -22.524 0.000 -29.354
3 0 -18.500 0.000 -32.043 -14.159 0.000 -34.184 -13.862 0.000 -33.467
3 0 -13.862 0.000 -33.467 -18.112 0.000 -31.371 -18.500 0.000 -32.043
3 0 -14.159 0.000 -34.184 -9.576 0.000 -35.739 -9.375 0.000 -34.990
3 0 -9.375 0.000 -34.990 -13.862 0.000 -33.467 -14.159 0.000 -34.184
3 0 -9.576 0.000 -35.739 -4.829 0.000 -36.683 -4.728 0.000 -35.914
3 0 -4.728 0.000 -35.914 -9.375 0.000 -34.990 -9.576 0.000 -35.739
3 0 -4.829 0.000 -36.683 0.000 0.000 -37.000 0.000 0.000 -36.224
3 0 0.000 0.000 -36.224 -4.728 0.000 -35.914 -4.829 0.000 -36.683
3 0 -28.966 0.000 -22.966 -26.163 0.000 -26.163 -25.614 0.000 -25.614
3 0 -25.614 0.000 -25.614 -27.918 0.000 -22.988 -28.966 0.000 -22.966
3 0 -22.000 0.000 -15.900 -28.966 0.000 -22.966 -27.918 0.000 -22.988
3 0 -27.918 0.000 -22.988 -21.700 0.000 -16.700 -22.000 0.000 -15.900
3 0 26.163 0.000 -26.163 25.614 0.000 -25.614 22.052 0.000 -28.738
3 0 22.052 0.000 -28.738 22.524 0.000 -29.354 26.163 0.000 -26.163
3 0 22.524 0.000 -29.354 22.052 0.000 -28.738 18.112 0.000 -31.371
3 0 18.112 0.000 -31.371 18.500 0.000 -32.043 22.524 0.000 -29.354
3 0 18.500 0.000 -32.043 18.112 0.000 -31.371 13.862 0.000 -33.467
3 0 13.862 0.000 -33.467 14.159 0.000 -34.184 18.500 0.000 -32.043
3 0 14.159 0.000 -34.184 13.862 0.000 -33.467 9.375 0.000 -34.990
3 0 9.375 0.000 -34.990 9.576 0.000 -35.739 14.159 0.000 -34.184
3 0 9.576 0.000 -35.739 9.375 0.000 -34.990 4.728 0.000 -35.914
3 0 4.728 0.000 -35.914 4.829 0.000 -36.683 9.576 0.000 -35.739
3 0 4.829 0.000 -36.683 4.728 0.000 -35.914 0.000 0.000 -36.224
3 0 0.000 0.000 -36.224 0.000 0.000 -37.000 4.829 0.000 -36.683
3 0 28.966 0.000 -22.966 27.918 0.000 -22.988 25.614 0.000 -25.614
3 0 25.614 0.000 -25.614 26.163 0.000 -26.163 28.966 0.000 -22.966
3 0 22.000 0.000 -15.900 21.700 0.000 -16.700 27.918 0.000 -22.988
3 0 27.918 0.000 -22.988 28.966 0.000 -22.966 22.000 0.000 -15.900
3 0 -22.000 0.000 15.900 22.000 0.000 15.900 21.700 0.000 16.700
3 0 21.700 0.000 16.700 -21.700 0.000 16.700 -22.000 0.000 15.900
3 0 -25.700 0.000 -12.700 -24.900 0.000 -13.000 -24.900 0.000 13.000
3 0 -24.900 0.000 13.000 -25.700 0.000 12.700 -25.700 0.000 -12.700
3 0 24.900 0.000 -13.000 25.700 0.000 -12.700 25.700 0.000 12.700
3 0 25.700 0.000 12.700 24.900 0.000 13.000 24.900 0.000 -13.000
3 0 -21.700 0.000 -16.700 21.700 0.000 -16.700 22.000 0.000 -15.900
3 0 22.000 0.000 -15.900 -22.000 0.000 -15.900 -21.700 0.000 -16.700
