0 FILE 18603c02p1l.dat
0 Dimensions Toy Tag 4 x 4 x 2/3 with 2 Studs and Trans-Orange Bottom with Batman Logo on Silver Armor Plates Background Pattern (Excalibur Batman)
0 Name:  18603c02p1l.dat
0 Author:  
0 BL_Item_No 18605c02pb26
0 BFC CERTIFY CCW
1 16 0.0000 8.0000 0.0000 1.0000 0.0000 0.0000 0.0000 1.0000 0.0000 0.0000 0.0000 1.0000 18603.dat
1 47 0.0000 11.0000 0.0000 1.0000 0.0000 0.0000 0.0000 1.0000 0.0000 0.0000 0.0000 1.0000 u9512.dat
1 16 0.0000 0.0000 0.0000 1.0000 0.0000 0.0000 0.0000 1.0000 0.0000 0.0000 0.0000 1.0000 s/18605s01.dat
3 16 -36.290 0.000 4.780 -39.660 0.000 5.220 -40.000 0.000 0.000
3 16 -40.000 0.000 0.000 -36.600 0.000 0.000 -36.290 0.000 4.780
3 16 0.000 0.000 36.600 0.000 0.000 40.000 -5.220 0.000 39.660
3 16 -5.220 0.000 39.660 -4.780 0.000 36.290 0.000 0.000 36.600
3 16 -4.780 0.000 36.290 -5.220 0.000 39.660 -10.350 0.000 38.640
3 16 -10.350 0.000 38.640 -9.470 0.000 35.350 -4.780 0.000 36.290
3 16 -9.470 0.000 35.350 -10.350 0.000 38.640 -15.310 0.000 36.960
3 16 -15.310 0.000 36.960 -14.010 0.000 33.810 -9.470 0.000 35.350
3 16 -14.010 0.000 33.810 -15.310 0.000 36.960 -20.000 0.000 34.640
3 16 -20.000 0.000 34.640 -18.300 0.000 31.700 -14.010 0.000 33.810
3 16 -18.300 0.000 31.700 -20.000 0.000 34.640 -24.350 0.000 31.730
3 16 -24.350 0.000 31.730 -22.280 0.000 29.040 -18.300 0.000 31.700
3 16 -22.280 0.000 29.040 -24.350 0.000 31.730 -28.280 0.000 28.280
3 16 -28.280 0.000 28.280 -25.880 0.000 25.880 -22.280 0.000 29.040
3 16 -25.880 0.000 25.880 -28.280 0.000 28.280 -31.730 0.000 24.350
3 16 -31.730 0.000 24.350 -29.040 0.000 22.280 -25.880 0.000 25.880
3 16 -34.640 0.000 20.000 -36.960 0.000 15.310 -33.810 0.000 14.010
3 16 -33.810 0.000 14.010 -31.700 0.000 18.300 -34.640 0.000 20.000
3 16 -35.350 0.000 9.470 -33.810 0.000 14.010 -36.960 0.000 15.310
3 16 -36.960 0.000 15.310 -38.640 0.000 10.350 -35.350 0.000 9.470
3 16 -38.640 0.000 10.350 -39.660 0.000 5.220 -36.290 0.000 4.780
3 16 -36.290 0.000 4.780 -35.350 0.000 9.470 -38.640 0.000 10.350
3 16 -29.040 0.000 22.280 -31.730 0.000 24.350 -31.010 0.000 19.320
3 16 -31.700 0.000 18.300 -31.010 0.000 19.320 -31.730 0.000 24.350
3 16 -31.730 0.000 24.350 -34.640 0.000 20.000 -31.700 0.000 18.300
3 16 34.640 0.000 20.000 31.700 0.000 18.300 33.810 0.000 14.010
3 16 33.810 0.000 14.010 36.960 0.000 15.310 34.640 0.000 20.000
3 16 31.730 0.000 24.350 31.010 0.000 19.320 31.700 0.000 18.300
3 16 31.700 0.000 18.300 34.640 0.000 20.000 31.730 0.000 24.350
3 16 36.960 0.000 15.310 33.810 0.000 14.010 35.350 0.000 9.470
3 16 35.350 0.000 9.470 38.640 0.000 10.350 36.960 0.000 15.310
3 16 29.040 0.000 22.280 31.010 0.000 19.320 31.730 0.000 24.350
3 16 36.290 0.000 4.780 39.660 0.000 5.220 38.640 0.000 10.350
3 16 38.640 0.000 10.350 35.350 0.000 9.470 36.290 0.000 4.780
3 16 25.880 0.000 25.880 28.280 0.000 28.280 24.350 0.000 31.730
3 16 24.350 0.000 31.730 22.280 0.000 29.040 25.880 0.000 25.880
3 16 28.280 0.000 28.280 25.880 0.000 25.880 29.040 0.000 22.280
3 16 29.040 0.000 22.280 31.730 0.000 24.350 28.280 0.000 28.280
3 16 36.600 0.000 0.000 40.000 0.000 0.000 39.660 0.000 5.220
3 16 39.660 0.000 5.220 36.290 0.000 4.780 36.600 0.000 0.000
3 16 39.660 0.000 -5.220 40.000 0.000 0.000 36.600 0.000 0.000
3 16 36.600 0.000 0.000 36.290 0.000 -4.780 39.660 0.000 -5.220
3 16 22.280 0.000 29.040 24.350 0.000 31.730 20.000 0.000 34.640
3 16 20.000 0.000 34.640 18.300 0.000 31.700 22.280 0.000 29.040
3 16 18.300 0.000 31.700 20.000 0.000 34.640 15.310 0.000 36.960
3 16 15.310 0.000 36.960 14.010 0.000 33.810 18.300 0.000 31.700
3 16 14.010 0.000 33.810 15.310 0.000 36.960 10.350 0.000 38.640
3 16 10.350 0.000 38.640 9.470 0.000 35.350 14.010 0.000 33.810
3 16 4.780 0.000 36.290 5.220 0.000 39.660 0.000 0.000 40.000
3 16 0.000 0.000 40.000 0.000 0.000 36.600 4.780 0.000 36.290
3 16 5.220 0.000 39.660 4.780 0.000 36.290 9.470 0.000 35.350
3 16 9.470 0.000 35.350 10.350 0.000 38.640 5.220 0.000 39.660
3 16 -31.700 0.000 -18.300 -34.640 0.000 -20.000 -31.730 0.000 -24.350
3 16 -31.730 0.000 -24.350 -31.010 0.000 -19.320 -31.700 0.000 -18.300
3 16 -33.810 0.000 -14.010 -36.960 0.000 -15.310 -34.640 0.000 -20.000
3 16 -34.640 0.000 -20.000 -31.700 0.000 -18.300 -33.810 0.000 -14.010
3 16 -36.960 0.000 -15.310 -33.810 0.000 -14.010 -35.350 0.000 -9.470
3 16 -35.350 0.000 -9.470 -38.640 0.000 -10.350 -36.960 0.000 -15.310
3 16 -29.040 0.000 -22.280 -31.730 0.000 -24.350 -28.280 0.000 -28.280
3 16 -28.280 0.000 -28.280 -25.880 0.000 -25.880 -29.040 0.000 -22.280
3 16 -29.040 0.000 -22.280 -31.010 0.000 -19.320 -31.730 0.000 -24.350
3 16 -38.640 0.000 -10.350 -35.350 0.000 -9.470 -36.290 0.000 -4.780
3 16 -36.290 0.000 -4.780 -39.660 0.000 -5.220 -38.640 0.000 -10.350
3 16 -25.880 0.000 -25.880 -28.280 0.000 -28.280 -24.350 0.000 -31.730
3 16 -24.350 0.000 -31.730 -22.280 0.000 -29.040 -25.880 0.000 -25.880
3 16 -36.600 0.000 0.000 -40.000 0.000 0.000 -39.660 0.000 -5.220
3 16 -39.660 0.000 -5.220 -36.290 0.000 -4.780 -36.600 0.000 0.000
3 16 -22.280 0.000 -29.040 -24.350 0.000 -31.730 -20.000 0.000 -34.640
3 16 -20.000 0.000 -34.640 -18.300 0.000 -31.700 -22.280 0.000 -29.040
3 16 -18.300 0.000 -31.700 -20.000 0.000 -34.640 -15.310 0.000 -36.960
3 16 -15.310 0.000 -36.960 -14.010 0.000 -33.810 -18.300 0.000 -31.700
3 16 -14.010 0.000 -33.810 -15.310 0.000 -36.960 -10.350 0.000 -38.640
3 16 -10.350 0.000 -38.640 -9.470 0.000 -35.350 -14.010 0.000 -33.810
3 16 -5.220 0.000 -39.660 -4.780 0.000 -36.290 -9.470 0.000 -35.350
3 16 -9.470 0.000 -35.350 -10.350 0.000 -38.640 -5.220 0.000 -39.660
3 16 0.000 0.000 -40.000 0.000 0.000 -36.600 -4.780 0.000 -36.290
3 16 -4.780 0.000 -36.290 -5.220 0.000 -39.660 0.000 0.000 -40.000
3 16 5.220 0.000 -39.660 4.780 0.000 -36.290 0.000 0.000 -36.600
3 16 0.000 0.000 -36.600 0.000 0.000 -40.000 5.220 0.000 -39.660
3 16 10.350 0.000 -38.640 9.470 0.000 -35.350 4.780 0.000 -36.290
3 16 4.780 0.000 -36.290 5.220 0.000 -39.660 10.350 0.000 -38.640
3 16 15.310 0.000 -36.960 14.010 0.000 -33.810 9.470 0.000 -35.350
3 16 9.470 0.000 -35.350 10.350 0.000 -38.640 15.310 0.000 -36.960
3 16 20.000 0.000 -34.640 18.300 0.000 -31.700 14.010 0.000 -33.810
3 16 14.010 0.000 -33.810 15.310 0.000 -36.960 20.000 0.000 -34.640
3 16 24.350 0.000 -31.730 22.280 0.000 -29.040 18.300 0.000 -31.700
3 16 18.300 0.000 -31.700 20.000 0.000 -34.640 24.350 0.000 -31.730
3 16 28.280 0.000 -28.280 25.880 0.000 -25.880 22.280 0.000 -29.040
3 16 22.280 0.000 -29.040 24.350 0.000 -31.730 28.280 0.000 -28.280
3 16 31.730 0.000 -24.350 29.040 0.000 -22.280 25.880 0.000 -25.880
3 16 25.880 0.000 -25.880 28.280 0.000 -28.280 31.730 0.000 -24.350
3 16 34.640 0.000 -20.000 31.700 0.000 -18.300 31.010 0.000 -19.320
3 16 31.010 0.000 -19.320 31.730 0.000 -24.350 34.640 0.000 -20.000
3 16 29.040 0.000 -22.280 31.730 0.000 -24.350 31.010 0.000 -19.320
3 16 31.700 0.000 -18.300 34.640 0.000 -20.000 36.960 0.000 -15.310
3 16 36.960 0.000 -15.310 33.810 0.000 -14.010 31.700 0.000 -18.300
3 16 33.810 0.000 -14.010 36.960 0.000 -15.310 38.640 0.000 -10.350
3 16 38.640 0.000 -10.350 35.350 0.000 -9.470 33.810 0.000 -14.010
3 16 35.350 0.000 -9.470 38.640 0.000 -10.350 39.660 0.000 -5.220
3 16 39.660 0.000 -5.220 36.290 0.000 -4.780 35.350 0.000 -9.470
3 16 -24.700 0.000 13.000 -22.250 0.000 15.500 -29.040 0.000 22.280
3 16 -29.040 0.000 22.280 -31.010 0.000 19.320 -24.700 0.000 13.000
3 16 -22.250 0.000 15.500 -24.700 0.000 13.000 -24.700 0.000 -13.000
3 16 -24.700 0.000 -13.000 -22.250 0.000 -15.500 -22.250 0.000 15.500
3 16 -22.250 0.000 -15.500 -24.700 0.000 -13.000 -31.010 0.000 -19.320
3 16 -31.010 0.000 -19.320 -29.040 0.000 -22.280 -22.250 0.000 -15.500
3 16 -22.250 0.000 15.500 -22.250 0.000 -15.500 22.250 0.000 -15.500
3 16 22.250 0.000 -15.500 22.250 0.000 15.500 -22.250 0.000 15.500
3 16 22.250 0.000 -15.500 24.700 0.000 -13.000 24.700 0.000 13.000
3 16 24.700 0.000 13.000 22.250 0.000 15.500 22.250 0.000 -15.500
3 16 22.250 0.000 15.500 24.700 0.000 13.000 31.010 0.000 19.320
3 16 31.010 0.000 19.320 29.040 0.000 22.280 22.250 0.000 15.500
3 16 24.700 0.000 -13.000 22.250 0.000 -15.500 29.040 0.000 -22.280
3 16 29.040 0.000 -22.280 31.010 0.000 -19.320 24.700 0.000 -13.000
3 0 0.000 0.000 35.040 0.000 0.000 36.600 -4.780 0.000 36.290
3 0 -4.780 0.000 36.290 -4.570 0.000 34.740 0.000 0.000 35.040
3 0 -4.570 0.000 34.740 -4.780 0.000 36.290 -9.470 0.000 35.350
3 0 -9.470 0.000 35.350 -9.070 0.000 33.850 -4.570 0.000 34.740
3 0 -9.070 0.000 33.850 -9.470 0.000 35.350 -14.010 0.000 33.810
3 0 -14.010 0.000 33.810 -13.410 0.000 32.380 -9.070 0.000 33.850
3 0 -13.410 0.000 32.380 -14.010 0.000 33.810 -18.300 0.000 31.700
3 0 -18.300 0.000 31.700 -17.520 0.000 30.350 -13.410 0.000 32.380
3 0 -17.520 0.000 30.350 -18.300 0.000 31.700 -22.280 0.000 29.040
3 0 -22.280 0.000 29.040 -21.330 0.000 27.800 -17.520 0.000 30.350
3 0 -21.330 0.000 27.800 -22.280 0.000 29.040 -25.880 0.000 25.880
3 0 -25.880 0.000 25.880 -24.780 0.000 24.780 -21.330 0.000 27.800
3 0 -29.040 0.000 22.280 -26.950 0.000 22.300 -24.780 0.000 24.780
3 0 -24.780 0.000 24.780 -25.880 0.000 25.880 -29.040 0.000 22.280
3 0 -29.040 0.000 22.280 -22.250 0.000 15.500 -21.650 0.000 16.750
3 0 -21.650 0.000 16.750 -26.950 0.000 22.300 -29.040 0.000 22.280
3 0 29.040 0.000 22.280 25.880 0.000 25.880 24.780 0.000 24.780
3 0 24.780 0.000 24.780 26.950 0.000 22.300 29.040 0.000 22.280
3 0 29.040 0.000 22.280 26.950 0.000 22.300 21.650 0.000 16.750
3 0 21.650 0.000 16.750 22.250 0.000 15.500 29.040 0.000 22.280
3 0 25.880 0.000 25.880 22.280 0.000 29.040 21.330 0.000 27.800
3 0 21.330 0.000 27.800 24.780 0.000 24.780 25.880 0.000 25.880
3 0 22.280 0.000 29.040 18.300 0.000 31.700 17.520 0.000 30.350
3 0 17.520 0.000 30.350 21.330 0.000 27.800 22.280 0.000 29.040
3 0 18.300 0.000 31.700 14.010 0.000 33.810 13.410 0.000 32.380
3 0 13.410 0.000 32.380 17.520 0.000 30.350 18.300 0.000 31.700
3 0 14.010 0.000 33.810 9.470 0.000 35.350 9.070 0.000 33.850
3 0 9.070 0.000 33.850 13.410 0.000 32.380 14.010 0.000 33.810
3 0 9.470 0.000 35.350 4.780 0.000 36.290 4.570 0.000 34.740
3 0 4.570 0.000 34.740 9.070 0.000 33.850 9.470 0.000 35.350
3 0 4.780 0.000 36.290 0.000 0.000 36.600 0.000 0.000 35.040
3 0 0.000 0.000 35.040 4.570 0.000 34.740 4.780 0.000 36.290
3 0 -29.040 0.000 -22.280 -25.880 0.000 -25.880 -24.780 0.000 -24.780
3 0 -24.780 0.000 -24.780 -26.950 0.000 -22.300 -29.040 0.000 -22.280
3 0 -29.040 0.000 -22.280 -26.950 0.000 -22.300 -21.650 0.000 -16.750
3 0 -21.650 0.000 -16.750 -22.250 0.000 -15.500 -29.040 0.000 -22.280
3 0 -25.880 0.000 -25.880 -22.280 0.000 -29.040 -21.330 0.000 -27.800
3 0 -21.330 0.000 -27.800 -24.780 0.000 -24.780 -25.880 0.000 -25.880
3 0 -22.280 0.000 -29.040 -18.300 0.000 -31.700 -17.520 0.000 -30.350
3 0 -17.520 0.000 -30.350 -21.330 0.000 -27.800 -22.280 0.000 -29.040
3 0 -18.300 0.000 -31.700 -14.010 0.000 -33.810 -13.410 0.000 -32.380
3 0 -13.410 0.000 -32.380 -17.520 0.000 -30.350 -18.300 0.000 -31.700
3 0 -14.010 0.000 -33.810 -9.470 0.000 -35.350 -9.070 0.000 -33.850
3 0 -9.070 0.000 -33.850 -13.410 0.000 -32.380 -14.010 0.000 -33.810
3 0 -9.470 0.000 -35.350 -4.780 0.000 -36.290 -4.570 0.000 -34.740
3 0 -4.570 0.000 -34.740 -9.070 0.000 -33.850 -9.470 0.000 -35.350
3 0 -4.780 0.000 -36.290 0.000 0.000 -36.600 0.000 0.000 -35.040
3 0 0.000 0.000 -35.040 -4.570 0.000 -34.740 -4.780 0.000 -36.290
3 0 4.780 0.000 -36.290 4.570 0.000 -34.740 0.000 0.000 -35.040
3 0 0.000 0.000 -35.040 0.000 0.000 -36.600 4.780 0.000 -36.290
3 0 9.470 0.000 -35.350 9.070 0.000 -33.850 4.570 0.000 -34.740
3 0 4.570 0.000 -34.740 4.780 0.000 -36.290 9.470 0.000 -35.350
3 0 14.010 0.000 -33.810 13.410 0.000 -32.380 9.070 0.000 -33.850
3 0 9.070 0.000 -33.850 9.470 0.000 -35.350 14.010 0.000 -33.810
3 0 18.300 0.000 -31.700 17.520 0.000 -30.350 13.410 0.000 -32.380
3 0 13.410 0.000 -32.380 14.010 0.000 -33.810 18.300 0.000 -31.700
3 0 22.280 0.000 -29.040 21.330 0.000 -27.800 17.520 0.000 -30.350
3 0 17.520 0.000 -30.350 18.300 0.000 -31.700 22.280 0.000 -29.040
3 0 25.880 0.000 -25.880 24.780 0.000 -24.780 21.330 0.000 -27.800
3 0 21.330 0.000 -27.800 22.280 0.000 -29.040 25.880 0.000 -25.880
3 0 29.040 0.000 -22.280 26.950 0.000 -22.300 24.780 0.000 -24.780
3 0 24.780 0.000 -24.780 25.880 0.000 -25.880 29.040 0.000 -22.280
3 0 29.040 0.000 -22.280 22.250 0.000 -15.500 21.650 0.000 -16.750
3 0 21.650 0.000 -16.750 26.950 0.000 -22.300 29.040 0.000 -22.280
3 0 -22.250 0.000 15.500 22.250 0.000 15.500 21.650 0.000 16.750
3 0 21.650 0.000 16.750 -21.650 0.000 16.750 -22.250 0.000 15.500
3 0 -21.650 0.000 -16.750 21.650 0.000 -16.750 22.250 0.000 -15.500
3 0 22.250 0.000 -15.500 -22.250 0.000 -15.500 -21.650 0.000 -16.750
3 0 32.370 0.000 13.410 33.850 0.000 9.070 35.350 0.000 9.470
3 0 35.350 0.000 9.470 33.810 0.000 14.010 32.370 0.000 13.410
3 0 33.850 0.000 9.070 34.740 0.000 4.570 36.290 0.000 4.780
3 0 36.290 0.000 4.780 35.350 0.000 9.470 33.850 0.000 9.070
3 0 34.740 0.000 4.570 35.040 0.000 0.000 36.600 0.000 0.000
3 0 36.600 0.000 0.000 36.290 0.000 4.780 34.740 0.000 4.570
3 0 24.700 0.000 13.000 25.950 0.000 12.400 30.650 0.000 16.900
3 0 30.650 0.000 16.900 31.010 0.000 19.320 24.700 0.000 13.000
3 0 30.650 0.000 16.900 32.370 0.000 13.410 33.810 0.000 14.010
3 0 33.810 0.000 14.010 31.700 0.000 18.300 30.650 0.000 16.900
3 0 31.010 0.000 19.320 30.650 0.000 16.900 31.700 0.000 18.300
3 0 32.370 0.000 -13.410 33.810 0.000 -14.010 35.350 0.000 -9.470
3 0 35.350 0.000 -9.470 33.850 0.000 -9.070 32.370 0.000 -13.410
3 0 33.850 0.000 -9.070 35.350 0.000 -9.470 36.290 0.000 -4.780
3 0 36.290 0.000 -4.780 34.740 0.000 -4.570 33.850 0.000 -9.070
3 0 34.740 0.000 -4.570 36.290 0.000 -4.780 36.600 0.000 0.000
3 0 36.600 0.000 0.000 35.040 0.000 0.000 34.740 0.000 -4.570
3 0 24.700 0.000 -13.000 31.010 0.000 -19.320 30.650 0.000 -16.900
3 0 30.650 0.000 -16.900 25.950 0.000 -12.400 24.700 0.000 -13.000
3 0 30.650 0.000 -16.900 31.700 0.000 -18.300 33.810 0.000 -14.010
3 0 33.810 0.000 -14.010 32.370 0.000 -13.410 30.650 0.000 -16.900
3 0 30.650 0.000 -16.900 31.010 0.000 -19.320 31.700 0.000 -18.300
3 0 24.700 0.000 -13.000 25.950 0.000 -12.400 25.950 0.000 12.400
3 0 25.950 0.000 12.400 24.700 0.000 13.000 24.700 0.000 -13.000
3 0 -32.370 0.000 13.410 -33.810 0.000 14.010 -35.350 0.000 9.470
3 0 -35.350 0.000 9.470 -33.850 0.000 9.070 -32.370 0.000 13.410
3 0 -33.850 0.000 9.070 -35.350 0.000 9.470 -36.290 0.000 4.780
3 0 -36.290 0.000 4.780 -34.740 0.000 4.570 -33.850 0.000 9.070
3 0 -34.740 0.000 4.570 -36.290 0.000 4.780 -36.600 0.000 0.000
3 0 -36.600 0.000 0.000 -35.040 0.000 0.000 -34.740 0.000 4.570
3 0 -24.700 0.000 13.000 -31.010 0.000 19.320 -30.650 0.000 16.900
3 0 -30.650 0.000 16.900 -25.950 0.000 12.400 -24.700 0.000 13.000
3 0 -30.650 0.000 16.900 -31.700 0.000 18.300 -33.810 0.000 14.010
3 0 -33.810 0.000 14.010 -32.370 0.000 13.410 -30.650 0.000 16.900
3 0 -30.650 0.000 16.900 -31.010 0.000 19.320 -31.700 0.000 18.300
3 0 -32.370 0.000 -13.410 -33.850 0.000 -9.070 -35.350 0.000 -9.470
3 0 -35.350 0.000 -9.470 -33.810 0.000 -14.010 -32.370 0.000 -13.410
3 0 -33.850 0.000 -9.070 -34.740 0.000 -4.570 -36.290 0.000 -4.780
3 0 -36.290 0.000 -4.780 -35.350 0.000 -9.470 -33.850 0.000 -9.070
3 0 -34.740 0.000 -4.570 -35.040 0.000 0.000 -36.600 0.000 0.000
3 0 -36.600 0.000 0.000 -36.290 0.000 -4.780 -34.740 0.000 -4.570
3 0 -24.700 0.000 -13.000 -25.950 0.000 -12.400 -30.650 0.000 -16.900
3 0 -30.650 0.000 -16.900 -31.010 0.000 -19.320 -24.700 0.000 -13.000
3 0 -30.650 0.000 -16.900 -32.370 0.000 -13.410 -33.810 0.000 -14.010
3 0 -33.810 0.000 -14.010 -31.700 0.000 -18.300 -30.650 0.000 -16.900
3 0 -31.010 0.000 -19.320 -30.650 0.000 -16.900 -31.700 0.000 -18.300
3 0 -24.700 0.000 -13.000 -24.700 0.000 13.000 -25.950 0.000 12.400
3 0 -25.950 0.000 12.400 -25.950 0.000 -12.400 -24.700 0.000 -13.000
3 14 -30.650 0.000 16.900 -32.370 0.000 13.410 -33.850 0.000 9.070
3 14 -33.850 0.000 9.070 -25.950 0.000 12.400 -30.650 0.000 16.900
3 14 -33.850 0.000 9.070 -34.740 0.000 4.570 -35.040 0.000 0.000
3 14 -35.040 0.000 0.000 -25.950 0.000 12.400 -33.850 0.000 9.070
3 14 -25.950 0.000 12.400 -35.040 0.000 0.000 -34.740 0.000 -4.570
3 14 -34.740 0.000 -4.570 -25.950 0.000 -12.400 -25.950 0.000 12.400
3 14 -34.740 0.000 -4.570 -33.850 0.000 -9.070 -32.370 0.000 -13.410
3 14 -32.370 0.000 -13.410 -25.950 0.000 -12.400 -34.740 0.000 -4.570
3 14 -25.950 0.000 -12.400 -32.370 0.000 -13.410 -30.650 0.000 -16.900
3 0 -2.100 0.000 17.400 -2.300 0.000 17.100 -0.950 0.000 17.000
3 0 -0.950 0.000 17.000 -0.850 0.000 17.350 -2.100 0.000 17.400
3 0 -2.300 0.000 17.100 -2.700 0.000 16.750 -1.150 0.000 16.750
3 0 -1.150 0.000 16.750 -0.950 0.000 17.000 -2.300 0.000 17.100
3 0 -25.196 0.000 -22.096 -25.532 0.000 -22.391 -24.013 0.000 -24.013
3 0 -24.013 0.000 -24.013 -23.697 0.000 -23.697 -25.196 0.000 -22.096
3 0 -23.697 0.000 -23.697 -24.013 0.000 -24.013 -22.391 0.000 -25.532
3 0 -22.391 0.000 -25.532 -22.096 0.000 -25.196 -23.697 0.000 -23.697
3 0 -22.096 0.000 -25.196 -22.391 0.000 -25.532 -20.673 0.000 -26.941
3 0 -20.673 0.000 -26.941 -20.401 0.000 -26.587 -22.096 0.000 -25.196
3 0 -20.401 0.000 -26.587 -20.673 0.000 -26.941 -18.867 0.000 -28.236
3 0 -18.867 0.000 -28.236 -18.618 0.000 -27.864 -20.401 0.000 -26.587
3 0 -18.618 0.000 -27.864 -18.867 0.000 -28.236 -16.980 0.000 -29.409
3 0 -16.980 0.000 -29.409 -16.756 0.000 -29.022 -18.618 0.000 -27.864
3 0 -16.756 0.000 -29.022 -16.980 0.000 -29.409 -15.020 0.000 -30.457
3 0 -15.020 0.000 -30.457 -14.822 0.000 -30.056 -16.756 0.000 -29.022
3 0 -14.822 0.000 -30.056 -15.020 0.000 -30.457 -12.996 0.000 -31.374
3 0 -12.996 0.000 -31.374 -12.824 0.000 -30.961 -14.822 0.000 -30.056
3 0 -12.824 0.000 -30.961 -12.996 0.000 -31.374 -10.916 0.000 -32.157
3 0 -10.916 0.000 -32.157 -10.772 0.000 -31.733 -12.824 0.000 -30.961
3 0 -10.772 0.000 -31.733 -10.916 0.000 -32.157 -8.789 0.000 -32.802
3 0 -8.789 0.000 -32.802 -8.674 0.000 -32.370 -10.772 0.000 -31.733
3 0 -8.674 0.000 -32.370 -8.789 0.000 -32.802 -6.625 0.000 -33.306
3 0 -6.625 0.000 -33.306 -6.538 0.000 -32.868 -8.674 0.000 -32.370
3 0 -6.538 0.000 -32.868 -6.625 0.000 -33.306 -4.433 0.000 -33.668
3 0 -4.433 0.000 -33.668 -4.374 0.000 -33.225 -6.538 0.000 -32.868
3 0 -4.374 0.000 -33.225 -4.433 0.000 -33.668 -2.221 0.000 -33.886
3 0 -2.221 0.000 -33.886 -2.192 0.000 -33.440 -4.374 0.000 -33.225
3 0 -2.192 0.000 -33.440 -2.221 0.000 -33.886 0.000 0.000 -33.959
3 0 0.000 0.000 -33.959 0.000 0.000 -33.512 -2.192 0.000 -33.440
3 0 -4.374 0.000 33.225 -4.433 0.000 33.668 -6.625 0.000 33.306
3 0 -6.625 0.000 33.306 -6.538 0.000 32.868 -4.374 0.000 33.225
3 0 -6.538 0.000 32.868 -6.625 0.000 33.306 -8.789 0.000 32.802
3 0 -8.789 0.000 32.802 -8.674 0.000 32.370 -6.538 0.000 32.868
3 0 -8.674 0.000 32.370 -8.789 0.000 32.802 -10.916 0.000 32.157
3 0 -10.916 0.000 32.157 -10.772 0.000 31.733 -8.674 0.000 32.370
3 0 -10.772 0.000 31.733 -10.916 0.000 32.157 -12.996 0.000 31.374
3 0 -12.996 0.000 31.374 -12.824 0.000 30.961 -10.772 0.000 31.733
3 0 -12.824 0.000 30.961 -12.996 0.000 31.374 -15.020 0.000 30.457
3 0 -15.020 0.000 30.457 -14.822 0.000 30.056 -12.824 0.000 30.961
3 0 -14.822 0.000 30.056 -15.020 0.000 30.457 -16.980 0.000 29.409
3 0 -16.980 0.000 29.409 -16.756 0.000 29.022 -14.822 0.000 30.056
3 0 -16.756 0.000 29.022 -16.980 0.000 29.409 -18.867 0.000 28.236
3 0 -18.867 0.000 28.236 -18.618 0.000 27.864 -16.756 0.000 29.022
3 0 -18.618 0.000 27.864 -18.867 0.000 28.236 -20.673 0.000 26.941
3 0 -20.673 0.000 26.941 -20.401 0.000 26.587 -18.618 0.000 27.864
3 0 -20.401 0.000 26.587 -20.673 0.000 26.941 -22.391 0.000 25.532
3 0 -22.391 0.000 25.532 -22.096 0.000 25.196 -20.401 0.000 26.587
3 0 -22.096 0.000 25.196 -22.391 0.000 25.532 -24.013 0.000 24.013
3 0 -24.013 0.000 24.013 -23.697 0.000 23.697 -22.096 0.000 25.196
3 0 -3.905 0.000 17.855 -3.485 0.000 18.135 -3.798 0.000 18.448
3 0 -3.798 0.000 18.448 -4.074 0.000 18.263 -3.905 0.000 17.855
3 0 -3.798 0.000 18.448 -3.485 0.000 18.135 -3.205 0.000 18.555
3 0 -3.205 0.000 18.555 -3.613 0.000 18.724 -3.798 0.000 18.448
3 0 -4.397 0.000 17.759 -3.905 0.000 17.855 -4.074 0.000 18.263
3 0 -4.074 0.000 18.263 -4.397 0.000 18.206 -4.397 0.000 17.759
3 0 -3.613 0.000 18.724 -3.205 0.000 18.555 -3.100 0.000 19.059
3 0 -3.100 0.000 19.059 -3.547 0.000 19.059 -3.613 0.000 18.724
3 0 -20.362 0.000 18.206 -20.547 0.000 17.759 -4.397 0.000 17.759
3 0 -4.397 0.000 17.759 -4.397 0.000 18.206 -20.362 0.000 18.206
3 0 -20.547 0.000 17.759 -20.362 0.000 18.206 -24.739 0.000 22.583
3 0 -24.739 0.000 22.583 -25.361 0.000 22.573 -20.547 0.000 17.759
3 0 -25.361 0.000 22.573 -24.739 0.000 22.583 -23.697 0.000 23.697
3 0 -23.697 0.000 23.697 -24.013 0.000 24.013 -25.361 0.000 22.573
3 0 -3.547 0.000 19.059 -3.100 0.000 19.059 -3.100 0.000 33.800
3 0 -3.100 0.000 33.800 -3.547 0.000 33.307 -3.547 0.000 19.059
3 0 -4.374 0.000 33.225 -3.547 0.000 33.307 -3.100 0.000 33.800
3 0 -3.100 0.000 33.800 -4.433 0.000 33.668 -4.374 0.000 33.225
3 0 -2.100 0.000 34.902 -2.100 0.000 17.400 -0.850 0.000 17.350
3 0 -0.850 0.000 17.350 -0.850 0.000 34.984 -2.100 0.000 34.902
3 80 -26.950 0.000 22.300 -25.361 0.000 22.573 -24.013 0.000 24.013
3 80 -24.013 0.000 24.013 -24.780 0.000 24.780 -26.950 0.000 22.300
3 80 -24.013 0.000 24.013 -22.391 0.000 25.532 -21.330 0.000 27.800
3 80 -21.330 0.000 27.800 -24.780 0.000 24.780 -24.013 0.000 24.013
3 80 -21.330 0.000 27.800 -22.391 0.000 25.532 -20.673 0.000 26.941
3 80 -20.673 0.000 26.941 -18.867 0.000 28.236 -17.520 0.000 30.350
3 80 -17.520 0.000 30.350 -21.330 0.000 27.800 -20.673 0.000 26.941
3 80 -17.520 0.000 30.350 -18.867 0.000 28.236 -16.980 0.000 29.409
3 80 -16.980 0.000 29.409 -15.020 0.000 30.457 -13.410 0.000 32.380
3 80 -13.410 0.000 32.380 -17.520 0.000 30.350 -16.980 0.000 29.409
3 80 -13.410 0.000 32.380 -15.020 0.000 30.457 -12.996 0.000 31.374
3 80 -12.996 0.000 31.374 -10.916 0.000 32.157 -9.070 0.000 33.850
3 80 -9.070 0.000 33.850 -13.410 0.000 32.380 -12.996 0.000 31.374
3 80 -9.070 0.000 33.850 -10.916 0.000 32.157 -8.789 0.000 32.802
3 80 -8.789 0.000 32.802 -6.625 0.000 33.306 -4.570 0.000 34.740
3 80 -4.570 0.000 34.740 -9.070 0.000 33.850 -8.789 0.000 32.802
3 80 -4.570 0.000 34.740 -6.625 0.000 33.306 -4.433 0.000 33.668
3 80 -2.100 0.000 17.400 -2.100 0.000 34.902 -3.100 0.000 33.800
3 80 -3.100 0.000 33.800 -3.100 0.000 19.059 -2.100 0.000 17.400
3 80 -3.100 0.000 19.059 -3.205 0.000 18.555 -2.300 0.000 17.100
3 80 -2.300 0.000 17.100 -2.100 0.000 17.400 -3.100 0.000 19.059
3 80 -3.205 0.000 18.555 -3.485 0.000 18.135 -2.700 0.000 16.750
3 80 -2.700 0.000 16.750 -2.300 0.000 17.100 -3.205 0.000 18.555
3 80 -3.485 0.000 18.135 -3.905 0.000 17.855 -2.700 0.000 16.750
3 80 -3.905 0.000 17.855 -4.397 0.000 17.759 -2.700 0.000 16.750
3 80 -4.397 0.000 17.759 -20.547 0.000 17.759 -21.650 0.000 16.750
3 80 -21.650 0.000 16.750 -2.700 0.000 16.750 -4.397 0.000 17.759
3 80 -20.547 0.000 17.759 -25.361 0.000 22.573 -26.950 0.000 22.300
3 80 -26.950 0.000 22.300 -21.650 0.000 16.750 -20.547 0.000 17.759
3 80 -0.850 0.000 34.984 -0.850 0.000 17.350 0.000 0.000 16.750
3 80 0.000 0.000 16.750 0.000 0.000 35.040 -0.850 0.000 34.984
3 80 -0.950 0.000 17.000 -1.150 0.000 16.750 0.000 0.000 16.750
3 80 -0.850 0.000 17.350 -0.950 0.000 17.000 0.000 0.000 16.750
3 80 -23.697 0.000 23.697 -24.739 0.000 22.583 -23.225 0.000 22.750
3 80 -23.225 0.000 22.750 -23.225 0.000 23.375 -23.697 0.000 23.697
3 80 -23.225 0.000 22.750 -24.739 0.000 22.583 -23.225 0.000 22.125
3 80 -23.225 0.000 22.125 -24.739 0.000 22.583 -20.362 0.000 18.206
3 80 -20.362 0.000 18.206 -20.475 0.000 19.375 -23.225 0.000 22.125
3 80 -19.850 0.000 19.375 -20.475 0.000 19.375 -20.362 0.000 18.206
3 80 -19.225 0.000 19.375 -19.850 0.000 19.375 -20.362 0.000 18.206
3 80 -23.225 0.000 22.125 -20.475 0.000 19.375 -20.475 0.000 20.000
3 80 -20.475 0.000 20.000 -22.600 0.000 22.125 -23.225 0.000 22.125
3 80 -22.600 0.000 22.125 -20.475 0.000 20.000 -20.475 0.000 20.625
3 80 -20.475 0.000 20.625 -21.975 0.000 22.125 -22.600 0.000 22.125
3 80 -21.975 0.000 22.125 -20.475 0.000 20.625 -19.850 0.000 20.625
3 80 -19.850 0.000 20.625 -21.975 0.000 22.750 -21.975 0.000 22.125
3 80 -21.975 0.000 22.750 -19.850 0.000 20.625 -19.225 0.000 20.625
3 80 -19.225 0.000 20.625 -21.975 0.000 23.375 -21.975 0.000 22.750
3 80 -23.697 0.000 23.697 -23.225 0.000 23.375 -22.600 0.000 23.375
3 80 -22.600 0.000 23.375 -21.975 0.000 23.375 -22.096 0.000 25.196
3 80 -22.096 0.000 25.196 -23.697 0.000 23.697 -22.600 0.000 23.375
3 80 -22.096 0.000 25.196 -21.975 0.000 23.375 -19.225 0.000 20.625
3 80 -19.225 0.000 20.625 -20.401 0.000 26.587 -22.096 0.000 25.196
3 80 -20.401 0.000 26.587 -19.225 0.000 20.625 -5.875 0.000 20.625
3 80 -5.875 0.000 20.625 -18.618 0.000 27.864 -20.401 0.000 26.587
3 80 -19.225 0.000 19.375 -20.362 0.000 18.206 -4.397 0.000 18.206
3 80 -4.397 0.000 18.206 -5.875 0.000 19.375 -19.225 0.000 19.375
3 80 -5.250 0.000 19.375 -5.875 0.000 19.375 -4.397 0.000 18.206
3 80 -5.250 0.000 19.375 -4.397 0.000 18.206 -4.074 0.000 18.263
3 80 -4.074 0.000 18.263 -4.625 0.000 19.375 -5.250 0.000 19.375
3 80 -4.074 0.000 18.263 -3.798 0.000 18.448 -3.613 0.000 18.724
3 80 -3.613 0.000 18.724 -4.625 0.000 19.375 -4.074 0.000 18.263
3 80 -3.613 0.000 18.724 -3.547 0.000 19.059 -4.625 0.000 20.000
3 80 -4.625 0.000 20.000 -4.625 0.000 19.375 -3.613 0.000 18.724
3 80 -4.625 0.000 20.625 -4.625 0.000 20.000 -3.547 0.000 19.059
3 80 -4.625 0.000 20.625 -3.547 0.000 19.059 -3.547 0.000 33.307
3 80 -3.547 0.000 33.307 -4.625 0.000 30.725 -4.625 0.000 20.625
3 80 -3.547 0.000 33.307 -4.625 0.000 31.350 -4.625 0.000 30.725
3 80 -4.625 0.000 31.350 -3.547 0.000 33.307 -4.374 0.000 33.225
3 80 -4.374 0.000 33.225 -4.625 0.000 31.975 -4.625 0.000 31.350
3 80 -4.625 0.000 31.975 -4.374 0.000 33.225 -6.538 0.000 32.868
3 80 -6.538 0.000 32.868 -5.250 0.000 31.975 -4.625 0.000 31.975
3 80 -5.250 0.000 31.975 -6.538 0.000 32.868 -8.674 0.000 32.370
3 80 -8.674 0.000 32.370 -5.875 0.000 31.975 -5.250 0.000 31.975
3 80 -8.674 0.000 32.370 -5.875 0.000 31.350 -5.875 0.000 31.975
3 80 -8.674 0.000 32.370 -5.875 0.000 30.725 -5.875 0.000 31.350
3 80 -5.875 0.000 30.725 -8.674 0.000 32.370 -10.772 0.000 31.733
3 80 -10.772 0.000 31.733 -5.875 0.000 20.625 -5.875 0.000 30.725
3 80 -10.772 0.000 31.733 -12.824 0.000 30.961 -14.822 0.000 30.056
3 80 -14.822 0.000 30.056 -5.875 0.000 20.625 -10.772 0.000 31.733
3 80 -14.822 0.000 30.056 -16.756 0.000 29.022 -18.618 0.000 27.864
3 80 -18.618 0.000 27.864 -5.875 0.000 20.625 -14.822 0.000 30.056
3 80 -19.225 0.000 20.625 -19.225 0.000 20.000 -5.875 0.000 20.000
3 80 -5.875 0.000 20.000 -5.875 0.000 20.625 -19.225 0.000 20.625
3 80 -5.875 0.000 20.000 -19.225 0.000 20.000 -19.225 0.000 19.375
3 80 -19.225 0.000 19.375 -5.875 0.000 19.375 -5.875 0.000 20.000
3 80 -5.875 0.000 20.625 -5.250 0.000 20.625 -5.250 0.000 30.725
3 80 -5.250 0.000 30.725 -5.875 0.000 30.725 -5.875 0.000 20.625
3 80 -5.250 0.000 30.725 -5.250 0.000 20.625 -4.625 0.000 20.625
3 80 -4.625 0.000 20.625 -4.625 0.000 30.725 -5.250 0.000 30.725
3 0 -21.112 0.000 -17.688 0.003 0.000 -17.688 0.003 0.000 -17.241
3 0 0.003 0.000 -17.241 -21.297 0.000 -17.241 -21.112 0.000 -17.688
3 80 -21.297 0.000 -17.241 0.003 0.000 -17.241 0.000 0.000 -16.750
3 80 0.000 0.000 -16.750 -21.650 0.000 -16.750 -21.297 0.000 -17.241
3 80 -21.297 0.000 -17.241 -21.650 0.000 -16.750 -26.950 0.000 -22.300
3 80 -26.950 0.000 -22.300 -25.944 0.000 -21.888 -21.297 0.000 -17.241
3 80 -25.944 0.000 -21.888 -26.950 0.000 -22.300 -24.780 0.000 -24.780
3 80 -24.780 0.000 -24.780 -25.532 0.000 -22.391 -25.944 0.000 -21.888
3 80 -25.532 0.000 -22.391 -24.780 0.000 -24.780 -24.013 0.000 -24.013
3 80 -24.013 0.000 -24.013 -24.780 0.000 -24.780 -21.330 0.000 -27.800
3 80 -21.330 0.000 -27.800 -22.391 0.000 -25.532 -24.013 0.000 -24.013
3 80 -22.391 0.000 -25.532 -21.330 0.000 -27.800 -20.673 0.000 -26.941
3 80 -20.673 0.000 -26.941 -21.330 0.000 -27.800 -17.520 0.000 -30.350
3 80 -17.520 0.000 -30.350 -18.867 0.000 -28.236 -20.673 0.000 -26.941
3 80 -18.867 0.000 -28.236 -17.520 0.000 -30.350 -16.980 0.000 -29.409
3 80 -16.980 0.000 -29.409 -17.520 0.000 -30.350 -13.410 0.000 -32.380
3 80 -13.410 0.000 -32.380 -15.020 0.000 -30.457 -16.980 0.000 -29.409
3 80 -15.020 0.000 -30.457 -13.410 0.000 -32.380 -12.996 0.000 -31.374
3 80 -12.996 0.000 -31.374 -13.410 0.000 -32.380 -9.070 0.000 -33.850
3 80 -9.070 0.000 -33.850 -10.916 0.000 -32.157 -12.996 0.000 -31.374
3 80 -10.916 0.000 -32.157 -9.070 0.000 -33.850 -8.789 0.000 -32.802
3 80 -8.789 0.000 -32.802 -9.070 0.000 -33.850 -4.570 0.000 -34.740
3 80 -4.570 0.000 -34.740 -6.625 0.000 -33.306 -8.789 0.000 -32.802
3 80 -6.625 0.000 -33.306 -4.570 0.000 -34.740 -4.433 0.000 -33.668
3 80 -4.433 0.000 -33.668 -4.570 0.000 -34.740 0.000 0.000 -35.040
3 80 0.000 0.000 -35.040 -2.221 0.000 -33.886 -4.433 0.000 -33.668
3 80 -2.221 0.000 -33.886 0.000 0.000 -35.040 0.000 0.000 -33.959
3 80 -25.342 0.000 -21.918 -25.196 0.000 -22.096 -23.825 0.000 -21.900
3 80 -23.825 0.000 -21.900 -23.825 0.000 -21.275 -25.342 0.000 -21.918
3 80 -23.825 0.000 -21.900 -25.196 0.000 -22.096 -23.825 0.000 -22.525
3 80 -25.196 0.000 -22.096 -23.697 0.000 -23.697 -23.825 0.000 -22.525
3 80 -23.200 0.000 -22.525 -23.825 0.000 -22.525 -23.697 0.000 -23.697
3 80 -23.200 0.000 -22.525 -23.697 0.000 -23.697 -22.096 0.000 -25.196
3 80 -22.096 0.000 -25.196 -22.575 0.000 -22.525 -23.200 0.000 -22.525
3 80 -23.825 0.000 -21.275 -21.175 0.000 -18.725 -21.112 0.000 -17.688
3 80 -21.112 0.000 -17.688 -25.342 0.000 -21.918 -23.825 0.000 -21.275
3 80 -21.112 0.000 -17.688 -21.175 0.000 -18.725 -20.550 0.000 -18.725
3 80 -21.112 0.000 -17.688 -20.550 0.000 -18.725 -19.925 0.000 -18.725
3 80 -23.825 0.000 -21.275 -23.200 0.000 -21.275 -21.175 0.000 -19.350
3 80 -21.175 0.000 -19.350 -21.175 0.000 -18.725 -23.825 0.000 -21.275
3 80 -23.200 0.000 -21.275 -22.575 0.000 -21.275 -21.175 0.000 -19.975
3 80 -21.175 0.000 -19.975 -21.175 0.000 -19.350 -23.200 0.000 -21.275
3 80 -22.575 0.000 -21.275 -22.575 0.000 -21.900 -20.550 0.000 -19.975
3 80 -20.550 0.000 -19.975 -21.175 0.000 -19.975 -22.575 0.000 -21.275
3 80 -22.575 0.000 -21.900 -22.575 0.000 -22.525 -19.925 0.000 -19.975
3 80 -19.925 0.000 -19.975 -20.550 0.000 -19.975 -22.575 0.000 -21.900
3 0 -25.532 0.000 -22.391 -25.196 0.000 -22.096 -25.342 0.000 -21.918
3 0 -25.342 0.000 -21.918 -25.944 0.000 -21.888 -25.532 0.000 -22.391
3 0 -25.944 0.000 -21.888 -25.342 0.000 -21.918 -21.112 0.000 -17.688
3 0 -21.112 0.000 -17.688 -21.297 0.000 -17.241 -25.944 0.000 -21.888
3 82 -9.984 0.000 -28.851 -8.491 0.000 -29.765 -7.565 0.000 -29.167
3 82 -7.565 0.000 -29.167 -8.895 0.000 -28.381 -9.984 0.000 -28.851
3 82 -11.094 0.000 -27.808 -9.984 0.000 -28.851 -8.895 0.000 -28.381
3 82 -8.895 0.000 -28.381 -9.884 0.000 -27.485 -11.094 0.000 -27.808
3 82 -11.777 0.000 -26.677 -11.094 0.000 -27.808 -9.884 0.000 -27.485
3 82 -9.884 0.000 -27.485 -10.492 0.000 -26.512 -11.777 0.000 -26.677
3 82 -12.008 0.000 -25.500 -11.777 0.000 -26.677 -10.492 0.000 -26.512
3 82 -10.492 0.000 -26.512 -10.698 0.000 -25.500 -12.008 0.000 -25.500
3 82 -12.008 0.000 -25.500 -10.698 0.000 -25.500 -10.492 0.000 -24.488
3 82 -10.492 0.000 -24.488 -11.777 0.000 -24.323 -12.008 0.000 -25.500
3 82 -11.777 0.000 -24.323 -10.492 0.000 -24.488 -9.884 0.000 -23.515
3 82 -9.884 0.000 -23.515 -11.094 0.000 -23.192 -11.777 0.000 -24.323
3 82 -11.094 0.000 -23.192 -9.884 0.000 -23.515 -8.895 0.000 -22.619
3 82 -8.895 0.000 -22.619 -9.984 0.000 -22.149 -11.094 0.000 -23.192
3 82 -9.984 0.000 -22.149 -8.895 0.000 -22.619 -7.565 0.000 -21.833
3 82 -7.565 0.000 -21.833 -8.491 0.000 -21.235 -9.984 0.000 -22.149
3 82 -8.491 0.000 -21.235 -7.565 0.000 -21.833 -5.943 0.000 -21.188
3 82 -5.943 0.000 -21.188 -6.671 0.000 -20.485 -8.491 0.000 -21.235
3 82 -8.491 0.000 -29.765 -6.671 0.000 -30.515 -6.772 0.000 -29.473
3 82 -6.772 0.000 -29.473 -7.565 0.000 -29.167 -8.491 0.000 -29.765
3 82 -4.800 0.000 -21.250 -5.100 0.000 -22.000 -5.150 0.000 -22.550
3 82 -5.150 0.000 -22.550 -2.343 0.000 -19.584 -4.800 0.000 -21.250
3 82 -5.150 0.000 -22.550 -5.000 0.000 -23.050 -1.350 0.000 -20.800
3 82 -1.350 0.000 -20.800 -2.343 0.000 -19.584 -5.150 0.000 -22.550
3 82 -1.350 0.000 -20.800 -5.000 0.000 -23.050 -1.300 0.000 -22.050
3 82 -1.300 0.000 -22.050 -1.300 0.000 -21.350 -1.350 0.000 -20.800
3 82 -1.300 0.000 -22.050 -5.000 0.000 -23.050 -1.550 0.000 -23.250
3 82 -1.550 0.000 -23.250 -1.350 0.000 -22.650 -1.300 0.000 -22.050
3 82 -5.000 0.000 -23.050 -4.650 0.000 -23.600 -4.150 0.000 -23.900
3 82 -4.150 0.000 -23.900 -1.550 0.000 -23.250 -5.000 0.000 -23.050
3 82 -1.550 0.000 -23.250 -4.150 0.000 -23.900 -2.300 0.000 -24.050
3 82 -2.300 0.000 -24.050 -1.900 0.000 -23.750 -1.550 0.000 -23.250
3 82 -4.150 0.000 -23.900 -3.500 0.000 -24.100 -2.950 0.000 -24.150
3 82 -2.950 0.000 -24.150 -2.300 0.000 -24.050 -4.150 0.000 -23.900
3 82 -1.050 0.000 -20.900 0.000 0.000 -19.468 -2.343 0.000 -19.584
3 82 -2.343 0.000 -19.584 -1.350 0.000 -20.800 -1.050 0.000 -20.900
3 82 -1.050 0.000 -20.900 -0.900 0.000 -21.250 -0.650 0.000 -21.500
3 82 -0.650 0.000 -21.500 0.000 0.000 -19.468 -1.050 0.000 -20.900
3 82 -0.650 0.000 -21.500 -0.350 0.000 -21.600 0.000 0.000 -21.650
3 82 0.000 0.000 -21.650 0.000 0.000 -19.468 -0.650 0.000 -21.500
3 0 -2.343 0.000 -19.584 0.000 0.000 -19.468 0.000 0.000 -18.635
3 0 0.000 0.000 -18.635 -2.494 0.000 -18.767 -2.343 0.000 -19.584
3 0 -4.893 0.000 -19.158 -4.595 0.000 -19.927 -2.343 0.000 -19.584
3 0 -2.343 0.000 -19.584 -2.494 0.000 -18.767 -4.893 0.000 -19.158
3 0 -7.103 0.000 -19.792 -6.671 0.000 -20.485 -4.595 0.000 -19.927
3 0 -4.595 0.000 -19.927 -4.893 0.000 -19.158 -7.103 0.000 -19.792
3 0 -9.040 0.000 -20.646 -8.491 0.000 -21.235 -6.671 0.000 -20.485
3 0 -6.671 0.000 -20.485 -7.103 0.000 -19.792 -9.040 0.000 -20.646
3 0 -10.630 0.000 -21.686 -9.984 0.000 -22.149 -8.491 0.000 -21.235
3 0 -8.491 0.000 -21.235 -9.040 0.000 -20.646 -10.630 0.000 -21.686
3 0 -11.812 0.000 -22.873 -11.094 0.000 -23.192 -9.984 0.000 -22.149
3 0 -9.984 0.000 -22.149 -10.630 0.000 -21.686 -11.812 0.000 -22.873
3 0 -12.539 0.000 -24.161 -11.777 0.000 -24.323 -11.094 0.000 -23.192
3 0 -11.094 0.000 -23.192 -11.812 0.000 -22.873 -12.539 0.000 -24.161
3 0 -12.785 0.000 -25.500 -12.008 0.000 -25.500 -11.777 0.000 -24.323
3 0 -11.777 0.000 -24.323 -12.539 0.000 -24.161 -12.785 0.000 -25.500
3 0 -12.539 0.000 -26.839 -11.777 0.000 -26.677 -12.008 0.000 -25.500
3 0 -12.008 0.000 -25.500 -12.785 0.000 -25.500 -12.539 0.000 -26.839
3 0 -12.539 0.000 -26.839 -11.812 0.000 -28.127 -11.094 0.000 -27.808
3 0 -11.094 0.000 -27.808 -11.777 0.000 -26.677 -12.539 0.000 -26.839
3 0 -11.812 0.000 -28.127 -10.630 0.000 -29.314 -9.984 0.000 -28.851
3 0 -9.984 0.000 -28.851 -11.094 0.000 -27.808 -11.812 0.000 -28.127
3 0 -10.630 0.000 -29.314 -9.040 0.000 -30.354 -8.491 0.000 -29.765
3 0 -8.491 0.000 -29.765 -9.984 0.000 -28.851 -10.630 0.000 -29.314
3 0 -9.040 0.000 -30.354 -7.103 0.000 -31.208 -6.671 0.000 -30.515
3 0 -6.671 0.000 -30.515 -8.491 0.000 -29.765 -9.040 0.000 -30.354
3 0 -7.103 0.000 -31.208 -4.893 0.000 -31.842 -4.595 0.000 -31.073
3 0 -4.595 0.000 -31.073 -6.671 0.000 -30.515 -7.103 0.000 -31.208
3 0 -4.893 0.000 -31.842 -2.494 0.000 -32.233 -2.343 0.000 -31.416
3 0 -2.343 0.000 -31.416 -4.595 0.000 -31.073 -4.893 0.000 -31.842
3 0 -2.494 0.000 -32.233 0.000 0.000 -32.365 0.000 0.000 -31.532
3 0 0.000 0.000 -31.532 -2.343 0.000 -31.416 -2.494 0.000 -32.233
3 0 -6.772 0.000 -29.473 -7.050 0.000 -29.000 -8.895 0.000 -28.381
3 0 -8.895 0.000 -28.381 -7.565 0.000 -29.167 -6.772 0.000 -29.473
3 0 -7.050 0.000 -29.000 -7.250 0.000 -28.350 -9.884 0.000 -27.485
3 0 -9.884 0.000 -27.485 -8.895 0.000 -28.381 -7.050 0.000 -29.000
3 0 -7.250 0.000 -28.350 -7.250 0.000 -27.850 -10.492 0.000 -26.512
3 0 -10.492 0.000 -26.512 -9.884 0.000 -27.485 -7.250 0.000 -28.350
3 0 -7.250 0.000 -27.850 -7.100 0.000 -27.450 -10.698 0.000 -25.500
3 0 -10.698 0.000 -25.500 -10.492 0.000 -26.512 -7.250 0.000 -27.850
3 0 -7.100 0.000 -27.450 -6.800 0.000 -27.200 -10.492 0.000 -24.488
3 0 -10.492 0.000 -24.488 -10.698 0.000 -25.500 -7.100 0.000 -27.450
3 0 -6.800 0.000 -27.200 -6.400 0.000 -27.100 -9.884 0.000 -23.515
3 0 -9.884 0.000 -23.515 -10.492 0.000 -24.488 -6.800 0.000 -27.200
3 0 -6.400 0.000 -27.100 -5.000 0.000 -23.050 -8.895 0.000 -22.619
3 0 -8.895 0.000 -22.619 -9.884 0.000 -23.515 -6.400 0.000 -27.100
3 0 -5.000 0.000 -23.050 -5.150 0.000 -22.550 -7.565 0.000 -21.833
3 0 -7.565 0.000 -21.833 -8.895 0.000 -22.619 -5.000 0.000 -23.050
3 0 -5.150 0.000 -22.550 -5.100 0.000 -22.000 -5.943 0.000 -21.188
3 0 -5.943 0.000 -21.188 -7.565 0.000 -21.833 -5.150 0.000 -22.550
3 0 -5.943 0.000 -21.188 -5.100 0.000 -22.000 -4.800 0.000 -21.250
3 0 -4.540 0.000 -20.824 -5.943 0.000 -21.188 -4.800 0.000 -21.250
3 0 -5.000 0.000 -23.050 -6.400 0.000 -27.100 -6.000 0.000 -27.150
3 0 -6.000 0.000 -27.150 -4.650 0.000 -23.600 -5.000 0.000 -23.050
3 0 -4.650 0.000 -23.600 -6.000 0.000 -27.150 -5.500 0.000 -27.300
3 0 -5.500 0.000 -27.300 -4.150 0.000 -23.900 -4.650 0.000 -23.600
3 0 -4.150 0.000 -23.900 -5.500 0.000 -27.300 -4.900 0.000 -27.550
3 0 -4.900 0.000 -27.550 -3.500 0.000 -24.100 -4.150 0.000 -23.900
3 0 -3.500 0.000 -24.100 -4.900 0.000 -27.550 -3.600 0.000 -27.800
3 0 -3.600 0.000 -27.800 -2.950 0.000 -24.150 -3.500 0.000 -24.100
3 0 -3.600 0.000 -27.800 -3.150 0.000 -27.450 -2.300 0.000 -24.050
3 0 -2.300 0.000 -24.050 -2.950 0.000 -24.150 -3.600 0.000 -27.800
3 0 -2.300 0.000 -24.050 -3.150 0.000 -27.450 -2.750 0.000 -27.300
3 0 -4.900 0.000 -27.550 -4.000 0.000 -28.200 -3.600 0.000 -27.800
3 0 -2.300 0.000 -24.050 -2.750 0.000 -27.300 -2.300 0.000 -27.250
3 0 -2.300 0.000 -27.250 -1.850 0.000 -27.400 -1.900 0.000 -23.750
3 0 -1.900 0.000 -23.750 -2.300 0.000 -24.050 -2.300 0.000 -27.250
3 0 -1.850 0.000 -27.400 -1.400 0.000 -27.750 -1.550 0.000 -23.250
3 0 -1.550 0.000 -23.250 -1.900 0.000 -23.750 -1.850 0.000 -27.400
3 0 -1.350 0.000 -20.800 -1.300 0.000 -21.350 -0.900 0.000 -21.250
3 0 -0.900 0.000 -21.250 -1.050 0.000 -20.900 -1.350 0.000 -20.800
3 0 -1.300 0.000 -21.350 -1.300 0.000 -22.050 -0.650 0.000 -21.500
3 0 -0.650 0.000 -21.500 -0.900 0.000 -21.250 -1.300 0.000 -21.350
3 0 -0.650 0.000 -21.500 -1.300 0.000 -22.050 -1.350 0.000 -22.650
3 0 -1.350 0.000 -22.650 -0.350 0.000 -21.600 -0.650 0.000 -21.500
3 0 -0.350 0.000 -21.600 -1.350 0.000 -22.650 -1.550 0.000 -23.250
3 0 -1.550 0.000 -23.250 0.000 0.000 -21.650 -0.350 0.000 -21.600
3 0 -1.550 0.000 -23.250 -1.400 0.000 -27.750 -0.950 0.000 -28.300
3 0 -0.950 0.000 -28.300 0.000 0.000 -21.650 -1.550 0.000 -23.250
3 0 0.000 0.000 -21.650 -0.950 0.000 -28.300 -0.450 0.000 -29.050
3 0 0.000 0.000 -21.650 -0.450 0.000 -29.050 0.000 0.000 -30.000
3 82 -5.943 0.000 -21.188 -4.540 0.000 -20.824 -4.595 0.000 -19.927
3 82 -4.595 0.000 -19.927 -6.671 0.000 -20.485 -5.943 0.000 -21.188
3 82 -2.343 0.000 -19.584 -4.595 0.000 -19.927 -4.540 0.000 -20.824
3 82 -2.343 0.000 -19.584 -4.540 0.000 -20.824 -4.800 0.000 -21.250
3 82 -6.671 0.000 -30.515 -4.595 0.000 -31.073 -4.000 0.000 -28.200
3 82 -4.000 0.000 -28.200 -6.772 0.000 -29.473 -6.671 0.000 -30.515
3 82 -6.772 0.000 -29.473 -4.000 0.000 -28.200 -4.900 0.000 -27.550
3 82 -4.900 0.000 -27.550 -7.050 0.000 -29.000 -6.772 0.000 -29.473
3 82 -7.050 0.000 -29.000 -4.900 0.000 -27.550 -5.500 0.000 -27.300
3 82 -5.500 0.000 -27.300 -7.250 0.000 -28.350 -7.050 0.000 -29.000
3 82 -5.500 0.000 -27.300 -6.000 0.000 -27.150 -7.250 0.000 -27.850
3 82 -7.250 0.000 -27.850 -7.250 0.000 -28.350 -5.500 0.000 -27.300
3 82 -6.000 0.000 -27.150 -6.400 0.000 -27.100 -6.800 0.000 -27.200
3 82 -6.800 0.000 -27.200 -7.250 0.000 -27.850 -6.000 0.000 -27.150
3 82 -6.800 0.000 -27.200 -7.100 0.000 -27.450 -7.250 0.000 -27.850
3 82 -4.595 0.000 -31.073 -2.343 0.000 -31.416 -3.600 0.000 -27.800
3 82 -3.600 0.000 -27.800 -4.000 0.000 -28.200 -4.595 0.000 -31.073
3 82 -3.600 0.000 -27.800 -2.343 0.000 -31.416 -2.750 0.000 -27.300
3 82 -2.750 0.000 -27.300 -3.150 0.000 -27.450 -3.600 0.000 -27.800
3 82 -2.750 0.000 -27.300 -2.343 0.000 -31.416 -1.850 0.000 -27.400
3 82 -1.850 0.000 -27.400 -2.300 0.000 -27.250 -2.750 0.000 -27.300
3 82 -1.850 0.000 -27.400 -2.343 0.000 -31.416 -0.950 0.000 -28.300
3 82 -0.950 0.000 -28.300 -1.400 0.000 -27.750 -1.850 0.000 -27.400
3 82 -0.950 0.000 -28.300 -2.343 0.000 -31.416 0.000 0.000 -30.000
3 82 0.000 0.000 -30.000 -0.450 0.000 -29.050 -0.950 0.000 -28.300
3 82 0.000 0.000 -30.000 -2.343 0.000 -31.416 0.000 0.000 -31.532
3 80 -19.925 0.000 -18.725 -9.040 0.000 -20.646 -7.103 0.000 -19.792
3 80 -7.103 0.000 -19.792 -21.112 0.000 -17.688 -19.925 0.000 -18.725
3 80 -21.112 0.000 -17.688 -7.103 0.000 -19.792 -4.893 0.000 -19.158
3 80 -4.893 0.000 -19.158 -2.494 0.000 -18.767 0.003 0.000 -17.688
3 80 0.003 0.000 -17.688 -21.112 0.000 -17.688 -4.893 0.000 -19.158
3 80 0.003 0.000 -17.688 -2.494 0.000 -18.767 0.000 0.000 -18.635
3 80 -2.494 0.000 -32.233 -2.192 0.000 -33.440 0.000 0.000 -33.512
3 80 0.000 0.000 -33.512 0.000 0.000 -32.365 -2.494 0.000 -32.233
3 80 -4.893 0.000 -31.842 -4.374 0.000 -33.225 -2.192 0.000 -33.440
3 80 -2.192 0.000 -33.440 -2.494 0.000 -32.233 -4.893 0.000 -31.842
3 80 -7.103 0.000 -31.208 -6.538 0.000 -32.868 -4.374 0.000 -33.225
3 80 -4.374 0.000 -33.225 -4.893 0.000 -31.842 -7.103 0.000 -31.208
3 80 -6.538 0.000 -32.868 -7.103 0.000 -31.208 -9.040 0.000 -30.354
3 80 -9.040 0.000 -30.354 -8.674 0.000 -32.370 -6.538 0.000 -32.868
3 80 -8.674 0.000 -32.370 -9.040 0.000 -30.354 -10.630 0.000 -29.314
3 80 -10.630 0.000 -29.314 -10.772 0.000 -31.733 -8.674 0.000 -32.370
3 80 -10.772 0.000 -31.733 -10.630 0.000 -29.314 -11.812 0.000 -28.127
3 80 -11.812 0.000 -28.127 -12.824 0.000 -30.961 -10.772 0.000 -31.733
3 80 -12.824 0.000 -30.961 -11.812 0.000 -28.127 -12.539 0.000 -26.839
3 80 -12.539 0.000 -26.839 -14.822 0.000 -30.056 -12.824 0.000 -30.961
3 80 -14.822 0.000 -30.056 -12.539 0.000 -26.839 -12.785 0.000 -25.500
3 80 -12.785 0.000 -25.500 -16.756 0.000 -29.022 -14.822 0.000 -30.056
3 80 -16.756 0.000 -29.022 -12.785 0.000 -25.500 -20.401 0.000 -26.587
3 80 -20.401 0.000 -26.587 -18.618 0.000 -27.864 -16.756 0.000 -29.022
3 80 -12.785 0.000 -25.500 -12.539 0.000 -24.161 -22.096 0.000 -25.196
3 80 -22.096 0.000 -25.196 -20.401 0.000 -26.587 -12.785 0.000 -25.500
3 80 -22.096 0.000 -25.196 -12.539 0.000 -24.161 -19.925 0.000 -19.975
3 80 -19.925 0.000 -19.975 -22.575 0.000 -22.525 -22.096 0.000 -25.196
3 80 -12.539 0.000 -24.161 -11.812 0.000 -22.873 -19.925 0.000 -19.350
3 80 -19.925 0.000 -19.350 -19.925 0.000 -19.975 -12.539 0.000 -24.161
3 80 -19.925 0.000 -19.350 -11.812 0.000 -22.873 -10.630 0.000 -21.686
3 80 -10.630 0.000 -21.686 -19.925 0.000 -18.725 -19.925 0.000 -19.350
3 80 -19.925 0.000 -18.725 -10.630 0.000 -21.686 -9.040 0.000 -20.646
3 80 -4.433 0.000 33.668 -3.100 0.000 33.800 -2.100 0.000 34.902
3 80 -2.100 0.000 34.902 -4.570 0.000 34.740 -4.433 0.000 33.668
1 0 -22.6000 0.0000 22.7500 0.6250 0.0000 0.0000 0.0000 1.0000 0.0000 0.0000 0.0000 0.6250 4-4disc.dat
1 80 -22.6000 0.0000 22.7500 0.6250 0.0000 0.0000 0.0000 1.0000 0.0000 0.0000 0.0000 0.6250 4-4ndis.dat
1 80 -19.8500 0.0000 20.0000 0.6250 0.0000 0.0000 0.0000 1.0000 0.0000 0.0000 0.0000 0.6250 4-4ndis.dat
1 0 -19.8500 0.0000 20.0000 0.6250 0.0000 0.0000 0.0000 1.0000 0.0000 0.0000 0.0000 0.6250 4-4disc.dat
1 0 -5.2500 0.0000 20.0000 0.6250 0.0000 0.0000 0.0000 1.0000 0.0000 0.0000 0.0000 0.6250 4-4disc.dat
1 80 -5.2500 0.0000 20.0000 0.6250 0.0000 0.0000 0.0000 1.0000 0.0000 0.0000 0.0000 0.6250 4-4ndis.dat
1 0 -5.2500 0.0000 31.3500 0.6250 0.0000 0.0000 0.0000 1.0000 0.0000 0.0000 0.0000 0.6250 4-4disc.dat
1 80 -5.2500 0.0000 31.3500 0.6250 0.0000 0.0000 0.0000 1.0000 0.0000 0.0000 0.0000 0.6250 4-4ndis.dat
1 80 -20.5500 0.0000 -19.3500 0.6250 0.0000 0.0000 0.0000 1.0000 0.0000 0.0000 0.0000 0.6250 4-4ndis.dat
1 0 -20.5500 0.0000 -19.3500 0.6250 0.0000 0.0000 0.0000 1.0000 0.0000 0.0000 0.0000 0.6250 4-4disc.dat
1 0 -23.2000 0.0000 -21.9000 0.6250 0.0000 0.0000 0.0000 1.0000 0.0000 0.0000 0.0000 0.6250 4-4disc.dat
1 80 -23.2000 0.0000 -21.9000 0.6250 0.0000 0.0000 0.0000 1.0000 0.0000 0.0000 0.0000 0.6250 4-4ndis.dat
3 272 33.850 0.000 9.070 32.370 0.000 13.410 30.650 0.000 16.900
3 272 30.650 0.000 16.900 25.950 0.000 12.400 33.850 0.000 9.070
3 272 35.040 0.000 0.000 34.740 0.000 4.570 33.850 0.000 9.070
3 272 33.850 0.000 9.070 25.950 0.000 12.400 35.040 0.000 0.000
3 272 34.740 0.000 -4.570 35.040 0.000 0.000 25.950 0.000 12.400
3 272 25.950 0.000 12.400 25.950 0.000 -12.400 34.740 0.000 -4.570
3 272 32.370 0.000 -13.410 33.850 0.000 -9.070 34.740 0.000 -4.570
3 272 34.740 0.000 -4.570 25.950 0.000 -12.400 32.370 0.000 -13.410
3 272 30.650 0.000 -16.900 32.370 0.000 -13.410 25.950 0.000 -12.400
3 0 0.950 0.000 17.000 2.300 0.000 17.100 2.100 0.000 17.400
3 0 2.100 0.000 17.400 0.850 0.000 17.350 0.950 0.000 17.000
3 0 1.150 0.000 16.750 2.700 0.000 16.750 2.300 0.000 17.100
3 0 2.300 0.000 17.100 0.950 0.000 17.000 1.150 0.000 16.750
3 0 24.013 0.000 -24.013 25.532 0.000 -22.391 25.196 0.000 -22.096
3 0 25.196 0.000 -22.096 23.697 0.000 -23.697 24.013 0.000 -24.013
3 0 22.391 0.000 -25.532 24.013 0.000 -24.013 23.697 0.000 -23.697
3 0 23.697 0.000 -23.697 22.096 0.000 -25.196 22.391 0.000 -25.532
3 0 20.673 0.000 -26.941 22.391 0.000 -25.532 22.096 0.000 -25.196
3 0 22.096 0.000 -25.196 20.401 0.000 -26.587 20.673 0.000 -26.941
3 0 18.867 0.000 -28.236 20.673 0.000 -26.941 20.401 0.000 -26.587
3 0 20.401 0.000 -26.587 18.618 0.000 -27.864 18.867 0.000 -28.236
3 0 16.980 0.000 -29.409 18.867 0.000 -28.236 18.618 0.000 -27.864
3 0 18.618 0.000 -27.864 16.756 0.000 -29.022 16.980 0.000 -29.409
3 0 15.020 0.000 -30.457 16.980 0.000 -29.409 16.756 0.000 -29.022
3 0 16.756 0.000 -29.022 14.822 0.000 -30.056 15.020 0.000 -30.457
3 0 12.996 0.000 -31.374 15.020 0.000 -30.457 14.822 0.000 -30.056
3 0 14.822 0.000 -30.056 12.824 0.000 -30.961 12.996 0.000 -31.374
3 0 10.916 0.000 -32.157 12.996 0.000 -31.374 12.824 0.000 -30.961
3 0 12.824 0.000 -30.961 10.772 0.000 -31.733 10.916 0.000 -32.157
3 0 8.789 0.000 -32.802 10.916 0.000 -32.157 10.772 0.000 -31.733
3 0 10.772 0.000 -31.733 8.674 0.000 -32.370 8.789 0.000 -32.802
3 0 6.625 0.000 -33.306 8.789 0.000 -32.802 8.674 0.000 -32.370
3 0 8.674 0.000 -32.370 6.538 0.000 -32.868 6.625 0.000 -33.306
3 0 4.433 0.000 -33.668 6.625 0.000 -33.306 6.538 0.000 -32.868
3 0 6.538 0.000 -32.868 4.374 0.000 -33.225 4.433 0.000 -33.668
3 0 2.221 0.000 -33.886 4.433 0.000 -33.668 4.374 0.000 -33.225
3 0 4.374 0.000 -33.225 2.192 0.000 -33.440 2.221 0.000 -33.886
3 0 0.000 0.000 -33.959 2.221 0.000 -33.886 2.192 0.000 -33.440
3 0 2.192 0.000 -33.440 0.000 0.000 -33.512 0.000 0.000 -33.959
3 0 6.625 0.000 33.306 4.433 0.000 33.668 4.374 0.000 33.225
3 0 4.374 0.000 33.225 6.538 0.000 32.868 6.625 0.000 33.306
3 0 8.789 0.000 32.802 6.625 0.000 33.306 6.538 0.000 32.868
3 0 6.538 0.000 32.868 8.674 0.000 32.370 8.789 0.000 32.802
3 0 10.916 0.000 32.157 8.789 0.000 32.802 8.674 0.000 32.370
3 0 8.674 0.000 32.370 10.772 0.000 31.733 10.916 0.000 32.157
3 0 12.996 0.000 31.374 10.916 0.000 32.157 10.772 0.000 31.733
3 0 10.772 0.000 31.733 12.824 0.000 30.961 12.996 0.000 31.374
3 0 15.020 0.000 30.457 12.996 0.000 31.374 12.824 0.000 30.961
3 0 12.824 0.000 30.961 14.822 0.000 30.056 15.020 0.000 30.457
3 0 16.980 0.000 29.409 15.020 0.000 30.457 14.822 0.000 30.056
3 0 14.822 0.000 30.056 16.756 0.000 29.022 16.980 0.000 29.409
3 0 18.867 0.000 28.236 16.980 0.000 29.409 16.756 0.000 29.022
3 0 16.756 0.000 29.022 18.618 0.000 27.864 18.867 0.000 28.236
3 0 20.673 0.000 26.941 18.867 0.000 28.236 18.618 0.000 27.864
3 0 18.618 0.000 27.864 20.401 0.000 26.587 20.673 0.000 26.941
3 0 22.391 0.000 25.532 20.673 0.000 26.941 20.401 0.000 26.587
3 0 20.401 0.000 26.587 22.096 0.000 25.196 22.391 0.000 25.532
3 0 24.013 0.000 24.013 22.391 0.000 25.532 22.096 0.000 25.196
3 0 22.096 0.000 25.196 23.697 0.000 23.697 24.013 0.000 24.013
3 0 3.798 0.000 18.448 3.485 0.000 18.135 3.905 0.000 17.855
3 0 3.905 0.000 17.855 4.074 0.000 18.263 3.798 0.000 18.448
3 0 3.205 0.000 18.555 3.485 0.000 18.135 3.798 0.000 18.448
3 0 3.798 0.000 18.448 3.613 0.000 18.724 3.205 0.000 18.555
3 0 4.074 0.000 18.263 3.905 0.000 17.855 4.397 0.000 17.759
3 0 4.397 0.000 17.759 4.397 0.000 18.206 4.074 0.000 18.263
3 0 3.100 0.000 19.059 3.205 0.000 18.555 3.613 0.000 18.724
3 0 3.613 0.000 18.724 3.547 0.000 19.059 3.100 0.000 19.059
3 0 4.397 0.000 17.759 20.547 0.000 17.759 20.362 0.000 18.206
3 0 20.362 0.000 18.206 4.397 0.000 18.206 4.397 0.000 17.759
3 0 24.739 0.000 22.583 20.362 0.000 18.206 20.547 0.000 17.759
3 0 20.547 0.000 17.759 25.361 0.000 22.573 24.739 0.000 22.583
3 0 23.697 0.000 23.697 24.739 0.000 22.583 25.361 0.000 22.573
3 0 25.361 0.000 22.573 24.013 0.000 24.013 23.697 0.000 23.697
3 0 3.100 0.000 33.800 3.100 0.000 19.059 3.547 0.000 19.059
3 0 3.547 0.000 19.059 3.547 0.000 33.307 3.100 0.000 33.800
3 0 3.100 0.000 33.800 3.547 0.000 33.307 4.374 0.000 33.225
3 0 4.374 0.000 33.225 4.433 0.000 33.668 3.100 0.000 33.800
3 0 0.850 0.000 17.350 2.100 0.000 17.400 2.100 0.000 34.902
3 0 2.100 0.000 34.902 0.850 0.000 34.984 0.850 0.000 17.350
3 80 24.013 0.000 24.013 25.361 0.000 22.573 26.950 0.000 22.300
3 80 26.950 0.000 22.300 24.780 0.000 24.780 24.013 0.000 24.013
3 80 21.330 0.000 27.800 22.391 0.000 25.532 24.013 0.000 24.013
3 80 24.013 0.000 24.013 24.780 0.000 24.780 21.330 0.000 27.800
3 80 20.673 0.000 26.941 22.391 0.000 25.532 21.330 0.000 27.800
3 80 17.520 0.000 30.350 18.867 0.000 28.236 20.673 0.000 26.941
3 80 20.673 0.000 26.941 21.330 0.000 27.800 17.520 0.000 30.350
3 80 16.980 0.000 29.409 18.867 0.000 28.236 17.520 0.000 30.350
3 80 13.410 0.000 32.380 15.020 0.000 30.457 16.980 0.000 29.409
3 80 16.980 0.000 29.409 17.520 0.000 30.350 13.410 0.000 32.380
3 80 12.996 0.000 31.374 15.020 0.000 30.457 13.410 0.000 32.380
3 80 9.070 0.000 33.850 10.916 0.000 32.157 12.996 0.000 31.374
3 80 12.996 0.000 31.374 13.410 0.000 32.380 9.070 0.000 33.850
3 80 8.789 0.000 32.802 10.916 0.000 32.157 9.070 0.000 33.850
3 80 4.570 0.000 34.740 6.625 0.000 33.306 8.789 0.000 32.802
3 80 8.789 0.000 32.802 9.070 0.000 33.850 4.570 0.000 34.740
3 80 4.433 0.000 33.668 6.625 0.000 33.306 4.570 0.000 34.740
3 80 3.100 0.000 33.800 2.100 0.000 34.902 2.100 0.000 17.400
3 80 2.100 0.000 17.400 3.100 0.000 19.059 3.100 0.000 33.800
3 80 2.300 0.000 17.100 3.205 0.000 18.555 3.100 0.000 19.059
3 80 3.100 0.000 19.059 2.100 0.000 17.400 2.300 0.000 17.100
3 80 2.700 0.000 16.750 3.485 0.000 18.135 3.205 0.000 18.555
3 80 3.205 0.000 18.555 2.300 0.000 17.100 2.700 0.000 16.750
3 80 2.700 0.000 16.750 3.905 0.000 17.855 3.485 0.000 18.135
3 80 2.700 0.000 16.750 4.397 0.000 17.759 3.905 0.000 17.855
3 80 21.650 0.000 16.750 20.547 0.000 17.759 4.397 0.000 17.759
3 80 4.397 0.000 17.759 2.700 0.000 16.750 21.650 0.000 16.750
3 80 26.950 0.000 22.300 25.361 0.000 22.573 20.547 0.000 17.759
3 80 20.547 0.000 17.759 21.650 0.000 16.750 26.950 0.000 22.300
3 80 0.000 0.000 16.750 0.850 0.000 17.350 0.850 0.000 34.984
3 80 0.850 0.000 34.984 0.000 0.000 35.040 0.000 0.000 16.750
3 80 0.000 0.000 16.750 1.150 0.000 16.750 0.950 0.000 17.000
3 80 0.000 0.000 16.750 0.950 0.000 17.000 0.850 0.000 17.350
3 80 23.225 0.000 22.750 24.739 0.000 22.583 23.697 0.000 23.697
3 80 23.697 0.000 23.697 23.225 0.000 23.375 23.225 0.000 22.750
3 80 23.225 0.000 22.125 24.739 0.000 22.583 23.225 0.000 22.750
3 80 20.362 0.000 18.206 24.739 0.000 22.583 23.225 0.000 22.125
3 80 23.225 0.000 22.125 20.475 0.000 19.375 20.362 0.000 18.206
3 80 20.362 0.000 18.206 20.475 0.000 19.375 19.850 0.000 19.375
3 80 20.362 0.000 18.206 19.850 0.000 19.375 19.225 0.000 19.375
3 80 20.475 0.000 20.000 20.475 0.000 19.375 23.225 0.000 22.125
3 80 23.225 0.000 22.125 22.600 0.000 22.125 20.475 0.000 20.000
3 80 20.475 0.000 20.625 20.475 0.000 20.000 22.600 0.000 22.125
3 80 22.600 0.000 22.125 21.975 0.000 22.125 20.475 0.000 20.625
3 80 19.850 0.000 20.625 20.475 0.000 20.625 21.975 0.000 22.125
3 80 21.975 0.000 22.125 21.975 0.000 22.750 19.850 0.000 20.625
3 80 19.225 0.000 20.625 19.850 0.000 20.625 21.975 0.000 22.750
3 80 21.975 0.000 22.750 21.975 0.000 23.375 19.225 0.000 20.625
3 80 22.600 0.000 23.375 23.225 0.000 23.375 23.697 0.000 23.697
3 80 22.096 0.000 25.196 21.975 0.000 23.375 22.600 0.000 23.375
3 80 22.600 0.000 23.375 23.697 0.000 23.697 22.096 0.000 25.196
3 80 19.225 0.000 20.625 21.975 0.000 23.375 22.096 0.000 25.196
3 80 22.096 0.000 25.196 20.401 0.000 26.587 19.225 0.000 20.625
3 80 5.875 0.000 20.625 19.225 0.000 20.625 20.401 0.000 26.587
3 80 20.401 0.000 26.587 18.618 0.000 27.864 5.875 0.000 20.625
3 80 4.397 0.000 18.206 20.362 0.000 18.206 19.225 0.000 19.375
3 80 19.225 0.000 19.375 5.875 0.000 19.375 4.397 0.000 18.206
3 80 4.397 0.000 18.206 5.875 0.000 19.375 5.250 0.000 19.375
3 80 4.074 0.000 18.263 4.397 0.000 18.206 5.250 0.000 19.375
3 80 5.250 0.000 19.375 4.625 0.000 19.375 4.074 0.000 18.263
3 80 3.613 0.000 18.724 3.798 0.000 18.448 4.074 0.000 18.263
3 80 4.074 0.000 18.263 4.625 0.000 19.375 3.613 0.000 18.724
3 80 4.625 0.000 20.000 3.547 0.000 19.059 3.613 0.000 18.724
3 80 3.613 0.000 18.724 4.625 0.000 19.375 4.625 0.000 20.000
3 80 3.547 0.000 19.059 4.625 0.000 20.000 4.625 0.000 20.625
3 80 3.547 0.000 33.307 3.547 0.000 19.059 4.625 0.000 20.625
3 80 4.625 0.000 20.625 4.625 0.000 30.725 3.547 0.000 33.307
3 80 4.625 0.000 30.725 4.625 0.000 31.350 3.547 0.000 33.307
3 80 4.374 0.000 33.225 3.547 0.000 33.307 4.625 0.000 31.350
3 80 4.625 0.000 31.350 4.625 0.000 31.975 4.374 0.000 33.225
3 80 6.538 0.000 32.868 4.374 0.000 33.225 4.625 0.000 31.975
3 80 4.625 0.000 31.975 5.250 0.000 31.975 6.538 0.000 32.868
3 80 8.674 0.000 32.370 6.538 0.000 32.868 5.250 0.000 31.975
3 80 5.250 0.000 31.975 5.875 0.000 31.975 8.674 0.000 32.370
3 80 5.875 0.000 31.975 5.875 0.000 31.350 8.674 0.000 32.370
3 80 5.875 0.000 31.350 5.875 0.000 30.725 8.674 0.000 32.370
3 80 10.772 0.000 31.733 8.674 0.000 32.370 5.875 0.000 30.725
3 80 5.875 0.000 30.725 5.875 0.000 20.625 10.772 0.000 31.733
3 80 14.822 0.000 30.056 12.824 0.000 30.961 10.772 0.000 31.733
3 80 10.772 0.000 31.733 5.875 0.000 20.625 14.822 0.000 30.056
3 80 18.618 0.000 27.864 16.756 0.000 29.022 14.822 0.000 30.056
3 80 14.822 0.000 30.056 5.875 0.000 20.625 18.618 0.000 27.864
3 80 5.875 0.000 20.000 19.225 0.000 20.000 19.225 0.000 20.625
3 80 19.225 0.000 20.625 5.875 0.000 20.625 5.875 0.000 20.000
3 80 19.225 0.000 19.375 19.225 0.000 20.000 5.875 0.000 20.000
3 80 5.875 0.000 20.000 5.875 0.000 19.375 19.225 0.000 19.375
3 80 5.250 0.000 30.725 5.250 0.000 20.625 5.875 0.000 20.625
3 80 5.875 0.000 20.625 5.875 0.000 30.725 5.250 0.000 30.725
3 80 4.625 0.000 20.625 5.250 0.000 20.625 5.250 0.000 30.725
3 80 5.250 0.000 30.725 4.625 0.000 30.725 4.625 0.000 20.625
3 0 -0.003 0.000 -17.241 -0.003 0.000 -17.688 21.112 0.000 -17.688
3 0 21.112 0.000 -17.688 21.297 0.000 -17.241 -0.003 0.000 -17.241
3 80 0.000 0.000 -16.750 -0.003 0.000 -17.241 21.297 0.000 -17.241
3 80 21.297 0.000 -17.241 21.650 0.000 -16.750 0.000 0.000 -16.750
3 80 26.950 0.000 -22.300 21.650 0.000 -16.750 21.297 0.000 -17.241
3 80 21.297 0.000 -17.241 25.944 0.000 -21.888 26.950 0.000 -22.300
3 80 24.780 0.000 -24.780 26.950 0.000 -22.300 25.944 0.000 -21.888
3 80 25.944 0.000 -21.888 25.532 0.000 -22.391 24.780 0.000 -24.780
3 80 24.013 0.000 -24.013 24.780 0.000 -24.780 25.532 0.000 -22.391
3 80 21.330 0.000 -27.800 24.780 0.000 -24.780 24.013 0.000 -24.013
3 80 24.013 0.000 -24.013 22.391 0.000 -25.532 21.330 0.000 -27.800
3 80 20.673 0.000 -26.941 21.330 0.000 -27.800 22.391 0.000 -25.532
3 80 17.520 0.000 -30.350 21.330 0.000 -27.800 20.673 0.000 -26.941
3 80 20.673 0.000 -26.941 18.867 0.000 -28.236 17.520 0.000 -30.350
3 80 16.980 0.000 -29.409 17.520 0.000 -30.350 18.867 0.000 -28.236
3 80 13.410 0.000 -32.380 17.520 0.000 -30.350 16.980 0.000 -29.409
3 80 16.980 0.000 -29.409 15.020 0.000 -30.457 13.410 0.000 -32.380
3 80 12.996 0.000 -31.374 13.410 0.000 -32.380 15.020 0.000 -30.457
3 80 9.070 0.000 -33.850 13.410 0.000 -32.380 12.996 0.000 -31.374
3 80 12.996 0.000 -31.374 10.916 0.000 -32.157 9.070 0.000 -33.850
3 80 8.789 0.000 -32.802 9.070 0.000 -33.850 10.916 0.000 -32.157
3 80 4.570 0.000 -34.740 9.070 0.000 -33.850 8.789 0.000 -32.802
3 80 8.789 0.000 -32.802 6.625 0.000 -33.306 4.570 0.000 -34.740
3 80 4.433 0.000 -33.668 4.570 0.000 -34.740 6.625 0.000 -33.306
3 80 0.000 0.000 -35.040 4.570 0.000 -34.740 4.433 0.000 -33.668
3 80 4.433 0.000 -33.668 2.221 0.000 -33.886 0.000 0.000 -35.040
3 80 0.000 0.000 -33.959 0.000 0.000 -35.040 2.221 0.000 -33.886
3 80 23.825 0.000 -21.900 25.196 0.000 -22.096 25.342 0.000 -21.918
3 80 25.342 0.000 -21.918 23.825 0.000 -21.275 23.825 0.000 -21.900
3 80 23.825 0.000 -22.525 25.196 0.000 -22.096 23.825 0.000 -21.900
3 80 23.825 0.000 -22.525 23.697 0.000 -23.697 25.196 0.000 -22.096
3 80 23.697 0.000 -23.697 23.825 0.000 -22.525 23.200 0.000 -22.525
3 80 22.096 0.000 -25.196 23.697 0.000 -23.697 23.200 0.000 -22.525
3 80 23.200 0.000 -22.525 22.575 0.000 -22.525 22.096 0.000 -25.196
3 80 21.112 0.000 -17.688 21.175 0.000 -18.725 23.825 0.000 -21.275
3 80 23.825 0.000 -21.275 25.342 0.000 -21.918 21.112 0.000 -17.688
3 80 20.550 0.000 -18.725 21.175 0.000 -18.725 21.112 0.000 -17.688
3 80 19.925 0.000 -18.725 20.550 0.000 -18.725 21.112 0.000 -17.688
3 80 21.175 0.000 -19.350 23.200 0.000 -21.275 23.825 0.000 -21.275
3 80 23.825 0.000 -21.275 21.175 0.000 -18.725 21.175 0.000 -19.350
3 80 21.175 0.000 -19.975 22.575 0.000 -21.275 23.200 0.000 -21.275
3 80 23.200 0.000 -21.275 21.175 0.000 -19.350 21.175 0.000 -19.975
3 80 20.550 0.000 -19.975 22.575 0.000 -21.900 22.575 0.000 -21.275
3 80 22.575 0.000 -21.275 21.175 0.000 -19.975 20.550 0.000 -19.975
3 80 19.925 0.000 -19.975 22.575 0.000 -22.525 22.575 0.000 -21.900
3 80 22.575 0.000 -21.900 20.550 0.000 -19.975 19.925 0.000 -19.975
3 0 25.342 0.000 -21.918 25.196 0.000 -22.096 25.532 0.000 -22.391
3 0 25.532 0.000 -22.391 25.944 0.000 -21.888 25.342 0.000 -21.918
3 0 21.112 0.000 -17.688 25.342 0.000 -21.918 25.944 0.000 -21.888
3 0 25.944 0.000 -21.888 21.297 0.000 -17.241 21.112 0.000 -17.688
3 82 7.565 0.000 -29.167 8.491 0.000 -29.765 9.984 0.000 -28.851
3 82 9.984 0.000 -28.851 8.895 0.000 -28.381 7.565 0.000 -29.167
3 82 8.895 0.000 -28.381 9.984 0.000 -28.851 11.094 0.000 -27.808
3 82 11.094 0.000 -27.808 9.884 0.000 -27.485 8.895 0.000 -28.381
3 82 9.884 0.000 -27.485 11.094 0.000 -27.808 11.777 0.000 -26.677
3 82 11.777 0.000 -26.677 10.492 0.000 -26.512 9.884 0.000 -27.485
3 82 10.492 0.000 -26.512 11.777 0.000 -26.677 12.008 0.000 -25.500
3 82 12.008 0.000 -25.500 10.698 0.000 -25.500 10.492 0.000 -26.512
3 82 10.492 0.000 -24.488 10.698 0.000 -25.500 12.008 0.000 -25.500
3 82 12.008 0.000 -25.500 11.777 0.000 -24.323 10.492 0.000 -24.488
3 82 9.884 0.000 -23.515 10.492 0.000 -24.488 11.777 0.000 -24.323
3 82 11.777 0.000 -24.323 11.094 0.000 -23.192 9.884 0.000 -23.515
3 82 8.895 0.000 -22.619 9.884 0.000 -23.515 11.094 0.000 -23.192
3 82 11.094 0.000 -23.192 9.984 0.000 -22.149 8.895 0.000 -22.619
3 82 7.565 0.000 -21.833 8.895 0.000 -22.619 9.984 0.000 -22.149
3 82 9.984 0.000 -22.149 8.491 0.000 -21.235 7.565 0.000 -21.833
3 82 5.943 0.000 -21.188 7.565 0.000 -21.833 8.491 0.000 -21.235
3 82 8.491 0.000 -21.235 6.671 0.000 -20.485 5.943 0.000 -21.188
3 82 6.772 0.000 -29.473 6.671 0.000 -30.515 8.491 0.000 -29.765
3 82 8.491 0.000 -29.765 7.565 0.000 -29.167 6.772 0.000 -29.473
3 82 5.150 0.000 -22.550 5.100 0.000 -22.000 4.800 0.000 -21.250
3 82 4.800 0.000 -21.250 2.343 0.000 -19.584 5.150 0.000 -22.550
3 82 1.350 0.000 -20.800 5.000 0.000 -23.050 5.150 0.000 -22.550
3 82 5.150 0.000 -22.550 2.343 0.000 -19.584 1.350 0.000 -20.800
3 82 1.300 0.000 -22.050 5.000 0.000 -23.050 1.350 0.000 -20.800
3 82 1.350 0.000 -20.800 1.300 0.000 -21.350 1.300 0.000 -22.050
3 82 1.550 0.000 -23.250 5.000 0.000 -23.050 1.300 0.000 -22.050
3 82 1.300 0.000 -22.050 1.350 0.000 -22.650 1.550 0.000 -23.250
3 82 4.150 0.000 -23.900 4.650 0.000 -23.600 5.000 0.000 -23.050
3 82 5.000 0.000 -23.050 1.550 0.000 -23.250 4.150 0.000 -23.900
3 82 2.300 0.000 -24.050 4.150 0.000 -23.900 1.550 0.000 -23.250
3 82 1.550 0.000 -23.250 1.900 0.000 -23.750 2.300 0.000 -24.050
3 82 2.950 0.000 -24.150 3.500 0.000 -24.100 4.150 0.000 -23.900
3 82 4.150 0.000 -23.900 2.300 0.000 -24.050 2.950 0.000 -24.150
3 82 2.343 0.000 -19.584 0.000 0.000 -19.468 1.050 0.000 -20.900
3 82 1.050 0.000 -20.900 1.350 0.000 -20.800 2.343 0.000 -19.584
3 82 0.650 0.000 -21.500 0.900 0.000 -21.250 1.050 0.000 -20.900
3 82 1.050 0.000 -20.900 0.000 0.000 -19.468 0.650 0.000 -21.500
3 82 0.000 0.000 -21.650 0.350 0.000 -21.600 0.650 0.000 -21.500
3 82 0.650 0.000 -21.500 0.000 0.000 -19.468 0.000 0.000 -21.650
3 0 0.000 0.000 -18.635 0.000 0.000 -19.468 2.343 0.000 -19.584
3 0 2.343 0.000 -19.584 2.494 0.000 -18.767 0.000 0.000 -18.635
3 0 2.343 0.000 -19.584 4.595 0.000 -19.927 4.893 0.000 -19.158
3 0 4.893 0.000 -19.158 2.494 0.000 -18.767 2.343 0.000 -19.584
3 0 4.595 0.000 -19.927 6.671 0.000 -20.485 7.103 0.000 -19.792
3 0 7.103 0.000 -19.792 4.893 0.000 -19.158 4.595 0.000 -19.927
3 0 6.671 0.000 -20.485 8.491 0.000 -21.235 9.040 0.000 -20.646
3 0 9.040 0.000 -20.646 7.103 0.000 -19.792 6.671 0.000 -20.485
3 0 8.491 0.000 -21.235 9.984 0.000 -22.149 10.630 0.000 -21.686
3 0 10.630 0.000 -21.686 9.040 0.000 -20.646 8.491 0.000 -21.235
3 0 9.984 0.000 -22.149 11.094 0.000 -23.192 11.812 0.000 -22.873
3 0 11.812 0.000 -22.873 10.630 0.000 -21.686 9.984 0.000 -22.149
3 0 11.094 0.000 -23.192 11.777 0.000 -24.323 12.539 0.000 -24.161
3 0 12.539 0.000 -24.161 11.812 0.000 -22.873 11.094 0.000 -23.192
3 0 11.777 0.000 -24.323 12.008 0.000 -25.500 12.785 0.000 -25.500
3 0 12.785 0.000 -25.500 12.539 0.000 -24.161 11.777 0.000 -24.323
3 0 12.008 0.000 -25.500 11.777 0.000 -26.677 12.539 0.000 -26.839
3 0 12.539 0.000 -26.839 12.785 0.000 -25.500 12.008 0.000 -25.500
3 0 11.094 0.000 -27.808 11.812 0.000 -28.127 12.539 0.000 -26.839
3 0 12.539 0.000 -26.839 11.777 0.000 -26.677 11.094 0.000 -27.808
3 0 9.984 0.000 -28.851 10.630 0.000 -29.314 11.812 0.000 -28.127
3 0 11.812 0.000 -28.127 11.094 0.000 -27.808 9.984 0.000 -28.851
3 0 8.491 0.000 -29.765 9.040 0.000 -30.354 10.630 0.000 -29.314
3 0 10.630 0.000 -29.314 9.984 0.000 -28.851 8.491 0.000 -29.765
3 0 6.671 0.000 -30.515 7.103 0.000 -31.208 9.040 0.000 -30.354
3 0 9.040 0.000 -30.354 8.491 0.000 -29.765 6.671 0.000 -30.515
3 0 4.595 0.000 -31.073 4.893 0.000 -31.842 7.103 0.000 -31.208
3 0 7.103 0.000 -31.208 6.671 0.000 -30.515 4.595 0.000 -31.073
3 0 2.343 0.000 -31.416 2.494 0.000 -32.233 4.893 0.000 -31.842
3 0 4.893 0.000 -31.842 4.595 0.000 -31.073 2.343 0.000 -31.416
3 0 0.000 0.000 -31.532 0.000 0.000 -32.365 2.494 0.000 -32.233
3 0 2.494 0.000 -32.233 2.343 0.000 -31.416 0.000 0.000 -31.532
3 0 8.895 0.000 -28.381 7.050 0.000 -29.000 6.772 0.000 -29.473
3 0 6.772 0.000 -29.473 7.565 0.000 -29.167 8.895 0.000 -28.381
3 0 9.884 0.000 -27.485 7.250 0.000 -28.350 7.050 0.000 -29.000
3 0 7.050 0.000 -29.000 8.895 0.000 -28.381 9.884 0.000 -27.485
3 0 10.492 0.000 -26.512 7.250 0.000 -27.850 7.250 0.000 -28.350
3 0 7.250 0.000 -28.350 9.884 0.000 -27.485 10.492 0.000 -26.512
3 0 10.698 0.000 -25.500 7.100 0.000 -27.450 7.250 0.000 -27.850
3 0 7.250 0.000 -27.850 10.492 0.000 -26.512 10.698 0.000 -25.500
3 0 10.492 0.000 -24.488 6.800 0.000 -27.200 7.100 0.000 -27.450
3 0 7.100 0.000 -27.450 10.698 0.000 -25.500 10.492 0.000 -24.488
3 0 9.884 0.000 -23.515 6.400 0.000 -27.100 6.800 0.000 -27.200
3 0 6.800 0.000 -27.200 10.492 0.000 -24.488 9.884 0.000 -23.515
3 0 8.895 0.000 -22.619 5.000 0.000 -23.050 6.400 0.000 -27.100
3 0 6.400 0.000 -27.100 9.884 0.000 -23.515 8.895 0.000 -22.619
3 0 7.565 0.000 -21.833 5.150 0.000 -22.550 5.000 0.000 -23.050
3 0 5.000 0.000 -23.050 8.895 0.000 -22.619 7.565 0.000 -21.833
3 0 5.943 0.000 -21.188 5.100 0.000 -22.000 5.150 0.000 -22.550
3 0 5.150 0.000 -22.550 7.565 0.000 -21.833 5.943 0.000 -21.188
3 0 4.800 0.000 -21.250 5.100 0.000 -22.000 5.943 0.000 -21.188
3 0 4.800 0.000 -21.250 5.943 0.000 -21.188 4.540 0.000 -20.824
3 0 6.000 0.000 -27.150 6.400 0.000 -27.100 5.000 0.000 -23.050
3 0 5.000 0.000 -23.050 4.650 0.000 -23.600 6.000 0.000 -27.150
3 0 5.500 0.000 -27.300 6.000 0.000 -27.150 4.650 0.000 -23.600
3 0 4.650 0.000 -23.600 4.150 0.000 -23.900 5.500 0.000 -27.300
3 0 4.900 0.000 -27.550 5.500 0.000 -27.300 4.150 0.000 -23.900
3 0 4.150 0.000 -23.900 3.500 0.000 -24.100 4.900 0.000 -27.550
3 0 3.600 0.000 -27.800 4.900 0.000 -27.550 3.500 0.000 -24.100
3 0 3.500 0.000 -24.100 2.950 0.000 -24.150 3.600 0.000 -27.800
3 0 2.300 0.000 -24.050 3.150 0.000 -27.450 3.600 0.000 -27.800
3 0 3.600 0.000 -27.800 2.950 0.000 -24.150 2.300 0.000 -24.050
3 0 2.750 0.000 -27.300 3.150 0.000 -27.450 2.300 0.000 -24.050
3 0 3.600 0.000 -27.800 4.000 0.000 -28.200 4.900 0.000 -27.550
3 0 2.300 0.000 -27.250 2.750 0.000 -27.300 2.300 0.000 -24.050
3 0 1.900 0.000 -23.750 1.850 0.000 -27.400 2.300 0.000 -27.250
3 0 2.300 0.000 -27.250 2.300 0.000 -24.050 1.900 0.000 -23.750
3 0 1.550 0.000 -23.250 1.400 0.000 -27.750 1.850 0.000 -27.400
3 0 1.850 0.000 -27.400 1.900 0.000 -23.750 1.550 0.000 -23.250
3 0 0.900 0.000 -21.250 1.300 0.000 -21.350 1.350 0.000 -20.800
3 0 1.350 0.000 -20.800 1.050 0.000 -20.900 0.900 0.000 -21.250
3 0 0.650 0.000 -21.500 1.300 0.000 -22.050 1.300 0.000 -21.350
3 0 1.300 0.000 -21.350 0.900 0.000 -21.250 0.650 0.000 -21.500
3 0 1.350 0.000 -22.650 1.300 0.000 -22.050 0.650 0.000 -21.500
3 0 0.650 0.000 -21.500 0.350 0.000 -21.600 1.350 0.000 -22.650
3 0 1.550 0.000 -23.250 1.350 0.000 -22.650 0.350 0.000 -21.600
3 0 0.350 0.000 -21.600 0.000 0.000 -21.650 1.550 0.000 -23.250
3 0 0.950 0.000 -28.300 1.400 0.000 -27.750 1.550 0.000 -23.250
3 0 1.550 0.000 -23.250 0.000 0.000 -21.650 0.950 0.000 -28.300
3 0 0.450 0.000 -29.050 0.950 0.000 -28.300 0.000 0.000 -21.650
3 0 0.000 0.000 -30.000 0.450 0.000 -29.050 0.000 0.000 -21.650
3 82 4.595 0.000 -19.927 4.540 0.000 -20.824 5.943 0.000 -21.188
3 82 5.943 0.000 -21.188 6.671 0.000 -20.485 4.595 0.000 -19.927
3 82 4.540 0.000 -20.824 4.595 0.000 -19.927 2.343 0.000 -19.584
3 82 4.800 0.000 -21.250 4.540 0.000 -20.824 2.343 0.000 -19.584
3 82 4.000 0.000 -28.200 4.595 0.000 -31.073 6.671 0.000 -30.515
3 82 6.671 0.000 -30.515 6.772 0.000 -29.473 4.000 0.000 -28.200
3 82 4.900 0.000 -27.550 4.000 0.000 -28.200 6.772 0.000 -29.473
3 82 6.772 0.000 -29.473 7.050 0.000 -29.000 4.900 0.000 -27.550
3 82 5.500 0.000 -27.300 4.900 0.000 -27.550 7.050 0.000 -29.000
3 82 7.050 0.000 -29.000 7.250 0.000 -28.350 5.500 0.000 -27.300
3 82 7.250 0.000 -27.850 6.000 0.000 -27.150 5.500 0.000 -27.300
3 82 5.500 0.000 -27.300 7.250 0.000 -28.350 7.250 0.000 -27.850
3 82 6.800 0.000 -27.200 6.400 0.000 -27.100 6.000 0.000 -27.150
3 82 6.000 0.000 -27.150 7.250 0.000 -27.850 6.800 0.000 -27.200
3 82 7.250 0.000 -27.850 7.100 0.000 -27.450 6.800 0.000 -27.200
3 82 3.600 0.000 -27.800 2.343 0.000 -31.416 4.595 0.000 -31.073
3 82 4.595 0.000 -31.073 4.000 0.000 -28.200 3.600 0.000 -27.800
3 82 2.750 0.000 -27.300 2.343 0.000 -31.416 3.600 0.000 -27.800
3 82 3.600 0.000 -27.800 3.150 0.000 -27.450 2.750 0.000 -27.300
3 82 1.850 0.000 -27.400 2.343 0.000 -31.416 2.750 0.000 -27.300
3 82 2.750 0.000 -27.300 2.300 0.000 -27.250 1.850 0.000 -27.400
3 82 0.950 0.000 -28.300 2.343 0.000 -31.416 1.850 0.000 -27.400
3 82 1.850 0.000 -27.400 1.400 0.000 -27.750 0.950 0.000 -28.300
3 82 0.000 0.000 -30.000 2.343 0.000 -31.416 0.950 0.000 -28.300
3 82 0.950 0.000 -28.300 0.450 0.000 -29.050 0.000 0.000 -30.000
3 82 0.000 0.000 -31.532 2.343 0.000 -31.416 0.000 0.000 -30.000
3 80 7.103 0.000 -19.792 9.040 0.000 -20.646 19.925 0.000 -18.725
3 80 19.925 0.000 -18.725 21.112 0.000 -17.688 7.103 0.000 -19.792
3 80 4.893 0.000 -19.158 7.103 0.000 -19.792 21.112 0.000 -17.688
3 80 -0.003 0.000 -17.688 2.494 0.000 -18.767 4.893 0.000 -19.158
3 80 4.893 0.000 -19.158 21.112 0.000 -17.688 -0.003 0.000 -17.688
3 80 0.000 0.000 -18.635 2.494 0.000 -18.767 -0.003 0.000 -17.688
3 80 0.000 0.000 -33.512 2.192 0.000 -33.440 2.494 0.000 -32.233
3 80 2.494 0.000 -32.233 0.000 0.000 -32.365 0.000 0.000 -33.512
3 80 2.192 0.000 -33.440 4.374 0.000 -33.225 4.893 0.000 -31.842
3 80 4.893 0.000 -31.842 2.494 0.000 -32.233 2.192 0.000 -33.440
3 80 4.374 0.000 -33.225 6.538 0.000 -32.868 7.103 0.000 -31.208
3 80 7.103 0.000 -31.208 4.893 0.000 -31.842 4.374 0.000 -33.225
3 80 9.040 0.000 -30.354 7.103 0.000 -31.208 6.538 0.000 -32.868
3 80 6.538 0.000 -32.868 8.674 0.000 -32.370 9.040 0.000 -30.354
3 80 10.630 0.000 -29.314 9.040 0.000 -30.354 8.674 0.000 -32.370
3 80 8.674 0.000 -32.370 10.772 0.000 -31.733 10.630 0.000 -29.314
3 80 11.812 0.000 -28.127 10.630 0.000 -29.314 10.772 0.000 -31.733
3 80 10.772 0.000 -31.733 12.824 0.000 -30.961 11.812 0.000 -28.127
3 80 12.539 0.000 -26.839 11.812 0.000 -28.127 12.824 0.000 -30.961
3 80 12.824 0.000 -30.961 14.822 0.000 -30.056 12.539 0.000 -26.839
3 80 12.785 0.000 -25.500 12.539 0.000 -26.839 14.822 0.000 -30.056
3 80 14.822 0.000 -30.056 16.756 0.000 -29.022 12.785 0.000 -25.500
3 80 20.401 0.000 -26.587 12.785 0.000 -25.500 16.756 0.000 -29.022
3 80 16.756 0.000 -29.022 18.618 0.000 -27.864 20.401 0.000 -26.587
3 80 22.096 0.000 -25.196 12.539 0.000 -24.161 12.785 0.000 -25.500
3 80 12.785 0.000 -25.500 20.401 0.000 -26.587 22.096 0.000 -25.196
3 80 19.925 0.000 -19.975 12.539 0.000 -24.161 22.096 0.000 -25.196
3 80 22.096 0.000 -25.196 22.575 0.000 -22.525 19.925 0.000 -19.975
3 80 19.925 0.000 -19.350 11.812 0.000 -22.873 12.539 0.000 -24.161
3 80 12.539 0.000 -24.161 19.925 0.000 -19.975 19.925 0.000 -19.350
3 80 10.630 0.000 -21.686 11.812 0.000 -22.873 19.925 0.000 -19.350
3 80 19.925 0.000 -19.350 19.925 0.000 -18.725 10.630 0.000 -21.686
3 80 9.040 0.000 -20.646 10.630 0.000 -21.686 19.925 0.000 -18.725
3 80 2.100 0.000 34.902 3.100 0.000 33.800 4.433 0.000 33.668
3 80 4.433 0.000 33.668 4.570 0.000 34.740 2.100 0.000 34.902
1 0 22.6000 0.0000 22.7500 -0.6250 0.0000 0.0000 0.0000 1.0000 0.0000 0.0000 0.0000 0.6250 4-4disc.dat
1 80 22.6000 0.0000 22.7500 -0.6250 0.0000 0.0000 0.0000 1.0000 0.0000 0.0000 0.0000 0.6250 4-4ndis.dat
1 80 19.8500 0.0000 20.0000 -0.6250 0.0000 0.0000 0.0000 1.0000 0.0000 0.0000 0.0000 0.6250 4-4ndis.dat
1 0 19.8500 0.0000 20.0000 -0.6250 0.0000 0.0000 0.0000 1.0000 0.0000 0.0000 0.0000 0.6250 4-4disc.dat
1 0 5.2500 0.0000 20.0000 -0.6250 0.0000 0.0000 0.0000 1.0000 0.0000 0.0000 0.0000 0.6250 4-4disc.dat
1 80 5.2500 0.0000 20.0000 -0.6250 0.0000 0.0000 0.0000 1.0000 0.0000 0.0000 0.0000 0.6250 4-4ndis.dat
1 0 5.2500 0.0000 31.3500 -0.6250 0.0000 0.0000 0.0000 1.0000 0.0000 0.0000 0.0000 0.6250 4-4disc.dat
1 80 5.2500 0.0000 31.3500 -0.6250 0.0000 0.0000 0.0000 1.0000 0.0000 0.0000 0.0000 0.6250 4-4ndis.dat
1 80 20.5500 0.0000 -19.3500 -0.6250 0.0000 0.0000 0.0000 1.0000 0.0000 0.0000 0.0000 0.6250 4-4ndis.dat
1 0 20.5500 0.0000 -19.3500 -0.6250 0.0000 0.0000 0.0000 1.0000 0.0000 0.0000 0.0000 0.6250 4-4disc.dat
1 0 23.2000 0.0000 -21.9000 -0.6250 0.0000 0.0000 0.0000 1.0000 0.0000 0.0000 0.0000 0.6250 4-4disc.dat
1 80 23.2000 0.0000 -21.9000 -0.6250 0.0000 0.0000 0.0000 1.0000 0.0000 0.0000 0.0000 0.6250 4-4ndis.dat
