0 FILE 19729p0a.dat
0 Minifigure, Head, Modified Cube with Pixelated Nougat Face, Dark Turquoise Eyes and Reddish Brown Mouth Pattern (Minecraft Guardian Warrior)
0 Name:  19729p0a.dat
0 Author:  
0 BL_Item_No 19729pb068
0 BFC CERTIFY CCW
3 16 -10.100 18.250 -15.000 -7.200 18.250 -15.000 -7.200 15.400 -15.000
3 16 -7.200 15.400 -15.000 -10.100 15.400 -15.000 -10.100 18.250 -15.000
3 16 10.100 18.250 -15.000 10.100 15.400 -15.000 7.200 15.400 -15.000
3 16 7.200 15.400 -15.000 7.200 18.250 -15.000 10.100 18.250 -15.000
3 16 -14.400 29.400 -15.000 -15.000 30.000 -15.000 15.000 30.000 -15.000
3 16 15.000 30.000 -15.000 14.400 29.400 -15.000 -14.400 29.400 -15.000
3 16 -14.400 29.400 -15.000 -14.400 15.000 -15.000 -15.000 0.000 -15.000
3 16 -15.000 0.000 -15.000 -15.000 30.000 -15.000 -14.400 29.400 -15.000
3 16 -15.000 0.000 -15.000 -14.400 15.000 -15.000 -10.850 14.650 -15.000
3 16 -10.850 14.650 -15.000 -10.850 11.400 -15.000 -15.000 0.000 -15.000
3 16 -10.850 11.400 -15.000 -7.200 11.400 -15.000 -7.200 7.800 -15.000
3 16 -7.200 7.800 -15.000 -15.000 0.000 -15.000 -10.850 11.400 -15.000
3 16 -7.200 7.800 -15.000 7.200 7.800 -15.000 15.000 0.000 -15.000
3 16 15.000 0.000 -15.000 -15.000 0.000 -15.000 -7.200 7.800 -15.000
3 16 15.000 0.000 -15.000 7.200 7.800 -15.000 7.200 11.400 -15.000
3 16 7.200 11.400 -15.000 10.850 11.400 -15.000 15.000 0.000 -15.000
3 16 10.850 11.400 -15.000 10.850 14.650 -15.000 14.400 15.000 -15.000
3 16 14.400 15.000 -15.000 15.000 0.000 -15.000 10.850 11.400 -15.000
3 16 14.400 15.000 -15.000 14.400 29.400 -15.000 15.000 30.000 -15.000
3 16 15.000 30.000 -15.000 15.000 0.000 -15.000 14.400 15.000 -15.000
3 16 -10.850 15.000 -15.000 -10.850 14.650 -15.000 -14.400 15.000 -15.000
3 16 10.850 15.000 -15.000 14.400 15.000 -15.000 10.850 14.650 -15.000
3 70 -3.600 25.800 -15.000 3.600 25.800 -15.000 3.600 22.200 -15.000
3 70 3.600 22.200 -15.000 -3.600 22.200 -15.000 -3.600 25.800 -15.000
3 3 -4.000 15.400 -15.000 -7.200 15.400 -15.000 -7.200 18.250 -15.000
3 3 -7.200 18.250 -15.000 -4.000 18.250 -15.000 -4.000 15.400 -15.000
3 0 -4.000 18.250 -15.000 -3.250 19.000 -15.000 -3.250 14.650 -15.000
3 0 -3.250 14.650 -15.000 -4.000 15.400 -15.000 -4.000 18.250 -15.000
3 0 -4.000 15.400 -15.000 -3.250 14.650 -15.000 -10.850 14.650 -15.000
3 0 -10.850 14.650 -15.000 -7.200 15.400 -15.000 -4.000 15.400 -15.000
3 0 -10.100 15.400 -15.000 -7.200 15.400 -15.000 -10.850 14.650 -15.000
3 0 -10.850 14.650 -15.000 -10.850 15.000 -15.000 -10.100 15.400 -15.000
3 0 -4.000 18.250 -15.000 -7.200 18.250 -15.000 -10.850 19.000 -15.000
3 0 -10.850 19.000 -15.000 -3.250 19.000 -15.000 -4.000 18.250 -15.000
3 0 -10.850 19.000 -15.000 -7.200 18.250 -15.000 -10.100 18.250 -15.000
3 0 -10.850 19.000 -15.000 -10.100 18.250 -15.000 -10.100 15.400 -15.000
3 0 -10.100 15.400 -15.000 -10.850 15.000 -15.000 -10.850 19.000 -15.000
3 3 4.000 15.400 -15.000 4.000 18.250 -15.000 7.200 18.250 -15.000
3 3 7.200 18.250 -15.000 7.200 15.400 -15.000 4.000 15.400 -15.000
3 0 4.000 18.250 -15.000 4.000 15.400 -15.000 3.250 14.650 -15.000
3 0 3.250 14.650 -15.000 3.250 19.000 -15.000 4.000 18.250 -15.000
3 0 4.000 15.400 -15.000 7.200 15.400 -15.000 10.850 14.650 -15.000
3 0 10.850 14.650 -15.000 3.250 14.650 -15.000 4.000 15.400 -15.000
3 0 10.850 14.650 -15.000 7.200 15.400 -15.000 10.100 15.400 -15.000
3 0 4.000 18.250 -15.000 3.250 19.000 -15.000 10.850 19.000 -15.000
3 0 10.850 19.000 -15.000 7.200 18.250 -15.000 4.000 18.250 -15.000
3 0 7.200 18.250 -15.000 10.850 19.000 -15.000 10.100 18.250 -15.000
3 0 10.100 18.250 -15.000 10.850 15.000 -15.000 10.850 14.650 -15.000
3 0 10.850 14.650 -15.000 10.100 15.400 -15.000 10.100 18.250 -15.000
3 0 10.100 18.250 -15.000 10.850 19.000 -15.000 10.850 15.000 -15.000
3 92 -10.850 19.000 -15.000 -10.850 15.000 -15.000 -14.400 15.000 -15.000
3 92 -14.400 15.000 -15.000 -14.400 29.400 -15.000 -10.850 19.000 -15.000
3 92 -10.850 14.650 -15.000 -3.250 14.650 -15.000 -7.200 11.400 -15.000
3 92 -7.200 11.400 -15.000 -10.850 11.400 -15.000 -10.850 14.650 -15.000
3 92 -3.250 14.650 -15.000 3.250 14.650 -15.000 -7.200 7.800 -15.000
3 92 -7.200 7.800 -15.000 -7.200 11.400 -15.000 -3.250 14.650 -15.000
3 92 -7.200 7.800 -15.000 3.250 14.650 -15.000 7.200 11.400 -15.000
3 92 7.200 11.400 -15.000 7.200 7.800 -15.000 -7.200 7.800 -15.000
3 92 7.200 11.400 -15.000 3.250 14.650 -15.000 10.850 14.650 -15.000
3 92 10.850 14.650 -15.000 10.850 11.400 -15.000 7.200 11.400 -15.000
3 92 -3.250 19.000 -15.000 3.250 19.000 -15.000 3.250 14.650 -15.000
3 92 3.250 14.650 -15.000 -3.250 14.650 -15.000 -3.250 19.000 -15.000
3 92 10.850 19.000 -15.000 14.400 29.400 -15.000 14.400 15.000 -15.000
3 92 14.400 15.000 -15.000 10.850 15.000 -15.000 10.850 19.000 -15.000
3 92 -10.850 19.000 -15.000 -14.400 29.400 -15.000 -3.600 22.200 -15.000
3 92 -3.600 22.200 -15.000 -3.250 19.000 -15.000 -10.850 19.000 -15.000
3 92 -3.250 19.000 -15.000 -3.600 22.200 -15.000 3.600 22.200 -15.000
3 92 3.600 22.200 -15.000 3.250 19.000 -15.000 -3.250 19.000 -15.000
3 92 3.250 19.000 -15.000 3.600 22.200 -15.000 14.400 29.400 -15.000
3 92 14.400 29.400 -15.000 10.850 19.000 -15.000 3.250 19.000 -15.000
3 92 -3.600 22.200 -15.000 -14.400 29.400 -15.000 -3.600 25.800 -15.000
3 92 3.600 22.200 -15.000 3.600 25.800 -15.000 14.400 29.400 -15.000
3 92 -14.400 29.400 -15.000 14.400 29.400 -15.000 3.600 25.800 -15.000
3 92 3.600 25.800 -15.000 -3.600 25.800 -15.000 -14.400 29.400 -15.000
1 16 0.0000 0.0000 0.0000 1.0000 0.0000 0.0000 0.0000 1.0000 0.0000 0.0000 0.0000 1.0000 s/19729s01.dat
