0 FILE 2335pb099.dat
0 Flag 2 x 2 Square with Horse and 2 Butterflies Pattern (Sticker) - Set 3189
0 Name:  2335pb099.dat
0 Author:  
0 BL_Item_No 2335pb099
0 BFC CERTIFY CCW
1 16 0.0000 0.0000 0.0000 1.0000 0.0000 0.0000 0.0000 1.0000 0.0000 0.0000 0.0000 1.0000 2335.dat
3 30 -2.250 5.800 24.700 -2.250 7.000 25.400 -2.250 8.300 25.000
3 30 -2.250 8.300 25.000 -2.250 6.800 23.400 -2.250 5.800 24.700
3 30 -2.250 5.000 24.000 -2.250 5.800 24.700 -2.250 6.800 23.400
3 30 -2.250 6.800 23.400 -2.250 6.300 23.000 -2.250 5.000 24.000
3 30 -2.250 4.600 23.200 -2.250 5.000 24.000 -2.250 6.300 23.000
3 30 -2.250 6.300 23.000 -2.250 5.900 22.800 -2.250 4.600 23.200
3 30 -2.250 5.900 22.800 -2.250 4.700 22.800 -2.250 4.600 23.200
3 30 -2.250 6.600 26.500 -2.250 8.400 27.200 -2.250 8.300 25.000
3 30 -2.250 8.300 25.000 -2.250 7.000 25.400 -2.250 6.600 26.500
3 30 -2.250 6.500 27.400 -2.250 8.200 27.900 -2.250 8.400 27.200
3 30 -2.250 8.400 27.200 -2.250 6.600 26.500 -2.250 6.500 27.400
3 30 -2.250 6.500 28.300 -2.250 7.700 28.400 -2.250 8.200 27.900
3 30 -2.250 8.200 27.900 -2.250 6.500 27.400 -2.250 6.500 28.300
3 30 -2.250 6.900 28.700 -2.250 7.700 28.400 -2.250 6.500 28.300
3 30 -2.250 8.800 24.400 -2.250 7.200 22.700 -2.250 6.800 23.400
3 30 -2.250 6.800 23.400 -2.250 8.300 25.000 -2.250 8.800 24.400
3 30 -2.250 9.000 23.500 -2.250 7.900 22.500 -2.250 7.200 22.700
3 30 -2.250 7.200 22.700 -2.250 8.800 24.400 -2.250 9.000 23.500
3 30 -2.250 9.000 23.500 -2.250 8.600 22.700 -2.250 7.900 22.500
3 30 -2.250 9.000 25.100 -2.250 8.300 25.000 -2.250 8.400 27.200
3 30 -2.250 8.400 27.200 -2.250 9.200 27.300 -2.250 9.000 25.100
3 30 -2.250 9.600 25.400 -2.250 9.000 25.100 -2.250 9.200 27.300
3 30 -2.250 9.200 27.300 -2.250 9.800 26.800 -2.250 9.600 25.400
3 30 -2.250 9.800 26.800 -2.250 10.000 25.900 -2.250 9.600 25.400
3 30 -2.250 10.000 35.600 -2.250 11.000 34.500 -2.250 10.900 33.000
3 30 -2.250 10.900 33.000 -2.250 9.900 34.100 -2.250 10.000 35.600
3 30 -2.250 9.400 35.900 -2.250 10.000 35.600 -2.250 9.900 34.100
3 30 -2.250 9.900 34.100 -2.250 9.100 34.700 -2.250 9.400 35.900
3 30 -2.250 8.600 35.700 -2.250 9.400 35.900 -2.250 9.100 34.700
3 30 -2.250 9.100 34.700 -2.250 8.600 35.400 -2.250 8.600 35.700
3 30 -2.250 9.600 33.100 -2.250 9.900 34.100 -2.250 10.900 33.000
3 30 -2.250 10.900 33.000 -2.250 10.500 32.500 -2.250 9.600 33.100
3 30 -2.250 9.600 32.200 -2.250 9.600 33.100 -2.250 10.500 32.500
3 30 -2.250 10.500 32.500 -2.250 10.100 32.100 -2.250 9.600 32.200
3 30 -2.250 10.100 32.100 -2.250 9.700 31.900 -2.250 9.600 32.200
3 30 -2.250 11.600 33.100 -2.250 10.900 33.000 -2.250 11.000 34.500
3 30 -2.250 11.000 34.500 -2.250 11.600 34.200 -2.250 11.600 33.100
3 30 -2.250 11.900 33.700 -2.250 11.600 33.100 -2.250 11.600 34.200
3 30 -2.250 11.300 35.100 -2.250 11.000 34.500 -2.250 10.000 35.600
3 30 -2.250 10.000 35.600 -2.250 10.400 35.900 -2.250 11.300 35.100
3 30 -2.250 11.100 35.900 -2.250 11.300 35.100 -2.250 10.400 35.900
3 15 -2.250 5.100 24.900 -2.250 6.100 25.700 -2.250 7.000 25.400
3 15 -2.250 7.000 25.400 -2.250 5.800 24.700 -2.250 5.100 24.900
3 15 -2.250 4.400 24.100 -2.250 5.100 24.900 -2.250 5.800 24.700
3 15 -2.250 5.800 24.700 -2.250 5.000 24.000 -2.250 4.400 24.100
3 15 -2.250 4.100 23.100 -2.250 4.400 24.100 -2.250 5.000 24.000
3 15 -2.250 5.000 24.000 -2.250 4.600 23.200 -2.250 4.100 23.100
3 15 -2.250 4.300 22.400 -2.250 4.100 23.100 -2.250 4.600 23.200
3 15 -2.250 4.600 23.200 -2.250 4.700 22.800 -2.250 4.300 22.400
3 15 -2.250 5.900 22.800 -2.250 5.000 22.200 -2.250 4.300 22.400
3 15 -2.250 4.300 22.400 -2.250 4.700 22.800 -2.250 5.900 22.800
3 15 -2.250 6.300 23.000 -2.250 6.200 22.300 -2.250 5.000 22.200
3 15 -2.250 5.000 22.200 -2.250 5.900 22.800 -2.250 6.300 23.000
3 15 -2.250 6.800 23.400 -2.250 6.700 22.500 -2.250 6.200 22.300
3 15 -2.250 6.200 22.300 -2.250 6.300 23.000 -2.250 6.800 23.400
3 15 -2.250 7.200 22.100 -2.250 6.700 22.500 -2.250 6.800 23.400
3 15 -2.250 6.800 23.400 -2.250 7.200 22.700 -2.250 7.200 22.100
3 15 -2.250 8.100 21.900 -2.250 7.200 22.100 -2.250 7.200 22.700
3 15 -2.250 7.200 22.700 -2.250 7.900 22.500 -2.250 8.100 21.900
3 15 -2.250 8.900 22.200 -2.250 8.100 21.900 -2.250 7.900 22.500
3 15 -2.250 7.900 22.500 -2.250 8.600 22.700 -2.250 8.900 22.200
3 15 -2.250 9.000 23.500 -2.250 9.400 22.900 -2.250 8.900 22.200
3 15 -2.250 8.900 22.200 -2.250 8.600 22.700 -2.250 9.000 23.500
3 15 -2.250 8.800 24.400 -2.250 9.500 23.800 -2.250 9.400 22.900
3 15 -2.250 9.400 22.900 -2.250 9.000 23.500 -2.250 8.800 24.400
3 15 -2.250 8.300 25.000 -2.250 9.300 24.600 -2.250 9.500 23.800
3 15 -2.250 9.500 23.800 -2.250 8.800 24.400 -2.250 8.300 25.000
3 15 -2.250 10.000 24.900 -2.250 9.300 24.600 -2.250 8.300 25.000
3 15 -2.250 8.300 25.000 -2.250 9.000 25.100 -2.250 10.000 24.900
3 15 -2.250 10.400 25.400 -2.250 10.000 24.900 -2.250 9.000 25.100
3 15 -2.250 9.000 25.100 -2.250 9.600 25.400 -2.250 10.400 25.400
3 15 -2.250 10.600 26.100 -2.250 10.400 25.400 -2.250 9.600 25.400
3 15 -2.250 9.600 25.400 -2.250 10.000 25.900 -2.250 10.600 26.100
3 15 -2.250 9.800 26.800 -2.250 10.400 26.900 -2.250 10.600 26.100
3 15 -2.250 10.600 26.100 -2.250 10.000 25.900 -2.250 9.800 26.800
3 15 -2.250 9.200 27.300 -2.250 9.800 27.600 -2.250 10.400 26.900
3 15 -2.250 10.400 26.900 -2.250 9.800 26.800 -2.250 9.200 27.300
3 15 -2.250 8.400 27.200 -2.250 8.800 28.000 -2.250 9.800 27.600
3 15 -2.250 9.800 27.600 -2.250 9.200 27.300 -2.250 8.400 27.200
3 15 -2.250 8.200 28.700 -2.250 8.800 28.000 -2.250 8.400 27.200
3 15 -2.250 8.400 27.200 -2.250 8.200 27.900 -2.250 8.200 28.700
3 15 -2.250 7.300 29.400 -2.250 8.200 28.700 -2.250 8.200 27.900
3 15 -2.250 8.200 27.900 -2.250 7.700 28.400 -2.250 7.300 29.400
3 15 -2.250 6.500 29.300 -2.250 7.300 29.400 -2.250 7.700 28.400
3 15 -2.250 7.700 28.400 -2.250 6.900 28.700 -2.250 6.500 29.300
3 15 -2.250 6.000 28.600 -2.250 6.500 29.300 -2.250 6.900 28.700
3 15 -2.250 6.900 28.700 -2.250 6.500 28.300 -2.250 6.000 28.600
3 15 -2.250 6.500 27.400 -2.250 5.900 27.700 -2.250 6.000 28.600
3 15 -2.250 6.000 28.600 -2.250 6.500 28.300 -2.250 6.500 27.400
3 15 -2.250 6.600 26.500 -2.250 6.000 26.700 -2.250 5.900 27.700
3 15 -2.250 5.900 27.700 -2.250 6.500 27.400 -2.250 6.600 26.500
3 15 -2.250 7.000 25.400 -2.250 6.100 25.700 -2.250 6.000 26.700
3 15 -2.250 6.000 26.700 -2.250 6.600 26.500 -2.250 7.000 25.400
3 15 -2.250 9.000 32.800 -2.250 9.100 33.900 -2.250 9.900 34.100
3 15 -2.250 9.900 34.100 -2.250 9.600 33.100 -2.250 9.000 32.800
3 15 -2.250 9.100 31.900 -2.250 9.000 32.800 -2.250 9.600 33.100
3 15 -2.250 9.600 33.100 -2.250 9.600 32.200 -2.250 9.100 31.900
3 15 -2.250 9.500 31.300 -2.250 9.100 31.900 -2.250 9.600 32.200
3 15 -2.250 9.600 32.200 -2.250 9.700 31.900 -2.250 9.500 31.300
3 15 -2.250 10.100 32.100 -2.250 10.100 31.300 -2.250 9.500 31.300
3 15 -2.250 9.500 31.300 -2.250 9.700 31.900 -2.250 10.100 32.100
3 15 -2.250 10.500 32.500 -2.250 10.700 31.900 -2.250 10.100 31.300
3 15 -2.250 10.100 31.300 -2.250 10.100 32.100 -2.250 10.500 32.500
3 15 -2.250 10.900 33.000 -2.250 11.100 32.400 -2.250 10.700 31.900
3 15 -2.250 10.700 31.900 -2.250 10.500 32.500 -2.250 10.900 33.000
3 15 -2.250 11.900 32.500 -2.250 11.100 32.400 -2.250 10.900 33.000
3 15 -2.250 10.900 33.000 -2.250 11.600 33.100 -2.250 11.900 32.500
3 15 -2.250 11.900 33.700 -2.250 12.300 33.100 -2.250 11.900 32.500
3 15 -2.250 11.900 32.500 -2.250 11.600 33.100 -2.250 11.900 33.700
3 15 -2.250 12.100 34.400 -2.250 12.400 33.800 -2.250 12.300 33.100
3 15 -2.250 12.300 33.100 -2.250 11.900 33.700 -2.250 12.100 34.400
3 15 -2.250 11.700 34.700 -2.250 12.100 34.400 -2.250 11.900 33.700
3 15 -2.250 11.900 33.700 -2.250 11.600 34.200 -2.250 11.700 34.700
3 15 -2.250 11.300 35.100 -2.250 11.700 34.700 -2.250 11.600 34.200
3 15 -2.250 11.600 34.200 -2.250 11.000 34.500 -2.250 11.300 35.100
3 15 -2.250 11.700 35.900 -2.250 11.800 35.300 -2.250 11.700 34.700
3 15 -2.250 11.700 34.700 -2.250 11.300 35.100 -2.250 11.700 35.900
3 15 -2.250 11.300 36.400 -2.250 11.700 35.900 -2.250 11.300 35.100
3 15 -2.250 11.300 35.100 -2.250 11.100 35.900 -2.250 11.300 36.400
3 15 -2.250 10.400 35.900 -2.250 10.700 36.500 -2.250 11.300 36.400
3 15 -2.250 11.300 36.400 -2.250 11.100 35.900 -2.250 10.400 35.900
3 15 -2.250 10.000 35.600 -2.250 9.900 36.200 -2.250 10.700 36.500
3 15 -2.250 10.700 36.500 -2.250 10.400 35.900 -2.250 10.000 35.600
3 15 -2.250 9.200 36.400 -2.250 9.900 36.200 -2.250 10.000 35.600
3 15 -2.250 10.000 35.600 -2.250 9.400 35.900 -2.250 9.200 36.400
3 15 -2.250 8.600 35.700 -2.250 8.400 36.400 -2.250 9.200 36.400
3 15 -2.250 9.200 36.400 -2.250 9.400 35.900 -2.250 8.600 35.700
3 15 -2.250 8.100 35.100 -2.250 7.900 35.700 -2.250 8.400 36.400
3 15 -2.250 8.400 36.400 -2.250 8.600 35.700 -2.250 8.100 35.100
3 15 -2.250 8.500 34.500 -2.250 8.100 35.100 -2.250 8.600 35.700
3 15 -2.250 8.600 35.700 -2.250 8.600 35.400 -2.250 8.500 34.500
3 15 -2.250 9.100 33.900 -2.250 8.500 34.500 -2.250 8.600 35.400
3 15 -2.250 8.600 35.400 -2.250 9.100 34.700 -2.250 9.100 33.900
3 15 -2.250 9.900 34.100 -2.250 9.100 33.900 -2.250 9.100 34.700
3 15 -2.250 23.700 11.900 -2.250 23.200 11.000 -2.250 20.400 11.000
3 15 -2.250 20.400 11.000 -2.250 20.600 12.300 -2.250 23.700 11.900
3 15 -2.250 24.200 13.500 -2.250 23.700 11.900 -2.250 20.600 12.300
3 15 -2.250 20.600 12.300 -2.250 20.700 13.400 -2.250 24.200 13.500
3 15 -2.250 24.200 15.100 -2.250 24.200 13.500 -2.250 20.700 13.400
3 15 -2.250 20.700 13.400 -2.250 19.900 14.400 -2.250 24.200 15.100
3 15 -2.250 23.800 16.500 -2.250 24.200 15.100 -2.250 19.900 14.400
3 15 -2.250 19.900 14.400 -2.250 19.100 15.700 -2.250 23.800 16.500
3 15 -2.250 22.800 17.800 -2.250 23.800 16.500 -2.250 19.100 15.700
3 15 -2.250 19.100 15.700 -2.250 18.700 17.500 -2.250 22.800 17.800
3 15 -2.250 18.700 18.800 -2.250 21.300 18.700 -2.250 22.800 17.800
3 15 -2.250 22.800 17.800 -2.250 18.700 17.500 -2.250 18.700 18.800
3 15 -2.250 20.400 19.600 -2.250 21.300 18.700 -2.250 18.700 18.800
3 15 -2.250 27.000 25.300 -2.250 20.400 19.600 -2.250 18.700 18.800
3 15 -2.250 18.700 18.800 -2.250 19.500 20.500 -2.250 27.000 25.300
3 15 -2.250 27.700 24.500 -2.250 21.700 19.300 -2.250 20.400 19.600
3 15 -2.250 20.400 19.600 -2.250 27.000 25.300 -2.250 27.700 24.500
3 15 -2.250 25.500 20.100 -2.250 23.400 19.200 -2.250 21.700 19.300
3 15 -2.250 21.700 19.300 -2.250 27.700 24.500 -2.250 25.500 20.100
3 15 -2.250 27.300 19.100 -2.250 25.500 20.100 -2.250 27.700 24.500
3 15 -2.250 27.700 24.500 -2.250 33.800 23.000 -2.250 27.300 19.100
3 15 -2.250 28.200 19.100 -2.250 27.300 19.100 -2.250 33.800 23.000
3 15 -2.250 33.800 23.000 -2.250 29.100 19.600 -2.250 28.200 19.100
3 15 -2.250 31.100 27.200 -2.250 33.800 25.700 -2.250 33.800 23.000
3 15 -2.250 33.800 23.000 -2.250 27.700 24.500 -2.250 31.100 27.200
3 15 -2.250 30.000 27.200 -2.250 31.100 27.200 -2.250 27.700 24.500
3 15 -2.250 35.500 25.900 -2.250 35.500 22.600 -2.250 33.800 23.000
3 15 -2.250 33.800 23.000 -2.250 33.800 25.700 -2.250 35.500 25.900
3 15 -2.250 36.600 25.800 -2.250 36.700 25.200 -2.250 35.500 22.600
3 15 -2.250 35.500 22.600 -2.250 35.500 25.900 -2.250 36.600 25.800
3 15 -2.250 34.100 26.600 -2.250 31.100 27.200 -2.250 31.800 27.800
3 15 -2.250 31.800 27.800 -2.250 33.900 27.400 -2.250 34.100 26.600
3 15 -2.250 34.100 26.600 -2.250 33.800 25.700 -2.250 31.100 27.200
3 15 -2.250 18.500 21.800 -2.250 25.400 26.900 -2.250 27.000 25.300
3 15 -2.250 27.000 25.300 -2.250 19.500 20.500 -2.250 18.500 21.800
3 15 -2.250 18.500 27.300 -2.250 25.400 26.900 -2.250 18.500 21.800
3 15 -2.250 18.500 21.800 -2.250 18.300 23.400 -2.250 18.500 27.300
3 15 -2.250 19.000 30.800 -2.250 25.400 28.400 -2.250 25.400 26.900
3 15 -2.250 25.400 26.900 -2.250 18.500 27.300 -2.250 19.000 30.800
3 15 -2.250 26.100 32.800 -2.250 26.100 30.600 -2.250 25.400 28.400
3 15 -2.250 25.400 28.400 -2.250 19.000 30.800 -2.250 26.100 32.800
3 15 -2.250 25.900 34.700 -2.250 26.100 32.800 -2.250 19.000 30.800
3 15 -2.250 19.000 30.800 -2.250 18.200 33.000 -2.250 25.900 34.700
3 15 -2.250 25.700 38.300 -2.250 25.900 34.700 -2.250 18.200 33.000
3 15 -2.250 18.200 33.000 -2.250 23.300 38.700 -2.250 25.700 38.300
3 15 -2.250 26.100 39.400 -2.250 25.700 38.300 -2.250 23.300 38.700
3 15 -2.250 23.300 38.700 -2.250 24.800 41.700 -2.250 26.100 39.400
3 15 -2.250 26.200 42.400 -2.250 26.100 39.400 -2.250 24.800 41.700
3 15 -2.250 24.800 41.700 -2.250 25.300 42.200 -2.250 26.200 42.400
3 15 -2.250 27.700 38.300 -2.250 26.100 39.400 -2.250 26.200 42.400
3 15 -2.250 26.200 42.400 -2.250 27.000 41.800 -2.250 27.700 38.300
3 15 -2.250 30.900 37.500 -2.250 27.700 38.300 -2.250 27.000 41.800
3 15 -2.250 27.000 41.800 -2.250 29.600 39.700 -2.250 30.900 37.500
3 15 -2.250 29.900 36.200 -2.250 27.700 38.300 -2.250 30.900 37.500
3 15 -2.250 30.900 37.500 -2.250 30.800 36.800 -2.250 29.900 36.200
3 15 -2.250 28.000 34.700 -2.250 27.200 37.800 -2.250 27.700 38.300
3 15 -2.250 27.700 38.300 -2.250 29.900 36.200 -2.250 28.000 34.700
3 15 -2.250 25.700 38.300 -2.250 27.200 37.800 -2.250 28.000 34.700
3 15 -2.250 28.000 34.700 -2.250 25.900 34.700 -2.250 25.700 38.300
3 15 -2.250 31.300 35.000 -2.250 29.400 33.500 -2.250 28.000 34.700
3 15 -2.250 28.000 34.700 -2.250 29.900 36.200 -2.250 31.300 35.000
3 15 -2.250 32.400 34.000 -2.250 30.600 32.400 -2.250 29.400 33.500
3 15 -2.250 29.400 33.500 -2.250 31.300 35.000 -2.250 32.400 34.000
3 15 -2.250 33.200 32.700 -2.250 30.300 30.700 -2.250 30.600 32.400
3 15 -2.250 30.600 32.400 -2.250 32.400 34.000 -2.250 33.200 32.700
3 15 -2.250 33.800 31.400 -2.250 32.000 30.700 -2.250 30.300 30.700
3 15 -2.250 30.300 30.700 -2.250 33.200 32.700 -2.250 33.800 31.400
3 15 -2.250 33.900 30.800 -2.250 33.400 30.700 -2.250 32.000 30.700
3 15 -2.250 32.000 30.700 -2.250 33.800 31.400 -2.250 33.900 30.800
3 15 -2.250 16.000 35.300 -2.250 20.000 38.900 -2.250 23.300 38.700
3 15 -2.250 23.300 38.700 -2.250 18.200 33.000 -2.250 16.000 35.300
3 15 -2.250 15.200 35.500 -2.250 16.900 41.000 -2.250 20.000 38.900
3 15 -2.250 20.000 38.900 -2.250 16.000 35.300 -2.250 15.200 35.500
3 15 -2.250 16.000 35.300 -2.250 15.300 34.600 -2.250 15.200 35.500
3 15 -2.250 14.200 34.900 -2.250 14.700 36.500 -2.250 16.900 41.000
3 15 -2.250 16.900 41.000 -2.250 15.200 35.500 -2.250 14.200 34.900
3 15 -2.250 14.700 36.500 -2.250 14.200 34.900 -2.250 13.900 35.200
3 15 -2.250 14.800 44.200 -2.250 16.900 41.000 -2.250 14.700 36.500
3 15 -2.250 14.700 36.500 -2.250 14.000 37.400 -2.250 14.800 44.200
3 15 -2.250 16.700 45.800 -2.250 18.700 42.900 -2.250 16.900 41.000
3 15 -2.250 16.900 41.000 -2.250 14.800 44.200 -2.250 16.700 45.800
3 15 -2.250 17.700 46.000 -2.250 19.200 43.700 -2.250 18.700 42.900
3 15 -2.250 18.700 42.900 -2.250 16.700 45.800 -2.250 17.700 46.000
3 15 -2.250 18.800 45.500 -2.250 19.200 44.700 -2.250 19.200 43.700
3 15 -2.250 19.200 43.700 -2.250 17.700 46.000 -2.250 18.800 45.500
3 15 -2.250 12.100 38.200 -2.250 12.200 39.200 -2.250 14.800 44.200
3 15 -2.250 14.800 44.200 -2.250 14.000 37.400 -2.250 12.100 38.200
3 15 -2.250 12.400 37.500 -2.250 12.100 38.200 -2.250 14.000 37.400
3 15 -2.250 14.000 37.400 -2.250 13.300 37.300 -2.250 12.400 37.500
3 15 -2.250 13.600 44.800 -2.250 14.800 44.200 -2.250 12.200 39.200
3 15 -2.250 12.200 39.200 -2.250 12.300 43.400 -2.250 13.600 44.800
3 15 -2.250 14.400 45.300 -2.250 14.800 44.800 -2.250 14.800 44.200
3 15 -2.250 14.800 44.200 -2.250 13.600 44.800 -2.250 14.400 45.300
3 15 -2.250 11.500 41.300 -2.250 11.600 43.000 -2.250 12.300 43.400
3 15 -2.250 12.300 43.400 -2.250 12.200 39.200 -2.250 11.500 41.300
3 15 -2.250 12.300 43.400 -2.250 11.600 43.000 -2.250 11.300 43.700
3 15 -2.250 10.700 42.800 -2.250 11.600 43.000 -2.250 11.500 41.300
3 15 -2.250 11.500 41.300 -2.250 10.700 42.400 -2.250 10.700 42.800
3 15 -2.250 11.400 39.100 -2.250 11.300 39.800 -2.250 11.500 41.300
3 15 -2.250 11.500 41.300 -2.250 12.200 39.200 -2.250 11.400 39.100
3 30 -2.250 7.900 13.500 -2.250 7.200 11.000 -2.250 1.000 11.000
3 30 -2.250 1.000 11.000 -2.250 1.800 14.000 -2.250 7.900 13.500
3 30 -2.250 9.200 15.200 -2.250 7.900 13.500 -2.250 1.800 14.000
3 30 -2.250 1.800 14.000 -2.250 3.500 16.500 -2.250 9.200 15.200
3 30 -2.250 12.600 17.200 -2.250 9.200 15.200 -2.250 3.500 16.500
3 30 -2.250 3.500 16.500 -2.250 6.400 18.800 -2.250 12.600 17.200
3 30 -2.250 19.500 20.500 -2.250 12.600 17.200 -2.250 6.400 18.800
3 30 -2.250 6.400 18.800 -2.250 10.300 20.600 -2.250 19.500 20.500
3 30 -2.250 18.500 21.800 -2.250 19.500 20.500 -2.250 10.300 20.600
3 30 -2.250 18.300 23.400 -2.250 18.500 21.800 -2.250 10.300 20.600
3 30 -2.250 29.400 27.100 -2.250 27.000 25.300 -2.250 25.400 26.900
3 30 -2.250 25.400 26.900 -2.250 28.100 28.600 -2.250 29.400 27.100
3 30 -2.250 30.300 30.700 -2.250 30.900 28.900 -2.250 29.400 27.100
3 30 -2.250 29.400 27.100 -2.250 28.100 28.600 -2.250 30.300 30.700
3 30 -2.250 32.000 30.700 -2.250 30.900 28.900 -2.250 30.300 30.700
3 30 -2.250 34.700 38.300 -2.250 35.000 36.000 -2.250 33.200 32.700
3 30 -2.250 33.200 32.700 -2.250 32.400 34.000 -2.250 34.700 38.300
3 30 -2.250 36.400 43.600 -2.250 36.600 40.800 -2.250 35.000 36.000
3 30 -2.250 35.000 36.000 -2.250 34.700 38.300 -2.250 36.400 43.600
3 30 -2.250 37.400 49.000 -2.250 37.600 46.200 -2.250 36.600 40.800
3 30 -2.250 36.600 40.800 -2.250 36.400 43.600 -2.250 37.400 49.000
3 30 -2.250 37.800 49.000 -2.250 37.600 46.200 -2.250 37.400 49.000
3 30 -2.250 20.600 12.300 -2.250 20.400 11.000 -2.250 11.400 11.000
3 30 -2.250 11.400 11.000 -2.250 11.900 12.900 -2.250 20.600 12.300
3 30 -2.250 20.700 13.400 -2.250 20.600 12.300 -2.250 11.900 12.900
3 30 -2.250 11.900 12.900 -2.250 13.000 14.200 -2.250 20.700 13.400
3 30 -2.250 19.900 14.400 -2.250 20.700 13.400 -2.250 13.000 14.200
3 30 -2.250 13.000 14.200 -2.250 14.500 15.400 -2.250 19.900 14.400
3 30 -2.250 16.700 16.600 -2.250 19.100 15.700 -2.250 19.900 14.400
3 30 -2.250 19.900 14.400 -2.250 14.500 15.400 -2.250 16.700 16.600
3 30 -2.250 18.700 17.500 -2.250 19.100 15.700 -2.250 16.700 16.600
3 30 -2.250 23.700 11.900 -2.250 39.000 11.000 -2.250 23.200 11.000
3 30 -2.250 24.200 13.500 -2.250 39.000 11.000 -2.250 23.700 11.900
3 30 -2.250 39.000 11.000 -2.250 24.200 13.500 -2.250 24.200 15.100
3 30 -2.250 27.300 19.100 -2.250 39.000 11.000 -2.250 24.200 15.100
3 30 -2.250 24.200 15.100 -2.250 23.800 16.500 -2.250 27.300 19.100
3 30 -2.250 22.800 17.800 -2.250 25.500 20.100 -2.250 27.300 19.100
3 30 -2.250 27.300 19.100 -2.250 23.800 16.500 -2.250 22.800 17.800
3 30 -2.250 23.400 19.200 -2.250 25.500 20.100 -2.250 22.800 17.800
3 30 -2.250 21.700 19.300 -2.250 23.400 19.200 -2.250 22.800 17.800
3 30 -2.250 22.800 17.800 -2.250 21.300 18.700 -2.250 21.700 19.300
3 30 -2.250 28.200 19.100 -2.250 39.000 11.000 -2.250 27.300 19.100
3 30 -2.250 29.100 19.600 -2.250 39.000 11.000 -2.250 28.200 19.100
3 30 -2.250 35.500 22.600 -2.250 39.000 11.000 -2.250 29.100 19.600
3 30 -2.250 29.100 19.600 -2.250 33.800 23.000 -2.250 35.500 22.600
3 30 -2.250 36.700 25.200 -2.250 39.000 11.000 -2.250 35.500 22.600
3 30 -2.250 39.000 49.000 -2.250 39.000 11.000 -2.250 36.700 25.200
3 30 -2.250 39.000 49.000 -2.250 36.700 25.200 -2.250 36.600 25.800
3 30 -2.250 37.700 43.700 -2.250 39.000 49.000 -2.250 36.600 25.800
3 30 -2.250 36.600 25.800 -2.250 35.500 25.900 -2.250 37.700 43.700
3 30 -2.250 38.300 49.000 -2.250 39.000 49.000 -2.250 37.700 43.700
3 30 -2.250 36.500 38.100 -2.250 37.700 43.700 -2.250 35.500 25.900
3 30 -2.250 33.900 27.400 -2.250 35.100 34.100 -2.250 36.500 38.100
3 30 -2.250 36.500 38.100 -2.250 35.500 25.900 -2.250 33.900 27.400
3 30 -2.250 35.100 34.100 -2.250 33.900 27.400 -2.250 33.900 30.800
3 30 -2.250 35.100 34.100 -2.250 33.900 30.800 -2.250 33.800 31.400
3 30 -2.250 35.500 25.900 -2.250 34.100 26.600 -2.250 33.900 27.400
3 30 -2.250 34.100 26.600 -2.250 35.500 25.900 -2.250 33.800 25.700
3 30 -2.250 31.800 27.800 -2.250 33.400 30.700 -2.250 33.900 30.800
3 30 -2.250 33.900 30.800 -2.250 33.900 27.400 -2.250 31.800 27.800
3 30 -2.250 33.400 30.700 -2.250 31.800 27.800 -2.250 31.100 27.200
3 25 -2.250 11.900 12.900 -2.250 11.400 11.000 -2.250 7.200 11.000
3 25 -2.250 7.200 11.000 -2.250 7.900 13.500 -2.250 11.900 12.900
3 25 -2.250 13.000 14.200 -2.250 11.900 12.900 -2.250 7.900 13.500
3 25 -2.250 7.900 13.500 -2.250 9.200 15.200 -2.250 13.000 14.200
3 25 -2.250 14.500 15.400 -2.250 13.000 14.200 -2.250 9.200 15.200
3 25 -2.250 9.200 15.200 -2.250 12.600 17.200 -2.250 14.500 15.400
3 25 -2.250 18.700 18.800 -2.250 16.700 16.600 -2.250 14.500 15.400
3 25 -2.250 14.500 15.400 -2.250 12.600 17.200 -2.250 18.700 18.800
3 25 -2.250 18.700 18.800 -2.250 18.700 17.500 -2.250 16.700 16.600
3 25 -2.250 19.500 20.500 -2.250 18.700 18.800 -2.250 12.600 17.200
3 25 -2.250 21.700 19.300 -2.250 21.300 18.700 -2.250 20.400 19.600
3 25 -2.250 30.000 27.200 -2.250 27.700 24.500 -2.250 27.000 25.300
3 25 -2.250 27.000 25.300 -2.250 29.400 27.100 -2.250 30.000 27.200
3 25 -2.250 30.900 28.900 -2.250 30.000 27.200 -2.250 29.400 27.100
3 25 -2.250 32.000 30.700 -2.250 31.100 27.200 -2.250 30.000 27.200
3 25 -2.250 30.000 27.200 -2.250 30.900 28.900 -2.250 32.000 30.700
3 25 -2.250 32.000 30.700 -2.250 33.400 30.700 -2.250 31.100 27.200
3 25 -2.250 35.000 36.000 -2.250 35.100 34.100 -2.250 33.800 31.400
3 25 -2.250 33.800 31.400 -2.250 33.200 32.700 -2.250 35.000 36.000
3 25 -2.250 36.600 40.800 -2.250 36.500 38.100 -2.250 35.100 34.100
3 25 -2.250 35.100 34.100 -2.250 35.000 36.000 -2.250 36.600 40.800
3 25 -2.250 37.600 46.200 -2.250 37.700 43.700 -2.250 36.500 38.100
3 25 -2.250 36.500 38.100 -2.250 36.600 40.800 -2.250 37.600 46.200
3 25 -2.250 37.800 49.000 -2.250 38.300 49.000 -2.250 37.700 43.700
3 25 -2.250 37.700 43.700 -2.250 37.600 46.200 -2.250 37.800 49.000
3 25 -2.250 26.100 30.600 -2.250 28.100 28.600 -2.250 25.400 26.900
3 25 -2.250 25.400 26.900 -2.250 25.400 28.400 -2.250 26.100 30.600
3 25 -2.250 26.100 32.800 -2.250 30.300 30.700 -2.250 28.100 28.600
3 25 -2.250 28.100 28.600 -2.250 26.100 30.600 -2.250 26.100 32.800
3 25 -2.250 29.400 33.500 -2.250 30.600 32.400 -2.250 30.300 30.700
3 25 -2.250 30.300 30.700 -2.250 26.100 32.800 -2.250 29.400 33.500
3 25 -2.250 28.000 34.700 -2.250 29.400 33.500 -2.250 26.100 32.800
3 25 -2.250 26.100 32.800 -2.250 25.900 34.700 -2.250 28.000 34.700
3 25 -2.250 26.100 39.400 -2.250 27.700 38.300 -2.250 27.200 37.800
3 25 -2.250 27.200 37.800 -2.250 25.700 38.300 -2.250 26.100 39.400
3 25 -2.250 1.800 14.000 -2.250 1.000 11.000 -2.250 1.000 30.000
3 25 -2.250 4.100 23.100 -2.250 3.500 16.500 -2.250 1.800 14.000
3 25 -2.250 1.800 14.000 -2.250 1.000 30.000 -2.250 4.100 23.100
3 25 -2.250 4.100 23.100 -2.250 4.300 22.400 -2.250 3.500 16.500
3 25 -2.250 6.400 18.800 -2.250 3.500 16.500 -2.250 4.300 22.400
3 25 -2.250 4.300 22.400 -2.250 5.000 22.200 -2.250 6.400 18.800
3 25 -2.250 6.200 22.300 -2.250 6.400 18.800 -2.250 5.000 22.200
3 25 -2.250 7.200 22.100 -2.250 6.400 18.800 -2.250 6.200 22.300
3 25 -2.250 6.200 22.300 -2.250 6.700 22.500 -2.250 7.200 22.100
3 25 -2.250 10.300 20.600 -2.250 6.400 18.800 -2.250 7.200 22.100
3 25 -2.250 7.200 22.100 -2.250 8.100 21.900 -2.250 10.300 20.600
3 25 -2.250 8.900 22.200 -2.250 10.300 20.600 -2.250 8.100 21.900
3 25 -2.250 9.400 22.900 -2.250 10.300 20.600 -2.250 8.900 22.200
3 25 -2.250 9.500 23.800 -2.250 10.000 24.900 -2.250 10.300 20.600
3 25 -2.250 10.300 20.600 -2.250 9.400 22.900 -2.250 9.500 23.800
3 25 -2.250 10.000 24.900 -2.250 9.500 23.800 -2.250 9.300 24.600
3 25 -2.250 10.400 25.400 -2.250 18.300 23.400 -2.250 10.300 20.600
3 25 -2.250 10.300 20.600 -2.250 10.000 24.900 -2.250 10.400 25.400
3 25 -2.250 18.500 27.300 -2.250 18.300 23.400 -2.250 10.400 25.400
3 25 -2.250 10.400 25.400 -2.250 10.600 26.100 -2.250 18.500 27.300
3 25 -2.250 18.500 27.300 -2.250 10.600 26.100 -2.250 10.400 26.900
3 25 -2.250 10.100 31.300 -2.250 18.500 27.300 -2.250 10.400 26.900
3 25 -2.250 10.400 26.900 -2.250 9.800 27.600 -2.250 10.100 31.300
3 25 -2.250 10.700 31.900 -2.250 19.000 30.800 -2.250 18.500 27.300
3 25 -2.250 18.500 27.300 -2.250 10.100 31.300 -2.250 10.700 31.900
3 25 -2.250 11.100 32.400 -2.250 11.900 32.500 -2.250 19.000 30.800
3 25 -2.250 19.000 30.800 -2.250 10.700 31.900 -2.250 11.100 32.400
3 25 -2.250 18.200 33.000 -2.250 19.000 30.800 -2.250 11.900 32.500
3 25 -2.250 11.900 32.500 -2.250 12.300 33.100 -2.250 18.200 33.000
3 25 -2.250 14.200 34.900 -2.250 15.300 34.600 -2.250 18.200 33.000
3 25 -2.250 18.200 33.000 -2.250 12.300 33.100 -2.250 14.200 34.900
3 25 -2.250 16.000 35.300 -2.250 18.200 33.000 -2.250 15.300 34.600
3 25 -2.250 15.200 35.500 -2.250 15.300 34.600 -2.250 14.200 34.900
3 25 -2.250 13.900 35.200 -2.250 14.200 34.900 -2.250 12.300 33.100
3 25 -2.250 12.300 33.100 -2.250 12.400 33.800 -2.250 13.900 35.200
3 25 -2.250 14.700 36.500 -2.250 13.900 35.200 -2.250 12.400 33.800
3 25 -2.250 12.400 33.800 -2.250 12.100 34.400 -2.250 14.700 36.500
3 25 -2.250 11.800 35.300 -2.250 14.700 36.500 -2.250 12.100 34.400
3 25 -2.250 12.100 34.400 -2.250 11.700 34.700 -2.250 11.800 35.300
3 25 -2.250 13.300 37.300 -2.250 14.000 37.400 -2.250 14.700 36.500
3 25 -2.250 14.700 36.500 -2.250 11.800 35.300 -2.250 13.300 37.300
3 25 -2.250 12.400 37.500 -2.250 13.300 37.300 -2.250 11.800 35.300
3 25 -2.250 11.800 35.300 -2.250 11.700 35.900 -2.250 12.400 37.500
3 25 -2.250 12.100 38.200 -2.250 12.400 37.500 -2.250 11.700 35.900
3 25 -2.250 11.700 35.900 -2.250 11.300 36.400 -2.250 12.100 38.200
3 25 -2.250 12.200 39.200 -2.250 12.100 38.200 -2.250 11.300 36.400
3 25 -2.250 11.300 36.400 -2.250 10.700 36.500 -2.250 12.200 39.200
3 25 -2.250 9.900 36.200 -2.250 11.400 39.100 -2.250 12.200 39.200
3 25 -2.250 12.200 39.200 -2.250 10.700 36.500 -2.250 9.900 36.200
3 25 -2.250 9.200 36.400 -2.250 11.300 39.800 -2.250 11.400 39.100
3 25 -2.250 11.400 39.100 -2.250 9.900 36.200 -2.250 9.200 36.400
3 25 -2.250 8.400 36.400 -2.250 11.500 41.300 -2.250 11.300 39.800
3 25 -2.250 11.300 39.800 -2.250 9.200 36.400 -2.250 8.400 36.400
3 25 -2.250 1.000 49.000 -2.250 10.700 42.400 -2.250 11.500 41.300
3 25 -2.250 11.500 41.300 -2.250 8.400 36.400 -2.250 1.000 49.000
3 25 -2.250 1.000 30.000 -2.250 1.000 49.000 -2.250 8.400 36.400
3 25 -2.250 8.400 36.400 -2.250 7.900 35.700 -2.250 1.000 30.000
3 25 -2.250 7.900 35.700 -2.250 8.100 35.100 -2.250 1.000 30.000
3 25 -2.250 8.100 35.100 -2.250 8.500 34.500 -2.250 1.000 30.000
3 25 -2.250 9.000 32.800 -2.250 1.000 30.000 -2.250 8.500 34.500
3 25 -2.250 8.500 34.500 -2.250 9.100 33.900 -2.250 9.000 32.800
3 25 -2.250 9.000 32.800 -2.250 9.100 31.900 -2.250 1.000 30.000
3 25 -2.250 7.300 29.400 -2.250 1.000 30.000 -2.250 9.100 31.900
3 25 -2.250 9.100 31.900 -2.250 9.500 31.300 -2.250 7.300 29.400
3 25 -2.250 10.100 31.300 -2.250 8.200 28.700 -2.250 7.300 29.400
3 25 -2.250 7.300 29.400 -2.250 9.500 31.300 -2.250 10.100 31.300
3 25 -2.250 9.800 27.600 -2.250 8.800 28.000 -2.250 8.200 28.700
3 25 -2.250 8.200 28.700 -2.250 10.100 31.300 -2.250 9.800 27.600
3 25 -2.250 7.300 29.400 -2.250 6.500 29.300 -2.250 1.000 30.000
3 25 -2.250 6.500 29.300 -2.250 6.000 28.600 -2.250 1.000 30.000
3 25 -2.250 6.000 28.600 -2.250 5.900 27.700 -2.250 1.000 30.000
3 25 -2.250 5.900 27.700 -2.250 6.000 26.700 -2.250 1.000 30.000
3 25 -2.250 5.100 24.900 -2.250 1.000 30.000 -2.250 6.000 26.700
3 25 -2.250 6.000 26.700 -2.250 6.100 25.700 -2.250 5.100 24.900
3 25 -2.250 5.100 24.900 -2.250 4.400 24.100 -2.250 1.000 30.000
3 25 -2.250 4.400 24.100 -2.250 4.100 23.100 -2.250 1.000 30.000
3 25 -2.250 10.700 42.800 -2.250 10.700 42.400 -2.250 1.000 49.000
3 25 -2.250 11.300 43.700 -2.250 11.600 43.000 -2.250 10.700 42.800
3 25 -2.250 10.700 42.800 -2.250 1.000 49.000 -2.250 11.300 43.700
3 25 -2.250 12.300 43.400 -2.250 11.300 43.700 -2.250 1.000 49.000
3 25 -2.250 1.000 49.000 -2.250 13.600 44.800 -2.250 12.300 43.400
3 25 -2.250 14.400 45.300 -2.250 13.600 44.800 -2.250 1.000 49.000
3 25 -2.250 16.700 45.800 -2.250 14.400 45.300 -2.250 1.000 49.000
3 25 -2.250 16.700 45.800 -2.250 14.800 44.800 -2.250 14.400 45.300
3 25 -2.250 16.700 45.800 -2.250 14.800 44.200 -2.250 14.800 44.800
3 25 -2.250 20.000 49.000 -2.250 17.700 46.000 -2.250 16.700 45.800
3 25 -2.250 16.700 45.800 -2.250 1.000 49.000 -2.250 20.000 49.000
3 25 -2.250 26.200 42.400 -2.250 18.800 45.500 -2.250 17.700 46.000
3 25 -2.250 17.700 46.000 -2.250 20.000 49.000 -2.250 26.200 42.400
3 25 -2.250 19.200 44.700 -2.250 18.800 45.500 -2.250 26.200 42.400
3 25 -2.250 26.200 42.400 -2.250 25.300 42.200 -2.250 19.200 44.700
3 25 -2.250 19.200 43.700 -2.250 19.200 44.700 -2.250 25.300 42.200
3 25 -2.250 25.300 42.200 -2.250 24.800 41.700 -2.250 19.200 43.700
3 25 -2.250 18.700 42.900 -2.250 19.200 43.700 -2.250 24.800 41.700
3 25 -2.250 24.800 41.700 -2.250 23.300 38.700 -2.250 18.700 42.900
3 25 -2.250 16.900 41.000 -2.250 18.700 42.900 -2.250 23.300 38.700
3 25 -2.250 23.300 38.700 -2.250 20.000 38.900 -2.250 16.900 41.000
3 25 -2.250 36.400 43.600 -2.250 26.200 42.400 -2.250 20.000 49.000
3 25 -2.250 20.000 49.000 -2.250 37.400 49.000 -2.250 36.400 43.600
3 25 -2.250 36.400 43.600 -2.250 27.000 41.800 -2.250 26.200 42.400
3 25 -2.250 34.700 38.300 -2.250 29.600 39.700 -2.250 27.000 41.800
3 25 -2.250 27.000 41.800 -2.250 36.400 43.600 -2.250 34.700 38.300
3 25 -2.250 34.700 38.300 -2.250 30.900 37.500 -2.250 29.600 39.700
3 25 -2.250 30.800 36.800 -2.250 30.900 37.500 -2.250 34.700 38.300
3 25 -2.250 34.700 38.300 -2.250 32.400 34.000 -2.250 30.800 36.800
3 25 -2.250 32.400 34.000 -2.250 31.300 35.000 -2.250 30.800 36.800
3 25 -2.250 30.800 36.800 -2.250 31.300 35.000 -2.250 29.900 36.200
1 16 -2.2500 20.0000 30.0000 0.0000 0.2500 0.0000 0.0000 0.0000 -19.0000 19.0000 0.0000 0.0000 box5-12.dat
