0 FILE 24067p01.dat
0 Baby / Infant - with Stud Holder on Back with Smiling Face and Small Eyes Pattern
0 Name:  24067p01.dat
0 Author:  
0 BL_Item_No 24067pb01
0 BFC CERTIFY CCW
1 16 0.0000 -8.4000 0.0000 1.0000 0.0000 0.0000 0.0000 -2.1000 0.0000 0.0000 0.0000 1.0000 stud4.dat
1 16 0.0000 -8.4000 0.0000 6.0000 0.0000 0.0000 0.0000 -1.0000 0.0000 0.0000 0.0000 6.0000 4-4disc.dat
3 14 5.012 -15.050 8.054 3.083 -15.854 8.327 2.691 -16.016 4.786
3 14 2.691 -16.016 4.786 5.313 -14.922 4.819 5.012 -15.050 8.054
3 14 6.500 -13.750 7.738 5.012 -15.050 8.054 6.364 -14.100 5.196
3 14 -6.798 -13.304 12.680 -7.563 -12.313 11.560 -7.688 -12.112 10.362
3 14 5.012 -15.050 8.054 5.313 -14.922 4.819 6.364 -14.100 5.196
3 14 -3.083 -15.854 8.327 -2.211 -15.825 10.164 -2.655 -15.756 9.988
3 14 -2.655 -15.756 9.988 -3.199 -15.644 10.012 -3.083 -15.854 8.327
3 14 -3.199 -15.644 10.012 -3.504 -15.565 10.171 -3.083 -15.854 8.327
3 14 -1.429 -15.799 11.809 0.000 -15.752 14.818 -1.570 -15.717 12.298
3 14 0.000 -15.752 14.818 -1.919 -15.599 12.737 -1.570 -15.717 12.298
3 14 0.000 -15.752 14.818 -2.401 -15.474 12.988 -1.919 -15.599 12.737
3 14 -3.972 -15.245 12.219 -3.886 -15.242 12.401 -4.436 -14.927 14.253
3 14 -3.886 -15.242 12.401 -3.466 -15.281 12.806 -4.436 -14.927 14.253
3 14 -3.466 -15.281 12.806 -2.945 -15.363 13.012 -4.436 -14.927 14.253
3 14 -2.945 -15.363 13.012 -2.401 -15.474 12.988 0.000 -15.752 14.818
3 14 0.000 -15.752 14.818 -4.436 -14.927 14.253 -2.945 -15.363 13.012
3 14 -2.691 -16.016 4.786 0.000 -16.378 4.711 0.000 -16.354 7.000
3 14 0.000 -16.354 7.000 -0.494 -16.288 7.042 -2.691 -16.016 4.786
3 14 -0.494 -16.288 7.042 -0.906 -16.231 7.162 -2.691 -16.016 4.786
3 14 0.000 -16.342 8.220 0.000 -16.340 8.369 -0.106 -16.327 8.227
3 14 -1.941 -16.034 8.343 -1.917 -16.029 8.444 -2.211 -15.825 10.164
3 14 -2.211 -15.825 10.164 -3.083 -15.854 8.327 -1.941 -16.034 8.343
3 14 -1.700 -16.054 8.540 -2.211 -15.825 10.164 -1.917 -16.029 8.444
3 14 -1.700 -16.054 8.540 -1.450 -16.094 8.542 -1.714 -15.864 10.599
3 14 -1.714 -15.864 10.599 -2.211 -15.825 10.164 -1.700 -16.054 8.540
3 14 -1.450 -16.094 8.542 -1.244 -16.138 8.422 -1.005 -16.182 8.355
3 14 -1.005 -16.182 8.355 -1.714 -15.864 10.599 -1.450 -16.094 8.542
3 14 -1.005 -16.182 8.355 -1.459 -15.855 11.141 -1.714 -15.864 10.599
3 14 0.000 -16.340 8.369 -1.459 -15.855 11.141 -1.005 -16.182 8.355
3 14 -1.429 -15.799 11.809 -1.459 -15.855 11.141 0.000 -16.340 8.369
3 14 0.000 -16.340 8.369 0.000 -15.752 14.818 -1.429 -15.799 11.809
3 14 7.437 -12.418 7.465 7.688 -12.112 10.362 6.500 -13.750 7.738
3 14 7.688 -12.112 10.362 6.798 -13.304 12.680 6.500 -13.750 7.738
3 14 6.364 -14.100 5.196 7.437 -12.418 7.465 6.500 -13.750 7.738
3 14 -3.083 -15.854 8.327 -2.691 -16.016 4.786 -1.803 -16.074 7.694
3 14 -1.803 -16.074 7.694 -2.000 -16.032 8.100 -3.083 -15.854 8.327
3 14 -0.906 -16.231 7.162 -1.412 -16.144 7.394 -2.691 -16.016 4.786
3 14 -1.412 -16.144 7.394 -1.803 -16.074 7.694 -2.691 -16.016 4.786
3 14 -2.000 -16.032 8.100 -1.941 -16.034 8.343 -3.083 -15.854 8.327
3 14 0.000 -16.340 8.369 -1.005 -16.182 8.355 -0.458 -16.271 8.252
3 14 -0.458 -16.271 8.252 -0.106 -16.327 8.227 0.000 -16.340 8.369
3 14 5.012 -15.050 8.054 3.584 -15.511 10.523 3.083 -15.854 8.327
3 14 3.584 -15.511 10.523 5.012 -15.050 8.054 3.788 -15.409 10.780
3 14 3.788 -15.409 10.780 5.012 -15.050 8.054 3.948 -15.307 11.345
3 14 3.900 -15.294 11.906 3.948 -15.307 11.345 5.012 -15.050 8.054
3 14 5.012 -15.050 8.054 4.436 -14.927 14.253 3.900 -15.294 11.906
3 14 4.436 -14.927 14.253 5.012 -15.050 8.054 6.798 -13.304 12.680
3 14 5.012 -15.050 8.054 6.500 -13.750 7.738 6.798 -13.304 12.680
3 14 -7.688 -12.112 10.362 -7.437 -12.418 7.465 -6.500 -13.750 7.738
3 14 -4.436 -14.927 14.253 -6.798 -13.304 12.680 -5.012 -15.050 8.054
3 14 -6.364 -14.100 5.196 -5.313 -14.922 4.819 -5.012 -15.050 8.054
3 14 -5.012 -15.050 8.054 -5.313 -14.922 4.819 -2.691 -16.016 4.786
3 14 -2.691 -16.016 4.786 -3.083 -15.854 8.327 -5.012 -15.050 8.054
3 14 -5.012 -15.050 8.054 -6.500 -13.750 7.738 -6.364 -14.100 5.196
3 14 -3.504 -15.565 10.171 -3.681 -15.485 10.263 -5.012 -15.050 8.054
3 14 -5.012 -15.050 8.054 -3.083 -15.854 8.327 -3.504 -15.565 10.171
3 14 -4.030 -15.310 10.702 -5.012 -15.050 8.054 -3.681 -15.485 10.263
3 14 -4.191 -15.209 11.263 -5.012 -15.050 8.054 -4.030 -15.310 10.702
3 14 -4.191 -15.209 11.263 -4.141 -15.195 11.859 -4.436 -14.927 14.253
3 14 -4.436 -14.927 14.253 -5.012 -15.050 8.054 -4.191 -15.209 11.263
3 14 -4.436 -14.927 14.253 -4.141 -15.195 11.859 -3.972 -15.245 12.219
3 14 0.652 -16.237 8.360 1.210 -15.887 11.227 0.000 -16.340 8.369
3 14 1.466 -15.896 10.680 1.210 -15.887 11.227 0.652 -16.237 8.360
3 14 0.652 -16.237 8.360 1.068 -16.146 8.641 1.887 -15.867 10.271
3 14 1.887 -15.867 10.271 1.466 -15.896 10.680 0.652 -16.237 8.360
3 14 1.068 -16.146 8.641 2.223 -15.826 10.138 1.887 -15.867 10.271
3 14 1.433 -16.075 8.775 1.797 -16.030 8.636 3.083 -15.854 8.327
3 14 3.083 -15.854 8.327 2.223 -15.826 10.138 1.433 -16.075 8.775
3 14 3.083 -15.854 8.327 1.797 -16.030 8.636 1.975 -16.029 8.342
3 14 1.158 -15.841 11.828 0.000 -15.752 14.818 0.000 -16.340 8.369
3 14 0.000 -16.340 8.369 1.210 -15.887 11.227 1.158 -15.841 11.828
3 14 1.158 -15.841 11.828 1.269 -15.794 12.147 0.000 -15.752 14.818
3 14 6.798 -13.304 12.680 7.688 -12.112 10.362 7.563 -12.313 11.560
3 14 3.083 -15.854 8.327 3.584 -15.511 10.523 3.439 -15.560 10.338
3 14 3.439 -15.560 10.338 2.955 -15.685 10.087 3.083 -15.854 8.327
3 14 1.319 -15.768 12.293 1.668 -15.649 12.735 0.000 -15.752 14.818
3 14 0.000 -15.752 14.818 1.269 -15.794 12.147 1.319 -15.768 12.293
3 14 1.668 -15.649 12.735 2.151 -15.513 13.087 0.000 -15.752 14.818
3 14 0.000 -15.752 14.818 2.151 -15.513 13.087 4.436 -14.927 14.253
3 14 4.436 -14.927 14.253 2.151 -15.513 13.087 2.696 -15.402 13.110
3 14 4.436 -14.927 14.253 2.696 -15.402 13.110 3.219 -15.320 12.902
3 14 4.436 -14.927 14.253 3.219 -15.320 12.902 3.641 -15.281 12.493
3 14 4.436 -14.927 14.253 3.641 -15.281 12.493 3.900 -15.294 11.906
3 14 0.000 -16.378 4.711 2.691 -16.016 4.786 0.628 -16.269 7.133
3 14 0.628 -16.269 7.133 0.000 -16.354 7.000 0.000 -16.378 4.711
3 14 2.691 -16.016 4.786 0.869 -16.235 7.212 0.628 -16.269 7.133
3 14 0.100 -16.328 8.236 0.000 -16.340 8.369 0.000 -16.342 8.220
3 14 3.083 -15.854 8.327 1.923 -16.049 7.915 1.576 -16.114 7.536
3 14 1.576 -16.114 7.536 2.691 -16.016 4.786 3.083 -15.854 8.327
3 14 0.869 -16.235 7.212 2.691 -16.016 4.786 1.120 -16.193 7.295
3 14 2.691 -16.016 4.786 1.576 -16.114 7.536 1.120 -16.193 7.295
3 14 1.975 -16.029 8.342 1.923 -16.049 7.915 3.083 -15.854 8.327
3 14 0.381 -16.282 8.280 0.652 -16.237 8.360 0.000 -16.340 8.369
3 14 0.000 -16.340 8.369 0.100 -16.328 8.236 0.381 -16.282 8.280
3 14 -7.688 -12.112 10.362 -6.500 -13.750 7.738 -6.798 -13.304 12.680
3 14 -6.798 -13.304 12.680 -6.500 -13.750 7.738 -5.012 -15.050 8.054
3 14 -7.437 -12.418 7.465 -6.364 -14.100 5.196 -6.500 -13.750 7.738
3 14 1.068 -16.146 8.641 1.433 -16.075 8.775 2.223 -15.826 10.138
3 14 2.955 -15.685 10.087 2.410 -15.796 10.063 3.083 -15.854 8.327
3 14 3.083 -15.854 8.327 2.410 -15.796 10.063 2.223 -15.826 10.138
3 15 -3.262 -15.412 11.991 -3.300 -15.426 11.800 -3.262 -15.455 11.609
3 15 -3.262 -15.455 11.609 -2.800 -15.526 11.800 -3.262 -15.412 11.991
3 15 -3.262 -15.455 11.609 -3.154 -15.494 11.447 -2.991 -15.539 11.338
3 15 -2.991 -15.539 11.338 -2.800 -15.526 11.800 -3.262 -15.455 11.609
3 15 -2.991 -15.539 11.338 -2.800 -15.581 11.300 -2.609 -15.615 11.338
3 15 -2.609 -15.615 11.338 -2.800 -15.526 11.800 -2.991 -15.539 11.338
3 15 -2.609 -15.615 11.338 -2.446 -15.636 11.447 -2.338 -15.640 11.609
3 15 -2.338 -15.640 11.609 -2.800 -15.526 11.800 -2.609 -15.615 11.338
3 15 -2.338 -15.640 11.609 -2.300 -15.626 11.800 -2.338 -15.597 11.991
3 15 -2.338 -15.597 11.991 -2.800 -15.526 11.800 -2.338 -15.640 11.609
3 15 -2.338 -15.597 11.991 -2.446 -15.558 12.153 -2.609 -15.513 12.262
3 15 -2.609 -15.513 12.262 -2.800 -15.526 11.800 -2.338 -15.597 11.991
3 15 -2.609 -15.513 12.262 -2.800 -15.471 12.300 -2.991 -15.437 12.262
3 15 -2.991 -15.437 12.262 -2.800 -15.526 11.800 -2.609 -15.513 12.262
3 15 -2.991 -15.437 12.262 -3.154 -15.416 12.153 -3.262 -15.412 11.991
3 15 -3.262 -15.412 11.991 -2.800 -15.526 11.800 -2.991 -15.437 12.262
3 0 -2.338 -15.597 11.991 -2.300 -15.626 11.800 -1.429 -15.799 11.809
3 0 -1.429 -15.799 11.809 -1.570 -15.717 12.298 -2.338 -15.597 11.991
3 0 -2.338 -15.597 11.991 -1.570 -15.717 12.298 -1.919 -15.599 12.737
3 0 -1.919 -15.599 12.737 -2.446 -15.558 12.153 -2.338 -15.597 11.991
3 0 -2.446 -15.558 12.153 -1.919 -15.599 12.737 -2.401 -15.474 12.988
3 0 -2.401 -15.474 12.988 -2.609 -15.513 12.262 -2.446 -15.558 12.153
3 0 -2.609 -15.513 12.262 -2.401 -15.474 12.988 -2.945 -15.363 13.012
3 0 -2.945 -15.363 13.012 -2.800 -15.471 12.300 -2.609 -15.513 12.262
3 0 -2.800 -15.471 12.300 -2.945 -15.363 13.012 -3.466 -15.281 12.806
3 0 -3.466 -15.281 12.806 -2.991 -15.437 12.262 -2.800 -15.471 12.300
3 0 -2.991 -15.437 12.262 -3.466 -15.281 12.806 -3.886 -15.242 12.401
3 0 -3.886 -15.242 12.401 -3.154 -15.416 12.153 -2.991 -15.437 12.262
3 0 -3.972 -15.245 12.219 -3.262 -15.412 11.991 -3.154 -15.416 12.153
3 0 -3.154 -15.416 12.153 -3.886 -15.242 12.401 -3.972 -15.245 12.219
3 0 -3.972 -15.245 12.219 -3.300 -15.426 11.800 -3.262 -15.412 11.991
3 0 -3.262 -15.455 11.609 -3.300 -15.426 11.800 -3.972 -15.245 12.219
3 0 -3.972 -15.245 12.219 -3.504 -15.565 10.171 -3.262 -15.455 11.609
3 0 -3.504 -15.565 10.171 -3.154 -15.494 11.447 -3.262 -15.455 11.609
3 0 -3.154 -15.494 11.447 -3.504 -15.565 10.171 -3.199 -15.644 10.012
3 0 -3.154 -15.494 11.447 -3.199 -15.644 10.012 -2.991 -15.539 11.338
3 0 -2.991 -15.539 11.338 -3.199 -15.644 10.012 -2.655 -15.756 9.988
3 0 -2.655 -15.756 9.988 -2.800 -15.581 11.300 -2.991 -15.539 11.338
3 0 -2.609 -15.615 11.338 -2.800 -15.581 11.300 -2.655 -15.756 9.988
3 0 -2.655 -15.756 9.988 -2.211 -15.825 10.164 -2.609 -15.615 11.338
3 0 -2.211 -15.825 10.164 -2.446 -15.636 11.447 -2.609 -15.615 11.338
3 0 -2.338 -15.640 11.609 -2.446 -15.636 11.447 -2.211 -15.825 10.164
3 0 -2.211 -15.825 10.164 -1.429 -15.799 11.809 -2.338 -15.640 11.609
3 0 -1.429 -15.799 11.809 -2.300 -15.626 11.800 -2.338 -15.640 11.609
3 0 -0.494 -16.288 7.042 0.000 -16.354 7.000 0.000 -16.342 8.220
3 0 -0.906 -16.231 7.162 -0.494 -16.288 7.042 0.000 -16.342 8.220
3 0 0.000 -16.342 8.220 -0.106 -16.327 8.227 -0.906 -16.231 7.162
3 0 -1.700 -16.054 8.540 -1.917 -16.029 8.444 -1.941 -16.034 8.343
3 0 -1.941 -16.034 8.343 -1.450 -16.094 8.542 -1.700 -16.054 8.540
3 0 -1.941 -16.034 8.343 -1.244 -16.138 8.422 -1.450 -16.094 8.542
3 0 -1.005 -16.182 8.355 -1.244 -16.138 8.422 -1.941 -16.034 8.343
3 0 -1.459 -15.855 11.141 -1.429 -15.799 11.809 -2.211 -15.825 10.164
3 0 -2.211 -15.825 10.164 -1.714 -15.864 10.599 -1.459 -15.855 11.141
3 0 -1.941 -16.034 8.343 -2.000 -16.032 8.100 -1.803 -16.074 7.694
3 0 -1.803 -16.074 7.694 -1.412 -16.144 7.394 -1.941 -16.034 8.343
3 0 -1.412 -16.144 7.394 -0.906 -16.231 7.162 -1.941 -16.034 8.343
3 0 -1.005 -16.182 8.355 -1.941 -16.034 8.343 -0.906 -16.231 7.162
3 0 -0.906 -16.231 7.162 -0.458 -16.271 8.252 -1.005 -16.182 8.355
3 0 -0.106 -16.327 8.227 -0.458 -16.271 8.252 -0.906 -16.231 7.162
3 0 3.948 -15.307 11.345 3.900 -15.294 11.906 3.584 -15.511 10.523
3 0 3.584 -15.511 10.523 3.788 -15.409 10.780 3.948 -15.307 11.345
3 0 -4.141 -15.195 11.859 -4.191 -15.209 11.263 -3.972 -15.245 12.219
3 0 -4.030 -15.310 10.702 -3.504 -15.565 10.171 -3.972 -15.245 12.219
3 0 -3.972 -15.245 12.219 -4.191 -15.209 11.263 -4.030 -15.310 10.702
3 0 -4.030 -15.310 10.702 -3.681 -15.485 10.263 -3.504 -15.565 10.171
3 0 1.068 -16.146 8.641 0.652 -16.237 8.360 1.975 -16.029 8.342
3 0 1.433 -16.075 8.775 1.068 -16.146 8.641 1.975 -16.029 8.342
3 0 1.975 -16.029 8.342 1.797 -16.030 8.636 1.433 -16.075 8.775
3 0 1.466 -15.896 10.680 1.887 -15.867 10.271 2.223 -15.826 10.138
3 0 1.466 -15.896 10.680 2.223 -15.826 10.138 1.269 -15.794 12.147
3 0 1.269 -15.794 12.147 1.210 -15.887 11.227 1.466 -15.896 10.680
3 0 1.158 -15.841 11.828 1.210 -15.887 11.227 1.269 -15.794 12.147
3 15 2.186 -15.642 11.864 2.204 -15.658 11.682 2.279 -15.662 11.515
3 15 2.279 -15.662 11.515 2.577 -15.573 11.782 2.186 -15.642 11.864
3 15 2.279 -15.662 11.515 2.400 -15.652 11.389 2.547 -15.629 11.323
3 15 2.547 -15.629 11.323 2.577 -15.573 11.782 2.279 -15.662 11.515
3 15 2.547 -15.629 11.323 2.699 -15.599 11.326 2.833 -15.564 11.399
3 15 2.833 -15.564 11.399 2.577 -15.573 11.782 2.547 -15.629 11.323
3 15 2.833 -15.564 11.399 2.927 -15.530 11.530 2.968 -15.503 11.700
3 15 2.968 -15.503 11.700 2.577 -15.573 11.782 2.833 -15.564 11.399
3 15 2.968 -15.503 11.700 2.950 -15.487 11.882 2.875 -15.483 12.049
3 15 2.875 -15.483 12.049 2.577 -15.573 11.782 2.968 -15.503 11.700
3 15 2.875 -15.483 12.049 2.754 -15.494 12.175 2.607 -15.516 12.242
3 15 2.607 -15.516 12.242 2.577 -15.573 11.782 2.875 -15.483 12.049
3 15 2.607 -15.516 12.242 2.455 -15.547 12.238 2.322 -15.581 12.165
3 15 2.322 -15.581 12.165 2.577 -15.573 11.782 2.607 -15.516 12.242
3 15 2.322 -15.581 12.165 2.227 -15.615 12.034 2.186 -15.642 11.864
3 15 2.186 -15.642 11.864 2.577 -15.573 11.782 2.322 -15.581 12.165
3 0 2.455 -15.547 12.238 2.607 -15.516 12.242 2.696 -15.402 13.110
3 0 2.696 -15.402 13.110 2.151 -15.513 13.087 2.455 -15.547 12.238
3 0 2.607 -15.516 12.242 2.754 -15.494 12.175 3.219 -15.320 12.902
3 0 3.219 -15.320 12.902 2.696 -15.402 13.110 2.607 -15.516 12.242
3 0 2.754 -15.494 12.175 2.875 -15.483 12.049 3.641 -15.281 12.493
3 0 3.641 -15.281 12.493 3.219 -15.320 12.902 2.754 -15.494 12.175
3 0 2.875 -15.483 12.049 2.950 -15.487 11.882 3.900 -15.294 11.906
3 0 3.900 -15.294 11.906 3.641 -15.281 12.493 2.875 -15.483 12.049
3 0 3.900 -15.294 11.906 2.950 -15.487 11.882 2.968 -15.503 11.700
3 0 2.968 -15.503 11.700 2.927 -15.530 11.530 3.584 -15.511 10.523
3 0 3.584 -15.511 10.523 3.900 -15.294 11.906 2.968 -15.503 11.700
3 0 2.927 -15.530 11.530 2.833 -15.564 11.399 3.439 -15.560 10.338
3 0 3.439 -15.560 10.338 3.584 -15.511 10.523 2.927 -15.530 11.530
3 0 2.833 -15.564 11.399 2.699 -15.599 11.326 2.955 -15.685 10.087
3 0 2.955 -15.685 10.087 3.439 -15.560 10.338 2.833 -15.564 11.399
3 0 2.699 -15.599 11.326 2.547 -15.629 11.323 2.410 -15.796 10.063
3 0 2.410 -15.796 10.063 2.955 -15.685 10.087 2.699 -15.599 11.326
3 0 2.410 -15.796 10.063 2.547 -15.629 11.323 2.400 -15.652 11.389
3 0 2.400 -15.652 11.389 2.223 -15.826 10.138 2.410 -15.796 10.063
3 0 2.223 -15.826 10.138 2.400 -15.652 11.389 2.279 -15.662 11.515
3 0 2.223 -15.826 10.138 2.279 -15.662 11.515 2.204 -15.658 11.682
3 0 2.204 -15.658 11.682 1.269 -15.794 12.147 2.223 -15.826 10.138
3 0 1.269 -15.794 12.147 2.204 -15.658 11.682 2.186 -15.642 11.864
3 0 2.227 -15.615 12.034 1.319 -15.768 12.293 1.269 -15.794 12.147
3 0 1.269 -15.794 12.147 2.186 -15.642 11.864 2.227 -15.615 12.034
3 0 2.227 -15.615 12.034 2.322 -15.581 12.165 1.668 -15.649 12.735
3 0 1.668 -15.649 12.735 1.319 -15.768 12.293 2.227 -15.615 12.034
3 0 2.322 -15.581 12.165 2.455 -15.547 12.238 2.151 -15.513 13.087
3 0 2.151 -15.513 13.087 1.668 -15.649 12.735 2.322 -15.581 12.165
3 0 0.000 -16.342 8.220 0.000 -16.354 7.000 0.628 -16.269 7.133
3 0 0.000 -16.342 8.220 0.628 -16.269 7.133 0.869 -16.235 7.212
3 0 0.869 -16.235 7.212 0.100 -16.328 8.236 0.000 -16.342 8.220
3 0 0.381 -16.282 8.280 0.100 -16.328 8.236 0.869 -16.235 7.212
3 0 0.869 -16.235 7.212 1.120 -16.193 7.295 0.381 -16.282 8.280
3 0 0.652 -16.237 8.360 0.381 -16.282 8.280 1.120 -16.193 7.295
3 0 1.120 -16.193 7.295 1.576 -16.114 7.536 1.975 -16.029 8.342
3 0 1.975 -16.029 8.342 0.652 -16.237 8.360 1.120 -16.193 7.295
3 0 1.923 -16.049 7.915 1.975 -16.029 8.342 1.576 -16.114 7.536
3 16 1.875 -14.052 -17.722 0.000 -14.052 -17.722 0.000 -11.010 -20.555
3 16 0.000 -11.010 -20.555 0.000 -4.875 -21.485 2.057 -5.037 -21.471
3 16 0.000 -14.623 -17.019 0.000 -14.052 -17.722 1.875 -14.052 -17.722
3 16 8.287 -8.287 7.624 3.062 -8.400 7.391 0.000 -8.400 8.000
3 16 5.657 -8.400 5.657 3.062 -8.400 7.391 8.287 -8.287 7.624
3 16 7.391 -8.400 3.062 5.657 -8.400 5.657 8.287 -8.287 7.624
3 16 8.000 -8.400 0.000 7.391 -8.400 3.062 8.287 -8.287 7.624
3 16 9.103 -8.019 0.015 8.000 -8.400 0.000 8.287 -8.287 7.624
3 16 0.000 -8.566 -12.878 0.000 -8.400 -8.000 3.062 -8.400 -7.391
3 16 3.062 -8.400 -7.391 6.847 -8.589 -12.888 0.000 -8.566 -12.878
3 16 6.847 -8.589 -12.888 3.062 -8.400 -7.391 7.855 -8.328 -10.303
3 16 7.855 -8.328 -10.303 3.062 -8.400 -7.391 5.657 -8.400 -5.657
3 16 7.855 -8.328 -10.303 5.657 -8.400 -5.657 7.391 -8.400 -3.062
3 16 7.855 -8.328 -10.303 7.391 -8.400 -3.062 8.000 -8.400 0.000
3 16 7.855 -8.328 -10.303 8.000 -8.400 0.000 9.103 -8.019 0.015
3 16 12.914 -2.618 11.656 14.040 3.064 7.702 12.641 3.064 13.668
3 16 5.514 -9.250 20.408 4.482 -4.279 20.687 0.000 -10.005 21.253
3 16 0.000 -4.466 21.198 0.000 -10.005 21.253 4.482 -4.279 20.687
3 16 12.235 -11.394 8.250 11.648 -9.890 12.871 10.667 -13.311 11.514
3 16 12.940 -7.641 9.535 11.648 -9.890 12.871 12.235 -11.394 8.250
3 16 12.954 -10.655 4.369 12.940 -7.641 9.535 12.235 -11.394 8.250
3 16 11.648 -9.890 12.871 9.581 -11.978 16.075 10.667 -13.311 11.514
3 16 8.290 -15.482 14.053 5.682 -13.643 18.901 4.876 -17.191 15.738
3 16 9.581 -11.978 16.075 5.682 -13.643 18.901 8.290 -15.482 14.053
3 16 10.667 -13.311 11.514 9.581 -11.978 16.075 8.290 -15.482 14.053
3 16 5.514 -9.250 20.408 0.000 -10.005 21.253 5.682 -13.643 18.901
3 16 14.040 3.064 7.702 12.914 -2.618 11.656 13.931 -3.742 6.033
3 16 12.210 1.103 14.497 11.672 -5.343 14.512 12.914 -2.618 11.656
3 16 5.682 -13.643 18.901 0.000 -10.005 21.253 0.000 -14.319 19.633
3 16 13.931 -3.742 6.033 12.940 -7.641 9.535 12.954 -10.655 4.369
3 16 12.645 -11.198 0.609 13.051 -8.604 -3.746 12.954 -10.655 4.369
3 16 14.267 -1.085 2.302 13.931 -3.742 6.033 12.954 -10.655 4.369
3 16 9.350 3.064 -19.933 7.051 -1.077 -21.236 6.769 3.064 -21.199
3 16 9.761 -1.201 -19.828 7.051 -1.077 -21.236 9.350 3.064 -19.933
3 16 2.101 -4.898 -21.851 0.000 -4.758 -21.951 0.000 -0.546 -21.865
3 16 2.101 -4.898 -21.851 7.051 -1.077 -21.236 6.934 -7.846 -20.980
3 16 2.101 -4.898 -21.851 0.000 -0.546 -21.865 7.051 -1.077 -21.236
3 16 9.761 -1.201 -19.828 11.347 3.064 -17.642 11.712 -1.179 -17.097
3 16 13.714 3.064 -8.533 12.481 -1.083 -14.272 12.601 3.064 -14.760
3 16 13.511 -0.796 -8.257 12.481 -1.083 -14.272 13.714 3.064 -8.533
3 16 12.481 -1.083 -14.272 11.712 -1.179 -17.097 12.601 3.064 -14.760
3 16 9.350 3.064 -19.933 11.347 3.064 -17.642 9.761 -1.201 -19.828
3 16 12.601 3.064 -14.760 11.712 -1.179 -17.097 11.347 3.064 -17.642
3 16 12.210 1.103 14.497 10.704 -0.905 16.269 9.697 -7.973 17.423
3 16 9.697 -7.973 17.423 11.672 -5.343 14.512 12.210 1.103 14.497
3 16 9.697 -7.973 17.423 10.704 -0.905 16.269 7.821 -3.068 18.848
3 16 4.482 -4.279 20.687 5.514 -9.250 20.408 7.821 -3.068 18.848
3 16 9.697 -7.973 17.423 7.821 -3.068 18.848 5.514 -9.250 20.408
3 16 12.914 -2.618 11.656 12.641 3.064 13.668 12.210 1.103 14.497
3 16 10.052 -6.872 -19.004 11.712 -1.179 -17.097 11.403 -6.321 -15.851
3 16 9.761 -1.201 -19.828 11.712 -1.179 -17.097 10.052 -6.872 -19.004
3 16 14.030 -0.920 -3.072 14.267 -1.085 2.302 13.051 -8.604 -3.746
3 16 14.267 -1.085 2.302 12.954 -10.655 4.369 13.051 -8.604 -3.746
3 16 13.051 -8.604 -3.746 12.645 -11.198 0.609 12.110 -11.817 -1.566
3 16 0.000 -14.319 19.633 0.000 -17.823 16.146 4.876 -17.191 15.738
3 16 8.686 -13.140 -10.781 6.286 -14.817 -9.115 6.422 -15.266 -9.618
3 16 10.635 -10.180 -10.199 7.100 -15.124 -8.605 9.571 -10.745 -10.623
3 16 6.422 -15.266 -9.618 6.295 -14.788 -12.262 8.686 -13.140 -10.781
3 16 9.571 -10.745 -10.623 6.286 -14.817 -9.115 8.686 -13.140 -10.781
3 16 2.090 -16.832 -7.233 6.422 -15.266 -9.618 6.286 -14.817 -9.115
3 16 2.090 -16.832 -7.233 6.286 -14.817 -9.115 2.616 -17.444 -6.691
3 16 9.571 -10.745 -10.623 7.100 -15.124 -8.605 6.286 -14.817 -9.115
3 16 1.670 -17.328 -7.566 6.422 -15.266 -9.618 2.090 -16.832 -7.233
3 16 9.632 -7.050 -18.319 10.894 -6.482 -15.699 11.183 -7.616 -12.961
3 16 11.183 -7.616 -12.961 6.978 -13.135 -15.843 9.632 -7.050 -18.319
3 16 6.819 -9.634 -19.236 5.028 -11.899 -18.384 4.916 -12.017 -19.240
3 16 6.997 -9.019 -20.076 6.819 -9.634 -19.236 4.916 -12.017 -19.240
3 16 2.483 -14.567 -16.820 5.628 -12.468 -18.412 6.978 -13.135 -15.843
3 16 6.978 -13.135 -15.843 2.650 -15.117 -15.520 2.483 -14.567 -16.820
3 16 2.650 -15.117 -15.520 1.649 -14.945 -16.207 2.483 -14.567 -16.820
3 16 6.978 -13.135 -15.843 5.628 -12.468 -18.412 7.923 -8.784 -19.500
3 16 7.923 -8.784 -19.500 9.632 -7.050 -18.319 6.978 -13.135 -15.843
3 16 5.628 -12.468 -18.412 6.819 -9.634 -19.236 7.923 -8.784 -19.500
3 16 5.628 -12.468 -18.412 5.028 -11.899 -18.384 6.819 -9.634 -19.236
3 16 6.286 -14.817 -9.115 7.100 -15.124 -8.605 2.616 -17.444 -6.691
3 16 7.158 -15.556 1.124 10.857 -11.467 -1.473 11.646 -11.553 -0.985
3 16 10.061 -13.852 -1.398 7.158 -15.556 1.124 7.327 -16.287 0.570
3 16 7.981 -14.939 -6.219 12.199 -8.814 -3.853 11.665 -11.087 -2.051
3 16 7.158 -15.556 1.124 11.646 -11.553 -0.985 7.572 -15.987 1.753
3 16 7.476 -15.274 4.833 5.313 -14.922 4.819 6.073 -16.149 4.467
3 16 7.476 -15.274 4.833 6.364 -14.100 5.196 5.313 -14.922 4.819
3 16 10.061 -13.852 -1.398 10.857 -11.467 -1.473 7.158 -15.556 1.124
3 16 0.000 -17.282 4.479 3.065 -17.214 3.823 3.253 -17.080 4.431
3 16 7.981 -14.939 -6.219 11.665 -11.087 -2.051 7.777 -15.611 -3.669
3 16 2.695 -17.567 -5.871 2.616 -17.444 -6.691 7.100 -15.124 -8.605
3 16 7.158 -15.556 1.124 2.957 -17.669 2.700 7.327 -16.287 0.570
3 16 7.100 -15.124 -8.605 7.981 -14.939 -6.219 2.695 -17.567 -5.871
3 16 7.981 -14.939 -6.219 7.777 -15.611 -3.669 2.695 -17.567 -5.871
3 16 2.916 -16.823 3.137 7.158 -15.556 1.124 7.572 -15.987 1.753
3 16 7.419 -16.196 -2.624 10.061 -13.852 -1.398 7.327 -16.287 0.570
3 16 7.158 -15.556 1.124 2.916 -16.823 3.137 2.957 -17.669 2.700
3 16 2.916 -16.823 3.137 7.572 -15.987 1.753 3.065 -17.214 3.823
3 16 7.563 -12.313 11.560 9.001 -13.047 11.657 6.798 -13.304 12.680
3 16 6.798 -13.304 12.680 9.001 -13.047 11.657 8.290 -15.482 14.053
3 16 10.667 -13.311 11.514 9.911 -12.516 10.640 12.235 -11.394 8.250
3 16 12.235 -11.394 8.250 9.911 -12.516 10.640 11.411 -11.167 7.641
3 16 8.508 -14.331 5.710 7.476 -15.274 4.833 7.572 -15.987 1.753
3 16 8.508 -14.331 5.710 7.572 -15.987 1.753 11.904 -11.164 0.703
3 16 8.290 -15.482 14.053 9.001 -13.047 11.657 10.667 -13.311 11.514
3 16 10.667 -13.311 11.514 9.001 -13.047 11.657 9.911 -12.516 10.640
3 16 11.904 -11.164 0.703 12.645 -11.198 0.609 12.954 -10.655 4.369
3 16 12.954 -10.655 4.369 12.021 -10.656 4.212 11.904 -11.164 0.703
3 16 0.000 -17.823 16.146 0.000 -15.752 14.818 4.436 -14.927 14.253
3 16 4.436 -14.927 14.253 4.876 -17.191 15.738 0.000 -17.823 16.146
3 16 8.290 -15.482 14.053 4.436 -14.927 14.253 6.798 -13.304 12.680
3 16 4.876 -17.191 15.738 5.682 -13.643 18.901 0.000 -14.319 19.633
3 16 12.954 -10.655 4.369 11.411 -11.167 7.641 12.021 -10.656 4.212
3 16 4.876 -17.191 15.738 4.436 -14.927 14.253 8.290 -15.482 14.053
3 16 12.954 -10.655 4.369 12.235 -11.394 8.250 11.411 -11.167 7.641
3 16 11.646 -11.553 -0.985 11.904 -11.164 0.703 7.572 -15.987 1.753
3 16 5.028 -11.899 -18.384 1.875 -14.052 -17.722 4.916 -12.017 -19.240
3 16 6.552 -14.251 -13.326 6.978 -13.135 -15.843 10.541 -10.205 -11.099
3 16 6.978 -13.135 -15.843 11.183 -7.616 -12.961 10.541 -10.205 -11.099
3 16 5.628 -12.468 -18.412 2.483 -14.567 -16.820 2.093 -13.776 -16.936
3 16 2.093 -13.776 -16.936 5.028 -11.899 -18.384 5.628 -12.468 -18.412
3 16 6.978 -13.135 -15.843 6.552 -14.251 -13.326 2.650 -15.117 -15.520
3 16 1.875 -14.052 -17.722 5.028 -11.899 -18.384 2.093 -13.776 -16.936
3 16 12.199 -8.814 -3.853 7.981 -14.939 -6.219 11.775 -8.292 -7.367
3 16 9.300 -13.418 7.158 8.508 -14.331 5.710 12.021 -10.656 4.212
3 16 12.021 -10.656 4.212 11.411 -11.167 7.641 9.300 -13.418 7.158
3 16 7.476 -15.274 4.833 6.073 -16.149 4.467 7.572 -15.987 1.753
3 16 11.904 -11.164 0.703 12.021 -10.656 4.212 8.508 -14.331 5.710
3 16 10.635 -10.180 -10.199 7.981 -14.939 -6.219 7.100 -15.124 -8.605
3 16 7.981 -14.939 -6.219 10.635 -10.180 -10.199 11.775 -8.292 -7.367
3 16 7.572 -15.987 1.753 6.073 -16.149 4.467 3.253 -17.080 4.431
3 16 3.253 -17.080 4.431 3.065 -17.214 3.823 7.572 -15.987 1.753
3 16 9.363 -6.486 11.638 9.682 -6.504 0.080 9.103 -8.019 0.015
3 16 9.363 -6.486 11.638 9.103 -8.019 0.015 8.287 -8.287 7.624
3 16 8.287 -8.287 7.624 8.092 -8.486 9.684 9.363 -6.486 11.638
3 16 9.103 -8.019 0.015 9.682 -6.504 0.080 8.653 -5.839 -11.946
3 16 8.653 -5.839 -11.946 7.855 -8.328 -10.303 9.103 -8.019 0.015
3 16 8.792 -7.472 13.782 9.363 -6.486 11.638 8.092 -8.486 9.684
3 16 0.000 -11.478 17.841 5.549 -10.232 16.278 4.693 -11.554 12.843
3 16 4.693 -11.554 12.843 0.000 -12.802 13.642 0.000 -11.478 17.841
3 16 8.792 -7.472 13.782 8.092 -8.486 9.684 4.693 -11.554 12.843
3 16 4.693 -11.554 12.843 5.549 -10.232 16.278 8.792 -7.472 13.782
3 16 7.727 -6.207 -14.303 0.000 -7.636 -17.830 0.000 -10.315 -16.366
3 16 6.847 -8.589 -12.888 8.653 -5.839 -11.946 7.727 -6.207 -14.303
3 16 0.000 -10.315 -16.366 6.847 -8.589 -12.888 7.727 -6.207 -14.303
3 16 6.847 -8.589 -12.888 7.855 -8.328 -10.303 8.653 -5.839 -11.946
3 16 7.727 -6.207 -14.303 5.867 3.064 -18.203 0.000 -7.636 -17.830
3 16 7.727 -6.207 -14.303 8.074 3.064 -17.117 5.867 3.064 -18.203
3 16 0.000 -8.566 -12.878 6.847 -8.589 -12.888 0.000 -10.315 -16.366
3 16 0.000 3.064 -18.734 0.000 -7.636 -17.830 5.867 3.064 -18.203
3 16 11.486 3.064 3.331 9.682 -6.504 0.080 9.363 -6.486 11.638
3 16 7.727 -6.207 -14.303 10.480 3.064 -13.436 9.395 3.064 -15.821
3 16 11.441 3.064 -2.819 9.682 -6.504 0.080 11.486 3.064 3.331
3 16 11.486 3.064 3.331 9.363 -6.486 11.638 10.484 3.064 12.794
3 16 0.000 -8.400 8.000 0.000 -12.802 13.642 4.693 -11.554 12.843
3 16 8.287 -8.287 7.624 0.000 -8.400 8.000 8.092 -8.486 9.684
3 16 0.000 -8.400 8.000 4.693 -11.554 12.843 8.092 -8.486 9.684
3 16 3.218 -1.326 18.732 4.482 -4.279 20.687 7.821 -3.068 18.848
3 16 10.484 3.064 12.794 12.210 1.103 14.497 12.641 3.064 13.668
3 16 4.482 -4.279 20.687 3.218 -1.326 18.732 0.000 -1.509 19.101
3 16 0.000 -1.509 19.101 0.000 -4.466 21.198 4.482 -4.279 20.687
3 16 5.940 -0.441 17.389 3.218 -1.326 18.732 7.821 -3.068 18.848
3 16 10.704 -0.905 16.269 8.732 1.347 15.051 5.940 -0.441 17.389
3 16 10.704 -0.905 16.269 5.940 -0.441 17.389 7.821 -3.068 18.848
3 16 10.484 3.064 12.794 8.732 1.347 15.051 12.210 1.103 14.497
3 16 12.210 1.103 14.497 8.732 1.347 15.051 10.704 -0.905 16.269
3 16 12.601 3.064 -14.760 10.480 3.064 -13.436 11.441 3.064 -2.819
3 16 11.441 3.064 -2.819 13.714 3.064 -8.533 12.601 3.064 -14.760
3 16 3.218 -1.326 18.732 5.803 -0.670 16.915 0.000 -1.500 18.068
3 16 13.714 3.064 -8.533 11.441 3.064 -2.819 14.202 3.064 -3.041
3 16 5.940 -0.441 17.389 8.732 1.347 15.051 5.803 -0.670 16.915
3 16 5.803 -0.670 16.915 3.218 -1.326 18.732 5.940 -0.441 17.389
3 16 3.218 -1.326 18.732 0.000 -1.500 18.068 0.000 -1.509 19.101
3 16 12.914 -2.618 11.656 12.940 -7.641 9.535 13.931 -3.742 6.033
3 16 13.931 -3.742 6.033 14.267 -1.085 2.302 14.040 3.064 7.702
3 16 14.040 3.064 7.702 14.267 -1.085 2.302 14.442 3.064 3.232
3 16 13.051 -8.604 -3.746 12.650 -8.066 -7.510 14.030 -0.920 -3.072
3 16 14.030 -0.920 -3.072 12.650 -8.066 -7.510 13.511 -0.796 -8.257
3 16 14.030 -0.920 -3.072 13.511 -0.796 -8.257 14.202 3.064 -3.041
3 16 14.202 3.064 -3.041 13.511 -0.796 -8.257 13.714 3.064 -8.533
3 16 14.442 3.064 3.232 14.267 -1.085 2.302 14.030 -0.920 -3.072
3 16 14.030 -0.920 -3.072 14.202 3.064 -3.041 14.442 3.064 3.232
3 16 9.581 -11.978 16.075 11.648 -9.890 12.871 11.672 -5.343 14.512
3 16 11.672 -5.343 14.512 9.697 -7.973 17.423 9.581 -11.978 16.075
3 16 11.648 -9.890 12.871 12.940 -7.641 9.535 12.914 -2.618 11.656
3 16 12.914 -2.618 11.656 11.672 -5.343 14.512 11.648 -9.890 12.871
3 16 11.734 -7.553 -12.973 11.403 -6.321 -15.851 12.481 -1.083 -14.272
3 16 12.481 -1.083 -14.272 11.403 -6.321 -15.851 11.712 -1.179 -17.097
3 16 5.682 -13.643 18.901 9.581 -11.978 16.075 9.697 -7.973 17.423
3 16 9.697 -7.973 17.423 5.514 -9.250 20.408 5.682 -13.643 18.901
3 16 3.253 -17.080 4.431 2.691 -16.016 4.786 0.000 -17.282 4.479
3 16 0.000 -17.282 4.479 2.691 -16.016 4.786 0.000 -16.378 4.711
3 16 10.484 3.064 12.794 9.363 -6.486 11.638 8.792 -7.472 13.782
3 16 8.792 -7.472 13.782 8.732 1.347 15.051 10.484 3.064 12.794
3 16 9.761 -1.201 -19.828 6.934 -7.846 -20.980 7.051 -1.077 -21.236
3 16 11.294 -10.508 -10.806 11.734 -7.553 -12.973 12.650 -8.066 -7.510
3 16 6.934 -7.846 -20.980 9.761 -1.201 -19.828 10.052 -6.872 -19.004
3 16 6.934 -7.846 -20.980 10.052 -6.872 -19.004 7.632 -9.405 -20.287
3 16 10.480 3.064 -13.436 8.653 -5.839 -11.946 9.682 -6.504 0.080
3 16 9.682 -6.504 0.080 11.441 3.064 -2.819 10.480 3.064 -13.436
3 16 7.727 -6.207 -14.303 8.653 -5.839 -11.946 10.480 3.064 -13.436
3 16 9.395 3.064 -15.821 8.074 3.064 -17.117 7.727 -6.207 -14.303
3 16 8.732 1.347 15.051 8.792 -7.472 13.782 5.549 -10.232 16.278
3 16 5.549 -10.232 16.278 5.803 -0.670 16.915 8.732 1.347 15.051
3 16 0.000 -11.478 17.841 5.803 -0.670 16.915 5.549 -10.232 16.278
3 16 5.803 -0.670 16.915 0.000 -11.478 17.841 0.000 -1.500 18.068
3 16 11.734 -7.553 -12.973 13.511 -0.796 -8.257 12.650 -8.066 -7.510
3 16 10.484 3.064 12.794 14.040 3.064 7.702 14.442 3.064 3.232
3 16 14.442 3.064 3.232 11.486 3.064 3.331 10.484 3.064 12.794
3 16 14.040 3.064 7.702 10.484 3.064 12.794 12.641 3.064 13.668
3 16 8.074 3.064 -17.117 9.350 3.064 -19.933 6.769 3.064 -21.199
3 16 6.769 3.064 -21.199 5.867 3.064 -18.203 8.074 3.064 -17.117
3 16 9.350 3.064 -19.933 8.074 3.064 -17.117 9.395 3.064 -15.821
3 16 9.395 3.064 -15.821 11.347 3.064 -17.642 9.350 3.064 -19.933
3 16 10.480 3.064 -13.436 12.601 3.064 -14.760 11.347 3.064 -17.642
3 16 11.347 3.064 -17.642 9.395 3.064 -15.821 10.480 3.064 -13.436
3 16 0.000 3.064 -18.734 5.867 3.064 -18.203 6.769 3.064 -21.199
3 16 6.769 3.064 -21.199 0.000 3.064 -21.774 0.000 3.064 -18.734
3 16 7.051 -1.077 -21.236 0.000 -0.546 -21.865 0.000 3.064 -21.774
3 16 0.000 3.064 -21.774 6.769 3.064 -21.199 7.051 -1.077 -21.236
3 16 11.734 -7.553 -12.973 12.481 -1.083 -14.272 13.511 -0.796 -8.257
3 16 14.202 3.064 -3.041 11.441 3.064 -2.819 11.486 3.064 3.331
3 16 11.486 3.064 3.331 14.442 3.064 3.232 14.202 3.064 -3.041
3 16 9.300 -13.418 7.158 11.411 -11.167 7.641 9.911 -12.516 10.640
3 16 6.133 -14.030 -12.857 6.295 -14.788 -12.262 2.118 -15.560 -14.594
3 16 2.222 -14.772 -15.001 6.133 -14.030 -12.857 2.118 -15.560 -14.594
3 16 6.133 -14.030 -12.857 9.571 -10.745 -10.623 8.686 -13.140 -10.781
3 16 0.000 -17.282 4.479 0.000 -16.847 3.634 3.065 -17.214 3.823
3 16 2.650 -15.117 -15.520 6.552 -14.251 -13.326 6.133 -14.030 -12.857
3 16 2.222 -14.772 -15.001 2.650 -15.117 -15.520 6.133 -14.030 -12.857
3 16 0.000 -15.310 -15.626 0.000 -14.402 -15.960 2.222 -14.772 -15.001
3 16 2.118 -15.560 -14.594 0.000 -15.310 -15.626 2.222 -14.772 -15.001
3 16 1.649 -14.945 -16.207 2.650 -15.117 -15.520 2.222 -14.772 -15.001
3 16 6.295 -14.788 -12.262 6.133 -14.030 -12.857 8.686 -13.140 -10.781
3 16 6.552 -14.251 -13.326 10.541 -10.205 -11.099 9.571 -10.745 -10.623
3 16 6.133 -14.030 -12.857 6.552 -14.251 -13.326 9.571 -10.745 -10.623
3 16 7.327 -16.287 0.570 2.957 -17.669 2.700 2.392 -18.277 -1.252
3 16 7.419 -16.196 -2.624 7.327 -16.287 0.570 2.392 -18.277 -1.252
3 16 0.000 -18.410 -1.218 2.392 -18.277 -1.252 2.957 -17.669 2.700
3 16 2.315 -17.877 -4.751 7.419 -16.196 -2.624 2.392 -18.277 -1.252
3 16 2.315 -17.877 -4.751 2.392 -18.277 -1.252 0.000 -18.410 -1.218
3 16 0.000 -17.824 -5.675 2.315 -17.877 -4.751 0.000 -18.410 -1.218
3 16 1.649 -14.945 -16.207 0.000 -14.402 -15.960 2.093 -13.776 -16.936
3 16 2.483 -14.567 -16.820 1.649 -14.945 -16.207 2.093 -13.776 -16.936
3 16 0.000 -16.847 3.634 2.916 -16.823 3.137 3.065 -17.214 3.823
3 16 0.000 -17.657 3.263 0.000 -18.410 -1.218 2.957 -17.669 2.700
3 16 2.093 -13.776 -16.936 0.000 -14.623 -17.019 1.875 -14.052 -17.722
3 16 0.000 -14.402 -15.960 0.000 -14.623 -17.019 2.093 -13.776 -16.936
3 16 0.000 -14.402 -15.960 1.649 -14.945 -16.207 2.222 -14.772 -15.001
3 16 11.665 -11.087 -2.051 10.857 -11.467 -1.473 7.777 -15.611 -3.669
3 16 2.695 -17.567 -5.871 7.777 -15.611 -3.669 7.298 -15.325 -3.043
3 16 2.260 -17.083 -5.270 2.695 -17.567 -5.871 7.298 -15.325 -3.043
3 16 10.061 -13.852 -1.398 7.419 -16.196 -2.624 7.298 -15.325 -3.043
3 16 10.857 -11.467 -1.473 10.061 -13.852 -1.398 7.298 -15.325 -3.043
3 16 10.857 -11.467 -1.473 7.298 -15.325 -3.043 7.777 -15.611 -3.669
3 16 2.315 -17.877 -4.751 0.000 -17.824 -5.675 2.260 -17.083 -5.270
3 16 2.034 -17.579 -6.310 2.695 -17.567 -5.871 2.260 -17.083 -5.270
3 16 0.000 -17.047 -6.237 2.034 -17.579 -6.310 2.260 -17.083 -5.270
3 16 7.298 -15.325 -3.043 7.419 -16.196 -2.624 2.315 -17.877 -4.751
3 16 2.260 -17.083 -5.270 7.298 -15.325 -3.043 2.315 -17.877 -4.751
3 16 0.000 -17.824 -5.675 0.000 -17.047 -6.237 2.260 -17.083 -5.270
3 16 2.090 -16.832 -7.233 2.616 -17.444 -6.691 2.034 -17.579 -6.310
3 16 0.000 -17.047 -6.237 2.090 -16.832 -7.233 2.034 -17.579 -6.310
3 16 1.670 -17.328 -7.566 2.090 -16.832 -7.233 0.000 -17.047 -6.237
3 16 10.635 -10.180 -10.199 12.650 -8.066 -7.510 11.775 -8.292 -7.367
3 16 11.294 -10.508 -10.806 12.650 -8.066 -7.510 10.635 -10.180 -10.199
3 16 9.571 -10.745 -10.623 11.294 -10.508 -10.806 10.635 -10.180 -10.199
3 16 10.857 -11.467 -1.473 12.110 -11.817 -1.566 11.646 -11.553 -0.985
3 16 0.000 -17.657 3.263 2.957 -17.669 2.700 2.916 -16.823 3.137
3 16 0.000 -16.847 3.634 0.000 -17.657 3.263 2.916 -16.823 3.137
3 16 0.000 -17.584 -6.997 1.670 -17.328 -7.566 0.000 -17.047 -6.237
3 16 11.646 -11.553 -0.985 12.645 -11.198 0.609 11.904 -11.164 0.703
3 16 12.110 -11.817 -1.566 12.645 -11.198 0.609 11.646 -11.553 -0.985
3 16 6.997 -9.019 -20.076 4.916 -12.017 -19.240 1.923 -11.008 -20.555
3 16 2.057 -5.037 -21.471 6.576 -7.933 -20.587 1.923 -11.008 -20.555
3 16 1.923 -11.008 -20.555 6.576 -7.933 -20.587 6.997 -9.019 -20.076
3 16 0.000 -11.010 -20.555 1.923 -11.008 -20.555 1.875 -14.052 -17.722
3 16 2.057 -5.037 -21.471 1.923 -11.008 -20.555 0.000 -11.010 -20.555
3 16 2.101 -4.898 -21.851 6.934 -7.846 -20.980 6.576 -7.933 -20.587
3 16 2.057 -5.037 -21.471 2.101 -4.898 -21.851 6.576 -7.933 -20.587
3 16 6.934 -7.846 -20.980 6.997 -9.019 -20.076 6.576 -7.933 -20.587
3 16 1.875 -14.052 -17.722 1.923 -11.008 -20.555 4.916 -12.017 -19.240
3 16 2.101 -4.898 -21.851 2.057 -5.037 -21.471 0.000 -4.875 -21.485
3 16 0.000 -4.758 -21.951 2.101 -4.898 -21.851 0.000 -4.875 -21.485
3 16 7.688 -12.112 10.362 7.437 -12.418 7.465 9.350 -12.900 10.495
3 16 7.688 -12.112 10.362 9.350 -12.900 10.495 9.001 -13.047 11.657
3 16 7.563 -12.313 11.560 7.688 -12.112 10.362 9.001 -13.047 11.657
3 16 9.350 -12.900 10.495 9.300 -13.418 7.158 9.911 -12.516 10.640
3 16 9.001 -13.047 11.657 9.350 -12.900 10.495 9.911 -12.516 10.640
3 16 7.437 -12.418 7.465 9.300 -13.418 7.158 9.350 -12.900 10.495
3 16 5.313 -14.922 4.819 2.691 -16.016 4.786 3.253 -17.080 4.431
3 16 6.073 -16.149 4.467 5.313 -14.922 4.819 3.253 -17.080 4.431
3 16 7.437 -12.418 7.465 8.508 -14.331 5.710 9.300 -13.418 7.158
3 16 6.364 -14.100 5.196 8.508 -14.331 5.710 7.437 -12.418 7.465
3 16 7.476 -15.274 4.833 8.508 -14.331 5.710 6.364 -14.100 5.196
3 16 7.632 -9.405 -20.287 6.997 -9.019 -20.076 6.934 -7.846 -20.980
3 16 11.775 -8.292 -7.367 12.650 -8.066 -7.510 12.199 -8.814 -3.853
3 16 2.616 -17.444 -6.691 2.695 -17.567 -5.871 2.034 -17.579 -6.310
3 16 2.118 -15.560 -14.594 6.295 -14.788 -12.262 2.030 -16.629 -11.063
3 16 12.110 -11.817 -1.566 11.665 -11.087 -2.051 13.051 -8.604 -3.746
3 16 10.857 -11.467 -1.473 11.665 -11.087 -2.051 12.110 -11.817 -1.566
3 16 12.650 -8.066 -7.510 13.051 -8.604 -3.746 12.199 -8.814 -3.853
3 16 1.670 -17.328 -7.566 2.030 -16.629 -11.063 6.422 -15.266 -9.618
3 16 2.118 -15.560 -14.594 2.030 -16.629 -11.063 0.000 -16.749 -11.116
3 16 0.000 -15.310 -15.626 2.118 -15.560 -14.594 0.000 -16.749 -11.116
3 16 1.670 -17.328 -7.566 0.000 -17.584 -6.997 0.000 -16.749 -11.116
3 16 2.030 -16.629 -11.063 1.670 -17.328 -7.566 0.000 -16.749 -11.116
3 16 2.030 -16.629 -11.063 6.295 -14.788 -12.262 6.422 -15.266 -9.618
3 16 7.923 -8.784 -19.500 10.052 -6.872 -19.004 9.632 -7.050 -18.319
3 16 7.632 -9.405 -20.287 10.052 -6.872 -19.004 7.923 -8.784 -19.500
3 16 6.819 -9.634 -19.236 7.632 -9.405 -20.287 7.923 -8.784 -19.500
3 16 6.819 -9.634 -19.236 6.997 -9.019 -20.076 7.632 -9.405 -20.287
3 16 11.734 -7.553 -12.973 11.183 -7.616 -12.961 10.894 -6.482 -15.699
3 16 11.403 -6.321 -15.851 11.734 -7.553 -12.973 10.894 -6.482 -15.699
3 16 11.294 -10.508 -10.806 10.541 -10.205 -11.099 11.734 -7.553 -12.973
3 16 9.571 -10.745 -10.623 10.541 -10.205 -11.099 11.294 -10.508 -10.806
3 16 13.051 -8.604 -3.746 11.665 -11.087 -2.051 12.199 -8.814 -3.853
3 16 11.403 -6.321 -15.851 10.894 -6.482 -15.699 9.632 -7.050 -18.319
3 16 10.052 -6.872 -19.004 11.403 -6.321 -15.851 9.632 -7.050 -18.319
3 16 11.734 -7.553 -12.973 10.541 -10.205 -11.099 11.183 -7.616 -12.961
2 24 6.847 -8.589 -12.888 0.000 -10.315 -16.366
2 24 0.000 -12.802 13.642 4.693 -11.554 12.843
2 24 8.092 -8.486 9.684 8.287 -8.287 7.624
2 24 7.855 -8.328 -10.303 6.847 -8.589 -12.888
2 24 8.287 -8.287 7.624 9.103 -8.019 0.015
2 24 0.000 3.064 -18.734 5.867 3.064 -18.203
2 24 9.103 -8.019 0.015 7.855 -8.328 -10.303
2 24 11.441 3.064 -2.819 11.486 3.064 3.331
2 24 4.693 -11.554 12.843 8.092 -8.486 9.684
2 24 0.000 3.064 -21.774 6.769 3.064 -21.199
2 24 0.000 -17.047 -6.237 2.034 -17.579 -6.310
2 24 2.034 -17.579 -6.310 2.695 -17.567 -5.871
2 24 2.260 -17.083 -5.270 0.000 -17.047 -6.237
2 24 2.315 -17.877 -4.751 0.000 -17.824 -5.675
2 24 2.260 -17.083 -5.270 7.298 -15.325 -3.043
2 24 7.419 -16.196 -2.624 2.315 -17.877 -4.751
2 24 2.695 -17.567 -5.871 7.777 -15.611 -3.669
2 24 11.665 -11.087 -2.051 10.857 -11.467 -1.473
2 24 7.777 -15.611 -3.669 11.665 -11.087 -2.051
2 24 10.857 -11.467 -1.473 7.298 -15.325 -3.043
2 24 10.857 -11.467 -1.473 10.061 -13.852 -1.398
2 24 10.061 -13.852 -1.398 7.419 -16.196 -2.624
2 24 2.916 -16.823 3.137 0.000 -16.847 3.634
2 24 0.000 -17.657 3.263 2.957 -17.669 2.700
2 24 10.857 -11.467 -1.473 12.110 -11.817 -1.566
2 24 11.646 -11.553 -0.985 10.857 -11.467 -1.473
2 24 12.110 -11.817 -1.566 12.645 -11.198 0.609
2 24 11.904 -11.164 0.703 11.646 -11.553 -0.985
2 24 0.000 -17.584 -6.997 1.670 -17.328 -7.566
2 24 2.090 -16.832 -7.233 0.000 -17.047 -6.237
2 24 2.616 -17.444 -6.691 2.034 -17.579 -6.310
2 24 9.571 -10.745 -10.623 11.294 -10.508 -10.806
2 24 10.635 -10.180 -10.199 9.571 -10.745 -10.623
2 24 11.294 -10.508 -10.806 12.650 -8.066 -7.510
2 24 11.775 -8.292 -7.367 10.635 -10.180 -10.199
2 24 0.000 -14.402 -15.960 1.649 -14.945 -16.207
2 24 2.222 -14.772 -15.001 0.000 -14.402 -15.960
2 24 1.649 -14.945 -16.207 2.650 -15.117 -15.520
2 24 2.118 -15.560 -14.594 0.000 -15.310 -15.626
2 24 9.571 -10.745 -10.623 6.133 -14.030 -12.857
2 24 6.552 -14.251 -13.326 10.541 -10.205 -11.099
2 24 10.541 -10.205 -11.099 9.571 -10.745 -10.623
2 24 8.686 -13.140 -10.781 6.295 -14.788 -12.262
2 24 9.571 -10.745 -10.623 8.686 -13.140 -10.781
2 24 2.222 -14.772 -15.001 6.133 -14.030 -12.857
2 24 6.295 -14.788 -12.262 2.118 -15.560 -14.594
2 24 2.650 -15.117 -15.520 6.552 -14.251 -13.326
2 24 3.065 -17.214 3.823 0.000 -17.282 4.479
2 24 2.483 -14.567 -16.820 1.649 -14.945 -16.207
2 24 0.000 -14.402 -15.960 2.093 -13.776 -16.936
2 24 0.000 -14.623 -17.019 1.875 -14.052 -17.722
2 24 7.327 -16.287 0.570 2.957 -17.669 2.700
2 24 6.422 -15.266 -9.618 1.670 -17.328 -7.566
2 24 12.199 -8.814 -3.853 11.775 -8.292 -7.367
2 24 12.650 -8.066 -7.510 13.051 -8.604 -3.746
2 24 13.051 -8.604 -3.746 12.110 -11.817 -1.566
2 24 4.482 -4.279 20.687 0.000 -4.466 21.198
2 24 12.641 3.064 13.668 12.210 1.103 14.497
2 24 8.290 -15.482 14.053 4.876 -17.191 15.738
2 24 0.000 -16.378 4.711 2.691 -16.016 4.786
2 24 10.667 -13.311 11.514 8.290 -15.482 14.053
2 24 14.040 3.064 7.702 12.641 3.064 13.668
2 24 4.876 -17.191 15.738 0.000 -17.823 16.146
2 24 5.628 -12.468 -18.412 7.923 -8.784 -19.500
2 24 10.635 -10.180 -10.199 7.100 -15.124 -8.605
2 24 6.422 -15.266 -9.618 8.686 -13.140 -10.781
2 24 4.436 -14.927 14.253 0.000 -15.752 14.818
2 24 5.028 -11.899 -18.384 6.819 -9.634 -19.236
2 24 2.483 -14.567 -16.820 5.628 -12.468 -18.412
2 24 12.235 -11.394 8.250 10.667 -13.311 11.514
2 24 4.916 -12.017 -19.240 1.875 -14.052 -17.722
2 24 3.253 -17.080 4.431 6.073 -16.149 4.467
2 24 6.997 -9.019 -20.076 4.916 -12.017 -19.240
2 24 11.183 -7.616 -12.961 10.894 -6.482 -15.699
2 24 2.057 -5.037 -21.471 0.000 -4.875 -21.485
2 24 0.000 -4.758 -21.951 2.101 -4.898 -21.851
2 24 6.934 -7.846 -20.980 7.632 -9.405 -20.287
2 24 6.576 -7.933 -20.587 2.057 -5.037 -21.471
2 24 12.645 -11.198 0.609 12.954 -10.655 4.369
2 24 12.954 -10.655 4.369 12.235 -11.394 8.250
2 24 6.819 -9.634 -19.236 6.997 -9.019 -20.076
2 24 6.997 -9.019 -20.076 6.576 -7.933 -20.587
2 24 2.101 -4.898 -21.851 6.934 -7.846 -20.980
2 24 5.940 -0.441 17.389 3.218 -1.326 18.732
2 24 12.641 3.064 13.668 10.484 3.064 12.794
2 24 3.218 -1.326 18.732 0.000 -1.509 19.101
2 24 9.395 3.064 -15.821 10.480 3.064 -13.436
2 24 5.867 3.064 -18.203 8.074 3.064 -17.117
2 24 11.486 3.064 3.331 10.484 3.064 12.794
2 24 5.803 -0.670 16.915 0.000 -1.500 18.068
2 24 2.093 -13.776 -16.936 5.028 -11.899 -18.384
2 24 11.904 -11.164 0.703 12.021 -10.656 4.212
2 24 7.563 -12.313 11.560 6.798 -13.304 12.680
2 24 8.732 1.347 15.051 5.803 -0.670 16.915
2 24 7.821 -3.068 18.848 4.482 -4.279 20.687
2 24 12.021 -10.656 4.212 11.411 -11.167 7.641
2 24 10.480 3.064 -13.436 11.441 3.064 -2.819
2 24 14.202 3.064 -3.041 14.442 3.064 3.232
2 24 8.732 1.347 15.051 5.940 -0.441 17.389
2 24 14.442 3.064 3.232 14.040 3.064 7.702
2 24 6.798 -13.304 12.680 4.436 -14.927 14.253
2 24 13.714 3.064 -8.533 14.202 3.064 -3.041
2 24 12.601 3.064 -14.760 13.714 3.064 -8.533
2 24 12.210 1.103 14.497 10.704 -0.905 16.269
2 24 9.350 3.064 -19.933 11.347 3.064 -17.642
2 24 10.484 3.064 12.794 8.732 1.347 15.051
2 24 8.074 3.064 -17.117 9.395 3.064 -15.821
2 24 10.704 -0.905 16.269 7.821 -3.068 18.848
2 24 6.769 3.064 -21.199 9.350 3.064 -19.933
2 24 11.347 3.064 -17.642 12.601 3.064 -14.760
2 24 7.563 -12.313 11.560 7.688 -12.112 10.362
2 24 9.001 -13.047 11.657 7.563 -12.313 11.560
2 24 10.857 -11.467 -1.473 7.158 -15.556 1.124
2 24 11.646 -11.553 -0.985 7.572 -15.987 1.753
2 24 7.476 -15.274 4.833 8.508 -14.331 5.710
2 24 7.437 -12.418 7.465 6.364 -14.100 5.196
2 24 8.508 -14.331 5.710 9.300 -13.418 7.158
2 24 7.327 -16.287 0.570 10.061 -13.852 -1.398
2 24 2.090 -16.832 -7.233 6.286 -14.817 -9.115
2 24 3.253 -17.080 4.431 0.000 -17.282 4.479
2 24 2.616 -17.444 -6.691 7.100 -15.124 -8.605
2 24 6.286 -14.817 -9.115 9.571 -10.745 -10.623
2 24 6.364 -14.100 5.196 5.313 -14.922 4.819
2 24 6.073 -16.149 4.467 7.476 -15.274 4.833
2 24 2.916 -16.823 3.137 7.158 -15.556 1.124
2 24 7.572 -15.987 1.753 3.065 -17.214 3.823
2 24 10.052 -6.872 -19.004 11.403 -6.321 -15.851
2 24 10.894 -6.482 -15.699 9.632 -7.050 -18.319
2 24 7.632 -9.405 -20.287 10.052 -6.872 -19.004
2 24 11.403 -6.321 -15.851 11.734 -7.553 -12.973
2 24 11.734 -7.553 -12.973 11.294 -10.508 -10.806
2 24 9.632 -7.050 -18.319 7.923 -8.784 -19.500
2 24 10.541 -10.205 -11.099 11.183 -7.616 -12.961
2 24 11.665 -11.087 -2.051 12.199 -8.814 -3.853
2 24 9.300 -13.418 7.158 9.350 -12.900 10.495
2 24 9.350 -12.900 10.495 9.001 -13.047 11.657
2 24 9.911 -12.516 10.640 9.001 -13.047 11.657
2 24 11.411 -11.167 7.641 9.911 -12.516 10.640
2 24 7.923 -8.784 -19.500 6.819 -9.634 -19.236
2 24 6.819 -9.634 -19.236 7.632 -9.405 -20.287
2 24 7.688 -12.112 10.362 7.437 -12.418 7.465
2 24 5.313 -14.922 4.819 2.691 -16.016 4.786
2 24 0.000 -11.478 17.841 5.549 -10.232 16.278
3 16 0.000 -11.010 -20.555 0.000 -14.052 -17.722 -1.875 -14.052 -17.722
3 16 -2.057 -5.037 -21.471 0.000 -4.875 -21.485 0.000 -11.010 -20.555
3 16 -1.875 -14.052 -17.722 0.000 -14.052 -17.722 0.000 -14.623 -17.019
3 16 0.000 -8.400 8.000 -3.062 -8.400 7.391 -8.287 -8.287 7.624
3 16 -8.287 -8.287 7.624 -3.062 -8.400 7.391 -5.657 -8.400 5.657
3 16 -8.287 -8.287 7.624 -5.657 -8.400 5.657 -7.391 -8.400 3.062
3 16 -8.287 -8.287 7.624 -7.391 -8.400 3.062 -8.000 -8.400 0.000
3 16 -8.287 -8.287 7.624 -8.000 -8.400 0.000 -9.103 -8.019 0.015
3 16 -3.062 -8.400 -7.391 0.000 -8.400 -8.000 0.000 -8.566 -12.878
3 16 0.000 -8.566 -12.878 -6.847 -8.589 -12.888 -3.062 -8.400 -7.391
3 16 -7.855 -8.328 -10.303 -3.062 -8.400 -7.391 -6.847 -8.589 -12.888
3 16 -5.657 -8.400 -5.657 -3.062 -8.400 -7.391 -7.855 -8.328 -10.303
3 16 -7.391 -8.400 -3.062 -5.657 -8.400 -5.657 -7.855 -8.328 -10.303
3 16 -8.000 -8.400 0.000 -7.391 -8.400 -3.062 -7.855 -8.328 -10.303
3 16 -9.103 -8.019 0.015 -8.000 -8.400 0.000 -7.855 -8.328 -10.303
3 16 -12.641 3.064 13.668 -14.040 3.064 7.702 -12.914 -2.618 11.656
3 16 0.000 -10.005 21.253 -4.482 -4.279 20.687 -5.514 -9.250 20.408
3 16 -4.482 -4.279 20.687 0.000 -10.005 21.253 0.000 -4.466 21.198
3 16 -10.667 -13.311 11.514 -11.648 -9.890 12.871 -12.235 -11.394 8.250
3 16 -12.235 -11.394 8.250 -11.648 -9.890 12.871 -12.940 -7.641 9.535
3 16 -12.235 -11.394 8.250 -12.940 -7.641 9.535 -12.954 -10.655 4.369
3 16 -10.667 -13.311 11.514 -9.581 -11.978 16.075 -11.648 -9.890 12.871
3 16 -4.876 -17.191 15.738 -5.682 -13.643 18.901 -8.290 -15.482 14.053
3 16 -8.290 -15.482 14.053 -5.682 -13.643 18.901 -9.581 -11.978 16.075
3 16 -8.290 -15.482 14.053 -9.581 -11.978 16.075 -10.667 -13.311 11.514
3 16 -5.682 -13.643 18.901 0.000 -10.005 21.253 -5.514 -9.250 20.408
3 16 -13.931 -3.742 6.033 -12.914 -2.618 11.656 -14.040 3.064 7.702
3 16 -12.914 -2.618 11.656 -11.672 -5.343 14.512 -12.210 1.103 14.497
3 16 0.000 -14.319 19.633 0.000 -10.005 21.253 -5.682 -13.643 18.901
3 16 -12.954 -10.655 4.369 -12.940 -7.641 9.535 -13.931 -3.742 6.033
3 16 -12.954 -10.655 4.369 -13.051 -8.604 -3.746 -12.645 -11.198 0.609
3 16 -12.954 -10.655 4.369 -13.931 -3.742 6.033 -14.267 -1.085 2.302
3 16 -6.769 3.064 -21.199 -7.051 -1.077 -21.236 -9.350 3.064 -19.933
3 16 -9.350 3.064 -19.933 -7.051 -1.077 -21.236 -9.761 -1.201 -19.828
3 16 0.000 -0.546 -21.865 0.000 -4.758 -21.951 -2.101 -4.898 -21.851
3 16 -6.934 -7.846 -20.980 -7.051 -1.077 -21.236 -2.101 -4.898 -21.851
3 16 -7.051 -1.077 -21.236 0.000 -0.546 -21.865 -2.101 -4.898 -21.851
3 16 -11.712 -1.179 -17.097 -11.347 3.064 -17.642 -9.761 -1.201 -19.828
3 16 -12.601 3.064 -14.760 -12.481 -1.083 -14.272 -13.714 3.064 -8.533
3 16 -13.714 3.064 -8.533 -12.481 -1.083 -14.272 -13.511 -0.796 -8.257
3 16 -12.601 3.064 -14.760 -11.712 -1.179 -17.097 -12.481 -1.083 -14.272
3 16 -9.761 -1.201 -19.828 -11.347 3.064 -17.642 -9.350 3.064 -19.933
3 16 -11.347 3.064 -17.642 -11.712 -1.179 -17.097 -12.601 3.064 -14.760
3 16 -9.697 -7.973 17.423 -10.704 -0.905 16.269 -12.210 1.103 14.497
3 16 -12.210 1.103 14.497 -11.672 -5.343 14.512 -9.697 -7.973 17.423
3 16 -7.821 -3.068 18.848 -10.704 -0.905 16.269 -9.697 -7.973 17.423
3 16 -7.821 -3.068 18.848 -5.514 -9.250 20.408 -4.482 -4.279 20.687
3 16 -5.514 -9.250 20.408 -7.821 -3.068 18.848 -9.697 -7.973 17.423
3 16 -12.210 1.103 14.497 -12.641 3.064 13.668 -12.914 -2.618 11.656
3 16 -11.403 -6.321 -15.851 -11.712 -1.179 -17.097 -10.052 -6.872 -19.004
3 16 -10.052 -6.872 -19.004 -11.712 -1.179 -17.097 -9.761 -1.201 -19.828
3 16 -13.051 -8.604 -3.746 -14.267 -1.085 2.302 -14.030 -0.920 -3.072
3 16 -13.051 -8.604 -3.746 -12.954 -10.655 4.369 -14.267 -1.085 2.302
3 16 -12.110 -11.817 -1.566 -12.645 -11.198 0.609 -13.051 -8.604 -3.746
3 16 -4.876 -17.191 15.738 0.000 -17.823 16.146 0.000 -14.319 19.633
3 16 -6.422 -15.266 -9.618 -6.286 -14.817 -9.115 -8.686 -13.140 -10.781
3 16 -9.571 -10.745 -10.623 -7.100 -15.124 -8.605 -10.635 -10.180 -10.199
3 16 -8.686 -13.140 -10.781 -6.295 -14.788 -12.262 -6.422 -15.266 -9.618
3 16 -8.686 -13.140 -10.781 -6.286 -14.817 -9.115 -9.571 -10.745 -10.623
3 16 -6.286 -14.817 -9.115 -6.422 -15.266 -9.618 -2.090 -16.832 -7.233
3 16 -2.616 -17.444 -6.691 -6.286 -14.817 -9.115 -2.090 -16.832 -7.233
3 16 -6.286 -14.817 -9.115 -7.100 -15.124 -8.605 -9.571 -10.745 -10.623
3 16 -2.090 -16.832 -7.233 -6.422 -15.266 -9.618 -1.670 -17.328 -7.566
3 16 -11.183 -7.616 -12.961 -10.894 -6.482 -15.699 -9.632 -7.050 -18.319
3 16 -9.632 -7.050 -18.319 -6.978 -13.135 -15.843 -11.183 -7.616 -12.961
3 16 -4.916 -12.017 -19.240 -5.028 -11.899 -18.384 -6.819 -9.634 -19.236
3 16 -4.916 -12.017 -19.240 -6.819 -9.634 -19.236 -6.997 -9.019 -20.076
3 16 -6.978 -13.135 -15.843 -5.628 -12.468 -18.412 -2.483 -14.567 -16.820
3 16 -2.483 -14.567 -16.820 -2.650 -15.117 -15.520 -6.978 -13.135 -15.843
3 16 -2.483 -14.567 -16.820 -1.649 -14.945 -16.207 -2.650 -15.117 -15.520
3 16 -7.923 -8.784 -19.500 -5.628 -12.468 -18.412 -6.978 -13.135 -15.843
3 16 -6.978 -13.135 -15.843 -9.632 -7.050 -18.319 -7.923 -8.784 -19.500
3 16 -7.923 -8.784 -19.500 -6.819 -9.634 -19.236 -5.628 -12.468 -18.412
3 16 -6.819 -9.634 -19.236 -5.028 -11.899 -18.384 -5.628 -12.468 -18.412
3 16 -2.616 -17.444 -6.691 -7.100 -15.124 -8.605 -6.286 -14.817 -9.115
3 16 -11.646 -11.553 -0.985 -10.857 -11.467 -1.473 -7.158 -15.556 1.124
3 16 -7.327 -16.287 0.570 -7.158 -15.556 1.124 -10.061 -13.852 -1.398
3 16 -11.665 -11.087 -2.051 -12.199 -8.814 -3.853 -7.981 -14.939 -6.219
3 16 -7.572 -15.987 1.753 -11.646 -11.553 -0.985 -7.158 -15.556 1.124
3 16 -6.073 -16.149 4.467 -5.313 -14.922 4.819 -7.476 -15.274 4.833
3 16 -5.313 -14.922 4.819 -6.364 -14.100 5.196 -7.476 -15.274 4.833
3 16 -7.158 -15.556 1.124 -10.857 -11.467 -1.473 -10.061 -13.852 -1.398
3 16 -3.253 -17.080 4.431 -3.065 -17.214 3.823 0.000 -17.282 4.479
3 16 -7.777 -15.611 -3.669 -11.665 -11.087 -2.051 -7.981 -14.939 -6.219
3 16 -7.100 -15.124 -8.605 -2.616 -17.444 -6.691 -2.695 -17.567 -5.871
3 16 -7.327 -16.287 0.570 -2.957 -17.669 2.700 -7.158 -15.556 1.124
3 16 -2.695 -17.567 -5.871 -7.981 -14.939 -6.219 -7.100 -15.124 -8.605
3 16 -2.695 -17.567 -5.871 -7.777 -15.611 -3.669 -7.981 -14.939 -6.219
3 16 -7.572 -15.987 1.753 -7.158 -15.556 1.124 -2.916 -16.823 3.137
3 16 -7.327 -16.287 0.570 -10.061 -13.852 -1.398 -7.419 -16.196 -2.624
3 16 -2.957 -17.669 2.700 -2.916 -16.823 3.137 -7.158 -15.556 1.124
3 16 -3.065 -17.214 3.823 -7.572 -15.987 1.753 -2.916 -16.823 3.137
3 16 -6.798 -13.304 12.680 -9.001 -13.047 11.657 -7.563 -12.313 11.560
3 16 -8.290 -15.482 14.053 -9.001 -13.047 11.657 -6.798 -13.304 12.680
3 16 -12.235 -11.394 8.250 -9.911 -12.516 10.640 -10.667 -13.311 11.514
3 16 -11.411 -11.167 7.641 -9.911 -12.516 10.640 -12.235 -11.394 8.250
3 16 -7.572 -15.987 1.753 -7.476 -15.274 4.833 -8.508 -14.331 5.710
3 16 -11.904 -11.164 0.703 -7.572 -15.987 1.753 -8.508 -14.331 5.710
3 16 -10.667 -13.311 11.514 -9.001 -13.047 11.657 -8.290 -15.482 14.053
3 16 -9.911 -12.516 10.640 -9.001 -13.047 11.657 -10.667 -13.311 11.514
3 16 -12.954 -10.655 4.369 -12.645 -11.198 0.609 -11.904 -11.164 0.703
3 16 -11.904 -11.164 0.703 -12.021 -10.656 4.212 -12.954 -10.655 4.369
3 16 -4.436 -14.927 14.253 0.000 -15.752 14.818 0.000 -17.823 16.146
3 16 0.000 -17.823 16.146 -4.876 -17.191 15.738 -4.436 -14.927 14.253
3 16 -6.798 -13.304 12.680 -4.436 -14.927 14.253 -8.290 -15.482 14.053
3 16 0.000 -14.319 19.633 -5.682 -13.643 18.901 -4.876 -17.191 15.738
3 16 -12.021 -10.656 4.212 -11.411 -11.167 7.641 -12.954 -10.655 4.369
3 16 -8.290 -15.482 14.053 -4.436 -14.927 14.253 -4.876 -17.191 15.738
3 16 -11.411 -11.167 7.641 -12.235 -11.394 8.250 -12.954 -10.655 4.369
3 16 -7.572 -15.987 1.753 -11.904 -11.164 0.703 -11.646 -11.553 -0.985
3 16 -4.916 -12.017 -19.240 -1.875 -14.052 -17.722 -5.028 -11.899 -18.384
3 16 -10.541 -10.205 -11.099 -6.978 -13.135 -15.843 -6.552 -14.251 -13.326
3 16 -10.541 -10.205 -11.099 -11.183 -7.616 -12.961 -6.978 -13.135 -15.843
3 16 -2.093 -13.776 -16.936 -2.483 -14.567 -16.820 -5.628 -12.468 -18.412
3 16 -5.628 -12.468 -18.412 -5.028 -11.899 -18.384 -2.093 -13.776 -16.936
3 16 -2.650 -15.117 -15.520 -6.552 -14.251 -13.326 -6.978 -13.135 -15.843
3 16 -2.093 -13.776 -16.936 -5.028 -11.899 -18.384 -1.875 -14.052 -17.722
3 16 -11.775 -8.292 -7.367 -7.981 -14.939 -6.219 -12.199 -8.814 -3.853
3 16 -12.021 -10.656 4.212 -8.508 -14.331 5.710 -9.300 -13.418 7.158
3 16 -9.300 -13.418 7.158 -11.411 -11.167 7.641 -12.021 -10.656 4.212
3 16 -7.572 -15.987 1.753 -6.073 -16.149 4.467 -7.476 -15.274 4.833
3 16 -8.508 -14.331 5.710 -12.021 -10.656 4.212 -11.904 -11.164 0.703
3 16 -7.100 -15.124 -8.605 -7.981 -14.939 -6.219 -10.635 -10.180 -10.199
3 16 -11.775 -8.292 -7.367 -10.635 -10.180 -10.199 -7.981 -14.939 -6.219
3 16 -3.253 -17.080 4.431 -6.073 -16.149 4.467 -7.572 -15.987 1.753
3 16 -7.572 -15.987 1.753 -3.065 -17.214 3.823 -3.253 -17.080 4.431
3 16 -9.103 -8.019 0.015 -9.682 -6.504 0.080 -9.363 -6.486 11.638
3 16 -8.287 -8.287 7.624 -9.103 -8.019 0.015 -9.363 -6.486 11.638
3 16 -9.363 -6.486 11.638 -8.092 -8.486 9.684 -8.287 -8.287 7.624
3 16 -8.653 -5.839 -11.946 -9.682 -6.504 0.080 -9.103 -8.019 0.015
3 16 -9.103 -8.019 0.015 -7.855 -8.328 -10.303 -8.653 -5.839 -11.946
3 16 -8.092 -8.486 9.684 -9.363 -6.486 11.638 -8.792 -7.472 13.782
3 16 -4.693 -11.554 12.843 -5.549 -10.232 16.278 0.000 -11.478 17.841
3 16 0.000 -11.478 17.841 0.000 -12.802 13.642 -4.693 -11.554 12.843
3 16 -4.693 -11.554 12.843 -8.092 -8.486 9.684 -8.792 -7.472 13.782
3 16 -8.792 -7.472 13.782 -5.549 -10.232 16.278 -4.693 -11.554 12.843
3 16 0.000 -10.315 -16.366 0.000 -7.636 -17.830 -7.727 -6.207 -14.303
3 16 -7.727 -6.207 -14.303 -8.653 -5.839 -11.946 -6.847 -8.589 -12.888
3 16 -7.727 -6.207 -14.303 -6.847 -8.589 -12.888 0.000 -10.315 -16.366
3 16 -8.653 -5.839 -11.946 -7.855 -8.328 -10.303 -6.847 -8.589 -12.888
3 16 0.000 -7.636 -17.830 -5.867 3.064 -18.203 -7.727 -6.207 -14.303
3 16 -5.867 3.064 -18.203 -8.074 3.064 -17.117 -7.727 -6.207 -14.303
3 16 0.000 -10.315 -16.366 -6.847 -8.589 -12.888 0.000 -8.566 -12.878
3 16 -5.867 3.064 -18.203 0.000 -7.636 -17.830 0.000 3.064 -18.734
3 16 -9.363 -6.486 11.638 -9.682 -6.504 0.080 -11.486 3.064 3.331
3 16 -9.395 3.064 -15.821 -10.480 3.064 -13.436 -7.727 -6.207 -14.303
3 16 -11.486 3.064 3.331 -9.682 -6.504 0.080 -11.441 3.064 -2.819
3 16 -10.484 3.064 12.794 -9.363 -6.486 11.638 -11.486 3.064 3.331
3 16 -4.693 -11.554 12.843 0.000 -12.802 13.642 0.000 -8.400 8.000
3 16 -8.092 -8.486 9.684 0.000 -8.400 8.000 -8.287 -8.287 7.624
3 16 -8.092 -8.486 9.684 -4.693 -11.554 12.843 0.000 -8.400 8.000
3 16 -7.821 -3.068 18.848 -4.482 -4.279 20.687 -3.218 -1.326 18.732
3 16 -12.641 3.064 13.668 -12.210 1.103 14.497 -10.484 3.064 12.794
3 16 0.000 -1.509 19.101 -3.218 -1.326 18.732 -4.482 -4.279 20.687
3 16 -4.482 -4.279 20.687 0.000 -4.466 21.198 0.000 -1.509 19.101
3 16 -7.821 -3.068 18.848 -3.218 -1.326 18.732 -5.940 -0.441 17.389
3 16 -5.940 -0.441 17.389 -8.732 1.347 15.051 -10.704 -0.905 16.269
3 16 -7.821 -3.068 18.848 -5.940 -0.441 17.389 -10.704 -0.905 16.269
3 16 -12.210 1.103 14.497 -8.732 1.347 15.051 -10.484 3.064 12.794
3 16 -10.704 -0.905 16.269 -8.732 1.347 15.051 -12.210 1.103 14.497
3 16 -11.441 3.064 -2.819 -10.480 3.064 -13.436 -12.601 3.064 -14.760
3 16 -12.601 3.064 -14.760 -13.714 3.064 -8.533 -11.441 3.064 -2.819
3 16 0.000 -1.500 18.068 -5.803 -0.670 16.915 -3.218 -1.326 18.732
3 16 -14.202 3.064 -3.041 -11.441 3.064 -2.819 -13.714 3.064 -8.533
3 16 -5.803 -0.670 16.915 -8.732 1.347 15.051 -5.940 -0.441 17.389
3 16 -5.940 -0.441 17.389 -3.218 -1.326 18.732 -5.803 -0.670 16.915
3 16 0.000 -1.509 19.101 0.000 -1.500 18.068 -3.218 -1.326 18.732
3 16 -13.931 -3.742 6.033 -12.940 -7.641 9.535 -12.914 -2.618 11.656
3 16 -14.040 3.064 7.702 -14.267 -1.085 2.302 -13.931 -3.742 6.033
3 16 -14.442 3.064 3.232 -14.267 -1.085 2.302 -14.040 3.064 7.702
3 16 -14.030 -0.920 -3.072 -12.650 -8.066 -7.510 -13.051 -8.604 -3.746
3 16 -13.511 -0.796 -8.257 -12.650 -8.066 -7.510 -14.030 -0.920 -3.072
3 16 -14.202 3.064 -3.041 -13.511 -0.796 -8.257 -14.030 -0.920 -3.072
3 16 -13.714 3.064 -8.533 -13.511 -0.796 -8.257 -14.202 3.064 -3.041
3 16 -14.030 -0.920 -3.072 -14.267 -1.085 2.302 -14.442 3.064 3.232
3 16 -14.442 3.064 3.232 -14.202 3.064 -3.041 -14.030 -0.920 -3.072
3 16 -11.672 -5.343 14.512 -11.648 -9.890 12.871 -9.581 -11.978 16.075
3 16 -9.581 -11.978 16.075 -9.697 -7.973 17.423 -11.672 -5.343 14.512
3 16 -12.914 -2.618 11.656 -12.940 -7.641 9.535 -11.648 -9.890 12.871
3 16 -11.648 -9.890 12.871 -11.672 -5.343 14.512 -12.914 -2.618 11.656
3 16 -12.481 -1.083 -14.272 -11.403 -6.321 -15.851 -11.734 -7.553 -12.973
3 16 -11.712 -1.179 -17.097 -11.403 -6.321 -15.851 -12.481 -1.083 -14.272
3 16 -9.697 -7.973 17.423 -9.581 -11.978 16.075 -5.682 -13.643 18.901
3 16 -5.682 -13.643 18.901 -5.514 -9.250 20.408 -9.697 -7.973 17.423
3 16 0.000 -17.282 4.479 -2.691 -16.016 4.786 -3.253 -17.080 4.431
3 16 0.000 -16.378 4.711 -2.691 -16.016 4.786 0.000 -17.282 4.479
3 16 -8.792 -7.472 13.782 -9.363 -6.486 11.638 -10.484 3.064 12.794
3 16 -10.484 3.064 12.794 -8.732 1.347 15.051 -8.792 -7.472 13.782
3 16 -7.051 -1.077 -21.236 -6.934 -7.846 -20.980 -9.761 -1.201 -19.828
3 16 -12.650 -8.066 -7.510 -11.734 -7.553 -12.973 -11.294 -10.508 -10.806
3 16 -10.052 -6.872 -19.004 -9.761 -1.201 -19.828 -6.934 -7.846 -20.980
3 16 -7.632 -9.405 -20.287 -10.052 -6.872 -19.004 -6.934 -7.846 -20.980
3 16 -9.682 -6.504 0.080 -8.653 -5.839 -11.946 -10.480 3.064 -13.436
3 16 -10.480 3.064 -13.436 -11.441 3.064 -2.819 -9.682 -6.504 0.080
3 16 -10.480 3.064 -13.436 -8.653 -5.839 -11.946 -7.727 -6.207 -14.303
3 16 -7.727 -6.207 -14.303 -8.074 3.064 -17.117 -9.395 3.064 -15.821
3 16 -5.549 -10.232 16.278 -8.792 -7.472 13.782 -8.732 1.347 15.051
3 16 -8.732 1.347 15.051 -5.803 -0.670 16.915 -5.549 -10.232 16.278
3 16 -5.549 -10.232 16.278 -5.803 -0.670 16.915 0.000 -11.478 17.841
3 16 0.000 -1.500 18.068 0.000 -11.478 17.841 -5.803 -0.670 16.915
3 16 -12.650 -8.066 -7.510 -13.511 -0.796 -8.257 -11.734 -7.553 -12.973
3 16 -14.442 3.064 3.232 -14.040 3.064 7.702 -10.484 3.064 12.794
3 16 -10.484 3.064 12.794 -11.486 3.064 3.331 -14.442 3.064 3.232
3 16 -12.641 3.064 13.668 -10.484 3.064 12.794 -14.040 3.064 7.702
3 16 -6.769 3.064 -21.199 -9.350 3.064 -19.933 -8.074 3.064 -17.117
3 16 -8.074 3.064 -17.117 -5.867 3.064 -18.203 -6.769 3.064 -21.199
3 16 -9.395 3.064 -15.821 -8.074 3.064 -17.117 -9.350 3.064 -19.933
3 16 -9.350 3.064 -19.933 -11.347 3.064 -17.642 -9.395 3.064 -15.821
3 16 -11.347 3.064 -17.642 -12.601 3.064 -14.760 -10.480 3.064 -13.436
3 16 -10.480 3.064 -13.436 -9.395 3.064 -15.821 -11.347 3.064 -17.642
3 16 -6.769 3.064 -21.199 -5.867 3.064 -18.203 0.000 3.064 -18.734
3 16 0.000 3.064 -18.734 0.000 3.064 -21.774 -6.769 3.064 -21.199
3 16 0.000 3.064 -21.774 0.000 -0.546 -21.865 -7.051 -1.077 -21.236
3 16 -7.051 -1.077 -21.236 -6.769 3.064 -21.199 0.000 3.064 -21.774
3 16 -13.511 -0.796 -8.257 -12.481 -1.083 -14.272 -11.734 -7.553 -12.973
3 16 -11.486 3.064 3.331 -11.441 3.064 -2.819 -14.202 3.064 -3.041
3 16 -14.202 3.064 -3.041 -14.442 3.064 3.232 -11.486 3.064 3.331
3 16 -9.911 -12.516 10.640 -11.411 -11.167 7.641 -9.300 -13.418 7.158
3 16 -2.118 -15.560 -14.594 -6.295 -14.788 -12.262 -6.133 -14.030 -12.857
3 16 -2.118 -15.560 -14.594 -6.133 -14.030 -12.857 -2.222 -14.772 -15.001
3 16 -8.686 -13.140 -10.781 -9.571 -10.745 -10.623 -6.133 -14.030 -12.857
3 16 -3.065 -17.214 3.823 0.000 -16.847 3.634 0.000 -17.282 4.479
3 16 -6.133 -14.030 -12.857 -6.552 -14.251 -13.326 -2.650 -15.117 -15.520
3 16 -6.133 -14.030 -12.857 -2.650 -15.117 -15.520 -2.222 -14.772 -15.001
3 16 -2.222 -14.772 -15.001 0.000 -14.402 -15.960 0.000 -15.310 -15.626
3 16 -2.222 -14.772 -15.001 0.000 -15.310 -15.626 -2.118 -15.560 -14.594
3 16 -2.222 -14.772 -15.001 -2.650 -15.117 -15.520 -1.649 -14.945 -16.207
3 16 -8.686 -13.140 -10.781 -6.133 -14.030 -12.857 -6.295 -14.788 -12.262
3 16 -9.571 -10.745 -10.623 -10.541 -10.205 -11.099 -6.552 -14.251 -13.326
3 16 -9.571 -10.745 -10.623 -6.552 -14.251 -13.326 -6.133 -14.030 -12.857
3 16 -2.392 -18.277 -1.252 -2.957 -17.669 2.700 -7.327 -16.287 0.570
3 16 -2.392 -18.277 -1.252 -7.327 -16.287 0.570 -7.419 -16.196 -2.624
3 16 -2.957 -17.669 2.700 -2.392 -18.277 -1.252 0.000 -18.410 -1.218
3 16 -2.392 -18.277 -1.252 -7.419 -16.196 -2.624 -2.315 -17.877 -4.751
3 16 0.000 -18.410 -1.218 -2.392 -18.277 -1.252 -2.315 -17.877 -4.751
3 16 0.000 -18.410 -1.218 -2.315 -17.877 -4.751 0.000 -17.824 -5.675
3 16 -2.093 -13.776 -16.936 0.000 -14.402 -15.960 -1.649 -14.945 -16.207
3 16 -2.093 -13.776 -16.936 -1.649 -14.945 -16.207 -2.483 -14.567 -16.820
3 16 -3.065 -17.214 3.823 -2.916 -16.823 3.137 0.000 -16.847 3.634
3 16 -2.957 -17.669 2.700 0.000 -18.410 -1.218 0.000 -17.657 3.263
3 16 -1.875 -14.052 -17.722 0.000 -14.623 -17.019 -2.093 -13.776 -16.936
3 16 -2.093 -13.776 -16.936 0.000 -14.623 -17.019 0.000 -14.402 -15.960
3 16 -2.222 -14.772 -15.001 -1.649 -14.945 -16.207 0.000 -14.402 -15.960
3 16 -7.777 -15.611 -3.669 -10.857 -11.467 -1.473 -11.665 -11.087 -2.051
3 16 -7.298 -15.325 -3.043 -7.777 -15.611 -3.669 -2.695 -17.567 -5.871
3 16 -7.298 -15.325 -3.043 -2.695 -17.567 -5.871 -2.260 -17.083 -5.270
3 16 -7.298 -15.325 -3.043 -7.419 -16.196 -2.624 -10.061 -13.852 -1.398
3 16 -7.298 -15.325 -3.043 -10.061 -13.852 -1.398 -10.857 -11.467 -1.473
3 16 -7.777 -15.611 -3.669 -7.298 -15.325 -3.043 -10.857 -11.467 -1.473
3 16 -2.260 -17.083 -5.270 0.000 -17.824 -5.675 -2.315 -17.877 -4.751
3 16 -2.260 -17.083 -5.270 -2.695 -17.567 -5.871 -2.034 -17.579 -6.310
3 16 -2.260 -17.083 -5.270 -2.034 -17.579 -6.310 0.000 -17.047 -6.237
3 16 -2.315 -17.877 -4.751 -7.419 -16.196 -2.624 -7.298 -15.325 -3.043
3 16 -2.315 -17.877 -4.751 -7.298 -15.325 -3.043 -2.260 -17.083 -5.270
3 16 -2.260 -17.083 -5.270 0.000 -17.047 -6.237 0.000 -17.824 -5.675
3 16 -2.034 -17.579 -6.310 -2.616 -17.444 -6.691 -2.090 -16.832 -7.233
3 16 -2.034 -17.579 -6.310 -2.090 -16.832 -7.233 0.000 -17.047 -6.237
3 16 0.000 -17.047 -6.237 -2.090 -16.832 -7.233 -1.670 -17.328 -7.566
3 16 -11.775 -8.292 -7.367 -12.650 -8.066 -7.510 -10.635 -10.180 -10.199
3 16 -10.635 -10.180 -10.199 -12.650 -8.066 -7.510 -11.294 -10.508 -10.806
3 16 -10.635 -10.180 -10.199 -11.294 -10.508 -10.806 -9.571 -10.745 -10.623
3 16 -11.646 -11.553 -0.985 -12.110 -11.817 -1.566 -10.857 -11.467 -1.473
3 16 -2.916 -16.823 3.137 -2.957 -17.669 2.700 0.000 -17.657 3.263
3 16 -2.916 -16.823 3.137 0.000 -17.657 3.263 0.000 -16.847 3.634
3 16 0.000 -17.047 -6.237 -1.670 -17.328 -7.566 0.000 -17.584 -6.997
3 16 -11.904 -11.164 0.703 -12.645 -11.198 0.609 -11.646 -11.553 -0.985
3 16 -11.646 -11.553 -0.985 -12.645 -11.198 0.609 -12.110 -11.817 -1.566
3 16 -1.923 -11.008 -20.555 -4.916 -12.017 -19.240 -6.997 -9.019 -20.076
3 16 -1.923 -11.008 -20.555 -6.576 -7.933 -20.587 -2.057 -5.037 -21.471
3 16 -6.997 -9.019 -20.076 -6.576 -7.933 -20.587 -1.923 -11.008 -20.555
3 16 -1.875 -14.052 -17.722 -1.923 -11.008 -20.555 0.000 -11.010 -20.555
3 16 0.000 -11.010 -20.555 -1.923 -11.008 -20.555 -2.057 -5.037 -21.471
3 16 -6.576 -7.933 -20.587 -6.934 -7.846 -20.980 -2.101 -4.898 -21.851
3 16 -6.576 -7.933 -20.587 -2.101 -4.898 -21.851 -2.057 -5.037 -21.471
3 16 -6.576 -7.933 -20.587 -6.997 -9.019 -20.076 -6.934 -7.846 -20.980
3 16 -4.916 -12.017 -19.240 -1.923 -11.008 -20.555 -1.875 -14.052 -17.722
3 16 0.000 -4.875 -21.485 -2.057 -5.037 -21.471 -2.101 -4.898 -21.851
3 16 0.000 -4.875 -21.485 -2.101 -4.898 -21.851 0.000 -4.758 -21.951
3 16 -9.350 -12.900 10.495 -7.437 -12.418 7.465 -7.688 -12.112 10.362
3 16 -9.001 -13.047 11.657 -9.350 -12.900 10.495 -7.688 -12.112 10.362
3 16 -9.001 -13.047 11.657 -7.688 -12.112 10.362 -7.563 -12.313 11.560
3 16 -9.911 -12.516 10.640 -9.300 -13.418 7.158 -9.350 -12.900 10.495
3 16 -9.911 -12.516 10.640 -9.350 -12.900 10.495 -9.001 -13.047 11.657
3 16 -9.350 -12.900 10.495 -9.300 -13.418 7.158 -7.437 -12.418 7.465
3 16 -3.253 -17.080 4.431 -2.691 -16.016 4.786 -5.313 -14.922 4.819
3 16 -3.253 -17.080 4.431 -5.313 -14.922 4.819 -6.073 -16.149 4.467
3 16 -9.300 -13.418 7.158 -8.508 -14.331 5.710 -7.437 -12.418 7.465
3 16 -7.437 -12.418 7.465 -8.508 -14.331 5.710 -6.364 -14.100 5.196
3 16 -6.364 -14.100 5.196 -8.508 -14.331 5.710 -7.476 -15.274 4.833
3 16 -6.934 -7.846 -20.980 -6.997 -9.019 -20.076 -7.632 -9.405 -20.287
3 16 -12.199 -8.814 -3.853 -12.650 -8.066 -7.510 -11.775 -8.292 -7.367
3 16 -2.034 -17.579 -6.310 -2.695 -17.567 -5.871 -2.616 -17.444 -6.691
3 16 -2.030 -16.629 -11.063 -6.295 -14.788 -12.262 -2.118 -15.560 -14.594
3 16 -13.051 -8.604 -3.746 -11.665 -11.087 -2.051 -12.110 -11.817 -1.566
3 16 -12.110 -11.817 -1.566 -11.665 -11.087 -2.051 -10.857 -11.467 -1.473
3 16 -12.199 -8.814 -3.853 -13.051 -8.604 -3.746 -12.650 -8.066 -7.510
3 16 -6.422 -15.266 -9.618 -2.030 -16.629 -11.063 -1.670 -17.328 -7.566
3 16 0.000 -16.749 -11.116 -2.030 -16.629 -11.063 -2.118 -15.560 -14.594
3 16 0.000 -16.749 -11.116 -2.118 -15.560 -14.594 0.000 -15.310 -15.626
3 16 0.000 -16.749 -11.116 0.000 -17.584 -6.997 -1.670 -17.328 -7.566
3 16 0.000 -16.749 -11.116 -1.670 -17.328 -7.566 -2.030 -16.629 -11.063
3 16 -6.422 -15.266 -9.618 -6.295 -14.788 -12.262 -2.030 -16.629 -11.063
3 16 -9.632 -7.050 -18.319 -10.052 -6.872 -19.004 -7.923 -8.784 -19.500
3 16 -7.923 -8.784 -19.500 -10.052 -6.872 -19.004 -7.632 -9.405 -20.287
3 16 -7.923 -8.784 -19.500 -7.632 -9.405 -20.287 -6.819 -9.634 -19.236
3 16 -7.632 -9.405 -20.287 -6.997 -9.019 -20.076 -6.819 -9.634 -19.236
3 16 -10.894 -6.482 -15.699 -11.183 -7.616 -12.961 -11.734 -7.553 -12.973
3 16 -10.894 -6.482 -15.699 -11.734 -7.553 -12.973 -11.403 -6.321 -15.851
3 16 -11.734 -7.553 -12.973 -10.541 -10.205 -11.099 -11.294 -10.508 -10.806
3 16 -11.294 -10.508 -10.806 -10.541 -10.205 -11.099 -9.571 -10.745 -10.623
3 16 -12.199 -8.814 -3.853 -11.665 -11.087 -2.051 -13.051 -8.604 -3.746
3 16 -9.632 -7.050 -18.319 -10.894 -6.482 -15.699 -11.403 -6.321 -15.851
3 16 -9.632 -7.050 -18.319 -11.403 -6.321 -15.851 -10.052 -6.872 -19.004
3 16 -11.183 -7.616 -12.961 -10.541 -10.205 -11.099 -11.734 -7.553 -12.973
2 24 -6.847 -8.589 -12.888 0.000 -10.315 -16.366
2 24 0.000 -12.802 13.642 -4.693 -11.554 12.843
2 24 -8.092 -8.486 9.684 -8.287 -8.287 7.624
2 24 -7.855 -8.328 -10.303 -6.847 -8.589 -12.888
2 24 -8.287 -8.287 7.624 -9.103 -8.019 0.015
2 24 0.000 3.064 -18.734 -5.867 3.064 -18.203
2 24 -9.103 -8.019 0.015 -7.855 -8.328 -10.303
2 24 -11.441 3.064 -2.819 -11.486 3.064 3.331
2 24 -4.693 -11.554 12.843 -8.092 -8.486 9.684
2 24 0.000 3.064 -21.774 -6.769 3.064 -21.199
2 24 0.000 -17.047 -6.237 -2.034 -17.579 -6.310
2 24 -2.034 -17.579 -6.310 -2.695 -17.567 -5.871
2 24 -2.260 -17.083 -5.270 0.000 -17.047 -6.237
2 24 -2.315 -17.877 -4.751 0.000 -17.824 -5.675
2 24 -2.260 -17.083 -5.270 -7.298 -15.325 -3.043
2 24 -7.419 -16.196 -2.624 -2.315 -17.877 -4.751
2 24 -2.695 -17.567 -5.871 -7.777 -15.611 -3.669
2 24 -11.665 -11.087 -2.051 -10.857 -11.467 -1.473
2 24 -7.777 -15.611 -3.669 -11.665 -11.087 -2.051
2 24 -10.857 -11.467 -1.473 -7.298 -15.325 -3.043
2 24 -10.857 -11.467 -1.473 -10.061 -13.852 -1.398
2 24 -10.061 -13.852 -1.398 -7.419 -16.196 -2.624
2 24 -2.916 -16.823 3.137 0.000 -16.847 3.634
2 24 0.000 -17.657 3.263 -2.957 -17.669 2.700
2 24 -10.857 -11.467 -1.473 -12.110 -11.817 -1.566
2 24 -11.646 -11.553 -0.985 -10.857 -11.467 -1.473
2 24 -12.110 -11.817 -1.566 -12.645 -11.198 0.609
2 24 -11.904 -11.164 0.703 -11.646 -11.553 -0.985
2 24 0.000 -17.584 -6.997 -1.670 -17.328 -7.566
2 24 -2.090 -16.832 -7.233 0.000 -17.047 -6.237
2 24 -2.616 -17.444 -6.691 -2.034 -17.579 -6.310
2 24 -9.571 -10.745 -10.623 -11.294 -10.508 -10.806
2 24 -10.635 -10.180 -10.199 -9.571 -10.745 -10.623
2 24 -11.294 -10.508 -10.806 -12.650 -8.066 -7.510
2 24 -11.775 -8.292 -7.367 -10.635 -10.180 -10.199
2 24 0.000 -14.402 -15.960 -1.649 -14.945 -16.207
2 24 -2.222 -14.772 -15.001 0.000 -14.402 -15.960
2 24 -1.649 -14.945 -16.207 -2.650 -15.117 -15.520
2 24 -2.118 -15.560 -14.594 0.000 -15.310 -15.626
2 24 -9.571 -10.745 -10.623 -6.133 -14.030 -12.857
2 24 -6.552 -14.251 -13.326 -10.541 -10.205 -11.099
2 24 -10.541 -10.205 -11.099 -9.571 -10.745 -10.623
2 24 -8.686 -13.140 -10.781 -6.295 -14.788 -12.262
2 24 -9.571 -10.745 -10.623 -8.686 -13.140 -10.781
2 24 -2.222 -14.772 -15.001 -6.133 -14.030 -12.857
2 24 -6.295 -14.788 -12.262 -2.118 -15.560 -14.594
2 24 -2.650 -15.117 -15.520 -6.552 -14.251 -13.326
2 24 -3.065 -17.214 3.823 0.000 -17.282 4.479
2 24 -2.483 -14.567 -16.820 -1.649 -14.945 -16.207
2 24 0.000 -14.402 -15.960 -2.093 -13.776 -16.936
2 24 0.000 -14.623 -17.019 -1.875 -14.052 -17.722
2 24 -7.327 -16.287 0.570 -2.957 -17.669 2.700
2 24 -6.422 -15.266 -9.618 -1.670 -17.328 -7.566
2 24 -12.199 -8.814 -3.853 -11.775 -8.292 -7.367
2 24 -12.650 -8.066 -7.510 -13.051 -8.604 -3.746
2 24 -13.051 -8.604 -3.746 -12.110 -11.817 -1.566
2 24 -4.482 -4.279 20.687 0.000 -4.466 21.198
2 24 -12.641 3.064 13.668 -12.210 1.103 14.497
2 24 -8.290 -15.482 14.053 -4.876 -17.191 15.738
2 24 0.000 -16.378 4.711 -2.691 -16.016 4.786
2 24 -10.667 -13.311 11.514 -8.290 -15.482 14.053
2 24 -14.040 3.064 7.702 -12.641 3.064 13.668
2 24 -4.876 -17.191 15.738 0.000 -17.823 16.146
2 24 -5.628 -12.468 -18.412 -7.923 -8.784 -19.500
2 24 -10.635 -10.180 -10.199 -7.100 -15.124 -8.605
2 24 -6.422 -15.266 -9.618 -8.686 -13.140 -10.781
2 24 -4.436 -14.927 14.253 0.000 -15.752 14.818
2 24 -5.028 -11.899 -18.384 -6.819 -9.634 -19.236
2 24 -2.483 -14.567 -16.820 -5.628 -12.468 -18.412
2 24 -12.235 -11.394 8.250 -10.667 -13.311 11.514
2 24 -4.916 -12.017 -19.240 -1.875 -14.052 -17.722
2 24 -3.253 -17.080 4.431 -6.073 -16.149 4.467
2 24 -6.997 -9.019 -20.076 -4.916 -12.017 -19.240
2 24 -11.183 -7.616 -12.961 -10.894 -6.482 -15.699
2 24 -2.057 -5.037 -21.471 0.000 -4.875 -21.485
2 24 0.000 -4.758 -21.951 -2.101 -4.898 -21.851
2 24 -6.934 -7.846 -20.980 -7.632 -9.405 -20.287
2 24 -6.576 -7.933 -20.587 -2.057 -5.037 -21.471
2 24 -12.645 -11.198 0.609 -12.954 -10.655 4.369
2 24 -12.954 -10.655 4.369 -12.235 -11.394 8.250
2 24 -6.819 -9.634 -19.236 -6.997 -9.019 -20.076
2 24 -6.997 -9.019 -20.076 -6.576 -7.933 -20.587
2 24 -2.101 -4.898 -21.851 -6.934 -7.846 -20.980
2 24 -5.940 -0.441 17.389 -3.218 -1.326 18.732
2 24 -12.641 3.064 13.668 -10.484 3.064 12.794
2 24 -3.218 -1.326 18.732 0.000 -1.509 19.101
2 24 -9.395 3.064 -15.821 -10.480 3.064 -13.436
2 24 -5.867 3.064 -18.203 -8.074 3.064 -17.117
2 24 -11.486 3.064 3.331 -10.484 3.064 12.794
2 24 -5.803 -0.670 16.915 0.000 -1.500 18.068
2 24 -2.093 -13.776 -16.936 -5.028 -11.899 -18.384
2 24 -11.904 -11.164 0.703 -12.021 -10.656 4.212
2 24 -7.563 -12.313 11.560 -6.798 -13.304 12.680
2 24 -8.732 1.347 15.051 -5.803 -0.670 16.915
2 24 -7.821 -3.068 18.848 -4.482 -4.279 20.687
2 24 -12.021 -10.656 4.212 -11.411 -11.167 7.641
2 24 -10.480 3.064 -13.436 -11.441 3.064 -2.819
2 24 -14.202 3.064 -3.041 -14.442 3.064 3.232
2 24 -8.732 1.347 15.051 -5.940 -0.441 17.389
2 24 -14.442 3.064 3.232 -14.040 3.064 7.702
2 24 -6.798 -13.304 12.680 -4.436 -14.927 14.253
2 24 -13.714 3.064 -8.533 -14.202 3.064 -3.041
2 24 -12.601 3.064 -14.760 -13.714 3.064 -8.533
2 24 -12.210 1.103 14.497 -10.704 -0.905 16.269
2 24 -9.350 3.064 -19.933 -11.347 3.064 -17.642
2 24 -10.484 3.064 12.794 -8.732 1.347 15.051
2 24 -8.074 3.064 -17.117 -9.395 3.064 -15.821
2 24 -10.704 -0.905 16.269 -7.821 -3.068 18.848
2 24 -6.769 3.064 -21.199 -9.350 3.064 -19.933
2 24 -11.347 3.064 -17.642 -12.601 3.064 -14.760
2 24 -7.563 -12.313 11.560 -7.688 -12.112 10.362
2 24 -9.001 -13.047 11.657 -7.563 -12.313 11.560
2 24 -10.857 -11.467 -1.473 -7.158 -15.556 1.124
2 24 -11.646 -11.553 -0.985 -7.572 -15.987 1.753
2 24 -7.476 -15.274 4.833 -8.508 -14.331 5.710
2 24 -7.437 -12.418 7.465 -6.364 -14.100 5.196
2 24 -8.508 -14.331 5.710 -9.300 -13.418 7.158
2 24 -7.327 -16.287 0.570 -10.061 -13.852 -1.398
2 24 -2.090 -16.832 -7.233 -6.286 -14.817 -9.115
2 24 -3.253 -17.080 4.431 0.000 -17.282 4.479
2 24 -2.616 -17.444 -6.691 -7.100 -15.124 -8.605
2 24 -6.286 -14.817 -9.115 -9.571 -10.745 -10.623
2 24 -6.364 -14.100 5.196 -5.313 -14.922 4.819
2 24 -6.073 -16.149 4.467 -7.476 -15.274 4.833
2 24 -2.916 -16.823 3.137 -7.158 -15.556 1.124
2 24 -7.572 -15.987 1.753 -3.065 -17.214 3.823
2 24 -10.052 -6.872 -19.004 -11.403 -6.321 -15.851
2 24 -10.894 -6.482 -15.699 -9.632 -7.050 -18.319
2 24 -7.632 -9.405 -20.287 -10.052 -6.872 -19.004
2 24 -11.403 -6.321 -15.851 -11.734 -7.553 -12.973
2 24 -11.734 -7.553 -12.973 -11.294 -10.508 -10.806
2 24 -9.632 -7.050 -18.319 -7.923 -8.784 -19.500
2 24 -10.541 -10.205 -11.099 -11.183 -7.616 -12.961
2 24 -11.665 -11.087 -2.051 -12.199 -8.814 -3.853
2 24 -9.300 -13.418 7.158 -9.350 -12.900 10.495
2 24 -9.350 -12.900 10.495 -9.001 -13.047 11.657
2 24 -9.911 -12.516 10.640 -9.001 -13.047 11.657
2 24 -11.411 -11.167 7.641 -9.911 -12.516 10.640
2 24 -7.923 -8.784 -19.500 -6.819 -9.634 -19.236
2 24 -6.819 -9.634 -19.236 -7.632 -9.405 -20.287
2 24 -7.688 -12.112 10.362 -7.437 -12.418 7.465
2 24 -5.313 -14.922 4.819 -2.691 -16.016 4.786
2 24 0.000 -11.478 17.841 -5.549 -10.232 16.278
