0 FILE 24246p08.dat
0 Tile, Round 1 x 1 Half Circle Extended with Coral Heart on Yellow Background Pattern
0 Name:  24246p08.dat
0 Author:  
0 BL_Item_No 24246pb004
0 BFC CERTIFY CCW
3 16 -10.000 0.000 10.000 -5.500 0.000 9.000 6.300 0.000 9.000
3 16 6.300 0.000 9.000 10.000 0.000 10.000 -10.000 0.000 10.000
3 16 10.000 0.000 10.000 6.300 0.000 9.000 7.400 0.000 9.000
3 16 10.000 0.000 10.000 7.400 0.000 9.000 9.000 0.000 9.000
3 16 9.000 0.000 9.000 9.100 0.000 6.500 10.000 0.000 0.000
3 16 10.000 0.000 0.000 10.000 0.000 10.000 9.000 0.000 9.000
3 16 9.100 0.000 6.500 9.000 0.000 0.000 10.000 0.000 0.000
3 16 -10.000 0.000 10.000 -6.800 0.000 9.000 -5.500 0.000 9.000
3 16 -10.000 0.000 10.000 -9.000 0.000 9.000 -6.800 0.000 9.000
3 16 -9.000 0.000 9.000 -10.000 0.000 10.000 -10.000 0.000 0.000
3 16 -10.000 0.000 0.000 -9.000 0.000 4.900 -9.000 0.000 9.000
3 16 -9.000 0.000 4.900 -10.000 0.000 0.000 -9.000 0.000 0.000
3 0 -4.000 0.000 0.300 -4.600 0.000 -0.100 -4.000 0.000 -0.700
3 0 -4.000 0.000 -0.700 -3.600 0.000 0.200 -4.000 0.000 0.300
3 0 -4.600 0.000 -0.100 -4.900 0.000 -0.900 -4.000 0.000 -1.600
3 0 -4.000 0.000 -1.600 -4.000 0.000 -0.700 -4.600 0.000 -0.100
3 0 -4.900 0.000 -0.900 -5.000 0.000 -2.100 -3.700 0.000 -2.300
3 0 -3.700 0.000 -2.300 -4.000 0.000 -1.600 -4.900 0.000 -0.900
3 0 -5.000 0.000 -2.100 -4.800 0.000 -3.000 -3.300 0.000 -2.900
3 0 -3.300 0.000 -2.900 -3.700 0.000 -2.300 -5.000 0.000 -2.100
3 0 -4.800 0.000 -3.000 -4.000 0.000 -3.500 -2.800 0.000 -3.300
3 0 -2.800 0.000 -3.300 -3.300 0.000 -2.900 -4.800 0.000 -3.000
3 0 -2.800 0.000 -3.300 -4.000 0.000 -3.500 -3.100 0.000 -3.600
3 353 0.600 0.000 5.600 -1.800 0.000 4.000 0.400 0.000 -1.700
3 353 0.400 0.000 -1.700 2.900 0.000 4.000 0.600 0.000 5.600
3 353 0.400 0.000 -1.700 -1.800 0.000 4.000 -4.000 0.000 2.100
3 353 -4.000 0.000 2.100 -3.600 0.000 0.200 0.400 0.000 -1.700
3 353 -4.000 0.000 2.100 -4.000 0.000 0.300 -3.600 0.000 0.200
3 353 -4.000 0.000 2.100 -5.400 0.000 0.500 -4.600 0.000 -0.100
3 353 -4.600 0.000 -0.100 -4.000 0.000 0.300 -4.000 0.000 2.100
3 353 -5.400 0.000 0.500 -6.100 0.000 -0.700 -4.900 0.000 -0.900
3 353 -4.900 0.000 -0.900 -4.600 0.000 -0.100 -5.400 0.000 0.500
3 353 -6.100 0.000 -0.700 -6.300 0.000 -1.900 -5.000 0.000 -2.100
3 353 -5.000 0.000 -2.100 -4.900 0.000 -0.900 -6.100 0.000 -0.700
3 353 -6.300 0.000 -1.900 -6.100 0.000 -3.000 -4.800 0.000 -3.000
3 353 -4.800 0.000 -3.000 -5.000 0.000 -2.100 -6.300 0.000 -1.900
3 353 -6.100 0.000 -3.000 -5.400 0.000 -3.800 -4.000 0.000 -3.500
3 353 -4.000 0.000 -3.500 -4.800 0.000 -3.000 -6.100 0.000 -3.000
3 353 -5.400 0.000 -3.800 -4.400 0.000 -4.500 -3.100 0.000 -3.600
3 353 -3.100 0.000 -3.600 -4.000 0.000 -3.500 -5.400 0.000 -3.800
3 353 -4.400 0.000 -4.500 -3.500 0.000 -4.700 -2.400 0.000 -4.600
3 353 -2.400 0.000 -4.600 -3.100 0.000 -3.600 -4.400 0.000 -4.500
3 353 -3.100 0.000 -3.600 -2.400 0.000 -4.600 -1.100 0.000 -3.700
3 353 -1.100 0.000 -3.700 -2.800 0.000 -3.300 -3.100 0.000 -3.600
3 353 -1.100 0.000 -3.700 -3.600 0.000 0.200 -4.000 0.000 -0.700
3 353 -4.000 0.000 -0.700 -2.800 0.000 -3.300 -1.100 0.000 -3.700
3 353 -2.800 0.000 -3.300 -4.000 0.000 -0.700 -3.700 0.000 -2.300
3 353 -3.700 0.000 -2.300 -3.300 0.000 -2.900 -2.800 0.000 -3.300
3 353 -4.000 0.000 -0.700 -4.000 0.000 -1.600 -3.700 0.000 -2.300
3 353 -1.100 0.000 -3.700 -0.300 0.000 -2.800 0.400 0.000 -1.700
3 353 0.400 0.000 -1.700 -3.600 0.000 0.200 -1.100 0.000 -3.700
3 353 0.400 0.000 -1.700 1.400 0.000 -2.700 4.700 0.000 2.000
3 353 4.700 0.000 2.000 2.900 0.000 4.000 0.400 0.000 -1.700
3 353 1.400 0.000 -2.700 2.500 0.000 -3.500 5.800 0.000 0.400
3 353 5.800 0.000 0.400 4.700 0.000 2.000 1.400 0.000 -2.700
3 353 2.500 0.000 -3.500 3.700 0.000 -3.600 6.100 0.000 -0.600
3 353 6.100 0.000 -0.600 5.800 0.000 0.400 2.500 0.000 -3.500
3 353 3.700 0.000 -3.600 4.900 0.000 -3.100 6.100 0.000 -1.500
3 353 6.100 0.000 -1.500 6.100 0.000 -0.600 3.700 0.000 -3.600
3 353 6.100 0.000 -1.500 4.900 0.000 -3.100 5.700 0.000 -2.500
3 0 0.400 0.000 6.500 0.600 0.000 5.600 2.900 0.000 4.000
3 0 2.900 0.000 4.000 1.100 0.000 6.500 0.400 0.000 6.500
3 0 1.100 0.000 6.500 2.900 0.000 4.000 4.700 0.000 2.000
3 0 4.700 0.000 2.000 3.600 0.000 4.500 1.100 0.000 6.500
3 0 3.600 0.000 4.500 4.700 0.000 2.000 5.800 0.000 0.400
3 0 5.800 0.000 0.400 5.500 0.000 2.300 3.600 0.000 4.500
3 0 5.500 0.000 2.300 5.800 0.000 0.400 6.100 0.000 -0.600
3 0 6.100 0.000 -0.600 6.600 0.000 0.700 5.500 0.000 2.300
3 0 6.600 0.000 0.700 6.100 0.000 -0.600 6.100 0.000 -1.500
3 0 6.100 0.000 -1.500 6.900 0.000 -0.700 6.600 0.000 0.700
3 0 6.900 0.000 -0.700 6.100 0.000 -1.500 5.700 0.000 -2.500
3 0 5.700 0.000 -2.500 6.600 0.000 -2.100 6.900 0.000 -0.700
3 0 6.600 0.000 -2.100 5.700 0.000 -2.500 4.900 0.000 -3.100
3 0 4.900 0.000 -3.100 6.000 0.000 -3.200 6.600 0.000 -2.100
3 0 6.000 0.000 -3.200 4.900 0.000 -3.100 3.700 0.000 -3.600
3 0 3.700 0.000 -3.600 5.000 0.000 -3.900 6.000 0.000 -3.200
3 0 5.000 0.000 -3.900 3.700 0.000 -3.600 2.500 0.000 -3.500
3 0 2.500 0.000 -3.500 3.700 0.000 -4.300 5.000 0.000 -3.900
3 0 3.700 0.000 -4.300 2.500 0.000 -3.500 1.400 0.000 -3.700
3 0 1.400 0.000 -3.700 2.300 0.000 -4.200 3.700 0.000 -4.300
3 0 2.500 0.000 -3.500 1.400 0.000 -2.700 0.600 0.000 -2.900
3 0 0.600 0.000 -2.900 1.400 0.000 -3.700 2.500 0.000 -3.500
3 0 1.400 0.000 -2.700 0.400 0.000 -1.700 -0.300 0.000 -2.800
3 0 -0.300 0.000 -2.800 0.600 0.000 -2.900 1.400 0.000 -2.700
3 0 0.600 0.000 -2.900 -0.300 0.000 -2.800 -1.100 0.000 -3.700
3 0 -1.100 0.000 -3.700 -0.300 0.000 -4.200 0.600 0.000 -2.900
3 0 -0.300 0.000 -4.200 -1.100 0.000 -3.700 -2.400 0.000 -4.600
3 0 -2.400 0.000 -4.600 -1.300 0.000 -4.800 -0.300 0.000 -4.200
3 0 -1.300 0.000 -4.800 -2.400 0.000 -4.600 -3.500 0.000 -4.700
3 0 -3.500 0.000 -4.700 -2.500 0.000 -5.300 -1.300 0.000 -4.800
3 0 -2.500 0.000 -5.300 -3.500 0.000 -4.700 -4.400 0.000 -4.500
3 0 -4.400 0.000 -4.500 -3.700 0.000 -5.400 -2.500 0.000 -5.300
3 0 -3.700 0.000 -5.400 -4.400 0.000 -4.500 -5.400 0.000 -3.800
3 0 -5.400 0.000 -3.800 -4.900 0.000 -5.100 -3.700 0.000 -5.400
3 0 -4.900 0.000 -5.100 -5.400 0.000 -3.800 -6.100 0.000 -3.000
3 0 -6.100 0.000 -3.000 -5.900 0.000 -4.400 -4.900 0.000 -5.100
3 0 -5.900 0.000 -4.400 -6.100 0.000 -3.000 -6.300 0.000 -1.900
3 0 -6.300 0.000 -1.900 -6.600 0.000 -3.500 -5.900 0.000 -4.400
3 0 -6.600 0.000 -3.500 -6.300 0.000 -1.900 -6.900 0.000 -0.800
3 0 -6.900 0.000 -0.800 -7.000 0.000 -2.100 -6.600 0.000 -3.500
3 0 -6.300 0.000 -1.900 -6.100 0.000 -0.700 -6.400 0.000 0.400
3 0 -6.400 0.000 0.400 -6.900 0.000 -0.800 -6.300 0.000 -1.900
3 0 -6.100 0.000 -0.700 -5.400 0.000 0.500 -5.400 0.000 1.800
3 0 -5.400 0.000 1.800 -6.400 0.000 0.400 -6.100 0.000 -0.700
3 0 -5.400 0.000 0.500 -4.000 0.000 2.100 -3.600 0.000 3.600
3 0 -3.600 0.000 3.600 -5.400 0.000 1.800 -5.400 0.000 0.500
3 0 -4.000 0.000 2.100 -1.800 0.000 4.000 -1.700 0.000 5.200
3 0 -1.700 0.000 5.200 -3.600 0.000 3.600 -4.000 0.000 2.100
3 0 -1.800 0.000 4.000 0.600 0.000 5.600 0.400 0.000 6.500
3 0 0.400 0.000 6.500 -1.700 0.000 5.200 -1.800 0.000 4.000
3 15 -8.100 0.000 0.000 -8.100 0.000 3.800 -9.000 0.000 4.900
3 15 -9.000 0.000 4.900 -9.000 0.000 0.000 -8.100 0.000 0.000
3 15 -9.000 0.000 4.900 -8.100 0.000 3.800 -7.200 0.000 3.600
3 15 -7.200 0.000 3.600 -7.900 0.000 4.700 -9.000 0.000 4.900
3 15 -7.200 0.000 3.600 -6.900 0.000 6.400 -7.700 0.000 7.500
3 15 -7.700 0.000 7.500 -7.900 0.000 4.700 -7.200 0.000 3.600
3 15 -7.700 0.000 7.500 -6.900 0.000 6.400 -4.400 0.000 5.800
3 15 -4.400 0.000 5.800 -5.800 0.000 7.100 -7.700 0.000 7.500
3 15 -4.400 0.000 5.800 -5.500 0.000 9.000 -6.800 0.000 9.000
3 15 -6.800 0.000 9.000 -5.800 0.000 7.100 -4.400 0.000 5.800
3 15 8.100 0.000 0.000 9.000 0.000 0.000 9.100 0.000 6.500
3 15 9.100 0.000 6.500 8.100 0.000 5.500 8.100 0.000 0.000
3 15 9.100 0.000 6.500 7.000 0.000 6.300 5.800 0.000 5.000
3 15 5.800 0.000 5.000 8.100 0.000 5.500 9.100 0.000 6.500
3 15 5.800 0.000 5.000 7.000 0.000 6.300 7.400 0.000 9.000
3 15 7.400 0.000 9.000 6.300 0.000 9.000 5.800 0.000 5.000
3 15 -0.700 0.000 -5.000 -1.700 0.000 -6.200 -0.700 0.000 -6.700
3 15 1.100 0.000 -4.500 1.200 0.000 -6.500 2.700 0.000 -5.900
3 15 6.600 0.000 4.500 5.800 0.000 3.000 7.400 0.000 3.800
3 15 -0.600 0.000 8.700 -1.700 0.000 8.700 -1.100 0.000 7.100
3 15 -5.900 0.000 4.700 -6.800 0.000 3.900 -5.400 0.000 3.200
3 353 3.700 0.000 8.300 3.400 0.000 5.900 5.100 0.000 7.900
3 353 -3.000 0.000 8.100 -4.200 0.000 7.400 -2.800 0.000 5.900
3 14 -1.700 0.000 8.700 -0.600 0.000 8.700 6.300 0.000 9.000
3 14 6.300 0.000 9.000 -5.500 0.000 9.000 -1.700 0.000 8.700
3 14 6.300 0.000 9.000 -0.600 0.000 8.700 3.700 0.000 8.300
3 14 6.300 0.000 9.000 3.700 0.000 8.300 5.100 0.000 7.900
3 14 6.300 0.000 9.000 5.100 0.000 7.900 3.400 0.000 5.900
3 14 3.400 0.000 5.900 5.800 0.000 5.000 6.300 0.000 9.000
3 14 3.400 0.000 5.900 3.600 0.000 4.500 5.800 0.000 3.000
3 14 5.800 0.000 3.000 5.800 0.000 5.000 3.400 0.000 5.900
3 14 5.800 0.000 5.000 5.800 0.000 3.000 6.600 0.000 4.500
3 14 8.100 0.000 5.500 5.800 0.000 5.000 6.600 0.000 4.500
3 14 8.100 0.000 5.500 6.600 0.000 4.500 7.400 0.000 3.800
3 14 8.100 0.000 5.500 7.400 0.000 3.800 6.600 0.000 0.700
3 14 6.600 0.000 0.700 8.100 0.000 0.000 8.100 0.000 5.500
3 14 7.400 0.000 3.800 5.800 0.000 3.000 5.500 0.000 2.300
3 14 5.500 0.000 2.300 6.600 0.000 0.700 7.400 0.000 3.800
3 14 3.600 0.000 4.500 5.500 0.000 2.300 5.800 0.000 3.000
3 14 6.600 0.000 0.700 6.900 0.000 -0.700 7.484 0.000 -3.100
3 14 7.484 0.000 -3.100 8.100 0.000 0.000 6.600 0.000 0.700
3 14 6.900 0.000 -0.700 6.600 0.000 -2.100 7.484 0.000 -3.100
3 14 6.600 0.000 -2.100 6.000 0.000 -3.200 5.728 0.000 -5.728
3 14 5.728 0.000 -5.728 7.484 0.000 -3.100 6.600 0.000 -2.100
3 14 6.000 0.000 -3.200 5.000 0.000 -3.900 5.728 0.000 -5.728
3 14 5.000 0.000 -3.900 3.700 0.000 -4.300 2.700 0.000 -5.900
3 14 2.700 0.000 -5.900 5.728 0.000 -5.728 5.000 0.000 -3.900
3 14 5.728 0.000 -5.728 2.700 0.000 -5.900 1.200 0.000 -6.500
3 14 1.200 0.000 -6.500 3.100 0.000 -7.484 5.728 0.000 -5.728
3 14 3.100 0.000 -7.484 1.200 0.000 -6.500 -0.700 0.000 -6.700
3 14 -0.700 0.000 -6.700 0.000 0.000 -8.100 3.100 0.000 -7.484
3 14 0.000 0.000 -8.100 -0.700 0.000 -6.700 -1.700 0.000 -6.200
3 14 -1.700 0.000 -6.200 -3.100 0.000 -7.484 0.000 0.000 -8.100
3 14 -3.100 0.000 -7.484 -1.700 0.000 -6.200 -1.300 0.000 -4.800
3 14 -1.300 0.000 -4.800 -2.500 0.000 -5.300 -3.100 0.000 -7.484
3 14 -1.700 0.000 -6.200 -0.700 0.000 -5.000 -0.300 0.000 -4.200
3 14 -0.300 0.000 -4.200 -1.300 0.000 -4.800 -1.700 0.000 -6.200
3 14 -0.300 0.000 -4.200 -0.700 0.000 -5.000 -0.700 0.000 -6.700
3 14 -0.700 0.000 -6.700 1.100 0.000 -4.500 -0.300 0.000 -4.200
3 14 1.100 0.000 -4.500 -0.700 0.000 -6.700 1.200 0.000 -6.500
3 14 -0.300 0.000 -4.200 1.100 0.000 -4.500 1.400 0.000 -3.700
3 14 1.400 0.000 -3.700 0.600 0.000 -2.900 -0.300 0.000 -4.200
3 14 1.400 0.000 -3.700 1.100 0.000 -4.500 2.700 0.000 -5.900
3 14 2.700 0.000 -5.900 2.300 0.000 -4.200 1.400 0.000 -3.700
3 14 2.300 0.000 -4.200 2.700 0.000 -5.900 3.700 0.000 -4.300
3 14 -2.500 0.000 -5.300 -3.700 0.000 -5.400 -3.100 0.000 -7.484
3 14 -3.700 0.000 -5.400 -4.900 0.000 -5.100 -5.728 0.000 -5.728
3 14 -5.728 0.000 -5.728 -3.100 0.000 -7.484 -3.700 0.000 -5.400
3 14 -5.900 0.000 -4.400 -5.728 0.000 -5.728 -4.900 0.000 -5.100
3 14 -5.900 0.000 -4.400 -6.600 0.000 -3.500 -7.484 0.000 -3.100
3 14 -7.484 0.000 -3.100 -5.728 0.000 -5.728 -5.900 0.000 -4.400
3 14 -6.600 0.000 -3.500 -7.000 0.000 -2.100 -8.100 0.000 0.000
3 14 -8.100 0.000 0.000 -7.484 0.000 -3.100 -6.600 0.000 -3.500
3 14 -8.100 0.000 0.000 -7.000 0.000 -2.100 -6.900 0.000 -0.800
3 14 -6.400 0.000 0.400 -8.100 0.000 0.000 -6.900 0.000 -0.800
3 14 -6.400 0.000 0.400 -5.400 0.000 1.800 -5.400 0.000 3.200
3 14 -5.400 0.000 3.200 -8.100 0.000 0.000 -6.400 0.000 0.400
3 14 -8.100 0.000 0.000 -5.400 0.000 3.200 -6.800 0.000 3.900
3 14 -6.800 0.000 3.900 -7.200 0.000 3.600 -8.100 0.000 0.000
3 14 -8.100 0.000 3.800 -8.100 0.000 0.000 -7.200 0.000 3.600
3 14 -7.200 0.000 3.600 -6.800 0.000 3.900 -5.900 0.000 4.700
3 14 -5.900 0.000 4.700 -6.900 0.000 6.400 -7.200 0.000 3.600
3 14 -6.900 0.000 6.400 -5.900 0.000 4.700 -4.400 0.000 5.800
3 14 -5.900 0.000 4.700 -5.400 0.000 3.200 -3.600 0.000 3.600
3 14 -3.600 0.000 3.600 -4.400 0.000 5.800 -5.900 0.000 4.700
3 14 -3.600 0.000 3.600 -5.400 0.000 3.200 -5.400 0.000 1.800
3 14 -3.600 0.000 3.600 -2.800 0.000 5.900 -4.200 0.000 7.400
3 14 -4.200 0.000 7.400 -4.400 0.000 5.800 -3.600 0.000 3.600
3 14 -5.500 0.000 9.000 -4.400 0.000 5.800 -4.200 0.000 7.400
3 14 -5.500 0.000 9.000 -4.200 0.000 7.400 -3.000 0.000 8.100
3 14 -5.500 0.000 9.000 -3.000 0.000 8.100 -1.700 0.000 8.700
3 14 -1.700 0.000 8.700 -3.000 0.000 8.100 -2.800 0.000 5.900
3 14 -2.800 0.000 5.900 -1.100 0.000 7.100 -1.700 0.000 8.700
3 14 -1.100 0.000 7.100 -2.800 0.000 5.900 -3.600 0.000 3.600
3 14 -3.600 0.000 3.600 -1.700 0.000 5.200 -1.100 0.000 7.100
3 14 -1.100 0.000 7.100 -1.700 0.000 5.200 0.400 0.000 6.500
3 14 -1.100 0.000 7.100 0.400 0.000 6.500 1.100 0.000 6.500
3 14 1.100 0.000 6.500 -0.600 0.000 8.700 -1.100 0.000 7.100
3 14 -0.600 0.000 8.700 1.100 0.000 6.500 3.400 0.000 5.900
3 14 3.400 0.000 5.900 3.700 0.000 8.300 -0.600 0.000 8.700
3 14 1.100 0.000 6.500 3.600 0.000 4.500 3.400 0.000 5.900
3 10049 -9.000 0.000 9.000 -7.700 0.000 7.500 -5.800 0.000 7.100
3 10049 -5.800 0.000 7.100 -6.800 0.000 9.000 -9.000 0.000 9.000
3 10049 -9.000 0.000 9.000 -9.000 0.000 4.900 -7.900 0.000 4.700
3 10049 -7.900 0.000 4.700 -7.700 0.000 7.500 -9.000 0.000 9.000
3 10049 9.000 0.000 9.000 7.400 0.000 9.000 7.000 0.000 6.300
3 10049 7.000 0.000 6.300 9.100 0.000 6.500 9.000 0.000 9.000
1 16 0.0000 0.0000 0.0000 1.0000 0.0000 0.0000 0.0000 1.0000 0.0000 0.0000 0.0000 1.0000 s/24246s02.dat
1 16 0.0000 0.0000 0.0000 -1.0000 0.0000 0.0000 0.0000 1.0000 0.0000 0.0000 0.0000 -1.0000 2-4ring9.dat
1 15 0.0000 0.0000 0.0000 -0.9000 0.0000 0.0000 0.0000 1.0000 0.0000 0.0000 0.0000 -0.9000 2-4ring9.dat
1 14 0.0000 0.0000 0.0000 -8.1000 0.0000 0.0000 0.0000 1.0000 0.0000 0.0000 0.0000 -8.1000 2-4ering.dat
