0 FILE 2431pb537.dat
0 Tile 1 x 4 with Black Eyelashes Pattern
0 Name:  2431pb537.dat
0 Author:  
0 BL_Item_No 2431pb537
0 BFC CERTIFY CCW
3 16 40.000 0.000 10.000 33.600 0.000 8.100 34.300 0.000 5.700
3 16 34.100 0.000 2.400 38.800 0.000 0.400 40.000 0.000 10.000
3 16 40.000 0.000 10.000 34.300 0.000 5.700 34.100 0.000 2.400
3 16 40.000 0.000 10.000 38.800 0.000 0.400 39.100 0.000 -1.400
3 16 39.100 0.000 -1.400 40.000 0.000 -10.000 40.000 0.000 10.000
3 16 40.000 0.000 -10.000 39.100 0.000 -1.400 38.800 0.000 -2.500
3 16 40.000 0.000 -10.000 38.800 0.000 -2.500 38.100 0.000 -4.100
3 16 40.000 0.000 -10.000 38.100 0.000 -4.100 37.300 0.000 -5.400
3 16 40.000 0.000 -10.000 37.300 0.000 -5.400 36.400 0.000 -6.600
3 16 40.000 0.000 -10.000 36.400 0.000 -6.600 35.100 0.000 -8.000
3 16 35.100 0.000 -8.000 32.600 0.000 -8.000 40.000 0.000 -10.000
3 16 40.000 0.000 -10.000 32.600 0.000 -8.000 30.700 0.000 -8.000
3 16 40.000 0.000 -10.000 30.700 0.000 -8.000 29.000 0.000 -8.000
3 16 29.000 0.000 -8.000 26.400 0.000 -8.000 40.000 0.000 -10.000
3 16 32.600 0.000 -8.000 33.600 0.000 -7.400 31.700 0.000 -6.300
3 16 31.700 0.000 -6.300 30.700 0.000 -8.000 32.600 0.000 -8.000
3 16 32.400 0.000 -4.800 31.700 0.000 -6.300 33.600 0.000 -7.400
3 16 33.600 0.000 -7.400 34.500 0.000 -6.600 32.400 0.000 -4.800
3 16 34.500 0.000 -6.600 35.400 0.000 -5.700 32.900 0.000 -3.500
3 16 32.900 0.000 -3.500 32.400 0.000 -4.800 34.500 0.000 -6.600
3 16 33.300 0.000 -2.100 32.900 0.000 -3.500 35.400 0.000 -5.700
3 16 35.400 0.000 -5.700 36.200 0.000 -4.600 33.300 0.000 -2.100
3 16 36.200 0.000 -4.600 37.000 0.000 -3.300 33.700 0.000 -0.200
3 16 33.700 0.000 -0.200 33.300 0.000 -2.100 36.200 0.000 -4.600
3 16 37.500 0.000 -2.200 37.800 0.000 -1.000 33.700 0.000 -0.200
3 16 33.700 0.000 -0.200 37.000 0.000 -3.300 37.500 0.000 -2.200
3 16 37.800 0.000 -1.000 38.800 0.000 0.400 34.100 0.000 2.400
3 16 34.100 0.000 2.400 33.700 0.000 -0.200 37.800 0.000 -1.000
3 16 29.700 0.000 -7.200 26.900 0.000 -5.600 26.400 0.000 -8.000
3 16 26.400 0.000 -8.000 29.000 0.000 -8.000 29.700 0.000 -7.200
3 16 30.500 0.000 -5.800 27.200 0.000 -3.400 26.900 0.000 -5.600
3 16 26.900 0.000 -5.600 29.700 0.000 -7.200 30.500 0.000 -5.800
3 16 31.600 0.000 -3.300 27.400 0.000 -1.300 27.200 0.000 -3.400
3 16 27.200 0.000 -3.400 30.500 0.000 -5.800 31.600 0.000 -3.300
3 16 32.100 0.000 -1.300 27.400 0.000 1.600 27.400 0.000 -1.300
3 16 27.400 0.000 -1.300 31.600 0.000 -3.300 32.100 0.000 -1.300
3 16 32.500 0.000 0.700 26.600 0.000 3.500 27.400 0.000 1.600
3 16 27.400 0.000 1.600 32.100 0.000 -1.300 32.500 0.000 0.700
3 16 32.800 0.000 2.900 33.000 0.000 5.700 26.600 0.000 3.500
3 16 26.600 0.000 3.500 32.500 0.000 0.700 32.800 0.000 2.900
3 16 26.600 0.000 3.500 33.000 0.000 5.700 33.600 0.000 8.100
3 16 40.000 0.000 -10.000 26.400 0.000 -8.000 25.100 0.000 -8.000
3 16 -33.600 0.000 8.100 -40.000 0.000 10.000 -34.300 0.000 5.700
3 16 -40.000 0.000 10.000 -38.800 0.000 0.400 -34.100 0.000 2.400
3 16 -34.100 0.000 2.400 -34.300 0.000 5.700 -40.000 0.000 10.000
3 16 -38.800 0.000 0.400 -40.000 0.000 10.000 -39.100 0.000 -1.400
3 16 -40.000 0.000 -10.000 -39.100 0.000 -1.400 -40.000 0.000 10.000
3 16 -39.100 0.000 -1.400 -40.000 0.000 -10.000 -38.800 0.000 -2.500
3 16 -38.800 0.000 -2.500 -40.000 0.000 -10.000 -38.100 0.000 -4.100
3 16 -38.100 0.000 -4.100 -40.000 0.000 -10.000 -37.300 0.000 -5.400
3 16 -37.300 0.000 -5.400 -40.000 0.000 -10.000 -36.400 0.000 -6.600
3 16 -36.400 0.000 -6.600 -40.000 0.000 -10.000 -35.100 0.000 -8.000
3 16 -32.600 0.000 -8.000 -35.100 0.000 -8.000 -40.000 0.000 -10.000
3 16 -32.600 0.000 -8.000 -40.000 0.000 -10.000 -30.700 0.000 -8.000
3 16 -30.700 0.000 -8.000 -40.000 0.000 -10.000 -29.000 0.000 -8.000
3 16 -26.400 0.000 -8.000 -29.000 0.000 -8.000 -40.000 0.000 -10.000
3 16 -31.700 0.000 -6.300 -33.600 0.000 -7.400 -32.600 0.000 -8.000
3 16 -32.600 0.000 -8.000 -30.700 0.000 -8.000 -31.700 0.000 -6.300
3 16 -33.600 0.000 -7.400 -31.700 0.000 -6.300 -32.400 0.000 -4.800
3 16 -32.400 0.000 -4.800 -34.500 0.000 -6.600 -33.600 0.000 -7.400
3 16 -32.900 0.000 -3.500 -35.400 0.000 -5.700 -34.500 0.000 -6.600
3 16 -34.500 0.000 -6.600 -32.400 0.000 -4.800 -32.900 0.000 -3.500
3 16 -35.400 0.000 -5.700 -32.900 0.000 -3.500 -33.300 0.000 -2.100
3 16 -33.300 0.000 -2.100 -36.200 0.000 -4.600 -35.400 0.000 -5.700
3 16 -33.700 0.000 -0.200 -37.000 0.000 -3.300 -36.200 0.000 -4.600
3 16 -36.200 0.000 -4.600 -33.300 0.000 -2.100 -33.700 0.000 -0.200
3 16 -33.700 0.000 -0.200 -37.800 0.000 -1.000 -37.500 0.000 -2.200
3 16 -37.500 0.000 -2.200 -37.000 0.000 -3.300 -33.700 0.000 -0.200
3 16 -34.100 0.000 2.400 -38.800 0.000 0.400 -37.800 0.000 -1.000
3 16 -37.800 0.000 -1.000 -33.700 0.000 -0.200 -34.100 0.000 2.400
3 16 -26.400 0.000 -8.000 -26.900 0.000 -5.600 -29.700 0.000 -7.200
3 16 -29.700 0.000 -7.200 -29.000 0.000 -8.000 -26.400 0.000 -8.000
3 16 -26.900 0.000 -5.600 -27.200 0.000 -3.400 -30.500 0.000 -5.800
3 16 -30.500 0.000 -5.800 -29.700 0.000 -7.200 -26.900 0.000 -5.600
3 16 -27.200 0.000 -3.400 -27.400 0.000 -1.300 -31.600 0.000 -3.300
3 16 -31.600 0.000 -3.300 -30.500 0.000 -5.800 -27.200 0.000 -3.400
3 16 -27.400 0.000 -1.300 -27.400 0.000 1.600 -32.100 0.000 -1.300
3 16 -32.100 0.000 -1.300 -31.600 0.000 -3.300 -27.400 0.000 -1.300
3 16 -27.400 0.000 1.600 -26.600 0.000 3.500 -32.500 0.000 0.700
3 16 -32.500 0.000 0.700 -32.100 0.000 -1.300 -27.400 0.000 1.600
3 16 -26.600 0.000 3.500 -33.000 0.000 5.700 -32.800 0.000 2.900
3 16 -32.800 0.000 2.900 -32.500 0.000 0.700 -26.600 0.000 3.500
3 16 -33.000 0.000 5.700 -26.600 0.000 3.500 -33.600 0.000 8.100
3 16 -26.400 0.000 -8.000 -40.000 0.000 -10.000 -25.100 0.000 -8.000
3 16 -33.600 0.000 8.100 33.600 0.000 8.100 40.000 0.000 10.000
3 16 40.000 0.000 10.000 -40.000 0.000 10.000 -33.600 0.000 8.100
3 16 33.600 0.000 8.100 -33.600 0.000 8.100 -26.600 0.000 3.500
3 16 -26.600 0.000 3.500 26.600 0.000 3.500 33.600 0.000 8.100
3 16 -26.600 0.000 3.500 -26.100 0.000 1.600 26.100 0.000 1.600
3 16 26.100 0.000 1.600 26.600 0.000 3.500 -26.600 0.000 3.500
3 16 26.100 0.000 1.600 -26.100 0.000 1.600 -26.100 0.000 -0.900
3 16 -26.100 0.000 -0.900 26.100 0.000 -0.900 26.100 0.000 1.600
3 16 -26.100 0.000 -0.900 -26.000 0.000 -2.800 26.000 0.000 -2.800
3 16 26.000 0.000 -2.800 26.100 0.000 -0.900 -26.100 0.000 -0.900
3 16 26.000 0.000 -2.800 -26.000 0.000 -2.800 -25.700 0.000 -5.100
3 16 -25.700 0.000 -5.100 25.700 0.000 -5.100 26.000 0.000 -2.800
3 16 -25.700 0.000 -5.100 -25.100 0.000 -8.000 25.100 0.000 -8.000
3 16 25.100 0.000 -8.000 25.700 0.000 -5.100 -25.700 0.000 -5.100
3 16 25.100 0.000 -8.000 -25.100 0.000 -8.000 -40.000 0.000 -10.000
3 16 -40.000 0.000 -10.000 40.000 0.000 -10.000 25.100 0.000 -8.000
3 0 26.400 0.000 -8.000 26.900 0.000 -5.600 25.700 0.000 -5.100
3 0 25.700 0.000 -5.100 25.100 0.000 -8.000 26.400 0.000 -8.000
3 0 26.900 0.000 -5.600 27.200 0.000 -3.400 26.000 0.000 -2.800
3 0 26.000 0.000 -2.800 25.700 0.000 -5.100 26.900 0.000 -5.600
3 0 27.200 0.000 -3.400 27.400 0.000 -1.300 26.100 0.000 -0.900
3 0 26.100 0.000 -0.900 26.000 0.000 -2.800 27.200 0.000 -3.400
3 0 27.400 0.000 -1.300 27.400 0.000 1.600 26.100 0.000 1.600
3 0 26.100 0.000 1.600 26.100 0.000 -0.900 27.400 0.000 -1.300
3 0 26.100 0.000 1.600 27.400 0.000 1.600 26.600 0.000 3.500
3 0 29.000 0.000 -8.000 30.700 0.000 -8.000 31.700 0.000 -6.300
3 0 31.700 0.000 -6.300 29.700 0.000 -7.200 29.000 0.000 -8.000
3 0 29.700 0.000 -7.200 31.700 0.000 -6.300 32.400 0.000 -4.800
3 0 32.400 0.000 -4.800 30.500 0.000 -5.800 29.700 0.000 -7.200
3 0 32.400 0.000 -4.800 32.900 0.000 -3.500 31.600 0.000 -3.300
3 0 31.600 0.000 -3.300 30.500 0.000 -5.800 32.400 0.000 -4.800
3 0 32.900 0.000 -3.500 33.300 0.000 -2.100 32.100 0.000 -1.300
3 0 32.100 0.000 -1.300 31.600 0.000 -3.300 32.900 0.000 -3.500
3 0 33.300 0.000 -2.100 33.700 0.000 -0.200 32.500 0.000 0.700
3 0 32.500 0.000 0.700 32.100 0.000 -1.300 33.300 0.000 -2.100
3 0 33.700 0.000 -0.200 34.100 0.000 2.400 32.800 0.000 2.900
3 0 32.800 0.000 2.900 32.500 0.000 0.700 33.700 0.000 -0.200
3 0 34.100 0.000 2.400 34.300 0.000 5.700 33.000 0.000 5.700
3 0 33.000 0.000 5.700 32.800 0.000 2.900 34.100 0.000 2.400
3 0 33.000 0.000 5.700 34.300 0.000 5.700 33.600 0.000 8.100
3 0 33.600 0.000 -7.400 32.600 0.000 -8.000 35.100 0.000 -8.000
3 0 33.600 0.000 -7.400 35.100 0.000 -8.000 36.400 0.000 -6.600
3 0 36.400 0.000 -6.600 34.500 0.000 -6.600 33.600 0.000 -7.400
3 0 34.500 0.000 -6.600 36.400 0.000 -6.600 37.300 0.000 -5.400
3 0 37.300 0.000 -5.400 35.400 0.000 -5.700 34.500 0.000 -6.600
3 0 35.400 0.000 -5.700 37.300 0.000 -5.400 38.100 0.000 -4.100
3 0 38.100 0.000 -4.100 36.200 0.000 -4.600 35.400 0.000 -5.700
3 0 36.200 0.000 -4.600 38.100 0.000 -4.100 38.800 0.000 -2.500
3 0 38.800 0.000 -2.500 37.000 0.000 -3.300 36.200 0.000 -4.600
3 0 37.000 0.000 -3.300 38.800 0.000 -2.500 39.100 0.000 -1.400
3 0 39.100 0.000 -1.400 37.500 0.000 -2.200 37.000 0.000 -3.300
3 0 37.500 0.000 -2.200 39.100 0.000 -1.400 38.800 0.000 0.400
3 0 38.800 0.000 0.400 37.800 0.000 -1.000 37.500 0.000 -2.200
3 0 -25.700 0.000 -5.100 -26.900 0.000 -5.600 -26.400 0.000 -8.000
3 0 -26.400 0.000 -8.000 -25.100 0.000 -8.000 -25.700 0.000 -5.100
3 0 -26.000 0.000 -2.800 -27.200 0.000 -3.400 -26.900 0.000 -5.600
3 0 -26.900 0.000 -5.600 -25.700 0.000 -5.100 -26.000 0.000 -2.800
3 0 -26.100 0.000 -0.900 -27.400 0.000 -1.300 -27.200 0.000 -3.400
3 0 -27.200 0.000 -3.400 -26.000 0.000 -2.800 -26.100 0.000 -0.900
3 0 -26.100 0.000 1.600 -27.400 0.000 1.600 -27.400 0.000 -1.300
3 0 -27.400 0.000 -1.300 -26.100 0.000 -0.900 -26.100 0.000 1.600
3 0 -27.400 0.000 1.600 -26.100 0.000 1.600 -26.600 0.000 3.500
3 0 -31.700 0.000 -6.300 -30.700 0.000 -8.000 -29.000 0.000 -8.000
3 0 -29.000 0.000 -8.000 -29.700 0.000 -7.200 -31.700 0.000 -6.300
3 0 -32.400 0.000 -4.800 -31.700 0.000 -6.300 -29.700 0.000 -7.200
3 0 -29.700 0.000 -7.200 -30.500 0.000 -5.800 -32.400 0.000 -4.800
3 0 -31.600 0.000 -3.300 -32.900 0.000 -3.500 -32.400 0.000 -4.800
3 0 -32.400 0.000 -4.800 -30.500 0.000 -5.800 -31.600 0.000 -3.300
3 0 -32.100 0.000 -1.300 -33.300 0.000 -2.100 -32.900 0.000 -3.500
3 0 -32.900 0.000 -3.500 -31.600 0.000 -3.300 -32.100 0.000 -1.300
3 0 -32.500 0.000 0.700 -33.700 0.000 -0.200 -33.300 0.000 -2.100
3 0 -33.300 0.000 -2.100 -32.100 0.000 -1.300 -32.500 0.000 0.700
3 0 -32.800 0.000 2.900 -34.100 0.000 2.400 -33.700 0.000 -0.200
3 0 -33.700 0.000 -0.200 -32.500 0.000 0.700 -32.800 0.000 2.900
3 0 -33.000 0.000 5.700 -34.300 0.000 5.700 -34.100 0.000 2.400
3 0 -34.100 0.000 2.400 -32.800 0.000 2.900 -33.000 0.000 5.700
3 0 -34.300 0.000 5.700 -33.000 0.000 5.700 -33.600 0.000 8.100
3 0 -32.600 0.000 -8.000 -33.600 0.000 -7.400 -35.100 0.000 -8.000
3 0 -36.400 0.000 -6.600 -35.100 0.000 -8.000 -33.600 0.000 -7.400
3 0 -33.600 0.000 -7.400 -34.500 0.000 -6.600 -36.400 0.000 -6.600
3 0 -37.300 0.000 -5.400 -36.400 0.000 -6.600 -34.500 0.000 -6.600
3 0 -34.500 0.000 -6.600 -35.400 0.000 -5.700 -37.300 0.000 -5.400
3 0 -38.100 0.000 -4.100 -37.300 0.000 -5.400 -35.400 0.000 -5.700
3 0 -35.400 0.000 -5.700 -36.200 0.000 -4.600 -38.100 0.000 -4.100
3 0 -38.800 0.000 -2.500 -38.100 0.000 -4.100 -36.200 0.000 -4.600
3 0 -36.200 0.000 -4.600 -37.000 0.000 -3.300 -38.800 0.000 -2.500
3 0 -39.100 0.000 -1.400 -38.800 0.000 -2.500 -37.000 0.000 -3.300
3 0 -37.000 0.000 -3.300 -37.500 0.000 -2.200 -39.100 0.000 -1.400
3 0 -38.800 0.000 0.400 -39.100 0.000 -1.400 -37.500 0.000 -2.200
3 0 -37.500 0.000 -2.200 -37.800 0.000 -1.000 -38.800 0.000 0.400
1 16 0.0000 0.0000 0.0000 1.0000 0.0000 0.0000 0.0000 1.0000 0.0000 0.0000 0.0000 1.0000 s/2431s01.dat
