0 FILE 2431pb533.dat
0 Tile 1 x 4 with Black Angled Lines and Dark Azure, Gold and White Polygon / Arc Reactor Pattern (BrickHeadz Iron Man MK50 Chest)
0 Name:  2431pb533.dat
0 Author:  
0 BL_Item_No 2431pb533
0 BFC CERTIFY CCW
1 16 0.0000 0.0000 0.0000 1.0000 0.0000 0.0000 0.0000 1.0000 0.0000 0.0000 0.0000 1.0000 s/2431s01.dat
3 16 39.000 0.000 9.500 40.000 0.000 10.000 38.500 0.000 9.500
3 16 38.500 0.000 9.500 40.000 0.000 10.000 35.750 0.000 9.500
3 16 35.750 0.000 9.500 40.000 0.000 10.000 34.000 0.000 9.500
3 16 34.000 0.000 9.500 40.000 0.000 10.000 0.000 0.000 10.000
3 16 0.000 0.000 10.000 5.125 0.000 9.125 34.000 0.000 9.500
3 16 0.000 0.000 10.000 0.000 0.000 7.375 2.250 0.000 7.375
3 16 2.250 0.000 7.375 5.125 0.000 9.125 0.000 0.000 10.000
3 16 0.000 0.000 -9.500 0.000 0.000 -10.000 4.000 0.000 -9.500
3 16 4.000 0.000 -9.500 0.000 0.000 -10.000 40.000 0.000 -10.000
3 16 40.000 0.000 -10.000 29.500 0.000 -9.500 4.000 0.000 -9.500
3 16 29.500 0.000 -9.500 40.000 0.000 -10.000 33.000 0.000 -9.500
3 16 33.000 0.000 -9.500 40.000 0.000 -10.000 38.500 0.000 -9.500
3 16 38.500 0.000 -9.500 40.000 0.000 -10.000 39.000 0.000 -9.500
3 16 39.000 0.000 9.500 39.000 0.000 -9.500 40.000 0.000 -10.000
3 16 40.000 0.000 -10.000 40.000 0.000 10.000 39.000 0.000 9.500
3 16 37.000 0.000 8.500 38.500 0.000 9.500 35.750 0.000 9.500
3 16 37.000 0.000 8.500 37.000 0.000 -8.000 38.500 0.000 -9.500
3 16 38.500 0.000 -9.500 38.500 0.000 9.500 37.000 0.000 8.500
3 16 33.000 0.000 -9.500 38.500 0.000 -9.500 37.000 0.000 -8.000
3 16 34.000 0.000 9.500 5.125 0.000 9.125 10.250 0.000 3.250
3 16 10.250 0.000 3.250 35.500 0.000 8.000 34.000 0.000 9.500
3 16 35.500 0.000 8.000 10.250 0.000 3.250 35.500 0.000 -7.000
3 16 4.000 0.000 -9.500 29.500 0.000 -9.500 35.500 0.000 -7.000
3 16 35.500 0.000 -7.000 10.250 0.000 3.250 4.000 0.000 -9.500
3 0 38.500 0.000 9.500 38.500 0.000 -9.500 39.000 0.000 -9.500
3 0 39.000 0.000 -9.500 39.000 0.000 9.500 38.500 0.000 9.500
3 0 33.000 0.000 -9.500 37.000 0.000 -8.000 35.500 0.000 -7.000
3 0 35.500 0.000 -7.000 29.500 0.000 -9.500 33.000 0.000 -9.500
3 0 35.500 0.000 -7.000 37.000 0.000 -8.000 37.000 0.000 8.500
3 0 37.000 0.000 8.500 35.500 0.000 8.000 35.500 0.000 -7.000
3 0 37.000 0.000 8.500 35.750 0.000 9.500 34.000 0.000 9.500
3 0 34.000 0.000 9.500 35.500 0.000 8.000 37.000 0.000 8.500
3 0 2.550 0.000 6.000 2.250 0.000 7.375 0.000 0.000 7.375
3 0 0.000 0.000 7.375 0.000 0.000 6.000 2.550 0.000 6.000
3 0 5.125 0.000 9.125 2.250 0.000 7.375 4.850 0.000 7.325
3 0 2.550 0.000 6.000 4.850 0.000 7.325 2.250 0.000 7.375
3 0 8.625 0.000 3.000 10.250 0.000 3.250 5.125 0.000 9.125
3 0 5.125 0.000 9.125 4.850 0.000 7.325 8.625 0.000 3.000
3 0 8.625 0.000 3.000 3.200 0.000 -8.125 4.000 0.000 -9.500
3 0 4.000 0.000 -9.500 10.250 0.000 3.250 8.625 0.000 3.000
3 0 3.200 0.000 -8.125 0.000 0.000 -8.125 0.000 0.000 -9.500
3 0 0.000 0.000 -9.500 4.000 0.000 -9.500 3.200 0.000 -8.125
3 0 0.000 0.000 -7.250 2.700 0.000 -7.250 1.800 0.000 -5.750
3 0 1.800 0.000 -5.750 0.000 0.000 -5.750 0.000 0.000 -7.250
3 0 1.800 0.000 -5.750 2.700 0.000 -7.250 7.625 0.000 2.875
3 0 7.625 0.000 2.875 6.000 0.000 2.625 1.800 0.000 -5.750
3 0 6.000 0.000 2.625 7.625 0.000 2.875 4.675 0.000 6.125
3 0 4.675 0.000 6.125 4.400 0.000 4.500 6.000 0.000 2.625
3 0 4.400 0.000 4.500 4.675 0.000 6.125 2.750 0.000 5.125
3 0 2.750 0.000 5.125 2.875 0.000 3.625 4.400 0.000 4.500
3 0 2.750 0.000 5.125 0.000 0.000 5.125 0.000 0.000 3.625
3 0 0.000 0.000 3.625 2.875 0.000 3.625 2.750 0.000 5.125
3 82 0.000 0.000 5.125 2.750 0.000 5.125 2.550 0.000 6.000
3 82 2.550 0.000 6.000 0.000 0.000 6.000 0.000 0.000 5.125
3 82 2.550 0.000 6.000 2.750 0.000 5.125 4.675 0.000 6.125
3 82 4.675 0.000 6.125 4.850 0.000 7.325 2.550 0.000 6.000
3 82 4.675 0.000 6.125 7.625 0.000 2.875 8.625 0.000 3.000
3 82 8.625 0.000 3.000 4.850 0.000 7.325 4.675 0.000 6.125
3 82 7.625 0.000 2.875 2.700 0.000 -7.250 3.200 0.000 -8.125
3 82 3.200 0.000 -8.125 8.625 0.000 3.000 7.625 0.000 2.875
3 82 2.700 0.000 -7.250 0.000 0.000 -7.250 0.000 0.000 -8.125
3 82 0.000 0.000 -8.125 3.200 0.000 -8.125 2.700 0.000 -7.250
3 321 0.000 0.000 3.625 0.000 0.000 2.875 3.250 0.000 2.875
3 321 3.250 0.000 2.875 2.875 0.000 3.625 0.000 0.000 3.625
3 321 2.875 0.000 3.625 3.250 0.000 2.875 4.250 0.000 3.500
3 321 4.250 0.000 3.500 4.400 0.000 4.500 2.875 0.000 3.625
3 321 4.250 0.000 3.500 5.125 0.000 2.500 6.000 0.000 2.625
3 321 6.000 0.000 2.625 4.400 0.000 4.500 4.250 0.000 3.500
3 321 5.125 0.000 2.500 1.375 0.000 -5.000 1.800 0.000 -5.750
3 321 1.800 0.000 -5.750 6.000 0.000 2.625 5.125 0.000 2.500
3 321 1.375 0.000 -5.000 0.000 0.000 -5.000 0.000 0.000 -5.750
3 321 0.000 0.000 -5.750 1.800 0.000 -5.750 1.375 0.000 -5.000
3 15 0.000 0.000 2.875 0.000 0.000 -5.000 1.375 0.000 -5.000
3 15 1.375 0.000 -5.000 3.250 0.000 2.875 0.000 0.000 2.875
3 15 1.375 0.000 -5.000 5.125 0.000 2.500 4.250 0.000 3.500
3 15 4.250 0.000 3.500 3.250 0.000 2.875 1.375 0.000 -5.000
3 16 -38.500 0.000 9.500 -40.000 0.000 10.000 -39.000 0.000 9.500
3 16 -35.750 0.000 9.500 -40.000 0.000 10.000 -38.500 0.000 9.500
3 16 -34.000 0.000 9.500 -40.000 0.000 10.000 -35.750 0.000 9.500
3 16 0.000 0.000 10.000 -40.000 0.000 10.000 -34.000 0.000 9.500
3 16 -34.000 0.000 9.500 -5.125 0.000 9.125 0.000 0.000 10.000
3 16 -2.250 0.000 7.375 0.000 0.000 7.375 0.000 0.000 10.000
3 16 0.000 0.000 10.000 -5.125 0.000 9.125 -2.250 0.000 7.375
3 16 -4.000 0.000 -9.500 0.000 0.000 -10.000 0.000 0.000 -9.500
3 16 -40.000 0.000 -10.000 0.000 0.000 -10.000 -4.000 0.000 -9.500
3 16 -4.000 0.000 -9.500 -29.500 0.000 -9.500 -40.000 0.000 -10.000
3 16 -33.000 0.000 -9.500 -40.000 0.000 -10.000 -29.500 0.000 -9.500
3 16 -38.500 0.000 -9.500 -40.000 0.000 -10.000 -33.000 0.000 -9.500
3 16 -39.000 0.000 -9.500 -40.000 0.000 -10.000 -38.500 0.000 -9.500
3 16 -40.000 0.000 -10.000 -39.000 0.000 -9.500 -39.000 0.000 9.500
3 16 -39.000 0.000 9.500 -40.000 0.000 10.000 -40.000 0.000 -10.000
3 16 -35.750 0.000 9.500 -38.500 0.000 9.500 -37.000 0.000 8.500
3 16 -38.500 0.000 -9.500 -37.000 0.000 -8.000 -37.000 0.000 8.500
3 16 -37.000 0.000 8.500 -38.500 0.000 9.500 -38.500 0.000 -9.500
3 16 -37.000 0.000 -8.000 -38.500 0.000 -9.500 -33.000 0.000 -9.500
3 16 -10.250 0.000 3.250 -5.125 0.000 9.125 -34.000 0.000 9.500
3 16 -34.000 0.000 9.500 -35.500 0.000 8.000 -10.250 0.000 3.250
3 16 -35.500 0.000 -7.000 -10.250 0.000 3.250 -35.500 0.000 8.000
3 16 -35.500 0.000 -7.000 -29.500 0.000 -9.500 -4.000 0.000 -9.500
3 16 -4.000 0.000 -9.500 -10.250 0.000 3.250 -35.500 0.000 -7.000
3 0 -39.000 0.000 -9.500 -38.500 0.000 -9.500 -38.500 0.000 9.500
3 0 -38.500 0.000 9.500 -39.000 0.000 9.500 -39.000 0.000 -9.500
3 0 -35.500 0.000 -7.000 -37.000 0.000 -8.000 -33.000 0.000 -9.500
3 0 -33.000 0.000 -9.500 -29.500 0.000 -9.500 -35.500 0.000 -7.000
3 0 -37.000 0.000 8.500 -37.000 0.000 -8.000 -35.500 0.000 -7.000
3 0 -35.500 0.000 -7.000 -35.500 0.000 8.000 -37.000 0.000 8.500
3 0 -34.000 0.000 9.500 -35.750 0.000 9.500 -37.000 0.000 8.500
3 0 -37.000 0.000 8.500 -35.500 0.000 8.000 -34.000 0.000 9.500
3 0 0.000 0.000 7.375 -2.250 0.000 7.375 -2.550 0.000 6.000
3 0 -2.550 0.000 6.000 0.000 0.000 6.000 0.000 0.000 7.375
3 0 -4.850 0.000 7.325 -2.250 0.000 7.375 -5.125 0.000 9.125
3 0 -2.250 0.000 7.375 -4.850 0.000 7.325 -2.550 0.000 6.000
3 0 -5.125 0.000 9.125 -10.250 0.000 3.250 -8.625 0.000 3.000
3 0 -8.625 0.000 3.000 -4.850 0.000 7.325 -5.125 0.000 9.125
3 0 -4.000 0.000 -9.500 -3.200 0.000 -8.125 -8.625 0.000 3.000
3 0 -8.625 0.000 3.000 -10.250 0.000 3.250 -4.000 0.000 -9.500
3 0 0.000 0.000 -9.500 0.000 0.000 -8.125 -3.200 0.000 -8.125
3 0 -3.200 0.000 -8.125 -4.000 0.000 -9.500 0.000 0.000 -9.500
3 0 -1.800 0.000 -5.750 -2.700 0.000 -7.250 0.000 0.000 -7.250
3 0 0.000 0.000 -7.250 0.000 0.000 -5.750 -1.800 0.000 -5.750
3 0 -7.625 0.000 2.875 -2.700 0.000 -7.250 -1.800 0.000 -5.750
3 0 -1.800 0.000 -5.750 -6.000 0.000 2.625 -7.625 0.000 2.875
3 0 -4.675 0.000 6.125 -7.625 0.000 2.875 -6.000 0.000 2.625
3 0 -6.000 0.000 2.625 -4.400 0.000 4.500 -4.675 0.000 6.125
3 0 -2.750 0.000 5.125 -4.675 0.000 6.125 -4.400 0.000 4.500
3 0 -4.400 0.000 4.500 -2.875 0.000 3.625 -2.750 0.000 5.125
3 0 0.000 0.000 3.625 0.000 0.000 5.125 -2.750 0.000 5.125
3 0 -2.750 0.000 5.125 -2.875 0.000 3.625 0.000 0.000 3.625
3 82 -2.550 0.000 6.000 -2.750 0.000 5.125 0.000 0.000 5.125
3 82 0.000 0.000 5.125 0.000 0.000 6.000 -2.550 0.000 6.000
3 82 -4.675 0.000 6.125 -2.750 0.000 5.125 -2.550 0.000 6.000
3 82 -2.550 0.000 6.000 -4.850 0.000 7.325 -4.675 0.000 6.125
3 82 -8.625 0.000 3.000 -7.625 0.000 2.875 -4.675 0.000 6.125
3 82 -4.675 0.000 6.125 -4.850 0.000 7.325 -8.625 0.000 3.000
3 82 -3.200 0.000 -8.125 -2.700 0.000 -7.250 -7.625 0.000 2.875
3 82 -7.625 0.000 2.875 -8.625 0.000 3.000 -3.200 0.000 -8.125
3 82 0.000 0.000 -8.125 0.000 0.000 -7.250 -2.700 0.000 -7.250
3 82 -2.700 0.000 -7.250 -3.200 0.000 -8.125 0.000 0.000 -8.125
3 321 -3.250 0.000 2.875 0.000 0.000 2.875 0.000 0.000 3.625
3 321 0.000 0.000 3.625 -2.875 0.000 3.625 -3.250 0.000 2.875
3 321 -4.250 0.000 3.500 -3.250 0.000 2.875 -2.875 0.000 3.625
3 321 -2.875 0.000 3.625 -4.400 0.000 4.500 -4.250 0.000 3.500
3 321 -6.000 0.000 2.625 -5.125 0.000 2.500 -4.250 0.000 3.500
3 321 -4.250 0.000 3.500 -4.400 0.000 4.500 -6.000 0.000 2.625
3 321 -1.800 0.000 -5.750 -1.375 0.000 -5.000 -5.125 0.000 2.500
3 321 -5.125 0.000 2.500 -6.000 0.000 2.625 -1.800 0.000 -5.750
3 321 0.000 0.000 -5.750 0.000 0.000 -5.000 -1.375 0.000 -5.000
3 321 -1.375 0.000 -5.000 -1.800 0.000 -5.750 0.000 0.000 -5.750
3 15 -1.375 0.000 -5.000 0.000 0.000 -5.000 0.000 0.000 2.875
3 15 0.000 0.000 2.875 -3.250 0.000 2.875 -1.375 0.000 -5.000
3 15 -4.250 0.000 3.500 -5.125 0.000 2.500 -1.375 0.000 -5.000
3 15 -1.375 0.000 -5.000 -3.250 0.000 2.875 -4.250 0.000 3.500
