0 FILE 2431pzu.dat
0 Tile 1 x 4 with White SW Togruta Cheeks Ornaments Pattern (BrickHeadz Ahsoka Tano Head)
0 Name:  2431pzu.dat
0 Author:  
0 BL_Item_No 2431pb754
0 BFC CERTIFY CCW
3 16 -40.000 0.000 10.000 -38.400 0.000 6.500 -38.150 0.000 8.350
3 16 -38.400 0.000 4.750 -38.400 0.000 6.500 -40.000 0.000 10.000
3 16 -40.000 0.000 10.000 -40.000 0.000 -10.000 -38.400 0.000 4.750
3 16 -38.400 0.000 4.750 -40.000 0.000 -10.000 -38.150 0.000 2.750
3 16 -37.700 0.000 1.350 -40.000 0.000 -10.000 -37.300 0.000 0.650
3 16 -38.150 0.000 2.750 -40.000 0.000 -10.000 -37.700 0.000 1.350
3 16 -36.000 0.000 -2.700 -36.150 0.000 -0.200 -40.000 0.000 -10.000
3 16 -40.000 0.000 -10.000 -36.050 0.000 -2.950 -36.000 0.000 -2.700
3 16 -36.800 0.000 0.100 -40.000 0.000 -10.000 -36.150 0.000 -0.200
3 16 -37.300 0.000 0.650 -40.000 0.000 -10.000 -36.800 0.000 0.100
3 16 -36.150 0.000 -0.200 -36.000 0.000 -2.700 -35.600 0.000 -2.400
3 16 -35.600 0.000 -2.400 -35.200 0.000 -0.300 -36.150 0.000 -0.200
3 16 -33.900 0.000 -1.600 -33.150 0.000 -0.400 -35.200 0.000 -0.300
3 16 -35.200 0.000 -0.300 -35.600 0.000 -2.400 -33.900 0.000 -1.600
3 16 -33.150 0.000 -0.400 -33.900 0.000 -1.600 -32.800 0.000 -1.000
3 16 -32.800 0.000 -1.000 -32.550 0.000 -0.700 -33.150 0.000 -0.400
3 16 -36.050 0.000 -2.950 -40.000 0.000 -10.000 -35.850 0.000 -3.550
3 16 -35.850 0.000 -3.550 -40.000 0.000 -10.000 -35.150 0.000 -4.800
3 16 -35.150 0.000 -4.800 -40.000 0.000 -10.000 -33.900 0.000 -6.100
3 16 -33.900 0.000 -6.100 -40.000 0.000 -10.000 -32.300 0.000 -6.950
3 16 -32.300 0.000 -6.950 -40.000 0.000 -10.000 -29.450 0.000 -7.900
3 16 -20.000 0.000 10.000 -40.000 0.000 10.000 -38.150 0.000 8.350
3 16 -20.000 0.000 10.000 -38.150 0.000 8.350 -37.150 0.000 6.650
3 16 -37.150 0.000 6.650 -35.900 0.000 5.150 -20.000 0.000 10.000
3 16 -20.000 0.000 10.000 -35.900 0.000 5.150 -34.650 0.000 3.900
3 16 -34.650 0.000 3.900 -33.300 0.000 3.000 -20.000 0.000 10.000
3 16 -20.000 0.000 10.000 -33.300 0.000 3.000 -31.500 0.000 2.250
3 16 -31.500 0.000 2.250 -29.000 0.000 1.550 -20.000 0.000 10.000
3 16 -20.000 0.000 10.000 -29.000 0.000 1.550 -27.700 0.000 1.100
3 16 -20.000 0.000 10.000 -27.700 0.000 1.100 -27.500 0.000 0.850
3 16 -20.000 0.000 10.000 -27.500 0.000 0.850 -27.550 0.000 0.550
3 16 -27.550 0.000 0.550 -20.000 0.000 -10.000 -20.000 0.000 10.000
3 16 -28.150 0.000 -8.150 -20.000 0.000 -10.000 -27.550 0.000 0.550
3 16 -27.550 0.000 0.550 -28.800 0.000 -6.400 -28.150 0.000 -8.150
3 16 -28.800 0.000 -6.400 -27.550 0.000 0.550 -28.150 0.000 -0.150
3 16 -28.150 0.000 -0.150 -29.450 0.000 -4.100 -28.800 0.000 -6.400
3 16 -29.850 0.000 -2.500 -29.450 0.000 -4.100 -28.150 0.000 -0.150
3 16 -28.150 0.000 -0.150 -29.800 0.000 -2.100 -29.850 0.000 -2.500
3 16 -40.000 0.000 -10.000 -20.000 0.000 -10.000 -28.150 0.000 -8.150
3 16 -28.150 0.000 -8.150 -29.450 0.000 -7.900 -40.000 0.000 -10.000
3 16 40.000 0.000 10.000 38.150 0.000 8.350 38.400 0.000 6.500
3 16 40.000 0.000 10.000 38.400 0.000 6.500 38.400 0.000 4.750
3 16 38.400 0.000 4.750 40.000 0.000 -10.000 40.000 0.000 10.000
3 16 38.400 0.000 4.750 38.150 0.000 2.750 40.000 0.000 -10.000
3 16 37.700 0.000 1.350 37.300 0.000 0.650 40.000 0.000 -10.000
3 16 38.150 0.000 2.750 37.700 0.000 1.350 40.000 0.000 -10.000
3 16 40.000 0.000 -10.000 36.150 0.000 -0.200 36.000 0.000 -2.700
3 16 36.000 0.000 -2.700 36.050 0.000 -2.950 40.000 0.000 -10.000
3 16 36.800 0.000 0.100 36.150 0.000 -0.200 40.000 0.000 -10.000
3 16 37.300 0.000 0.650 36.800 0.000 0.100 40.000 0.000 -10.000
3 16 36.150 0.000 -0.200 35.200 0.000 -0.300 35.600 0.000 -2.400
3 16 35.600 0.000 -2.400 36.000 0.000 -2.700 36.150 0.000 -0.200
3 16 33.900 0.000 -1.600 35.600 0.000 -2.400 35.200 0.000 -0.300
3 16 35.200 0.000 -0.300 33.150 0.000 -0.400 33.900 0.000 -1.600
3 16 32.800 0.000 -1.000 33.900 0.000 -1.600 33.150 0.000 -0.400
3 16 33.150 0.000 -0.400 32.550 0.000 -0.700 32.800 0.000 -1.000
3 16 36.050 0.000 -2.950 35.850 0.000 -3.550 40.000 0.000 -10.000
3 16 35.850 0.000 -3.550 35.150 0.000 -4.800 40.000 0.000 -10.000
3 16 35.150 0.000 -4.800 33.900 0.000 -6.100 40.000 0.000 -10.000
3 16 33.900 0.000 -6.100 32.300 0.000 -6.950 40.000 0.000 -10.000
3 16 32.300 0.000 -6.950 29.450 0.000 -7.900 40.000 0.000 -10.000
3 16 40.000 0.000 10.000 20.000 0.000 10.000 38.150 0.000 8.350
3 16 37.150 0.000 6.650 38.150 0.000 8.350 20.000 0.000 10.000
3 16 20.000 0.000 10.000 35.900 0.000 5.150 37.150 0.000 6.650
3 16 34.650 0.000 3.900 35.900 0.000 5.150 20.000 0.000 10.000
3 16 20.000 0.000 10.000 33.300 0.000 3.000 34.650 0.000 3.900
3 16 31.500 0.000 2.250 33.300 0.000 3.000 20.000 0.000 10.000
3 16 20.000 0.000 10.000 29.000 0.000 1.550 31.500 0.000 2.250
3 16 20.000 0.000 10.000 27.700 0.000 1.100 29.000 0.000 1.550
3 16 20.000 0.000 10.000 27.500 0.000 0.850 27.700 0.000 1.100
3 16 27.550 0.000 0.550 27.500 0.000 0.850 20.000 0.000 10.000
3 16 20.000 0.000 10.000 20.000 0.000 -10.000 27.550 0.000 0.550
3 16 27.550 0.000 0.550 20.000 0.000 -10.000 28.150 0.000 -8.150
3 16 28.150 0.000 -8.150 28.800 0.000 -6.400 27.550 0.000 0.550
3 16 28.800 0.000 -6.400 29.450 0.000 -4.100 28.150 0.000 -0.150
3 16 28.150 0.000 -0.150 27.550 0.000 0.550 28.800 0.000 -6.400
3 16 28.150 0.000 -0.150 29.450 0.000 -4.100 29.850 0.000 -2.500
3 16 29.850 0.000 -2.500 29.800 0.000 -2.100 28.150 0.000 -0.150
3 16 28.150 0.000 -8.150 20.000 0.000 -10.000 40.000 0.000 -10.000
3 16 40.000 0.000 -10.000 29.450 0.000 -7.900 28.150 0.000 -8.150
3 16 20.000 0.000 10.000 -20.000 0.000 10.000 -20.000 0.000 -10.000
3 16 -20.000 0.000 -10.000 20.000 0.000 -10.000 20.000 0.000 10.000
3 15 -37.150 0.000 6.650 -38.150 0.000 8.350 -38.400 0.000 6.500
3 15 -38.400 0.000 6.500 -38.400 0.000 4.750 -37.150 0.000 6.650
3 15 -35.900 0.000 5.150 -37.150 0.000 6.650 -38.400 0.000 4.750
3 15 -38.400 0.000 4.750 -38.150 0.000 2.750 -35.900 0.000 5.150
3 15 -34.650 0.000 3.900 -35.900 0.000 5.150 -38.150 0.000 2.750
3 15 -38.150 0.000 2.750 -37.700 0.000 1.350 -34.650 0.000 3.900
3 15 -37.300 0.000 0.650 -36.800 0.000 0.100 -34.650 0.000 3.900
3 15 -34.650 0.000 3.900 -37.700 0.000 1.350 -37.300 0.000 0.650
3 15 -33.300 0.000 3.000 -34.650 0.000 3.900 -36.800 0.000 0.100
3 15 -36.800 0.000 0.100 -36.150 0.000 -0.200 -33.300 0.000 3.000
3 15 -33.300 0.000 3.000 -36.150 0.000 -0.200 -35.200 0.000 -0.300
3 15 -35.200 0.000 -0.300 -33.150 0.000 -0.400 -33.300 0.000 3.000
3 15 -31.500 0.000 2.250 -33.300 0.000 3.000 -33.150 0.000 -0.400
3 15 -33.150 0.000 -0.400 -32.550 0.000 -0.700 -31.500 0.000 2.250
3 15 -29.000 0.000 1.550 -31.500 0.000 2.250 -32.550 0.000 -0.700
3 15 -32.550 0.000 -0.700 -27.700 0.000 1.100 -29.000 0.000 1.550
3 15 -27.500 0.000 0.850 -27.700 0.000 1.100 -32.550 0.000 -0.700
3 15 -32.550 0.000 -0.700 -27.550 0.000 0.550 -27.500 0.000 0.850
3 15 -27.550 0.000 0.550 -32.550 0.000 -0.700 -28.150 0.000 -0.150
3 15 -32.550 0.000 -0.700 -32.800 0.000 -1.000 -29.800 0.000 -2.100
3 15 -29.800 0.000 -2.100 -28.150 0.000 -0.150 -32.550 0.000 -0.700
3 15 -29.850 0.000 -2.500 -29.800 0.000 -2.100 -32.800 0.000 -1.000
3 15 -32.800 0.000 -1.000 -33.900 0.000 -1.600 -29.850 0.000 -2.500
3 15 -29.450 0.000 -4.100 -29.850 0.000 -2.500 -33.900 0.000 -1.600
3 15 -33.900 0.000 -1.600 -35.600 0.000 -2.400 -29.450 0.000 -4.100
3 15 -29.450 0.000 -4.100 -35.600 0.000 -2.400 -36.000 0.000 -2.700
3 15 -36.000 0.000 -2.700 -36.050 0.000 -2.950 -29.450 0.000 -4.100
3 15 -29.450 0.000 -4.100 -36.050 0.000 -2.950 -35.850 0.000 -3.550
3 15 -35.850 0.000 -3.550 -35.150 0.000 -4.800 -29.450 0.000 -4.100
3 15 -29.450 0.000 -4.100 -35.150 0.000 -4.800 -33.900 0.000 -6.100
3 15 -33.900 0.000 -6.100 -32.300 0.000 -6.950 -29.450 0.000 -4.100
3 15 -32.300 0.000 -6.950 -29.450 0.000 -7.900 -28.800 0.000 -6.400
3 15 -28.800 0.000 -6.400 -29.450 0.000 -4.100 -32.300 0.000 -6.950
3 15 -28.800 0.000 -6.400 -29.450 0.000 -7.900 -28.150 0.000 -8.150
3 15 38.400 0.000 6.500 38.150 0.000 8.350 37.150 0.000 6.650
3 15 37.150 0.000 6.650 38.400 0.000 4.750 38.400 0.000 6.500
3 15 38.400 0.000 4.750 37.150 0.000 6.650 35.900 0.000 5.150
3 15 35.900 0.000 5.150 38.150 0.000 2.750 38.400 0.000 4.750
3 15 34.650 0.000 3.900 37.700 0.000 1.350 38.150 0.000 2.750
3 15 38.150 0.000 2.750 35.900 0.000 5.150 34.650 0.000 3.900
3 15 37.300 0.000 0.650 37.700 0.000 1.350 34.650 0.000 3.900
3 15 34.650 0.000 3.900 36.800 0.000 0.100 37.300 0.000 0.650
3 15 33.300 0.000 3.000 36.150 0.000 -0.200 36.800 0.000 0.100
3 15 36.800 0.000 0.100 34.650 0.000 3.900 33.300 0.000 3.000
3 15 35.200 0.000 -0.300 36.150 0.000 -0.200 33.300 0.000 3.000
3 15 33.300 0.000 3.000 33.150 0.000 -0.400 35.200 0.000 -0.300
3 15 31.500 0.000 2.250 32.550 0.000 -0.700 33.150 0.000 -0.400
3 15 33.150 0.000 -0.400 33.300 0.000 3.000 31.500 0.000 2.250
3 15 32.550 0.000 -0.700 31.500 0.000 2.250 29.000 0.000 1.550
3 15 29.000 0.000 1.550 27.700 0.000 1.100 32.550 0.000 -0.700
3 15 32.550 0.000 -0.700 27.700 0.000 1.100 27.500 0.000 0.850
3 15 27.500 0.000 0.850 27.550 0.000 0.550 32.550 0.000 -0.700
3 15 27.550 0.000 0.550 28.150 0.000 -0.150 32.550 0.000 -0.700
3 15 32.550 0.000 -0.700 28.150 0.000 -0.150 29.800 0.000 -2.100
3 15 29.800 0.000 -2.100 32.800 0.000 -1.000 32.550 0.000 -0.700
3 15 32.800 0.000 -1.000 29.800 0.000 -2.100 29.850 0.000 -2.500
3 15 29.850 0.000 -2.500 33.900 0.000 -1.600 32.800 0.000 -1.000
3 15 33.900 0.000 -1.600 29.850 0.000 -2.500 29.450 0.000 -4.100
3 15 29.450 0.000 -4.100 35.600 0.000 -2.400 33.900 0.000 -1.600
3 15 29.450 0.000 -4.100 36.050 0.000 -2.950 36.000 0.000 -2.700
3 15 36.000 0.000 -2.700 35.600 0.000 -2.400 29.450 0.000 -4.100
3 15 35.850 0.000 -3.550 36.050 0.000 -2.950 29.450 0.000 -4.100
3 15 29.450 0.000 -4.100 35.150 0.000 -4.800 35.850 0.000 -3.550
3 15 33.900 0.000 -6.100 35.150 0.000 -4.800 29.450 0.000 -4.100
3 15 29.450 0.000 -4.100 32.300 0.000 -6.950 33.900 0.000 -6.100
3 15 32.300 0.000 -6.950 29.450 0.000 -4.100 28.800 0.000 -6.400
3 15 28.800 0.000 -6.400 29.450 0.000 -7.900 32.300 0.000 -6.950
3 15 28.800 0.000 -6.400 28.150 0.000 -8.150 29.450 0.000 -7.900
1 16 0.0000 0.0000 0.0000 1.0000 0.0000 0.0000 0.0000 1.0000 0.0000 0.0000 0.0000 1.0000 s/2431s01.dat
