0 FILE 2494pb17.dat
0 Glass for Window 1 x 4 x 5 with Light Gray Lever and Base and Black 'NEW' Pattern (Sticker) - Set 6378
0 Name:  2494pb17.dat
0 Author:  
0 BL_Item_No 2494pb17
0 BFC CERTIFY CCW
1 16 0.0000 0.0000 0.0000 1.0000 0.0000 0.0000 0.0000 1.0000 0.0000 0.0000 0.0000 1.0000 2494.dat
3 7 -4.560 73.510 -6.250 -4.700 74.200 -6.250 -4.560 74.890 -6.250
3 7 -4.560 74.890 -6.250 -2.900 74.200 -6.250 -4.560 73.510 -6.250
3 7 -4.560 74.890 -6.250 -4.170 75.470 -6.250 -3.590 75.860 -6.250
3 7 -3.590 75.860 -6.250 -2.900 74.200 -6.250 -4.560 74.890 -6.250
3 7 -3.590 75.860 -6.250 -2.900 76.000 -6.250 -2.210 75.860 -6.250
3 7 -2.210 75.860 -6.250 -2.900 74.200 -6.250 -3.590 75.860 -6.250
3 7 -2.210 75.860 -6.250 -1.630 75.470 -6.250 -1.240 74.890 -6.250
3 7 -1.240 74.890 -6.250 -2.900 74.200 -6.250 -2.210 75.860 -6.250
3 7 -1.240 74.890 -6.250 -1.100 74.200 -6.250 -1.240 73.510 -6.250
3 7 -1.240 73.510 -6.250 -2.900 74.200 -6.250 -1.240 74.890 -6.250
3 7 -1.240 73.510 -6.250 -1.630 72.930 -6.250 -2.210 72.540 -6.250
3 7 -2.210 72.540 -6.250 -2.900 74.200 -6.250 -1.240 73.510 -6.250
3 7 -2.210 72.540 -6.250 -2.900 72.400 -6.250 -3.590 72.540 -6.250
3 7 -3.590 72.540 -6.250 -2.900 74.200 -6.250 -2.210 72.540 -6.250
3 7 -3.590 72.540 -6.250 -4.170 72.930 -6.250 -4.560 73.510 -6.250
3 7 -4.560 73.510 -6.250 -2.900 74.200 -6.250 -3.590 72.540 -6.250
3 0 -4.560 73.510 -6.250 -5.120 73.280 -6.250 -5.300 74.200 -6.250
3 0 -5.300 74.200 -6.250 -4.700 74.200 -6.250 -4.560 73.510 -6.250
3 0 -4.700 74.200 -6.250 -5.300 74.200 -6.250 -5.120 75.120 -6.250
3 0 -5.120 75.120 -6.250 -4.560 74.890 -6.250 -4.700 74.200 -6.250
3 0 -4.170 75.470 -6.250 -4.600 75.900 -6.250 -3.820 76.420 -6.250
3 0 -3.820 76.420 -6.250 -3.590 75.860 -6.250 -4.170 75.470 -6.250
3 0 -3.590 75.860 -6.250 -3.820 76.420 -6.250 -2.900 76.600 -6.250
3 0 -2.900 76.600 -6.250 -2.900 76.000 -6.250 -3.590 75.860 -6.250
3 0 -2.210 75.860 -6.250 -1.600 76.200 -6.250 -1.200 75.900 -6.250
3 0 -1.200 75.900 -6.250 -1.630 75.470 -6.250 -2.210 75.860 -6.250
3 0 -1.630 75.470 -6.250 -1.200 75.900 -6.250 -0.680 75.120 -6.250
3 0 -0.680 75.120 -6.250 -1.240 74.890 -6.250 -1.630 75.470 -6.250
3 0 -1.240 74.890 -6.250 -0.680 75.120 -6.250 -0.500 74.200 -6.250
3 0 -0.500 74.200 -6.250 -1.100 74.200 -6.250 -1.240 74.890 -6.250
3 0 -1.100 74.200 -6.250 -0.500 74.200 -6.250 -0.680 73.280 -6.250
3 0 -0.680 73.280 -6.250 -1.240 73.510 -6.250 -1.100 74.200 -6.250
3 0 -1.240 73.510 -6.250 -0.680 73.280 -6.250 -1.200 72.500 -6.250
3 0 -1.200 72.500 -6.250 -1.630 72.930 -6.250 -1.240 73.510 -6.250
3 0 -1.630 72.930 -6.250 -1.200 72.500 -6.250 -1.980 71.980 -6.250
3 0 -1.980 71.980 -6.250 -2.210 72.540 -6.250 -1.630 72.930 -6.250
3 0 -2.210 72.540 -6.250 -1.980 71.980 -6.250 -2.900 71.800 -6.250
3 0 -2.900 71.800 -6.250 -2.900 72.400 -6.250 -2.210 72.540 -6.250
3 0 -2.900 72.400 -6.250 -2.900 71.800 -6.250 -3.820 71.980 -6.250
3 0 -3.820 71.980 -6.250 -3.590 72.540 -6.250 -2.900 72.400 -6.250
3 0 -3.590 72.540 -6.250 -3.820 71.980 -6.250 -4.600 72.500 -6.250
3 0 -4.600 72.500 -6.250 -4.170 72.930 -6.250 -3.590 72.540 -6.250
3 0 -4.170 72.930 -6.250 -4.600 72.500 -6.250 -5.120 73.280 -6.250
3 0 -5.120 73.280 -6.250 -4.560 73.510 -6.250 -4.170 72.930 -6.250
3 7 -11.300 93.800 -6.250 -9.500 94.800 -6.250 -3.820 76.420 -6.250
3 7 -3.820 76.420 -6.250 -4.600 75.900 -6.250 -11.300 93.800 -6.250
3 7 -3.820 76.420 -6.250 -9.500 94.800 -6.250 -2.900 76.600 -6.250
3 7 -2.400 76.500 -6.250 -2.900 76.600 -6.250 -9.500 94.800 -6.250
3 0 -2.900 76.600 -6.250 -2.400 76.500 -6.250 -2.210 75.860 -6.250
3 0 -2.210 75.860 -6.250 -2.900 76.000 -6.250 -2.900 76.600 -6.250
3 0 -2.210 75.860 -6.250 -2.400 76.500 -6.250 -3.800 82.000 -6.250
3 0 -3.800 82.000 -6.250 -1.600 76.200 -6.250 -2.210 75.860 -6.250
3 7 -11.700 94.500 -6.250 -13.000 95.500 -6.250 -11.400 96.200 -6.250
3 7 -11.400 96.200 -6.250 -10.100 95.200 -6.250 -11.700 94.500 -6.250
3 7 -13.000 95.500 -6.250 -13.600 96.400 -6.250 -12.300 97.400 -6.250
3 7 -12.300 97.400 -6.250 -11.400 96.200 -6.250 -13.000 95.500 -6.250
3 7 -13.600 96.400 -6.250 -13.900 97.700 -6.250 -13.000 98.500 -6.250
3 7 -13.000 98.500 -6.250 -12.300 97.400 -6.250 -13.600 96.400 -6.250
3 7 -13.900 97.700 -6.250 -14.000 98.900 -6.250 -13.400 99.400 -6.250
3 7 -13.400 99.400 -6.250 -13.000 98.500 -6.250 -13.900 97.700 -6.250
3 7 -14.000 98.900 -6.250 -13.900 99.300 -6.250 -13.400 99.400 -6.250
3 7 -14.000 96.400 -6.250 -14.900 97.300 -6.250 -15.400 98.500 -6.250
3 7 -15.400 98.500 -6.250 -14.300 97.800 -6.250 -14.000 96.400 -6.250
3 7 -14.300 97.800 -6.250 -15.400 98.500 -6.250 -15.400 99.700 -6.250
3 7 -15.400 99.700 -6.250 -14.400 99.000 -6.250 -14.300 97.800 -6.250
3 7 -14.400 99.000 -6.250 -15.400 99.700 -6.250 -14.600 100.400 -6.250
3 7 -14.600 100.400 -6.250 -14.200 99.700 -6.250 -14.400 99.000 -6.250
3 7 -14.200 99.700 -6.250 -14.600 100.400 -6.250 -13.700 100.700 -6.250
3 7 -13.700 100.700 -6.250 -13.500 99.800 -6.250 -14.200 99.700 -6.250
3 7 -13.500 99.800 -6.250 -13.700 100.700 -6.250 -13.400 100.500 -6.250
3 7 -12.500 94.100 -6.250 -13.400 94.200 -6.250 -15.100 95.200 -6.250
3 7 -15.100 95.200 -6.250 -13.800 95.300 -6.250 -12.500 94.100 -6.250
3 7 -13.800 95.300 -6.250 -15.100 95.200 -6.250 -16.000 96.600 -6.250
3 7 -16.000 96.600 -6.250 -15.000 96.500 -6.250 -13.800 95.300 -6.250
3 7 -15.000 96.500 -6.250 -16.000 96.600 -6.250 -16.600 97.900 -6.250
3 7 -16.600 97.900 -6.250 -15.600 97.500 -6.250 -15.000 96.500 -6.250
3 7 -15.600 97.500 -6.250 -16.600 97.900 -6.250 -16.700 100.400 -6.250
3 7 -16.700 100.400 -6.250 -15.900 98.800 -6.250 -15.600 97.500 -6.250
3 7 -15.900 98.800 -6.250 -16.700 100.400 -6.250 -16.700 102.600 -6.250
3 7 -16.700 102.600 -6.250 -15.900 100.100 -6.250 -15.900 98.800 -6.250
3 7 -15.900 100.100 -6.250 -16.700 102.600 -6.250 -16.200 103.600 -6.250
3 7 -16.200 103.600 -6.250 -15.100 100.800 -6.250 -15.900 100.100 -6.250
3 7 -15.100 100.800 -6.250 -16.200 103.600 -6.250 -14.800 104.500 -6.250
3 7 -14.800 104.500 -6.250 -14.100 101.200 -6.250 -15.100 100.800 -6.250
3 7 -14.800 104.500 -6.250 -12.800 105.000 -6.250 -13.300 101.100 -6.250
3 7 -13.300 101.100 -6.250 -14.100 101.200 -6.250 -14.800 104.500 -6.250
3 7 -12.800 105.000 -6.250 -10.200 105.000 -6.250 -8.800 104.500 -6.250
3 7 -8.800 104.500 -6.250 -13.300 101.100 -6.250 -12.800 105.000 -6.250
3 7 -13.300 101.100 -6.250 -8.800 104.500 -6.250 -7.800 103.700 -6.250
3 7 -7.800 103.700 -6.250 -12.900 100.600 -6.250 -13.300 101.100 -6.250
3 7 -7.800 103.700 -6.250 -7.200 102.500 -6.250 -13.000 99.800 -6.250
3 7 -13.000 99.800 -6.250 -12.900 100.600 -6.250 -7.800 103.700 -6.250
3 7 -7.200 102.500 -6.250 -7.200 100.200 -6.250 -12.500 98.600 -6.250
3 7 -12.500 98.600 -6.250 -13.000 99.800 -6.250 -7.200 102.500 -6.250
3 7 -7.200 100.200 -6.250 -7.300 97.300 -6.250 -11.600 97.200 -6.250
3 7 -11.600 97.200 -6.250 -12.500 98.600 -6.250 -7.200 100.200 -6.250
3 7 -7.300 97.300 -6.250 -7.800 96.100 -6.250 -10.400 96.000 -6.250
3 7 -10.400 96.000 -6.250 -11.600 97.200 -6.250 -7.300 97.300 -6.250
3 7 -7.800 96.100 -6.250 -8.400 95.500 -6.250 -9.400 95.300 -6.250
3 7 -9.400 95.300 -6.250 -10.400 96.000 -6.250 -7.800 96.100 -6.250
3 7 -8.800 95.100 -6.250 -9.400 95.300 -6.250 -8.400 95.500 -6.250
3 0 -23.300 90.600 -6.250 -22.800 90.100 -6.250 -23.100 87.600 -6.250
3 0 -23.100 87.600 -6.250 -23.900 90.500 -6.250 -23.300 90.600 -6.250
3 0 -23.900 90.500 -6.250 -23.100 87.600 -6.250 -24.400 85.500 -6.250
3 0 -24.400 85.500 -6.250 -24.300 87.700 -6.250 -23.900 90.500 -6.250
3 0 -23.100 87.600 -6.250 -23.400 85.200 -6.250 -24.000 85.000 -6.250
3 0 -24.000 85.000 -6.250 -24.400 85.500 -6.250 -23.100 87.600 -6.250
3 0 -23.400 85.200 -6.250 -23.100 87.600 -6.250 -21.500 89.800 -6.250
3 0 -21.500 89.800 -6.250 -22.000 87.300 -6.250 -23.400 85.200 -6.250
3 0 -22.000 87.300 -6.250 -21.500 89.800 -6.250 -20.800 89.900 -6.250
3 0 -20.800 89.900 -6.250 -20.500 89.300 -6.250 -22.000 87.300 -6.250
3 0 -20.500 89.300 -6.250 -20.800 86.700 -6.250 -22.200 84.700 -6.250
3 0 -22.200 84.700 -6.250 -22.000 87.300 -6.250 -20.500 89.300 -6.250
3 0 -20.800 86.700 -6.250 -21.300 84.500 -6.250 -21.800 84.300 -6.250
3 0 -21.800 84.300 -6.250 -22.200 84.700 -6.250 -20.800 86.700 -6.250
3 0 -16.300 87.800 -6.250 -16.900 87.400 -6.250 -18.700 88.200 -6.250
3 0 -18.700 88.200 -6.250 -16.600 88.500 -6.250 -16.300 87.800 -6.250
3 0 -16.600 88.500 -6.250 -18.700 88.200 -6.250 -19.700 89.000 -6.250
3 0 -19.700 89.000 -6.250 -19.000 89.300 -6.250 -16.600 88.500 -6.250
3 0 -18.700 88.200 -6.250 -19.000 86.800 -6.250 -20.100 86.700 -6.250
3 0 -20.100 86.700 -6.250 -19.700 89.000 -6.250 -18.700 88.200 -6.250
3 0 -20.100 86.700 -6.250 -19.000 86.800 -6.250 -17.200 86.100 -6.250
3 0 -17.200 86.100 -6.250 -19.100 85.800 -6.250 -20.100 86.700 -6.250
3 0 -19.100 85.800 -6.250 -17.200 86.100 -6.250 -17.000 85.500 -6.250
3 0 -17.000 85.500 -6.250 -17.400 85.100 -6.250 -19.100 85.800 -6.250
3 0 -20.100 86.700 -6.250 -19.100 85.800 -6.250 -19.200 84.500 -6.250
3 0 -19.200 84.500 -6.250 -20.300 84.500 -6.250 -20.100 86.700 -6.250
3 0 -20.300 84.500 -6.250 -19.200 84.500 -6.250 -16.900 83.800 -6.250
3 0 -16.900 83.800 -6.250 -20.000 83.800 -6.250 -20.300 84.500 -6.250
3 0 -20.000 83.800 -6.250 -16.900 83.800 -6.250 -16.200 82.800 -6.250
3 0 -16.200 82.800 -6.250 -16.800 82.800 -6.250 -20.000 83.800 -6.250
3 0 -16.200 82.800 -6.250 -16.900 83.800 -6.250 -16.200 86.200 -6.250
3 0 -16.200 86.200 -6.250 -15.300 85.700 -6.250 -16.200 82.800 -6.250
3 0 -16.200 86.200 -6.250 -15.400 88.000 -6.250 -14.700 88.100 -6.250
3 0 -14.700 88.100 -6.250 -15.300 85.700 -6.250 -16.200 86.200 -6.250
3 0 -14.700 88.100 -6.250 -14.100 86.300 -6.250 -14.900 84.200 -6.250
3 0 -14.900 84.200 -6.250 -15.300 85.700 -6.250 -14.700 88.100 -6.250
3 0 -14.900 84.200 -6.250 -14.100 86.300 -6.250 -13.500 85.200 -6.250
3 0 -13.500 85.200 -6.250 -14.200 84.000 -6.250 -14.900 84.200 -6.250
3 0 -14.100 86.300 -6.250 -13.400 87.800 -6.250 -12.800 87.600 -6.250
3 0 -12.800 87.600 -6.250 -13.500 85.200 -6.250 -14.100 86.300 -6.250
3 0 -12.800 87.600 -6.250 -12.400 84.500 -6.250 -13.300 82.100 -6.250
3 0 -13.300 82.100 -6.250 -13.500 85.200 -6.250 -12.800 87.600 -6.250
3 0 -12.400 84.500 -6.250 -12.200 82.100 -6.250 -12.700 81.700 -6.250
3 0 -12.700 81.700 -6.250 -13.300 82.100 -6.250 -12.400 84.500 -6.250
3 15 -25.700 80.400 -6.250 -24.000 85.000 -6.250 -23.400 85.200 -6.250
3 15 -23.400 85.200 -6.250 -23.200 82.600 -6.250 -25.700 80.400 -6.250
3 15 -23.200 82.600 -6.250 -23.400 85.200 -6.250 -22.000 87.300 -6.250
3 15 -22.000 87.300 -6.250 -22.200 84.700 -6.250 -23.200 82.600 -6.250
3 15 -23.200 82.600 -6.250 -22.200 84.700 -6.250 -21.800 84.300 -6.250
3 15 -21.800 84.300 -6.250 -22.700 82.500 -6.250 -23.200 82.600 -6.250
3 15 -22.700 82.500 -6.250 -21.800 84.300 -6.250 -18.800 81.200 -6.250
3 15 -18.800 81.200 -6.250 -19.300 79.000 -6.250 -22.700 82.500 -6.250
3 15 -21.800 84.300 -6.250 -20.000 83.800 -6.250 -16.800 82.800 -6.250
3 15 -16.800 82.800 -6.250 -18.800 81.200 -6.250 -21.800 84.300 -6.250
3 15 -18.800 81.200 -6.250 -16.800 82.800 -6.250 -16.200 82.800 -6.250
3 15 -16.200 82.800 -6.250 -18.200 81.200 -6.250 -18.800 81.200 -6.250
3 15 -16.200 82.800 -6.250 -14.700 81.200 -6.250 -13.200 78.600 -6.250
3 15 -13.200 78.600 -6.250 -18.200 81.200 -6.250 -16.200 82.800 -6.250
3 15 -14.700 81.200 -6.250 -16.200 82.800 -6.250 -14.200 84.000 -6.250
3 15 -14.200 84.000 -6.250 -14.200 81.500 -6.250 -14.700 81.200 -6.250
3 15 -16.200 82.800 -6.250 -14.900 84.200 -6.250 -14.200 84.000 -6.250
3 15 -16.200 82.800 -6.250 -15.300 85.700 -6.250 -14.900 84.200 -6.250
3 15 -13.500 85.200 -6.250 -13.300 82.100 -6.250 -14.200 81.500 -6.250
3 15 -14.200 81.500 -6.250 -14.200 84.000 -6.250 -13.500 85.200 -6.250
3 15 -14.200 81.500 -6.250 -13.300 82.100 -6.250 -12.700 81.700 -6.250
3 15 -9.300 80.600 -6.250 -14.200 81.500 -6.250 -12.700 81.700 -6.250
3 15 -9.300 80.600 -6.250 -12.700 81.700 -6.250 -12.200 82.100 -6.250
3 15 -9.300 80.600 -6.250 -12.200 82.100 -6.250 -11.600 83.300 -6.250
3 15 -12.200 82.100 -6.250 -12.400 84.500 -6.250 -11.500 83.800 -6.250
3 15 -11.500 83.800 -6.250 -11.600 83.300 -6.250 -12.200 82.100 -6.250
3 15 -12.400 84.500 -6.250 -11.900 86.000 -6.250 -8.800 85.600 -6.250
3 15 -8.800 85.600 -6.250 -11.500 83.800 -6.250 -12.400 84.500 -6.250
3 15 -12.400 84.500 -6.250 -12.800 87.600 -6.250 -12.000 86.800 -6.250
3 15 -12.000 86.800 -6.250 -11.900 86.000 -6.250 -12.400 84.500 -6.250
3 15 -12.800 87.600 -6.250 -13.100 88.700 -6.250 -10.800 89.700 -6.250
3 15 -10.800 89.700 -6.250 -12.000 86.800 -6.250 -12.800 87.600 -6.250
3 15 -12.800 87.600 -6.250 -13.400 87.800 -6.250 -13.800 88.800 -6.250
3 15 -13.800 88.800 -6.250 -13.100 88.700 -6.250 -12.800 87.600 -6.250
3 15 -13.800 88.800 -6.250 -13.400 87.800 -6.250 -14.100 86.300 -6.250
3 15 -14.100 86.300 -6.250 -14.700 88.100 -6.250 -13.800 88.800 -6.250
3 15 -13.800 88.800 -6.250 -14.700 88.100 -6.250 -15.400 88.000 -6.250
3 15 -15.400 88.000 -6.250 -14.500 91.500 -6.250 -13.800 88.800 -6.250
3 15 -14.500 91.500 -6.250 -15.400 88.000 -6.250 -16.300 87.800 -6.250
3 15 -16.300 87.800 -6.250 -16.600 88.500 -6.250 -14.500 91.500 -6.250
3 15 -15.400 88.000 -6.250 -16.200 86.200 -6.250 -17.000 85.500 -6.250
3 15 -17.000 85.500 -6.250 -16.300 87.800 -6.250 -15.400 88.000 -6.250
3 15 -17.000 85.500 -6.250 -17.200 86.100 -6.250 -16.900 87.400 -6.250
3 15 -16.900 87.400 -6.250 -16.300 87.800 -6.250 -17.000 85.500 -6.250
3 15 -17.200 86.100 -6.250 -19.000 86.800 -6.250 -18.700 88.200 -6.250
3 15 -18.700 88.200 -6.250 -16.900 87.400 -6.250 -17.200 86.100 -6.250
3 15 -16.200 86.200 -6.250 -16.900 83.800 -6.250 -17.400 85.100 -6.250
3 15 -17.400 85.100 -6.250 -17.000 85.500 -6.250 -16.200 86.200 -6.250
3 15 -16.900 83.800 -6.250 -19.200 84.500 -6.250 -19.100 85.800 -6.250
3 15 -19.100 85.800 -6.250 -17.400 85.100 -6.250 -16.900 83.800 -6.250
3 15 -16.600 88.500 -6.250 -16.700 89.500 -6.250 -14.500 91.500 -6.250
3 15 -16.600 88.500 -6.250 -19.000 89.300 -6.250 -17.300 89.700 -6.250
3 15 -17.300 89.700 -6.250 -16.700 89.500 -6.250 -16.600 88.500 -6.250
3 15 -17.300 89.700 -6.250 -19.000 89.300 -6.250 -20.800 89.900 -6.250
3 15 -20.800 89.900 -6.250 -19.500 93.600 -6.250 -17.300 89.700 -6.250
3 15 -19.000 89.300 -6.250 -19.700 89.000 -6.250 -20.500 89.300 -6.250
3 15 -20.500 89.300 -6.250 -20.800 89.900 -6.250 -19.000 89.300 -6.250
3 15 -19.700 89.000 -6.250 -20.100 86.700 -6.250 -20.800 86.700 -6.250
3 15 -20.800 86.700 -6.250 -20.500 89.300 -6.250 -19.700 89.000 -6.250
3 15 -20.100 86.700 -6.250 -20.300 84.500 -6.250 -21.300 84.500 -6.250
3 15 -21.300 84.500 -6.250 -20.800 86.700 -6.250 -20.100 86.700 -6.250
3 15 -20.300 84.500 -6.250 -20.000 83.800 -6.250 -21.800 84.300 -6.250
3 15 -21.800 84.300 -6.250 -21.300 84.500 -6.250 -20.300 84.500 -6.250
3 15 -20.800 89.900 -6.250 -21.000 90.500 -6.250 -19.500 93.600 -6.250
3 15 -20.800 89.900 -6.250 -21.500 89.800 -6.250 -21.500 90.400 -6.250
3 15 -21.500 90.400 -6.250 -21.000 90.500 -6.250 -20.800 89.900 -6.250
3 15 -21.500 90.400 -6.250 -21.500 89.800 -6.250 -23.100 87.600 -6.250
3 15 -23.100 87.600 -6.250 -22.800 90.100 -6.250 -21.500 90.400 -6.250
3 15 -22.800 90.100 -6.250 -23.300 90.600 -6.250 -25.300 94.300 -6.250
3 15 -25.300 94.300 -6.250 -21.500 90.400 -6.250 -22.800 90.100 -6.250
3 15 -23.900 90.500 -6.250 -25.300 94.300 -6.250 -23.300 90.600 -6.250
3 15 -25.300 94.300 -6.250 -23.900 90.500 -6.250 -24.300 87.700 -6.250
3 15 -24.300 87.700 -6.250 -24.900 89.500 -6.250 -25.300 94.300 -6.250
3 15 -24.900 89.500 -6.250 -24.300 87.700 -6.250 -25.200 85.700 -6.250
3 15 -25.200 85.700 -6.250 -25.100 89.000 -6.250 -24.900 89.500 -6.250
3 15 -25.200 85.700 -6.250 -29.100 88.200 -6.250 -25.100 89.000 -6.250
3 15 -24.300 87.700 -6.250 -24.400 85.500 -6.250 -25.000 85.000 -6.250
3 15 -25.000 85.000 -6.250 -25.200 85.700 -6.250 -24.300 87.700 -6.250
3 15 -24.400 85.500 -6.250 -24.000 85.000 -6.250 -25.700 80.400 -6.250
3 15 -25.700 80.400 -6.250 -25.000 85.000 -6.250 -24.400 85.500 -6.250
3 0 -26.500 79.500 -6.250 -25.700 80.400 -6.250 -24.000 80.900 -6.250
3 0 -24.000 80.900 -6.250 -25.800 79.200 -6.250 -26.500 79.500 -6.250
3 0 -25.700 80.400 -6.250 -23.200 82.600 -6.250 -22.700 82.500 -6.250
3 0 -22.700 82.500 -6.250 -23.000 81.800 -6.250 -25.700 80.400 -6.250
3 0 -22.700 82.500 -6.250 -19.300 79.000 -6.250 -22.300 81.000 -6.250
3 0 -22.300 81.000 -6.250 -23.000 81.800 -6.250 -22.700 82.500 -6.250
3 0 -19.400 78.100 -6.250 -19.300 79.000 -6.250 -18.800 81.200 -6.250
3 0 -18.800 81.200 -6.250 -18.700 78.300 -6.250 -19.400 78.100 -6.250
3 0 -18.700 78.300 -6.250 -18.800 81.200 -6.250 -18.200 81.200 -6.250
3 0 -18.200 81.200 -6.250 -18.200 80.500 -6.250 -18.700 78.300 -6.250
3 0 -18.200 81.200 -6.250 -13.200 78.600 -6.250 -12.600 77.600 -6.250
3 0 -12.600 77.600 -6.250 -18.200 80.500 -6.250 -18.200 81.200 -6.250
3 0 -12.600 77.600 -6.250 -13.200 78.600 -6.250 -13.700 80.800 -6.250
3 0 -13.700 80.800 -6.250 -12.100 78.100 -6.250 -12.600 77.600 -6.250
3 0 -13.200 78.600 -6.250 -14.700 81.200 -6.250 -14.200 81.500 -6.250
3 0 -14.200 81.500 -6.250 -13.700 80.800 -6.250 -13.200 78.600 -6.250
3 0 -14.200 81.500 -6.250 -9.300 80.600 -6.250 -8.500 79.800 -6.250
3 0 -8.500 79.800 -6.250 -13.700 80.800 -6.250 -14.200 81.500 -6.250
3 0 -8.500 79.800 -6.250 -9.300 80.600 -6.250 -9.400 81.800 -6.250
3 0 -9.400 81.800 -6.250 -8.200 80.600 -6.250 -8.500 79.800 -6.250
3 0 -9.300 80.600 -6.250 -11.600 83.300 -6.250 -11.500 83.800 -6.250
3 0 -11.500 83.800 -6.250 -10.900 83.300 -6.250 -9.300 80.600 -6.250
3 0 -10.900 83.300 -6.250 -11.500 83.800 -6.250 -8.800 85.600 -6.250
3 0 -8.800 85.600 -6.250 -8.700 84.800 -6.250 -10.900 83.300 -6.250
3 0 -5.120 75.120 -6.250 -5.000 75.300 -6.250 -4.170 75.470 -6.250
3 0 -4.170 75.470 -6.250 -4.560 74.890 -6.250 -5.120 75.120 -6.250
3 0 -5.000 75.300 -6.250 -4.600 75.900 -6.250 -4.170 75.470 -6.250
3 0 -9.500 94.800 -6.250 -8.800 95.100 -6.250 -7.800 95.000 -6.250
3 0 -7.800 95.000 -6.250 -8.700 94.500 -6.250 -9.500 94.800 -6.250
3 0 -8.800 95.100 -6.250 -8.400 95.500 -6.250 -7.200 95.700 -6.250
3 0 -7.200 95.700 -6.250 -7.800 95.000 -6.250 -8.800 95.100 -6.250
3 0 -8.400 95.500 -6.250 -7.800 96.100 -6.250 -6.600 97.200 -6.250
3 0 -6.600 97.200 -6.250 -7.200 95.700 -6.250 -8.400 95.500 -6.250
3 0 -7.800 96.100 -6.250 -7.300 97.300 -6.250 -6.600 97.200 -6.250
3 0 -7.300 97.300 -6.250 -7.200 100.200 -6.250 -6.600 102.800 -6.250
3 0 -6.600 102.800 -6.250 -6.600 97.200 -6.250 -7.300 97.300 -6.250
3 0 -7.200 100.200 -6.250 -7.200 102.500 -6.250 -6.600 102.800 -6.250
3 0 -6.600 102.800 -6.250 -7.200 102.500 -6.250 -7.800 103.700 -6.250
3 0 -7.800 103.700 -6.250 -7.300 104.100 -6.250 -6.600 102.800 -6.250
3 0 -7.300 104.100 -6.250 -7.800 103.700 -6.250 -8.800 104.500 -6.250
3 0 -8.800 104.500 -6.250 -8.300 105.100 -6.250 -7.300 104.100 -6.250
3 0 -8.300 105.100 -6.250 -8.800 104.500 -6.250 -10.200 105.000 -6.250
3 0 -10.200 105.000 -6.250 -9.700 105.600 -6.250 -8.300 105.100 -6.250
3 0 -9.700 105.600 -6.250 -10.200 105.000 -6.250 -12.800 105.000 -6.250
3 0 -12.800 105.000 -6.250 -11.700 105.700 -6.250 -9.700 105.600 -6.250
3 0 -11.700 105.700 -6.250 -12.800 105.000 -6.250 -14.800 104.500 -6.250
3 0 -14.800 104.500 -6.250 -13.900 105.500 -6.250 -11.700 105.700 -6.250
3 0 -13.900 105.500 -6.250 -14.800 104.500 -6.250 -16.200 103.600 -6.250
3 0 -16.200 103.600 -6.250 -15.600 104.800 -6.250 -13.900 105.500 -6.250
3 0 -16.200 103.600 -6.250 -16.600 104.100 -6.250 -15.600 104.800 -6.250
3 0 -16.200 103.600 -6.250 -16.700 102.600 -6.250 -17.200 103.000 -6.250
3 0 -17.200 103.000 -6.250 -16.600 104.100 -6.250 -16.200 103.600 -6.250
3 0 -16.700 102.600 -6.250 -16.700 100.400 -6.250 -17.300 98.200 -6.250
3 0 -17.300 98.200 -6.250 -17.200 103.000 -6.250 -16.700 102.600 -6.250
3 0 -16.700 100.400 -6.250 -16.600 97.900 -6.250 -16.800 96.600 -6.250
3 0 -16.800 96.600 -6.250 -17.300 98.200 -6.250 -16.700 100.400 -6.250
3 0 -16.600 97.900 -6.250 -16.000 96.600 -6.250 -16.000 95.300 -6.250
3 0 -16.000 95.300 -6.250 -16.800 96.600 -6.250 -16.600 97.900 -6.250
3 0 -16.000 96.600 -6.250 -15.100 95.200 -6.250 -15.000 94.300 -6.250
3 0 -15.000 94.300 -6.250 -16.000 95.300 -6.250 -16.000 96.600 -6.250
3 0 -15.100 95.200 -6.250 -13.400 94.200 -6.250 -13.400 93.500 -6.250
3 0 -13.400 93.500 -6.250 -15.000 94.300 -6.250 -15.100 95.200 -6.250
3 0 -13.400 94.200 -6.250 -12.500 94.100 -6.250 -12.000 93.500 -6.250
3 0 -12.000 93.500 -6.250 -13.400 93.500 -6.250 -13.400 94.200 -6.250
3 0 -12.000 93.500 -6.250 -12.500 94.100 -6.250 -11.700 94.500 -6.250
3 0 -11.700 94.500 -6.250 -11.300 93.800 -6.250 -12.000 93.500 -6.250
3 0 -11.300 93.800 -6.250 -11.700 94.500 -6.250 -10.100 95.200 -6.250
3 0 -10.100 95.200 -6.250 -9.500 94.800 -6.250 -11.300 93.800 -6.250
3 0 -10.100 95.200 -6.250 -9.400 95.300 -6.250 -8.800 95.100 -6.250
3 0 -8.800 95.100 -6.250 -9.500 94.800 -6.250 -10.100 95.200 -6.250
3 0 -9.400 95.300 -6.250 -10.100 95.200 -6.250 -11.400 96.200 -6.250
3 0 -11.400 96.200 -6.250 -10.400 96.000 -6.250 -9.400 95.300 -6.250
3 0 -10.400 96.000 -6.250 -11.400 96.200 -6.250 -12.300 97.400 -6.250
3 0 -12.300 97.400 -6.250 -11.600 97.200 -6.250 -10.400 96.000 -6.250
3 0 -11.600 97.200 -6.250 -12.300 97.400 -6.250 -13.000 98.500 -6.250
3 0 -13.000 98.500 -6.250 -12.500 98.600 -6.250 -11.600 97.200 -6.250
3 0 -12.500 98.600 -6.250 -13.000 98.500 -6.250 -13.400 99.400 -6.250
3 0 -13.400 99.400 -6.250 -13.000 99.800 -6.250 -12.500 98.600 -6.250
3 0 -13.400 99.400 -6.250 -13.500 99.800 -6.250 -13.400 100.500 -6.250
3 0 -13.400 100.500 -6.250 -13.000 99.800 -6.250 -13.400 99.400 -6.250
3 0 -13.000 99.800 -6.250 -13.400 100.500 -6.250 -13.300 101.100 -6.250
3 0 -13.300 101.100 -6.250 -12.900 100.600 -6.250 -13.000 99.800 -6.250
3 0 -13.400 100.500 -6.250 -13.700 100.700 -6.250 -14.100 101.200 -6.250
3 0 -14.100 101.200 -6.250 -13.300 101.100 -6.250 -13.400 100.500 -6.250
3 0 -13.700 100.700 -6.250 -14.600 100.400 -6.250 -15.100 100.800 -6.250
3 0 -15.100 100.800 -6.250 -14.100 101.200 -6.250 -13.700 100.700 -6.250
3 0 -14.600 100.400 -6.250 -15.400 99.700 -6.250 -15.900 100.100 -6.250
3 0 -15.900 100.100 -6.250 -15.100 100.800 -6.250 -14.600 100.400 -6.250
3 0 -15.900 100.100 -6.250 -15.400 99.700 -6.250 -15.400 98.500 -6.250
3 0 -15.400 98.500 -6.250 -15.900 98.800 -6.250 -15.900 100.100 -6.250
3 0 -15.900 98.800 -6.250 -15.400 98.500 -6.250 -14.900 97.300 -6.250
3 0 -14.900 97.300 -6.250 -15.600 97.500 -6.250 -15.900 98.800 -6.250
3 0 -15.600 97.500 -6.250 -14.900 97.300 -6.250 -14.000 96.400 -6.250
3 0 -14.000 96.400 -6.250 -15.000 96.500 -6.250 -15.600 97.500 -6.250
3 0 -13.800 95.300 -6.250 -15.000 96.500 -6.250 -14.000 96.400 -6.250
3 0 -13.800 95.300 -6.250 -14.000 96.400 -6.250 -13.900 97.700 -6.250
3 0 -13.900 97.700 -6.250 -13.600 96.400 -6.250 -13.800 95.300 -6.250
3 0 -14.000 96.400 -6.250 -14.300 97.800 -6.250 -14.000 98.900 -6.250
3 0 -14.000 98.900 -6.250 -13.900 97.700 -6.250 -14.000 96.400 -6.250
3 0 -14.300 97.800 -6.250 -14.400 99.000 -6.250 -13.900 99.300 -6.250
3 0 -13.900 99.300 -6.250 -14.000 98.900 -6.250 -14.300 97.800 -6.250
3 0 -14.400 99.000 -6.250 -14.200 99.700 -6.250 -13.500 99.800 -6.250
3 0 -13.500 99.800 -6.250 -13.900 99.300 -6.250 -14.400 99.000 -6.250
3 0 -13.900 99.300 -6.250 -13.500 99.800 -6.250 -13.400 99.400 -6.250
3 0 -13.600 96.400 -6.250 -13.000 95.500 -6.250 -12.500 94.100 -6.250
3 0 -12.500 94.100 -6.250 -13.800 95.300 -6.250 -13.600 96.400 -6.250
3 0 -12.500 94.100 -6.250 -13.000 95.500 -6.250 -11.700 94.500 -6.250
3 0 -12.000 93.500 -6.250 -11.300 93.800 -6.250 -10.200 89.000 -6.250
3 0 -10.200 89.000 -6.250 -10.800 90.400 -6.250 -12.000 93.500 -6.250
3 0 -10.200 89.000 -6.250 -10.800 89.700 -6.250 -10.800 90.400 -6.250
3 0 -10.800 89.700 -6.250 -10.200 89.000 -6.250 -11.300 86.700 -6.250
3 0 -11.300 86.700 -6.250 -12.000 86.800 -6.250 -10.800 89.700 -6.250
3 0 -12.000 86.800 -6.250 -11.300 86.700 -6.250 -8.800 85.600 -6.250
3 0 -8.800 85.600 -6.250 -11.900 86.000 -6.250 -12.000 86.800 -6.250
3 0 -8.800 85.600 -6.250 -11.300 86.700 -6.250 -9.200 86.400 -6.250
3 0 -8.800 85.600 -6.250 -9.200 86.400 -6.250 -10.200 89.000 -6.250
3 0 -10.200 89.000 -6.250 -11.300 93.800 -6.250 -8.800 85.600 -6.250
3 0 -4.600 75.900 -6.250 -8.800 85.600 -6.250 -11.300 93.800 -6.250
3 0 -10.800 89.700 -6.250 -13.100 88.700 -6.250 -13.300 89.400 -6.250
3 0 -13.300 89.400 -6.250 -10.800 90.400 -6.250 -10.800 89.700 -6.250
3 0 -13.100 88.700 -6.250 -13.800 88.800 -6.250 -14.500 91.500 -6.250
3 0 -14.500 91.500 -6.250 -13.300 89.400 -6.250 -13.100 88.700 -6.250
3 0 -13.300 89.400 -6.250 -14.500 91.500 -6.250 -14.700 92.400 -6.250
3 0 -14.700 92.400 -6.250 -14.100 92.300 -6.250 -13.300 89.400 -6.250
3 0 -14.700 92.400 -6.250 -14.500 91.500 -6.250 -16.700 89.500 -6.250
3 0 -16.700 89.500 -6.250 -16.800 90.500 -6.250 -14.700 92.400 -6.250
3 0 -16.700 89.500 -6.250 -17.300 89.700 -6.250 -19.500 93.600 -6.250
3 0 -19.500 93.600 -6.250 -16.800 90.500 -6.250 -16.700 89.500 -6.250
3 0 -19.300 94.600 -6.250 -19.500 93.600 -6.250 -21.000 90.500 -6.250
3 0 -21.000 90.500 -6.250 -19.900 94.600 -6.250 -19.300 94.600 -6.250
3 0 -21.000 90.500 -6.250 -21.500 90.400 -6.250 -25.300 94.300 -6.250
3 0 -25.300 94.300 -6.250 -21.400 91.400 -6.250 -21.000 90.500 -6.250
3 0 -25.400 95.400 -6.250 -25.300 94.300 -6.250 -24.900 89.500 -6.250
3 0 -24.900 89.500 -6.250 -26.100 95.100 -6.250 -25.400 95.400 -6.250
3 0 -24.900 89.500 -6.250 -25.100 89.000 -6.250 -29.100 88.200 -6.250
3 0 -29.100 88.200 -6.250 -25.700 89.900 -6.250 -24.900 89.500 -6.250
3 0 -25.700 89.900 -6.250 -29.100 88.200 -6.250 -30.200 88.000 -6.250
3 0 -30.200 88.000 -6.250 -30.100 88.700 -6.250 -25.700 89.900 -6.250
3 0 -30.200 88.000 -6.250 -29.100 88.200 -6.250 -25.200 85.700 -6.250
3 0 -25.200 85.700 -6.250 -25.700 85.100 -6.250 -30.200 88.000 -6.250
3 0 -25.200 85.700 -6.250 -25.000 85.000 -6.250 -25.700 80.400 -6.250
3 0 -25.700 80.400 -6.250 -25.700 85.100 -6.250 -25.200 85.700 -6.250
3 0 -5.700 71.100 -6.250 -6.500 71.800 -6.250 -6.000 72.300 -6.250
3 0 -6.000 72.300 -6.250 -5.200 71.600 -6.250 -5.700 71.100 -6.250
3 0 -6.500 71.800 -6.250 -7.200 72.700 -6.250 -6.600 73.400 -6.250
3 0 -6.600 73.400 -6.250 -6.000 72.300 -6.250 -6.500 71.800 -6.250
3 0 -7.200 72.700 -6.250 -7.500 73.900 -6.250 -6.800 74.500 -6.250
3 0 -6.800 74.500 -6.250 -6.600 73.400 -6.250 -7.200 72.700 -6.250
3 0 -7.500 73.900 -6.250 -7.500 75.100 -6.250 -6.500 75.500 -6.250
3 0 -6.500 75.500 -6.250 -6.800 74.500 -6.250 -7.500 73.900 -6.250
3 0 -7.500 75.100 -6.250 -7.100 76.000 -6.250 -6.500 75.500 -6.250
3 0 -6.800 69.700 -6.250 -7.700 70.700 -6.250 -7.200 71.200 -6.250
3 0 -7.200 71.200 -6.250 -6.300 70.200 -6.250 -6.800 69.700 -6.250
3 0 -7.700 70.700 -6.250 -8.400 71.800 -6.250 -7.800 72.200 -6.250
3 0 -7.800 72.200 -6.250 -7.200 71.200 -6.250 -7.700 70.700 -6.250
3 0 -8.400 71.800 -6.250 -8.900 73.000 -6.250 -8.200 73.500 -6.250
3 0 -8.200 73.500 -6.250 -7.800 72.200 -6.250 -8.400 71.800 -6.250
3 0 -8.900 73.000 -6.250 -9.000 74.500 -6.250 -8.200 74.800 -6.250
3 0 -8.200 74.800 -6.250 -8.200 73.500 -6.250 -8.900 73.000 -6.250
3 0 -9.000 74.500 -6.250 -8.800 75.800 -6.250 -8.000 76.000 -6.250
3 0 -8.000 76.000 -6.250 -8.200 74.800 -6.250 -9.000 74.500 -6.250
3 0 -8.800 75.800 -6.250 -8.200 77.200 -6.250 -7.600 76.800 -6.250
3 0 -7.600 76.800 -6.250 -8.000 76.000 -6.250 -8.800 75.800 -6.250
3 0 -8.400 68.300 -6.250 -9.300 69.400 -6.250 -8.700 69.800 -6.250
3 0 -8.700 69.800 -6.250 -7.800 68.800 -6.250 -8.400 68.300 -6.250
3 0 -9.300 69.400 -6.250 -10.000 70.700 -6.250 -9.300 71.100 -6.250
3 0 -9.300 71.100 -6.250 -8.700 69.800 -6.250 -9.300 69.400 -6.250
3 0 -10.000 70.700 -6.250 -10.500 72.200 -6.250 -9.800 72.500 -6.250
3 0 -9.800 72.500 -6.250 -9.300 71.100 -6.250 -10.000 70.700 -6.250
3 0 -10.500 72.200 -6.250 -10.700 74.200 -6.250 -9.900 74.500 -6.250
3 0 -9.900 74.500 -6.250 -9.800 72.500 -6.250 -10.500 72.200 -6.250
3 0 -10.700 74.200 -6.250 -10.500 76.100 -6.250 -9.700 76.400 -6.250
3 0 -9.700 76.400 -6.250 -9.900 74.500 -6.250 -10.700 74.200 -6.250
3 0 -10.500 76.100 -6.250 -10.000 77.900 -6.250 -9.200 77.800 -6.250
3 0 -9.200 77.800 -6.250 -9.700 76.400 -6.250 -10.500 76.100 -6.250
3 0 -10.000 77.900 -6.250 -9.300 79.100 -6.250 -8.700 78.700 -6.250
3 0 -8.700 78.700 -6.250 -9.200 77.800 -6.250 -10.000 77.900 -6.250
3 0 -0.700 70.800 -6.250 -1.200 71.300 -6.250 -0.400 72.100 -6.250
3 0 -0.400 72.100 -6.250 0.100 71.600 -6.250 -0.700 70.800 -6.250
3 0 0.100 71.600 -6.250 -0.400 72.100 -6.250 0.300 73.400 -6.250
3 0 0.300 73.400 -6.250 0.900 72.900 -6.250 0.100 71.600 -6.250
3 0 0.900 72.900 -6.250 0.300 73.400 -6.250 0.400 74.800 -6.250
3 0 0.400 74.800 -6.250 1.200 74.400 -6.250 0.900 72.900 -6.250
3 0 1.200 74.400 -6.250 0.400 74.800 -6.250 0.000 76.000 -6.250
3 0 0.000 76.000 -6.250 1.000 75.700 -6.250 1.200 74.400 -6.250
3 0 1.000 75.700 -6.250 0.000 76.000 -6.250 -0.800 76.500 -6.250
3 0 -0.800 76.500 -6.250 0.400 76.700 -6.250 1.000 75.700 -6.250
3 0 -0.800 76.500 -6.250 -0.500 77.300 -6.250 0.400 76.700 -6.250
3 0 0.500 69.600 -6.250 0.000 70.100 -6.250 1.000 71.100 -6.250
3 0 1.000 71.100 -6.250 1.500 70.600 -6.250 0.500 69.600 -6.250
3 0 1.500 70.600 -6.250 1.000 71.100 -6.250 1.700 72.200 -6.250
3 0 1.700 72.200 -6.250 2.400 71.900 -6.250 1.500 70.600 -6.250
3 0 2.400 71.900 -6.250 1.700 72.200 -6.250 2.200 73.800 -6.250
3 0 2.200 73.800 -6.250 2.800 73.500 -6.250 2.400 71.900 -6.250
3 0 2.800 73.500 -6.250 2.200 73.800 -6.250 2.100 75.300 -6.250
3 0 2.100 75.300 -6.250 2.900 75.100 -6.250 2.800 73.500 -6.250
3 0 2.900 75.100 -6.250 2.100 75.300 -6.250 1.600 76.700 -6.250
3 0 1.600 76.700 -6.250 2.400 76.700 -6.250 2.900 75.100 -6.250
3 0 2.400 76.700 -6.250 1.600 76.700 -6.250 0.700 77.500 -6.250
3 0 0.700 77.500 -6.250 1.300 78.000 -6.250 2.400 76.700 -6.250
3 0 1.300 78.000 -6.250 0.700 77.500 -6.250 -0.300 78.200 -6.250
3 0 -0.300 78.200 -6.250 0.000 78.900 -6.250 1.300 78.000 -6.250
3 0 1.800 68.500 -6.250 1.300 69.000 -6.250 2.500 70.300 -6.250
3 0 2.500 70.300 -6.250 3.000 69.700 -6.250 1.800 68.500 -6.250
3 0 3.000 69.700 -6.250 2.500 70.300 -6.250 3.300 71.600 -6.250
3 0 3.300 71.600 -6.250 4.000 71.100 -6.250 3.000 69.700 -6.250
3 0 4.000 71.100 -6.250 3.300 71.600 -6.250 3.800 73.200 -6.250
3 0 3.800 73.200 -6.250 4.500 72.900 -6.250 4.000 71.100 -6.250
3 0 4.500 72.900 -6.250 3.800 73.200 -6.250 3.900 74.700 -6.250
3 0 3.900 74.700 -6.250 4.700 74.700 -6.250 4.500 72.900 -6.250
3 0 4.700 74.700 -6.250 3.900 74.700 -6.250 3.700 76.400 -6.250
3 0 3.700 76.400 -6.250 4.500 76.600 -6.250 4.700 74.700 -6.250
3 0 4.500 76.600 -6.250 3.700 76.400 -6.250 3.000 77.800 -6.250
3 0 3.000 77.800 -6.250 3.800 78.200 -6.250 4.500 76.600 -6.250
3 0 3.800 78.200 -6.250 3.000 77.800 -6.250 2.200 78.800 -6.250
3 0 2.200 78.800 -6.250 2.900 79.400 -6.250 3.800 78.200 -6.250
3 0 2.900 79.400 -6.250 2.200 78.800 -6.250 0.800 79.800 -6.250
3 0 0.800 79.800 -6.250 1.200 80.500 -6.250 2.900 79.400 -6.250
3 1 -31.000 61.000 -6.250 -31.000 64.500 -6.250 7.000 64.500 -6.250
3 1 7.000 64.500 -6.250 7.000 61.000 -6.250 -31.000 61.000 -6.250
3 4 7.000 64.500 -6.250 -31.000 64.500 -6.250 -8.400 68.300 -6.250
3 4 -8.400 68.300 -6.250 -7.800 68.800 -6.250 1.800 68.500 -6.250
3 4 1.800 68.500 -6.250 7.000 64.500 -6.250 -8.400 68.300 -6.250
3 4 7.000 64.500 -6.250 1.800 68.500 -6.250 3.000 69.700 -6.250
3 4 7.000 64.500 -6.250 3.000 69.700 -6.250 4.000 71.100 -6.250
3 4 7.000 64.500 -6.250 4.000 71.100 -6.250 4.500 72.900 -6.250
3 4 4.500 72.900 -6.250 4.700 74.700 -6.250 7.000 82.500 -6.250
3 4 7.000 82.500 -6.250 7.000 64.500 -6.250 4.500 72.900 -6.250
3 4 4.700 74.700 -6.250 4.500 76.600 -6.250 7.000 82.500 -6.250
3 4 4.500 76.600 -6.250 3.800 78.200 -6.250 7.000 82.500 -6.250
3 4 3.800 78.200 -6.250 2.900 79.400 -6.250 7.000 82.500 -6.250
3 4 2.900 79.400 -6.250 1.200 80.500 -6.250 7.000 82.500 -6.250
3 4 1.200 80.500 -6.250 -3.800 82.000 -6.250 7.000 82.500 -6.250
3 4 1.200 80.500 -6.250 0.800 79.800 -6.250 0.000 78.900 -6.250
3 4 0.000 78.900 -6.250 -3.800 82.000 -6.250 1.200 80.500 -6.250
3 0 -2.400 76.500 -6.250 -9.500 94.800 -6.250 -5.200 85.600 -6.250
3 0 -5.200 85.600 -6.250 -3.800 82.000 -6.250 -2.400 76.500 -6.250
3 4 0.000 78.900 -6.250 0.800 79.800 -6.250 2.200 78.800 -6.250
3 4 2.200 78.800 -6.250 1.300 78.000 -6.250 0.000 78.900 -6.250
3 4 2.200 78.800 -6.250 3.000 77.800 -6.250 2.400 76.700 -6.250
3 4 2.400 76.700 -6.250 1.300 78.000 -6.250 2.200 78.800 -6.250
3 4 3.000 77.800 -6.250 3.700 76.400 -6.250 2.900 75.100 -6.250
3 4 2.900 75.100 -6.250 2.400 76.700 -6.250 3.000 77.800 -6.250
3 4 3.700 76.400 -6.250 3.900 74.700 -6.250 2.800 73.500 -6.250
3 4 2.800 73.500 -6.250 2.900 75.100 -6.250 3.700 76.400 -6.250
3 4 3.900 74.700 -6.250 3.800 73.200 -6.250 2.400 71.900 -6.250
3 4 2.400 71.900 -6.250 2.800 73.500 -6.250 3.900 74.700 -6.250
3 4 3.800 73.200 -6.250 3.300 71.600 -6.250 2.500 70.300 -6.250
3 4 2.500 70.300 -6.250 2.400 71.900 -6.250 3.800 73.200 -6.250
3 4 2.400 71.900 -6.250 2.500 70.300 -6.250 1.300 69.000 -6.250
3 4 1.300 69.000 -6.250 1.500 70.600 -6.250 2.400 71.900 -6.250
3 4 1.300 69.000 -6.250 0.500 69.600 -6.250 1.500 70.600 -6.250
3 4 0.500 69.600 -6.250 1.300 69.000 -6.250 -7.800 68.800 -6.250
3 4 -7.800 68.800 -6.250 -6.800 69.700 -6.250 0.500 69.600 -6.250
3 4 1.800 68.500 -6.250 -7.800 68.800 -6.250 1.300 69.000 -6.250
3 4 -6.800 69.700 -6.250 -7.800 68.800 -6.250 -8.700 69.800 -6.250
3 4 -8.700 69.800 -6.250 -7.700 70.700 -6.250 -6.800 69.700 -6.250
3 4 -8.700 69.800 -6.250 -9.300 71.100 -6.250 -8.400 71.800 -6.250
3 4 -8.400 71.800 -6.250 -7.700 70.700 -6.250 -8.700 69.800 -6.250
3 4 -9.300 71.100 -6.250 -9.800 72.500 -6.250 -8.900 73.000 -6.250
3 4 -8.900 73.000 -6.250 -8.400 71.800 -6.250 -9.300 71.100 -6.250
3 4 -9.800 72.500 -6.250 -9.900 74.500 -6.250 -9.000 74.500 -6.250
3 4 -9.000 74.500 -6.250 -8.900 73.000 -6.250 -9.800 72.500 -6.250
3 4 -9.900 74.500 -6.250 -9.700 76.400 -6.250 -8.800 75.800 -6.250
3 4 -8.800 75.800 -6.250 -9.000 74.500 -6.250 -9.900 74.500 -6.250
3 4 -9.700 76.400 -6.250 -9.200 77.800 -6.250 -8.200 77.200 -6.250
3 4 -8.200 77.200 -6.250 -8.800 75.800 -6.250 -9.700 76.400 -6.250
3 4 -8.200 77.200 -6.250 -9.200 77.800 -6.250 -8.700 78.700 -6.250
3 4 -8.200 77.200 -6.250 -8.700 78.700 -6.250 -8.500 79.800 -6.250
3 4 -8.500 79.800 -6.250 -7.600 76.800 -6.250 -8.200 77.200 -6.250
3 4 -8.500 79.800 -6.250 -8.200 80.600 -6.250 -7.100 76.000 -6.250
3 4 -7.100 76.000 -6.250 -7.600 76.800 -6.250 -8.500 79.800 -6.250
3 4 -7.100 76.000 -6.250 -8.200 80.600 -6.250 -5.000 75.300 -6.250
3 4 -5.000 75.300 -6.250 -6.500 75.500 -6.250 -7.100 76.000 -6.250
3 4 -5.000 75.300 -6.250 -8.200 80.600 -6.250 -7.600 81.900 -6.250
3 4 -8.200 80.600 -6.250 -9.400 81.800 -6.250 -7.600 81.900 -6.250
3 0 -5.000 75.300 -6.250 -7.600 81.900 -6.250 -8.700 84.800 -6.250
3 0 -8.700 84.800 -6.250 -4.600 75.900 -6.250 -5.000 75.300 -6.250
3 0 -4.600 75.900 -6.250 -8.700 84.800 -6.250 -8.800 85.600 -6.250
3 0 -9.300 80.600 -6.250 -10.900 83.300 -6.250 -9.400 81.800 -6.250
3 4 -7.600 76.800 -6.250 -7.100 76.000 -6.250 -7.500 75.100 -6.250
3 4 -7.500 75.100 -6.250 -8.000 76.000 -6.250 -7.600 76.800 -6.250
3 4 -8.000 76.000 -6.250 -7.500 75.100 -6.250 -7.500 73.900 -6.250
3 4 -7.500 73.900 -6.250 -8.200 74.800 -6.250 -8.000 76.000 -6.250
3 4 -8.200 74.800 -6.250 -7.500 73.900 -6.250 -7.200 72.700 -6.250
3 4 -7.200 72.700 -6.250 -8.200 73.500 -6.250 -8.200 74.800 -6.250
3 4 -8.200 73.500 -6.250 -7.200 72.700 -6.250 -7.200 71.200 -6.250
3 4 -7.200 71.200 -6.250 -7.800 72.200 -6.250 -8.200 73.500 -6.250
3 4 -7.200 72.700 -6.250 -6.500 71.800 -6.250 -6.300 70.200 -6.250
3 4 -6.300 70.200 -6.250 -7.200 71.200 -6.250 -7.200 72.700 -6.250
3 4 -6.300 70.200 -6.250 -6.500 71.800 -6.250 -5.700 71.100 -6.250
3 4 -5.700 71.100 -6.250 -0.700 70.800 -6.250 0.000 70.100 -6.250
3 4 0.000 70.100 -6.250 -6.300 70.200 -6.250 -5.700 71.100 -6.250
3 4 -6.300 70.200 -6.250 0.000 70.100 -6.250 0.500 69.600 -6.250
3 4 0.500 69.600 -6.250 -6.800 69.700 -6.250 -6.300 70.200 -6.250
3 4 -0.700 70.800 -6.250 0.100 71.600 -6.250 1.000 71.100 -6.250
3 4 1.000 71.100 -6.250 0.000 70.100 -6.250 -0.700 70.800 -6.250
3 4 0.100 71.600 -6.250 0.900 72.900 -6.250 1.700 72.200 -6.250
3 4 1.700 72.200 -6.250 1.000 71.100 -6.250 0.100 71.600 -6.250
3 4 1.700 72.200 -6.250 0.900 72.900 -6.250 1.200 74.400 -6.250
3 4 1.200 74.400 -6.250 2.200 73.800 -6.250 1.700 72.200 -6.250
3 4 2.200 73.800 -6.250 1.200 74.400 -6.250 1.000 75.700 -6.250
3 4 1.000 75.700 -6.250 2.100 75.300 -6.250 2.200 73.800 -6.250
3 4 2.100 75.300 -6.250 1.000 75.700 -6.250 0.400 76.700 -6.250
3 4 0.400 76.700 -6.250 1.600 76.700 -6.250 2.100 75.300 -6.250
3 4 1.600 76.700 -6.250 0.400 76.700 -6.250 -0.500 77.300 -6.250
3 4 -0.500 77.300 -6.250 0.700 77.500 -6.250 1.600 76.700 -6.250
3 4 -0.500 77.300 -6.250 -0.300 78.200 -6.250 0.700 77.500 -6.250
3 4 -0.300 78.200 -6.250 -0.500 77.300 -6.250 -0.800 76.500 -6.250
3 4 -0.800 76.500 -6.250 -3.800 82.000 -6.250 -0.300 78.200 -6.250
3 4 -0.300 78.200 -6.250 -3.800 82.000 -6.250 0.000 78.900 -6.250
3 4 -3.800 82.000 -6.250 -0.800 76.500 -6.250 -1.200 75.900 -6.250
3 4 -1.200 75.900 -6.250 -1.600 76.200 -6.250 -3.800 82.000 -6.250
3 4 -0.800 76.500 -6.250 0.000 76.000 -6.250 -0.680 75.120 -6.250
3 4 -0.680 75.120 -6.250 -1.200 75.900 -6.250 -0.800 76.500 -6.250
3 4 0.000 76.000 -6.250 0.400 74.800 -6.250 -0.500 74.200 -6.250
3 4 -0.500 74.200 -6.250 -0.680 75.120 -6.250 0.000 76.000 -6.250
3 4 0.400 74.800 -6.250 0.300 73.400 -6.250 -0.680 73.280 -6.250
3 4 -0.680 73.280 -6.250 -0.500 74.200 -6.250 0.400 74.800 -6.250
3 4 0.300 73.400 -6.250 -0.400 72.100 -6.250 -1.200 72.500 -6.250
3 4 -1.200 72.500 -6.250 -0.680 73.280 -6.250 0.300 73.400 -6.250
3 4 -0.400 72.100 -6.250 -1.200 71.300 -6.250 -1.980 71.980 -6.250
3 4 -1.980 71.980 -6.250 -1.200 72.500 -6.250 -0.400 72.100 -6.250
3 4 -1.980 71.980 -6.250 -1.200 71.300 -6.250 -0.700 70.800 -6.250
3 4 -0.700 70.800 -6.250 -2.900 71.800 -6.250 -1.980 71.980 -6.250
3 4 -2.900 71.800 -6.250 -0.700 70.800 -6.250 -5.700 71.100 -6.250
3 4 -5.700 71.100 -6.250 -5.200 71.600 -6.250 -2.900 71.800 -6.250
3 4 -5.200 71.600 -6.250 -3.820 71.980 -6.250 -2.900 71.800 -6.250
3 4 -3.820 71.980 -6.250 -5.200 71.600 -6.250 -6.000 72.300 -6.250
3 4 -6.000 72.300 -6.250 -4.600 72.500 -6.250 -3.820 71.980 -6.250
3 4 -4.600 72.500 -6.250 -6.000 72.300 -6.250 -6.600 73.400 -6.250
3 4 -6.600 73.400 -6.250 -5.120 73.280 -6.250 -4.600 72.500 -6.250
3 4 -5.120 73.280 -6.250 -6.600 73.400 -6.250 -6.800 74.500 -6.250
3 4 -6.800 74.500 -6.250 -5.300 74.200 -6.250 -5.120 73.280 -6.250
3 4 -5.300 74.200 -6.250 -6.800 74.500 -6.250 -6.500 75.500 -6.250
3 4 -6.500 75.500 -6.250 -5.120 75.120 -6.250 -5.300 74.200 -6.250
3 4 -5.120 75.120 -6.250 -6.500 75.500 -6.250 -5.000 75.300 -6.250
3 4 -8.700 78.700 -6.250 -9.300 79.100 -6.250 -8.500 79.800 -6.250
3 4 -8.500 79.800 -6.250 -9.300 79.100 -6.250 -12.100 78.100 -6.250
3 4 -12.100 78.100 -6.250 -13.700 80.800 -6.250 -8.500 79.800 -6.250
3 4 -9.300 79.100 -6.250 -10.000 77.900 -6.250 -12.600 77.600 -6.250
3 4 -12.600 77.600 -6.250 -12.100 78.100 -6.250 -9.300 79.100 -6.250
3 4 -10.500 76.100 -6.250 -12.600 77.600 -6.250 -10.000 77.900 -6.250
3 4 -10.500 76.100 -6.250 -18.700 78.300 -6.250 -18.200 80.500 -6.250
3 4 -18.200 80.500 -6.250 -12.600 77.600 -6.250 -10.500 76.100 -6.250
3 4 -10.500 76.100 -6.250 -10.700 74.200 -6.250 -19.400 78.100 -6.250
3 4 -19.400 78.100 -6.250 -18.700 78.300 -6.250 -10.500 76.100 -6.250
3 4 -10.700 74.200 -6.250 -10.500 72.200 -6.250 -25.800 79.200 -6.250
3 4 -25.800 79.200 -6.250 -19.400 78.100 -6.250 -10.700 74.200 -6.250
3 4 -25.800 79.200 -6.250 -24.000 80.900 -6.250 -22.300 81.000 -6.250
3 4 -22.300 81.000 -6.250 -19.400 78.100 -6.250 -25.800 79.200 -6.250
3 0 -25.700 80.400 -6.250 -23.000 81.800 -6.250 -24.000 80.900 -6.250
3 25 -24.000 80.900 -6.250 -23.000 81.800 -6.250 -22.300 81.000 -6.250
3 0 -19.400 78.100 -6.250 -22.300 81.000 -6.250 -19.300 79.000 -6.250
3 4 -25.800 79.200 -6.250 -10.500 72.200 -6.250 -10.000 70.700 -6.250
3 4 -10.000 70.700 -6.250 -31.000 64.500 -6.250 -25.800 79.200 -6.250
3 4 -31.000 64.500 -6.250 -10.000 70.700 -6.250 -9.300 69.400 -6.250
3 4 -31.000 64.500 -6.250 -9.300 69.400 -6.250 -8.400 68.300 -6.250
3 4 -25.800 79.200 -6.250 -31.000 64.500 -6.250 -31.000 80.500 -6.250
3 4 -31.000 80.500 -6.250 -26.500 79.500 -6.250 -25.800 79.200 -6.250
3 4 -26.500 79.500 -6.250 -31.000 80.500 -6.250 -26.300 80.700 -6.250
3 0 -26.500 79.500 -6.250 -26.300 80.700 -6.250 -25.700 80.400 -6.250
3 0 -25.700 80.400 -6.250 -26.300 80.700 -6.250 -25.700 85.100 -6.250
3 25 -31.000 80.500 -6.250 -31.000 85.000 -6.250 -25.700 85.100 -6.250
3 25 -25.700 85.100 -6.250 -26.300 80.700 -6.250 -31.000 80.500 -6.250
3 25 -10.900 83.300 -6.250 -8.700 84.800 -6.250 -7.600 81.900 -6.250
3 25 -7.600 81.900 -6.250 -9.400 81.800 -6.250 -10.900 83.300 -6.250
3 25 7.000 82.500 -6.250 -3.800 82.000 -6.250 -5.200 85.600 -6.250
3 25 -5.200 85.600 -6.250 7.000 86.000 -6.250 7.000 82.500 -6.250
3 14 -31.000 85.000 -6.250 -30.200 88.000 -6.250 -25.700 85.100 -6.250
3 14 -31.000 85.000 -6.250 -31.000 92.000 -6.250 -30.100 88.700 -6.250
3 14 -30.100 88.700 -6.250 -30.200 88.000 -6.250 -31.000 85.000 -6.250
3 14 -30.100 88.700 -6.250 -31.000 92.000 -6.250 -25.900 92.600 -6.250
3 14 -25.900 92.600 -6.250 -25.700 89.900 -6.250 -30.100 88.700 -6.250
3 0 -24.900 89.500 -6.250 -25.700 89.900 -6.250 -25.900 92.600 -6.250
3 0 -24.900 89.500 -6.250 -25.900 92.600 -6.250 -26.100 95.100 -6.250
3 14 -21.400 91.400 -6.250 -22.800 92.800 -6.250 -20.600 93.000 -6.250
3 0 -22.800 92.800 -6.250 -25.300 94.300 -6.250 -25.400 95.400 -6.250
3 0 -21.400 91.400 -6.250 -25.300 94.300 -6.250 -22.800 92.800 -6.250
3 0 -21.000 90.500 -6.250 -21.400 91.400 -6.250 -20.600 93.000 -6.250
3 0 -21.000 90.500 -6.250 -20.600 93.000 -6.250 -19.900 94.600 -6.250
3 14 -16.800 90.500 -6.250 -18.400 93.100 -6.250 -14.700 92.400 -6.250
3 14 -18.400 93.100 -6.250 -13.400 93.500 -6.250 -14.100 92.300 -6.250
3 14 -14.100 92.300 -6.250 -14.700 92.400 -6.250 -18.400 93.100 -6.250
3 14 -13.400 93.500 -6.250 -12.000 93.500 -6.250 -13.300 89.400 -6.250
3 14 -13.300 89.400 -6.250 -14.100 92.300 -6.250 -13.400 93.500 -6.250
3 14 -13.300 89.400 -6.250 -12.000 93.500 -6.250 -10.800 90.400 -6.250
3 0 -16.800 90.500 -6.250 -19.500 93.600 -6.250 -18.400 93.100 -6.250
3 0 -18.400 93.100 -6.250 -19.500 93.600 -6.250 -19.300 94.600 -6.250
3 14 -9.200 86.400 -6.250 -11.300 86.700 -6.250 -10.200 89.000 -6.250
3 14 7.000 86.000 -6.250 -5.200 85.600 -6.250 -8.500 94.000 -6.250
3 14 -8.500 94.000 -6.250 7.000 95.000 -6.250 7.000 86.000 -6.250
3 0 -5.200 85.600 -6.250 -9.500 94.800 -6.250 -8.700 94.500 -6.250
3 0 -8.700 94.500 -6.250 -8.500 94.000 -6.250 -5.200 85.600 -6.250
3 15 -31.000 92.000 -6.250 -31.000 107.000 -6.250 -26.100 95.100 -6.250
3 15 -26.100 95.100 -6.250 -25.900 92.600 -6.250 -31.000 92.000 -6.250
3 15 -26.100 95.100 -6.250 -31.000 107.000 -6.250 -25.400 95.400 -6.250
3 15 -25.400 95.400 -6.250 -31.000 107.000 -6.250 -20.600 93.000 -6.250
3 15 -20.600 93.000 -6.250 -22.800 92.800 -6.250 -25.400 95.400 -6.250
3 15 -20.600 93.000 -6.250 -31.000 107.000 -6.250 -19.900 94.600 -6.250
3 15 -19.900 94.600 -6.250 -31.000 107.000 -6.250 -17.300 98.200 -6.250
3 15 -17.300 98.200 -6.250 -19.300 94.600 -6.250 -19.900 94.600 -6.250
3 15 -17.300 98.200 -6.250 -16.800 96.600 -6.250 -18.400 93.100 -6.250
3 15 -18.400 93.100 -6.250 -19.300 94.600 -6.250 -17.300 98.200 -6.250
3 15 -18.400 93.100 -6.250 -16.800 96.600 -6.250 -16.000 95.300 -6.250
3 15 -18.400 93.100 -6.250 -16.000 95.300 -6.250 -15.000 94.300 -6.250
3 15 -18.400 93.100 -6.250 -15.000 94.300 -6.250 -13.400 93.500 -6.250
3 15 -17.300 98.200 -6.250 -31.000 107.000 -6.250 -17.200 103.000 -6.250
3 15 -17.200 103.000 -6.250 -31.000 107.000 -6.250 -16.600 104.100 -6.250
3 15 -16.600 104.100 -6.250 -31.000 107.000 -6.250 -15.600 104.800 -6.250
3 15 -15.600 104.800 -6.250 -31.000 107.000 -6.250 -13.900 105.500 -6.250
3 15 -13.900 105.500 -6.250 -31.000 107.000 -6.250 -11.700 105.700 -6.250
3 15 -31.000 107.000 -6.250 7.000 107.000 -6.250 -9.700 105.600 -6.250
3 15 -9.700 105.600 -6.250 -11.700 105.700 -6.250 -31.000 107.000 -6.250
3 15 -8.300 105.100 -6.250 -9.700 105.600 -6.250 7.000 107.000 -6.250
3 15 -7.300 104.100 -6.250 -8.300 105.100 -6.250 7.000 107.000 -6.250
3 15 -6.600 102.800 -6.250 -7.300 104.100 -6.250 7.000 107.000 -6.250
3 15 -6.600 102.800 -6.250 7.000 107.000 -6.250 7.000 95.000 -6.250
3 15 7.000 95.000 -6.250 -6.600 97.200 -6.250 -6.600 102.800 -6.250
3 15 7.000 95.000 -6.250 -7.200 95.700 -6.250 -6.600 97.200 -6.250
3 15 7.000 95.000 -6.250 -7.800 95.000 -6.250 -7.200 95.700 -6.250
3 15 -7.800 95.000 -6.250 7.000 95.000 -6.250 -8.500 94.000 -6.250
3 15 -8.500 94.000 -6.250 -8.700 94.500 -6.250 -7.800 95.000 -6.250
1 47 -12.0000 84.0000 -6.2500 19.0000 0.0000 0.0000 0.0000 0.0000 -23.0000 0.0000 0.2500 0.0000 box5-12.dat
