0 FILE 2569d01.dat
0 Antenna Whip 8H with Triangular Yellow Flag Pattern (Sticker) - Set 6648-1
0 Name:  2569d01.dat
0 Author:  
0 BL_Item_No 2569pb01
0 BFC CERTIFY CCW
1 16 0.0000 0.0000 0.0000 1.0000 0.0000 0.0000 0.0000 1.0000 0.0000 0.0000 0.0000 1.0000 2569.dat
3 16 -1.848 -169.488 -0.765 -1.848 -150.512 -0.765 -2.000 -151.000 0.000
3 16 -2.000 -151.000 0.000 -2.000 -169.000 0.000 -1.848 -169.488 -0.765
3 16 -1.848 -150.512 -0.765 -2.074 -150.512 -0.859 -2.245 -151.000 0.000
3 16 -2.245 -151.000 0.000 -2.000 -151.000 0.000 -1.848 -150.512 -0.765
3 16 -2.245 -169.000 0.000 -2.074 -169.488 -0.859 -1.848 -169.488 -0.765
3 16 -1.848 -169.488 -0.765 -2.000 -169.000 0.000 -2.245 -169.000 0.000
3 16 -1.414 -150.025 -1.414 -1.848 -150.512 -0.765 -1.848 -169.488 -0.765
3 16 -1.848 -169.488 -0.765 -1.414 -169.975 -1.414 -1.414 -150.025 -1.414
3 16 -1.414 -150.025 -1.414 -1.588 -149.998 -1.588 -2.074 -150.512 -0.859
3 16 -2.074 -150.512 -0.859 -1.848 -150.512 -0.765 -1.414 -150.025 -1.414
3 16 -1.414 -169.975 -1.414 -1.848 -169.488 -0.765 -2.074 -169.488 -0.859
3 16 -2.074 -169.488 -0.859 -1.588 -170.002 -1.588 -1.414 -169.975 -1.414
3 16 -0.765 -149.537 -1.848 -1.414 -150.025 -1.414 -1.414 -169.975 -1.414
3 16 -1.414 -169.975 -1.414 -0.765 -170.463 -1.848 -0.765 -149.537 -1.848
3 16 -0.859 -149.488 -2.074 -1.588 -149.998 -1.588 -0.765 -149.537 -1.848
3 16 -1.414 -150.025 -1.414 -0.765 -149.537 -1.848 -1.588 -149.998 -1.588
3 16 -0.765 -170.463 -1.848 -1.414 -169.975 -1.414 -1.588 -170.002 -1.588
3 16 -0.765 -170.463 -1.848 -1.588 -170.002 -1.588 -0.859 -170.512 -2.074
3 16 0.000 -149.049 -2.000 -0.765 -149.537 -1.848 -0.765 -170.463 -1.848
3 16 -0.765 -170.463 -1.848 0.000 -170.951 -2.000 0.000 -149.049 -2.000
3 16 0.000 -148.982 -2.245 -0.859 -149.488 -2.074 0.000 -149.049 -2.000
3 16 -0.765 -149.537 -1.848 0.000 -149.049 -2.000 -0.859 -149.488 -2.074
3 16 0.000 -170.951 -2.000 -0.765 -170.463 -1.848 -0.859 -170.512 -2.074
3 16 0.000 -170.951 -2.000 -0.859 -170.512 -2.074 0.000 -171.018 -2.245
3 16 0.765 -148.561 -1.848 0.000 -149.049 -2.000 0.000 -170.951 -2.000
3 16 0.000 -170.951 -2.000 0.765 -171.439 -1.848 0.765 -148.561 -1.848
3 16 0.856 -148.480 -2.067 0.000 -148.982 -2.245 0.765 -148.561 -1.848
3 16 0.000 -149.049 -2.000 0.765 -148.561 -1.848 0.000 -148.982 -2.245
3 16 0.765 -171.439 -1.848 0.000 -170.951 -2.000 0.000 -171.018 -2.245
3 16 0.765 -171.439 -1.848 0.000 -171.018 -2.245 0.856 -171.520 -2.067
3 16 0.765 -171.439 -1.848 1.414 -171.926 -1.414 1.414 -148.074 -1.414
3 16 1.414 -148.074 -1.414 0.765 -148.561 -1.848 0.765 -171.439 -1.848
3 16 1.588 -147.986 -1.588 0.856 -148.480 -2.067 1.414 -148.074 -1.414
3 16 0.765 -148.561 -1.848 1.414 -148.074 -1.414 0.856 -148.480 -2.067
3 16 1.414 -171.926 -1.414 0.765 -171.439 -1.848 0.856 -171.520 -2.067
3 16 0.856 -171.520 -2.067 1.588 -172.015 -1.588 1.414 -171.926 -1.414
3 16 1.414 -171.926 -1.414 1.848 -172.414 -0.765 1.848 -147.586 -0.765
3 16 1.848 -147.586 -0.765 1.414 -148.074 -1.414 1.414 -171.926 -1.414
3 16 2.068 -147.497 -0.857 1.588 -147.986 -1.588 1.848 -147.586 -0.765
3 16 1.414 -148.074 -1.414 1.848 -147.586 -0.765 1.588 -147.986 -1.588
3 16 1.848 -172.414 -0.765 1.414 -171.926 -1.414 1.588 -172.015 -1.588
3 16 1.848 -172.414 -0.765 1.588 -172.015 -1.588 2.068 -172.503 -0.857
3 16 1.848 -172.414 -0.765 1.924 -172.658 -0.383 1.924 -147.342 -0.383
3 16 1.924 -147.342 -0.383 1.848 -147.586 -0.765 1.848 -172.414 -0.765
3 16 2.120 -147.098 -0.120 1.924 -147.342 -0.383 1.924 -172.658 -0.383
3 16 1.924 -172.658 -0.383 2.120 -172.902 -0.120 2.120 -147.098 -0.120
3 16 2.134 -147.257 -0.553 2.068 -147.497 -0.857 1.924 -147.342 -0.383
3 16 2.300 -147.018 -0.350 2.134 -147.257 -0.553 2.120 -147.098 -0.120
3 16 1.924 -147.342 -0.383 2.120 -147.098 -0.120 2.134 -147.257 -0.553
3 16 1.848 -147.586 -0.765 1.924 -147.342 -0.383 2.068 -147.497 -0.857
3 16 1.924 -172.658 -0.383 1.848 -172.414 -0.765 2.068 -172.503 -0.857
3 16 1.924 -172.658 -0.383 2.068 -172.503 -0.857 2.134 -172.743 -0.553
3 16 2.134 -172.743 -0.553 2.300 -172.982 -0.350 2.120 -172.902 -0.120
3 16 2.134 -172.743 -0.553 2.120 -172.902 -0.120 1.924 -172.658 -0.383
3 16 2.120 -172.902 -0.120 2.438 -173.176 0.000 2.438 -146.824 0.000
3 16 2.438 -146.824 0.000 2.120 -147.098 -0.120 2.120 -172.902 -0.120
3 16 2.588 -146.763 -0.250 2.300 -147.018 -0.350 2.438 -146.824 0.000
3 16 3.750 -146.000 -0.250 2.588 -146.763 -0.250 3.750 -146.000 0.000
3 16 2.438 -146.824 0.000 3.750 -146.000 0.000 2.588 -146.763 -0.250
3 16 2.120 -147.098 -0.120 2.438 -146.824 0.000 2.300 -147.018 -0.350
3 16 3.750 -174.000 -0.250 48.750 -160.000 -0.250 48.750 -160.000 0.000
3 16 48.750 -160.000 0.000 3.750 -174.000 0.000 3.750 -174.000 -0.250
3 16 3.750 -146.000 0.000 48.750 -160.000 0.000 48.750 -160.000 -0.250
3 16 48.750 -160.000 -0.250 3.750 -146.000 -0.250 3.750 -146.000 0.000
3 16 2.588 -173.237 -0.250 3.750 -174.000 -0.250 3.750 -174.000 0.000
3 16 2.588 -173.237 -0.250 3.750 -174.000 0.000 2.438 -173.176 0.000
3 16 2.438 -173.176 0.000 2.120 -172.902 -0.120 2.300 -172.982 -0.350
3 16 2.438 -173.176 0.000 2.300 -172.982 -0.350 2.588 -173.237 -0.250
3 14 -2.245 -151.000 0.000 -2.074 -150.512 -0.859 -2.074 -169.488 -0.859
3 14 -2.074 -169.488 -0.859 -2.245 -169.000 0.000 -2.245 -151.000 0.000
3 14 -1.588 -149.998 -1.588 -1.588 -170.002 -1.588 -2.074 -169.488 -0.859
3 14 -2.074 -169.488 -0.859 -2.074 -150.512 -0.859 -1.588 -149.998 -1.588
3 14 -0.859 -170.512 -2.074 -1.588 -170.002 -1.588 -1.588 -149.998 -1.588
3 14 -1.588 -149.998 -1.588 -0.859 -149.488 -2.074 -0.859 -170.512 -2.074
3 14 -0.859 -149.488 -2.074 0.000 -148.982 -2.245 0.000 -171.018 -2.245
3 14 0.000 -171.018 -2.245 -0.859 -170.512 -2.074 -0.859 -149.488 -2.074
3 14 0.000 -148.982 -2.245 0.856 -148.480 -2.067 0.856 -171.520 -2.067
3 14 0.856 -171.520 -2.067 0.000 -171.018 -2.245 0.000 -148.982 -2.245
3 14 1.588 -172.015 -1.588 0.856 -171.520 -2.067 0.856 -148.480 -2.067
3 14 0.856 -148.480 -2.067 1.588 -147.986 -1.588 1.588 -172.015 -1.588
3 14 2.068 -172.503 -0.857 1.588 -172.015 -1.588 1.588 -147.986 -1.588
3 14 1.588 -147.986 -1.588 2.068 -147.497 -0.857 2.068 -172.503 -0.857
3 14 2.134 -147.257 -0.553 2.134 -172.743 -0.553 2.068 -172.503 -0.857
3 14 2.068 -172.503 -0.857 2.068 -147.497 -0.857 2.134 -147.257 -0.553
3 14 2.134 -172.743 -0.553 2.134 -147.257 -0.553 2.300 -147.018 -0.350
3 14 2.300 -147.018 -0.350 2.300 -172.982 -0.350 2.134 -172.743 -0.553
3 14 3.750 -146.000 -0.250 48.750 -160.000 -0.250 3.750 -174.000 -0.250
3 14 2.588 -173.237 -0.250 2.588 -146.763 -0.250 3.750 -146.000 -0.250
3 14 3.750 -146.000 -0.250 3.750 -174.000 -0.250 2.588 -173.237 -0.250
3 14 2.300 -172.982 -0.350 2.300 -147.018 -0.350 2.588 -146.763 -0.250
3 14 2.588 -146.763 -0.250 2.588 -173.237 -0.250 2.300 -172.982 -0.350
2 24 2.300 -147.018 -0.350 2.134 -147.257 -0.553
2 24 2.068 -147.497 -0.857 1.588 -147.986 -1.588
2 24 1.414 -148.074 -1.414 1.848 -147.586 -0.765
2 24 -2.000 -151.000 0.000 -1.848 -150.512 -0.765
2 24 2.068 -172.503 -0.857 2.134 -172.743 -0.553
2 24 2.588 -173.237 -0.250 3.750 -174.000 -0.250
2 24 -2.245 -169.000 0.000 -2.074 -169.488 -0.859
2 24 -0.765 -149.537 -1.848 0.000 -149.049 -2.000
2 24 3.750 -174.000 0.000 2.438 -173.176 0.000
2 24 -1.848 -150.512 -0.765 -1.414 -150.025 -1.414
2 24 -0.859 -149.488 -2.074 -1.588 -149.998 -1.588
2 24 0.856 -171.520 -2.067 1.588 -172.015 -1.588
2 24 -1.414 -169.975 -1.414 -1.848 -169.488 -0.765
2 24 2.120 -172.902 -0.120 1.924 -172.658 -0.383
2 24 0.000 -149.049 -2.000 0.765 -148.561 -1.848
2 24 0.765 -171.439 -1.848 0.000 -170.951 -2.000
2 24 0.765 -148.561 -1.848 1.414 -148.074 -1.414
2 24 2.588 -146.763 -0.250 2.300 -147.018 -0.350
2 24 -0.859 -170.512 -2.074 0.000 -171.018 -2.245
2 24 0.000 -148.982 -2.245 -0.859 -149.488 -2.074
2 24 1.848 -172.414 -0.765 1.414 -171.926 -1.414
2 24 0.000 -171.018 -2.245 0.856 -171.520 -2.067
2 24 48.750 -160.000 -0.250 3.750 -174.000 -0.250
2 24 3.750 -146.000 -0.250 2.588 -146.763 -0.250
2 24 1.848 -147.586 -0.765 1.924 -147.342 -0.383
2 24 -0.765 -170.463 -1.848 -1.414 -169.975 -1.414
2 24 2.438 -146.824 0.000 3.750 -146.000 0.000
2 24 -1.414 -150.025 -1.414 -0.765 -149.537 -1.848
2 24 -1.588 -170.002 -1.588 -0.859 -170.512 -2.074
2 24 48.750 -160.000 0.000 3.750 -146.000 0.000
2 24 3.750 -146.000 -0.250 48.750 -160.000 -0.250
2 24 -1.588 -149.998 -1.588 -2.074 -150.512 -0.859
2 24 -1.848 -169.488 -0.765 -2.000 -169.000 0.000
2 24 0.856 -148.480 -2.067 0.000 -148.982 -2.245
2 24 1.588 -172.015 -1.588 2.068 -172.503 -0.857
2 24 2.120 -147.098 -0.120 2.438 -146.824 0.000
2 24 -2.074 -169.488 -0.859 -1.588 -170.002 -1.588
2 24 1.414 -171.926 -1.414 0.765 -171.439 -1.848
2 24 3.750 -174.000 0.000 48.750 -160.000 0.000
2 24 0.000 -170.951 -2.000 -0.765 -170.463 -1.848
2 24 1.588 -147.986 -1.588 0.856 -148.480 -2.067
2 24 1.924 -172.658 -0.383 1.848 -172.414 -0.765
2 24 -2.074 -150.512 -0.859 -2.245 -151.000 0.000
2 24 2.300 -172.982 -0.350 2.588 -173.237 -0.250
2 24 2.438 -173.176 0.000 2.120 -172.902 -0.120
2 24 2.134 -147.257 -0.553 2.068 -147.497 -0.857
2 24 1.924 -147.342 -0.383 2.120 -147.098 -0.120
2 24 2.134 -172.743 -0.553 2.300 -172.982 -0.350
3 16 -2.000 -151.000 0.000 -1.848 -150.512 0.765 -1.848 -169.488 0.765
3 16 -1.848 -169.488 0.765 -2.000 -169.000 0.000 -2.000 -151.000 0.000
3 16 -2.245 -151.000 0.000 -2.074 -150.512 0.859 -1.848 -150.512 0.765
3 16 -1.848 -150.512 0.765 -2.000 -151.000 0.000 -2.245 -151.000 0.000
3 16 -1.848 -169.488 0.765 -2.074 -169.488 0.859 -2.245 -169.000 0.000
3 16 -2.245 -169.000 0.000 -2.000 -169.000 0.000 -1.848 -169.488 0.765
3 16 -1.848 -169.488 0.765 -1.848 -150.512 0.765 -1.414 -150.025 1.414
3 16 -1.414 -150.025 1.414 -1.414 -169.975 1.414 -1.848 -169.488 0.765
3 16 -2.074 -150.512 0.859 -1.588 -149.998 1.588 -1.414 -150.025 1.414
3 16 -1.414 -150.025 1.414 -1.848 -150.512 0.765 -2.074 -150.512 0.859
3 16 -2.074 -169.488 0.859 -1.848 -169.488 0.765 -1.414 -169.975 1.414
3 16 -1.414 -169.975 1.414 -1.588 -170.002 1.588 -2.074 -169.488 0.859
3 16 -1.414 -169.975 1.414 -1.414 -150.025 1.414 -0.765 -149.537 1.848
3 16 -0.765 -149.537 1.848 -0.765 -170.463 1.848 -1.414 -169.975 1.414
3 16 -0.765 -149.537 1.848 -1.588 -149.998 1.588 -0.859 -149.488 2.074
3 16 -1.588 -149.998 1.588 -0.765 -149.537 1.848 -1.414 -150.025 1.414
3 16 -1.588 -170.002 1.588 -1.414 -169.975 1.414 -0.765 -170.463 1.848
3 16 -0.859 -170.512 2.074 -1.588 -170.002 1.588 -0.765 -170.463 1.848
3 16 -0.765 -170.463 1.848 -0.765 -149.537 1.848 0.000 -149.049 2.000
3 16 0.000 -149.049 2.000 0.000 -170.951 2.000 -0.765 -170.463 1.848
3 16 0.000 -149.049 2.000 -0.859 -149.488 2.074 0.000 -148.982 2.245
3 16 -0.859 -149.488 2.074 0.000 -149.049 2.000 -0.765 -149.537 1.848
3 16 -0.859 -170.512 2.074 -0.765 -170.463 1.848 0.000 -170.951 2.000
3 16 0.000 -171.018 2.245 -0.859 -170.512 2.074 0.000 -170.951 2.000
3 16 0.000 -170.951 2.000 0.000 -149.049 2.000 0.765 -148.561 1.848
3 16 0.765 -148.561 1.848 0.765 -171.439 1.848 0.000 -170.951 2.000
3 16 0.765 -148.561 1.848 0.000 -148.982 2.245 0.856 -148.480 2.067
3 16 0.000 -148.982 2.245 0.765 -148.561 1.848 0.000 -149.049 2.000
3 16 0.000 -171.018 2.245 0.000 -170.951 2.000 0.765 -171.439 1.848
3 16 0.856 -171.520 2.067 0.000 -171.018 2.245 0.765 -171.439 1.848
3 16 1.414 -148.074 1.414 1.414 -171.926 1.414 0.765 -171.439 1.848
3 16 0.765 -171.439 1.848 0.765 -148.561 1.848 1.414 -148.074 1.414
3 16 1.414 -148.074 1.414 0.856 -148.480 2.067 1.588 -147.986 1.588
3 16 0.856 -148.480 2.067 1.414 -148.074 1.414 0.765 -148.561 1.848
3 16 0.856 -171.520 2.067 0.765 -171.439 1.848 1.414 -171.926 1.414
3 16 1.414 -171.926 1.414 1.588 -172.015 1.588 0.856 -171.520 2.067
3 16 1.848 -147.586 0.765 1.848 -172.414 0.765 1.414 -171.926 1.414
3 16 1.414 -171.926 1.414 1.414 -148.074 1.414 1.848 -147.586 0.765
3 16 1.848 -147.586 0.765 1.588 -147.986 1.588 2.068 -147.497 0.857
3 16 1.588 -147.986 1.588 1.848 -147.586 0.765 1.414 -148.074 1.414
3 16 1.588 -172.015 1.588 1.414 -171.926 1.414 1.848 -172.414 0.765
3 16 2.068 -172.503 0.857 1.588 -172.015 1.588 1.848 -172.414 0.765
3 16 1.924 -147.342 0.383 1.924 -172.658 0.383 1.848 -172.414 0.765
3 16 1.848 -172.414 0.765 1.848 -147.586 0.765 1.924 -147.342 0.383
3 16 1.924 -172.658 0.383 1.924 -147.342 0.383 2.120 -147.098 0.120
3 16 2.120 -147.098 0.120 2.120 -172.902 0.120 1.924 -172.658 0.383
3 16 1.924 -147.342 0.383 2.068 -147.497 0.857 2.134 -147.257 0.553
3 16 2.120 -147.098 0.120 2.134 -147.257 0.553 2.300 -147.018 0.350
3 16 2.134 -147.257 0.553 2.120 -147.098 0.120 1.924 -147.342 0.383
3 16 2.068 -147.497 0.857 1.924 -147.342 0.383 1.848 -147.586 0.765
3 16 2.068 -172.503 0.857 1.848 -172.414 0.765 1.924 -172.658 0.383
3 16 2.134 -172.743 0.553 2.068 -172.503 0.857 1.924 -172.658 0.383
3 16 2.120 -172.902 0.120 2.300 -172.982 0.350 2.134 -172.743 0.553
3 16 1.924 -172.658 0.383 2.120 -172.902 0.120 2.134 -172.743 0.553
3 16 2.438 -146.824 0.000 2.438 -173.176 0.000 2.120 -172.902 0.120
3 16 2.120 -172.902 0.120 2.120 -147.098 0.120 2.438 -146.824 0.000
3 16 2.438 -146.824 0.000 2.300 -147.018 0.350 2.588 -146.763 0.250
3 16 3.750 -146.000 0.000 2.588 -146.763 0.250 3.750 -146.000 0.250
3 16 2.588 -146.763 0.250 3.750 -146.000 0.000 2.438 -146.824 0.000
3 16 2.300 -147.018 0.350 2.438 -146.824 0.000 2.120 -147.098 0.120
3 16 48.750 -160.000 0.000 48.750 -160.000 0.250 3.750 -174.000 0.250
3 16 3.750 -174.000 0.250 3.750 -174.000 0.000 48.750 -160.000 0.000
3 16 48.750 -160.000 0.250 48.750 -160.000 0.000 3.750 -146.000 0.000
3 16 3.750 -146.000 0.000 3.750 -146.000 0.250 48.750 -160.000 0.250
3 16 3.750 -174.000 0.000 3.750 -174.000 0.250 2.588 -173.237 0.250
3 16 2.438 -173.176 0.000 3.750 -174.000 0.000 2.588 -173.237 0.250
3 16 2.300 -172.982 0.350 2.120 -172.902 0.120 2.438 -173.176 0.000
3 16 2.588 -173.237 0.250 2.300 -172.982 0.350 2.438 -173.176 0.000
3 14 -2.074 -169.488 0.859 -2.074 -150.512 0.859 -2.245 -151.000 0.000
3 14 -2.245 -151.000 0.000 -2.245 -169.000 0.000 -2.074 -169.488 0.859
3 14 -2.074 -169.488 0.859 -1.588 -170.002 1.588 -1.588 -149.998 1.588
3 14 -1.588 -149.998 1.588 -2.074 -150.512 0.859 -2.074 -169.488 0.859
3 14 -1.588 -149.998 1.588 -1.588 -170.002 1.588 -0.859 -170.512 2.074
3 14 -0.859 -170.512 2.074 -0.859 -149.488 2.074 -1.588 -149.998 1.588
3 14 0.000 -171.018 2.245 0.000 -148.982 2.245 -0.859 -149.488 2.074
3 14 -0.859 -149.488 2.074 -0.859 -170.512 2.074 0.000 -171.018 2.245
3 14 0.856 -171.520 2.067 0.856 -148.480 2.067 0.000 -148.982 2.245
3 14 0.000 -148.982 2.245 0.000 -171.018 2.245 0.856 -171.520 2.067
3 14 0.856 -148.480 2.067 0.856 -171.520 2.067 1.588 -172.015 1.588
3 14 1.588 -172.015 1.588 1.588 -147.986 1.588 0.856 -148.480 2.067
3 14 1.588 -147.986 1.588 1.588 -172.015 1.588 2.068 -172.503 0.857
3 14 2.068 -172.503 0.857 2.068 -147.497 0.857 1.588 -147.986 1.588
3 14 2.068 -172.503 0.857 2.134 -172.743 0.553 2.134 -147.257 0.553
3 14 2.134 -147.257 0.553 2.068 -147.497 0.857 2.068 -172.503 0.857
3 14 2.300 -147.018 0.350 2.134 -147.257 0.553 2.134 -172.743 0.553
3 14 2.134 -172.743 0.553 2.300 -172.982 0.350 2.300 -147.018 0.350
3 14 3.750 -174.000 0.250 48.750 -160.000 0.250 3.750 -146.000 0.250
3 14 3.750 -146.000 0.250 2.588 -146.763 0.250 2.588 -173.237 0.250
3 14 2.588 -173.237 0.250 3.750 -174.000 0.250 3.750 -146.000 0.250
3 14 2.588 -146.763 0.250 2.300 -147.018 0.350 2.300 -172.982 0.350
3 14 2.300 -172.982 0.350 2.588 -173.237 0.250 2.588 -146.763 0.250
2 24 2.300 -147.018 0.350 2.134 -147.257 0.553
2 24 2.068 -147.497 0.857 1.588 -147.986 1.588
2 24 1.414 -148.074 1.414 1.848 -147.586 0.765
2 24 -2.000 -151.000 0.000 -1.848 -150.512 0.765
2 24 2.068 -172.503 0.857 2.134 -172.743 0.553
2 24 2.588 -173.237 0.250 3.750 -174.000 0.250
2 24 -2.245 -169.000 0.000 -2.074 -169.488 0.859
2 24 -0.765 -149.537 1.848 0.000 -149.049 2.000
2 24 3.750 -174.000 0.000 2.438 -173.176 0.000
2 24 -1.848 -150.512 0.765 -1.414 -150.025 1.414
2 24 -0.859 -149.488 2.074 -1.588 -149.998 1.588
2 24 0.856 -171.520 2.067 1.588 -172.015 1.588
2 24 -1.414 -169.975 1.414 -1.848 -169.488 0.765
2 24 2.120 -172.902 0.120 1.924 -172.658 0.383
2 24 0.000 -149.049 2.000 0.765 -148.561 1.848
2 24 0.765 -171.439 1.848 0.000 -170.951 2.000
2 24 0.765 -148.561 1.848 1.414 -148.074 1.414
2 24 2.588 -146.763 0.250 2.300 -147.018 0.350
2 24 -0.859 -170.512 2.074 0.000 -171.018 2.245
2 24 0.000 -148.982 2.245 -0.859 -149.488 2.074
2 24 1.848 -172.414 0.765 1.414 -171.926 1.414
2 24 0.000 -171.018 2.245 0.856 -171.520 2.067
2 24 48.750 -160.000 0.250 3.750 -174.000 0.250
2 24 3.750 -146.000 0.250 2.588 -146.763 0.250
2 24 1.848 -147.586 0.765 1.924 -147.342 0.383
2 24 -0.765 -170.463 1.848 -1.414 -169.975 1.414
2 24 2.438 -146.824 0.000 3.750 -146.000 0.000
2 24 -1.414 -150.025 1.414 -0.765 -149.537 1.848
2 24 -1.588 -170.002 1.588 -0.859 -170.512 2.074
2 24 48.750 -160.000 0.000 3.750 -146.000 0.000
2 24 3.750 -146.000 0.250 48.750 -160.000 0.250
2 24 -1.588 -149.998 1.588 -2.074 -150.512 0.859
2 24 -1.848 -169.488 0.765 -2.000 -169.000 0.000
2 24 0.856 -148.480 2.067 0.000 -148.982 2.245
2 24 1.588 -172.015 1.588 2.068 -172.503 0.857
2 24 2.120 -147.098 0.120 2.438 -146.824 0.000
2 24 -2.074 -169.488 0.859 -1.588 -170.002 1.588
2 24 1.414 -171.926 1.414 0.765 -171.439 1.848
2 24 3.750 -174.000 0.000 48.750 -160.000 0.000
2 24 0.000 -170.951 2.000 -0.765 -170.463 1.848
2 24 1.588 -147.986 1.588 0.856 -148.480 2.067
2 24 1.924 -172.658 0.383 1.848 -172.414 0.765
2 24 -2.074 -150.512 0.859 -2.245 -151.000 0.000
2 24 2.300 -172.982 0.350 2.588 -173.237 0.250
2 24 2.438 -173.176 0.000 2.120 -172.902 0.120
2 24 2.134 -147.257 0.553 2.068 -147.497 0.857
2 24 1.924 -147.342 0.383 2.120 -147.098 0.120
2 24 2.134 -172.743 0.553 2.300 -172.982 0.350
