0 FILE 27149p01.dat
0 Minifigure, Headgear Hat, Top Hat with Ribbon with Dark Purple Flower and Green Left Side Pattern
0 Name:  27149p01.dat
0 Author:  
0 BL_Item_No 27149c01
0 BFC CERTIFY CCW
3 16 13.619 -4.662 3.571 12.211 -4.255 6.900 13.726 -16.075 8.000
3 16 13.726 -16.075 8.000 15.310 -15.910 4.141 13.619 -4.662 3.571
3 16 13.619 -4.662 3.571 15.310 -15.910 4.141 15.850 -15.858 0.000
3 16 15.850 -15.858 0.000 14.100 -4.810 0.000 13.619 -4.662 3.571
3 16 15.850 -15.858 0.000 15.310 -15.910 4.141 17.676 -25.480 4.850
3 16 17.676 -25.480 4.850 18.300 -25.400 0.000 15.850 -15.858 0.000
3 16 17.676 -25.480 4.850 15.310 -15.910 4.141 13.726 -16.075 8.000
3 16 13.726 -16.075 8.000 15.848 -25.700 9.370 17.676 -25.480 4.850
3 16 12.170 -17.680 10.665 12.230 -16.720 10.185 11.930 -17.010 10.692
3 16 12.230 -16.720 10.185 12.170 -17.680 10.665 12.270 -18.420 10.855
3 16 12.270 -18.420 10.855 12.480 -16.390 9.726 12.230 -16.720 10.185
3 16 12.270 -18.420 10.855 13.726 -16.075 8.000 12.591 -16.176 9.494
3 16 12.591 -16.176 9.494 12.480 -16.390 9.726 12.270 -18.420 10.855
3 16 12.591 -16.176 9.494 13.726 -16.075 8.000 12.720 -15.630 9.185
3 16 13.726 -16.075 8.000 12.750 -14.930 8.965 12.720 -15.630 9.185
3 16 12.750 -14.930 8.965 13.726 -16.075 8.000 12.211 -4.255 6.900
3 16 12.211 -4.255 6.900 12.660 -14.140 8.877 12.750 -14.930 8.965
3 16 12.660 -14.140 8.877 12.211 -4.255 6.900 12.410 -13.240 8.968
3 16 12.410 -13.240 8.968 12.211 -4.255 6.900 12.090 -12.600 9.216
3 16 12.090 -12.600 9.216 12.211 -4.255 6.900 11.780 -12.220 9.518
3 16 11.780 -12.220 9.518 12.211 -4.255 6.900 11.562 -12.040 9.753
3 16 11.562 -12.040 9.753 12.211 -4.255 6.900 11.200 -11.870 10.194
3 16 11.200 -11.870 10.194 12.211 -4.255 6.900 9.970 -3.700 9.758
3 16 9.970 -3.700 9.758 10.766 -11.800 10.758 11.200 -11.870 10.194
3 16 10.766 -11.800 10.758 10.590 -11.440 10.820 10.580 -11.790 10.897
3 16 10.590 -11.440 10.820 10.766 -11.800 10.758 9.970 -3.700 9.758
3 16 9.970 -3.700 9.758 10.520 -10.940 10.775 10.590 -11.440 10.820
3 16 10.520 -10.940 10.775 9.970 -3.700 9.758 10.330 -10.370 10.806
3 16 9.560 -9.370 11.194 9.970 -3.700 9.758 9.111 -9.089 11.480
3 16 10.070 -9.910 10.913 9.970 -3.700 9.758 9.560 -9.370 11.194
3 16 10.330 -10.370 10.806 9.970 -3.700 9.758 10.070 -9.910 10.913
3 16 9.111 -9.089 11.480 9.970 -3.700 9.758 8.540 -8.990 11.910
3 16 8.540 -8.990 11.910 9.970 -3.700 9.758 7.050 -3.145 11.951
3 16 7.050 -3.145 11.951 7.950 -9.040 12.385 8.540 -8.990 11.910
3 16 7.450 -9.310 12.831 7.950 -9.040 12.385 7.050 -3.145 11.951
3 16 7.450 -9.310 12.831 7.050 -3.145 11.951 5.570 -8.500 13.470
3 16 5.570 -8.500 13.470 7.010 -9.800 13.094 7.450 -9.310 12.831
3 16 5.570 -8.500 13.470 7.050 -3.145 11.951 4.820 -5.230 13.245
3 16 4.820 -5.230 13.245 5.190 -6.960 13.375 5.570 -8.500 13.470
3 16 4.820 -5.230 13.245 7.050 -3.145 11.951 4.670 -3.720 13.058
3 16 4.670 -3.720 13.058 7.050 -3.145 11.951 4.600 -3.250 13.010
3 16 4.600 -3.250 13.010 7.050 -3.145 11.951 4.430 -3.090 13.056
3 16 7.050 -3.145 11.951 3.649 -2.738 13.329 4.430 -3.090 13.056
3 16 4.170 -3.090 13.166 4.430 -3.090 13.056 3.649 -2.738 13.329
3 16 4.050 -3.410 13.271 4.170 -3.090 13.166 3.649 -2.738 13.329
3 16 6.500 -10.800 13.472 6.690 -10.340 13.316 6.120 -9.980 13.490
3 16 6.690 -10.340 13.316 7.010 -9.800 13.094 5.570 -8.500 13.470
3 16 5.570 -8.500 13.470 6.120 -9.980 13.490 6.690 -10.340 13.316
3 16 6.000 -11.200 13.746 5.530 -10.120 13.756 5.450 -11.170 13.966
3 16 5.450 -11.170 13.966 5.530 -10.120 13.756 5.100 -8.780 13.716
3 16 5.100 -8.780 13.716 4.810 -11.280 14.255 5.450 -11.170 13.966
3 16 4.260 -11.550 14.533 4.810 -11.280 14.255 5.100 -8.780 13.716
3 16 4.260 -11.550 14.533 5.100 -8.780 13.716 4.670 -7.190 13.635
3 16 4.670 -7.190 13.635 3.942 -11.760 14.704 4.260 -11.550 14.533
3 16 3.942 -11.760 14.704 4.670 -7.190 13.635 4.310 -5.420 13.494
3 16 4.310 -5.420 13.494 4.120 -3.900 13.322 4.050 -3.410 13.271
3 16 4.050 -3.410 13.271 3.942 -11.760 14.704 4.310 -5.420 13.494
3 16 3.942 -11.760 14.704 4.050 -3.410 13.271 3.649 -2.738 13.329
3 16 3.649 -2.738 13.329 0.000 -2.590 13.800 3.510 -12.330 14.849
3 16 3.510 -12.330 14.849 3.942 -11.760 14.704 3.649 -2.738 13.329
3 16 3.510 -12.330 14.849 0.000 -2.590 13.800 0.000 -16.750 16.000
3 16 0.000 -16.750 16.000 3.190 -13.000 14.996 3.510 -12.330 14.849
3 16 0.000 -16.750 16.000 3.120 -13.810 15.132 3.190 -13.000 14.996
3 16 0.000 -16.750 16.000 3.200 -14.550 15.237 3.120 -13.810 15.132
3 16 0.000 -16.750 16.000 3.560 -15.310 15.309 3.200 -14.550 15.237
3 16 0.000 -16.750 16.000 3.880 -15.730 15.333 3.560 -15.310 15.309
3 16 3.880 -15.730 15.333 0.000 -16.750 16.000 4.102 -16.690 15.455
3 16 4.102 -16.690 15.455 4.079 -15.980 15.346 3.880 -15.730 15.333
3 16 4.102 -16.690 15.455 4.510 -16.270 15.216 4.079 -15.980 15.346
3 16 4.990 -16.520 15.061 4.510 -16.270 15.216 4.102 -16.690 15.455
3 16 4.102 -16.690 15.455 4.919 -16.655 15.113 4.990 -16.520 15.061
3 16 4.790 -17.220 15.331 4.919 -16.655 15.113 4.102 -16.690 15.455
3 16 4.720 -17.800 15.530 4.790 -17.220 15.331 4.102 -16.690 15.455
3 16 4.760 -18.460 15.707 4.720 -17.800 15.530 4.102 -16.690 15.455
3 16 4.736 -26.520 18.101 4.760 -18.460 15.707 4.102 -16.690 15.455
3 16 4.736 -26.520 18.101 4.102 -16.690 15.455 0.000 -16.750 16.000
3 16 0.000 -16.750 16.000 0.000 -26.600 18.740 4.736 -26.520 18.101
3 16 9.160 -20.350 14.211 8.810 -19.930 14.335 8.640 -20.190 14.552
3 16 8.640 -20.190 14.552 8.406 -20.363 14.788 9.650 -20.720 13.964
3 16 9.650 -20.720 13.964 9.160 -20.350 14.211 8.640 -20.190 14.552
3 16 8.406 -20.363 14.788 9.150 -26.300 16.229 10.320 -21.010 13.554
3 16 10.320 -21.010 13.554 9.650 -20.720 13.964 8.406 -20.363 14.788
3 16 9.150 -26.300 16.229 8.406 -20.363 14.788 8.100 -20.530 14.961
3 16 8.100 -20.530 14.961 7.510 -20.640 15.232 4.736 -26.520 18.101
3 16 4.736 -26.520 18.101 9.150 -26.300 16.229 8.100 -20.530 14.961
3 16 4.736 -26.520 18.101 7.510 -20.640 15.232 6.850 -20.630 15.497
3 16 4.736 -26.520 18.101 6.850 -20.630 15.497 6.200 -20.400 15.693
3 16 4.736 -26.520 18.101 6.200 -20.400 15.693 5.640 -19.980 15.797
3 16 4.736 -26.520 18.101 5.640 -19.980 15.797 5.250 -19.520 15.821
3 16 4.736 -26.520 18.101 5.250 -19.520 15.821 4.950 -19.060 15.808
3 16 4.736 -26.520 18.101 4.950 -19.060 15.808 4.760 -18.460 15.707
3 16 10.320 -21.010 13.554 9.150 -26.300 16.229 12.940 -26.000 13.251
3 16 12.940 -26.000 13.251 10.790 -21.060 13.217 10.320 -21.010 13.554
3 16 12.940 -26.000 13.251 11.320 -20.930 12.775 10.790 -21.060 13.217
3 16 12.940 -26.000 13.251 11.690 -20.700 12.421 11.320 -20.930 12.775
3 16 12.940 -26.000 13.251 11.940 -20.300 12.099 11.690 -20.700 12.421
3 16 12.940 -26.000 13.251 15.848 -25.700 9.370 12.170 -19.780 11.569
3 16 12.170 -19.780 11.569 11.940 -20.300 12.099 12.940 -26.000 13.251
3 16 15.848 -25.700 9.370 12.260 -19.140 11.177 12.170 -19.780 11.569
3 16 12.260 -19.140 11.177 15.848 -25.700 9.370 13.726 -16.075 8.000
3 16 13.726 -16.075 8.000 12.270 -18.420 10.855 12.260 -19.140 11.177
3 0 6.000 -11.200 13.746 6.500 -10.800 13.472 6.120 -9.980 13.490
3 0 6.120 -9.980 13.490 5.530 -10.120 13.756 6.000 -11.200 13.746
3 0 5.530 -10.120 13.756 6.120 -9.980 13.490 5.570 -8.500 13.470
3 0 5.570 -8.500 13.470 5.100 -8.780 13.716 5.530 -10.120 13.756
3 0 5.100 -8.780 13.716 5.570 -8.500 13.470 5.190 -6.960 13.375
3 0 5.190 -6.960 13.375 4.670 -7.190 13.635 5.100 -8.780 13.716
3 0 4.670 -7.190 13.635 5.190 -6.960 13.375 4.820 -5.230 13.245
3 0 4.820 -5.230 13.245 4.310 -5.420 13.494 4.670 -7.190 13.635
3 0 4.310 -5.420 13.494 4.820 -5.230 13.245 4.670 -3.720 13.058
3 0 4.670 -3.720 13.058 4.120 -3.900 13.322 4.310 -5.420 13.494
3 0 4.670 -3.720 13.058 4.600 -3.250 13.010 4.430 -3.090 13.056
3 0 4.430 -3.090 13.056 4.120 -3.900 13.322 4.670 -3.720 13.058
3 0 4.430 -3.090 13.056 4.170 -3.090 13.166 4.050 -3.410 13.271
3 0 4.050 -3.410 13.271 4.120 -3.900 13.322 4.430 -3.090 13.056
3 14 8.480 -17.410 13.734 9.230 -17.470 13.191 9.780 -17.240 12.701
3 14 9.780 -17.240 12.701 7.925 -16.525 13.856 8.480 -17.410 13.734
3 14 9.780 -17.240 12.701 10.300 -16.650 12.113 10.370 -16.357 11.963
3 14 10.370 -16.357 11.963 7.925 -16.525 13.856 9.780 -17.240 12.701
3 14 10.370 -16.357 11.963 10.460 -15.660 11.756 10.330 -14.750 11.674
3 14 10.330 -14.750 11.674 7.925 -16.525 13.856 10.370 -16.357 11.963
3 14 10.330 -14.750 11.674 10.010 -14.080 11.785 9.490 -13.620 12.089
3 14 9.490 -13.620 12.089 7.925 -16.525 13.856 10.330 -14.750 11.674
3 14 9.490 -13.620 12.089 9.000 -13.490 12.437 8.406 -13.509 12.892
3 14 8.406 -13.509 12.892 7.925 -16.525 13.856 9.490 -13.620 12.089
3 14 7.925 -16.525 13.856 8.406 -13.509 12.892 7.751 -13.871 13.478
3 14 7.751 -13.871 13.478 7.380 -14.320 13.707 7.110 -15.030 13.938
3 14 7.110 -15.030 13.938 7.925 -16.525 13.856 7.751 -13.871 13.478
3 14 7.110 -15.030 13.938 7.120 -15.720 14.050 7.290 -16.270 14.074
3 14 7.290 -16.270 14.074 7.925 -16.525 13.856 7.110 -15.030 13.938
3 14 7.420 -16.547 14.067 7.925 -16.525 13.856 7.290 -16.270 14.074
3 14 7.420 -16.547 14.067 7.680 -16.880 14.060 8.006 -17.173 14.013
3 14 8.006 -17.173 14.013 7.925 -16.525 13.856 7.420 -16.547 14.067
3 14 8.480 -17.410 13.734 7.925 -16.525 13.856 8.006 -17.173 14.013
3 85 10.370 -16.357 11.963 11.208 -16.300 11.314 10.460 -15.660 11.756
3 85 10.460 -15.660 11.756 11.208 -16.300 11.314 10.850 -12.610 10.854
3 85 10.850 -12.610 10.854 10.330 -14.750 11.674 10.460 -15.660 11.756
3 85 10.850 -12.610 10.854 10.500 -12.630 11.125 10.230 -12.820 11.368
3 85 10.230 -12.820 11.368 10.330 -14.750 11.674 10.850 -12.610 10.854
3 85 10.230 -12.820 11.368 9.980 -13.040 11.602 10.010 -14.080 11.785
3 85 10.010 -14.080 11.785 10.330 -14.750 11.674 10.230 -12.820 11.368
3 85 10.010 -14.080 11.785 9.980 -13.040 11.602 9.490 -13.620 12.089
3 85 9.490 -13.620 12.089 9.980 -13.040 11.602 9.930 -12.740 11.580
3 85 9.930 -12.740 11.580 9.000 -13.490 12.437 9.490 -13.620 12.089
3 85 9.000 -13.490 12.437 9.930 -12.740 11.580 10.020 -12.430 11.450
3 85 10.020 -12.430 11.450 8.406 -13.509 12.892 9.000 -13.490 12.437
3 85 8.406 -13.509 12.892 10.020 -12.430 11.450 9.650 -10.270 11.304
3 85 9.650 -10.270 11.304 8.996 -9.809 11.710 8.406 -13.509 12.892
3 85 9.650 -10.270 11.304 10.020 -12.430 11.450 10.240 -11.670 11.132
3 85 10.240 -11.670 11.132 10.060 -10.920 11.121 9.650 -10.270 11.304
3 85 10.020 -12.430 11.450 10.240 -12.070 11.212 10.240 -11.670 11.132
3 85 8.406 -13.509 12.892 8.996 -9.809 11.710 8.420 -9.760 12.154
3 85 8.420 -9.760 12.154 7.751 -13.871 13.478 8.406 -13.509 12.892
3 85 8.420 -9.760 12.154 7.950 -9.940 12.559 7.524 -10.389 12.982
3 85 7.524 -10.389 12.982 7.751 -13.871 13.478 8.420 -9.760 12.154
3 85 7.751 -13.871 13.478 7.524 -10.389 12.982 7.150 -12.570 13.505
3 85 7.150 -12.570 13.505 7.330 -13.060 13.514 7.751 -13.871 13.478
3 85 7.524 -10.389 12.982 7.190 -10.940 13.213 7.045 -12.195 13.485
3 85 7.045 -12.195 13.485 7.150 -12.570 13.505 7.524 -10.389 12.982
3 85 11.227 -16.411 11.336 11.208 -16.300 11.314 11.010 -16.380 11.489
3 85 11.208 -16.300 11.314 10.370 -16.357 11.963 10.300 -16.650 12.113
3 85 10.300 -16.650 12.113 11.010 -16.380 11.489 11.208 -16.300 11.314
3 85 11.010 -16.380 11.489 10.300 -16.650 12.113 9.780 -17.240 12.701
3 85 9.780 -17.240 12.701 10.950 -16.490 11.571 11.010 -16.380 11.489
3 85 9.780 -17.240 12.701 11.110 -16.720 11.527 10.950 -16.490 11.571
3 85 11.110 -16.720 11.527 9.780 -17.240 12.701 11.724 -19.191 11.891
3 85 11.724 -19.191 11.891 11.324 -16.951 11.444 11.110 -16.720 11.527
3 85 11.724 -19.191 11.891 9.780 -17.240 12.701 11.060 -20.170 12.717
3 85 11.060 -20.170 12.717 11.450 -19.770 12.290 11.724 -19.191 11.891
3 85 11.060 -20.170 12.717 9.780 -17.240 12.701 10.230 -20.210 13.354
3 85 10.230 -20.210 13.354 10.670 -20.280 13.047 11.060 -20.170 12.717
3 85 10.230 -20.210 13.354 9.780 -17.240 12.701 9.290 -19.610 13.860
3 85 9.290 -19.610 13.860 9.740 -19.970 13.642 10.230 -20.210 13.354
3 85 9.290 -19.610 13.860 9.780 -17.240 12.701 9.070 -18.850 13.772
3 85 9.070 -18.850 13.772 9.080 -19.320 13.921 9.290 -19.610 13.860
3 85 9.780 -17.240 12.701 9.230 -17.470 13.191 9.030 -18.510 13.688
3 85 9.030 -18.510 13.688 9.070 -18.850 13.772 9.780 -17.240 12.701
3 85 9.230 -17.470 13.191 8.480 -17.410 13.734 8.890 -18.470 13.780
3 85 8.890 -18.470 13.780 9.030 -18.510 13.688 9.230 -17.470 13.191
3 85 8.480 -17.410 13.734 8.006 -17.173 14.013 8.780 -18.660 13.928
3 85 8.780 -18.660 13.928 8.890 -18.470 13.780 8.480 -17.410 13.734
3 85 8.006 -17.173 14.013 8.294 -19.471 14.571 8.540 -19.270 14.317
3 85 8.540 -19.270 14.317 8.780 -18.660 13.928 8.006 -17.173 14.013
3 85 8.540 -19.270 14.317 8.730 -18.980 14.075 8.780 -18.660 13.928
3 85 8.006 -17.173 14.013 7.680 -16.880 14.060 7.890 -19.670 14.793
3 85 7.890 -19.670 14.793 8.294 -19.471 14.571 8.006 -17.173 14.013
3 85 7.890 -19.670 14.793 7.680 -16.880 14.060 6.700 -19.600 15.255
3 85 6.700 -19.600 15.255 7.220 -19.740 15.086 7.890 -19.670 14.793
3 85 6.700 -19.600 15.255 7.680 -16.880 14.060 5.800 -18.830 15.394
3 85 5.800 -18.830 15.394 6.190 -19.290 15.371 6.700 -19.600 15.255
3 85 5.800 -18.830 15.394 7.680 -16.880 14.060 5.470 -17.710 15.199
3 85 5.470 -17.710 15.199 5.510 -18.270 15.347 5.800 -18.830 15.394
3 85 7.680 -16.880 14.060 7.420 -16.547 14.067 5.510 -17.130 15.013
3 85 5.510 -17.130 15.013 5.470 -17.710 15.199 7.680 -16.880 14.060
3 85 5.510 -17.130 15.013 7.420 -16.547 14.067 5.691 -16.621 14.790
3 85 5.691 -16.621 14.790 7.420 -16.547 14.067 6.300 -16.310 14.487
3 85 6.300 -16.310 14.487 5.910 -16.440 14.669 5.691 -16.621 14.790
3 85 7.420 -16.547 14.067 7.290 -16.270 14.074 6.360 -16.140 14.434
3 85 6.360 -16.140 14.434 6.300 -16.310 14.487 7.420 -16.547 14.067
3 85 7.290 -16.270 14.074 7.120 -15.720 14.050 6.220 -16.010 14.469
3 85 6.220 -16.010 14.469 6.360 -16.140 14.434 7.290 -16.270 14.074
3 85 7.120 -15.720 14.050 7.110 -15.030 13.938 5.810 -15.950 14.628
3 85 5.810 -15.950 14.628 6.220 -16.010 14.469 7.120 -15.720 14.050
3 85 7.110 -15.030 13.938 7.380 -14.320 13.707 5.330 -15.930 14.821
3 85 5.330 -15.930 14.821 5.810 -15.950 14.628 7.110 -15.030 13.938
3 85 5.330 -15.930 14.821 7.380 -14.320 13.707 4.450 -15.460 15.103
3 85 4.450 -15.460 15.103 4.910 -15.800 14.972 5.330 -15.930 14.821
3 85 4.450 -15.460 15.103 7.380 -14.320 13.707 4.040 -14.801 15.160
3 85 4.040 -14.801 15.160 4.200 -15.140 15.152 4.450 -15.460 15.103
3 85 4.040 -14.801 15.160 7.380 -14.320 13.707 4.190 -12.850 14.768
3 85 4.190 -12.850 14.768 3.990 -13.230 14.915 4.040 -14.801 15.160
3 85 4.190 -12.850 14.768 7.380 -14.320 13.707 7.100 -13.190 13.630
3 85 7.100 -13.190 13.630 4.550 -12.420 14.548 4.190 -12.850 14.768
3 85 7.100 -13.190 13.630 6.820 -12.930 13.701 5.020 -12.130 14.306
3 85 5.020 -12.130 14.306 4.550 -12.420 14.548 7.100 -13.190 13.630
3 85 6.820 -12.930 13.701 6.650 -12.560 13.709 6.470 -12.240 13.728
3 85 6.470 -12.240 13.728 5.020 -12.130 14.306 6.820 -12.930 13.701
3 85 6.470 -12.240 13.728 6.110 -12.060 13.846 5.560 -11.970 14.057
3 85 5.560 -11.970 14.057 5.020 -12.130 14.306 6.470 -12.240 13.728
3 85 4.040 -14.801 15.160 3.990 -13.230 14.915 3.840 -14.240 15.105
3 85 3.840 -14.240 15.105 3.990 -13.230 14.915 3.830 -13.700 15.022
3 85 7.330 -13.060 13.514 7.290 -13.220 13.557 7.380 -14.320 13.707
3 85 7.380 -14.320 13.707 7.751 -13.871 13.478 7.330 -13.060 13.514
3 85 7.380 -14.320 13.707 7.290 -13.220 13.557 7.100 -13.190 13.630
3 85 10.850 -12.610 10.854 11.208 -16.300 11.314 11.490 -12.900 10.069
3 85 11.490 -12.900 10.069 11.210 -12.710 10.395 10.850 -12.610 10.854
3 85 11.490 -12.900 10.069 11.208 -16.300 11.314 12.150 -13.990 9.498
3 85 12.150 -13.990 9.498 11.820 -13.290 9.743 11.490 -12.900 10.069
3 85 12.150 -13.990 9.498 11.208 -16.300 11.314 12.210 -15.560 9.826
3 85 12.210 -15.560 9.826 12.250 -14.730 9.560 12.150 -13.990 9.498
3 85 12.210 -15.560 9.826 11.208 -16.300 11.314 11.869 -16.241 10.443
3 85 11.869 -16.241 10.443 12.060 -15.980 10.129 12.210 -15.560 9.826
3 85 11.869 -16.241 10.443 11.208 -16.300 11.314 11.410 -16.440 11.114
3 85 11.410 -16.440 11.114 11.680 -16.390 10.748 11.869 -16.241 10.443
3 85 11.410 -16.440 11.114 11.208 -16.300 11.314 11.227 -16.411 11.336
3 0 11.010 -16.380 11.489 10.950 -16.490 11.571 11.110 -16.720 11.527
3 0 11.110 -16.720 11.527 11.227 -16.411 11.336 11.010 -16.380 11.489
3 0 11.324 -16.951 11.444 11.227 -16.411 11.336 11.110 -16.720 11.527
3 0 11.227 -16.411 11.336 11.324 -16.951 11.444 11.930 -17.010 10.692
3 0 11.930 -17.010 10.692 11.410 -16.440 11.114 11.227 -16.411 11.336
3 0 11.410 -16.440 11.114 11.930 -17.010 10.692 12.230 -16.720 10.185
3 0 12.230 -16.720 10.185 11.680 -16.390 10.748 11.410 -16.440 11.114
3 0 11.680 -16.390 10.748 12.230 -16.720 10.185 12.480 -16.390 9.726
3 0 12.480 -16.390 9.726 11.869 -16.241 10.443 11.680 -16.390 10.748
3 0 12.480 -16.390 9.726 12.591 -16.176 9.494 11.869 -16.241 10.443
3 0 11.869 -16.241 10.443 12.591 -16.176 9.494 12.720 -15.630 9.185
3 0 12.720 -15.630 9.185 12.060 -15.980 10.129 11.869 -16.241 10.443
3 0 12.060 -15.980 10.129 12.720 -15.630 9.185 12.750 -14.930 8.965
3 0 12.750 -14.930 8.965 12.210 -15.560 9.826 12.060 -15.980 10.129
3 0 12.210 -15.560 9.826 12.750 -14.930 8.965 12.660 -14.140 8.877
3 0 12.660 -14.140 8.877 12.250 -14.730 9.560 12.210 -15.560 9.826
3 0 12.250 -14.730 9.560 12.660 -14.140 8.877 12.410 -13.240 8.968
3 0 12.410 -13.240 8.968 12.150 -13.990 9.498 12.250 -14.730 9.560
3 0 12.150 -13.990 9.498 12.410 -13.240 8.968 12.090 -12.600 9.216
3 0 12.090 -12.600 9.216 11.820 -13.290 9.743 12.150 -13.990 9.498
3 0 11.820 -13.290 9.743 12.090 -12.600 9.216 11.780 -12.220 9.518
3 0 11.780 -12.220 9.518 11.490 -12.900 10.069 11.820 -13.290 9.743
3 0 11.490 -12.900 10.069 11.780 -12.220 9.518 11.562 -12.040 9.753
3 0 11.490 -12.900 10.069 11.562 -12.040 9.753 11.200 -11.870 10.194
3 0 11.200 -11.870 10.194 11.210 -12.710 10.395 11.490 -12.900 10.069
3 0 11.200 -11.870 10.194 10.766 -11.800 10.758 10.850 -12.610 10.854
3 0 10.850 -12.610 10.854 11.210 -12.710 10.395 11.200 -11.870 10.194
3 0 10.850 -12.610 10.854 10.766 -11.800 10.758 10.240 -12.070 11.212
3 0 10.240 -12.070 11.212 10.500 -12.630 11.125 10.850 -12.610 10.854
3 0 10.500 -12.630 11.125 10.240 -12.070 11.212 10.020 -12.430 11.450
3 0 10.020 -12.430 11.450 10.230 -12.820 11.368 10.500 -12.630 11.125
3 0 10.020 -12.430 11.450 9.930 -12.740 11.580 9.980 -13.040 11.602
3 0 9.980 -13.040 11.602 10.230 -12.820 11.368 10.020 -12.430 11.450
3 0 10.240 -12.070 11.212 10.766 -11.800 10.758 10.580 -11.790 10.897
3 0 10.240 -12.070 11.212 10.580 -11.790 10.897 10.590 -11.440 10.820
3 0 10.590 -11.440 10.820 10.240 -11.670 11.132 10.240 -12.070 11.212
3 0 10.590 -11.440 10.820 10.520 -10.940 10.775 10.060 -10.920 11.121
3 0 10.060 -10.920 11.121 10.240 -11.670 11.132 10.590 -11.440 10.820
3 0 10.520 -10.940 10.775 10.330 -10.370 10.806 9.650 -10.270 11.304
3 0 9.650 -10.270 11.304 10.060 -10.920 11.121 10.520 -10.940 10.775
3 0 10.330 -10.370 10.806 10.070 -9.910 10.913 9.560 -9.370 11.194
3 0 9.560 -9.370 11.194 9.650 -10.270 11.304 10.330 -10.370 10.806
3 0 9.650 -10.270 11.304 9.560 -9.370 11.194 9.111 -9.089 11.480
3 0 9.111 -9.089 11.480 8.996 -9.809 11.710 9.650 -10.270 11.304
3 0 8.996 -9.809 11.710 9.111 -9.089 11.480 8.540 -8.990 11.910
3 0 8.540 -8.990 11.910 8.420 -9.760 12.154 8.996 -9.809 11.710
3 0 8.540 -8.990 11.910 7.950 -9.040 12.385 7.950 -9.940 12.559
3 0 7.950 -9.940 12.559 8.420 -9.760 12.154 8.540 -8.990 11.910
3 0 7.950 -9.040 12.385 7.450 -9.310 12.831 7.524 -10.389 12.982
3 0 7.524 -10.389 12.982 7.950 -9.940 12.559 7.950 -9.040 12.385
3 0 7.450 -9.310 12.831 7.010 -9.800 13.094 7.190 -10.940 13.213
3 0 7.190 -10.940 13.213 7.524 -10.389 12.982 7.450 -9.310 12.831
3 0 7.010 -9.800 13.094 6.690 -10.340 13.316 6.500 -10.800 13.472
3 0 6.500 -10.800 13.472 7.190 -10.940 13.213 7.010 -9.800 13.094
3 0 7.190 -10.940 13.213 6.500 -10.800 13.472 6.000 -11.200 13.746
3 0 6.000 -11.200 13.746 7.000 -11.660 13.413 7.190 -10.940 13.213
3 0 7.290 -13.220 13.557 7.330 -13.060 13.514 6.820 -12.930 13.701
3 0 6.820 -12.930 13.701 7.100 -13.190 13.630 7.290 -13.220 13.557
3 0 7.330 -13.060 13.514 7.150 -12.570 13.505 6.650 -12.560 13.709
3 0 6.650 -12.560 13.709 6.820 -12.930 13.701 7.330 -13.060 13.514
3 85 7.045 -12.195 13.485 7.190 -10.940 13.213 7.000 -11.660 13.413
3 0 7.150 -12.570 13.505 7.045 -12.195 13.485 6.470 -12.240 13.728
3 0 6.470 -12.240 13.728 6.650 -12.560 13.709 7.150 -12.570 13.505
3 0 7.045 -12.195 13.485 7.000 -11.660 13.413 6.110 -12.060 13.846
3 0 6.110 -12.060 13.846 6.470 -12.240 13.728 7.045 -12.195 13.485
3 0 7.000 -11.660 13.413 6.000 -11.200 13.746 5.560 -11.970 14.057
3 0 5.560 -11.970 14.057 6.110 -12.060 13.846 7.000 -11.660 13.413
3 0 6.000 -11.200 13.746 5.450 -11.170 13.966 5.020 -12.130 14.306
3 0 5.020 -12.130 14.306 5.560 -11.970 14.057 6.000 -11.200 13.746
3 0 5.450 -11.170 13.966 4.810 -11.280 14.255 4.550 -12.420 14.548
3 0 4.550 -12.420 14.548 5.020 -12.130 14.306 5.450 -11.170 13.966
3 0 4.810 -11.280 14.255 4.260 -11.550 14.533 3.942 -11.760 14.704
3 0 3.942 -11.760 14.704 4.550 -12.420 14.548 4.810 -11.280 14.255
3 0 4.190 -12.850 14.768 4.550 -12.420 14.548 3.942 -11.760 14.704
3 0 3.990 -13.230 14.915 4.190 -12.850 14.768 3.942 -11.760 14.704
3 0 3.942 -11.760 14.704 3.510 -12.330 14.849 3.190 -13.000 14.996
3 0 3.190 -13.000 14.996 3.990 -13.230 14.915 3.942 -11.760 14.704
3 0 3.830 -13.700 15.022 3.990 -13.230 14.915 3.190 -13.000 14.996
3 0 3.190 -13.000 14.996 3.120 -13.810 15.132 3.840 -14.240 15.105
3 0 3.840 -14.240 15.105 3.830 -13.700 15.022 3.190 -13.000 14.996
3 0 3.200 -14.550 15.237 3.840 -14.240 15.105 3.120 -13.810 15.132
3 0 4.040 -14.801 15.160 3.840 -14.240 15.105 3.200 -14.550 15.237
3 0 3.200 -14.550 15.237 3.560 -15.310 15.309 3.880 -15.730 15.333
3 0 3.880 -15.730 15.333 4.040 -14.801 15.160 3.200 -14.550 15.237
3 0 4.079 -15.980 15.346 4.040 -14.801 15.160 3.880 -15.730 15.333
3 0 4.079 -15.980 15.346 4.200 -15.140 15.152 4.040 -14.801 15.160
3 0 4.200 -15.140 15.152 4.079 -15.980 15.346 4.510 -16.270 15.216
3 0 4.510 -16.270 15.216 4.450 -15.460 15.103 4.200 -15.140 15.152
3 0 4.450 -15.460 15.103 4.510 -16.270 15.216 4.990 -16.520 15.061
3 0 4.990 -16.520 15.061 4.910 -15.800 14.972 4.450 -15.460 15.103
3 0 4.910 -15.800 14.972 4.990 -16.520 15.061 5.691 -16.621 14.790
3 0 5.691 -16.621 14.790 5.330 -15.930 14.821 4.910 -15.800 14.972
3 0 4.919 -16.655 15.113 5.691 -16.621 14.790 4.990 -16.520 15.061
3 0 5.691 -16.621 14.790 4.919 -16.655 15.113 4.790 -17.220 15.331
3 0 4.790 -17.220 15.331 5.510 -17.130 15.013 5.691 -16.621 14.790
3 0 5.510 -17.130 15.013 4.790 -17.220 15.331 4.720 -17.800 15.530
3 0 4.720 -17.800 15.530 5.470 -17.710 15.199 5.510 -17.130 15.013
3 0 5.470 -17.710 15.199 4.720 -17.800 15.530 4.760 -18.460 15.707
3 0 4.760 -18.460 15.707 5.510 -18.270 15.347 5.470 -17.710 15.199
3 0 4.760 -18.460 15.707 4.950 -19.060 15.808 5.800 -18.830 15.394
3 0 5.800 -18.830 15.394 5.510 -18.270 15.347 4.760 -18.460 15.707
3 0 4.950 -19.060 15.808 5.250 -19.520 15.821 6.190 -19.290 15.371
3 0 6.190 -19.290 15.371 5.800 -18.830 15.394 4.950 -19.060 15.808
3 0 5.250 -19.520 15.821 5.640 -19.980 15.797 6.700 -19.600 15.255
3 0 6.700 -19.600 15.255 6.190 -19.290 15.371 5.250 -19.520 15.821
3 0 5.640 -19.980 15.797 6.200 -20.400 15.693 7.220 -19.740 15.086
3 0 7.220 -19.740 15.086 6.700 -19.600 15.255 5.640 -19.980 15.797
3 0 6.200 -20.400 15.693 6.850 -20.630 15.497 7.510 -20.640 15.232
3 0 7.510 -20.640 15.232 7.220 -19.740 15.086 6.200 -20.400 15.693
3 0 7.220 -19.740 15.086 7.510 -20.640 15.232 8.100 -20.530 14.961
3 0 8.100 -20.530 14.961 7.890 -19.670 14.793 7.220 -19.740 15.086
3 0 8.100 -20.530 14.961 8.406 -20.363 14.788 8.294 -19.471 14.571
3 0 8.294 -19.471 14.571 7.890 -19.670 14.793 8.100 -20.530 14.961
3 0 6.360 -16.140 14.434 6.220 -16.010 14.469 5.910 -16.440 14.669
3 0 5.910 -16.440 14.669 6.300 -16.310 14.487 6.360 -16.140 14.434
3 0 6.220 -16.010 14.469 5.810 -15.950 14.628 5.330 -15.930 14.821
3 0 5.330 -15.930 14.821 5.910 -16.440 14.669 6.220 -16.010 14.469
3 0 5.691 -16.621 14.790 5.910 -16.440 14.669 5.330 -15.930 14.821
3 0 9.030 -18.510 13.688 8.890 -18.470 13.780 8.780 -18.660 13.928
3 0 8.780 -18.660 13.928 9.070 -18.850 13.772 9.030 -18.510 13.688
3 0 8.780 -18.660 13.928 8.730 -18.980 14.075 9.080 -19.320 13.921
3 0 9.080 -19.320 13.921 9.070 -18.850 13.772 8.780 -18.660 13.928
3 0 9.080 -19.320 13.921 8.730 -18.980 14.075 8.540 -19.270 14.317
3 0 8.540 -19.270 14.317 8.294 -19.471 14.571 8.810 -19.930 14.335
3 0 8.810 -19.930 14.335 9.080 -19.320 13.921 8.540 -19.270 14.317
3 0 8.810 -19.930 14.335 8.294 -19.471 14.571 8.406 -20.363 14.788
3 0 8.406 -20.363 14.788 8.640 -20.190 14.552 8.810 -19.930 14.335
3 0 9.080 -19.320 13.921 8.810 -19.930 14.335 9.160 -20.350 14.211
3 0 9.160 -20.350 14.211 9.290 -19.610 13.860 9.080 -19.320 13.921
3 0 9.290 -19.610 13.860 9.160 -20.350 14.211 9.650 -20.720 13.964
3 0 9.650 -20.720 13.964 9.740 -19.970 13.642 9.290 -19.610 13.860
3 0 9.740 -19.970 13.642 9.650 -20.720 13.964 10.320 -21.010 13.554
3 0 10.320 -21.010 13.554 10.230 -20.210 13.354 9.740 -19.970 13.642
3 0 10.230 -20.210 13.354 10.320 -21.010 13.554 10.790 -21.060 13.217
3 0 10.790 -21.060 13.217 10.670 -20.280 13.047 10.230 -20.210 13.354
3 0 10.790 -21.060 13.217 11.320 -20.930 12.775 11.060 -20.170 12.717
3 0 11.060 -20.170 12.717 10.670 -20.280 13.047 10.790 -21.060 13.217
3 0 11.320 -20.930 12.775 11.690 -20.700 12.421 11.450 -19.770 12.290
3 0 11.450 -19.770 12.290 11.060 -20.170 12.717 11.320 -20.930 12.775
3 0 11.690 -20.700 12.421 11.940 -20.300 12.099 11.724 -19.191 11.891
3 0 11.724 -19.191 11.891 11.450 -19.770 12.290 11.690 -20.700 12.421
3 0 11.940 -20.300 12.099 12.170 -19.780 11.569 11.724 -19.191 11.891
3 0 12.170 -19.780 11.569 12.260 -19.140 11.177 11.790 -18.730 11.607
3 0 11.790 -18.730 11.607 11.724 -19.191 11.891 12.170 -19.780 11.569
3 0 12.260 -19.140 11.177 12.270 -18.420 10.855 11.760 -18.120 11.384
3 0 11.760 -18.120 11.384 11.790 -18.730 11.607 12.260 -19.140 11.177
3 0 12.270 -18.420 10.855 12.170 -17.680 10.665 11.590 -17.550 11.358
3 0 11.590 -17.550 11.358 11.760 -18.120 11.384 12.270 -18.420 10.855
3 0 12.170 -17.680 10.665 11.930 -17.010 10.692 11.324 -16.951 11.444
3 0 11.324 -16.951 11.444 11.590 -17.550 11.358 12.170 -17.680 10.665
3 85 11.724 -19.191 11.891 11.790 -18.730 11.607 11.590 -17.550 11.358
3 85 11.590 -17.550 11.358 11.324 -16.951 11.444 11.724 -19.191 11.891
3 85 11.790 -18.730 11.607 11.760 -18.120 11.384 11.590 -17.550 11.358
3 16 0.000 0.000 -11.375 -1.500 0.000 -11.077 1.500 0.000 -11.108
3 16 -11.375 0.000 0.000 -11.077 0.000 1.500 -11.077 0.000 -1.500
3 16 0.000 0.000 11.375 1.500 0.000 11.077 -1.500 0.000 11.077
3 16 11.375 0.000 0.000 11.077 0.000 -1.500 11.077 0.000 1.500
3 16 15.423 -4.921 1.979 15.250 -4.750 6.875 13.648 -4.855 3.581
3 16 15.255 0.079 6.369 15.250 1.445 6.695 13.420 0.831 6.595
3 16 15.250 -1.325 6.290 15.255 0.079 6.369 13.609 -0.653 6.307
3 16 13.420 0.831 6.595 13.609 -0.653 6.307 15.255 0.079 6.369
3 16 13.132 2.342 7.121 13.420 0.831 6.595 15.250 1.445 6.695
3 16 13.630 -2.424 6.408 13.544 -4.164 6.766 15.254 -3.056 6.474
3 16 13.609 -0.653 6.307 13.630 -2.424 6.408 15.250 -1.325 6.290
3 16 15.254 -3.056 6.474 15.250 -1.325 6.290 13.630 -2.424 6.408
3 16 15.250 -4.750 6.875 15.254 -3.056 6.474 13.544 -4.164 6.766
3 16 15.417 -0.087 2.181 15.250 -1.325 6.290 15.254 -3.056 6.474
3 16 15.254 -3.056 6.474 15.419 -1.698 2.267 15.417 -0.087 2.181
3 16 15.417 -0.087 2.181 15.415 1.523 1.955 15.250 -1.325 6.290
3 16 15.421 -3.472 2.144 15.419 -1.698 2.267 15.254 -3.056 6.474
3 16 15.254 -3.056 6.474 15.250 -4.750 6.875 15.421 -3.472 2.144
3 16 15.423 -4.921 1.979 15.421 -3.472 2.144 15.250 -4.750 6.875
3 16 15.421 -3.472 2.144 16.409 -3.511 2.251 16.490 -1.828 2.380
3 16 15.419 -1.698 2.267 15.421 -3.472 2.144 16.490 -1.828 2.380
3 16 16.490 -1.828 2.380 16.570 -0.145 2.269 15.417 -0.087 2.181
3 16 15.415 1.523 1.955 15.417 -0.087 2.181 16.570 -0.145 2.269
3 16 15.417 -0.087 2.181 15.419 -1.698 2.267 16.490 -1.828 2.380
3 16 16.570 -0.145 2.269 16.619 0.864 2.104 15.415 1.523 1.955
3 16 15.423 -4.921 1.979 16.360 -4.521 2.075 16.409 -3.511 2.251
3 16 16.409 -3.511 2.251 15.421 -3.472 2.144 15.423 -4.921 1.979
3 16 12.291 -4.278 6.709 12.303 -4.720 6.864 13.544 -4.164 6.766
3 16 13.544 -4.164 6.766 12.303 -4.720 6.864 15.250 -4.750 6.875
3 16 13.648 -4.855 3.581 14.128 -4.984 0.000 15.423 -4.921 1.979
3 16 12.303 -4.720 6.864 13.648 -4.855 3.581 15.250 -4.750 6.875
3 16 15.255 0.079 6.369 15.358 1.501 3.598 15.314 1.538 4.866
3 16 15.314 1.538 4.866 15.250 1.445 6.695 15.255 0.079 6.369
3 16 15.358 1.501 3.598 15.255 0.079 6.369 15.250 -1.325 6.290
3 16 15.250 -1.325 6.290 15.415 1.523 1.955 15.358 1.501 3.598
3 16 15.423 -4.921 -1.979 14.128 -4.984 0.000 13.648 -4.855 -3.581
3 16 15.250 1.445 -6.695 15.255 0.079 -6.369 13.420 0.831 -6.595
3 16 15.255 0.079 -6.369 15.250 -1.325 -6.290 13.609 -0.653 -6.307
3 16 13.609 -0.653 -6.307 13.420 0.831 -6.595 15.255 0.079 -6.369
3 16 13.420 0.831 -6.595 13.132 2.342 -7.121 15.250 1.445 -6.695
3 16 13.544 -4.164 -6.766 13.630 -2.424 -6.408 15.254 -3.056 -6.474
3 16 13.630 -2.424 -6.408 13.609 -0.653 -6.307 15.250 -1.325 -6.290
3 16 15.250 -1.325 -6.290 15.254 -3.056 -6.474 13.630 -2.424 -6.408
3 16 15.254 -3.056 -6.474 15.250 -4.750 -6.875 13.544 -4.164 -6.766
3 16 15.417 -0.087 -2.181 15.419 -1.698 -2.267 15.254 -3.056 -6.474
3 16 15.254 -3.056 -6.474 15.250 -1.325 -6.290 15.417 -0.087 -2.181
3 16 15.415 1.523 -1.955 15.417 -0.087 -2.181 15.250 -1.325 -6.290
3 16 15.421 -3.472 -2.144 15.250 -4.750 -6.875 15.254 -3.056 -6.474
3 16 15.254 -3.056 -6.474 15.419 -1.698 -2.267 15.421 -3.472 -2.144
3 16 15.421 -3.472 -2.144 15.423 -4.921 -1.979 15.250 -4.750 -6.875
3 16 16.409 -3.511 -2.251 15.421 -3.472 -2.144 16.490 -1.828 -2.380
3 16 15.421 -3.472 -2.144 15.419 -1.698 -2.267 16.490 -1.828 -2.380
3 16 16.570 -0.145 -2.269 16.490 -1.828 -2.380 15.417 -0.087 -2.181
3 16 15.417 -0.087 -2.181 15.415 1.523 -1.955 16.570 -0.145 -2.269
3 16 15.419 -1.698 -2.267 15.417 -0.087 -2.181 16.490 -1.828 -2.380
3 16 16.619 0.864 -2.104 16.570 -0.145 -2.269 15.415 1.523 -1.955
3 16 16.360 -4.521 -2.075 15.423 -4.921 -1.979 16.409 -3.511 -2.251
3 16 15.421 -3.472 -2.144 16.409 -3.511 -2.251 15.423 -4.921 -1.979
3 16 12.303 -4.720 -6.864 12.291 -4.278 -6.709 13.544 -4.164 -6.766
3 16 12.303 -4.720 -6.864 13.544 -4.164 -6.766 15.250 -4.750 -6.875
3 16 13.648 -4.855 -3.581 15.250 -4.750 -6.875 15.423 -4.921 -1.979
3 16 13.648 -4.855 -3.581 12.303 -4.720 -6.864 15.250 -4.750 -6.875
3 16 15.255 0.079 -6.369 15.250 1.445 -6.695 15.314 1.538 -4.866
3 16 15.314 1.538 -4.866 15.358 1.501 -3.598 15.255 0.079 -6.369
3 16 15.358 1.501 -3.598 15.415 1.523 -1.955 15.250 -1.325 -6.290
3 16 15.250 -1.325 -6.290 15.255 0.079 -6.369 15.358 1.501 -3.598
3 16 14.128 -4.984 0.000 15.423 -4.921 -1.979 15.423 -4.921 1.979
3 16 16.360 -4.521 2.075 15.423 -4.921 1.979 15.423 -4.921 -1.979
3 16 15.423 -4.921 -1.979 16.360 -4.521 -2.075 16.360 -4.521 2.075
3 16 16.360 -4.521 -2.075 16.409 -3.511 -2.251 16.409 -3.511 2.251
3 16 16.409 -3.511 2.251 16.360 -4.521 2.075 16.360 -4.521 -2.075
3 16 16.409 -3.511 -2.251 16.490 -1.828 -2.380 16.490 -1.828 2.380
3 16 16.490 -1.828 2.380 16.409 -3.511 2.251 16.409 -3.511 -2.251
3 16 16.570 -0.145 -2.269 16.570 -0.145 2.269 16.490 -1.828 2.380
3 16 16.490 -1.828 2.380 16.490 -1.828 -2.380 16.570 -0.145 -2.269
3 16 16.570 -0.145 -2.269 16.619 0.864 -2.104 16.619 0.864 2.104
3 16 16.619 0.864 2.104 16.570 -0.145 2.269 16.570 -0.145 -2.269
2 24 14.128 -4.984 0.000 13.648 -4.855 3.581
2 24 13.648 -4.855 3.581 12.303 -4.720 6.864
2 24 12.303 -4.720 6.864 15.250 -4.750 6.875
2 24 15.423 -4.921 1.979 15.250 -4.750 6.875
2 24 12.291 -4.278 6.709 12.303 -4.720 6.864
2 24 12.291 -4.278 6.709 13.544 -4.164 6.766
2 24 15.250 -4.750 6.875 15.254 -3.056 6.474
2 24 15.254 -3.056 6.474 15.250 -1.325 6.290
2 24 15.250 -1.325 6.290 15.255 0.079 6.369
2 24 15.255 0.079 6.369 15.250 1.445 6.695
2 24 15.250 1.445 6.695 13.132 2.342 7.121
2 24 13.132 2.342 7.121 13.420 0.831 6.595
2 24 13.420 0.831 6.595 13.609 -0.653 6.307
2 24 13.609 -0.653 6.307 13.630 -2.424 6.408
2 24 13.630 -2.424 6.408 13.544 -4.164 6.766
2 24 15.250 1.445 6.695 15.314 1.538 4.866
2 24 15.314 1.538 4.866 15.358 1.501 3.598
2 24 15.358 1.501 3.598 15.415 1.523 1.955
2 24 15.415 1.523 1.955 15.417 -0.087 2.181
2 24 15.417 -0.087 2.181 15.419 -1.698 2.267
2 24 15.419 -1.698 2.267 15.421 -3.472 2.144
2 24 15.421 -3.472 2.144 15.423 -4.921 1.979
2 24 15.423 -4.921 1.979 16.360 -4.521 2.075
2 24 16.360 -4.521 2.075 16.409 -3.511 2.251
2 24 16.409 -3.511 2.251 16.490 -1.828 2.380
2 24 16.490 -1.828 2.380 16.570 -0.145 2.269
2 24 16.570 -0.145 2.269 16.619 0.864 2.104
2 24 16.619 0.864 2.104 15.415 1.523 1.955
2 24 14.128 -4.984 0.000 13.648 -4.855 -3.581
2 24 13.648 -4.855 -3.581 12.303 -4.720 -6.864
2 24 12.303 -4.720 -6.864 15.250 -4.750 -6.875
2 24 15.423 -4.921 -1.979 15.250 -4.750 -6.875
2 24 12.291 -4.278 -6.709 12.303 -4.720 -6.864
2 24 12.291 -4.278 -6.709 13.544 -4.164 -6.766
2 24 15.250 -4.750 -6.875 15.254 -3.056 -6.474
2 24 15.254 -3.056 -6.474 15.250 -1.325 -6.290
2 24 15.250 -1.325 -6.290 15.255 0.079 -6.369
2 24 15.255 0.079 -6.369 15.250 1.445 -6.695
2 24 15.250 1.445 -6.695 13.132 2.342 -7.121
2 24 13.132 2.342 -7.121 13.420 0.831 -6.595
2 24 13.420 0.831 -6.595 13.609 -0.653 -6.307
2 24 13.609 -0.653 -6.307 13.630 -2.424 -6.408
2 24 13.630 -2.424 -6.408 13.544 -4.164 -6.766
2 24 15.250 1.445 -6.695 15.314 1.538 -4.866
2 24 15.314 1.538 -4.866 15.358 1.501 -3.598
2 24 15.358 1.501 -3.598 15.415 1.523 -1.955
2 24 15.415 1.523 -1.955 15.417 -0.087 -2.181
2 24 15.417 -0.087 -2.181 15.419 -1.698 -2.267
2 24 15.419 -1.698 -2.267 15.421 -3.472 -2.144
2 24 15.421 -3.472 -2.144 15.423 -4.921 -1.979
2 24 15.423 -4.921 -1.979 16.360 -4.521 -2.075
2 24 16.360 -4.521 -2.075 16.409 -3.511 -2.251
2 24 16.409 -3.511 -2.251 16.490 -1.828 -2.380
2 24 16.490 -1.828 -2.380 16.570 -0.145 -2.269
2 24 16.570 -0.145 -2.269 16.619 0.864 -2.104
2 24 16.619 0.864 -2.104 15.415 1.523 -1.955
2 24 16.360 -4.521 -2.075 16.360 -4.521 2.075
2 24 16.619 0.864 -2.104 16.619 0.864 2.104
0 BFC INVERTNEXT
1 16 0.0000 -22.5000 0.0000 11.3750 0.0000 0.0000 0.0000 22.5000 0.0000 0.0000 0.0000 11.3750 4-4cylc.dat
1 16 0.0000 3.0000 0.0000 13.0000 0.0000 0.0000 0.0000 -1.0000 0.0000 0.0000 0.0000 13.0000 4-4edge.dat
0 BFC INVERTNEXT
1 16 0.0000 3.0000 0.0000 1.6250 0.0000 0.0000 0.0000 -3.0000 0.0000 0.0000 0.0000 1.6250 4-4con7.dat
1 16 0.0000 -11.2500 -11.0767 -1.5000 0.0000 0.0000 0.0000 0.0000 11.2500 0.0000 5.0397 0.0000 box4-2p.dat
1 16 -11.0767 -11.2500 0.0000 0.0000 5.0397 0.0000 0.0000 0.0000 11.2500 1.5000 0.0000 0.0000 box4-2p.dat
1 16 0.0000 -11.2500 11.0767 1.5000 0.0000 0.0000 0.0000 0.0000 11.2500 0.0000 -5.0397 0.0000 box4-2p.dat
1 16 11.0767 -11.2500 0.0000 0.0000 -5.0397 0.0000 0.0000 0.0000 11.2500 -1.5000 0.0000 0.0000 box4-2p.dat
3 16 0.000 -26.600 -18.740 0.000 -26.575 0.000 -4.736 -26.520 -18.101
3 16 -4.736 -26.520 -18.101 0.000 -26.575 0.000 -9.150 -26.300 -16.229
3 16 -9.150 -26.300 -16.229 0.000 -26.575 0.000 -12.940 -26.000 -13.251
3 16 -12.940 -26.000 -13.251 0.000 -26.575 0.000 -15.848 -25.700 -9.370
3 16 -15.848 -25.700 -9.370 0.000 -26.575 0.000 -17.676 -25.480 -4.850
3 16 0.000 -26.575 0.000 -18.300 -25.400 0.000 -17.676 -25.480 -4.850
3 16 -15.260 -4.720 0.000 -14.740 -4.544 -3.908 -13.619 -4.662 -3.571
3 16 -13.619 -4.662 -3.571 -14.100 -4.810 0.000 -15.260 -4.720 0.000
3 16 -13.619 -4.662 -3.571 -14.740 -4.544 -3.908 -12.211 -4.255 -6.900
3 16 -12.211 -4.255 -6.900 -14.740 -4.544 -3.908 -13.215 -4.060 -7.550
3 16 -12.211 -4.255 -6.900 -13.215 -4.060 -7.550 -9.970 -3.700 -9.758
3 16 -9.970 -3.700 -9.758 -13.215 -4.060 -7.550 -10.790 -3.400 -10.677
3 16 -9.970 -3.700 -9.758 -10.790 -3.400 -10.677 -7.630 -2.740 -13.077
3 16 -9.970 -3.700 -9.758 -7.630 -2.740 -13.077 -7.050 -3.145 -11.951
3 16 -7.050 -3.145 -11.951 -7.630 -2.740 -13.077 -3.649 -2.738 -13.329
3 16 -3.649 -2.738 -13.329 -7.630 -2.740 -13.077 -3.949 -2.256 -14.585
3 16 -3.949 -2.256 -14.585 0.000 -2.080 -15.100 0.000 -2.590 -13.800
3 16 0.000 -2.590 -13.800 -3.649 -2.738 -13.329 -3.949 -2.256 -14.585
3 16 -14.494 1.962 -3.856 -14.740 -4.544 -3.908 -15.260 -4.720 0.000
3 16 -15.260 -4.720 0.000 -15.006 1.810 0.000 -14.494 1.962 -3.856
3 16 -12.995 2.380 -7.449 -13.215 -4.060 -7.550 -14.740 -4.544 -3.908
3 16 -14.740 -4.544 -3.908 -14.494 1.962 -3.856 -12.995 2.380 -7.449
3 16 -10.611 2.950 -10.535 -10.790 -3.400 -10.677 -13.215 -4.060 -7.550
3 16 -13.215 -4.060 -7.550 -12.995 2.380 -7.449 -10.611 2.950 -10.535
3 16 -7.503 3.520 -12.902 -7.630 -2.740 -13.077 -10.790 -3.400 -10.677
3 16 -10.790 -3.400 -10.677 -10.611 2.950 -10.535 -7.503 3.520 -12.902
3 16 -3.884 3.938 -14.390 -3.949 -2.256 -14.585 -7.630 -2.740 -13.077
3 16 -7.630 -2.740 -13.077 -7.503 3.520 -12.902 -3.884 3.938 -14.390
3 16 -3.884 3.938 -14.390 0.000 4.090 -14.898 0.000 -2.080 -15.100
3 16 0.000 -2.080 -15.100 -3.949 -2.256 -14.585 -3.884 3.938 -14.390
3 16 -19.215 2.900 0.000 -19.050 2.990 -2.592 -18.778 -0.326 -2.578
3 16 -18.778 -0.326 -2.578 -18.941 -0.420 0.000 -19.215 2.900 0.000
3 16 -18.560 3.260 -5.141 -18.295 -0.044 -5.112 -18.778 -0.326 -2.578
3 16 -18.778 -0.326 -2.578 -19.050 2.990 -2.592 -18.560 3.260 -5.141
3 16 -17.753 3.692 -7.602 -17.499 0.407 -7.559 -18.295 -0.044 -5.112
3 16 -18.295 -0.044 -5.112 -18.560 3.260 -5.141 -17.753 3.692 -7.602
3 16 -16.640 4.250 -9.932 -16.403 0.990 -9.876 -17.499 0.407 -7.559
3 16 -17.499 0.407 -7.559 -17.753 3.692 -7.602 -16.640 4.250 -9.932
3 16 -15.245 4.903 -12.093 -15.027 1.672 -12.025 -16.403 0.990 -9.876
3 16 -16.403 0.990 -9.876 -16.640 4.250 -9.932 -15.245 4.903 -12.093
3 16 -13.587 5.600 -14.046 -13.393 2.400 -13.967 -15.027 1.672 -12.025
3 16 -15.027 1.672 -12.025 -15.245 4.903 -12.093 -13.587 5.600 -14.046
3 16 -11.698 6.298 -15.760 -11.531 3.129 -15.671 -13.393 2.400 -13.967
3 16 -13.393 2.400 -13.967 -13.587 5.600 -14.046 -11.698 6.298 -15.760
3 16 -9.608 6.950 -17.203 -9.470 3.810 -17.105 -11.531 3.129 -15.671
3 16 -11.531 3.129 -15.671 -11.698 6.298 -15.760 -9.608 6.950 -17.203
3 16 -7.354 7.508 -18.353 -7.249 4.393 -18.249 -9.470 3.810 -17.105
3 16 -9.470 3.810 -17.105 -9.608 6.950 -17.203 -7.354 7.508 -18.353
3 16 -4.973 7.940 -19.187 -4.902 4.844 -19.079 -7.249 4.393 -18.249
3 16 -7.249 4.393 -18.249 -7.354 7.508 -18.353 -4.973 7.940 -19.187
3 16 -2.508 8.210 -19.694 -2.472 5.126 -19.582 -4.902 4.844 -19.079
3 16 -4.902 4.844 -19.079 -4.973 7.940 -19.187 -2.508 8.210 -19.694
3 16 0.000 8.300 -19.864 0.000 5.220 -19.752 -2.472 5.126 -19.582
3 16 -2.472 5.126 -19.582 -2.508 8.210 -19.694 0.000 8.300 -19.864
3 16 0.000 5.220 -19.752 0.000 4.090 -14.898 -2.472 5.126 -19.582
3 16 -2.472 5.126 -19.582 0.000 4.090 -14.898 -3.884 3.938 -14.390
3 16 -2.472 5.126 -19.582 -3.884 3.938 -14.390 -4.902 4.844 -19.079
3 16 -4.902 4.844 -19.079 -3.884 3.938 -14.390 -7.249 4.393 -18.249
3 16 -7.249 4.393 -18.249 -3.884 3.938 -14.390 -7.503 3.520 -12.902
3 16 -7.503 3.520 -12.902 -9.470 3.810 -17.105 -7.249 4.393 -18.249
3 16 -9.470 3.810 -17.105 -7.503 3.520 -12.902 -11.531 3.129 -15.671
3 16 -11.531 3.129 -15.671 -7.503 3.520 -12.902 -10.611 2.950 -10.535
3 16 -11.531 3.129 -15.671 -10.611 2.950 -10.535 -13.393 2.400 -13.967
3 16 -13.393 2.400 -13.967 -10.611 2.950 -10.535 -15.027 1.672 -12.025
3 16 -15.027 1.672 -12.025 -10.611 2.950 -10.535 -12.995 2.380 -7.449
3 16 -12.995 2.380 -7.449 -16.403 0.990 -9.876 -15.027 1.672 -12.025
3 16 -16.403 0.990 -9.876 -12.995 2.380 -7.449 -17.499 0.407 -7.559
3 16 -17.499 0.407 -7.559 -12.995 2.380 -7.449 -14.494 1.962 -3.856
3 16 -14.494 1.962 -3.856 -18.778 -0.326 -2.578 -18.295 -0.044 -5.112
3 16 -18.295 -0.044 -5.112 -17.499 0.407 -7.559 -14.494 1.962 -3.856
3 16 -18.778 -0.326 -2.578 -14.494 1.962 -3.856 -15.006 1.810 0.000
3 16 -15.006 1.810 0.000 -18.941 -0.420 0.000 -18.778 -0.326 -2.578
3 16 -13.176 6.190 0.000 -18.560 3.260 -5.141 -19.050 2.990 -2.592
3 16 -19.050 2.990 -2.592 -19.215 2.900 0.000 -13.176 6.190 0.000
3 16 -18.560 3.260 -5.141 -13.176 6.190 0.000 -12.173 6.472 -4.977
3 16 -18.560 3.260 -5.141 -12.173 6.472 -4.977 -17.753 3.692 -7.602
3 16 -17.753 3.692 -7.602 -12.173 6.472 -4.977 -16.640 4.250 -9.932
3 16 -16.640 4.250 -9.932 -12.173 6.472 -4.977 -15.245 4.903 -12.093
3 16 -15.245 4.903 -12.093 -12.173 6.472 -4.977 -9.317 7.150 -9.196
3 16 -15.245 4.903 -12.093 -9.317 7.150 -9.196 -13.587 5.600 -14.046
3 16 -13.587 5.600 -14.046 -9.317 7.150 -9.196 -11.698 6.298 -15.760
3 16 -11.698 6.298 -15.760 -9.317 7.150 -9.196 -9.608 6.950 -17.203
3 16 -9.608 6.950 -17.203 -9.317 7.150 -9.196 -5.042 7.828 -12.016
3 16 -9.608 6.950 -17.203 -5.042 7.828 -12.016 -7.354 7.508 -18.353
3 16 -7.354 7.508 -18.353 -5.042 7.828 -12.016 -4.973 7.940 -19.187
3 16 -4.973 7.940 -19.187 -5.042 7.828 -12.016 -2.508 8.210 -19.694
3 16 -2.508 8.210 -19.694 -5.042 7.828 -12.016 0.000 8.110 -13.006
3 16 -2.508 8.210 -19.694 0.000 8.110 -13.006 0.000 8.300 -19.864
3 16 0.000 8.110 -13.006 -5.042 7.828 -12.016 -4.975 3.000 -12.011
3 16 -4.975 3.000 -12.011 0.000 3.000 -13.000 0.000 8.110 -13.006
3 16 -9.192 3.000 -9.192 -4.975 3.000 -12.011 -5.042 7.828 -12.016
3 16 -5.042 7.828 -12.016 -9.317 7.150 -9.196 -9.192 3.000 -9.192
3 16 -9.192 3.000 -9.192 -9.317 7.150 -9.196 -12.011 3.000 -4.975
3 16 -12.011 3.000 -4.975 -9.317 7.150 -9.196 -12.173 6.472 -4.977
3 16 -12.011 3.000 -4.975 -12.173 6.472 -4.977 -13.176 6.190 0.000
3 16 -13.176 6.190 0.000 -13.000 3.000 0.000 -12.011 3.000 -4.975
2 24 -18.300 -25.400 0.000 -17.676 -25.480 -4.850
2 24 -12.940 -26.000 -13.251 -9.150 -26.300 -16.229
2 24 -9.150 -26.300 -16.229 -4.736 -26.520 -18.101
2 24 -15.848 -25.700 -9.370 -12.940 -26.000 -13.251
2 24 -17.676 -25.480 -4.850 -15.848 -25.700 -9.370
2 24 -4.736 -26.520 -18.101 0.000 -26.600 -18.740
2 24 -14.494 1.962 -3.856 -12.995 2.380 -7.449
2 24 -3.949 -2.256 -14.585 0.000 -2.080 -15.100
2 24 -12.995 2.380 -7.449 -10.611 2.950 -10.535
2 24 -9.970 -3.700 -9.758 -12.211 -4.255 -6.900
2 24 -13.215 -4.060 -7.550 -10.790 -3.400 -10.677
2 24 -7.050 -3.145 -11.951 -9.970 -3.700 -9.758
2 24 -3.884 3.938 -14.390 -7.503 3.520 -12.902
2 24 -15.260 -4.720 0.000 -14.740 -4.544 -3.908
2 24 -14.100 -4.810 0.000 -13.619 -4.662 -3.571
2 24 -13.215 -4.060 -7.550 -14.740 -4.544 -3.908
2 24 0.000 -2.590 -13.800 -3.649 -2.738 -13.329
2 24 -7.503 3.520 -12.902 -10.611 2.950 -10.535
2 24 -3.949 -2.256 -14.585 -7.630 -2.740 -13.077
2 24 -12.211 -4.255 -6.900 -13.619 -4.662 -3.571
2 24 0.000 4.090 -14.898 -3.884 3.938 -14.390
2 24 -3.649 -2.738 -13.329 -7.050 -3.145 -11.951
2 24 -10.790 -3.400 -10.677 -7.630 -2.740 -13.077
2 24 -15.006 1.810 0.000 -14.494 1.962 -3.856
2 24 0.000 8.110 -13.006 -5.042 7.828 -12.016
2 24 -5.042 7.828 -12.016 -9.317 7.150 -9.196
2 24 -9.317 7.150 -9.196 -12.173 6.472 -4.977
2 24 -12.173 6.472 -4.977 -13.176 6.190 0.000
2 24 -16.403 0.990 -9.876 -15.027 1.672 -12.025
2 24 -7.249 4.393 -18.249 -4.902 4.844 -19.079
2 24 -15.245 4.903 -12.093 -13.587 5.600 -14.046
2 24 -11.531 3.129 -15.671 -13.393 2.400 -13.967
2 24 -2.472 5.126 -19.582 -4.902 4.844 -19.079
2 24 0.000 8.300 -19.864 -2.508 8.210 -19.694
2 24 -7.354 7.508 -18.353 -9.608 6.950 -17.203
2 24 -13.587 5.600 -14.046 -11.698 6.298 -15.760
2 24 -18.295 -0.044 -5.112 -18.778 -0.326 -2.578
2 24 -17.753 3.692 -7.602 -18.560 3.260 -5.141
2 24 -11.531 3.129 -15.671 -9.470 3.810 -17.105
2 24 -9.470 3.810 -17.105 -7.249 4.393 -18.249
2 24 -13.393 2.400 -13.967 -15.027 1.672 -12.025
2 24 0.000 5.220 -19.752 -2.472 5.126 -19.582
2 24 -11.698 6.298 -15.760 -9.608 6.950 -17.203
2 24 -2.508 8.210 -19.694 -4.973 7.940 -19.187
2 24 -18.778 -0.326 -2.578 -18.941 -0.420 0.000
2 24 -19.050 2.990 -2.592 -19.215 2.900 0.000
2 24 -15.245 4.903 -12.093 -16.640 4.250 -9.932
2 24 -17.499 0.407 -7.559 -18.295 -0.044 -5.112
2 24 -16.640 4.250 -9.932 -17.753 3.692 -7.602
2 24 -18.560 3.260 -5.141 -19.050 2.990 -2.592
2 24 -4.973 7.940 -19.187 -7.354 7.508 -18.353
2 24 -17.499 0.407 -7.559 -16.403 0.990 -9.876
3 16 4.736 -26.520 -18.101 0.000 -26.575 0.000 0.000 -26.600 -18.740
3 16 9.150 -26.300 -16.229 0.000 -26.575 0.000 4.736 -26.520 -18.101
3 16 12.940 -26.000 -13.251 0.000 -26.575 0.000 9.150 -26.300 -16.229
3 16 15.848 -25.700 -9.370 0.000 -26.575 0.000 12.940 -26.000 -13.251
3 16 17.676 -25.480 -4.850 0.000 -26.575 0.000 15.848 -25.700 -9.370
3 16 17.676 -25.480 -4.850 18.300 -25.400 0.000 0.000 -26.575 0.000
3 16 13.619 -4.662 -3.571 14.740 -4.544 -3.908 15.260 -4.720 0.000
3 16 15.260 -4.720 0.000 14.100 -4.810 0.000 13.619 -4.662 -3.571
3 16 12.211 -4.255 -6.900 14.740 -4.544 -3.908 13.619 -4.662 -3.571
3 16 13.215 -4.060 -7.550 14.740 -4.544 -3.908 12.211 -4.255 -6.900
3 16 9.970 -3.700 -9.758 13.215 -4.060 -7.550 12.211 -4.255 -6.900
3 16 10.790 -3.400 -10.677 13.215 -4.060 -7.550 9.970 -3.700 -9.758
3 16 7.630 -2.740 -13.077 10.790 -3.400 -10.677 9.970 -3.700 -9.758
3 16 7.050 -3.145 -11.951 7.630 -2.740 -13.077 9.970 -3.700 -9.758
3 16 3.649 -2.738 -13.329 7.630 -2.740 -13.077 7.050 -3.145 -11.951
3 16 3.949 -2.256 -14.585 7.630 -2.740 -13.077 3.649 -2.738 -13.329
3 16 0.000 -2.590 -13.800 0.000 -2.080 -15.100 3.949 -2.256 -14.585
3 16 3.949 -2.256 -14.585 3.649 -2.738 -13.329 0.000 -2.590 -13.800
3 16 15.260 -4.720 0.000 14.740 -4.544 -3.908 14.494 1.962 -3.856
3 16 14.494 1.962 -3.856 15.006 1.810 0.000 15.260 -4.720 0.000
3 16 14.740 -4.544 -3.908 13.215 -4.060 -7.550 12.995 2.380 -7.449
3 16 12.995 2.380 -7.449 14.494 1.962 -3.856 14.740 -4.544 -3.908
3 16 13.215 -4.060 -7.550 10.790 -3.400 -10.677 10.611 2.950 -10.535
3 16 10.611 2.950 -10.535 12.995 2.380 -7.449 13.215 -4.060 -7.550
3 16 10.790 -3.400 -10.677 7.630 -2.740 -13.077 7.503 3.520 -12.902
3 16 7.503 3.520 -12.902 10.611 2.950 -10.535 10.790 -3.400 -10.677
3 16 7.630 -2.740 -13.077 3.949 -2.256 -14.585 3.884 3.938 -14.390
3 16 3.884 3.938 -14.390 7.503 3.520 -12.902 7.630 -2.740 -13.077
3 16 0.000 -2.080 -15.100 0.000 4.090 -14.898 3.884 3.938 -14.390
3 16 3.884 3.938 -14.390 3.949 -2.256 -14.585 0.000 -2.080 -15.100
3 16 18.778 -0.326 -2.578 19.050 2.990 -2.592 19.215 2.900 0.000
3 16 19.215 2.900 0.000 18.941 -0.420 0.000 18.778 -0.326 -2.578
3 16 18.778 -0.326 -2.578 18.295 -0.044 -5.112 18.560 3.260 -5.141
3 16 18.560 3.260 -5.141 19.050 2.990 -2.592 18.778 -0.326 -2.578
3 16 18.295 -0.044 -5.112 17.499 0.407 -7.559 17.753 3.692 -7.602
3 16 17.753 3.692 -7.602 18.560 3.260 -5.141 18.295 -0.044 -5.112
3 16 17.499 0.407 -7.559 16.403 0.990 -9.876 16.640 4.250 -9.932
3 16 16.640 4.250 -9.932 17.753 3.692 -7.602 17.499 0.407 -7.559
3 16 16.403 0.990 -9.876 15.027 1.672 -12.025 15.245 4.903 -12.093
3 16 15.245 4.903 -12.093 16.640 4.250 -9.932 16.403 0.990 -9.876
3 16 15.027 1.672 -12.025 13.393 2.400 -13.967 13.587 5.600 -14.046
3 16 13.587 5.600 -14.046 15.245 4.903 -12.093 15.027 1.672 -12.025
3 16 13.393 2.400 -13.967 11.531 3.129 -15.671 11.698 6.298 -15.760
3 16 11.698 6.298 -15.760 13.587 5.600 -14.046 13.393 2.400 -13.967
3 16 11.531 3.129 -15.671 9.470 3.810 -17.105 9.608 6.950 -17.203
3 16 9.608 6.950 -17.203 11.698 6.298 -15.760 11.531 3.129 -15.671
3 16 9.470 3.810 -17.105 7.249 4.393 -18.249 7.354 7.508 -18.353
3 16 7.354 7.508 -18.353 9.608 6.950 -17.203 9.470 3.810 -17.105
3 16 7.249 4.393 -18.249 4.902 4.844 -19.079 4.973 7.940 -19.187
3 16 4.973 7.940 -19.187 7.354 7.508 -18.353 7.249 4.393 -18.249
3 16 4.902 4.844 -19.079 2.472 5.126 -19.582 2.508 8.210 -19.694
3 16 2.508 8.210 -19.694 4.973 7.940 -19.187 4.902 4.844 -19.079
3 16 2.472 5.126 -19.582 0.000 5.220 -19.752 0.000 8.300 -19.864
3 16 0.000 8.300 -19.864 2.508 8.210 -19.694 2.472 5.126 -19.582
3 16 2.472 5.126 -19.582 0.000 4.090 -14.898 0.000 5.220 -19.752
3 16 3.884 3.938 -14.390 0.000 4.090 -14.898 2.472 5.126 -19.582
3 16 4.902 4.844 -19.079 3.884 3.938 -14.390 2.472 5.126 -19.582
3 16 7.249 4.393 -18.249 3.884 3.938 -14.390 4.902 4.844 -19.079
3 16 7.503 3.520 -12.902 3.884 3.938 -14.390 7.249 4.393 -18.249
3 16 7.249 4.393 -18.249 9.470 3.810 -17.105 7.503 3.520 -12.902
3 16 11.531 3.129 -15.671 7.503 3.520 -12.902 9.470 3.810 -17.105
3 16 10.611 2.950 -10.535 7.503 3.520 -12.902 11.531 3.129 -15.671
3 16 13.393 2.400 -13.967 10.611 2.950 -10.535 11.531 3.129 -15.671
3 16 15.027 1.672 -12.025 10.611 2.950 -10.535 13.393 2.400 -13.967
3 16 12.995 2.380 -7.449 10.611 2.950 -10.535 15.027 1.672 -12.025
3 16 15.027 1.672 -12.025 16.403 0.990 -9.876 12.995 2.380 -7.449
3 16 17.499 0.407 -7.559 12.995 2.380 -7.449 16.403 0.990 -9.876
3 16 14.494 1.962 -3.856 12.995 2.380 -7.449 17.499 0.407 -7.559
3 16 18.295 -0.044 -5.112 18.778 -0.326 -2.578 14.494 1.962 -3.856
3 16 14.494 1.962 -3.856 17.499 0.407 -7.559 18.295 -0.044 -5.112
3 16 15.006 1.810 0.000 14.494 1.962 -3.856 18.778 -0.326 -2.578
3 16 18.778 -0.326 -2.578 18.941 -0.420 0.000 15.006 1.810 0.000
3 16 19.050 2.990 -2.592 18.560 3.260 -5.141 13.176 6.190 0.000
3 16 13.176 6.190 0.000 19.215 2.900 0.000 19.050 2.990 -2.592
3 16 12.173 6.472 -4.977 13.176 6.190 0.000 18.560 3.260 -5.141
3 16 17.753 3.692 -7.602 12.173 6.472 -4.977 18.560 3.260 -5.141
3 16 16.640 4.250 -9.932 12.173 6.472 -4.977 17.753 3.692 -7.602
3 16 15.245 4.903 -12.093 12.173 6.472 -4.977 16.640 4.250 -9.932
3 16 9.317 7.150 -9.196 12.173 6.472 -4.977 15.245 4.903 -12.093
3 16 13.587 5.600 -14.046 9.317 7.150 -9.196 15.245 4.903 -12.093
3 16 11.698 6.298 -15.760 9.317 7.150 -9.196 13.587 5.600 -14.046
3 16 9.608 6.950 -17.203 9.317 7.150 -9.196 11.698 6.298 -15.760
3 16 5.042 7.828 -12.016 9.317 7.150 -9.196 9.608 6.950 -17.203
3 16 7.354 7.508 -18.353 5.042 7.828 -12.016 9.608 6.950 -17.203
3 16 4.973 7.940 -19.187 5.042 7.828 -12.016 7.354 7.508 -18.353
3 16 2.508 8.210 -19.694 5.042 7.828 -12.016 4.973 7.940 -19.187
3 16 0.000 8.110 -13.006 5.042 7.828 -12.016 2.508 8.210 -19.694
3 16 0.000 8.300 -19.864 0.000 8.110 -13.006 2.508 8.210 -19.694
3 16 4.975 3.000 -12.011 5.042 7.828 -12.016 0.000 8.110 -13.006
3 16 0.000 8.110 -13.006 0.000 3.000 -13.000 4.975 3.000 -12.011
3 16 5.042 7.828 -12.016 4.975 3.000 -12.011 9.192 3.000 -9.192
3 16 9.192 3.000 -9.192 9.317 7.150 -9.196 5.042 7.828 -12.016
3 16 12.011 3.000 -4.975 9.317 7.150 -9.196 9.192 3.000 -9.192
3 16 12.173 6.472 -4.977 9.317 7.150 -9.196 12.011 3.000 -4.975
3 16 13.176 6.190 0.000 12.173 6.472 -4.977 12.011 3.000 -4.975
3 16 12.011 3.000 -4.975 13.000 3.000 0.000 13.176 6.190 0.000
2 24 18.300 -25.400 0.000 17.676 -25.480 -4.850
2 24 12.940 -26.000 -13.251 9.150 -26.300 -16.229
2 24 9.150 -26.300 -16.229 4.736 -26.520 -18.101
2 24 15.848 -25.700 -9.370 12.940 -26.000 -13.251
2 24 17.676 -25.480 -4.850 15.848 -25.700 -9.370
2 24 4.736 -26.520 -18.101 0.000 -26.600 -18.740
2 24 14.494 1.962 -3.856 12.995 2.380 -7.449
2 24 3.949 -2.256 -14.585 0.000 -2.080 -15.100
2 24 12.995 2.380 -7.449 10.611 2.950 -10.535
2 24 9.970 -3.700 -9.758 12.211 -4.255 -6.900
2 24 13.215 -4.060 -7.550 10.790 -3.400 -10.677
2 24 7.050 -3.145 -11.951 9.970 -3.700 -9.758
2 24 3.884 3.938 -14.390 7.503 3.520 -12.902
2 24 15.260 -4.720 0.000 14.740 -4.544 -3.908
2 24 14.100 -4.810 0.000 13.619 -4.662 -3.571
2 24 13.215 -4.060 -7.550 14.740 -4.544 -3.908
2 24 0.000 -2.590 -13.800 3.649 -2.738 -13.329
2 24 7.503 3.520 -12.902 10.611 2.950 -10.535
2 24 3.949 -2.256 -14.585 7.630 -2.740 -13.077
2 24 12.211 -4.255 -6.900 13.619 -4.662 -3.571
2 24 0.000 4.090 -14.898 3.884 3.938 -14.390
2 24 3.649 -2.738 -13.329 7.050 -3.145 -11.951
2 24 10.790 -3.400 -10.677 7.630 -2.740 -13.077
2 24 15.006 1.810 0.000 14.494 1.962 -3.856
2 24 0.000 8.110 -13.006 5.042 7.828 -12.016
2 24 5.042 7.828 -12.016 9.317 7.150 -9.196
2 24 9.317 7.150 -9.196 12.173 6.472 -4.977
2 24 12.173 6.472 -4.977 13.176 6.190 0.000
2 24 16.403 0.990 -9.876 15.027 1.672 -12.025
2 24 7.249 4.393 -18.249 4.902 4.844 -19.079
2 24 15.245 4.903 -12.093 13.587 5.600 -14.046
2 24 11.531 3.129 -15.671 13.393 2.400 -13.967
2 24 2.472 5.126 -19.582 4.902 4.844 -19.079
2 24 0.000 8.300 -19.864 2.508 8.210 -19.694
2 24 7.354 7.508 -18.353 9.608 6.950 -17.203
2 24 13.587 5.600 -14.046 11.698 6.298 -15.760
2 24 18.295 -0.044 -5.112 18.778 -0.326 -2.578
2 24 17.753 3.692 -7.602 18.560 3.260 -5.141
2 24 11.531 3.129 -15.671 9.470 3.810 -17.105
2 24 9.470 3.810 -17.105 7.249 4.393 -18.249
2 24 13.393 2.400 -13.967 15.027 1.672 -12.025
2 24 0.000 5.220 -19.752 2.472 5.126 -19.582
2 24 11.698 6.298 -15.760 9.608 6.950 -17.203
2 24 2.508 8.210 -19.694 4.973 7.940 -19.187
2 24 18.778 -0.326 -2.578 18.941 -0.420 0.000
2 24 19.050 2.990 -2.592 19.215 2.900 0.000
2 24 15.245 4.903 -12.093 16.640 4.250 -9.932
2 24 17.499 0.407 -7.559 18.295 -0.044 -5.112
2 24 16.640 4.250 -9.932 17.753 3.692 -7.602
2 24 18.560 3.260 -5.141 19.050 2.990 -2.592
2 24 4.973 7.940 -19.187 7.354 7.508 -18.353
2 24 17.499 0.407 -7.559 16.403 0.990 -9.876
3 16 -4.736 -26.520 18.101 0.000 -26.575 0.000 0.000 -26.600 18.740
3 16 -9.150 -26.300 16.229 0.000 -26.575 0.000 -4.736 -26.520 18.101
3 16 -12.940 -26.000 13.251 0.000 -26.575 0.000 -9.150 -26.300 16.229
3 16 -15.848 -25.700 9.370 0.000 -26.575 0.000 -12.940 -26.000 13.251
3 16 -17.676 -25.480 4.850 0.000 -26.575 0.000 -15.848 -25.700 9.370
3 16 -17.676 -25.480 4.850 -18.300 -25.400 0.000 0.000 -26.575 0.000
3 16 -13.619 -4.662 3.571 -14.740 -4.544 3.908 -15.260 -4.720 0.000
3 16 -15.260 -4.720 0.000 -14.100 -4.810 0.000 -13.619 -4.662 3.571
3 16 -12.211 -4.255 6.900 -14.740 -4.544 3.908 -13.619 -4.662 3.571
3 16 -13.215 -4.060 7.550 -14.740 -4.544 3.908 -12.211 -4.255 6.900
3 16 -9.970 -3.700 9.758 -13.215 -4.060 7.550 -12.211 -4.255 6.900
3 16 -10.790 -3.400 10.677 -13.215 -4.060 7.550 -9.970 -3.700 9.758
3 16 -7.630 -2.740 13.077 -10.790 -3.400 10.677 -9.970 -3.700 9.758
3 16 -7.050 -3.145 11.951 -7.630 -2.740 13.077 -9.970 -3.700 9.758
3 16 -3.649 -2.738 13.329 -7.630 -2.740 13.077 -7.050 -3.145 11.951
3 16 -3.949 -2.256 14.585 -7.630 -2.740 13.077 -3.649 -2.738 13.329
3 16 0.000 -2.590 13.800 0.000 -2.080 15.100 -3.949 -2.256 14.585
3 16 -3.949 -2.256 14.585 -3.649 -2.738 13.329 0.000 -2.590 13.800
3 16 -15.260 -4.720 0.000 -14.740 -4.544 3.908 -14.494 1.962 3.856
3 16 -14.494 1.962 3.856 -15.006 1.810 0.000 -15.260 -4.720 0.000
3 16 -14.740 -4.544 3.908 -13.215 -4.060 7.550 -12.995 2.380 7.449
3 16 -12.995 2.380 7.449 -14.494 1.962 3.856 -14.740 -4.544 3.908
3 16 -13.215 -4.060 7.550 -10.790 -3.400 10.677 -10.611 2.950 10.535
3 16 -10.611 2.950 10.535 -12.995 2.380 7.449 -13.215 -4.060 7.550
3 16 -10.790 -3.400 10.677 -7.630 -2.740 13.077 -7.503 3.520 12.902
3 16 -7.503 3.520 12.902 -10.611 2.950 10.535 -10.790 -3.400 10.677
3 16 -7.630 -2.740 13.077 -3.949 -2.256 14.585 -3.884 3.938 14.390
3 16 -3.884 3.938 14.390 -7.503 3.520 12.902 -7.630 -2.740 13.077
3 16 0.000 -2.080 15.100 0.000 4.090 14.898 -3.884 3.938 14.390
3 16 -3.884 3.938 14.390 -3.949 -2.256 14.585 0.000 -2.080 15.100
3 16 -18.778 -0.326 2.578 -19.050 2.990 2.592 -19.215 2.900 0.000
3 16 -19.215 2.900 0.000 -18.941 -0.420 0.000 -18.778 -0.326 2.578
3 16 -18.778 -0.326 2.578 -18.295 -0.044 5.112 -18.560 3.260 5.141
3 16 -18.560 3.260 5.141 -19.050 2.990 2.592 -18.778 -0.326 2.578
3 16 -18.295 -0.044 5.112 -17.499 0.407 7.559 -17.753 3.692 7.602
3 16 -17.753 3.692 7.602 -18.560 3.260 5.141 -18.295 -0.044 5.112
3 16 -17.499 0.407 7.559 -16.403 0.990 9.876 -16.640 4.250 9.932
3 16 -16.640 4.250 9.932 -17.753 3.692 7.602 -17.499 0.407 7.559
3 16 -16.403 0.990 9.876 -15.027 1.672 12.025 -15.245 4.903 12.093
3 16 -15.245 4.903 12.093 -16.640 4.250 9.932 -16.403 0.990 9.876
3 16 -15.027 1.672 12.025 -13.393 2.400 13.967 -13.587 5.600 14.046
3 16 -13.587 5.600 14.046 -15.245 4.903 12.093 -15.027 1.672 12.025
3 16 -13.393 2.400 13.967 -11.531 3.129 15.671 -11.698 6.298 15.760
3 16 -11.698 6.298 15.760 -13.587 5.600 14.046 -13.393 2.400 13.967
3 16 -11.531 3.129 15.671 -9.470 3.810 17.105 -9.608 6.950 17.203
3 16 -9.608 6.950 17.203 -11.698 6.298 15.760 -11.531 3.129 15.671
3 16 -9.470 3.810 17.105 -7.249 4.393 18.249 -7.354 7.508 18.353
3 16 -7.354 7.508 18.353 -9.608 6.950 17.203 -9.470 3.810 17.105
3 16 -7.249 4.393 18.249 -4.902 4.844 19.079 -4.973 7.940 19.187
3 16 -4.973 7.940 19.187 -7.354 7.508 18.353 -7.249 4.393 18.249
3 16 -4.902 4.844 19.079 -2.472 5.126 19.582 -2.508 8.210 19.694
3 16 -2.508 8.210 19.694 -4.973 7.940 19.187 -4.902 4.844 19.079
3 16 -2.472 5.126 19.582 0.000 5.220 19.752 0.000 8.300 19.864
3 16 0.000 8.300 19.864 -2.508 8.210 19.694 -2.472 5.126 19.582
3 16 -2.472 5.126 19.582 0.000 4.090 14.898 0.000 5.220 19.752
3 16 -3.884 3.938 14.390 0.000 4.090 14.898 -2.472 5.126 19.582
3 16 -4.902 4.844 19.079 -3.884 3.938 14.390 -2.472 5.126 19.582
3 16 -7.249 4.393 18.249 -3.884 3.938 14.390 -4.902 4.844 19.079
3 16 -7.503 3.520 12.902 -3.884 3.938 14.390 -7.249 4.393 18.249
3 16 -7.249 4.393 18.249 -9.470 3.810 17.105 -7.503 3.520 12.902
3 16 -11.531 3.129 15.671 -7.503 3.520 12.902 -9.470 3.810 17.105
3 16 -10.611 2.950 10.535 -7.503 3.520 12.902 -11.531 3.129 15.671
3 16 -13.393 2.400 13.967 -10.611 2.950 10.535 -11.531 3.129 15.671
3 16 -15.027 1.672 12.025 -10.611 2.950 10.535 -13.393 2.400 13.967
3 16 -12.995 2.380 7.449 -10.611 2.950 10.535 -15.027 1.672 12.025
3 16 -15.027 1.672 12.025 -16.403 0.990 9.876 -12.995 2.380 7.449
3 16 -17.499 0.407 7.559 -12.995 2.380 7.449 -16.403 0.990 9.876
3 16 -14.494 1.962 3.856 -12.995 2.380 7.449 -17.499 0.407 7.559
3 16 -18.295 -0.044 5.112 -18.778 -0.326 2.578 -14.494 1.962 3.856
3 16 -14.494 1.962 3.856 -17.499 0.407 7.559 -18.295 -0.044 5.112
3 16 -15.006 1.810 0.000 -14.494 1.962 3.856 -18.778 -0.326 2.578
3 16 -18.778 -0.326 2.578 -18.941 -0.420 0.000 -15.006 1.810 0.000
3 16 -19.050 2.990 2.592 -18.560 3.260 5.141 -13.176 6.190 0.000
3 16 -13.176 6.190 0.000 -19.215 2.900 0.000 -19.050 2.990 2.592
3 16 -12.173 6.472 4.977 -13.176 6.190 0.000 -18.560 3.260 5.141
3 16 -17.753 3.692 7.602 -12.173 6.472 4.977 -18.560 3.260 5.141
3 16 -16.640 4.250 9.932 -12.173 6.472 4.977 -17.753 3.692 7.602
3 16 -15.245 4.903 12.093 -12.173 6.472 4.977 -16.640 4.250 9.932
3 16 -9.317 7.150 9.196 -12.173 6.472 4.977 -15.245 4.903 12.093
3 16 -13.587 5.600 14.046 -9.317 7.150 9.196 -15.245 4.903 12.093
3 16 -11.698 6.298 15.760 -9.317 7.150 9.196 -13.587 5.600 14.046
3 16 -9.608 6.950 17.203 -9.317 7.150 9.196 -11.698 6.298 15.760
3 16 -5.042 7.828 12.016 -9.317 7.150 9.196 -9.608 6.950 17.203
3 16 -7.354 7.508 18.353 -5.042 7.828 12.016 -9.608 6.950 17.203
3 16 -4.973 7.940 19.187 -5.042 7.828 12.016 -7.354 7.508 18.353
3 16 -2.508 8.210 19.694 -5.042 7.828 12.016 -4.973 7.940 19.187
3 16 0.000 8.110 13.006 -5.042 7.828 12.016 -2.508 8.210 19.694
3 16 0.000 8.300 19.864 0.000 8.110 13.006 -2.508 8.210 19.694
3 16 -4.975 3.000 12.011 -5.042 7.828 12.016 0.000 8.110 13.006
3 16 0.000 8.110 13.006 0.000 3.000 13.000 -4.975 3.000 12.011
3 16 -5.042 7.828 12.016 -4.975 3.000 12.011 -9.192 3.000 9.192
3 16 -9.192 3.000 9.192 -9.317 7.150 9.196 -5.042 7.828 12.016
3 16 -12.011 3.000 4.975 -9.317 7.150 9.196 -9.192 3.000 9.192
3 16 -12.173 6.472 4.977 -9.317 7.150 9.196 -12.011 3.000 4.975
3 16 -13.176 6.190 0.000 -12.173 6.472 4.977 -12.011 3.000 4.975
3 16 -12.011 3.000 4.975 -13.000 3.000 0.000 -13.176 6.190 0.000
2 24 -18.300 -25.400 0.000 -17.676 -25.480 4.850
2 24 -12.940 -26.000 13.251 -9.150 -26.300 16.229
2 24 -9.150 -26.300 16.229 -4.736 -26.520 18.101
2 24 -15.848 -25.700 9.370 -12.940 -26.000 13.251
2 24 -17.676 -25.480 4.850 -15.848 -25.700 9.370
2 24 -4.736 -26.520 18.101 0.000 -26.600 18.740
2 24 -14.494 1.962 3.856 -12.995 2.380 7.449
2 24 -3.949 -2.256 14.585 0.000 -2.080 15.100
2 24 -12.995 2.380 7.449 -10.611 2.950 10.535
2 24 -9.970 -3.700 9.758 -12.211 -4.255 6.900
2 24 -13.215 -4.060 7.550 -10.790 -3.400 10.677
2 24 -7.050 -3.145 11.951 -9.970 -3.700 9.758
2 24 -3.884 3.938 14.390 -7.503 3.520 12.902
2 24 -15.260 -4.720 0.000 -14.740 -4.544 3.908
2 24 -14.100 -4.810 0.000 -13.619 -4.662 3.571
2 24 -13.215 -4.060 7.550 -14.740 -4.544 3.908
2 24 0.000 -2.590 13.800 -3.649 -2.738 13.329
2 24 -7.503 3.520 12.902 -10.611 2.950 10.535
2 24 -3.949 -2.256 14.585 -7.630 -2.740 13.077
2 24 -12.211 -4.255 6.900 -13.619 -4.662 3.571
2 24 0.000 4.090 14.898 -3.884 3.938 14.390
2 24 -3.649 -2.738 13.329 -7.050 -3.145 11.951
2 24 -10.790 -3.400 10.677 -7.630 -2.740 13.077
2 24 -15.006 1.810 0.000 -14.494 1.962 3.856
2 24 0.000 8.110 13.006 -5.042 7.828 12.016
2 24 -5.042 7.828 12.016 -9.317 7.150 9.196
2 24 -9.317 7.150 9.196 -12.173 6.472 4.977
2 24 -12.173 6.472 4.977 -13.176 6.190 0.000
2 24 -16.403 0.990 9.876 -15.027 1.672 12.025
2 24 -7.249 4.393 18.249 -4.902 4.844 19.079
2 24 -15.245 4.903 12.093 -13.587 5.600 14.046
2 24 -11.531 3.129 15.671 -13.393 2.400 13.967
2 24 -2.472 5.126 19.582 -4.902 4.844 19.079
2 24 0.000 8.300 19.864 -2.508 8.210 19.694
2 24 -7.354 7.508 18.353 -9.608 6.950 17.203
2 24 -13.587 5.600 14.046 -11.698 6.298 15.760
2 24 -18.295 -0.044 5.112 -18.778 -0.326 2.578
2 24 -17.753 3.692 7.602 -18.560 3.260 5.141
2 24 -11.531 3.129 15.671 -9.470 3.810 17.105
2 24 -9.470 3.810 17.105 -7.249 4.393 18.249
2 24 -13.393 2.400 13.967 -15.027 1.672 12.025
2 24 0.000 5.220 19.752 -2.472 5.126 19.582
2 24 -11.698 6.298 15.760 -9.608 6.950 17.203
2 24 -2.508 8.210 19.694 -4.973 7.940 19.187
2 24 -18.778 -0.326 2.578 -18.941 -0.420 0.000
2 24 -19.050 2.990 2.592 -19.215 2.900 0.000
2 24 -15.245 4.903 12.093 -16.640 4.250 9.932
2 24 -17.499 0.407 7.559 -18.295 -0.044 5.112
2 24 -16.640 4.250 9.932 -17.753 3.692 7.602
2 24 -18.560 3.260 5.141 -19.050 2.990 2.592
2 24 -4.973 7.940 19.187 -7.354 7.508 18.353
2 24 -17.499 0.407 7.559 -16.403 0.990 9.876
3 16 0.000 -26.600 18.740 0.000 -26.575 0.000 4.736 -26.520 18.101
3 16 4.736 -26.520 18.101 0.000 -26.575 0.000 9.150 -26.300 16.229
3 16 9.150 -26.300 16.229 0.000 -26.575 0.000 12.940 -26.000 13.251
3 16 12.940 -26.000 13.251 0.000 -26.575 0.000 15.848 -25.700 9.370
3 16 15.848 -25.700 9.370 0.000 -26.575 0.000 17.676 -25.480 4.850
3 16 0.000 -26.575 0.000 18.300 -25.400 0.000 17.676 -25.480 4.850
3 16 15.260 -4.720 0.000 14.740 -4.544 3.908 13.619 -4.662 3.571
3 16 13.619 -4.662 3.571 14.100 -4.810 0.000 15.260 -4.720 0.000
3 16 13.619 -4.662 3.571 14.740 -4.544 3.908 12.211 -4.255 6.900
3 16 12.211 -4.255 6.900 14.740 -4.544 3.908 13.215 -4.060 7.550
3 16 12.211 -4.255 6.900 13.215 -4.060 7.550 9.970 -3.700 9.758
3 16 9.970 -3.700 9.758 13.215 -4.060 7.550 10.790 -3.400 10.677
3 16 9.970 -3.700 9.758 10.790 -3.400 10.677 7.630 -2.740 13.077
3 16 9.970 -3.700 9.758 7.630 -2.740 13.077 7.050 -3.145 11.951
3 16 7.050 -3.145 11.951 7.630 -2.740 13.077 3.649 -2.738 13.329
3 16 3.649 -2.738 13.329 7.630 -2.740 13.077 3.949 -2.256 14.585
3 16 3.949 -2.256 14.585 0.000 -2.080 15.100 0.000 -2.590 13.800
3 16 0.000 -2.590 13.800 3.649 -2.738 13.329 3.949 -2.256 14.585
3 16 14.494 1.962 3.856 14.740 -4.544 3.908 15.260 -4.720 0.000
3 16 15.260 -4.720 0.000 15.006 1.810 0.000 14.494 1.962 3.856
3 16 12.995 2.380 7.449 13.215 -4.060 7.550 14.740 -4.544 3.908
3 16 14.740 -4.544 3.908 14.494 1.962 3.856 12.995 2.380 7.449
3 16 10.611 2.950 10.535 10.790 -3.400 10.677 13.215 -4.060 7.550
3 16 13.215 -4.060 7.550 12.995 2.380 7.449 10.611 2.950 10.535
3 16 7.503 3.520 12.902 7.630 -2.740 13.077 10.790 -3.400 10.677
3 16 10.790 -3.400 10.677 10.611 2.950 10.535 7.503 3.520 12.902
3 16 3.884 3.938 14.390 3.949 -2.256 14.585 7.630 -2.740 13.077
3 16 7.630 -2.740 13.077 7.503 3.520 12.902 3.884 3.938 14.390
3 16 3.884 3.938 14.390 0.000 4.090 14.898 0.000 -2.080 15.100
3 16 0.000 -2.080 15.100 3.949 -2.256 14.585 3.884 3.938 14.390
3 16 19.215 2.900 0.000 19.050 2.990 2.592 18.778 -0.326 2.578
3 16 18.778 -0.326 2.578 18.941 -0.420 0.000 19.215 2.900 0.000
3 16 18.560 3.260 5.141 18.295 -0.044 5.112 18.778 -0.326 2.578
3 16 18.778 -0.326 2.578 19.050 2.990 2.592 18.560 3.260 5.141
3 16 17.753 3.692 7.602 17.499 0.407 7.559 18.295 -0.044 5.112
3 16 18.295 -0.044 5.112 18.560 3.260 5.141 17.753 3.692 7.602
3 16 16.640 4.250 9.932 16.403 0.990 9.876 17.499 0.407 7.559
3 16 17.499 0.407 7.559 17.753 3.692 7.602 16.640 4.250 9.932
3 16 15.245 4.903 12.093 15.027 1.672 12.025 16.403 0.990 9.876
3 16 16.403 0.990 9.876 16.640 4.250 9.932 15.245 4.903 12.093
3 16 13.587 5.600 14.046 13.393 2.400 13.967 15.027 1.672 12.025
3 16 15.027 1.672 12.025 15.245 4.903 12.093 13.587 5.600 14.046
3 16 11.698 6.298 15.760 11.531 3.129 15.671 13.393 2.400 13.967
3 16 13.393 2.400 13.967 13.587 5.600 14.046 11.698 6.298 15.760
3 16 9.608 6.950 17.203 9.470 3.810 17.105 11.531 3.129 15.671
3 16 11.531 3.129 15.671 11.698 6.298 15.760 9.608 6.950 17.203
3 16 7.354 7.508 18.353 7.249 4.393 18.249 9.470 3.810 17.105
3 16 9.470 3.810 17.105 9.608 6.950 17.203 7.354 7.508 18.353
3 16 4.973 7.940 19.187 4.902 4.844 19.079 7.249 4.393 18.249
3 16 7.249 4.393 18.249 7.354 7.508 18.353 4.973 7.940 19.187
3 16 2.508 8.210 19.694 2.472 5.126 19.582 4.902 4.844 19.079
3 16 4.902 4.844 19.079 4.973 7.940 19.187 2.508 8.210 19.694
3 16 0.000 8.300 19.864 0.000 5.220 19.752 2.472 5.126 19.582
3 16 2.472 5.126 19.582 2.508 8.210 19.694 0.000 8.300 19.864
3 16 0.000 5.220 19.752 0.000 4.090 14.898 2.472 5.126 19.582
3 16 2.472 5.126 19.582 0.000 4.090 14.898 3.884 3.938 14.390
3 16 2.472 5.126 19.582 3.884 3.938 14.390 4.902 4.844 19.079
3 16 4.902 4.844 19.079 3.884 3.938 14.390 7.249 4.393 18.249
3 16 7.249 4.393 18.249 3.884 3.938 14.390 7.503 3.520 12.902
3 16 7.503 3.520 12.902 9.470 3.810 17.105 7.249 4.393 18.249
3 16 9.470 3.810 17.105 7.503 3.520 12.902 11.531 3.129 15.671
3 16 11.531 3.129 15.671 7.503 3.520 12.902 10.611 2.950 10.535
3 16 11.531 3.129 15.671 10.611 2.950 10.535 13.393 2.400 13.967
3 16 13.393 2.400 13.967 10.611 2.950 10.535 15.027 1.672 12.025
3 16 15.027 1.672 12.025 10.611 2.950 10.535 12.995 2.380 7.449
3 16 12.995 2.380 7.449 16.403 0.990 9.876 15.027 1.672 12.025
3 16 16.403 0.990 9.876 12.995 2.380 7.449 17.499 0.407 7.559
3 16 17.499 0.407 7.559 12.995 2.380 7.449 14.494 1.962 3.856
3 16 14.494 1.962 3.856 18.778 -0.326 2.578 18.295 -0.044 5.112
3 16 18.295 -0.044 5.112 17.499 0.407 7.559 14.494 1.962 3.856
3 16 18.778 -0.326 2.578 14.494 1.962 3.856 15.006 1.810 0.000
3 16 15.006 1.810 0.000 18.941 -0.420 0.000 18.778 -0.326 2.578
3 16 13.176 6.190 0.000 18.560 3.260 5.141 19.050 2.990 2.592
3 16 19.050 2.990 2.592 19.215 2.900 0.000 13.176 6.190 0.000
3 16 18.560 3.260 5.141 13.176 6.190 0.000 12.173 6.472 4.977
3 16 18.560 3.260 5.141 12.173 6.472 4.977 17.753 3.692 7.602
3 16 17.753 3.692 7.602 12.173 6.472 4.977 16.640 4.250 9.932
3 16 16.640 4.250 9.932 12.173 6.472 4.977 15.245 4.903 12.093
3 16 15.245 4.903 12.093 12.173 6.472 4.977 9.317 7.150 9.196
3 16 15.245 4.903 12.093 9.317 7.150 9.196 13.587 5.600 14.046
3 16 13.587 5.600 14.046 9.317 7.150 9.196 11.698 6.298 15.760
3 16 11.698 6.298 15.760 9.317 7.150 9.196 9.608 6.950 17.203
3 16 9.608 6.950 17.203 9.317 7.150 9.196 5.042 7.828 12.016
3 16 9.608 6.950 17.203 5.042 7.828 12.016 7.354 7.508 18.353
3 16 7.354 7.508 18.353 5.042 7.828 12.016 4.973 7.940 19.187
3 16 4.973 7.940 19.187 5.042 7.828 12.016 2.508 8.210 19.694
3 16 2.508 8.210 19.694 5.042 7.828 12.016 0.000 8.110 13.006
3 16 2.508 8.210 19.694 0.000 8.110 13.006 0.000 8.300 19.864
3 16 0.000 8.110 13.006 5.042 7.828 12.016 4.975 3.000 12.011
3 16 4.975 3.000 12.011 0.000 3.000 13.000 0.000 8.110 13.006
3 16 9.192 3.000 9.192 4.975 3.000 12.011 5.042 7.828 12.016
3 16 5.042 7.828 12.016 9.317 7.150 9.196 9.192 3.000 9.192
3 16 9.192 3.000 9.192 9.317 7.150 9.196 12.011 3.000 4.975
3 16 12.011 3.000 4.975 9.317 7.150 9.196 12.173 6.472 4.977
3 16 12.011 3.000 4.975 12.173 6.472 4.977 13.176 6.190 0.000
3 16 13.176 6.190 0.000 13.000 3.000 0.000 12.011 3.000 4.975
2 24 18.300 -25.400 0.000 17.676 -25.480 4.850
2 24 12.940 -26.000 13.251 9.150 -26.300 16.229
2 24 9.150 -26.300 16.229 4.736 -26.520 18.101
2 24 15.848 -25.700 9.370 12.940 -26.000 13.251
2 24 17.676 -25.480 4.850 15.848 -25.700 9.370
2 24 4.736 -26.520 18.101 0.000 -26.600 18.740
2 24 14.494 1.962 3.856 12.995 2.380 7.449
2 24 3.949 -2.256 14.585 0.000 -2.080 15.100
2 24 12.995 2.380 7.449 10.611 2.950 10.535
2 24 9.970 -3.700 9.758 12.211 -4.255 6.900
2 24 13.215 -4.060 7.550 10.790 -3.400 10.677
2 24 7.050 -3.145 11.951 9.970 -3.700 9.758
2 24 3.884 3.938 14.390 7.503 3.520 12.902
2 24 15.260 -4.720 0.000 14.740 -4.544 3.908
2 24 14.100 -4.810 0.000 13.619 -4.662 3.571
2 24 13.215 -4.060 7.550 14.740 -4.544 3.908
2 24 0.000 -2.590 13.800 3.649 -2.738 13.329
2 24 7.503 3.520 12.902 10.611 2.950 10.535
2 24 3.949 -2.256 14.585 7.630 -2.740 13.077
2 24 12.211 -4.255 6.900 13.619 -4.662 3.571
2 24 0.000 4.090 14.898 3.884 3.938 14.390
2 24 3.649 -2.738 13.329 7.050 -3.145 11.951
2 24 10.790 -3.400 10.677 7.630 -2.740 13.077
2 24 15.006 1.810 0.000 14.494 1.962 3.856
2 24 0.000 8.110 13.006 5.042 7.828 12.016
2 24 5.042 7.828 12.016 9.317 7.150 9.196
2 24 9.317 7.150 9.196 12.173 6.472 4.977
2 24 12.173 6.472 4.977 13.176 6.190 0.000
2 24 16.403 0.990 9.876 15.027 1.672 12.025
2 24 7.249 4.393 18.249 4.902 4.844 19.079
2 24 15.245 4.903 12.093 13.587 5.600 14.046
2 24 11.531 3.129 15.671 13.393 2.400 13.967
2 24 2.472 5.126 19.582 4.902 4.844 19.079
2 24 0.000 8.300 19.864 2.508 8.210 19.694
2 24 7.354 7.508 18.353 9.608 6.950 17.203
2 24 13.587 5.600 14.046 11.698 6.298 15.760
2 24 18.295 -0.044 5.112 18.778 -0.326 2.578
2 24 17.753 3.692 7.602 18.560 3.260 5.141
2 24 11.531 3.129 15.671 9.470 3.810 17.105
2 24 9.470 3.810 17.105 7.249 4.393 18.249
2 24 13.393 2.400 13.967 15.027 1.672 12.025
2 24 0.000 5.220 19.752 2.472 5.126 19.582
2 24 11.698 6.298 15.760 9.608 6.950 17.203
2 24 2.508 8.210 19.694 4.973 7.940 19.187
2 24 18.778 -0.326 2.578 18.941 -0.420 0.000
2 24 19.050 2.990 2.592 19.215 2.900 0.000
2 24 15.245 4.903 12.093 16.640 4.250 9.932
2 24 17.499 0.407 7.559 18.295 -0.044 5.112
2 24 16.640 4.250 9.932 17.753 3.692 7.602
2 24 18.560 3.260 5.141 19.050 2.990 2.592
2 24 4.973 7.940 19.187 7.354 7.508 18.353
2 24 17.499 0.407 7.559 16.403 0.990 9.876
3 3 -18.300 -25.400 0.000 -15.850 -15.858 0.000 -15.310 -15.910 -4.141
3 3 -15.310 -15.910 -4.141 -17.676 -25.480 -4.850 -18.300 -25.400 0.000
3 3 -15.310 -15.910 -4.141 -13.726 -16.075 -8.000 -15.848 -25.700 -9.370
3 3 -15.848 -25.700 -9.370 -17.676 -25.480 -4.850 -15.310 -15.910 -4.141
3 3 -13.726 -16.075 -8.000 -11.208 -16.300 -11.314 -12.940 -26.000 -13.251
3 3 -12.940 -26.000 -13.251 -15.848 -25.700 -9.370 -13.726 -16.075 -8.000
3 3 -11.208 -16.300 -11.314 -7.925 -16.525 -13.856 -9.150 -26.300 -16.229
3 3 -9.150 -26.300 -16.229 -12.940 -26.000 -13.251 -11.208 -16.300 -11.314
3 3 -7.925 -16.525 -13.856 -4.102 -16.690 -15.455 -4.736 -26.520 -18.101
3 3 -4.736 -26.520 -18.101 -9.150 -26.300 -16.229 -7.925 -16.525 -13.856
3 3 -4.102 -16.690 -15.455 0.000 -16.750 -16.000 0.000 -26.600 -18.740
3 3 0.000 -26.600 -18.740 -4.736 -26.520 -18.101 -4.102 -16.690 -15.455
3 3 -13.619 -4.662 -3.571 -15.310 -15.910 -4.141 -15.850 -15.858 0.000
3 3 -15.850 -15.858 0.000 -14.100 -4.810 0.000 -13.619 -4.662 -3.571
3 3 -13.619 -4.662 -3.571 -12.211 -4.255 -6.900 -13.726 -16.075 -8.000
3 3 -13.726 -16.075 -8.000 -15.310 -15.910 -4.141 -13.619 -4.662 -3.571
3 3 -13.726 -16.075 -8.000 -12.211 -4.255 -6.900 -11.208 -16.300 -11.314
3 3 -11.208 -16.300 -11.314 -12.211 -4.255 -6.900 -9.970 -3.700 -9.758
3 3 -9.970 -3.700 -9.758 -7.925 -16.525 -13.856 -11.208 -16.300 -11.314
3 3 -7.925 -16.525 -13.856 -9.970 -3.700 -9.758 -7.050 -3.145 -11.951
3 3 -3.649 -2.738 -13.329 -4.102 -16.690 -15.455 -7.925 -16.525 -13.856
3 3 -7.925 -16.525 -13.856 -7.050 -3.145 -11.951 -3.649 -2.738 -13.329
3 3 0.000 -2.590 -13.800 0.000 -16.750 -16.000 -4.102 -16.690 -15.455
3 3 -4.102 -16.690 -15.455 -3.649 -2.738 -13.329 0.000 -2.590 -13.800
3 3 -15.310 -15.910 4.141 -15.850 -15.858 0.000 -18.300 -25.400 0.000
3 3 -18.300 -25.400 0.000 -17.676 -25.480 4.850 -15.310 -15.910 4.141
3 3 -15.848 -25.700 9.370 -13.726 -16.075 8.000 -15.310 -15.910 4.141
3 3 -15.310 -15.910 4.141 -17.676 -25.480 4.850 -15.848 -25.700 9.370
3 3 -12.940 -26.000 13.251 -11.208 -16.300 11.314 -13.726 -16.075 8.000
3 3 -13.726 -16.075 8.000 -15.848 -25.700 9.370 -12.940 -26.000 13.251
3 3 -9.150 -26.300 16.229 -7.925 -16.525 13.856 -11.208 -16.300 11.314
3 3 -11.208 -16.300 11.314 -12.940 -26.000 13.251 -9.150 -26.300 16.229
3 3 -4.736 -26.520 18.101 -4.102 -16.690 15.455 -7.925 -16.525 13.856
3 3 -7.925 -16.525 13.856 -9.150 -26.300 16.229 -4.736 -26.520 18.101
3 3 0.000 -26.600 18.740 0.000 -16.750 16.000 -4.102 -16.690 15.455
3 3 -4.102 -16.690 15.455 -4.736 -26.520 18.101 0.000 -26.600 18.740
3 3 -15.850 -15.858 0.000 -15.310 -15.910 4.141 -13.619 -4.662 3.571
3 3 -13.619 -4.662 3.571 -14.100 -4.810 0.000 -15.850 -15.858 0.000
3 3 -13.726 -16.075 8.000 -12.211 -4.255 6.900 -13.619 -4.662 3.571
3 3 -13.619 -4.662 3.571 -15.310 -15.910 4.141 -13.726 -16.075 8.000
3 3 -11.208 -16.300 11.314 -12.211 -4.255 6.900 -13.726 -16.075 8.000
3 3 -9.970 -3.700 9.758 -12.211 -4.255 6.900 -11.208 -16.300 11.314
3 3 -11.208 -16.300 11.314 -7.925 -16.525 13.856 -9.970 -3.700 9.758
3 3 -7.050 -3.145 11.951 -9.970 -3.700 9.758 -7.925 -16.525 13.856
3 3 -7.925 -16.525 13.856 -4.102 -16.690 15.455 -3.649 -2.738 13.329
3 3 -3.649 -2.738 13.329 -7.050 -3.145 11.951 -7.925 -16.525 13.856
3 3 -4.102 -16.690 15.455 0.000 -16.750 16.000 0.000 -2.590 13.800
3 3 0.000 -2.590 13.800 -3.649 -2.738 13.329 -4.102 -16.690 15.455
3 16 15.310 -15.910 -4.141 15.850 -15.858 0.000 18.300 -25.400 0.000
3 16 18.300 -25.400 0.000 17.676 -25.480 -4.850 15.310 -15.910 -4.141
3 16 15.848 -25.700 -9.370 13.726 -16.075 -8.000 15.310 -15.910 -4.141
3 16 15.310 -15.910 -4.141 17.676 -25.480 -4.850 15.848 -25.700 -9.370
3 16 12.940 -26.000 -13.251 11.208 -16.300 -11.314 13.726 -16.075 -8.000
3 16 13.726 -16.075 -8.000 15.848 -25.700 -9.370 12.940 -26.000 -13.251
3 16 9.150 -26.300 -16.229 7.925 -16.525 -13.856 11.208 -16.300 -11.314
3 16 11.208 -16.300 -11.314 12.940 -26.000 -13.251 9.150 -26.300 -16.229
3 16 4.736 -26.520 -18.101 4.102 -16.690 -15.455 7.925 -16.525 -13.856
3 16 7.925 -16.525 -13.856 9.150 -26.300 -16.229 4.736 -26.520 -18.101
3 16 0.000 -26.600 -18.740 0.000 -16.750 -16.000 4.102 -16.690 -15.455
3 16 4.102 -16.690 -15.455 4.736 -26.520 -18.101 0.000 -26.600 -18.740
3 16 15.850 -15.858 0.000 15.310 -15.910 -4.141 13.619 -4.662 -3.571
3 16 13.619 -4.662 -3.571 14.100 -4.810 0.000 15.850 -15.858 0.000
3 16 13.726 -16.075 -8.000 12.211 -4.255 -6.900 13.619 -4.662 -3.571
3 16 13.619 -4.662 -3.571 15.310 -15.910 -4.141 13.726 -16.075 -8.000
3 16 11.208 -16.300 -11.314 12.211 -4.255 -6.900 13.726 -16.075 -8.000
3 16 9.970 -3.700 -9.758 12.211 -4.255 -6.900 11.208 -16.300 -11.314
3 16 11.208 -16.300 -11.314 7.925 -16.525 -13.856 9.970 -3.700 -9.758
3 16 7.050 -3.145 -11.951 9.970 -3.700 -9.758 7.925 -16.525 -13.856
3 16 7.925 -16.525 -13.856 4.102 -16.690 -15.455 3.649 -2.738 -13.329
3 16 3.649 -2.738 -13.329 7.050 -3.145 -11.951 7.925 -16.525 -13.856
3 16 4.102 -16.690 -15.455 0.000 -16.750 -16.000 0.000 -2.590 -13.800
3 16 0.000 -2.590 -13.800 3.649 -2.738 -13.329 4.102 -16.690 -15.455
