0 FILE 27925p00.dat
0 Tile, Round Corner 2 x 2 Macaroni with Gold and Black Compass Border Pattern
0 Name:  27925p00.dat
0 Author:  
0 BL_Item_No 27925pb008
0 BFC CERTIFY CCW
3 16 16.932 0.000 1.830 17.604 0.000 4.509 17.778 0.000 5.685
3 16 17.778 0.000 5.685 9.367 0.000 3.725 16.932 0.000 1.830
3 16 0.770 0.000 -16.002 -4.509 0.000 -17.604 -1.830 0.000 -16.932
3 16 24.742 0.000 6.578 24.239 0.000 3.189 24.532 0.000 4.878
3 16 24.239 0.000 3.189 24.742 0.000 6.578 18.211 0.000 4.388
3 16 18.211 0.000 4.388 17.525 0.000 1.650 24.239 0.000 3.189
3 16 17.525 0.000 1.650 23.407 0.000 -0.134 23.864 0.000 1.518
3 16 23.864 0.000 1.518 24.239 0.000 3.189 17.525 0.000 1.650
3 16 23.407 0.000 -0.134 17.525 0.000 1.650 16.575 0.000 -1.008
3 16 16.575 0.000 -1.008 22.869 0.000 -1.761 23.407 0.000 -0.134
3 16 22.869 0.000 -1.761 21.558 0.000 -4.926 22.253 0.000 -3.360
3 16 16.575 0.000 -1.008 15.368 0.000 -3.559 21.558 0.000 -4.926
3 16 21.558 0.000 -4.926 22.869 0.000 -1.761 16.575 0.000 -1.008
3 16 15.368 0.000 -3.559 19.943 0.000 -7.947 20.788 0.000 -6.457
3 16 20.788 0.000 -6.457 21.558 0.000 -4.926 15.368 0.000 -3.559
3 16 15.368 0.000 -3.559 13.916 0.000 -5.980 19.027 0.000 -9.395
3 16 19.027 0.000 -9.395 19.943 0.000 -7.947 15.368 0.000 -3.559
3 16 19.027 0.000 -9.395 13.916 0.000 -5.980 12.235 0.000 -8.248
3 16 12.235 0.000 -8.248 18.040 0.000 -10.796 19.027 0.000 -9.395
3 16 18.040 0.000 -10.796 12.235 0.000 -8.248 15.867 0.000 -13.444
3 16 15.867 0.000 -13.444 16.986 0.000 -12.147 18.040 0.000 -10.796
3 16 8.248 0.000 -12.235 5.980 0.000 -13.916 9.395 0.000 -19.027
3 16 9.395 0.000 -19.027 10.796 0.000 -18.040 8.248 0.000 -12.235
3 16 9.395 0.000 -19.027 5.980 0.000 -13.916 3.559 0.000 -15.368
3 16 3.559 0.000 -15.368 7.947 0.000 -19.943 9.395 0.000 -19.027
3 16 4.926 0.000 -21.558 7.947 0.000 -19.943 3.559 0.000 -15.368
3 16 3.559 0.000 -15.368 3.360 0.000 -22.253 4.926 0.000 -21.558
3 16 7.947 0.000 -19.943 4.926 0.000 -21.558 6.457 0.000 -20.788
3 16 1.008 0.000 -16.575 1.761 0.000 -22.869 3.360 0.000 -22.253
3 16 3.360 0.000 -22.253 3.559 0.000 -15.368 1.008 0.000 -16.575
3 16 0.134 0.000 -23.407 1.761 0.000 -22.869 1.008 0.000 -16.575
3 16 1.008 0.000 -16.575 -1.650 0.000 -17.525 0.134 0.000 -23.407
3 16 -4.388 0.000 -18.211 -1.518 0.000 -23.864 0.134 0.000 -23.407
3 16 0.134 0.000 -23.407 -1.650 0.000 -17.525 -4.388 0.000 -18.211
3 16 -1.518 0.000 -23.864 -4.878 0.000 -24.532 -3.189 0.000 -24.239
3 16 -4.878 0.000 -24.532 -1.518 0.000 -23.864 -4.388 0.000 -18.211
3 16 -4.388 0.000 -18.211 -6.578 0.000 -24.742 -4.878 0.000 -24.532
3 16 -6.080 0.000 -18.462 -7.559 0.000 -24.814 -6.578 0.000 -24.742
3 16 -6.578 0.000 -24.742 -4.388 0.000 -18.211 -6.080 0.000 -18.462
3 16 13.585 0.000 -15.733 8.471 0.000 -12.033 8.248 0.000 -12.235
3 16 8.248 0.000 -12.235 10.796 0.000 -18.040 13.585 0.000 -15.733
3 16 13.585 0.000 -15.733 10.796 0.000 -18.040 12.147 0.000 -16.986
3 16 15.732 0.000 -13.586 15.867 0.000 -13.444 12.235 0.000 -8.248
3 16 12.235 0.000 -8.248 12.031 0.000 -8.473 15.732 0.000 -13.586
3 16 24.797 0.000 7.321 18.426 0.000 5.836 18.211 0.000 4.388
3 16 18.211 0.000 4.388 24.742 0.000 6.578 24.797 0.000 7.321
3 16 14.352 0.000 -21.736 18.284 0.000 -18.284 17.931 0.000 -17.931
3 16 17.931 0.000 -17.931 17.862 0.000 -17.976 14.352 0.000 -21.736
3 16 29.656 0.000 4.780 30.000 0.000 10.000 29.443 0.000 9.134
3 16 29.443 0.000 9.134 29.160 0.000 4.845 29.656 0.000 4.780
3 16 -9.600 0.000 -28.336 -10.000 0.000 -30.000 -9.600 0.000 -29.474
3 16 -9.250 0.000 -29.451 -9.600 0.000 -29.474 -10.000 0.000 -30.000
3 16 -10.000 0.000 -30.000 -4.780 0.000 -29.656 -9.250 0.000 -29.451
3 16 -4.845 0.000 -29.160 -9.250 0.000 -29.451 -4.780 0.000 -29.656
3 16 0.352 0.000 -28.636 0.223 0.000 -28.153 -4.845 0.000 -29.160
3 16 -4.845 0.000 -29.160 -4.780 0.000 -29.656 0.352 0.000 -28.636
3 16 5.117 0.000 -26.494 0.223 0.000 -28.153 0.352 0.000 -28.636
3 16 0.352 0.000 -28.636 5.308 0.000 -26.956 5.117 0.000 -26.494
3 16 9.750 0.000 -24.207 5.117 0.000 -26.494 5.308 0.000 -26.956
3 16 5.308 0.000 -26.956 10.000 0.000 -24.640 9.750 0.000 -24.207
3 16 9.750 0.000 -24.207 10.000 0.000 -24.640 14.352 0.000 -21.736
3 16 14.352 0.000 -21.736 14.048 0.000 -21.339 9.750 0.000 -24.207
3 16 17.862 0.000 -17.976 14.048 0.000 -21.339 14.352 0.000 -21.736
3 16 18.284 0.000 -18.284 21.736 0.000 -14.352 21.339 0.000 -14.048
3 16 21.339 0.000 -14.048 17.931 0.000 -17.931 18.284 0.000 -18.284
3 16 24.640 0.000 -10.000 24.207 0.000 -9.750 21.339 0.000 -14.048
3 16 21.339 0.000 -14.048 21.736 0.000 -14.352 24.640 0.000 -10.000
3 16 24.207 0.000 -9.750 24.640 0.000 -10.000 26.956 0.000 -5.308
3 16 26.956 0.000 -5.308 26.494 0.000 -5.117 24.207 0.000 -9.750
3 16 26.494 0.000 -5.117 26.956 0.000 -5.308 28.636 0.000 -0.352
3 16 28.636 0.000 -0.352 28.153 0.000 -0.223 26.494 0.000 -5.117
3 16 29.656 0.000 4.780 29.160 0.000 4.845 28.153 0.000 -0.223
3 16 28.153 0.000 -0.223 28.636 0.000 -0.352 29.656 0.000 4.780
3 16 30.000 0.000 10.000 29.474 0.000 9.600 29.443 0.000 9.134
3 16 -9.600 0.000 -28.336 -9.600 0.000 -10.374 -10.000 0.000 -10.400
3 16 -10.000 0.000 -10.400 -10.000 0.000 -30.000 -9.600 0.000 -28.336
3 16 -3.982 0.000 -9.454 -5.929 0.000 -17.814 -4.509 0.000 -17.604
3 16 -3.982 0.000 -9.454 -4.509 0.000 -17.604 0.770 0.000 -16.002
3 16 0.770 0.000 -16.002 -2.193 0.000 -8.848 -3.982 0.000 -9.454
3 16 3.267 0.000 -14.821 0.200 0.000 -7.666 -2.193 0.000 -8.848
3 16 -2.193 0.000 -8.848 0.770 0.000 -16.002 3.267 0.000 -14.821
3 16 5.636 0.000 -13.401 1.363 0.000 -6.890 0.200 0.000 -7.666
3 16 0.200 0.000 -7.666 3.267 0.000 -14.821 5.636 0.000 -13.401
3 16 7.855 0.000 -11.756 7.958 0.000 -11.662 1.363 0.000 -6.890
3 16 1.363 0.000 -6.890 5.636 0.000 -13.401 7.855 0.000 -11.756
3 16 11.660 0.000 -7.961 11.756 0.000 -7.855 7.666 0.000 -0.200
3 16 7.666 0.000 -0.200 6.887 0.000 -1.368 11.660 0.000 -7.961
3 16 7.666 0.000 -0.200 11.756 0.000 -7.855 13.401 0.000 -5.636
3 16 13.401 0.000 -5.636 14.821 0.000 -3.267 7.666 0.000 -0.200
3 16 16.002 0.000 -0.770 8.848 0.000 2.193 7.666 0.000 -0.200
3 16 7.666 0.000 -0.200 14.821 0.000 -3.267 16.002 0.000 -0.770
3 16 8.848 0.000 2.193 16.002 0.000 -0.770 16.932 0.000 1.830
3 16 16.932 0.000 1.830 9.367 0.000 3.725 8.848 0.000 2.193
3 16 10.400 0.000 10.000 10.375 0.000 9.619 29.474 0.000 9.600
3 16 29.474 0.000 9.600 30.000 0.000 10.000 10.400 0.000 10.000
3 82 -1.650 0.000 -17.525 -1.830 0.000 -16.932 -4.509 0.000 -17.604
3 82 -4.509 0.000 -17.604 -4.388 0.000 -18.211 -1.650 0.000 -17.525
3 82 1.008 0.000 -16.575 0.770 0.000 -16.002 -1.830 0.000 -16.932
3 82 -1.830 0.000 -16.932 -1.650 0.000 -17.525 1.008 0.000 -16.575
3 82 3.559 0.000 -15.368 3.267 0.000 -14.821 0.770 0.000 -16.002
3 82 0.770 0.000 -16.002 1.008 0.000 -16.575 3.559 0.000 -15.368
3 82 5.980 0.000 -13.916 5.636 0.000 -13.401 3.267 0.000 -14.821
3 82 3.267 0.000 -14.821 3.559 0.000 -15.368 5.980 0.000 -13.916
3 82 5.636 0.000 -13.401 5.980 0.000 -13.916 8.248 0.000 -12.235
3 82 8.248 0.000 -12.235 7.855 0.000 -11.756 5.636 0.000 -13.401
3 82 11.756 0.000 -7.855 12.235 0.000 -8.248 13.916 0.000 -5.980
3 82 13.916 0.000 -5.980 13.401 0.000 -5.636 11.756 0.000 -7.855
3 82 13.401 0.000 -5.636 13.916 0.000 -5.980 15.368 0.000 -3.559
3 82 15.368 0.000 -3.559 14.821 0.000 -3.267 13.401 0.000 -5.636
3 82 14.821 0.000 -3.267 15.368 0.000 -3.559 16.575 0.000 -1.008
3 82 16.575 0.000 -1.008 16.002 0.000 -0.770 14.821 0.000 -3.267
3 82 17.525 0.000 1.650 16.932 0.000 1.830 16.002 0.000 -0.770
3 82 16.002 0.000 -0.770 16.575 0.000 -1.008 17.525 0.000 1.650
3 82 16.932 0.000 1.830 17.525 0.000 1.650 18.211 0.000 4.388
3 82 18.211 0.000 4.388 17.604 0.000 4.509 16.932 0.000 1.830
3 82 18.211 0.000 4.388 18.426 0.000 5.836 17.778 0.000 5.685
3 82 17.778 0.000 5.685 17.604 0.000 4.509 18.211 0.000 4.388
3 82 12.031 0.000 -8.473 12.235 0.000 -8.248 11.756 0.000 -7.855
3 82 11.756 0.000 -7.855 11.660 0.000 -7.961 12.031 0.000 -8.473
3 82 8.248 0.000 -12.235 8.471 0.000 -12.033 7.958 0.000 -11.662
3 82 7.958 0.000 -11.662 7.855 0.000 -11.756 8.248 0.000 -12.235
3 82 -4.509 0.000 -17.604 -5.929 0.000 -17.814 -6.080 0.000 -18.462
3 82 -6.080 0.000 -18.462 -4.388 0.000 -18.211 -4.509 0.000 -17.604
3 82 28.236 0.000 6.234 28.317 0.000 7.174 25.837 0.000 7.357
3 82 25.837 0.000 7.357 25.761 0.000 6.478 28.236 0.000 6.234
3 82 25.100 0.000 2.299 24.900 0.000 1.440 27.315 0.000 0.848
3 82 27.315 0.000 0.848 27.528 0.000 1.766 25.100 0.000 2.299
3 82 27.079 0.000 -0.066 27.315 0.000 0.848 24.900 0.000 1.440
3 82 24.900 0.000 1.440 24.679 0.000 0.586 27.079 0.000 -0.066
3 82 24.679 0.000 0.586 24.438 0.000 -0.262 26.821 0.000 -0.972
3 82 26.821 0.000 -0.972 27.079 0.000 -0.066 24.679 0.000 0.586
3 82 26.541 0.000 -1.873 26.821 0.000 -0.972 24.438 0.000 -0.262
3 82 24.438 0.000 -0.262 24.176 0.000 -1.104 26.541 0.000 -1.873
3 82 26.238 0.000 -2.766 26.541 0.000 -1.873 24.176 0.000 -1.104
3 82 24.176 0.000 -1.104 23.893 0.000 -1.940 26.238 0.000 -2.766
3 82 25.914 0.000 -3.651 26.238 0.000 -2.766 23.893 0.000 -1.940
3 82 23.893 0.000 -1.940 23.590 0.000 -2.768 25.914 0.000 -3.651
3 82 23.590 0.000 -2.768 23.266 0.000 -3.588 25.568 0.000 -4.529
3 82 25.568 0.000 -4.529 25.914 0.000 -3.651 23.590 0.000 -2.768
3 82 25.201 0.000 -5.397 25.568 0.000 -4.529 23.266 0.000 -3.588
3 82 23.266 0.000 -3.588 22.923 0.000 -4.401 25.201 0.000 -5.397
3 82 22.660 0.000 -10.236 23.147 0.000 -9.428 21.002 0.000 -8.171
3 82 21.002 0.000 -8.171 20.547 0.000 -8.926 22.660 0.000 -10.236
3 82 20.547 0.000 -8.926 20.073 0.000 -9.670 22.154 0.000 -11.031
3 82 22.154 0.000 -11.031 22.660 0.000 -10.236 20.547 0.000 -8.926
3 82 21.628 0.000 -11.814 22.154 0.000 -11.031 20.073 0.000 -9.670
3 82 20.073 0.000 -9.670 19.581 0.000 -10.402 21.628 0.000 -11.814
3 82 19.581 0.000 -10.402 19.072 0.000 -11.122 21.083 0.000 -12.583
3 82 21.083 0.000 -12.583 21.628 0.000 -11.814 19.581 0.000 -10.402
3 82 20.520 0.000 -13.339 21.083 0.000 -12.583 19.072 0.000 -11.122
3 82 19.072 0.000 -11.122 18.545 0.000 -11.829 20.520 0.000 -13.339
3 82 19.938 0.000 -14.081 20.520 0.000 -13.339 18.545 0.000 -11.829
3 82 18.545 0.000 -11.829 18.000 0.000 -12.523 19.938 0.000 -14.081
3 82 18.000 0.000 -12.523 17.439 0.000 -13.203 19.338 0.000 -14.809
3 82 19.338 0.000 -14.809 19.938 0.000 -14.081 18.000 0.000 -12.523
3 82 17.439 0.000 -13.203 16.861 0.000 -13.870 18.720 0.000 -15.521
3 82 18.720 0.000 -15.521 19.338 0.000 -14.809 17.439 0.000 -13.203
3 82 14.809 0.000 -19.338 15.521 0.000 -18.720 13.870 0.000 -16.861
3 82 13.870 0.000 -16.861 13.203 0.000 -17.439 14.809 0.000 -19.338
3 82 14.081 0.000 -19.938 14.809 0.000 -19.338 13.203 0.000 -17.439
3 82 13.203 0.000 -17.439 12.523 0.000 -18.000 14.081 0.000 -19.938
3 82 13.339 0.000 -20.520 14.081 0.000 -19.938 12.523 0.000 -18.000
3 82 12.523 0.000 -18.000 11.829 0.000 -18.545 13.339 0.000 -20.520
3 82 12.583 0.000 -21.083 13.339 0.000 -20.520 11.829 0.000 -18.545
3 82 11.829 0.000 -18.545 11.122 0.000 -19.072 12.583 0.000 -21.083
3 82 11.814 0.000 -21.628 12.583 0.000 -21.083 11.122 0.000 -19.072
3 82 11.122 0.000 -19.072 10.402 0.000 -19.581 11.814 0.000 -21.628
3 82 10.402 0.000 -19.581 9.670 0.000 -20.073 11.031 0.000 -22.154
3 82 11.031 0.000 -22.154 11.814 0.000 -21.628 10.402 0.000 -19.581
3 82 10.236 0.000 -22.660 11.031 0.000 -22.154 9.670 0.000 -20.073
3 82 9.670 0.000 -20.073 8.926 0.000 -20.547 10.236 0.000 -22.660
3 82 8.926 0.000 -20.547 8.171 0.000 -21.002 9.428 0.000 -23.147
3 82 9.428 0.000 -23.147 10.236 0.000 -22.660 8.926 0.000 -20.547
3 82 4.401 0.000 -22.923 3.588 0.000 -23.266 4.529 0.000 -25.568
3 82 4.529 0.000 -25.568 5.397 0.000 -25.201 4.401 0.000 -22.923
3 82 3.588 0.000 -23.266 2.768 0.000 -23.590 3.651 0.000 -25.914
3 82 3.651 0.000 -25.914 4.529 0.000 -25.568 3.588 0.000 -23.266
3 82 2.766 0.000 -26.238 3.651 0.000 -25.914 2.768 0.000 -23.590
3 82 2.768 0.000 -23.590 1.940 0.000 -23.893 2.766 0.000 -26.238
3 82 1.940 0.000 -23.893 1.104 0.000 -24.176 1.873 0.000 -26.541
3 82 1.873 0.000 -26.541 2.766 0.000 -26.238 1.940 0.000 -23.893
3 82 1.104 0.000 -24.176 0.262 0.000 -24.438 0.972 0.000 -26.821
3 82 0.972 0.000 -26.821 1.873 0.000 -26.541 1.104 0.000 -24.176
3 82 0.066 0.000 -27.079 0.972 0.000 -26.821 0.262 0.000 -24.438
3 82 0.262 0.000 -24.438 -0.586 0.000 -24.679 0.066 0.000 -27.079
3 82 -0.586 0.000 -24.679 -1.440 0.000 -24.900 -0.848 0.000 -27.315
3 82 -0.848 0.000 -27.315 0.066 0.000 -27.079 -0.586 0.000 -24.679
3 82 -1.766 0.000 -27.528 -0.848 0.000 -27.315 -1.440 0.000 -24.900
3 82 -1.440 0.000 -24.900 -2.299 0.000 -25.100 -1.766 0.000 -27.528
3 82 -6.478 0.000 -25.761 -7.357 0.000 -25.837 -7.174 0.000 -28.317
3 82 -7.174 0.000 -28.317 -6.234 0.000 -28.236 -6.478 0.000 -25.761
3 0 25.761 0.000 6.478 25.100 0.000 2.299 27.528 0.000 1.766
3 0 27.528 0.000 1.766 29.160 0.000 4.845 25.761 0.000 6.478
3 0 25.100 0.000 2.299 25.761 0.000 6.478 24.742 0.000 6.578
3 0 24.742 0.000 6.578 24.532 0.000 4.878 25.100 0.000 2.299
3 0 24.900 0.000 1.440 24.239 0.000 3.189 23.864 0.000 1.518
3 0 23.864 0.000 1.518 24.679 0.000 0.586 24.900 0.000 1.440
3 0 24.239 0.000 3.189 24.900 0.000 1.440 25.100 0.000 2.299
3 0 25.100 0.000 2.299 24.532 0.000 4.878 24.239 0.000 3.189
3 82 25.837 0.000 7.357 28.317 0.000 7.174 28.376 0.000 8.155
3 82 28.376 0.000 8.155 25.850 0.000 7.567 25.837 0.000 7.357
3 0 23.864 0.000 1.518 23.407 0.000 -0.134 24.438 0.000 -0.262
3 0 24.438 0.000 -0.262 24.679 0.000 0.586 23.864 0.000 1.518
3 0 24.438 0.000 -0.262 23.407 0.000 -0.134 22.869 0.000 -1.761
3 0 22.869 0.000 -1.761 24.176 0.000 -1.104 24.438 0.000 -0.262
3 0 23.590 0.000 -2.768 23.893 0.000 -1.940 24.176 0.000 -1.104
3 0 24.176 0.000 -1.104 22.869 0.000 -1.761 23.590 0.000 -2.768
3 0 22.869 0.000 -1.761 22.253 0.000 -3.360 23.266 0.000 -3.588
3 0 23.266 0.000 -3.588 23.590 0.000 -2.768 22.869 0.000 -1.761
3 0 23.266 0.000 -3.588 22.253 0.000 -3.360 21.558 0.000 -4.926
3 0 21.558 0.000 -4.926 22.923 0.000 -4.401 23.266 0.000 -3.588
3 0 20.788 0.000 -6.457 25.201 0.000 -5.397 22.923 0.000 -4.401
3 0 22.923 0.000 -4.401 21.558 0.000 -4.926 20.788 0.000 -6.457
3 0 23.147 0.000 -9.428 25.201 0.000 -5.397 20.788 0.000 -6.457
3 0 20.788 0.000 -6.457 21.002 0.000 -8.171 23.147 0.000 -9.428
3 0 20.547 0.000 -8.926 21.002 0.000 -8.171 20.788 0.000 -6.457
3 0 20.788 0.000 -6.457 19.943 0.000 -7.947 20.547 0.000 -8.926
3 0 19.943 0.000 -7.947 19.027 0.000 -9.395 20.073 0.000 -9.670
3 0 20.073 0.000 -9.670 20.547 0.000 -8.926 19.943 0.000 -7.947
3 0 20.073 0.000 -9.670 19.027 0.000 -9.395 18.040 0.000 -10.796
3 0 18.040 0.000 -10.796 19.581 0.000 -10.402 20.073 0.000 -9.670
3 0 19.581 0.000 -10.402 18.040 0.000 -10.796 18.545 0.000 -11.829
3 0 18.545 0.000 -11.829 19.072 0.000 -11.122 19.581 0.000 -10.402
3 0 18.040 0.000 -10.796 16.986 0.000 -12.147 18.000 0.000 -12.523
3 0 18.000 0.000 -12.523 18.545 0.000 -11.829 18.040 0.000 -10.796
3 0 15.867 0.000 -13.444 17.439 0.000 -13.203 18.000 0.000 -12.523
3 0 18.000 0.000 -12.523 16.986 0.000 -12.147 15.867 0.000 -13.444
3 0 15.732 0.000 -13.586 16.861 0.000 -13.870 17.439 0.000 -13.203
3 0 17.439 0.000 -13.203 15.867 0.000 -13.444 15.732 0.000 -13.586
3 0 13.585 0.000 -15.733 12.147 0.000 -16.986 12.523 0.000 -18.000
3 0 13.585 0.000 -15.733 12.523 0.000 -18.000 13.203 0.000 -17.439
3 0 13.203 0.000 -17.439 13.870 0.000 -16.861 13.585 0.000 -15.733
3 0 11.829 0.000 -18.545 12.523 0.000 -18.000 12.147 0.000 -16.986
3 0 12.147 0.000 -16.986 10.796 0.000 -18.040 11.829 0.000 -18.545
3 0 11.829 0.000 -18.545 10.402 0.000 -19.581 11.122 0.000 -19.072
3 0 10.402 0.000 -19.581 11.829 0.000 -18.545 10.796 0.000 -18.040
3 0 10.796 0.000 -18.040 9.670 0.000 -20.073 10.402 0.000 -19.581
3 0 10.796 0.000 -18.040 9.395 0.000 -19.027 9.670 0.000 -20.073
3 0 9.670 0.000 -20.073 9.395 0.000 -19.027 7.947 0.000 -19.943
3 0 7.947 0.000 -19.943 8.926 0.000 -20.547 9.670 0.000 -20.073
3 0 8.926 0.000 -20.547 7.947 0.000 -19.943 6.457 0.000 -20.788
3 0 6.457 0.000 -20.788 8.171 0.000 -21.002 8.926 0.000 -20.547
3 0 8.171 0.000 -21.002 6.457 0.000 -20.788 4.926 0.000 -21.558
3 0 4.926 0.000 -21.558 4.401 0.000 -22.923 8.171 0.000 -21.002
3 0 3.588 0.000 -23.266 4.401 0.000 -22.923 4.926 0.000 -21.558
3 0 4.926 0.000 -21.558 3.360 0.000 -22.253 3.588 0.000 -23.266
3 0 8.171 0.000 -21.002 4.401 0.000 -22.923 5.397 0.000 -25.201
3 0 5.397 0.000 -25.201 9.428 0.000 -23.147 8.171 0.000 -21.002
3 0 -4.878 0.000 -24.532 -6.578 0.000 -24.742 -7.357 0.000 -25.837
3 0 -7.804 0.000 -25.865 -7.357 0.000 -25.837 -6.578 0.000 -24.742
3 0 -6.578 0.000 -24.742 -7.559 0.000 -24.814 -7.804 0.000 -25.865
3 0 -1.518 0.000 -23.864 -3.189 0.000 -24.239 -2.299 0.000 -25.100
3 0 -6.478 0.000 -25.761 -3.189 0.000 -24.239 -4.878 0.000 -24.532
3 0 -4.878 0.000 -24.532 -7.357 0.000 -25.837 -6.478 0.000 -25.761
3 0 -6.478 0.000 -25.761 -1.766 0.000 -27.528 -2.299 0.000 -25.100
3 0 -2.299 0.000 -25.100 -3.189 0.000 -24.239 -6.478 0.000 -25.761
3 0 1.761 0.000 -22.869 2.768 0.000 -23.590 3.588 0.000 -23.266
3 0 3.588 0.000 -23.266 3.360 0.000 -22.253 1.761 0.000 -22.869
3 0 2.768 0.000 -23.590 1.761 0.000 -22.869 1.104 0.000 -24.176
3 0 1.104 0.000 -24.176 1.940 0.000 -23.893 2.768 0.000 -23.590
3 0 0.262 0.000 -24.438 1.104 0.000 -24.176 1.761 0.000 -22.869
3 0 1.761 0.000 -22.869 0.134 0.000 -23.407 0.262 0.000 -24.438
3 0 -1.518 0.000 -23.864 -0.586 0.000 -24.679 0.262 0.000 -24.438
3 0 0.262 0.000 -24.438 0.134 0.000 -23.407 -1.518 0.000 -23.864
3 0 -0.586 0.000 -24.679 -1.518 0.000 -23.864 -2.299 0.000 -25.100
3 0 -2.299 0.000 -25.100 -1.440 0.000 -24.900 -0.586 0.000 -24.679
3 82 -7.174 0.000 -28.317 -7.357 0.000 -25.837 -7.804 0.000 -25.865
3 82 -7.804 0.000 -25.865 -8.115 0.000 -28.375 -7.174 0.000 -28.317
3 82 -7.804 0.000 -25.865 -8.400 0.000 -28.400 -8.115 0.000 -28.375
3 0 29.443 0.000 9.134 24.797 0.000 7.321 25.850 0.000 7.567
3 0 29.443 0.000 9.134 25.850 0.000 7.567 28.376 0.000 8.155
3 0 28.376 0.000 8.155 28.317 0.000 7.174 29.160 0.000 4.845
3 0 29.160 0.000 4.845 29.443 0.000 9.134 28.376 0.000 8.155
3 0 28.317 0.000 7.174 28.236 0.000 6.234 29.160 0.000 4.845
3 0 25.761 0.000 6.478 29.160 0.000 4.845 28.236 0.000 6.234
3 0 28.153 0.000 -0.223 29.160 0.000 4.845 27.315 0.000 0.848
3 0 27.315 0.000 0.848 27.079 0.000 -0.066 28.153 0.000 -0.223
3 0 29.160 0.000 4.845 27.528 0.000 1.766 27.315 0.000 0.848
3 0 27.079 0.000 -0.066 26.821 0.000 -0.972 28.153 0.000 -0.223
3 0 26.821 0.000 -0.972 26.541 0.000 -1.873 26.494 0.000 -5.117
3 0 26.494 0.000 -5.117 28.153 0.000 -0.223 26.821 0.000 -0.972
3 0 26.541 0.000 -1.873 26.238 0.000 -2.766 26.494 0.000 -5.117
3 0 26.238 0.000 -2.766 25.914 0.000 -3.651 26.494 0.000 -5.117
3 0 25.914 0.000 -3.651 25.568 0.000 -4.529 26.494 0.000 -5.117
3 0 25.568 0.000 -4.529 25.201 0.000 -5.397 24.207 0.000 -9.750
3 0 24.207 0.000 -9.750 26.494 0.000 -5.117 25.568 0.000 -4.529
3 0 25.201 0.000 -5.397 23.147 0.000 -9.428 24.207 0.000 -9.750
3 0 23.147 0.000 -9.428 22.660 0.000 -10.236 24.207 0.000 -9.750
3 0 24.207 0.000 -9.750 22.660 0.000 -10.236 22.154 0.000 -11.031
3 0 22.154 0.000 -11.031 21.628 0.000 -11.814 21.339 0.000 -14.048
3 0 21.339 0.000 -14.048 24.207 0.000 -9.750 22.154 0.000 -11.031
3 0 21.628 0.000 -11.814 21.083 0.000 -12.583 21.339 0.000 -14.048
3 0 21.083 0.000 -12.583 20.520 0.000 -13.339 21.339 0.000 -14.048
3 0 20.520 0.000 -13.339 19.938 0.000 -14.081 21.339 0.000 -14.048
3 0 21.339 0.000 -14.048 19.938 0.000 -14.081 19.338 0.000 -14.809
3 0 19.338 0.000 -14.809 18.720 0.000 -15.521 17.931 0.000 -17.931
3 0 17.931 0.000 -17.931 21.339 0.000 -14.048 19.338 0.000 -14.809
3 0 18.720 0.000 -15.521 16.861 0.000 -13.870 15.732 0.000 -13.586
3 0 15.732 0.000 -13.586 17.931 0.000 -17.931 18.720 0.000 -15.521
3 0 17.931 0.000 -17.931 15.732 0.000 -13.586 12.031 0.000 -8.473
3 0 12.031 0.000 -8.473 4.425 0.000 -4.425 17.931 0.000 -17.931
3 0 15.521 0.000 -18.720 17.862 0.000 -17.976 13.585 0.000 -15.733
3 0 13.585 0.000 -15.733 13.870 0.000 -16.861 15.521 0.000 -18.720
3 0 17.862 0.000 -17.976 15.521 0.000 -18.720 14.809 0.000 -19.338
3 0 14.809 0.000 -19.338 14.081 0.000 -19.938 14.048 0.000 -21.339
3 0 14.048 0.000 -21.339 17.862 0.000 -17.976 14.809 0.000 -19.338
3 0 14.081 0.000 -19.938 13.339 0.000 -20.520 14.048 0.000 -21.339
3 0 13.339 0.000 -20.520 12.583 0.000 -21.083 14.048 0.000 -21.339
3 0 12.583 0.000 -21.083 11.814 0.000 -21.628 14.048 0.000 -21.339
3 0 9.750 0.000 -24.207 14.048 0.000 -21.339 11.814 0.000 -21.628
3 0 11.814 0.000 -21.628 11.031 0.000 -22.154 9.750 0.000 -24.207
3 0 11.031 0.000 -22.154 10.236 0.000 -22.660 9.750 0.000 -24.207
3 0 10.236 0.000 -22.660 9.428 0.000 -23.147 9.750 0.000 -24.207
3 0 5.117 0.000 -26.494 9.750 0.000 -24.207 9.428 0.000 -23.147
3 0 9.428 0.000 -23.147 5.397 0.000 -25.201 5.117 0.000 -26.494
3 0 5.397 0.000 -25.201 4.529 0.000 -25.568 5.117 0.000 -26.494
3 0 4.529 0.000 -25.568 3.651 0.000 -25.914 5.117 0.000 -26.494
3 0 3.651 0.000 -25.914 2.766 0.000 -26.238 5.117 0.000 -26.494
3 0 2.766 0.000 -26.238 1.873 0.000 -26.541 5.117 0.000 -26.494
3 0 1.873 0.000 -26.541 0.972 0.000 -26.821 0.223 0.000 -28.153
3 0 0.223 0.000 -28.153 5.117 0.000 -26.494 1.873 0.000 -26.541
3 0 0.972 0.000 -26.821 0.066 0.000 -27.079 0.223 0.000 -28.153
3 0 0.223 0.000 -28.153 0.066 0.000 -27.079 -0.848 0.000 -27.315
3 0 -0.848 0.000 -27.315 -4.845 0.000 -29.160 0.223 0.000 -28.153
3 0 -0.848 0.000 -27.315 -1.766 0.000 -27.528 -4.845 0.000 -29.160
3 0 -6.234 0.000 -28.236 -4.845 0.000 -29.160 -1.766 0.000 -27.528
3 0 -1.766 0.000 -27.528 -6.478 0.000 -25.761 -6.234 0.000 -28.236
3 0 -6.234 0.000 -28.236 -7.174 0.000 -28.317 -4.845 0.000 -29.160
3 0 -7.174 0.000 -28.317 -8.115 0.000 -28.375 -4.845 0.000 -29.160
3 0 -8.115 0.000 -28.375 -8.400 0.000 -28.400 -9.250 0.000 -29.451
3 0 -9.250 0.000 -29.451 -4.845 0.000 -29.160 -8.115 0.000 -28.375
3 0 -6.080 0.000 -18.462 -9.250 0.000 -29.451 -7.559 0.000 -24.814
3 82 -9.600 0.000 -28.336 -9.600 0.000 -29.474 -9.250 0.000 -29.451
3 82 -9.250 0.000 -29.451 -5.143 0.000 -9.788 -9.600 0.000 -28.336
3 0 -7.338 0.000 -10.225 -9.600 0.000 -10.374 -9.600 0.000 -28.336
3 0 -5.143 0.000 -9.788 -7.338 0.000 -10.225 -9.600 0.000 -28.336
3 82 -4.721 0.000 -9.704 -5.143 0.000 -9.788 -9.250 0.000 -29.451
3 82 -4.483 0.000 -9.624 -4.721 0.000 -9.704 -9.250 0.000 -29.451
3 0 -3.982 0.000 -9.454 -4.483 0.000 -9.624 -5.929 0.000 -17.814
3 0 -5.929 0.000 -17.814 -4.483 0.000 -9.624 -9.250 0.000 -29.451
3 0 -9.250 0.000 -29.451 -6.080 0.000 -18.462 -5.929 0.000 -17.814
3 0 2.028 0.000 -6.447 1.363 0.000 -6.890 7.958 0.000 -11.662
3 0 2.028 0.000 -6.447 7.958 0.000 -11.662 8.471 0.000 -12.033
3 0 8.471 0.000 -12.033 17.862 0.000 -17.976 2.028 0.000 -6.447
3 0 8.471 0.000 -12.033 13.585 0.000 -15.733 17.862 0.000 -17.976
3 82 2.420 0.000 -6.185 2.028 0.000 -6.447 17.862 0.000 -17.976
3 82 17.931 0.000 -17.931 4.425 0.000 -4.425 2.420 0.000 -6.185
3 82 2.420 0.000 -6.185 17.862 0.000 -17.976 17.931 0.000 -17.931
3 0 4.425 0.000 -4.425 12.031 0.000 -8.473 11.660 0.000 -7.961
3 0 11.660 0.000 -7.961 6.185 0.000 -2.420 4.425 0.000 -4.425
3 0 6.887 0.000 -1.368 6.185 0.000 -2.420 11.660 0.000 -7.961
3 0 17.778 0.000 5.685 9.609 0.000 4.438 9.367 0.000 3.725
3 0 29.443 0.000 9.134 9.609 0.000 4.438 17.778 0.000 5.685
3 0 17.778 0.000 5.685 18.426 0.000 5.836 29.443 0.000 9.134
3 0 29.443 0.000 9.134 18.426 0.000 5.836 24.797 0.000 7.321
3 82 29.443 0.000 9.134 9.704 0.000 4.721 9.609 0.000 4.438
3 82 10.375 0.000 9.619 10.225 0.000 7.338 29.474 0.000 9.600
3 82 29.443 0.000 9.134 29.474 0.000 9.600 10.225 0.000 7.338
3 82 10.225 0.000 7.338 9.704 0.000 4.721 29.443 0.000 9.134
3 0 -7.804 0.000 -25.865 -7.559 0.000 -24.814 -9.250 0.000 -29.451
3 0 -9.250 0.000 -29.451 -8.400 0.000 -28.400 -7.804 0.000 -25.865
3 0 25.850 0.000 7.567 24.797 0.000 7.321 25.837 0.000 7.357
3 0 25.761 0.000 6.478 25.837 0.000 7.357 24.797 0.000 7.321
3 0 24.797 0.000 7.321 24.742 0.000 6.578 25.761 0.000 6.478
1 16 0.0000 0.0000 0.0000 1.0000 0.0000 0.0000 0.0000 1.0000 0.0000 0.0000 0.0000 1.0000 s/27925s01.dat
1 16 -10.0000 0.0000 10.0000 0.0000 0.0000 0.4000 0.0000 1.0000 0.0000 -0.4000 0.0000 0.0000 1-4rin50.dat
1 16 -10.0000 0.0000 10.0000 0.0000 0.0000 20.4000 0.0000 1.0000 0.0000 -20.4000 0.0000 0.0000 1-4aring.dat
