0 FILE 3004pb019.dat
0 Brick 1 x 2 with 'ANWB' Pattern on Both Sides (Stickers) - Set 1590-2
0 Name:  3004pb019.dat
0 Author:  
0 BL_Item_No 3004pb019
0 BFC CERTIFY CCW
1 16 0.0000 0.0000 0.0000 1.0000 0.0000 0.0000 0.0000 1.0000 0.0000 0.0000 0.0000 1.0000 3004.dat
3 16 -16.000 16.000 -10.250 -15.040 14.600 -10.250 -12.820 9.460 -10.250
3 16 -12.820 9.460 -10.250 -16.000 8.000 -10.250 -16.000 16.000 -10.250
3 16 -12.910 14.600 -10.250 -15.040 14.600 -10.250 -16.000 16.000 -10.250
3 16 -12.910 14.600 -10.250 -10.370 14.600 -10.250 -10.540 14.100 -10.250
3 16 -10.540 14.100 -10.250 -12.730 14.100 -10.250 -12.910 14.600 -10.250
3 16 -10.370 14.600 -10.250 -12.910 14.600 -10.250 -16.000 16.000 -10.250
3 16 -8.220 14.600 -10.250 -10.370 14.600 -10.250 -16.000 16.000 -10.250
3 16 -7.860 14.600 -10.250 -8.220 14.600 -10.250 -16.000 16.000 -10.250
3 16 -5.990 14.600 -10.250 -7.860 14.600 -10.250 -16.000 16.000 -10.250
3 16 -3.830 14.600 -10.250 -5.990 14.600 -10.250 -16.000 16.000 -10.250
3 16 -1.600 14.600 -10.250 -3.830 14.600 -10.250 -16.000 16.000 -10.250
3 16 2.430 14.600 -10.250 0.290 14.600 -10.250 -16.000 16.000 -10.250
3 16 -16.000 16.000 -10.250 16.000 16.000 -10.250 2.430 14.600 -10.250
3 16 4.180 14.600 -10.250 2.430 14.600 -10.250 16.000 16.000 -10.250
3 16 3.310 11.280 -10.250 2.430 14.600 -10.250 4.180 14.600 -10.250
3 16 0.290 14.600 -10.250 -1.600 14.600 -10.250 -16.000 16.000 -10.250
3 16 8.240 14.600 -10.250 6.340 14.600 -10.250 16.000 16.000 -10.250
3 16 6.340 14.600 -10.250 8.240 14.600 -10.250 8.240 9.460 -10.250
3 16 8.240 9.460 -10.250 8.109 9.460 -10.250 6.340 14.600 -10.250
3 16 6.340 14.600 -10.250 4.180 14.600 -10.250 16.000 16.000 -10.250
3 16 0.290 14.600 -10.250 -1.460 9.460 -10.250 -1.600 9.460 -10.250
3 16 -1.600 9.460 -10.250 -1.600 14.600 -10.250 0.290 14.600 -10.250
3 16 -11.600 11.020 -10.250 -12.260 12.830 -10.250 -10.990 12.830 -10.250
3 16 -7.860 14.600 -10.250 -7.860 9.460 -10.250 -10.290 9.460 -10.250
3 16 -10.290 9.460 -10.250 -8.220 14.600 -10.250 -7.860 14.600 -10.250
3 16 -5.990 11.590 -10.250 -5.990 14.600 -10.250 -3.830 14.600 -10.250
3 16 -16.000 8.000 -10.250 -12.820 9.460 -10.250 -10.290 9.460 -10.250
3 16 -16.000 8.000 -10.250 -10.290 9.460 -10.250 -7.860 9.460 -10.250
3 16 -16.000 8.000 -10.250 -7.860 9.460 -10.250 -5.510 9.460 -10.250
3 16 -16.000 8.000 -10.250 -5.510 9.460 -10.250 -3.530 9.460 -10.250
3 16 -3.530 9.460 -10.250 -5.510 9.460 -10.250 -3.530 12.420 -10.250
3 16 -16.000 8.000 -10.250 -3.530 9.460 -10.250 -1.600 9.460 -10.250
3 16 2.520 9.460 -10.250 0.680 9.460 -10.250 1.570 13.050 -10.250
3 16 -1.460 9.460 -10.250 0.680 9.460 -10.250 16.000 8.000 -10.250
3 16 16.000 8.000 -10.250 -16.000 8.000 -10.250 -1.460 9.460 -10.250
3 16 -16.000 8.000 -10.250 -1.600 9.460 -10.250 -1.460 9.460 -10.250
3 16 16.000 8.000 -10.250 0.680 9.460 -10.250 2.520 9.460 -10.250
3 16 16.000 8.000 -10.250 4.160 9.460 -10.250 5.960 9.460 -10.250
3 16 5.960 9.460 -10.250 4.160 9.460 -10.250 5.120 13.050 -10.250
3 16 16.000 8.000 -10.250 5.960 9.460 -10.250 8.109 9.460 -10.250
3 16 16.000 8.000 -10.250 2.520 9.460 -10.250 4.160 9.460 -10.250
3 16 16.000 8.000 -10.250 8.109 9.460 -10.250 8.240 9.460 -10.250
3 16 12.040 13.300 -10.250 12.040 12.500 -10.250 11.640 12.480 -10.250
3 16 11.640 12.480 -10.250 11.640 13.320 -10.250 12.040 13.300 -10.250
3 16 10.230 13.320 -10.250 11.640 13.320 -10.250 11.640 12.480 -10.250
3 16 11.640 12.480 -10.250 10.230 12.480 -10.250 10.230 13.320 -10.250
3 16 12.270 13.230 -10.250 12.420 12.900 -10.250 12.040 12.500 -10.250
3 16 12.040 12.500 -10.250 12.040 13.300 -10.250 12.270 13.230 -10.250
3 16 12.040 12.500 -10.250 12.420 12.900 -10.250 12.270 12.570 -10.250
3 16 13.700 14.440 -10.250 13.220 14.560 -10.250 16.000 16.000 -10.250
3 16 14.340 13.950 -10.250 14.080 14.230 -10.250 16.000 16.000 -10.250
3 16 14.080 14.230 -10.250 13.700 14.440 -10.250 16.000 16.000 -10.250
3 16 14.500 13.580 -10.250 14.340 13.950 -10.250 16.000 16.000 -10.250
3 16 13.220 14.560 -10.250 12.630 14.600 -10.250 16.000 16.000 -10.250
3 16 14.050 12.060 -10.250 14.330 12.330 -10.250 14.300 11.100 -10.250
3 16 14.300 11.100 -10.250 14.170 11.410 -10.250 14.050 12.060 -10.250
3 16 14.500 13.580 -10.250 16.000 16.000 -10.250 16.000 8.000 -10.250
3 16 16.000 8.000 -10.250 14.560 13.140 -10.250 14.500 13.580 -10.250
3 16 14.560 13.140 -10.250 16.000 8.000 -10.250 14.340 10.750 -10.250
3 16 14.340 10.750 -10.250 14.500 12.700 -10.250 14.560 13.140 -10.250
3 16 14.330 12.330 -10.250 14.500 12.700 -10.250 14.340 10.750 -10.250
3 16 14.340 10.750 -10.250 14.300 11.100 -10.250 14.330 12.330 -10.250
3 16 12.630 14.600 -10.250 8.240 14.600 -10.250 16.000 16.000 -10.250
3 16 10.230 11.390 -10.250 11.570 11.390 -10.250 11.930 11.370 -10.250
3 16 11.930 11.370 -10.250 11.570 10.670 -10.250 10.230 11.390 -10.250
3 16 12.130 11.310 -10.250 12.260 11.030 -10.250 11.940 10.690 -10.250
3 16 11.940 10.690 -10.250 11.930 11.370 -10.250 12.130 11.310 -10.250
3 16 11.570 10.670 -10.250 10.230 10.670 -10.250 10.230 11.390 -10.250
3 16 11.570 10.670 -10.250 11.930 11.370 -10.250 11.940 10.690 -10.250
3 16 11.940 10.690 -10.250 12.260 11.030 -10.250 12.140 10.750 -10.250
3 16 16.000 8.000 -10.250 8.240 9.460 -10.250 12.370 9.460 -10.250
3 16 13.950 11.670 -10.250 13.660 11.870 -10.250 14.050 12.060 -10.250
3 16 14.170 11.410 -10.250 13.950 11.670 -10.250 14.050 12.060 -10.250
3 16 16.000 8.000 -10.250 13.020 9.500 -10.250 13.530 9.600 -10.250
3 16 16.000 8.000 -10.250 13.900 9.760 -10.250 14.230 10.160 -10.250
3 16 16.000 8.000 -10.250 14.230 10.160 -10.250 14.340 10.750 -10.250
3 16 16.000 8.000 -10.250 13.530 9.600 -10.250 13.900 9.760 -10.250
3 16 16.000 8.000 -10.250 12.370 9.460 -10.250 13.020 9.500 -10.250
3 0 -12.730 14.100 -10.250 -15.040 14.600 -10.250 -12.910 14.600 -10.250
3 0 -12.820 9.460 -10.250 -15.040 14.600 -10.250 -12.730 14.100 -10.250
3 0 -12.730 14.100 -10.250 -12.260 12.830 -10.250 -12.820 9.460 -10.250
3 0 -12.730 14.100 -10.250 -10.540 14.100 -10.250 -10.990 12.830 -10.250
3 0 -10.990 12.830 -10.250 -12.260 12.830 -10.250 -12.730 14.100 -10.250
3 0 -12.820 9.460 -10.250 -12.260 12.830 -10.250 -11.600 11.020 -10.250
3 0 -10.540 14.100 -10.250 -10.370 14.600 -10.250 -8.220 14.600 -10.250
3 0 -10.540 14.100 -10.250 -8.220 14.600 -10.250 -10.290 9.460 -10.250
3 0 -10.290 9.460 -10.250 -10.990 12.830 -10.250 -10.540 14.100 -10.250
3 0 -10.290 9.460 -10.250 -11.600 11.020 -10.250 -10.990 12.830 -10.250
3 0 -10.290 9.460 -10.250 -12.820 9.460 -10.250 -11.600 11.020 -10.250
3 0 -5.990 14.600 -10.250 -5.990 11.590 -10.250 -7.860 9.460 -10.250
3 0 -7.860 9.460 -10.250 -7.860 14.600 -10.250 -5.990 14.600 -10.250
3 0 -7.860 9.460 -10.250 -5.990 11.590 -10.250 -3.530 12.420 -10.250
3 0 -3.530 12.420 -10.250 -5.510 9.460 -10.250 -7.860 9.460 -10.250
3 0 -3.830 14.600 -10.250 -1.600 14.600 -10.250 -1.600 9.460 -10.250
3 0 -1.600 9.460 -10.250 -3.530 12.420 -10.250 -3.830 14.600 -10.250
3 0 -1.600 9.460 -10.250 -3.530 9.460 -10.250 -3.530 12.420 -10.250
3 0 -5.990 11.590 -10.250 -3.830 14.600 -10.250 -3.530 12.420 -10.250
3 0 2.430 14.600 -10.250 1.570 13.050 -10.250 -1.460 9.460 -10.250
3 0 -1.460 9.460 -10.250 0.290 14.600 -10.250 2.430 14.600 -10.250
3 0 1.570 13.050 -10.250 3.310 11.280 -10.250 4.160 9.460 -10.250
3 0 4.160 9.460 -10.250 2.520 9.460 -10.250 1.570 13.050 -10.250
3 0 0.680 9.460 -10.250 -1.460 9.460 -10.250 1.570 13.050 -10.250
3 0 4.180 14.600 -10.250 6.340 14.600 -10.250 8.109 9.460 -10.250
3 0 8.109 9.460 -10.250 5.120 13.050 -10.250 4.180 14.600 -10.250
3 0 4.180 14.600 -10.250 5.120 13.050 -10.250 4.160 9.460 -10.250
3 0 4.160 9.460 -10.250 3.310 11.280 -10.250 4.180 14.600 -10.250
3 0 8.109 9.460 -10.250 5.960 9.460 -10.250 5.120 13.050 -10.250
3 0 3.310 11.280 -10.250 1.570 13.050 -10.250 2.430 14.600 -10.250
3 0 10.230 13.320 -10.250 10.230 12.480 -10.250 8.240 9.460 -10.250
3 0 8.240 9.460 -10.250 8.240 14.600 -10.250 10.230 13.320 -10.250
3 0 11.640 13.320 -10.250 10.230 13.320 -10.250 8.240 14.600 -10.250
3 0 8.240 14.600 -10.250 12.630 14.600 -10.250 11.640 13.320 -10.250
3 0 10.230 11.390 -10.250 10.230 12.480 -10.250 11.640 12.480 -10.250
3 0 11.640 12.480 -10.250 11.570 11.390 -10.250 10.230 11.390 -10.250
3 0 12.040 13.300 -10.250 11.640 13.320 -10.250 12.630 14.600 -10.250
3 0 8.240 9.460 -10.250 10.230 12.480 -10.250 10.230 11.390 -10.250
3 0 12.040 13.300 -10.250 12.630 14.600 -10.250 13.220 14.560 -10.250
3 0 13.220 14.560 -10.250 12.270 13.230 -10.250 12.040 13.300 -10.250
3 0 12.040 12.500 -10.250 11.930 11.370 -10.250 11.570 11.390 -10.250
3 0 11.570 11.390 -10.250 11.640 12.480 -10.250 12.040 12.500 -10.250
3 0 13.660 11.870 -10.250 12.130 11.310 -10.250 12.040 12.500 -10.250
3 0 12.040 12.500 -10.250 12.270 12.570 -10.250 13.660 11.870 -10.250
3 0 8.240 9.460 -10.250 10.230 10.670 -10.250 11.570 10.670 -10.250
3 0 11.570 10.670 -10.250 12.370 9.460 -10.250 8.240 9.460 -10.250
3 0 8.240 9.460 -10.250 10.230 11.390 -10.250 10.230 10.670 -10.250
3 0 12.130 11.310 -10.250 13.660 11.870 -10.250 13.950 11.670 -10.250
3 0 13.950 11.670 -10.250 12.260 11.030 -10.250 12.130 11.310 -10.250
3 0 11.940 10.690 -10.250 12.140 10.750 -10.250 13.020 9.500 -10.250
3 0 13.020 9.500 -10.250 12.370 9.460 -10.250 11.940 10.690 -10.250
3 0 12.370 9.460 -10.250 11.570 10.670 -10.250 11.940 10.690 -10.250
3 0 12.140 10.750 -10.250 12.260 11.030 -10.250 14.340 10.750 -10.250
3 0 14.340 10.750 -10.250 13.530 9.600 -10.250 12.140 10.750 -10.250
3 0 12.130 11.310 -10.250 11.930 11.370 -10.250 12.040 12.500 -10.250
3 0 13.220 14.560 -10.250 13.700 14.440 -10.250 12.420 12.900 -10.250
3 0 12.420 12.900 -10.250 12.270 13.230 -10.250 13.220 14.560 -10.250
3 0 13.700 14.440 -10.250 14.080 14.230 -10.250 14.340 13.950 -10.250
3 0 14.340 13.950 -10.250 12.420 12.900 -10.250 13.700 14.440 -10.250
3 0 14.500 13.580 -10.250 14.560 13.140 -10.250 14.500 12.700 -10.250
3 0 14.500 12.700 -10.250 12.420 12.900 -10.250 14.500 13.580 -10.250
3 0 14.500 12.700 -10.250 14.330 12.330 -10.250 14.050 12.060 -10.250
3 0 14.050 12.060 -10.250 12.420 12.900 -10.250 14.500 12.700 -10.250
3 0 12.420 12.900 -10.250 14.340 13.950 -10.250 14.500 13.580 -10.250
3 0 13.020 9.500 -10.250 12.140 10.750 -10.250 13.530 9.600 -10.250
3 0 13.900 9.760 -10.250 13.530 9.600 -10.250 14.340 10.750 -10.250
3 0 14.340 10.750 -10.250 14.230 10.160 -10.250 13.900 9.760 -10.250
3 0 13.950 11.670 -10.250 14.170 11.410 -10.250 14.300 11.100 -10.250
3 0 14.300 11.100 -10.250 12.260 11.030 -10.250 13.950 11.670 -10.250
3 0 14.340 10.750 -10.250 12.260 11.030 -10.250 14.300 11.100 -10.250
3 0 14.050 12.060 -10.250 13.660 11.870 -10.250 12.270 12.570 -10.250
3 0 12.270 12.570 -10.250 12.420 12.900 -10.250 14.050 12.060 -10.250
1 16 0.0000 12.0000 -10.2500 16.0000 0.0000 0.0000 0.0000 0.0000 -4.0000 0.0000 0.2500 0.0000 box5-12.dat
3 16 16.000 16.000 10.250 15.040 14.600 10.250 12.820 9.460 10.250
3 16 12.820 9.460 10.250 16.000 8.000 10.250 16.000 16.000 10.250
3 16 12.910 14.600 10.250 15.040 14.600 10.250 16.000 16.000 10.250
3 16 12.910 14.600 10.250 10.370 14.600 10.250 10.540 14.100 10.250
3 16 10.540 14.100 10.250 12.730 14.100 10.250 12.910 14.600 10.250
3 16 10.370 14.600 10.250 12.910 14.600 10.250 16.000 16.000 10.250
3 16 8.220 14.600 10.250 10.370 14.600 10.250 16.000 16.000 10.250
3 16 7.860 14.600 10.250 8.220 14.600 10.250 16.000 16.000 10.250
3 16 5.990 14.600 10.250 7.860 14.600 10.250 16.000 16.000 10.250
3 16 3.830 14.600 10.250 5.990 14.600 10.250 16.000 16.000 10.250
3 16 1.600 14.600 10.250 3.830 14.600 10.250 16.000 16.000 10.250
3 16 -2.430 14.600 10.250 -0.290 14.600 10.250 16.000 16.000 10.250
3 16 16.000 16.000 10.250 -16.000 16.000 10.250 -2.430 14.600 10.250
3 16 -4.180 14.600 10.250 -2.430 14.600 10.250 -16.000 16.000 10.250
3 16 -3.310 11.280 10.250 -2.430 14.600 10.250 -4.180 14.600 10.250
3 16 -0.290 14.600 10.250 1.600 14.600 10.250 16.000 16.000 10.250
3 16 -8.240 14.600 10.250 -6.340 14.600 10.250 -16.000 16.000 10.250
3 16 -6.340 14.600 10.250 -8.240 14.600 10.250 -8.240 9.460 10.250
3 16 -8.240 9.460 10.250 -8.109 9.460 10.250 -6.340 14.600 10.250
3 16 -6.340 14.600 10.250 -4.180 14.600 10.250 -16.000 16.000 10.250
3 16 -0.290 14.600 10.250 1.460 9.460 10.250 1.600 9.460 10.250
3 16 1.600 9.460 10.250 1.600 14.600 10.250 -0.290 14.600 10.250
3 16 11.600 11.020 10.250 12.260 12.830 10.250 10.990 12.830 10.250
3 16 7.860 14.600 10.250 7.860 9.460 10.250 10.290 9.460 10.250
3 16 10.290 9.460 10.250 8.220 14.600 10.250 7.860 14.600 10.250
3 16 5.990 11.590 10.250 5.990 14.600 10.250 3.830 14.600 10.250
3 16 16.000 8.000 10.250 12.820 9.460 10.250 10.290 9.460 10.250
3 16 16.000 8.000 10.250 10.290 9.460 10.250 7.860 9.460 10.250
3 16 16.000 8.000 10.250 7.860 9.460 10.250 5.510 9.460 10.250
3 16 16.000 8.000 10.250 5.510 9.460 10.250 3.530 9.460 10.250
3 16 3.530 9.460 10.250 5.510 9.460 10.250 3.530 12.420 10.250
3 16 16.000 8.000 10.250 3.530 9.460 10.250 1.600 9.460 10.250
3 16 -2.520 9.460 10.250 -0.680 9.460 10.250 -1.570 13.050 10.250
3 16 1.460 9.460 10.250 -0.680 9.460 10.250 -16.000 8.000 10.250
3 16 -16.000 8.000 10.250 16.000 8.000 10.250 1.460 9.460 10.250
3 16 16.000 8.000 10.250 1.600 9.460 10.250 1.460 9.460 10.250
3 16 -16.000 8.000 10.250 -0.680 9.460 10.250 -2.520 9.460 10.250
3 16 -16.000 8.000 10.250 -4.160 9.460 10.250 -5.960 9.460 10.250
3 16 -5.960 9.460 10.250 -4.160 9.460 10.250 -5.120 13.050 10.250
3 16 -16.000 8.000 10.250 -5.960 9.460 10.250 -8.109 9.460 10.250
3 16 -16.000 8.000 10.250 -2.520 9.460 10.250 -4.160 9.460 10.250
3 16 -16.000 8.000 10.250 -8.109 9.460 10.250 -8.240 9.460 10.250
3 16 -12.040 13.300 10.250 -12.040 12.500 10.250 -11.640 12.480 10.250
3 16 -11.640 12.480 10.250 -11.640 13.320 10.250 -12.040 13.300 10.250
3 16 -10.230 13.320 10.250 -11.640 13.320 10.250 -11.640 12.480 10.250
3 16 -11.640 12.480 10.250 -10.230 12.480 10.250 -10.230 13.320 10.250
3 16 -12.270 13.230 10.250 -12.420 12.900 10.250 -12.040 12.500 10.250
3 16 -12.040 12.500 10.250 -12.040 13.300 10.250 -12.270 13.230 10.250
3 16 -12.040 12.500 10.250 -12.420 12.900 10.250 -12.270 12.570 10.250
3 16 -13.700 14.440 10.250 -13.220 14.560 10.250 -16.000 16.000 10.250
3 16 -14.340 13.950 10.250 -14.080 14.230 10.250 -16.000 16.000 10.250
3 16 -14.080 14.230 10.250 -13.700 14.440 10.250 -16.000 16.000 10.250
3 16 -14.500 13.580 10.250 -14.340 13.950 10.250 -16.000 16.000 10.250
3 16 -13.220 14.560 10.250 -12.630 14.600 10.250 -16.000 16.000 10.250
3 16 -14.050 12.060 10.250 -14.330 12.330 10.250 -14.300 11.100 10.250
3 16 -14.300 11.100 10.250 -14.170 11.410 10.250 -14.050 12.060 10.250
3 16 -14.500 13.580 10.250 -16.000 16.000 10.250 -16.000 8.000 10.250
3 16 -16.000 8.000 10.250 -14.560 13.140 10.250 -14.500 13.580 10.250
3 16 -14.560 13.140 10.250 -16.000 8.000 10.250 -14.340 10.750 10.250
3 16 -14.340 10.750 10.250 -14.500 12.700 10.250 -14.560 13.140 10.250
3 16 -14.330 12.330 10.250 -14.500 12.700 10.250 -14.340 10.750 10.250
3 16 -14.340 10.750 10.250 -14.300 11.100 10.250 -14.330 12.330 10.250
3 16 -12.630 14.600 10.250 -8.240 14.600 10.250 -16.000 16.000 10.250
3 16 -10.230 11.390 10.250 -11.570 11.390 10.250 -11.930 11.370 10.250
3 16 -11.930 11.370 10.250 -11.570 10.670 10.250 -10.230 11.390 10.250
3 16 -12.130 11.310 10.250 -12.260 11.030 10.250 -11.940 10.690 10.250
3 16 -11.940 10.690 10.250 -11.930 11.370 10.250 -12.130 11.310 10.250
3 16 -11.570 10.670 10.250 -10.230 10.670 10.250 -10.230 11.390 10.250
3 16 -11.570 10.670 10.250 -11.930 11.370 10.250 -11.940 10.690 10.250
3 16 -11.940 10.690 10.250 -12.260 11.030 10.250 -12.140 10.750 10.250
3 16 -16.000 8.000 10.250 -8.240 9.460 10.250 -12.370 9.460 10.250
3 16 -13.950 11.670 10.250 -13.660 11.870 10.250 -14.050 12.060 10.250
3 16 -14.170 11.410 10.250 -13.950 11.670 10.250 -14.050 12.060 10.250
3 16 -16.000 8.000 10.250 -13.020 9.500 10.250 -13.530 9.600 10.250
3 16 -16.000 8.000 10.250 -13.900 9.760 10.250 -14.230 10.160 10.250
3 16 -16.000 8.000 10.250 -14.230 10.160 10.250 -14.340 10.750 10.250
3 16 -16.000 8.000 10.250 -13.530 9.600 10.250 -13.900 9.760 10.250
3 16 -16.000 8.000 10.250 -12.370 9.460 10.250 -13.020 9.500 10.250
3 0 12.730 14.100 10.250 15.040 14.600 10.250 12.910 14.600 10.250
3 0 12.820 9.460 10.250 15.040 14.600 10.250 12.730 14.100 10.250
3 0 12.730 14.100 10.250 12.260 12.830 10.250 12.820 9.460 10.250
3 0 12.730 14.100 10.250 10.540 14.100 10.250 10.990 12.830 10.250
3 0 10.990 12.830 10.250 12.260 12.830 10.250 12.730 14.100 10.250
3 0 12.820 9.460 10.250 12.260 12.830 10.250 11.600 11.020 10.250
3 0 10.540 14.100 10.250 10.370 14.600 10.250 8.220 14.600 10.250
3 0 10.540 14.100 10.250 8.220 14.600 10.250 10.290 9.460 10.250
3 0 10.290 9.460 10.250 10.990 12.830 10.250 10.540 14.100 10.250
3 0 10.290 9.460 10.250 11.600 11.020 10.250 10.990 12.830 10.250
3 0 10.290 9.460 10.250 12.820 9.460 10.250 11.600 11.020 10.250
3 0 5.990 14.600 10.250 5.990 11.590 10.250 7.860 9.460 10.250
3 0 7.860 9.460 10.250 7.860 14.600 10.250 5.990 14.600 10.250
3 0 7.860 9.460 10.250 5.990 11.590 10.250 3.530 12.420 10.250
3 0 3.530 12.420 10.250 5.510 9.460 10.250 7.860 9.460 10.250
3 0 3.830 14.600 10.250 1.600 14.600 10.250 1.600 9.460 10.250
3 0 1.600 9.460 10.250 3.530 12.420 10.250 3.830 14.600 10.250
3 0 1.600 9.460 10.250 3.530 9.460 10.250 3.530 12.420 10.250
3 0 5.990 11.590 10.250 3.830 14.600 10.250 3.530 12.420 10.250
3 0 -2.430 14.600 10.250 -1.570 13.050 10.250 1.460 9.460 10.250
3 0 1.460 9.460 10.250 -0.290 14.600 10.250 -2.430 14.600 10.250
3 0 -1.570 13.050 10.250 -3.310 11.280 10.250 -4.160 9.460 10.250
3 0 -4.160 9.460 10.250 -2.520 9.460 10.250 -1.570 13.050 10.250
3 0 -0.680 9.460 10.250 1.460 9.460 10.250 -1.570 13.050 10.250
3 0 -4.180 14.600 10.250 -6.340 14.600 10.250 -8.109 9.460 10.250
3 0 -8.109 9.460 10.250 -5.120 13.050 10.250 -4.180 14.600 10.250
3 0 -4.180 14.600 10.250 -5.120 13.050 10.250 -4.160 9.460 10.250
3 0 -4.160 9.460 10.250 -3.310 11.280 10.250 -4.180 14.600 10.250
3 0 -8.109 9.460 10.250 -5.960 9.460 10.250 -5.120 13.050 10.250
3 0 -3.310 11.280 10.250 -1.570 13.050 10.250 -2.430 14.600 10.250
3 0 -10.230 13.320 10.250 -10.230 12.480 10.250 -8.240 9.460 10.250
3 0 -8.240 9.460 10.250 -8.240 14.600 10.250 -10.230 13.320 10.250
3 0 -11.640 13.320 10.250 -10.230 13.320 10.250 -8.240 14.600 10.250
3 0 -8.240 14.600 10.250 -12.630 14.600 10.250 -11.640 13.320 10.250
3 0 -10.230 11.390 10.250 -10.230 12.480 10.250 -11.640 12.480 10.250
3 0 -11.640 12.480 10.250 -11.570 11.390 10.250 -10.230 11.390 10.250
3 0 -12.040 13.300 10.250 -11.640 13.320 10.250 -12.630 14.600 10.250
3 0 -8.240 9.460 10.250 -10.230 12.480 10.250 -10.230 11.390 10.250
3 0 -12.040 13.300 10.250 -12.630 14.600 10.250 -13.220 14.560 10.250
3 0 -13.220 14.560 10.250 -12.270 13.230 10.250 -12.040 13.300 10.250
3 0 -12.040 12.500 10.250 -11.930 11.370 10.250 -11.570 11.390 10.250
3 0 -11.570 11.390 10.250 -11.640 12.480 10.250 -12.040 12.500 10.250
3 0 -13.660 11.870 10.250 -12.130 11.310 10.250 -12.040 12.500 10.250
3 0 -12.040 12.500 10.250 -12.270 12.570 10.250 -13.660 11.870 10.250
3 0 -8.240 9.460 10.250 -10.230 10.670 10.250 -11.570 10.670 10.250
3 0 -11.570 10.670 10.250 -12.370 9.460 10.250 -8.240 9.460 10.250
3 0 -8.240 9.460 10.250 -10.230 11.390 10.250 -10.230 10.670 10.250
3 0 -12.130 11.310 10.250 -13.660 11.870 10.250 -13.950 11.670 10.250
3 0 -13.950 11.670 10.250 -12.260 11.030 10.250 -12.130 11.310 10.250
3 0 -11.940 10.690 10.250 -12.140 10.750 10.250 -13.020 9.500 10.250
3 0 -13.020 9.500 10.250 -12.370 9.460 10.250 -11.940 10.690 10.250
3 0 -12.370 9.460 10.250 -11.570 10.670 10.250 -11.940 10.690 10.250
3 0 -12.140 10.750 10.250 -12.260 11.030 10.250 -14.340 10.750 10.250
3 0 -14.340 10.750 10.250 -13.530 9.600 10.250 -12.140 10.750 10.250
3 0 -12.130 11.310 10.250 -11.930 11.370 10.250 -12.040 12.500 10.250
3 0 -13.220 14.560 10.250 -13.700 14.440 10.250 -12.420 12.900 10.250
3 0 -12.420 12.900 10.250 -12.270 13.230 10.250 -13.220 14.560 10.250
3 0 -13.700 14.440 10.250 -14.080 14.230 10.250 -14.340 13.950 10.250
3 0 -14.340 13.950 10.250 -12.420 12.900 10.250 -13.700 14.440 10.250
3 0 -14.500 13.580 10.250 -14.560 13.140 10.250 -14.500 12.700 10.250
3 0 -14.500 12.700 10.250 -12.420 12.900 10.250 -14.500 13.580 10.250
3 0 -14.500 12.700 10.250 -14.330 12.330 10.250 -14.050 12.060 10.250
3 0 -14.050 12.060 10.250 -12.420 12.900 10.250 -14.500 12.700 10.250
3 0 -12.420 12.900 10.250 -14.340 13.950 10.250 -14.500 13.580 10.250
3 0 -13.020 9.500 10.250 -12.140 10.750 10.250 -13.530 9.600 10.250
3 0 -13.900 9.760 10.250 -13.530 9.600 10.250 -14.340 10.750 10.250
3 0 -14.340 10.750 10.250 -14.230 10.160 10.250 -13.900 9.760 10.250
3 0 -13.950 11.670 10.250 -14.170 11.410 10.250 -14.300 11.100 10.250
3 0 -14.300 11.100 10.250 -12.260 11.030 10.250 -13.950 11.670 10.250
3 0 -14.340 10.750 10.250 -12.260 11.030 10.250 -14.300 11.100 10.250
3 0 -14.050 12.060 10.250 -13.660 11.870 10.250 -12.270 12.570 10.250
3 0 -12.270 12.570 10.250 -12.420 12.900 10.250 -14.050 12.060 10.250
1 16 0.0000 12.0000 10.2500 -16.0000 0.0000 0.0000 0.0000 0.0000 -4.0000 0.0000 -0.2500 0.0000 box5-12.dat
