0 FILE 3005pb044.dat
0 Brick 1 x 1 with Glass Pattern (Milk Carton)
0 Name:  3005pb044.dat
0 Author:  
0 BL_Item_No 3005pb044
0 BFC CERTIFY CCW
3 16 5.500 4.000 -10.000 5.500 4.500 -10.000 6.000 4.500 -10.000
3 16 6.000 4.500 -10.000 6.000 4.000 -10.000 5.500 4.000 -10.000
3 16 6.000 4.500 -10.000 5.500 4.500 -10.000 5.500 5.000 -10.000
3 16 5.500 5.000 -10.000 6.000 5.000 -10.000 6.000 4.500 -10.000
3 16 5.500 5.000 -10.000 5.500 5.500 -10.000 6.000 5.500 -10.000
3 16 6.000 5.500 -10.000 6.000 5.000 -10.000 5.500 5.000 -10.000
3 16 5.500 6.000 -10.000 6.000 6.000 -10.000 6.000 5.500 -10.000
3 16 6.000 5.500 -10.000 5.500 5.500 -10.000 5.500 6.000 -10.000
3 16 6.000 6.000 -10.000 5.500 6.000 -10.000 5.500 6.500 -10.000
3 16 5.500 6.500 -10.000 6.000 6.500 -10.000 6.000 6.000 -10.000
3 16 6.000 6.500 -10.000 5.500 6.500 -10.000 5.500 7.000 -10.000
3 16 5.500 7.000 -10.000 6.000 7.000 -10.000 6.000 6.500 -10.000
3 16 5.500 7.000 -10.000 5.500 7.500 -10.000 6.000 7.500 -10.000
3 16 6.000 7.500 -10.000 6.000 7.000 -10.000 5.500 7.000 -10.000
3 16 6.000 7.500 -10.000 5.500 7.500 -10.000 5.500 8.000 -10.000
3 16 5.500 8.000 -10.000 6.000 8.000 -10.000 6.000 7.500 -10.000
3 16 6.500 5.000 -10.000 6.500 5.500 -10.000 7.000 5.500 -10.000
3 16 7.000 5.500 -10.000 7.000 5.000 -10.000 6.500 5.000 -10.000
3 16 6.500 5.500 -10.000 6.500 5.000 -10.000 6.000 5.000 -10.000
3 16 6.000 5.000 -10.000 6.000 5.500 -10.000 6.500 5.500 -10.000
3 16 5.500 5.500 -10.000 5.500 5.000 -10.000 5.000 5.000 -10.000
3 16 5.000 5.000 -10.000 5.000 5.500 -10.000 5.500 5.500 -10.000
3 16 5.000 5.500 -10.000 5.000 5.000 -10.000 4.500 5.000 -10.000
3 16 4.500 5.000 -10.000 4.500 5.500 -10.000 5.000 5.500 -10.000
3 16 7.000 7.000 -10.000 7.000 6.500 -10.000 6.500 6.500 -10.000
3 16 6.500 6.500 -10.000 6.500 7.000 -10.000 7.000 7.000 -10.000
3 16 6.500 6.500 -10.000 6.000 6.500 -10.000 6.000 7.000 -10.000
3 16 6.000 7.000 -10.000 6.500 7.000 -10.000 6.500 6.500 -10.000
3 16 5.500 6.500 -10.000 5.000 6.500 -10.000 5.000 7.000 -10.000
3 16 5.000 7.000 -10.000 5.500 7.000 -10.000 5.500 6.500 -10.000
3 16 5.000 6.500 -10.000 4.500 6.500 -10.000 4.500 7.000 -10.000
3 16 4.500 7.000 -10.000 5.000 7.000 -10.000 5.000 6.500 -10.000
3 16 7.000 8.500 -10.000 7.000 8.000 -10.000 6.500 8.000 -10.000
3 16 6.500 8.000 -10.000 6.500 8.500 -10.000 7.000 8.500 -10.000
3 16 6.500 8.500 -10.000 6.500 8.000 -10.000 6.000 8.000 -10.000
3 16 6.000 8.000 -10.000 6.000 8.500 -10.000 6.500 8.500 -10.000
3 16 6.000 8.500 -10.000 6.000 8.000 -10.000 5.500 8.000 -10.000
3 16 6.000 8.500 -10.000 5.500 8.000 -10.000 5.000 8.000 -10.000
3 16 5.000 8.000 -10.000 6.000 9.000 -10.000 6.000 8.500 -10.000
3 16 6.000 9.000 -10.000 5.000 8.000 -10.000 4.500 8.000 -10.000
3 16 4.500 8.000 -10.000 6.000 9.500 -10.000 6.000 9.000 -10.000
3 16 4.000 6.000 -10.000 4.500 6.000 -10.000 4.500 5.500 -10.000
3 16 4.500 5.500 -10.000 4.000 5.500 -10.000 4.000 6.000 -10.000
3 16 4.000 6.500 -10.000 4.500 6.500 -10.000 4.500 6.000 -10.000
3 16 4.500 6.000 -10.000 4.000 6.000 -10.000 4.000 6.500 -10.000
3 16 4.500 5.500 -10.000 4.500 5.000 -10.000 4.000 5.500 -10.000
3 16 4.000 5.500 -10.000 4.500 5.000 -10.000 4.500 4.500 -10.000
3 16 4.500 4.500 -10.000 3.500 5.500 -10.000 4.000 5.500 -10.000
3 16 4.500 4.500 -10.000 4.500 4.000 -10.000 3.000 5.500 -10.000
3 16 3.000 5.500 -10.000 3.500 5.500 -10.000 4.500 4.500 -10.000
3 16 4.000 6.500 -10.000 4.500 7.000 -10.000 4.500 6.500 -10.000
3 16 4.000 6.500 -10.000 3.500 6.500 -10.000 4.500 7.500 -10.000
3 16 4.500 7.500 -10.000 4.500 7.000 -10.000 4.000 6.500 -10.000
3 16 3.500 6.500 -10.000 3.000 6.500 -10.000 4.500 8.000 -10.000
3 16 4.500 8.000 -10.000 4.500 7.500 -10.000 3.500 6.500 -10.000
3 16 -5.500 10.000 -10.000 -5.160 10.380 -10.000 -4.180 10.710 -10.000
3 16 -4.180 10.710 -10.000 -5.160 9.620 -10.000 -5.500 10.000 -10.000
3 16 -5.160 9.620 -10.000 -4.180 10.710 -10.000 -2.720 10.920 -10.000
3 16 -2.720 10.920 -10.000 -4.180 9.290 -10.000 -5.160 9.620 -10.000
3 16 -4.180 9.290 -10.000 -2.720 10.920 -10.000 -1.000 11.000 -10.000
3 16 -1.000 11.000 -10.000 -2.720 9.080 -10.000 -4.180 9.290 -10.000
3 16 -2.720 9.080 -10.000 -1.000 11.000 -10.000 0.720 10.920 -10.000
3 16 0.720 10.920 -10.000 -1.000 9.000 -10.000 -2.720 9.080 -10.000
3 16 -1.000 9.000 -10.000 0.720 10.920 -10.000 2.180 10.710 -10.000
3 16 2.180 10.710 -10.000 0.720 9.080 -10.000 -1.000 9.000 -10.000
3 16 0.720 9.080 -10.000 2.180 10.710 -10.000 3.160 10.380 -10.000
3 16 3.160 10.380 -10.000 2.180 9.290 -10.000 0.720 9.080 -10.000
3 16 2.180 9.290 -10.000 3.160 10.380 -10.000 3.500 10.000 -10.000
3 16 3.500 10.000 -10.000 3.160 9.620 -10.000 2.180 9.290 -10.000
3 16 -4.500 14.250 -10.000 -4.500 13.750 -10.000 -5.280 10.930 -10.000
3 16 -4.710 11.200 -10.000 -5.280 10.930 -10.000 -4.500 13.750 -10.000
3 16 -4.500 13.750 -10.000 -4.230 13.370 -10.000 -4.710 11.200 -10.000
3 16 -4.230 13.370 -10.000 -3.470 13.040 -10.000 -3.010 11.570 -10.000
3 16 -3.010 11.570 -10.000 -4.710 11.200 -10.000 -4.230 13.370 -10.000
3 16 -3.470 13.040 -10.000 -2.340 12.830 -10.000 -1.000 11.700 -10.000
3 16 -1.000 11.700 -10.000 -3.010 11.570 -10.000 -3.470 13.040 -10.000
3 16 -1.000 12.750 -10.000 -1.000 11.700 -10.000 -2.340 12.830 -10.000
3 16 -1.000 11.700 -10.000 -1.000 12.750 -10.000 0.340 12.830 -10.000
3 16 1.470 13.040 -10.000 1.010 11.570 -10.000 -1.000 11.700 -10.000
3 16 -1.000 11.700 -10.000 0.340 12.830 -10.000 1.470 13.040 -10.000
3 16 2.230 13.370 -10.000 2.710 11.200 -10.000 1.010 11.570 -10.000
3 16 1.010 11.570 -10.000 1.470 13.040 -10.000 2.230 13.370 -10.000
3 16 2.500 13.750 -10.000 3.280 10.930 -10.000 2.710 11.200 -10.000
3 16 2.710 11.200 -10.000 2.230 13.370 -10.000 2.500 13.750 -10.000
3 16 3.280 10.930 -10.000 2.500 13.750 -10.000 2.500 14.250 -10.000
3 16 2.500 14.250 -10.000 2.500 13.750 -10.000 2.230 14.130 -10.000
3 16 2.230 14.130 -10.000 2.230 14.630 -10.000 2.500 14.250 -10.000
3 16 2.230 14.630 -10.000 2.230 14.130 -10.000 1.470 14.460 -10.000
3 16 1.470 14.460 -10.000 1.470 14.960 -10.000 2.230 14.630 -10.000
3 16 1.470 14.460 -10.000 0.340 14.670 -10.000 0.340 15.170 -10.000
3 16 0.340 15.170 -10.000 1.470 14.960 -10.000 1.470 14.460 -10.000
3 16 0.340 14.670 -10.000 -1.000 14.750 -10.000 -1.000 15.250 -10.000
3 16 -1.000 15.250 -10.000 0.340 15.170 -10.000 0.340 14.670 -10.000
3 16 -1.000 14.750 -10.000 -2.340 14.670 -10.000 -2.340 15.170 -10.000
3 16 -2.340 15.170 -10.000 -1.000 15.250 -10.000 -1.000 14.750 -10.000
3 16 -2.340 14.670 -10.000 -3.470 14.460 -10.000 -3.470 14.960 -10.000
3 16 -3.470 14.960 -10.000 -2.340 15.170 -10.000 -2.340 14.670 -10.000
3 16 -3.470 14.460 -10.000 -4.230 14.130 -10.000 -4.230 14.630 -10.000
3 16 -4.230 14.630 -10.000 -3.470 14.960 -10.000 -3.470 14.460 -10.000
3 16 -4.230 14.130 -10.000 -4.500 13.750 -10.000 -4.500 14.250 -10.000
3 16 -4.500 14.250 -10.000 -4.230 14.630 -10.000 -4.230 14.130 -10.000
3 16 2.500 14.250 -10.000 2.230 20.630 -10.000 2.500 19.500 -10.000
3 16 2.500 19.500 -10.000 3.280 10.930 -10.000 2.500 14.250 -10.000
3 16 2.230 20.630 -10.000 2.500 14.250 -10.000 1.470 20.210 -10.000
3 16 1.470 20.210 -10.000 1.470 20.960 -10.000 2.230 20.630 -10.000
3 16 1.470 20.960 -10.000 1.470 20.210 -10.000 0.340 20.420 -10.000
3 16 0.340 20.420 -10.000 0.340 21.170 -10.000 1.470 20.960 -10.000
3 16 0.340 21.170 -10.000 0.340 20.420 -10.000 -1.000 20.500 -10.000
3 16 -1.000 20.500 -10.000 -1.000 21.250 -10.000 0.340 21.170 -10.000
3 16 -1.000 21.250 -10.000 -1.000 20.500 -10.000 -2.340 20.420 -10.000
3 16 -2.340 20.420 -10.000 -2.340 21.170 -10.000 -1.000 21.250 -10.000
3 16 -2.340 21.170 -10.000 -2.340 20.420 -10.000 -3.470 20.210 -10.000
3 16 -3.470 20.210 -10.000 -3.470 20.960 -10.000 -2.340 21.170 -10.000
3 16 -3.470 20.960 -10.000 -3.470 20.210 -10.000 -4.500 14.250 -10.000
3 16 -4.500 14.250 -10.000 -4.230 20.630 -10.000 -3.470 20.960 -10.000
3 16 -4.230 20.630 -10.000 -4.500 14.250 -10.000 -5.280 10.930 -10.000
3 16 -5.280 10.930 -10.000 -4.500 19.500 -10.000 -4.230 20.630 -10.000
3 16 -5.300 18.250 -10.000 -6.250 10.000 -10.000 -7.500 4.000 -10.000
3 16 -7.500 4.000 -10.000 -7.500 18.250 -10.000 -5.300 18.250 -10.000
3 16 -6.250 10.000 -10.000 -5.850 9.350 -10.000 -6.500 3.000 -10.000
3 16 -6.500 3.000 -10.000 -7.500 4.000 -10.000 -6.250 10.000 -10.000
3 16 -6.500 3.000 -10.000 -5.850 9.350 -10.000 -4.710 8.800 -10.000
3 16 -4.710 8.800 -10.000 -3.010 8.430 -10.000 -6.500 3.000 -10.000
3 16 -3.010 8.430 -10.000 -1.000 8.300 -10.000 -6.500 3.000 -10.000
3 16 3.000 5.500 -10.000 -6.500 3.000 -10.000 -1.000 8.300 -10.000
3 16 -1.000 8.300 -10.000 3.000 6.000 -10.000 3.000 5.500 -10.000
3 16 3.000 6.000 -10.000 -1.000 8.300 -10.000 1.010 8.430 -10.000
3 16 1.010 8.430 -10.000 3.000 6.500 -10.000 3.000 6.000 -10.000
3 16 3.000 6.500 -10.000 1.010 8.430 -10.000 2.710 8.800 -10.000
3 16 2.710 8.800 -10.000 4.500 8.000 -10.000 3.000 6.500 -10.000
3 16 4.500 8.000 -10.000 2.710 8.800 -10.000 3.850 9.350 -10.000
3 16 3.850 9.350 -10.000 6.000 9.500 -10.000 4.500 8.000 -10.000
3 16 -6.500 3.000 -10.000 3.000 5.500 -10.000 4.500 4.000 -10.000
3 16 4.500 4.000 -10.000 5.000 4.000 -10.000 6.500 3.000 -10.000
3 16 6.500 3.000 -10.000 -6.500 3.000 -10.000 4.500 4.000 -10.000
3 16 6.500 3.000 -10.000 5.000 4.000 -10.000 5.500 4.000 -10.000
3 16 6.500 3.000 -10.000 5.500 4.000 -10.000 6.000 4.000 -10.000
3 16 6.000 4.000 -10.000 6.500 4.000 -10.000 6.500 3.000 -10.000
3 16 6.500 3.000 -10.000 6.500 4.000 -10.000 7.000 4.000 -10.000
3 16 6.500 3.000 -10.000 7.000 4.000 -10.000 7.500 4.000 -10.000
3 16 7.500 4.000 -10.000 7.000 4.000 -10.000 7.000 4.500 -10.000
3 16 7.500 4.000 -10.000 7.000 4.500 -10.000 7.000 5.000 -10.000
3 16 7.500 4.000 -10.000 7.000 5.000 -10.000 7.000 5.500 -10.000
3 16 7.500 4.000 -10.000 7.000 5.500 -10.000 7.000 6.000 -10.000
3 16 7.500 4.000 -10.000 7.000 6.000 -10.000 7.000 6.500 -10.000
3 16 7.500 4.000 -10.000 7.000 6.500 -10.000 7.000 7.000 -10.000
3 16 7.500 4.000 -10.000 7.000 7.000 -10.000 7.000 7.500 -10.000
3 16 7.500 4.000 -10.000 7.000 7.500 -10.000 7.000 8.000 -10.000
3 16 7.500 4.000 -10.000 7.000 8.000 -10.000 7.000 8.500 -10.000
3 16 7.500 4.000 -10.000 7.000 8.500 -10.000 7.000 9.000 -10.000
3 16 7.000 9.000 -10.000 7.000 9.500 -10.000 7.500 18.250 -10.000
3 16 7.500 18.250 -10.000 7.500 4.000 -10.000 7.000 9.000 -10.000
3 16 7.500 18.250 -10.000 7.000 9.500 -10.000 6.500 9.500 -10.000
3 16 6.500 9.500 -10.000 3.300 18.250 -10.000 7.500 18.250 -10.000
3 16 6.500 9.500 -10.000 6.000 9.500 -10.000 4.250 10.000 -10.000
3 16 4.250 10.000 -10.000 3.300 18.250 -10.000 6.500 9.500 -10.000
3 16 3.850 9.350 -10.000 4.250 10.000 -10.000 6.000 9.500 -10.000
3 16 -8.000 1.000 -10.000 8.000 1.000 -10.000 10.000 0.000 -10.000
3 16 10.000 0.000 -10.000 -10.000 0.000 -10.000 -8.000 1.000 -10.000
3 16 9.000 1.000 -10.000 10.000 0.000 -10.000 8.000 1.000 -10.000
3 16 9.000 1.000 -10.000 9.000 2.000 -10.000 10.000 0.000 -10.000
3 16 9.000 2.000 -10.000 9.000 22.000 -10.000 10.000 24.000 -10.000
3 16 10.000 24.000 -10.000 10.000 0.000 -10.000 9.000 2.000 -10.000
3 16 9.000 23.000 -10.000 10.000 24.000 -10.000 9.000 22.000 -10.000
3 16 10.000 24.000 -10.000 9.000 23.000 -10.000 8.000 23.000 -10.000
3 16 8.000 23.000 -10.000 -8.000 23.000 -10.000 -10.000 24.000 -10.000
3 16 -10.000 24.000 -10.000 10.000 24.000 -10.000 8.000 23.000 -10.000
3 16 -10.000 24.000 -10.000 -8.000 23.000 -10.000 -9.000 23.000 -10.000
3 16 -9.000 22.000 -10.000 -10.000 24.000 -10.000 -9.000 23.000 -10.000
3 16 -9.000 22.000 -10.000 -9.000 2.000 -10.000 -10.000 0.000 -10.000
3 16 -10.000 0.000 -10.000 -10.000 24.000 -10.000 -9.000 22.000 -10.000
3 16 -10.000 0.000 -10.000 -9.000 2.000 -10.000 -9.000 1.000 -10.000
3 16 -9.000 1.000 -10.000 -8.000 1.000 -10.000 -10.000 0.000 -10.000
3 15 -1.000 9.000 -10.000 0.720 9.080 -10.000 1.010 8.430 -10.000
3 15 1.010 8.430 -10.000 -1.000 8.300 -10.000 -1.000 9.000 -10.000
3 15 1.010 8.430 -10.000 0.720 9.080 -10.000 2.180 9.290 -10.000
3 15 2.180 9.290 -10.000 2.710 8.800 -10.000 1.010 8.430 -10.000
3 15 2.710 8.800 -10.000 2.180 9.290 -10.000 3.160 9.620 -10.000
3 15 3.160 9.620 -10.000 3.850 9.350 -10.000 2.710 8.800 -10.000
3 15 3.850 9.350 -10.000 3.160 9.620 -10.000 3.500 10.000 -10.000
3 15 3.500 10.000 -10.000 4.250 10.000 -10.000 3.850 9.350 -10.000
3 15 4.250 10.000 -10.000 3.500 10.000 -10.000 3.160 10.380 -10.000
3 15 3.160 10.380 -10.000 3.850 10.650 -10.000 4.250 10.000 -10.000
3 15 3.280 10.930 -10.000 3.160 10.380 -10.000 2.180 10.710 -10.000
3 15 2.180 10.710 -10.000 2.710 11.200 -10.000 3.280 10.930 -10.000
3 15 3.280 10.930 -10.000 3.850 10.650 -10.000 3.160 10.380 -10.000
3 15 2.710 11.200 -10.000 2.180 10.710 -10.000 0.720 10.920 -10.000
3 15 0.720 10.920 -10.000 1.010 11.570 -10.000 2.710 11.200 -10.000
3 15 1.010 11.570 -10.000 0.720 10.920 -10.000 -1.000 11.000 -10.000
3 15 -1.000 11.000 -10.000 -1.000 11.700 -10.000 1.010 11.570 -10.000
3 15 -1.000 11.700 -10.000 -1.000 11.000 -10.000 -2.720 10.920 -10.000
3 15 -2.720 10.920 -10.000 -3.010 11.570 -10.000 -1.000 11.700 -10.000
3 15 -3.010 11.570 -10.000 -2.720 10.920 -10.000 -4.180 10.710 -10.000
3 15 -4.180 10.710 -10.000 -4.710 11.200 -10.000 -3.010 11.570 -10.000
3 15 -5.280 10.930 -10.000 -4.710 11.200 -10.000 -4.180 10.710 -10.000
3 15 -5.160 10.380 -10.000 -5.850 10.650 -10.000 -5.280 10.930 -10.000
3 15 -5.280 10.930 -10.000 -4.180 10.710 -10.000 -5.160 10.380 -10.000
3 15 -5.160 10.380 -10.000 -5.500 10.000 -10.000 -6.250 10.000 -10.000
3 15 -6.250 10.000 -10.000 -5.850 10.650 -10.000 -5.160 10.380 -10.000
3 15 -6.250 10.000 -10.000 -5.500 10.000 -10.000 -5.160 9.620 -10.000
3 15 -5.160 9.620 -10.000 -5.850 9.350 -10.000 -6.250 10.000 -10.000
3 15 -5.850 9.350 -10.000 -5.160 9.620 -10.000 -4.180 9.290 -10.000
3 15 -4.180 9.290 -10.000 -4.710 8.800 -10.000 -5.850 9.350 -10.000
3 15 -4.710 8.800 -10.000 -4.180 9.290 -10.000 -2.720 9.080 -10.000
3 15 -2.720 9.080 -10.000 -3.010 8.430 -10.000 -4.710 8.800 -10.000
3 15 -3.010 8.430 -10.000 -2.720 9.080 -10.000 -1.000 9.000 -10.000
3 15 -1.000 9.000 -10.000 -1.000 8.300 -10.000 -3.010 8.430 -10.000
3 15 -4.500 13.750 -10.000 -4.230 14.130 -10.000 -3.470 14.460 -10.000
3 15 -3.470 14.460 -10.000 -4.230 13.370 -10.000 -4.500 13.750 -10.000
3 15 -4.230 13.370 -10.000 -3.470 14.460 -10.000 -2.340 14.670 -10.000
3 15 -2.340 14.670 -10.000 -3.470 13.040 -10.000 -4.230 13.370 -10.000
3 15 -3.470 13.040 -10.000 -2.340 14.670 -10.000 -1.000 14.750 -10.000
3 15 -1.000 14.750 -10.000 -2.340 12.830 -10.000 -3.470 13.040 -10.000
3 15 -2.340 12.830 -10.000 -1.000 14.750 -10.000 0.340 14.670 -10.000
3 15 0.340 14.670 -10.000 -1.000 12.750 -10.000 -2.340 12.830 -10.000
3 15 -1.000 12.750 -10.000 0.340 14.670 -10.000 1.470 14.460 -10.000
3 15 1.470 14.460 -10.000 0.340 12.830 -10.000 -1.000 12.750 -10.000
3 15 0.340 12.830 -10.000 1.470 14.460 -10.000 2.230 14.130 -10.000
3 15 2.230 14.130 -10.000 1.470 13.040 -10.000 0.340 12.830 -10.000
3 15 1.470 13.040 -10.000 2.230 14.130 -10.000 2.500 13.750 -10.000
3 15 2.500 13.750 -10.000 2.230 13.370 -10.000 1.470 13.040 -10.000
3 15 0.340 15.170 -10.000 -1.000 15.250 -10.000 -1.000 20.500 -10.000
3 15 -1.000 20.500 -10.000 0.340 20.420 -10.000 0.340 15.170 -10.000
3 15 0.340 20.420 -10.000 1.470 20.210 -10.000 1.470 14.960 -10.000
3 15 1.470 14.960 -10.000 0.340 15.170 -10.000 0.340 20.420 -10.000
3 15 1.470 14.960 -10.000 1.470 20.210 -10.000 2.230 14.630 -10.000
3 15 2.500 14.250 -10.000 2.230 14.630 -10.000 1.470 20.210 -10.000
3 15 -1.000 15.250 -10.000 -2.340 15.170 -10.000 -2.340 20.420 -10.000
3 15 -2.340 20.420 -10.000 -1.000 20.500 -10.000 -1.000 15.250 -10.000
3 15 -2.340 20.420 -10.000 -2.340 15.170 -10.000 -3.470 14.960 -10.000
3 15 -3.470 14.960 -10.000 -3.470 20.210 -10.000 -2.340 20.420 -10.000
3 15 -3.470 14.960 -10.000 -4.230 14.630 -10.000 -3.470 20.210 -10.000
3 15 -4.230 14.630 -10.000 -4.500 14.250 -10.000 -3.470 20.210 -10.000
3 15 -5.850 10.650 -10.000 -6.250 10.000 -10.000 -5.300 18.250 -10.000
3 15 4.250 10.000 -10.000 3.850 10.650 -10.000 3.300 18.250 -10.000
3 15 -5.300 18.250 -10.000 -4.500 19.500 -10.000 -5.280 10.930 -10.000
3 15 -5.280 10.930 -10.000 -5.850 10.650 -10.000 -5.300 18.250 -10.000
3 15 3.300 18.250 -10.000 3.850 10.650 -10.000 3.280 10.930 -10.000
3 15 3.280 10.930 -10.000 2.500 19.500 -10.000 3.300 18.250 -10.000
3 15 7.500 18.250 -10.000 3.300 18.250 -10.000 2.500 19.500 -10.000
3 15 2.500 19.500 -10.000 9.000 22.000 -10.000 7.500 18.250 -10.000
3 15 8.000 23.000 -10.000 9.000 22.000 -10.000 2.500 19.500 -10.000
3 15 2.500 19.500 -10.000 2.230 20.630 -10.000 8.000 23.000 -10.000
3 15 8.000 23.000 -10.000 2.230 20.630 -10.000 1.470 20.960 -10.000
3 15 1.470 20.960 -10.000 0.340 21.170 -10.000 8.000 23.000 -10.000
3 15 8.000 23.000 -10.000 0.340 21.170 -10.000 -1.000 21.250 -10.000
3 15 -1.000 21.250 -10.000 -8.000 23.000 -10.000 8.000 23.000 -10.000
3 15 -8.000 23.000 -10.000 -1.000 21.250 -10.000 -2.340 21.170 -10.000
3 15 -8.000 23.000 -10.000 -2.340 21.170 -10.000 -3.470 20.960 -10.000
3 15 -8.000 23.000 -10.000 -3.470 20.960 -10.000 -4.230 20.630 -10.000
3 15 -8.000 23.000 -10.000 -4.230 20.630 -10.000 -4.500 19.500 -10.000
3 15 -4.500 19.500 -10.000 -9.000 22.000 -10.000 -8.000 23.000 -10.000
3 15 -4.500 19.500 -10.000 -5.300 18.250 -10.000 -7.500 18.250 -10.000
3 15 -7.500 18.250 -10.000 -9.000 22.000 -10.000 -4.500 19.500 -10.000
3 15 -7.500 18.250 -10.000 -7.500 4.000 -10.000 -9.000 2.000 -10.000
3 15 -9.000 2.000 -10.000 -9.000 22.000 -10.000 -7.500 18.250 -10.000
3 15 -9.000 2.000 -10.000 -7.500 4.000 -10.000 -7.500 3.000 -10.000
3 15 -7.500 3.000 -10.000 -8.000 1.000 -10.000 -9.000 2.000 -10.000
3 15 -8.000 1.000 -10.000 -7.500 3.000 -10.000 -6.500 3.000 -10.000
3 15 -6.500 3.000 -10.000 6.500 3.000 -10.000 8.000 1.000 -10.000
3 15 8.000 1.000 -10.000 -8.000 1.000 -10.000 -6.500 3.000 -10.000
3 15 7.500 3.000 -10.000 9.000 2.000 -10.000 8.000 1.000 -10.000
3 15 8.000 1.000 -10.000 6.500 3.000 -10.000 7.500 3.000 -10.000
3 15 9.000 2.000 -10.000 7.500 3.000 -10.000 7.500 4.000 -10.000
3 15 7.500 18.250 -10.000 9.000 22.000 -10.000 9.000 2.000 -10.000
3 15 9.000 2.000 -10.000 7.500 4.000 -10.000 7.500 18.250 -10.000
1 16 0.0000 0.0000 0.0000 1.0000 0.0000 0.0000 0.0000 1.0000 0.0000 0.0000 0.0000 1.0000 s/3005s01.dat
1 15 -8.0000 2.0000 -10.0000 -1.0000 0.0000 0.0000 0.0000 0.0000 -1.0000 0.0000 1.0000 0.0000 1-4chrd.dat
1 15 8.0000 2.0000 -10.0000 1.0000 0.0000 0.0000 0.0000 0.0000 -1.0000 0.0000 1.0000 0.0000 1-4chrd.dat
1 15 -8.0000 22.0000 -10.0000 -1.0000 0.0000 0.0000 0.0000 0.0000 1.0000 0.0000 1.0000 0.0000 1-4chrd.dat
1 15 8.0000 22.0000 -10.0000 1.0000 0.0000 0.0000 0.0000 0.0000 1.0000 0.0000 1.0000 0.0000 1-4chrd.dat
1 16 -8.0000 2.0000 -10.0000 -1.0000 0.0000 0.0000 0.0000 0.0000 -1.0000 0.0000 1.0000 0.0000 1-4ndis.dat
1 16 8.0000 2.0000 -10.0000 1.0000 0.0000 0.0000 0.0000 0.0000 -1.0000 0.0000 1.0000 0.0000 1-4ndis.dat
1 16 -8.0000 22.0000 -10.0000 -1.0000 0.0000 0.0000 0.0000 0.0000 1.0000 0.0000 1.0000 0.0000 1-4ndis.dat
1 16 8.0000 22.0000 -10.0000 1.0000 0.0000 0.0000 0.0000 0.0000 1.0000 0.0000 1.0000 0.0000 1-4ndis.dat
1 15 5.0000 4.5000 -10.0000 0.5000 0.0000 0.0000 0.0000 0.0000 0.5000 0.0000 1.0000 0.0000 4-4disc.dat
1 15 6.5000 4.5000 -10.0000 0.5000 0.0000 0.0000 0.0000 0.0000 0.5000 0.0000 1.0000 0.0000 4-4disc.dat
1 15 3.5000 6.0000 -10.0000 0.5000 0.0000 0.0000 0.0000 0.0000 0.5000 0.0000 1.0000 0.0000 4-4disc.dat
1 15 5.0000 6.0000 -10.0000 0.5000 0.0000 0.0000 0.0000 0.0000 0.5000 0.0000 1.0000 0.0000 4-4disc.dat
1 15 6.5000 6.0000 -10.0000 0.5000 0.0000 0.0000 0.0000 0.0000 0.5000 0.0000 1.0000 0.0000 4-4disc.dat
1 15 5.0000 7.5000 -10.0000 0.5000 0.0000 0.0000 0.0000 0.0000 0.5000 0.0000 1.0000 0.0000 4-4disc.dat
1 15 6.5000 7.5000 -10.0000 0.5000 0.0000 0.0000 0.0000 0.0000 0.5000 0.0000 1.0000 0.0000 4-4disc.dat
1 15 6.5000 9.0000 -10.0000 0.5000 0.0000 0.0000 0.0000 0.0000 0.5000 0.0000 1.0000 0.0000 4-4disc.dat
1 16 5.0000 4.5000 -10.0000 0.5000 0.0000 0.0000 0.0000 0.0000 0.5000 0.0000 1.0000 0.0000 4-4ndis.dat
1 16 6.5000 4.5000 -10.0000 0.5000 0.0000 0.0000 0.0000 0.0000 0.5000 0.0000 1.0000 0.0000 4-4ndis.dat
1 16 3.5000 6.0000 -10.0000 0.5000 0.0000 0.0000 0.0000 0.0000 0.5000 0.0000 1.0000 0.0000 4-4ndis.dat
1 16 5.0000 6.0000 -10.0000 0.5000 0.0000 0.0000 0.0000 0.0000 0.5000 0.0000 1.0000 0.0000 4-4ndis.dat
1 16 6.5000 6.0000 -10.0000 0.5000 0.0000 0.0000 0.0000 0.0000 0.5000 0.0000 1.0000 0.0000 4-4ndis.dat
1 16 5.0000 7.5000 -10.0000 0.5000 0.0000 0.0000 0.0000 0.0000 0.5000 0.0000 1.0000 0.0000 4-4ndis.dat
1 16 6.5000 7.5000 -10.0000 0.5000 0.0000 0.0000 0.0000 0.0000 0.5000 0.0000 1.0000 0.0000 4-4ndis.dat
1 16 6.5000 9.0000 -10.0000 0.5000 0.0000 0.0000 0.0000 0.0000 0.5000 0.0000 1.0000 0.0000 4-4ndis.dat
1 16 -6.5000 4.0000 -10.0000 -1.0000 0.0000 0.0000 0.0000 0.0000 -1.0000 0.0000 1.0000 0.0000 1-4chrd.dat
1 16 6.5000 4.0000 -10.0000 1.0000 0.0000 0.0000 0.0000 0.0000 -1.0000 0.0000 1.0000 0.0000 1-4chrd.dat
1 15 -6.5000 4.0000 -10.0000 -1.0000 0.0000 0.0000 0.0000 0.0000 -1.0000 0.0000 1.0000 0.0000 1-4ndis.dat
1 15 6.5000 4.0000 -10.0000 1.0000 0.0000 0.0000 0.0000 0.0000 -1.0000 0.0000 1.0000 0.0000 1-4ndis.dat
