0 FILE 3007pb03R.dat
0 Brick 2 x 8 with 'RALLY VAN' Pattern Model Right Side (Sticker) - Set 5550
0 Name:  3007pb03R.dat
0 Author:  
0 BL_Item_No 3007pb03R
0 BFC CERTIFY CCW
1 16 0.0000 0.0000 0.0000 1.0000 0.0000 0.0000 0.0000 1.0000 0.0000 0.0000 0.0000 1.0000 3007.dat
3 16 -72.300 19.700 -20.250 -75.500 19.700 -20.250 -79.000 23.000 -20.250
3 16 -66.450 19.290 -20.250 -72.300 19.700 -20.250 -79.000 23.000 -20.250
3 16 -79.000 23.000 -20.250 -66.290 19.700 -20.250 -66.450 19.290 -20.250
3 16 -79.000 23.000 -20.250 -75.500 19.700 -20.250 -72.810 4.350 -20.250
3 16 -72.810 4.350 -20.250 -79.000 1.000 -20.250 -79.000 23.000 -20.250
3 16 -66.500 18.680 -20.250 -72.300 19.700 -20.250 -66.450 19.290 -20.250
3 16 -66.490 18.160 -20.250 -72.300 19.700 -20.250 -66.500 18.680 -20.250
3 16 -66.490 18.160 -20.250 -66.480 17.670 -20.250 -68.800 13.810 -20.250
3 16 -68.800 13.810 -20.250 -72.300 19.700 -20.250 -66.490 18.160 -20.250
3 16 -66.930 14.230 -20.250 -67.670 13.920 -20.250 -66.390 15.670 -20.250
3 16 -66.390 15.670 -20.250 -66.530 14.800 -20.250 -66.930 14.230 -20.250
3 16 -66.480 17.670 -20.250 -66.390 15.860 -20.250 -67.670 13.920 -20.250
3 16 -67.670 13.920 -20.250 -68.800 13.810 -20.250 -66.480 17.670 -20.250
3 16 -67.670 13.920 -20.250 -66.390 15.860 -20.250 -66.390 15.670 -20.250
3 16 -68.800 13.810 -20.250 -71.280 13.810 -20.250 -72.300 19.700 -20.250
3 16 -63.120 18.750 -20.250 -62.570 19.210 -20.250 -63.270 17.720 -20.250
3 16 -63.270 17.720 -20.250 -63.280 17.990 -20.250 -63.120 18.750 -20.250
3 16 -62.570 19.700 -20.250 -62.490 19.700 -20.250 -54.470 4.350 -20.250
3 16 -54.470 4.350 -20.250 -62.570 19.210 -20.250 -62.570 19.700 -20.250
3 16 -62.490 19.700 -20.250 -62.570 19.700 -20.250 -79.000 23.000 -20.250
3 16 -59.080 19.700 -20.250 -62.490 19.700 -20.250 -79.000 23.000 -20.250
3 16 -62.570 19.700 -20.250 -66.290 19.700 -20.250 -79.000 23.000 -20.250
3 16 -63.260 17.400 -20.250 -63.270 17.720 -20.250 -62.570 19.210 -20.250
3 16 -62.310 11.270 -20.250 -63.210 15.560 -20.250 -63.260 17.400 -20.250
3 16 -63.260 17.400 -20.250 -62.570 19.210 -20.250 -62.310 11.270 -20.250
3 16 -62.310 11.270 -20.250 -63.210 15.140 -20.250 -63.210 15.560 -20.250
3 16 -59.080 19.700 -20.250 -51.510 19.700 -20.250 -51.870 16.710 -20.250
3 16 -51.870 16.710 -20.250 -57.560 16.710 -20.250 -59.080 19.700 -20.250
3 16 -51.510 19.700 -20.250 -59.080 19.700 -20.250 -79.000 23.000 -20.250
3 16 -63.210 15.140 -20.250 -62.310 11.270 -20.250 -63.220 12.190 -20.250
3 16 -63.220 12.190 -20.250 -63.280 14.170 -20.250 -63.210 15.140 -20.250
3 16 -70.810 11.230 -20.250 -67.800 11.230 -20.250 -67.170 7.050 -20.250
3 16 -67.170 7.050 -20.250 -70.060 7.050 -20.250 -70.810 11.230 -20.250
3 16 -66.510 11.080 -20.250 -65.570 10.610 -20.250 -65.000 9.840 -20.250
3 16 -65.000 9.840 -20.250 -67.170 7.050 -20.250 -66.510 11.080 -20.250
3 16 -67.170 7.050 -20.250 -67.800 11.230 -20.250 -66.510 11.080 -20.250
3 16 -65.380 7.480 -20.250 -66.120 7.160 -20.250 -65.000 9.840 -20.250
3 16 -65.000 9.840 -20.250 -64.810 8.770 -20.250 -65.380 7.480 -20.250
3 16 -79.000 1.000 -20.250 -72.810 4.350 -20.250 -66.950 4.350 -20.250
3 16 -66.950 4.350 -20.250 -65.310 4.470 -20.250 -54.470 4.350 -20.250
3 16 -54.470 4.350 -20.250 -79.000 1.000 -20.250 -66.950 4.350 -20.250
3 16 -67.170 7.050 -20.250 -65.000 9.840 -20.250 -66.120 7.160 -20.250
3 16 -65.380 7.480 -20.250 -64.810 8.770 -20.250 -64.960 8.010 -20.250
3 16 -63.220 12.190 -20.250 -64.440 12.760 -20.250 -63.490 13.510 -20.250
3 16 -63.220 12.190 -20.250 -63.490 13.510 -20.250 -63.280 14.170 -20.250
3 16 -54.470 4.350 -20.250 -61.740 10.060 -20.250 -62.310 11.270 -20.250
3 16 -62.310 11.270 -20.250 -62.570 19.210 -20.250 -54.470 4.350 -20.250
3 16 -54.470 4.350 -20.250 -63.970 4.830 -20.250 -62.910 5.430 -20.250
3 16 -54.470 4.350 -20.250 -61.700 7.330 -20.250 -61.550 8.630 -20.250
3 16 -54.470 4.350 -20.250 -62.910 5.430 -20.250 -62.160 6.270 -20.250
3 16 -54.470 4.350 -20.250 -62.160 6.270 -20.250 -61.700 7.330 -20.250
3 16 -54.470 4.350 -20.250 -61.550 8.630 -20.250 -61.740 10.060 -20.250
3 16 -54.470 4.350 -20.250 -65.310 4.470 -20.250 -63.970 4.830 -20.250
3 16 -79.000 1.000 -20.250 -54.470 4.350 -20.250 -50.760 4.350 -20.250
3 16 -53.040 7.560 -20.250 -56.240 14.050 -20.250 -52.200 14.050 -20.250
3 16 -48.330 19.700 -20.250 -51.510 19.700 -20.250 -79.000 23.000 -20.250
3 16 -46.870 19.700 -20.250 -48.330 19.700 -20.250 -79.000 23.000 -20.250
3 16 -48.330 19.700 -20.250 -46.870 19.700 -20.250 -44.160 4.350 -20.250
3 16 -44.160 4.350 -20.250 -50.760 4.350 -20.250 -48.330 19.700 -20.250
3 16 -36.550 19.700 -20.250 -35.140 19.700 -20.250 -32.430 4.350 -20.250
3 16 -32.430 4.350 -20.250 -36.059 16.990 -20.250 -36.550 19.700 -20.250
3 16 -35.140 19.700 -20.250 -36.550 19.700 -20.250 -79.000 23.000 -20.250
3 16 -24.820 19.700 -20.250 -20.560 19.700 -20.250 -19.520 13.810 -20.250
3 16 -19.520 13.810 -20.250 -24.330 16.990 -20.250 -24.820 19.700 -20.250
3 16 -24.820 19.700 -20.250 -79.000 23.000 -20.250 39.000 23.000 -20.250
3 16 39.000 23.000 -20.250 -20.560 19.700 -20.250 -24.820 19.700 -20.250
3 16 -24.820 19.700 -20.250 -35.140 19.700 -20.250 -79.000 23.000 -20.250
3 16 -36.550 19.700 -20.250 -46.870 19.700 -20.250 -79.000 23.000 -20.250
3 16 -43.160 16.990 -20.250 -36.059 16.990 -20.250 -32.430 4.350 -20.250
3 16 -32.430 4.350 -20.250 -40.940 4.350 -20.250 -43.160 16.990 -20.250
3 16 -2.480 19.700 -20.250 -17.370 19.700 -20.250 39.000 23.000 -20.250
3 16 -17.370 19.700 -20.250 -2.480 19.700 -20.250 -5.140 4.350 -20.250
3 16 -5.140 4.350 -20.250 -16.410 13.900 -20.250 -17.370 19.700 -20.250
3 16 -31.430 16.990 -20.250 -24.330 16.990 -20.250 -23.310 4.350 -20.250
3 16 -23.310 4.350 -20.250 -29.210 4.350 -20.250 -31.430 16.990 -20.250
3 16 -17.370 19.700 -20.250 -20.560 19.700 -20.250 39.000 23.000 -20.250
3 16 0.600 19.700 -20.250 4.850 19.700 -20.250 12.880 4.350 -20.250
3 16 12.880 4.350 -20.250 7.710 4.350 -20.250 0.600 19.700 -20.250
3 16 4.850 19.700 -20.250 0.600 19.700 -20.250 39.000 23.000 -20.250
3 16 8.260 19.700 -20.250 4.850 19.700 -20.250 39.000 23.000 -20.250
3 16 19.010 19.700 -20.250 15.840 19.700 -20.250 39.000 23.000 -20.250
3 16 15.840 19.700 -20.250 8.260 19.700 -20.250 39.000 23.000 -20.250
3 16 19.010 19.700 -20.250 20.390 19.700 -20.250 23.200 4.350 -20.250
3 16 23.200 4.350 -20.250 16.590 4.350 -20.250 19.010 19.700 -20.250
3 16 20.390 19.700 -20.250 19.010 19.700 -20.250 39.000 23.000 -20.250
3 16 23.580 19.700 -20.250 20.390 19.700 -20.250 39.000 23.000 -20.250
3 16 0.600 19.700 -20.250 -2.480 19.700 -20.250 39.000 23.000 -20.250
3 16 8.260 19.700 -20.250 15.840 19.700 -20.250 15.470 16.710 -20.250
3 16 15.470 16.710 -20.250 9.780 16.710 -20.250 8.260 19.700 -20.250
3 16 29.590 19.700 -20.250 23.580 19.700 -20.250 39.000 23.000 -20.250
3 16 32.810 19.700 -20.250 29.590 19.700 -20.250 39.000 23.000 -20.250
3 16 25.440 9.050 -20.250 23.580 19.700 -20.250 29.590 19.700 -20.250
3 16 32.810 19.700 -20.250 39.000 23.000 -20.250 39.000 1.000 -20.250
3 16 39.000 1.000 -20.250 35.530 4.350 -20.250 32.810 19.700 -20.250
3 16 -79.000 1.000 -20.250 -44.160 4.350 -20.250 -40.940 4.350 -20.250
3 16 -23.310 4.350 -20.250 -24.330 16.990 -20.250 -19.520 13.810 -20.250
3 16 -79.000 1.000 -20.250 -40.940 4.350 -20.250 -32.430 4.350 -20.250
3 16 -79.000 1.000 -20.250 -29.210 4.350 -20.250 -23.310 4.350 -20.250
3 16 -23.310 4.350 -20.250 -19.900 4.350 -20.250 39.000 1.000 -20.250
3 16 39.000 1.000 -20.250 -79.000 1.000 -20.250 -23.310 4.350 -20.250
3 16 39.000 1.000 -20.250 -19.900 4.350 -20.250 -14.110 4.350 -20.250
3 16 -14.110 4.350 -20.250 -19.900 4.350 -20.250 -17.590 10.620 -20.250
3 16 39.000 1.000 -20.250 -10.710 4.350 -20.250 -5.140 4.350 -20.250
3 16 39.000 1.000 -20.250 -14.110 4.350 -20.250 -10.710 4.350 -20.250
3 16 -5.140 4.350 -20.250 -10.710 4.350 -20.250 -16.410 13.900 -20.250
3 16 -79.000 1.000 -20.250 -32.430 4.350 -20.250 -29.210 4.350 -20.250
3 16 39.000 1.000 -20.250 -1.960 4.350 -20.250 4.610 4.350 -20.250
3 16 4.610 4.350 -20.250 -1.960 4.350 -20.250 -0.320 15.540 -20.250
3 16 39.000 1.000 -20.250 4.610 4.350 -20.250 7.710 4.350 -20.250
3 16 14.300 7.560 -20.250 11.100 14.050 -20.250 15.140 14.050 -20.250
3 16 39.000 1.000 -20.250 12.880 4.350 -20.250 16.590 4.350 -20.250
3 16 39.000 1.000 -20.250 16.590 4.350 -20.250 23.200 4.350 -20.250
3 16 39.000 1.000 -20.250 26.440 4.350 -20.250 32.440 4.350 -20.250
3 16 39.000 1.000 -20.250 32.440 4.350 -20.250 35.530 4.350 -20.250
3 16 32.440 4.350 -20.250 26.440 4.350 -20.250 30.570 14.940 -20.250
3 16 39.000 1.000 -20.250 23.200 4.350 -20.250 26.440 4.350 -20.250
3 16 39.000 1.000 -20.250 7.710 4.350 -20.250 12.880 4.350 -20.250
3 16 39.000 1.000 -20.250 -5.140 4.350 -20.250 -1.960 4.350 -20.250
3 16 -79.000 1.000 -20.250 -50.760 4.350 -20.250 -44.160 4.350 -20.250
3 0 -72.300 19.700 -20.250 -71.280 13.810 -20.250 -72.810 4.350 -20.250
3 0 -72.810 4.350 -20.250 -75.500 19.700 -20.250 -72.300 19.700 -20.250
3 0 -66.510 11.080 -20.250 -66.930 14.230 -20.250 -66.530 14.800 -20.250
3 0 -66.530 14.800 -20.250 -64.440 12.760 -20.250 -66.510 11.080 -20.250
3 0 -66.490 18.160 -20.250 -66.500 18.680 -20.250 -63.120 18.750 -20.250
3 0 -63.120 18.750 -20.250 -63.280 17.990 -20.250 -66.490 18.160 -20.250
3 0 -66.500 18.680 -20.250 -66.450 19.290 -20.250 -66.290 19.700 -20.250
3 0 -66.290 19.700 -20.250 -63.120 18.750 -20.250 -66.500 18.680 -20.250
3 0 -66.490 18.160 -20.250 -63.280 17.990 -20.250 -63.270 17.720 -20.250
3 0 -63.270 17.720 -20.250 -66.480 17.670 -20.250 -66.490 18.160 -20.250
3 0 -66.480 17.670 -20.250 -63.260 17.400 -20.250 -63.210 15.560 -20.250
3 0 -63.210 15.560 -20.250 -66.390 15.860 -20.250 -66.480 17.670 -20.250
3 0 -66.530 14.800 -20.250 -66.390 15.670 -20.250 -63.210 15.560 -20.250
3 0 -63.210 15.560 -20.250 -63.210 15.140 -20.250 -66.530 14.800 -20.250
3 0 -63.210 15.560 -20.250 -66.390 15.670 -20.250 -66.390 15.860 -20.250
3 0 -71.280 13.810 -20.250 -68.800 13.810 -20.250 -67.800 11.230 -20.250
3 0 -67.800 11.230 -20.250 -70.810 11.230 -20.250 -71.280 13.810 -20.250
3 0 -71.280 13.810 -20.250 -70.810 11.230 -20.250 -70.060 7.050 -20.250
3 0 -70.060 7.050 -20.250 -72.810 4.350 -20.250 -71.280 13.810 -20.250
3 0 -72.810 4.350 -20.250 -70.060 7.050 -20.250 -67.170 7.050 -20.250
3 0 -67.170 7.050 -20.250 -66.950 4.350 -20.250 -72.810 4.350 -20.250
3 0 -68.800 13.810 -20.250 -67.670 13.920 -20.250 -66.510 11.080 -20.250
3 0 -66.510 11.080 -20.250 -67.800 11.230 -20.250 -68.800 13.810 -20.250
3 0 -66.510 11.080 -20.250 -67.670 13.920 -20.250 -66.930 14.230 -20.250
3 0 -66.510 11.080 -20.250 -64.440 12.760 -20.250 -63.220 12.190 -20.250
3 0 -63.220 12.190 -20.250 -65.570 10.610 -20.250 -66.510 11.080 -20.250
3 0 -67.170 7.050 -20.250 -66.120 7.160 -20.250 -65.310 4.470 -20.250
3 0 -65.310 4.470 -20.250 -66.950 4.350 -20.250 -67.170 7.050 -20.250
3 0 -63.260 17.400 -20.250 -66.480 17.670 -20.250 -63.270 17.720 -20.250
3 0 -63.490 13.510 -20.250 -64.440 12.760 -20.250 -66.530 14.800 -20.250
3 0 -66.530 14.800 -20.250 -63.280 14.170 -20.250 -63.490 13.510 -20.250
3 0 -62.570 19.210 -20.250 -63.120 18.750 -20.250 -66.290 19.700 -20.250
3 0 -66.290 19.700 -20.250 -62.570 19.700 -20.250 -62.570 19.210 -20.250
3 0 -63.280 14.170 -20.250 -66.530 14.800 -20.250 -63.210 15.140 -20.250
3 0 -65.570 10.610 -20.250 -63.220 12.190 -20.250 -62.310 11.270 -20.250
3 0 -62.310 11.270 -20.250 -65.000 9.840 -20.250 -65.570 10.610 -20.250
3 0 -64.960 8.010 -20.250 -64.810 8.770 -20.250 -61.550 8.630 -20.250
3 0 -61.550 8.630 -20.250 -61.700 7.330 -20.250 -64.960 8.010 -20.250
3 0 -64.960 8.010 -20.250 -62.910 5.430 -20.250 -63.970 4.830 -20.250
3 0 -63.970 4.830 -20.250 -65.380 7.480 -20.250 -64.960 8.010 -20.250
3 0 -63.970 4.830 -20.250 -65.310 4.470 -20.250 -66.120 7.160 -20.250
3 0 -66.120 7.160 -20.250 -65.380 7.480 -20.250 -63.970 4.830 -20.250
3 0 -65.000 9.840 -20.250 -61.740 10.060 -20.250 -61.550 8.630 -20.250
3 0 -61.550 8.630 -20.250 -64.810 8.770 -20.250 -65.000 9.840 -20.250
3 0 -62.910 5.430 -20.250 -64.960 8.010 -20.250 -61.700 7.330 -20.250
3 0 -61.700 7.330 -20.250 -62.160 6.270 -20.250 -62.910 5.430 -20.250
3 0 -65.000 9.840 -20.250 -62.310 11.270 -20.250 -61.740 10.060 -20.250
3 0 -59.080 19.700 -20.250 -57.560 16.710 -20.250 -56.240 14.050 -20.250
3 0 -56.240 14.050 -20.250 -62.490 19.700 -20.250 -59.080 19.700 -20.250
3 0 -62.490 19.700 -20.250 -56.240 14.050 -20.250 -53.040 7.560 -20.250
3 0 -53.040 7.560 -20.250 -54.470 4.350 -20.250 -62.490 19.700 -20.250
3 0 -57.560 16.710 -20.250 -51.870 16.710 -20.250 -52.200 14.050 -20.250
3 0 -52.200 14.050 -20.250 -56.240 14.050 -20.250 -57.560 16.710 -20.250
3 0 -51.870 16.710 -20.250 -51.510 19.700 -20.250 -48.330 19.700 -20.250
3 0 -51.870 16.710 -20.250 -48.330 19.700 -20.250 -50.760 4.350 -20.250
3 0 -50.760 4.350 -20.250 -52.200 14.050 -20.250 -51.870 16.710 -20.250
3 0 -50.760 4.350 -20.250 -53.040 7.560 -20.250 -52.200 14.050 -20.250
3 0 -50.760 4.350 -20.250 -54.470 4.350 -20.250 -53.040 7.560 -20.250
3 0 -46.870 19.700 -20.250 -43.160 16.990 -20.250 -40.940 4.350 -20.250
3 0 -40.940 4.350 -20.250 -44.160 4.350 -20.250 -46.870 19.700 -20.250
3 0 -46.870 19.700 -20.250 -36.550 19.700 -20.250 -36.059 16.990 -20.250
3 0 -36.059 16.990 -20.250 -43.160 16.990 -20.250 -46.870 19.700 -20.250
3 0 -35.140 19.700 -20.250 -31.430 16.990 -20.250 -29.210 4.350 -20.250
3 0 -29.210 4.350 -20.250 -32.430 4.350 -20.250 -35.140 19.700 -20.250
3 0 -35.140 19.700 -20.250 -24.820 19.700 -20.250 -24.330 16.990 -20.250
3 0 -24.330 16.990 -20.250 -31.430 16.990 -20.250 -35.140 19.700 -20.250
3 0 -20.560 19.700 -20.250 -17.370 19.700 -20.250 -16.410 13.900 -20.250
3 0 -16.410 13.900 -20.250 -19.520 13.810 -20.250 -20.560 19.700 -20.250
3 0 -19.900 4.350 -20.250 -23.310 4.350 -20.250 -19.520 13.810 -20.250
3 0 -19.520 13.810 -20.250 -17.590 10.620 -20.250 -19.900 4.350 -20.250
3 0 -19.520 13.810 -20.250 -16.410 13.900 -20.250 -10.710 4.350 -20.250
3 0 -10.710 4.350 -20.250 -17.590 10.620 -20.250 -19.520 13.810 -20.250
3 0 -10.710 4.350 -20.250 -14.110 4.350 -20.250 -17.590 10.620 -20.250
3 0 -1.960 4.350 -20.250 -5.140 4.350 -20.250 -2.480 19.700 -20.250
3 0 -2.480 19.700 -20.250 -0.320 15.540 -20.250 -1.960 4.350 -20.250
3 0 7.710 4.350 -20.250 -0.320 15.540 -20.250 -2.480 19.700 -20.250
3 0 -2.480 19.700 -20.250 0.600 19.700 -20.250 7.710 4.350 -20.250
3 0 7.710 4.350 -20.250 4.610 4.350 -20.250 -0.320 15.540 -20.250
3 0 8.260 19.700 -20.250 9.780 16.710 -20.250 11.100 14.050 -20.250
3 0 11.100 14.050 -20.250 4.850 19.700 -20.250 8.260 19.700 -20.250
3 0 4.850 19.700 -20.250 11.100 14.050 -20.250 14.300 7.560 -20.250
3 0 14.300 7.560 -20.250 12.880 4.350 -20.250 4.850 19.700 -20.250
3 0 9.780 16.710 -20.250 15.470 16.710 -20.250 15.140 14.050 -20.250
3 0 15.140 14.050 -20.250 11.100 14.050 -20.250 9.780 16.710 -20.250
3 0 15.470 16.710 -20.250 15.840 19.700 -20.250 19.010 19.700 -20.250
3 0 15.470 16.710 -20.250 19.010 19.700 -20.250 16.590 4.350 -20.250
3 0 16.590 4.350 -20.250 15.140 14.050 -20.250 15.470 16.710 -20.250
3 0 16.590 4.350 -20.250 14.300 7.560 -20.250 15.140 14.050 -20.250
3 0 16.590 4.350 -20.250 12.880 4.350 -20.250 14.300 7.560 -20.250
3 0 23.580 19.700 -20.250 25.440 9.050 -20.250 23.200 4.350 -20.250
3 0 23.200 4.350 -20.250 20.390 19.700 -20.250 23.580 19.700 -20.250
3 0 23.200 4.350 -20.250 25.440 9.050 -20.250 30.570 14.940 -20.250
3 0 30.570 14.940 -20.250 26.440 4.350 -20.250 23.200 4.350 -20.250
3 0 29.590 19.700 -20.250 32.810 19.700 -20.250 35.530 4.350 -20.250
3 0 35.530 4.350 -20.250 30.570 14.940 -20.250 29.590 19.700 -20.250
3 0 35.530 4.350 -20.250 32.440 4.350 -20.250 30.570 14.940 -20.250
3 0 25.440 9.050 -20.250 29.590 19.700 -20.250 30.570 14.940 -20.250
1 16 -20.0000 12.0000 -20.2500 59.0000 0.0000 0.0000 0.0000 0.0000 -11.0000 0.0000 0.2500 0.0000 box5-12.dat
