0 FILE 3008pb099.dat
0 Brick 1 x 8 with White 'OIL COMPANY' Pattern (Sticker) - Set 373-1
0 Name:  3008pb099.dat
0 Author:  
0 BL_Item_No 3008pb099
0 BFC CERTIFY CCW
1 16 0.0000 0.0000 0.0000 1.0000 0.0000 0.0000 0.0000 1.0000 0.0000 0.0000 0.0000 1.0000 3008.dat
3 4 -64.496 12.000 -10.250 -79.500 1.000 -10.250 -79.500 23.000 -10.250
3 4 -79.500 23.000 -10.250 -64.062 15.090 -10.250 -64.496 12.000 -10.250
3 4 -58.000 19.500 -10.250 -79.500 23.000 -10.250 -45.100 23.000 -10.250
3 4 -45.100 23.000 -10.250 -49.428 19.500 -10.250 -58.000 19.500 -10.250
3 4 -58.000 4.500 -10.250 -49.428 4.500 -10.250 -45.300 1.000 -10.250
3 4 -45.300 1.000 -10.250 -79.500 1.000 -10.250 -58.000 4.500 -10.250
3 4 -54.276 12.000 -10.250 -54.528 9.900 -10.250 -61.486 9.900 -10.250
3 4 -61.486 9.900 -10.250 -61.724 12.000 -10.250 -54.276 12.000 -10.250
3 4 -61.486 9.900 -10.250 -54.528 9.900 -10.250 -58.000 7.035 -10.250
3 4 -79.500 23.000 -10.250 -61.808 18.360 -10.250 -62.760 17.475 -10.250
3 4 -49.428 4.500 -10.250 -58.000 4.500 -10.250 -55.354 5.010 -10.250
3 4 -49.428 4.500 -10.250 -55.354 5.010 -10.250 -54.248 5.640 -10.250
3 4 -49.428 4.500 -10.250 -53.282 6.525 -10.250 -51.952 8.895 -10.250
3 4 -49.428 4.500 -10.250 -54.248 5.640 -10.250 -53.282 6.525 -10.250
3 4 -49.428 4.500 -10.250 -51.952 8.895 -10.250 -51.504 12.000 -10.250
3 4 -79.500 1.000 -10.250 -61.808 5.640 -10.250 -60.702 5.010 -10.250
3 4 -49.428 19.500 -10.250 -54.248 18.360 -10.250 -55.354 18.990 -10.250
3 4 -49.428 19.500 -10.250 -51.952 15.090 -10.250 -53.282 17.475 -10.250
3 4 -51.504 12.000 -10.250 -51.952 15.090 -10.250 -49.428 19.500 -10.250
3 4 -49.428 19.500 -10.250 -49.428 4.500 -10.250 -51.504 12.000 -10.250
3 4 -49.428 19.500 -10.250 -55.354 18.990 -10.250 -58.000 19.500 -10.250
3 4 -79.500 23.000 -10.250 -60.702 18.990 -10.250 -61.808 18.360 -10.250
3 4 -49.428 19.500 -10.250 -53.282 17.475 -10.250 -54.248 18.360 -10.250
3 4 -79.500 1.000 -10.250 -60.702 5.010 -10.250 -58.000 4.500 -10.250
3 4 -60.744 8.325 -10.250 -61.486 9.900 -10.250 -58.000 7.035 -10.250
3 4 -58.000 7.035 -10.250 -59.582 7.365 -10.250 -60.744 8.325 -10.250
3 4 -58.000 16.935 -10.250 -61.486 14.070 -10.250 -60.744 15.630 -10.250
3 4 -60.744 15.630 -10.250 -59.582 16.605 -10.250 -58.000 16.935 -10.250
3 4 -79.500 23.000 -10.250 -58.000 19.500 -10.250 -60.702 18.990 -10.250
3 4 -79.500 1.000 -10.250 -64.496 12.000 -10.250 -64.062 8.895 -10.250
3 4 -16.938 9.570 -10.250 -15.496 12.000 -10.250 -15.062 8.895 -10.250
3 4 -15.062 8.895 -10.250 -17.428 7.425 -10.250 -16.938 9.570 -10.250
3 4 -13.760 6.525 -10.250 -18.576 5.820 -10.250 -17.428 7.425 -10.250
3 4 -17.428 7.425 -10.250 -15.062 8.895 -10.250 -13.760 6.525 -10.250
3 4 -1.900 1.000 -10.250 -1.000 4.500 -10.250 3.256 4.500 -10.250
3 4 8.744 4.500 -10.250 13.700 1.000 -10.250 -1.900 1.000 -10.250
3 4 -1.900 1.000 -10.250 3.256 4.500 -10.250 8.744 4.500 -10.250
3 4 13.700 1.000 -10.250 8.744 4.500 -10.250 13.000 4.500 -10.250
3 4 -1.000 19.500 -10.250 -1.800 23.000 -10.250 1.660 19.500 -10.250
3 4 1.660 19.500 -10.250 -1.800 23.000 -10.250 4.530 19.500 -10.250
3 4 -1.800 23.000 -10.250 13.800 23.000 -10.250 7.470 19.500 -10.250
3 4 7.470 19.500 -10.250 4.530 19.500 -10.250 -1.800 23.000 -10.250
3 4 7.470 19.500 -10.250 13.800 23.000 -10.250 10.340 19.500 -10.250
3 4 10.340 19.500 -10.250 13.800 23.000 -10.250 13.000 19.500 -10.250
3 4 37.400 1.000 -10.250 38.532 4.500 -10.250 41.556 4.500 -10.250
3 4 37.400 1.000 -10.250 41.556 4.500 -10.250 47.212 4.500 -10.250
3 4 47.212 4.500 -10.250 50.800 1.000 -10.250 37.400 1.000 -10.250
3 4 50.800 1.000 -10.250 47.212 4.500 -10.250 50.068 4.500 -10.250
3 4 38.532 19.500 -10.250 37.900 23.000 -10.250 41.374 19.500 -10.250
3 4 37.900 23.000 -10.250 50.800 23.000 -10.250 47.086 19.500 -10.250
3 4 47.086 19.500 -10.250 41.374 19.500 -10.250 37.900 23.000 -10.250
3 4 47.086 19.500 -10.250 50.800 23.000 -10.250 50.068 19.500 -10.250
3 4 50.068 19.500 -10.250 50.800 23.000 -10.250 56.796 19.500 -10.250
3 4 -58.000 7.035 -10.250 -54.528 9.900 -10.250 -55.284 8.325 -10.250
3 4 -55.284 8.325 -10.250 -56.460 7.365 -10.250 -58.000 7.035 -10.250
3 4 -79.500 1.000 -10.250 -64.062 8.895 -10.250 -62.760 6.525 -10.250
3 4 -55.284 15.630 -10.250 -54.528 14.070 -10.250 -58.000 16.935 -10.250
3 4 -58.000 16.935 -10.250 -56.460 16.605 -10.250 -55.284 15.630 -10.250
3 4 -79.500 23.000 -10.250 -62.760 17.475 -10.250 -64.062 15.090 -10.250
3 4 -61.486 14.070 -10.250 -58.000 16.935 -10.250 -54.528 14.070 -10.250
3 4 -79.500 1.000 -10.250 -62.760 6.525 -10.250 -61.808 5.640 -10.250
3 4 -54.528 14.070 -10.250 -54.276 12.000 -10.250 -61.724 12.000 -10.250
3 4 -61.724 12.000 -10.250 -61.486 14.070 -10.250 -54.528 14.070 -10.250
3 4 -40.988 16.725 -10.250 -34.142 16.725 -10.250 -31.700 1.000 -10.250
3 4 -31.700 1.000 -10.250 -40.988 4.500 -10.250 -40.988 16.725 -10.250
3 4 -19.654 9.570 -10.250 -21.460 7.260 -10.250 -22.594 7.095 -10.250
3 4 -31.700 1.000 -10.250 -34.142 16.725 -10.250 -34.142 19.500 -10.250
3 4 -34.142 19.500 -10.250 -29.062 11.985 -10.250 -31.700 1.000 -10.250
3 4 -2.504 12.000 -10.250 -1.000 19.500 -10.250 -1.000 4.500 -10.250
3 4 -1.900 1.000 -10.250 -16.200 1.000 -10.250 -9.000 4.500 -10.250
3 4 -9.000 4.500 -10.250 -6.354 5.010 -10.250 -1.900 1.000 -10.250
3 4 -9.000 19.500 -10.250 -16.300 23.000 -10.250 -1.800 23.000 -10.250
3 4 -1.800 23.000 -10.250 -6.354 18.990 -10.250 -9.000 19.500 -10.250
3 4 -12.724 12.000 -10.250 -5.276 12.000 -10.250 -5.528 9.900 -10.250
3 4 -5.528 9.900 -10.250 -12.486 9.900 -10.250 -12.724 12.000 -10.250
3 4 -12.486 9.900 -10.250 -5.528 9.900 -10.250 -9.000 7.035 -10.250
3 4 -29.062 11.985 -10.250 -34.142 19.500 -10.250 -31.400 23.000 -10.250
3 4 -31.400 23.000 -10.250 -28.656 15.150 -10.250 -29.062 11.985 -10.250
3 4 -16.938 14.205 -10.250 -15.062 15.090 -10.250 -15.496 12.000 -10.250
3 4 -15.496 12.000 -10.250 -16.938 9.570 -10.250 -16.938 14.205 -10.250
3 4 -17.442 16.380 -10.250 -13.760 17.475 -10.250 -15.062 15.090 -10.250
3 4 -15.062 15.090 -10.250 -16.938 14.205 -10.250 -17.442 16.380 -10.250
3 4 -18.674 18.060 -10.250 -16.300 23.000 -10.250 -13.760 17.475 -10.250
3 4 -13.760 17.475 -10.250 -17.442 16.380 -10.250 -18.674 18.060 -10.250
3 4 -31.700 1.000 -10.250 -28.124 7.500 -10.250 -27.396 6.435 -10.250
3 4 -26.038 9.885 -10.250 -26.262 11.985 -10.250 -19.654 9.570 -10.250
3 4 -19.654 9.570 -10.250 -25.324 8.355 -10.250 -26.038 9.885 -10.250
3 4 -21.460 7.260 -10.250 -19.654 9.570 -10.250 -19.976 8.505 -10.250
3 4 -19.976 8.505 -10.250 -20.578 7.725 -10.250 -21.460 7.260 -10.250
3 4 -31.400 23.000 -10.250 -26.514 18.390 -10.250 -27.424 17.520 -10.250
3 4 -26.038 14.040 -10.250 -25.338 15.570 -10.250 -19.626 14.205 -10.250
3 4 -26.262 11.985 -10.250 -26.038 14.040 -10.250 -19.626 14.205 -10.250
3 4 -19.626 14.205 -10.250 -19.654 9.570 -10.250 -26.262 11.985 -10.250
3 4 -31.700 1.000 -10.250 -27.396 6.435 -10.250 -26.458 5.580 -10.250
3 4 -22.692 16.830 -10.250 -21.558 16.665 -10.250 -19.626 14.205 -10.250
3 4 -19.626 14.205 -10.250 -25.338 15.570 -10.250 -22.692 16.830 -10.250
3 4 -20.004 15.330 -10.250 -19.626 14.205 -10.250 -21.558 16.665 -10.250
3 4 -21.558 16.665 -10.250 -20.648 16.155 -10.250 -20.004 15.330 -10.250
3 4 -31.400 23.000 -10.250 -25.450 19.005 -10.250 -26.514 18.390 -10.250
3 4 -22.594 4.500 -10.250 -20.326 4.830 -10.250 -16.200 1.000 -10.250
3 4 -16.200 1.000 -10.250 -31.700 1.000 -10.250 -22.594 4.500 -10.250
3 4 -31.700 1.000 -10.250 -26.458 5.580 -10.250 -25.352 4.980 -10.250
3 4 -16.200 1.000 -10.250 -20.326 4.830 -10.250 -18.576 5.820 -10.250
3 4 -18.576 5.820 -10.250 -13.760 6.525 -10.250 -16.200 1.000 -10.250
3 4 -16.938 9.570 -10.250 -19.654 9.570 -10.250 -19.626 14.205 -10.250
3 4 -19.626 14.205 -10.250 -16.938 14.205 -10.250 -16.938 9.570 -10.250
3 4 -16.300 23.000 -10.250 -18.674 18.060 -10.250 -20.508 19.140 -10.250
3 4 -16.300 23.000 -10.250 -20.508 19.140 -10.250 -22.832 19.500 -10.250
3 4 -22.832 19.500 -10.250 -31.400 23.000 -10.250 -16.300 23.000 -10.250
3 4 -31.400 23.000 -10.250 -22.832 19.500 -10.250 -25.450 19.005 -10.250
3 4 -25.338 15.570 -10.250 -24.218 16.515 -10.250 -22.692 16.830 -10.250
3 4 -31.700 1.000 -10.250 -25.352 4.980 -10.250 -22.594 4.500 -10.250
3 4 -22.594 7.095 -10.250 -24.176 7.410 -10.250 -25.324 8.355 -10.250
3 4 -25.324 8.355 -10.250 -19.654 9.570 -10.250 -22.594 7.095 -10.250
3 4 -31.700 1.000 -10.250 -29.062 11.985 -10.250 -28.642 8.790 -10.250
3 4 -31.700 1.000 -10.250 -28.642 8.790 -10.250 -28.124 7.500 -10.250
3 4 -31.400 23.000 -10.250 -27.424 17.520 -10.250 -28.656 15.150 -10.250
3 4 -16.300 23.000 -10.250 -12.808 18.360 -10.250 -13.760 17.475 -10.250
3 4 -1.900 1.000 -10.250 -6.354 5.010 -10.250 -5.248 5.640 -10.250
3 4 -1.900 1.000 -10.250 -4.282 6.525 -10.250 -2.952 8.895 -10.250
3 4 -1.900 1.000 -10.250 -5.248 5.640 -10.250 -4.282 6.525 -10.250
3 4 -1.900 1.000 -10.250 -2.952 8.895 -10.250 -2.504 12.000 -10.250
3 4 -2.504 12.000 -10.250 -1.000 4.500 -10.250 -1.900 1.000 -10.250
3 4 -16.200 1.000 -10.250 -12.808 5.640 -10.250 -11.702 5.010 -10.250
3 4 -1.800 23.000 -10.250 -5.248 18.360 -10.250 -6.354 18.990 -10.250
3 4 -1.800 23.000 -10.250 -2.952 15.090 -10.250 -4.282 17.475 -10.250
3 4 -2.504 12.000 -10.250 -2.952 15.090 -10.250 -1.800 23.000 -10.250
3 4 -1.800 23.000 -10.250 -1.000 19.500 -10.250 -2.504 12.000 -10.250
3 4 -16.300 23.000 -10.250 -11.702 18.990 -10.250 -12.808 18.360 -10.250
3 4 -1.800 23.000 -10.250 -4.282 17.475 -10.250 -5.248 18.360 -10.250
3 4 -16.200 1.000 -10.250 -11.702 5.010 -10.250 -9.000 4.500 -10.250
3 4 -11.744 8.325 -10.250 -12.486 9.900 -10.250 -9.000 7.035 -10.250
3 4 -9.000 7.035 -10.250 -10.582 7.365 -10.250 -11.744 8.325 -10.250
3 4 -9.000 16.935 -10.250 -12.486 14.070 -10.250 -11.744 15.630 -10.250
3 4 -11.744 15.630 -10.250 -10.582 16.605 -10.250 -9.000 16.935 -10.250
3 4 -16.300 23.000 -10.250 -9.000 19.500 -10.250 -11.702 18.990 -10.250
3 4 -9.000 7.035 -10.250 -5.528 9.900 -10.250 -6.284 8.325 -10.250
3 4 -6.284 8.325 -10.250 -7.460 7.365 -10.250 -9.000 7.035 -10.250
3 4 -6.284 15.630 -10.250 -5.528 14.070 -10.250 -9.000 16.935 -10.250
3 4 -9.000 16.935 -10.250 -7.460 16.605 -10.250 -6.284 15.630 -10.250
3 4 -12.486 14.070 -10.250 -9.000 16.935 -10.250 -5.528 14.070 -10.250
3 4 -16.200 1.000 -10.250 -13.760 6.525 -10.250 -12.808 5.640 -10.250
3 4 -5.528 14.070 -10.250 -5.276 12.000 -10.250 -12.724 12.000 -10.250
3 4 -12.724 12.000 -10.250 -12.486 14.070 -10.250 -5.528 14.070 -10.250
3 4 3.256 4.500 -10.250 6.000 15.915 -10.250 8.744 4.500 -10.250
3 4 10.340 19.500 -10.250 10.340 7.395 -10.250 7.470 19.500 -10.250
3 4 4.530 19.500 -10.250 1.660 7.395 -10.250 1.660 19.500 -10.250
3 4 17.550 11.445 -10.250 20.336 11.445 -10.250 20.490 7.110 -10.250
3 4 20.490 7.110 -10.250 17.550 7.110 -10.250 17.550 11.445 -10.250
3 4 22.366 8.325 -10.250 21.988 7.650 -10.250 21.358 7.245 -10.250
3 4 21.330 11.310 -10.250 21.988 10.920 -10.250 22.366 10.245 -10.250
3 4 21.330 11.310 -10.250 22.366 10.245 -10.250 22.492 9.255 -10.250
3 4 22.492 9.255 -10.250 20.336 11.445 -10.250 21.330 11.310 -10.250
3 4 20.490 7.110 -10.250 22.492 9.255 -10.250 22.366 8.325 -10.250
3 4 22.366 8.325 -10.250 21.358 7.245 -10.250 20.490 7.110 -10.250
3 4 20.336 11.445 -10.250 22.492 9.255 -10.250 20.490 7.110 -10.250
3 4 28.820 4.500 -10.250 24.228 5.730 -10.250 25.068 7.230 -10.250
3 4 20.882 4.500 -10.250 22.828 4.800 -10.250 28.820 4.500 -10.250
3 4 28.820 4.500 -10.250 25.000 1.000 -10.250 20.882 4.500 -10.250
3 4 28.820 4.500 -10.250 22.828 4.800 -10.250 24.228 5.730 -10.250
3 4 28.820 4.500 -10.250 25.068 7.230 -10.250 25.348 9.330 -10.250
3 4 28.820 4.500 -10.250 25.348 9.330 -10.250 25.082 11.370 -10.250
3 4 28.820 4.500 -10.250 25.082 11.370 -10.250 23.822 19.500 -10.250
3 4 23.822 19.500 -10.250 25.082 11.370 -10.250 24.242 12.900 -10.250
3 4 23.822 19.500 -10.250 24.242 12.900 -10.250 22.898 13.845 -10.250
3 4 23.822 19.500 -10.250 22.898 13.845 -10.250 21.064 14.145 -10.250
3 4 21.064 14.145 -10.250 17.522 14.145 -10.250 17.522 19.500 -10.250
3 4 17.522 19.500 -10.250 23.822 19.500 -10.250 21.064 14.145 -10.250
3 4 34.168 19.500 -10.250 33.202 16.395 -10.250 27.784 16.395 -10.250
3 4 27.784 16.395 -10.250 26.860 19.500 -10.250 34.168 19.500 -10.250
3 4 30.486 7.500 -10.250 28.540 13.890 -10.250 32.432 13.890 -10.250
3 4 37.178 19.500 -10.250 38.532 19.500 -10.250 38.532 4.500 -10.250
3 4 38.532 4.500 -10.250 32.124 4.500 -10.250 37.178 19.500 -10.250
3 4 47.086 19.500 -10.250 41.374 9.195 -10.250 41.374 19.500 -10.250
3 4 41.556 4.500 -10.250 47.212 14.805 -10.250 47.212 4.500 -10.250
3 4 55.242 4.500 -10.250 58.140 10.950 -10.250 61.010 4.500 -10.250
3 4 51.728 4.500 -10.250 56.796 19.500 -10.250 56.796 13.890 -10.250
3 4 59.666 19.500 -10.250 64.272 4.500 -10.250 59.666 13.890 -10.250
3 4 -45.300 1.000 -10.250 -49.428 4.500 -10.250 -46.572 4.500 -10.250
3 4 -45.300 1.000 -10.250 -46.572 4.500 -10.250 -43.858 4.500 -10.250
3 4 -31.700 1.000 -10.250 -45.300 1.000 -10.250 -43.858 4.500 -10.250
3 4 -43.858 4.500 -10.250 -40.988 4.500 -10.250 -31.700 1.000 -10.250
3 4 13.700 1.000 -10.250 13.000 4.500 -10.250 14.652 4.500 -10.250
3 4 13.700 1.000 -10.250 14.652 4.500 -10.250 20.882 4.500 -10.250
3 4 20.882 4.500 -10.250 25.000 1.000 -10.250 13.700 1.000 -10.250
3 4 37.400 1.000 -10.250 25.000 1.000 -10.250 28.820 4.500 -10.250
3 4 28.820 4.500 -10.250 32.124 4.500 -10.250 37.400 1.000 -10.250
3 4 37.400 1.000 -10.250 32.124 4.500 -10.250 38.532 4.500 -10.250
3 4 50.800 1.000 -10.250 50.068 4.500 -10.250 51.728 4.500 -10.250
3 4 50.800 1.000 -10.250 51.728 4.500 -10.250 55.242 4.500 -10.250
3 4 55.242 4.500 -10.250 61.010 4.500 -10.250 79.500 1.000 -10.250
3 4 79.500 1.000 -10.250 50.800 1.000 -10.250 55.242 4.500 -10.250
3 4 61.010 4.500 -10.250 64.272 4.500 -10.250 79.500 1.000 -10.250
3 4 79.500 1.000 -10.250 64.272 4.500 -10.250 59.666 19.500 -10.250
3 4 59.666 19.500 -10.250 79.500 23.000 -10.250 79.500 1.000 -10.250
3 4 79.500 23.000 -10.250 59.666 19.500 -10.250 56.796 19.500 -10.250
3 4 56.796 19.500 -10.250 50.800 23.000 -10.250 79.500 23.000 -10.250
3 4 37.900 23.000 -10.250 38.532 19.500 -10.250 37.178 19.500 -10.250
3 4 37.900 23.000 -10.250 37.178 19.500 -10.250 34.168 19.500 -10.250
3 4 37.900 23.000 -10.250 34.168 19.500 -10.250 26.860 19.500 -10.250
3 4 26.860 19.500 -10.250 20.500 23.000 -10.250 37.900 23.000 -10.250
3 4 20.500 23.000 -10.250 26.860 19.500 -10.250 23.822 19.500 -10.250
3 4 20.500 23.000 -10.250 23.822 19.500 -10.250 17.522 19.500 -10.250
3 4 14.652 19.500 -10.250 13.800 23.000 -10.250 20.500 23.000 -10.250
3 4 20.500 23.000 -10.250 17.522 19.500 -10.250 14.652 19.500 -10.250
3 4 13.800 23.000 -10.250 14.652 19.500 -10.250 13.000 19.500 -10.250
3 4 -31.400 23.000 -10.250 -34.142 19.500 -10.250 -43.858 19.500 -10.250
3 4 -43.858 19.500 -10.250 -45.100 23.000 -10.250 -31.400 23.000 -10.250
3 4 -45.100 23.000 -10.250 -43.858 19.500 -10.250 -46.572 19.500 -10.250
3 4 -45.100 23.000 -10.250 -46.572 19.500 -10.250 -49.428 19.500 -10.250
3 4 -46.572 4.500 -10.250 -46.572 19.500 -10.250 -43.858 19.500 -10.250
3 4 -43.858 19.500 -10.250 -43.858 4.500 -10.250 -46.572 4.500 -10.250
3 4 13.000 4.500 -10.250 13.000 19.500 -10.250 14.652 19.500 -10.250
3 4 14.652 19.500 -10.250 14.652 4.500 -10.250 13.000 4.500 -10.250
3 4 50.068 4.500 -10.250 50.068 19.500 -10.250 56.796 19.500 -10.250
3 4 56.796 19.500 -10.250 51.728 4.500 -10.250 50.068 4.500 -10.250
3 15 -54.248 5.640 -10.250 -55.354 5.010 -10.250 -56.460 7.365 -10.250
3 15 -56.460 7.365 -10.250 -55.284 8.325 -10.250 -54.248 5.640 -10.250
3 15 -54.248 18.360 -10.250 -55.284 15.630 -10.250 -56.460 16.605 -10.250
3 15 -56.460 16.605 -10.250 -55.354 18.990 -10.250 -54.248 18.360 -10.250
3 15 -53.282 6.525 -10.250 -54.248 5.640 -10.250 -55.284 8.325 -10.250
3 15 -55.284 8.325 -10.250 -51.952 8.895 -10.250 -53.282 6.525 -10.250
3 15 -64.496 12.000 -10.250 -61.724 12.000 -10.250 -61.486 9.900 -10.250
3 15 -61.486 9.900 -10.250 -64.062 8.895 -10.250 -64.496 12.000 -10.250
3 15 -55.284 15.630 -10.250 -54.248 18.360 -10.250 -53.282 17.475 -10.250
3 15 -53.282 17.475 -10.250 -51.952 15.090 -10.250 -55.284 15.630 -10.250
3 15 -61.486 14.070 -10.250 -61.724 12.000 -10.250 -64.496 12.000 -10.250
3 15 -64.496 12.000 -10.250 -64.062 15.090 -10.250 -61.486 14.070 -10.250
3 15 -64.062 8.895 -10.250 -61.486 9.900 -10.250 -60.744 8.325 -10.250
3 15 -60.744 8.325 -10.250 -62.760 6.525 -10.250 -64.062 8.895 -10.250
3 15 -64.062 15.090 -10.250 -62.760 17.475 -10.250 -60.744 15.630 -10.250
3 15 -60.744 15.630 -10.250 -61.486 14.070 -10.250 -64.062 15.090 -10.250
3 15 -60.744 15.630 -10.250 -62.760 17.475 -10.250 -61.808 18.360 -10.250
3 15 -61.808 18.360 -10.250 -59.582 16.605 -10.250 -60.744 15.630 -10.250
3 15 -54.528 14.070 -10.250 -51.504 12.000 -10.250 -54.276 12.000 -10.250
3 15 -54.528 9.900 -10.250 -51.504 12.000 -10.250 -51.952 8.895 -10.250
3 15 -51.952 8.895 -10.250 -55.284 8.325 -10.250 -54.528 9.900 -10.250
3 15 -51.952 15.090 -10.250 -51.504 12.000 -10.250 -54.528 14.070 -10.250
3 15 -54.528 14.070 -10.250 -55.284 15.630 -10.250 -51.952 15.090 -10.250
3 15 -54.276 12.000 -10.250 -51.504 12.000 -10.250 -54.528 9.900 -10.250
3 15 -60.702 5.010 -10.250 -61.808 5.640 -10.250 -59.582 7.365 -10.250
3 15 -59.582 7.365 -10.250 -58.000 4.500 -10.250 -60.702 5.010 -10.250
3 15 -60.744 8.325 -10.250 -59.582 7.365 -10.250 -61.808 5.640 -10.250
3 15 -61.808 5.640 -10.250 -62.760 6.525 -10.250 -60.744 8.325 -10.250
3 15 -58.000 7.035 -10.250 -58.000 4.500 -10.250 -59.582 7.365 -10.250
3 15 -59.582 16.605 -10.250 -58.000 19.500 -10.250 -58.000 16.935 -10.250
3 15 -60.702 18.990 -10.250 -58.000 19.500 -10.250 -59.582 16.605 -10.250
3 15 -59.582 16.605 -10.250 -61.808 18.360 -10.250 -60.702 18.990 -10.250
3 15 -56.460 7.365 -10.250 -55.354 5.010 -10.250 -58.000 4.500 -10.250
3 15 -58.000 4.500 -10.250 -58.000 7.035 -10.250 -56.460 7.365 -10.250
3 15 -58.000 19.500 -10.250 -55.354 18.990 -10.250 -56.460 16.605 -10.250
3 15 -56.460 16.605 -10.250 -58.000 16.935 -10.250 -58.000 19.500 -10.250
3 15 -46.572 19.500 -10.250 -46.572 4.500 -10.250 -49.428 4.500 -10.250
3 15 -49.428 4.500 -10.250 -49.428 19.500 -10.250 -46.572 19.500 -10.250
3 15 -43.858 4.500 -10.250 -43.858 19.500 -10.250 -40.988 16.725 -10.250
3 15 -40.988 16.725 -10.250 -40.988 4.500 -10.250 -43.858 4.500 -10.250
3 15 -40.988 16.725 -10.250 -43.858 19.500 -10.250 -34.142 19.500 -10.250
3 15 -34.142 19.500 -10.250 -34.142 16.725 -10.250 -40.988 16.725 -10.250
3 15 -20.508 19.140 -10.250 -18.674 18.060 -10.250 -20.648 16.155 -10.250
3 15 -20.648 16.155 -10.250 -21.558 16.665 -10.250 -20.508 19.140 -10.250
3 15 -29.062 11.985 -10.250 -28.656 15.150 -10.250 -26.038 14.040 -10.250
3 15 -26.038 14.040 -10.250 -26.262 11.985 -10.250 -29.062 11.985 -10.250
3 15 -20.578 7.725 -10.250 -18.576 5.820 -10.250 -20.326 4.830 -10.250
3 15 -20.326 4.830 -10.250 -21.460 7.260 -10.250 -20.578 7.725 -10.250
3 15 -18.576 5.820 -10.250 -20.578 7.725 -10.250 -19.976 8.505 -10.250
3 15 -19.976 8.505 -10.250 -17.428 7.425 -10.250 -18.576 5.820 -10.250
3 15 -29.062 11.985 -10.250 -26.262 11.985 -10.250 -26.038 9.885 -10.250
3 15 -26.038 9.885 -10.250 -28.642 8.790 -10.250 -29.062 11.985 -10.250
3 15 -19.626 14.205 -10.250 -20.004 15.330 -10.250 -17.442 16.380 -10.250
3 15 -17.442 16.380 -10.250 -16.938 14.205 -10.250 -19.626 14.205 -10.250
3 15 -18.674 18.060 -10.250 -17.442 16.380 -10.250 -20.004 15.330 -10.250
3 15 -20.004 15.330 -10.250 -20.648 16.155 -10.250 -18.674 18.060 -10.250
3 15 -19.654 9.570 -10.250 -16.938 9.570 -10.250 -17.428 7.425 -10.250
3 15 -17.428 7.425 -10.250 -19.976 8.505 -10.250 -19.654 9.570 -10.250
3 15 -25.338 15.570 -10.250 -27.424 17.520 -10.250 -26.514 18.390 -10.250
3 15 -26.514 18.390 -10.250 -24.218 16.515 -10.250 -25.338 15.570 -10.250
3 15 -25.338 15.570 -10.250 -26.038 14.040 -10.250 -28.656 15.150 -10.250
3 15 -28.656 15.150 -10.250 -27.424 17.520 -10.250 -25.338 15.570 -10.250
3 15 -26.038 9.885 -10.250 -25.324 8.355 -10.250 -28.124 7.500 -10.250
3 15 -28.124 7.500 -10.250 -28.642 8.790 -10.250 -26.038 9.885 -10.250
3 15 -25.324 8.355 -10.250 -26.458 5.580 -10.250 -27.396 6.435 -10.250
3 15 -27.396 6.435 -10.250 -28.124 7.500 -10.250 -25.324 8.355 -10.250
3 15 -24.176 7.410 -10.250 -25.352 4.980 -10.250 -26.458 5.580 -10.250
3 15 -26.458 5.580 -10.250 -25.324 8.355 -10.250 -24.176 7.410 -10.250
3 15 -25.450 19.005 -10.250 -22.832 19.500 -10.250 -24.218 16.515 -10.250
3 15 -24.218 16.515 -10.250 -26.514 18.390 -10.250 -25.450 19.005 -10.250
3 15 -22.832 19.500 -10.250 -22.692 16.830 -10.250 -24.218 16.515 -10.250
3 15 -24.176 7.410 -10.250 -22.594 7.095 -10.250 -22.594 4.500 -10.250
3 15 -22.594 4.500 -10.250 -25.352 4.980 -10.250 -24.176 7.410 -10.250
3 15 -22.594 4.500 -10.250 -22.594 7.095 -10.250 -21.460 7.260 -10.250
3 15 -21.460 7.260 -10.250 -20.326 4.830 -10.250 -22.594 4.500 -10.250
3 15 -22.832 19.500 -10.250 -20.508 19.140 -10.250 -21.558 16.665 -10.250
3 15 -21.558 16.665 -10.250 -22.692 16.830 -10.250 -22.832 19.500 -10.250
3 15 -5.248 5.640 -10.250 -6.354 5.010 -10.250 -7.460 7.365 -10.250
3 15 -7.460 7.365 -10.250 -6.284 8.325 -10.250 -5.248 5.640 -10.250
3 15 -5.248 18.360 -10.250 -6.284 15.630 -10.250 -7.460 16.605 -10.250
3 15 -7.460 16.605 -10.250 -6.354 18.990 -10.250 -5.248 18.360 -10.250
3 15 -4.282 6.525 -10.250 -5.248 5.640 -10.250 -6.284 8.325 -10.250
3 15 -6.284 8.325 -10.250 -2.952 8.895 -10.250 -4.282 6.525 -10.250
3 15 -15.496 12.000 -10.250 -12.724 12.000 -10.250 -12.486 9.900 -10.250
3 15 -12.486 9.900 -10.250 -15.062 8.895 -10.250 -15.496 12.000 -10.250
3 15 -6.284 15.630 -10.250 -5.248 18.360 -10.250 -4.282 17.475 -10.250
3 15 -4.282 17.475 -10.250 -2.952 15.090 -10.250 -6.284 15.630 -10.250
3 15 -12.486 14.070 -10.250 -12.724 12.000 -10.250 -15.496 12.000 -10.250
3 15 -15.496 12.000 -10.250 -15.062 15.090 -10.250 -12.486 14.070 -10.250
3 15 -15.062 8.895 -10.250 -12.486 9.900 -10.250 -11.744 8.325 -10.250
3 15 -11.744 8.325 -10.250 -13.760 6.525 -10.250 -15.062 8.895 -10.250
3 15 -15.062 15.090 -10.250 -13.760 17.475 -10.250 -11.744 15.630 -10.250
3 15 -11.744 15.630 -10.250 -12.486 14.070 -10.250 -15.062 15.090 -10.250
3 15 -11.744 15.630 -10.250 -13.760 17.475 -10.250 -12.808 18.360 -10.250
3 15 -12.808 18.360 -10.250 -10.582 16.605 -10.250 -11.744 15.630 -10.250
3 15 -5.528 14.070 -10.250 -2.504 12.000 -10.250 -5.276 12.000 -10.250
3 15 -5.528 9.900 -10.250 -2.504 12.000 -10.250 -2.952 8.895 -10.250
3 15 -2.952 8.895 -10.250 -6.284 8.325 -10.250 -5.528 9.900 -10.250
3 15 -2.952 15.090 -10.250 -2.504 12.000 -10.250 -5.528 14.070 -10.250
3 15 -5.528 14.070 -10.250 -6.284 15.630 -10.250 -2.952 15.090 -10.250
3 15 -5.276 12.000 -10.250 -2.504 12.000 -10.250 -5.528 9.900 -10.250
3 15 -11.702 5.010 -10.250 -12.808 5.640 -10.250 -10.582 7.365 -10.250
3 15 -10.582 7.365 -10.250 -9.000 4.500 -10.250 -11.702 5.010 -10.250
3 15 -11.744 8.325 -10.250 -10.582 7.365 -10.250 -12.808 5.640 -10.250
3 15 -12.808 5.640 -10.250 -13.760 6.525 -10.250 -11.744 8.325 -10.250
3 15 -9.000 7.035 -10.250 -9.000 4.500 -10.250 -10.582 7.365 -10.250
3 15 -10.582 16.605 -10.250 -9.000 19.500 -10.250 -9.000 16.935 -10.250
3 15 -11.702 18.990 -10.250 -9.000 19.500 -10.250 -10.582 16.605 -10.250
3 15 -10.582 16.605 -10.250 -12.808 18.360 -10.250 -11.702 18.990 -10.250
3 15 -7.460 7.365 -10.250 -6.354 5.010 -10.250 -9.000 4.500 -10.250
3 15 -9.000 4.500 -10.250 -9.000 7.035 -10.250 -7.460 7.365 -10.250
3 15 -9.000 19.500 -10.250 -6.354 18.990 -10.250 -7.460 16.605 -10.250
3 15 -7.460 16.605 -10.250 -9.000 16.935 -10.250 -9.000 19.500 -10.250
3 15 1.660 7.395 -10.250 -1.000 4.500 -10.250 -1.000 19.500 -10.250
3 15 -1.000 19.500 -10.250 1.660 19.500 -10.250 1.660 7.395 -10.250
3 15 10.340 7.395 -10.250 8.744 4.500 -10.250 6.000 15.915 -10.250
3 15 6.000 15.915 -10.250 7.470 19.500 -10.250 10.340 7.395 -10.250
3 15 -1.000 4.500 -10.250 1.660 7.395 -10.250 3.256 4.500 -10.250
3 15 8.744 4.500 -10.250 10.340 7.395 -10.250 13.000 4.500 -10.250
3 15 13.000 4.500 -10.250 10.340 7.395 -10.250 10.340 19.500 -10.250
3 15 10.340 19.500 -10.250 13.000 19.500 -10.250 13.000 4.500 -10.250
3 15 4.530 19.500 -10.250 6.000 15.915 -10.250 3.256 4.500 -10.250
3 15 3.256 4.500 -10.250 1.660 7.395 -10.250 4.530 19.500 -10.250
3 15 6.000 15.915 -10.250 4.530 19.500 -10.250 7.470 19.500 -10.250
3 15 14.652 4.500 -10.250 17.550 7.110 -10.250 20.490 7.110 -10.250
3 15 20.490 7.110 -10.250 20.882 4.500 -10.250 14.652 4.500 -10.250
3 15 17.522 14.145 -10.250 21.064 14.145 -10.250 20.336 11.445 -10.250
3 15 20.336 11.445 -10.250 17.550 11.445 -10.250 17.522 14.145 -10.250
3 15 20.336 11.445 -10.250 21.064 14.145 -10.250 21.330 11.310 -10.250
3 15 21.358 7.245 -10.250 22.828 4.800 -10.250 20.882 4.500 -10.250
3 15 20.882 4.500 -10.250 20.490 7.110 -10.250 21.358 7.245 -10.250
3 15 22.898 13.845 -10.250 21.988 10.920 -10.250 21.330 11.310 -10.250
3 15 21.330 11.310 -10.250 21.064 14.145 -10.250 22.898 13.845 -10.250
3 15 21.988 7.650 -10.250 24.228 5.730 -10.250 22.828 4.800 -10.250
3 15 22.828 4.800 -10.250 21.358 7.245 -10.250 21.988 7.650 -10.250
3 15 24.228 5.730 -10.250 21.988 7.650 -10.250 22.366 8.325 -10.250
3 15 22.366 8.325 -10.250 25.068 7.230 -10.250 24.228 5.730 -10.250
3 15 24.242 12.900 -10.250 22.366 10.245 -10.250 21.988 10.920 -10.250
3 15 21.988 10.920 -10.250 22.898 13.845 -10.250 24.242 12.900 -10.250
3 15 22.366 10.245 -10.250 24.242 12.900 -10.250 25.082 11.370 -10.250
3 15 25.082 11.370 -10.250 25.348 9.330 -10.250 22.366 10.245 -10.250
3 15 22.366 8.325 -10.250 22.492 9.255 -10.250 25.348 9.330 -10.250
3 15 25.348 9.330 -10.250 25.068 7.230 -10.250 22.366 8.325 -10.250
3 15 22.366 10.245 -10.250 25.348 9.330 -10.250 22.492 9.255 -10.250
3 15 17.522 14.145 -10.250 14.652 19.500 -10.250 17.522 19.500 -10.250
3 15 17.550 7.110 -10.250 14.652 4.500 -10.250 17.550 11.445 -10.250
3 15 17.550 11.445 -10.250 14.652 4.500 -10.250 14.652 19.500 -10.250
3 15 14.652 19.500 -10.250 17.522 14.145 -10.250 17.550 11.445 -10.250
3 15 28.540 13.890 -10.250 27.784 16.395 -10.250 33.202 16.395 -10.250
3 15 33.202 16.395 -10.250 32.432 13.890 -10.250 28.540 13.890 -10.250
3 15 37.178 19.500 -10.250 33.202 16.395 -10.250 34.168 19.500 -10.250
3 15 27.784 16.395 -10.250 23.822 19.500 -10.250 26.860 19.500 -10.250
3 15 28.540 13.890 -10.250 23.822 19.500 -10.250 27.784 16.395 -10.250
3 15 23.822 19.500 -10.250 28.540 13.890 -10.250 30.486 7.500 -10.250
3 15 30.486 7.500 -10.250 28.820 4.500 -10.250 23.822 19.500 -10.250
3 15 32.124 4.500 -10.250 28.820 4.500 -10.250 30.486 7.500 -10.250
3 15 32.124 4.500 -10.250 30.486 7.500 -10.250 32.432 13.890 -10.250
3 15 37.178 19.500 -10.250 32.124 4.500 -10.250 32.432 13.890 -10.250
3 15 32.432 13.890 -10.250 33.202 16.395 -10.250 37.178 19.500 -10.250
3 15 50.068 19.500 -10.250 50.068 4.500 -10.250 47.212 4.500 -10.250
3 15 47.212 4.500 -10.250 47.212 14.805 -10.250 50.068 19.500 -10.250
3 15 50.068 19.500 -10.250 47.212 14.805 -10.250 41.374 9.195 -10.250
3 15 41.374 9.195 -10.250 47.086 19.500 -10.250 50.068 19.500 -10.250
3 15 41.374 9.195 -10.250 38.532 4.500 -10.250 38.532 19.500 -10.250
3 15 38.532 19.500 -10.250 41.374 19.500 -10.250 41.374 9.195 -10.250
3 15 38.532 4.500 -10.250 41.374 9.195 -10.250 47.212 14.805 -10.250
3 15 47.212 14.805 -10.250 41.556 4.500 -10.250 38.532 4.500 -10.250
3 15 56.796 13.890 -10.250 59.666 13.890 -10.250 58.140 10.950 -10.250
3 15 56.796 13.890 -10.250 56.796 19.500 -10.250 59.666 19.500 -10.250
3 15 59.666 19.500 -10.250 59.666 13.890 -10.250 56.796 13.890 -10.250
3 15 56.796 13.890 -10.250 58.140 10.950 -10.250 55.242 4.500 -10.250
3 15 55.242 4.500 -10.250 51.728 4.500 -10.250 56.796 13.890 -10.250
3 15 59.666 13.890 -10.250 64.272 4.500 -10.250 61.010 4.500 -10.250
3 15 61.010 4.500 -10.250 58.140 10.950 -10.250 59.666 13.890 -10.250
1 16 0.0000 12.0000 -10.2500 79.5000 0.0000 0.0000 0.0000 0.0000 -11.0000 0.0000 0.2500 0.0000 box5-12.dat
