0 FILE 3009pb106.dat
0 Brick 1 x 6 with 'SNCF' Pattern (Sticker) - Set 164
0 Name:  3009pb106.dat
0 Author:  
0 BL_Item_No 3009pb106
0 BFC CERTIFY CCW
1 16 0.0000 0.0000 0.0000 1.0000 0.0000 0.0000 0.0000 1.0000 0.0000 0.0000 0.0000 1.0000 3009.dat
3 15 -39.200 6.330 -10.225 -39.490 6.015 -10.225 -41.100 6.600 -10.225
3 15 -41.100 6.600 -10.225 -40.300 7.320 -10.225 -39.200 6.330 -10.225
3 15 -39.490 6.015 -10.225 -40.400 5.286 -10.225 -42.000 5.880 -10.225
3 15 -42.000 5.880 -10.225 -41.100 6.600 -10.225 -39.490 6.015 -10.225
3 15 -40.400 5.286 -10.225 -41.400 4.674 -10.225 -43.000 5.250 -10.225
3 15 -43.000 5.250 -10.225 -42.000 5.880 -10.225 -40.400 5.286 -10.225
3 15 -41.400 4.674 -10.225 -42.480 4.188 -10.225 -44.000 4.890 -10.225
3 15 -44.000 4.890 -10.225 -43.000 5.250 -10.225 -41.400 4.674 -10.225
3 15 -42.480 4.188 -10.225 -43.620 3.828 -10.225 -45.000 4.710 -10.225
3 15 -45.000 4.710 -10.225 -44.000 4.890 -10.225 -42.480 4.188 -10.225
3 15 -43.620 3.828 -10.225 -44.800 3.612 -10.225 -46.000 4.710 -10.225
3 15 -46.000 4.710 -10.225 -45.000 4.710 -10.225 -43.620 3.828 -10.225
3 15 -44.800 3.612 -10.225 -46.000 3.540 -10.225 -47.000 4.890 -10.225
3 15 -47.000 4.890 -10.225 -46.000 4.710 -10.225 -44.800 3.612 -10.225
3 15 -46.000 3.540 -10.225 -47.200 3.612 -10.225 -48.000 5.160 -10.225
3 15 -48.000 5.160 -10.225 -47.000 4.890 -10.225 -46.000 3.540 -10.225
3 15 -47.200 3.612 -10.225 -48.380 3.828 -10.225 -49.000 5.790 -10.225
3 15 -49.000 5.790 -10.225 -48.000 5.160 -10.225 -47.200 3.612 -10.225
3 15 -48.380 3.828 -10.225 -49.520 4.188 -10.225 -50.600 4.674 -10.225
3 15 -50.600 4.674 -10.225 -49.000 5.790 -10.225 -48.380 3.828 -10.225
3 15 -49.000 5.790 -10.225 -50.600 4.674 -10.225 -51.600 5.286 -10.225
3 15 -51.600 5.286 -10.225 -50.000 6.600 -10.225 -49.000 5.790 -10.225
3 15 -50.000 6.600 -10.225 -51.600 5.286 -10.225 -52.510 6.015 -10.225
3 15 -52.510 6.015 -10.225 -50.700 7.500 -10.225 -50.000 6.600 -10.225
3 15 -50.700 7.500 -10.225 -52.510 6.015 -10.225 -53.300 6.852 -10.225
3 15 -53.300 6.852 -10.225 -51.200 8.400 -10.225 -50.700 7.500 -10.225
3 15 -51.200 8.400 -10.225 -53.300 6.852 -10.225 -53.970 7.770 -10.225
3 15 -53.970 7.770 -10.225 -51.600 9.300 -10.225 -51.200 8.400 -10.225
3 15 -51.600 9.300 -10.225 -53.970 7.770 -10.225 -54.500 8.760 -10.225
3 15 -54.500 8.760 -10.225 -51.800 10.200 -10.225 -51.600 9.300 -10.225
3 15 -51.800 10.200 -10.225 -54.500 8.760 -10.225 -54.890 9.813 -10.225
3 15 -54.890 9.813 -10.225 -51.900 11.100 -10.225 -51.800 10.200 -10.225
3 15 -54.890 9.813 -10.225 -55.120 10.893 -10.225 -55.200 12.000 -10.225
3 15 -55.200 12.000 -10.225 -51.900 11.100 -10.225 -54.890 9.813 -10.225
3 15 -51.900 11.100 -10.225 -55.200 12.000 -10.225 -55.120 13.107 -10.225
3 15 -55.120 13.107 -10.225 -51.900 12.900 -10.225 -51.900 11.100 -10.225
3 15 -38.900 17.310 -10.225 -40.300 16.500 -10.225 -41.100 17.400 -10.225
3 15 -41.100 17.400 -10.225 -39.490 17.985 -10.225 -38.900 17.310 -10.225
3 15 -39.490 17.985 -10.225 -41.100 17.400 -10.225 -42.000 18.120 -10.225
3 15 -42.000 18.120 -10.225 -40.400 18.714 -10.225 -39.490 17.985 -10.225
3 15 -40.400 18.714 -10.225 -42.000 18.120 -10.225 -43.000 18.660 -10.225
3 15 -43.000 18.660 -10.225 -41.400 19.326 -10.225 -40.400 18.714 -10.225
3 15 -41.400 19.326 -10.225 -43.000 18.660 -10.225 -44.000 19.110 -10.225
3 15 -44.000 19.110 -10.225 -42.480 19.812 -10.225 -41.400 19.326 -10.225
3 15 -42.480 19.812 -10.225 -44.000 19.110 -10.225 -45.000 19.290 -10.225
3 15 -45.000 19.290 -10.225 -43.620 20.172 -10.225 -42.480 19.812 -10.225
3 15 -43.620 20.172 -10.225 -45.000 19.290 -10.225 -46.000 19.290 -10.225
3 15 -46.000 19.290 -10.225 -44.800 20.388 -10.225 -43.620 20.172 -10.225
3 15 -44.800 20.388 -10.225 -46.000 19.290 -10.225 -47.000 19.110 -10.225
3 15 -47.000 19.110 -10.225 -46.000 20.460 -10.225 -44.800 20.388 -10.225
3 15 -46.000 20.460 -10.225 -47.000 19.110 -10.225 -48.000 18.750 -10.225
3 15 -48.000 18.750 -10.225 -47.200 20.388 -10.225 -46.000 20.460 -10.225
3 15 -47.200 20.388 -10.225 -48.000 18.750 -10.225 -49.000 18.210 -10.225
3 15 -49.000 18.210 -10.225 -48.380 20.172 -10.225 -47.200 20.388 -10.225
3 15 -48.380 20.172 -10.225 -49.000 18.210 -10.225 -50.600 19.326 -10.225
3 15 -50.600 19.326 -10.225 -49.520 19.812 -10.225 -48.380 20.172 -10.225
3 15 -49.000 18.210 -10.225 -50.000 17.400 -10.225 -51.600 18.714 -10.225
3 15 -51.600 18.714 -10.225 -50.600 19.326 -10.225 -49.000 18.210 -10.225
3 15 -50.000 17.400 -10.225 -50.700 16.500 -10.225 -52.510 17.985 -10.225
3 15 -52.510 17.985 -10.225 -51.600 18.714 -10.225 -50.000 17.400 -10.225
3 15 -50.700 16.500 -10.225 -51.200 15.600 -10.225 -53.300 17.148 -10.225
3 15 -53.300 17.148 -10.225 -52.510 17.985 -10.225 -50.700 16.500 -10.225
3 15 -51.200 15.600 -10.225 -51.600 14.700 -10.225 -53.970 16.230 -10.225
3 15 -53.970 16.230 -10.225 -53.300 17.148 -10.225 -51.200 15.600 -10.225
3 15 -51.600 14.700 -10.225 -51.800 13.800 -10.225 -54.500 15.240 -10.225
3 15 -54.500 15.240 -10.225 -53.970 16.230 -10.225 -51.600 14.700 -10.225
3 15 -51.800 13.800 -10.225 -51.900 12.900 -10.225 -54.890 14.187 -10.225
3 15 -54.890 14.187 -10.225 -54.500 15.240 -10.225 -51.800 13.800 -10.225
3 15 -51.900 12.900 -10.225 -55.120 13.107 -10.225 -54.890 14.187 -10.225
3 15 -49.100 6.510 -10.225 -46.600 7.590 -10.225 -42.400 7.590 -10.225
3 15 -42.400 7.590 -10.225 -42.400 6.510 -10.225 -49.100 6.510 -10.225
3 15 -46.600 7.590 -10.225 -49.100 6.510 -10.225 -49.100 10.740 -10.225
3 15 -49.100 10.740 -10.225 -46.600 11.280 -10.225 -46.600 7.590 -10.225
3 15 -49.100 10.740 -10.225 -48.900 10.920 -10.225 -48.400 11.190 -10.225
3 15 -48.400 11.190 -10.225 -46.600 11.280 -10.225 -49.100 10.740 -10.225
3 15 -48.400 11.190 -10.225 -46.400 11.820 -10.225 -46.600 11.280 -10.225
3 15 -46.600 11.280 -10.225 -46.400 11.820 -10.225 -46.000 12.000 -10.225
3 15 -46.000 12.000 -10.225 -42.600 11.280 -10.225 -46.600 11.280 -10.225
3 15 -42.600 11.280 -10.225 -46.000 12.000 -10.225 -45.500 12.360 -10.225
3 15 -45.500 12.360 -10.225 -42.600 12.360 -10.225 -42.600 11.280 -10.225
3 15 -46.400 8.490 -10.225 -46.400 9.210 -10.225 -45.400 9.300 -10.225
3 15 -45.400 9.300 -10.225 -45.900 8.760 -10.225 -46.400 8.490 -10.225
3 15 -46.400 9.210 -10.225 -46.100 9.390 -10.225 -45.400 9.300 -10.225
3 15 -45.400 9.300 -10.225 -46.100 9.390 -10.225 -45.900 9.660 -10.225
3 15 -49.300 8.400 -10.225 -50.000 8.940 -10.225 -49.400 9.840 -10.225
3 15 -49.400 9.840 -10.225 -49.300 9.570 -10.225 -49.300 8.400 -10.225
3 15 -50.000 8.940 -10.225 -50.500 9.570 -10.225 -49.500 10.290 -10.225
3 15 -49.500 10.290 -10.225 -49.400 9.840 -10.225 -50.000 8.940 -10.225
3 15 -50.500 9.570 -10.225 -50.700 10.200 -10.225 -50.700 10.740 -10.225
3 15 -50.700 10.740 -10.225 -49.500 10.290 -10.225 -50.500 9.570 -10.225
3 15 -49.500 10.290 -10.225 -50.700 10.740 -10.225 -50.600 11.370 -10.225
3 15 -50.600 11.370 -10.225 -49.400 10.650 -10.225 -49.500 10.290 -10.225
3 15 -49.400 10.650 -10.225 -50.600 11.370 -10.225 -50.100 12.000 -10.225
3 15 -50.100 12.000 -10.225 -49.100 11.010 -10.225 -49.400 10.650 -10.225
3 15 -49.100 11.010 -10.225 -50.100 12.000 -10.225 -49.600 12.450 -10.225
3 15 -49.600 12.450 -10.225 -48.600 11.280 -10.225 -49.100 11.010 -10.225
3 15 -49.600 12.450 -10.225 -48.900 12.720 -10.225 -46.600 11.910 -10.225
3 15 -46.600 11.910 -10.225 -48.600 11.280 -10.225 -49.600 12.450 -10.225
3 15 -48.900 12.720 -10.225 -47.000 13.350 -10.225 -46.000 12.180 -10.225
3 15 -46.000 12.180 -10.225 -46.600 11.910 -10.225 -48.900 12.720 -10.225
3 15 -47.000 13.350 -10.225 -46.500 13.620 -10.225 -45.400 12.630 -10.225
3 15 -45.400 12.630 -10.225 -46.000 12.180 -10.225 -47.000 13.350 -10.225
3 15 -46.500 13.620 -10.225 -46.200 13.980 -10.225 -45.000 13.260 -10.225
3 15 -45.000 13.260 -10.225 -45.400 12.630 -10.225 -46.500 13.620 -10.225
3 15 -46.200 13.980 -10.225 -46.100 14.340 -10.225 -44.800 13.980 -10.225
3 15 -44.800 13.980 -10.225 -45.000 13.260 -10.225 -46.200 13.980 -10.225
3 15 -46.100 14.340 -10.225 -46.100 14.700 -10.225 -44.800 14.520 -10.225
3 15 -44.800 14.520 -10.225 -44.800 13.980 -10.225 -46.100 14.340 -10.225
3 15 -46.100 14.700 -10.225 -46.200 15.060 -10.225 -45.100 15.240 -10.225
3 15 -45.100 15.240 -10.225 -44.800 14.520 -10.225 -46.100 14.700 -10.225
3 15 -46.200 15.060 -10.225 -46.400 15.330 -10.225 -45.600 15.870 -10.225
3 15 -45.600 15.870 -10.225 -45.100 15.240 -10.225 -46.200 15.060 -10.225
3 15 -46.400 15.330 -10.225 -46.400 16.320 -10.225 -45.600 15.870 -10.225
3 15 -49.100 12.810 -10.225 -49.100 17.580 -10.225 -46.600 17.580 -10.225
3 15 -46.600 17.580 -10.225 -48.800 12.990 -10.225 -49.100 12.810 -10.225
3 15 -48.800 12.990 -10.225 -46.600 17.580 -10.225 -46.600 13.800 -10.225
3 15 -46.600 13.800 -10.225 -47.100 13.530 -10.225 -48.800 12.990 -10.225
3 15 -50.200 14.610 -10.225 -50.700 15.060 -10.225 -50.300 15.510 -10.225
3 15 -50.300 15.510 -10.225 -49.900 14.970 -10.225 -50.200 14.610 -10.225
3 15 -49.900 14.970 -10.225 -50.300 15.510 -10.225 -49.800 15.870 -10.225
3 15 -49.800 15.870 -10.225 -49.600 15.240 -10.225 -49.900 14.970 -10.225
3 15 -49.600 15.240 -10.225 -49.800 15.870 -10.225 -49.300 16.140 -10.225
3 15 -49.300 16.140 -10.225 -49.300 15.420 -10.225 -49.600 15.240 -10.225
3 15 -42.900 12.540 -10.225 -44.000 12.540 -10.225 -44.000 15.960 -10.225
3 15 -44.000 15.960 -10.225 -42.900 15.960 -10.225 -42.900 12.540 -10.225
3 15 -42.900 11.100 -10.225 -42.900 10.560 -10.225 -44.000 8.580 -10.225
3 15 -44.000 8.580 -10.225 -44.000 11.100 -10.225 -42.900 11.100 -10.225
3 15 -44.000 8.580 -10.225 -42.900 10.560 -10.225 -39.200 12.900 -10.225
3 15 -39.200 12.900 -10.225 -42.200 8.580 -10.225 -44.000 8.580 -10.225
3 15 -42.900 10.560 -10.225 -39.300 15.960 -10.225 -38.100 15.960 -10.225
3 15 -38.100 15.960 -10.225 -39.200 12.900 -10.225 -42.900 10.560 -10.225
3 15 -38.100 15.960 -10.225 -38.100 8.580 -10.225 -39.200 8.580 -10.225
3 15 -39.200 8.580 -10.225 -39.200 12.900 -10.225 -38.100 15.960 -10.225
3 4 -33.000 0.300 -10.225 -59.000 0.300 -10.225 -56.500 2.550 -10.225
3 4 -56.500 2.550 -10.225 -46.000 2.550 -10.225 -33.000 0.300 -10.225
3 4 -56.500 2.550 -10.225 -59.000 0.300 -10.225 -59.000 23.700 -10.225
3 4 -59.000 23.700 -10.225 -56.500 12.000 -10.225 -56.500 2.550 -10.225
3 4 -56.500 12.000 -10.225 -59.000 23.700 -10.225 -56.500 21.450 -10.225
3 4 -56.500 21.450 -10.225 -59.000 23.700 -10.225 -33.000 23.700 -10.225
3 4 -33.000 23.700 -10.225 -46.000 21.450 -10.225 -56.500 21.450 -10.225
3 4 -35.500 21.450 -10.225 -46.000 21.450 -10.225 -33.000 23.700 -10.225
3 4 -35.500 21.450 -10.225 -33.000 23.700 -10.225 -33.000 0.300 -10.225
3 4 -33.000 0.300 -10.225 -35.500 12.000 -10.225 -35.500 21.450 -10.225
3 4 -33.000 0.300 -10.225 -35.500 2.550 -10.225 -35.500 12.000 -10.225
3 4 -33.000 0.300 -10.225 -46.000 2.550 -10.225 -35.500 2.550 -10.225
3 4 -46.000 3.000 -10.225 -47.200 3.612 -10.225 -46.000 3.540 -10.225
3 4 -47.200 3.612 -10.225 -46.000 3.000 -10.225 -49.827 3.685 -10.225
3 4 -49.827 3.685 -10.225 -48.380 3.828 -10.225 -47.200 3.612 -10.225
3 4 -49.827 3.685 -10.225 -49.520 4.188 -10.225 -48.380 3.828 -10.225
3 4 -49.827 3.685 -10.225 -50.600 4.674 -10.225 -49.520 4.188 -10.225
3 4 -50.600 4.674 -10.225 -49.827 3.685 -10.225 -53.071 5.636 -10.225
3 4 -53.071 5.636 -10.225 -51.600 5.286 -10.225 -50.600 4.674 -10.225
3 4 -51.600 5.286 -10.225 -53.071 5.636 -10.225 -52.510 6.015 -10.225
3 4 -53.071 5.636 -10.225 -53.300 6.852 -10.225 -52.510 6.015 -10.225
3 4 -53.300 6.852 -10.225 -53.071 5.636 -10.225 -55.239 8.556 -10.225
3 4 -55.239 8.556 -10.225 -53.970 7.770 -10.225 -53.300 6.852 -10.225
3 4 -53.970 7.770 -10.225 -55.239 8.556 -10.225 -54.500 8.760 -10.225
3 4 -55.239 8.556 -10.225 -54.890 9.813 -10.225 -54.500 8.760 -10.225
3 4 -54.890 9.813 -10.225 -55.239 8.556 -10.225 -56.000 12.000 -10.225
3 4 -56.000 12.000 -10.225 -55.120 10.893 -10.225 -54.890 9.813 -10.225
3 4 -55.120 10.893 -10.225 -56.000 12.000 -10.225 -55.200 12.000 -10.225
3 4 -55.200 12.000 -10.225 -56.000 12.000 -10.225 -55.120 13.107 -10.225
3 4 -55.120 13.107 -10.225 -56.000 12.000 -10.225 -55.239 15.444 -10.225
3 4 -55.239 15.444 -10.225 -54.890 14.187 -10.225 -55.120 13.107 -10.225
3 4 -54.890 14.187 -10.225 -55.239 15.444 -10.225 -54.500 15.240 -10.225
3 4 -54.500 15.240 -10.225 -55.239 15.444 -10.225 -53.970 16.230 -10.225
3 4 -53.970 16.230 -10.225 -55.239 15.444 -10.225 -53.071 18.364 -10.225
3 4 -53.071 18.364 -10.225 -53.300 17.148 -10.225 -53.970 16.230 -10.225
3 4 -53.300 17.148 -10.225 -53.071 18.364 -10.225 -52.510 17.985 -10.225
3 4 -52.510 17.985 -10.225 -53.071 18.364 -10.225 -51.600 18.714 -10.225
3 4 -51.600 18.714 -10.225 -53.071 18.364 -10.225 -49.827 20.315 -10.225
3 4 -49.827 20.315 -10.225 -50.600 19.326 -10.225 -51.600 18.714 -10.225
3 4 -50.600 19.326 -10.225 -49.827 20.315 -10.225 -49.520 19.812 -10.225
3 4 -49.520 19.812 -10.225 -49.827 20.315 -10.225 -48.380 20.172 -10.225
3 4 -48.380 20.172 -10.225 -49.827 20.315 -10.225 -46.000 21.000 -10.225
3 4 -46.000 21.000 -10.225 -47.200 20.388 -10.225 -48.380 20.172 -10.225
3 4 -47.200 20.388 -10.225 -46.000 21.000 -10.225 -46.000 20.460 -10.225
3 4 -44.800 20.388 -10.225 -46.000 20.460 -10.225 -46.000 21.000 -10.225
3 4 -44.800 20.388 -10.225 -46.000 21.000 -10.225 -42.173 20.315 -10.225
3 4 -42.173 20.315 -10.225 -43.620 20.172 -10.225 -44.800 20.388 -10.225
3 4 -42.480 19.812 -10.225 -43.620 20.172 -10.225 -42.173 20.315 -10.225
3 4 -41.400 19.326 -10.225 -42.480 19.812 -10.225 -42.173 20.315 -10.225
3 4 -41.400 19.326 -10.225 -42.173 20.315 -10.225 -38.929 18.364 -10.225
3 4 -38.929 18.364 -10.225 -40.400 18.714 -10.225 -41.400 19.326 -10.225
3 4 -39.490 17.985 -10.225 -40.400 18.714 -10.225 -38.929 18.364 -10.225
3 4 -38.900 17.310 -10.225 -39.490 17.985 -10.225 -38.929 18.364 -10.225
3 4 -38.900 17.310 -10.225 -38.929 18.364 -10.225 -36.761 15.444 -10.225
3 4 -36.761 15.444 -10.225 -38.100 15.960 -10.225 -38.900 17.310 -10.225
3 4 -36.761 15.444 -10.225 -36.000 12.000 -10.225 -38.100 8.580 -10.225
3 4 -38.100 8.580 -10.225 -38.100 15.960 -10.225 -36.761 15.444 -10.225
3 4 -36.000 12.000 -10.225 -36.761 8.556 -10.225 -39.200 6.330 -10.225
3 4 -39.200 6.330 -10.225 -38.100 8.580 -10.225 -36.000 12.000 -10.225
3 4 -36.761 8.556 -10.225 -38.929 5.636 -10.225 -39.490 6.015 -10.225
3 4 -39.490 6.015 -10.225 -39.200 6.330 -10.225 -36.761 8.556 -10.225
3 4 -40.400 5.286 -10.225 -39.490 6.015 -10.225 -38.929 5.636 -10.225
3 4 -40.400 5.286 -10.225 -38.929 5.636 -10.225 -42.173 3.685 -10.225
3 4 -42.173 3.685 -10.225 -41.400 4.674 -10.225 -40.400 5.286 -10.225
3 4 -42.173 3.685 -10.225 -42.480 4.188 -10.225 -41.400 4.674 -10.225
3 4 -42.173 3.685 -10.225 -43.620 3.828 -10.225 -42.480 4.188 -10.225
3 4 -43.620 3.828 -10.225 -42.173 3.685 -10.225 -46.000 3.000 -10.225
3 4 -46.000 3.000 -10.225 -44.800 3.612 -10.225 -43.620 3.828 -10.225
3 4 -46.000 3.000 -10.225 -46.000 3.540 -10.225 -44.800 3.612 -10.225
3 4 -38.100 15.960 -10.225 -39.300 15.960 -10.225 -40.300 16.500 -10.225
3 4 -40.300 16.500 -10.225 -38.900 17.310 -10.225 -38.100 15.960 -10.225
3 4 -39.300 15.960 -10.225 -42.600 12.360 -10.225 -42.900 12.540 -10.225
3 4 -42.900 12.540 -10.225 -40.300 16.500 -10.225 -39.300 15.960 -10.225
3 4 -42.900 12.540 -10.225 -42.900 15.960 -10.225 -41.100 17.400 -10.225
3 4 -41.100 17.400 -10.225 -40.300 16.500 -10.225 -42.900 12.540 -10.225
3 4 -41.100 17.400 -10.225 -42.900 15.960 -10.225 -44.000 15.960 -10.225
3 4 -44.000 15.960 -10.225 -42.000 18.120 -10.225 -41.100 17.400 -10.225
3 4 -42.000 18.120 -10.225 -44.000 15.960 -10.225 -44.000 19.110 -10.225
3 4 -44.000 19.110 -10.225 -43.000 18.660 -10.225 -42.000 18.120 -10.225
3 4 -44.000 19.110 -10.225 -44.000 15.960 -10.225 -46.600 17.580 -10.225
3 4 -46.600 17.580 -10.225 -45.000 19.290 -10.225 -44.000 19.110 -10.225
3 4 -45.000 19.290 -10.225 -46.600 17.580 -10.225 -47.000 19.110 -10.225
3 4 -47.000 19.110 -10.225 -46.000 19.290 -10.225 -45.000 19.290 -10.225
3 4 -47.000 19.110 -10.225 -46.600 17.580 -10.225 -49.100 17.580 -10.225
3 4 -49.100 17.580 -10.225 -48.000 18.750 -10.225 -47.000 19.110 -10.225
3 4 -48.000 18.750 -10.225 -49.100 17.580 -10.225 -50.000 17.400 -10.225
3 4 -50.000 17.400 -10.225 -49.000 18.210 -10.225 -48.000 18.750 -10.225
3 4 -49.100 17.580 -10.225 -49.300 16.140 -10.225 -50.700 16.500 -10.225
3 4 -50.700 16.500 -10.225 -50.000 17.400 -10.225 -49.100 17.580 -10.225
3 4 -49.800 15.870 -10.225 -50.700 16.500 -10.225 -49.300 16.140 -10.225
3 4 -49.800 15.870 -10.225 -50.300 15.510 -10.225 -51.200 15.600 -10.225
3 4 -51.200 15.600 -10.225 -50.700 16.500 -10.225 -49.800 15.870 -10.225
3 4 -50.300 15.510 -10.225 -50.700 15.060 -10.225 -51.600 14.700 -10.225
3 4 -51.600 14.700 -10.225 -51.200 15.600 -10.225 -50.300 15.510 -10.225
3 4 -50.700 15.060 -10.225 -50.200 14.610 -10.225 -51.800 13.800 -10.225
3 4 -51.800 13.800 -10.225 -51.600 14.700 -10.225 -50.700 15.060 -10.225
3 4 -50.200 14.610 -10.225 -49.100 12.810 -10.225 -49.600 12.450 -10.225
3 4 -49.600 12.450 -10.225 -51.800 13.800 -10.225 -50.200 14.610 -10.225
3 4 -50.200 14.610 -10.225 -49.900 14.970 -10.225 -49.600 15.240 -10.225
3 4 -49.600 15.240 -10.225 -49.100 12.810 -10.225 -50.200 14.610 -10.225
3 4 -49.100 12.810 -10.225 -49.600 15.240 -10.225 -49.300 15.420 -10.225
3 4 -49.100 12.810 -10.225 -49.300 15.420 -10.225 -49.300 16.140 -10.225
3 4 -49.300 16.140 -10.225 -49.100 17.580 -10.225 -49.100 12.810 -10.225
3 4 -49.600 12.450 -10.225 -49.100 12.810 -10.225 -48.800 12.990 -10.225
3 4 -48.800 12.990 -10.225 -48.900 12.720 -10.225 -49.600 12.450 -10.225
3 4 -48.900 12.720 -10.225 -48.800 12.990 -10.225 -47.100 13.530 -10.225
3 4 -47.100 13.530 -10.225 -47.000 13.350 -10.225 -48.900 12.720 -10.225
3 4 -47.000 13.350 -10.225 -47.100 13.530 -10.225 -46.600 13.800 -10.225
3 4 -46.600 13.800 -10.225 -46.500 13.620 -10.225 -47.000 13.350 -10.225
3 4 -46.500 13.620 -10.225 -46.600 13.800 -10.225 -46.100 14.340 -10.225
3 4 -46.100 14.340 -10.225 -46.200 13.980 -10.225 -46.500 13.620 -10.225
3 4 -46.100 14.340 -10.225 -46.600 13.800 -10.225 -46.200 15.060 -10.225
3 4 -46.200 15.060 -10.225 -46.100 14.700 -10.225 -46.100 14.340 -10.225
3 4 -46.600 13.800 -10.225 -46.400 15.330 -10.225 -46.200 15.060 -10.225
3 4 -46.400 15.330 -10.225 -46.600 13.800 -10.225 -46.600 17.580 -10.225
3 4 -46.600 17.580 -10.225 -46.400 16.320 -10.225 -46.400 15.330 -10.225
3 4 -46.400 16.320 -10.225 -46.600 17.580 -10.225 -44.000 15.960 -10.225
3 4 -44.000 15.960 -10.225 -45.600 15.870 -10.225 -46.400 16.320 -10.225
3 4 -45.100 15.240 -10.225 -45.600 15.870 -10.225 -44.000 15.960 -10.225
3 4 -44.800 14.520 -10.225 -45.100 15.240 -10.225 -44.000 15.960 -10.225
3 4 -44.800 14.520 -10.225 -44.000 15.960 -10.225 -44.000 12.540 -10.225
3 4 -44.000 12.540 -10.225 -44.800 13.980 -10.225 -44.800 14.520 -10.225
3 4 -44.000 12.540 -10.225 -45.000 13.260 -10.225 -44.800 13.980 -10.225
3 4 -45.000 13.260 -10.225 -44.000 12.540 -10.225 -45.500 12.360 -10.225
3 4 -45.500 12.360 -10.225 -45.400 12.630 -10.225 -45.000 13.260 -10.225
3 4 -44.000 12.540 -10.225 -42.900 12.540 -10.225 -42.600 12.360 -10.225
3 4 -42.600 12.360 -10.225 -45.500 12.360 -10.225 -44.000 12.540 -10.225
3 4 -45.400 12.630 -10.225 -45.500 12.360 -10.225 -46.000 12.000 -10.225
3 4 -46.000 12.000 -10.225 -46.000 12.180 -10.225 -45.400 12.630 -10.225
3 4 -46.000 12.180 -10.225 -46.000 12.000 -10.225 -46.400 11.820 -10.225
3 4 -46.400 11.820 -10.225 -46.600 11.910 -10.225 -46.000 12.180 -10.225
3 4 -46.400 11.820 -10.225 -48.400 11.190 -10.225 -48.600 11.280 -10.225
3 4 -48.600 11.280 -10.225 -46.600 11.910 -10.225 -46.400 11.820 -10.225
3 4 -48.400 11.190 -10.225 -48.900 10.920 -10.225 -49.100 11.010 -10.225
3 4 -49.100 11.010 -10.225 -48.600 11.280 -10.225 -48.400 11.190 -10.225
3 4 -48.900 10.920 -10.225 -49.100 10.740 -10.225 -49.400 10.650 -10.225
3 4 -49.400 10.650 -10.225 -49.100 11.010 -10.225 -48.900 10.920 -10.225
3 4 -49.400 10.650 -10.225 -49.100 10.740 -10.225 -49.400 9.840 -10.225
3 4 -49.400 9.840 -10.225 -49.500 10.290 -10.225 -49.400 10.650 -10.225
3 4 -49.300 9.570 -10.225 -49.400 9.840 -10.225 -49.100 10.740 -10.225
3 4 -49.300 9.570 -10.225 -49.100 10.740 -10.225 -49.100 6.510 -10.225
3 4 -49.100 6.510 -10.225 -49.300 8.400 -10.225 -49.300 9.570 -10.225
3 4 -49.100 6.510 -10.225 -50.000 6.600 -10.225 -50.700 7.500 -10.225
3 4 -50.700 7.500 -10.225 -49.300 8.400 -10.225 -49.100 6.510 -10.225
3 4 -49.300 8.400 -10.225 -50.700 7.500 -10.225 -51.200 8.400 -10.225
3 4 -51.200 8.400 -10.225 -50.000 8.940 -10.225 -49.300 8.400 -10.225
3 4 -50.000 8.940 -10.225 -51.200 8.400 -10.225 -51.600 9.300 -10.225
3 4 -51.600 9.300 -10.225 -50.500 9.570 -10.225 -50.000 8.940 -10.225
3 4 -50.500 9.570 -10.225 -51.600 9.300 -10.225 -51.800 10.200 -10.225
3 4 -51.800 10.200 -10.225 -50.700 10.200 -10.225 -50.500 9.570 -10.225
3 4 -50.700 10.200 -10.225 -51.800 10.200 -10.225 -51.900 11.100 -10.225
3 4 -51.900 11.100 -10.225 -50.700 10.740 -10.225 -50.700 10.200 -10.225
3 4 -50.700 10.740 -10.225 -51.900 11.100 -10.225 -51.900 12.900 -10.225
3 4 -51.900 12.900 -10.225 -50.600 11.370 -10.225 -50.700 10.740 -10.225
3 4 -50.600 11.370 -10.225 -51.900 12.900 -10.225 -51.800 13.800 -10.225
3 4 -51.800 13.800 -10.225 -50.100 12.000 -10.225 -50.600 11.370 -10.225
3 4 -50.100 12.000 -10.225 -51.800 13.800 -10.225 -49.600 12.450 -10.225
3 4 -50.000 6.600 -10.225 -49.100 6.510 -10.225 -48.000 5.160 -10.225
3 4 -48.000 5.160 -10.225 -49.000 5.790 -10.225 -50.000 6.600 -10.225
3 4 -48.000 5.160 -10.225 -49.100 6.510 -10.225 -46.000 4.710 -10.225
3 4 -46.000 4.710 -10.225 -47.000 4.890 -10.225 -48.000 5.160 -10.225
3 4 -49.100 6.510 -10.225 -42.400 6.510 -10.225 -45.000 4.710 -10.225
3 4 -45.000 4.710 -10.225 -46.000 4.710 -10.225 -49.100 6.510 -10.225
3 4 -45.000 4.710 -10.225 -42.400 6.510 -10.225 -43.000 5.250 -10.225
3 4 -43.000 5.250 -10.225 -44.000 4.890 -10.225 -45.000 4.710 -10.225
3 4 -43.000 5.250 -10.225 -42.400 6.510 -10.225 -41.100 6.600 -10.225
3 4 -41.100 6.600 -10.225 -42.000 5.880 -10.225 -43.000 5.250 -10.225
3 4 -41.100 6.600 -10.225 -42.400 6.510 -10.225 -42.400 7.590 -10.225
3 4 -42.400 7.590 -10.225 -40.300 7.320 -10.225 -41.100 6.600 -10.225
3 4 -42.400 7.590 -10.225 -42.200 8.580 -10.225 -39.200 8.580 -10.225
3 4 -39.200 8.580 -10.225 -40.300 7.320 -10.225 -42.400 7.590 -10.225
3 4 -39.200 8.580 -10.225 -42.200 8.580 -10.225 -39.200 12.900 -10.225
3 4 -40.300 7.320 -10.225 -39.200 8.580 -10.225 -38.100 8.580 -10.225
3 4 -38.100 8.580 -10.225 -39.200 6.330 -10.225 -40.300 7.320 -10.225
3 4 -42.200 8.580 -10.225 -42.400 7.590 -10.225 -46.600 7.590 -10.225
3 4 -46.600 7.590 -10.225 -44.000 8.580 -10.225 -42.200 8.580 -10.225
3 4 -46.600 7.590 -10.225 -46.400 8.490 -10.225 -45.900 8.760 -10.225
3 4 -45.900 8.760 -10.225 -44.000 8.580 -10.225 -46.600 7.590 -10.225
3 4 -44.000 8.580 -10.225 -45.900 8.760 -10.225 -45.400 9.300 -10.225
3 4 -44.000 8.580 -10.225 -45.400 9.300 -10.225 -45.900 9.660 -10.225
3 4 -45.900 9.660 -10.225 -44.000 11.100 -10.225 -44.000 8.580 -10.225
3 4 -45.900 9.660 -10.225 -46.600 11.280 -10.225 -44.000 11.100 -10.225
3 4 -45.900 9.660 -10.225 -46.100 9.390 -10.225 -46.400 9.210 -10.225
3 4 -46.400 9.210 -10.225 -46.600 11.280 -10.225 -45.900 9.660 -10.225
3 4 -46.600 11.280 -10.225 -46.400 9.210 -10.225 -46.400 8.490 -10.225
3 4 -46.400 8.490 -10.225 -46.600 7.590 -10.225 -46.600 11.280 -10.225
3 4 -46.600 11.280 -10.225 -42.600 11.280 -10.225 -42.900 11.100 -10.225
3 4 -42.900 11.100 -10.225 -44.000 11.100 -10.225 -46.600 11.280 -10.225
3 4 -42.900 10.560 -10.225 -42.900 11.100 -10.225 -42.600 11.280 -10.225
3 4 -42.900 10.560 -10.225 -42.600 11.280 -10.225 -39.300 15.960 -10.225
3 4 -42.600 11.280 -10.225 -42.600 12.360 -10.225 -39.300 15.960 -10.225
1 16 -46.0000 12.0000 -10.2250 13.0000 0.0000 0.0000 0.0000 0.0000 -11.7000 0.0000 0.2250 0.0000 box5-12.dat
1 4 -46.0000 12.0000 -10.2250 10.0000 0.0000 0.0000 0.0000 0.0000 -9.0000 0.0000 0.9000 0.0000 4-4aring.dat
1 15 -46.0000 12.0000 -10.2250 0.5000 0.0000 0.0000 0.0000 0.0000 -0.4500 0.0000 0.9000 0.0000 4-4rin20.dat
1 4 -46.0000 12.0000 -10.2250 10.5000 0.0000 0.0000 0.0000 0.0000 -9.4500 0.0000 0.9000 0.0000 4-4ndis.dat
