0 FILE 30261pb036.dat
0 Road Sign 2 x 2 Round with Clip with Tornado in Red Circle Pattern (Sticker) - Set 10261
0 Name:  30261pb036.dat
0 Author:  
0 BL_Item_No 30261pb036
0 BFC CERTIFY CCW
1 16 0.0000 0.0000 0.0000 1.0000 0.0000 0.0000 0.0000 1.0000 0.0000 0.0000 0.0000 1.0000 30261.dat
3 4 -17.845 -2.349 -9.250 -18.000 0.000 -9.250 -15.329 0.000 -9.250
3 4 -15.329 0.000 -9.250 -15.198 -2.001 -9.250 -17.845 -2.349 -9.250
3 4 -15.198 -2.001 -9.250 -14.807 -3.967 -9.250 -17.386 -4.658 -9.250
3 4 -17.386 -4.658 -9.250 -17.845 -2.349 -9.250 -15.198 -2.001 -9.250
3 4 -14.807 -3.967 -9.250 -14.162 -5.866 -9.250 -16.630 -6.889 -9.250
3 4 -16.630 -6.889 -9.250 -17.386 -4.658 -9.250 -14.807 -3.967 -9.250
3 4 -14.162 -5.866 -9.250 -13.275 -7.665 -9.250 -15.588 -9.000 -9.250
3 4 -15.588 -9.000 -9.250 -16.630 -6.889 -9.250 -14.162 -5.866 -9.250
3 4 -14.281 -10.958 -9.250 -15.588 -9.000 -9.250 -13.275 -7.665 -9.250
3 4 -13.275 -7.665 -9.250 -12.161 -9.332 -9.250 -14.281 -10.958 -9.250
3 4 -12.161 -9.332 -9.250 -10.839 -10.839 -9.250 -12.728 -12.728 -9.250
3 4 -12.728 -12.728 -9.250 -14.281 -10.958 -9.250 -12.161 -9.332 -9.250
3 4 -10.839 -10.839 -9.250 -9.332 -12.161 -9.250 -10.958 -14.281 -9.250
3 4 -10.958 -14.281 -9.250 -12.728 -12.728 -9.250 -10.839 -10.839 -9.250
3 4 -7.664 -13.275 -9.250 -9.000 -15.588 -9.250 -10.958 -14.281 -9.250
3 4 -10.958 -14.281 -9.250 -9.332 -12.161 -9.250 -7.664 -13.275 -9.250
3 4 -9.000 -15.588 -9.250 -7.664 -13.275 -9.250 -5.866 -14.162 -9.250
3 4 -5.866 -14.162 -9.250 -6.889 -16.630 -9.250 -9.000 -15.588 -9.250
3 4 -6.889 -16.630 -9.250 -5.866 -14.162 -9.250 -3.967 -14.807 -9.250
3 4 -3.967 -14.807 -9.250 -4.658 -17.386 -9.250 -6.889 -16.630 -9.250
3 4 -2.001 -15.198 -9.250 -2.349 -17.845 -9.250 -4.658 -17.386 -9.250
3 4 -4.658 -17.386 -9.250 -3.967 -14.807 -9.250 -2.001 -15.198 -9.250
3 4 0.000 -15.329 -9.250 0.000 -18.000 -9.250 -2.349 -17.845 -9.250
3 4 -2.349 -17.845 -9.250 -2.001 -15.198 -9.250 0.000 -15.329 -9.250
3 4 15.329 0.000 -9.250 18.000 0.000 -9.250 17.845 -2.349 -9.250
3 4 17.845 -2.349 -9.250 15.198 -2.001 -9.250 15.329 0.000 -9.250
3 4 17.386 -4.658 -9.250 14.807 -3.967 -9.250 15.198 -2.001 -9.250
3 4 15.198 -2.001 -9.250 17.845 -2.349 -9.250 17.386 -4.658 -9.250
3 4 16.630 -6.889 -9.250 14.162 -5.866 -9.250 14.807 -3.967 -9.250
3 4 14.807 -3.967 -9.250 17.386 -4.658 -9.250 16.630 -6.889 -9.250
3 4 14.162 -5.866 -9.250 16.630 -6.889 -9.250 15.588 -9.000 -9.250
3 4 15.588 -9.000 -9.250 13.275 -7.664 -9.250 14.162 -5.866 -9.250
3 4 14.281 -10.958 -9.250 12.161 -9.332 -9.250 13.275 -7.664 -9.250
3 4 13.275 -7.664 -9.250 15.588 -9.000 -9.250 14.281 -10.958 -9.250
3 4 12.161 -9.332 -9.250 14.281 -10.958 -9.250 12.728 -12.728 -9.250
3 4 12.728 -12.728 -9.250 10.839 -10.839 -9.250 12.161 -9.332 -9.250
3 4 10.839 -10.839 -9.250 12.728 -12.728 -9.250 10.958 -14.281 -9.250
3 4 10.958 -14.281 -9.250 9.332 -12.161 -9.250 10.839 -10.839 -9.250
3 4 10.958 -14.281 -9.250 9.000 -15.588 -9.250 7.665 -13.275 -9.250
3 4 7.665 -13.275 -9.250 9.332 -12.161 -9.250 10.958 -14.281 -9.250
3 4 9.000 -15.588 -9.250 6.889 -16.630 -9.250 5.866 -14.162 -9.250
3 4 5.866 -14.162 -9.250 7.665 -13.275 -9.250 9.000 -15.588 -9.250
3 4 6.889 -16.630 -9.250 4.658 -17.386 -9.250 3.967 -14.807 -9.250
3 4 3.967 -14.807 -9.250 5.866 -14.162 -9.250 6.889 -16.630 -9.250
3 4 4.658 -17.386 -9.250 2.349 -17.845 -9.250 2.001 -15.198 -9.250
3 4 2.001 -15.198 -9.250 3.967 -14.807 -9.250 4.658 -17.386 -9.250
3 4 2.349 -17.845 -9.250 0.000 -18.000 -9.250 0.000 -15.329 -9.250
3 4 0.000 -15.329 -9.250 2.001 -15.198 -9.250 2.349 -17.845 -9.250
3 4 -17.845 2.349 -9.250 -15.198 2.001 -9.250 -15.329 0.000 -9.250
3 4 -15.329 0.000 -9.250 -18.000 0.000 -9.250 -17.845 2.349 -9.250
3 4 -17.386 4.658 -9.250 -14.807 3.967 -9.250 -15.198 2.001 -9.250
3 4 -15.198 2.001 -9.250 -17.845 2.349 -9.250 -17.386 4.658 -9.250
3 4 -14.807 3.967 -9.250 -17.386 4.658 -9.250 -16.630 6.889 -9.250
3 4 -16.630 6.889 -9.250 -14.162 5.866 -9.250 -14.807 3.967 -9.250
3 4 -14.162 5.866 -9.250 -16.630 6.889 -9.250 -15.588 9.000 -9.250
3 4 -15.588 9.000 -9.250 -13.275 7.665 -9.250 -14.162 5.866 -9.250
3 4 -14.281 10.958 -9.250 -12.161 9.332 -9.250 -13.275 7.665 -9.250
3 4 -13.275 7.665 -9.250 -15.588 9.000 -9.250 -14.281 10.958 -9.250
3 4 -12.161 9.332 -9.250 -14.281 10.958 -9.250 -12.728 12.728 -9.250
3 4 -12.728 12.728 -9.250 -10.839 10.839 -9.250 -12.161 9.332 -9.250
3 4 -10.958 14.281 -9.250 -9.332 12.161 -9.250 -10.839 10.839 -9.250
3 4 -10.839 10.839 -9.250 -12.728 12.728 -9.250 -10.958 14.281 -9.250
3 4 -10.958 14.281 -9.250 -9.000 15.588 -9.250 -7.664 13.275 -9.250
3 4 -7.664 13.275 -9.250 -9.332 12.161 -9.250 -10.958 14.281 -9.250
3 4 -9.000 15.588 -9.250 -6.889 16.630 -9.250 -5.866 14.162 -9.250
3 4 -5.866 14.162 -9.250 -7.664 13.275 -9.250 -9.000 15.588 -9.250
3 4 -3.967 14.807 -9.250 -5.866 14.162 -9.250 -6.889 16.630 -9.250
3 4 -6.889 16.630 -9.250 -4.658 17.386 -9.250 -3.967 14.807 -9.250
3 4 -2.001 15.198 -9.250 -3.967 14.807 -9.250 -4.658 17.386 -9.250
3 4 -4.658 17.386 -9.250 -2.349 17.845 -9.250 -2.001 15.198 -9.250
3 4 0.000 15.329 -9.250 -2.001 15.198 -9.250 -2.349 17.845 -9.250
3 4 -2.349 17.845 -9.250 0.000 18.000 -9.250 0.000 15.329 -9.250
3 4 15.329 0.000 -9.250 15.198 2.001 -9.250 17.845 2.349 -9.250
3 4 17.845 2.349 -9.250 18.000 0.000 -9.250 15.329 0.000 -9.250
3 4 15.198 2.001 -9.250 14.807 3.967 -9.250 17.386 4.658 -9.250
3 4 17.386 4.658 -9.250 17.845 2.349 -9.250 15.198 2.001 -9.250
3 4 14.807 3.967 -9.250 14.162 5.866 -9.250 16.630 6.889 -9.250
3 4 16.630 6.889 -9.250 17.386 4.658 -9.250 14.807 3.967 -9.250
3 4 14.162 5.866 -9.250 13.275 7.665 -9.250 15.588 9.000 -9.250
3 4 15.588 9.000 -9.250 16.630 6.889 -9.250 14.162 5.866 -9.250
3 4 14.281 10.958 -9.250 15.588 9.000 -9.250 13.275 7.665 -9.250
3 4 13.275 7.665 -9.250 12.161 9.332 -9.250 14.281 10.958 -9.250
3 4 12.161 9.332 -9.250 10.839 10.839 -9.250 12.728 12.728 -9.250
3 4 12.728 12.728 -9.250 14.281 10.958 -9.250 12.161 9.332 -9.250
3 4 10.839 10.839 -9.250 9.332 12.161 -9.250 10.958 14.281 -9.250
3 4 10.958 14.281 -9.250 12.728 12.728 -9.250 10.839 10.839 -9.250
3 4 10.958 14.281 -9.250 9.332 12.161 -9.250 7.665 13.275 -9.250
3 4 7.665 13.275 -9.250 9.000 15.588 -9.250 10.958 14.281 -9.250
3 4 9.000 15.588 -9.250 7.665 13.275 -9.250 5.866 14.162 -9.250
3 4 5.866 14.162 -9.250 6.889 16.630 -9.250 9.000 15.588 -9.250
3 4 6.889 16.630 -9.250 5.866 14.162 -9.250 3.967 14.807 -9.250
3 4 3.967 14.807 -9.250 4.658 17.386 -9.250 6.889 16.630 -9.250
3 4 4.658 17.386 -9.250 3.967 14.807 -9.250 2.001 15.198 -9.250
3 4 2.001 15.198 -9.250 2.349 17.845 -9.250 4.658 17.386 -9.250
3 4 2.349 17.845 -9.250 2.001 15.198 -9.250 0.000 15.329 -9.250
3 4 0.000 15.329 -9.250 0.000 18.000 -9.250 2.349 17.845 -9.250
3 0 -6.648 -7.262 -9.250 -6.096 -7.740 -9.250 -6.652 -8.092 -9.250
3 0 -6.652 -8.092 -9.250 -7.379 -7.447 -9.250 -6.648 -7.262 -9.250
3 0 -5.759 -8.731 -9.250 -6.652 -8.092 -9.250 -6.096 -7.740 -9.250
3 0 -6.096 -7.740 -9.250 -5.110 -8.378 -9.250 -5.759 -8.731 -9.250
3 0 -4.634 -9.338 -9.250 -5.759 -8.731 -9.250 -5.110 -8.378 -9.250
3 0 -5.110 -8.378 -9.250 -4.070 -8.906 -9.250 -4.634 -9.338 -9.250
3 0 -4.070 -8.906 -9.250 -2.815 -9.353 -9.250 -3.321 -9.891 -9.250
3 0 -3.321 -9.891 -9.250 -4.634 -9.338 -9.250 -4.070 -8.906 -9.250
3 0 -1.870 -10.368 -9.250 -3.321 -9.891 -9.250 -2.815 -9.353 -9.250
3 0 -2.815 -9.353 -9.250 -1.538 -9.800 -9.250 -1.870 -10.368 -9.250
3 0 -1.538 -9.800 -9.250 -0.040 -10.180 -9.250 -0.338 -10.751 -9.250
3 0 -0.338 -10.751 -9.250 -1.870 -10.368 -9.250 -1.538 -9.800 -9.250
3 0 -0.338 -10.751 -9.250 -0.040 -10.180 -9.250 1.330 -10.428 -9.250
3 0 1.330 -10.428 -9.250 1.218 -11.025 -9.250 -0.338 -10.751 -9.250
3 0 2.716 -10.632 -9.250 2.788 -11.229 -9.250 1.218 -11.025 -9.250
3 0 1.218 -11.025 -9.250 1.330 -10.428 -9.250 2.716 -10.632 -9.250
3 0 3.920 -10.686 -9.250 4.362 -11.308 -9.250 2.788 -11.229 -9.250
3 0 2.788 -11.229 -9.250 2.716 -10.632 -9.250 3.920 -10.686 -9.250
3 0 4.362 -11.308 -9.250 3.920 -10.686 -9.250 4.991 -10.635 -9.250
3 0 4.991 -10.635 -9.250 5.636 -11.261 -9.250 4.362 -11.308 -9.250
3 0 6.238 -10.528 -9.250 6.712 -11.040 -9.250 5.636 -11.261 -9.250
3 0 5.636 -11.261 -9.250 4.991 -10.635 -9.250 6.238 -10.528 -9.250
3 0 6.712 -11.040 -9.250 6.238 -10.528 -9.250 6.973 -10.321 -9.250
3 0 6.973 -10.321 -9.250 7.548 -10.706 -9.250 6.712 -11.040 -9.250
3 0 7.469 -10.020 -9.250 8.111 -10.220 -9.250 7.548 -10.706 -9.250
3 0 7.548 -10.706 -9.250 6.973 -10.321 -9.250 7.469 -10.020 -9.250
3 0 7.707 -9.639 -9.250 8.381 -9.699 -9.250 8.111 -10.220 -9.250
3 0 8.111 -10.220 -9.250 7.469 -10.020 -9.250 7.707 -9.639 -9.250
3 0 7.676 -9.190 -9.250 8.397 -9.039 -9.250 8.381 -9.699 -9.250
3 0 8.381 -9.699 -9.250 7.707 -9.639 -9.250 7.676 -9.190 -9.250
3 0 -7.379 -7.447 -9.250 -7.717 -6.819 -9.250 -6.944 -6.664 -9.250
3 0 -6.944 -6.664 -9.250 -6.648 -7.262 -9.250 -7.379 -7.447 -9.250
3 0 -7.751 -6.234 -9.250 -6.925 -6.165 -9.250 -6.944 -6.664 -9.250
3 0 -6.944 -6.664 -9.250 -7.717 -6.819 -9.250 -7.751 -6.234 -9.250
3 0 -6.925 -6.165 -9.250 -7.751 -6.234 -9.250 -7.507 -5.638 -9.250
3 0 -7.507 -5.638 -9.250 -6.687 -5.783 -9.250 -6.925 -6.165 -9.250
3 0 -7.018 -5.152 -9.250 -6.092 -5.383 -9.250 -6.687 -5.783 -9.250
3 0 -6.687 -5.783 -9.250 -7.507 -5.638 -9.250 -7.018 -5.152 -9.250
3 0 -4.109 -5.169 -9.250 -5.256 -5.226 -9.250 -4.857 -4.547 -9.250
3 0 -4.857 -4.547 -9.250 -3.832 -4.500 -9.250 -4.109 -5.169 -9.250
3 0 -2.408 -4.529 -9.250 -1.810 -5.296 -9.250 -2.838 -5.318 -9.250
3 0 -2.838 -5.318 -9.250 -3.832 -4.500 -9.250 -2.408 -4.529 -9.250
3 0 -1.810 -5.296 -9.250 -2.408 -4.529 -9.250 -0.713 -4.733 -9.250
3 0 -0.713 -4.733 -9.250 -0.398 -5.476 -9.250 -1.810 -5.296 -9.250
3 0 0.842 -5.007 -9.250 0.971 -5.774 -9.250 -0.398 -5.476 -9.250
3 0 -0.398 -5.476 -9.250 -0.713 -4.733 -9.250 0.842 -5.007 -9.250
3 0 2.450 -5.414 -9.250 2.420 -6.104 -9.250 0.971 -5.774 -9.250
3 0 0.971 -5.774 -9.250 0.842 -5.007 -9.250 2.450 -5.414 -9.250
3 0 3.901 -5.891 -9.250 3.697 -6.551 -9.250 2.420 -6.104 -9.250
3 0 2.420 -6.104 -9.250 2.450 -5.414 -9.250 3.901 -5.891 -9.250
3 0 5.389 -6.469 -9.250 4.802 -6.948 -9.250 3.697 -6.551 -9.250
3 0 3.697 -6.551 -9.250 3.901 -5.891 -9.250 5.389 -6.469 -9.250
3 0 6.689 -7.202 -9.250 5.842 -7.475 -9.250 4.802 -6.948 -9.250
3 0 4.802 -6.948 -9.250 5.389 -6.469 -9.250 6.689 -7.202 -9.250
3 0 7.457 -7.691 -9.250 6.928 -8.114 -9.250 5.842 -7.475 -9.250
3 0 5.842 -7.475 -9.250 6.689 -7.202 -9.250 7.457 -7.691 -9.250
3 0 7.676 -9.190 -9.250 7.480 -8.692 -9.250 8.397 -9.039 -9.250
3 0 -4.275 -3.155 -9.250 -3.278 -3.658 -9.250 -4.182 -3.858 -9.250
3 0 -4.182 -3.858 -9.250 -4.719 -3.318 -9.250 -4.275 -3.155 -9.250
3 0 -3.278 -3.658 -9.250 -4.275 -3.155 -9.250 -3.310 -2.972 -9.250
3 0 -3.310 -2.972 -9.250 -2.198 -3.547 -9.250 -3.278 -3.658 -9.250
3 0 -2.159 -2.885 -9.250 -0.982 -3.529 -9.250 -2.198 -3.547 -9.250
3 0 -2.198 -3.547 -9.250 -3.310 -2.972 -9.250 -2.159 -2.885 -9.250
3 0 -0.864 -2.898 -9.250 0.321 -3.607 -9.250 -0.982 -3.529 -9.250
3 0 -0.982 -3.529 -9.250 -2.159 -2.885 -9.250 -0.864 -2.898 -9.250
3 0 0.321 -3.607 -9.250 -0.864 -2.898 -9.250 0.523 -3.010 -9.250
3 0 0.523 -3.010 -9.250 1.950 -3.217 -9.250 1.663 -3.776 -9.250
3 0 1.663 -3.776 -9.250 0.321 -3.607 -9.250 0.523 -3.010 -9.250
3 0 2.716 -4.005 -9.250 1.663 -3.776 -9.250 1.950 -3.217 -9.250
3 0 1.950 -3.217 -9.250 3.361 -3.510 -9.250 2.716 -4.005 -9.250
3 0 7.821 -5.287 -9.250 7.768 -6.143 -9.250 7.197 -5.661 -9.250
3 0 7.197 -5.661 -9.250 7.430 -5.055 -9.250 7.821 -5.287 -9.250
3 0 7.768 -6.143 -9.250 7.821 -5.287 -9.250 8.499 -5.822 -9.250
3 0 8.499 -5.822 -9.250 8.092 -6.620 -9.250 7.768 -6.143 -9.250
3 0 8.092 -6.620 -9.250 8.499 -5.822 -9.250 8.838 -6.319 -9.250
3 0 8.838 -6.319 -9.250 8.900 -6.784 -9.250 8.092 -6.620 -9.250
3 0 8.900 -6.784 -9.250 8.782 -7.376 -9.250 8.155 -7.073 -9.250
3 0 8.155 -7.073 -9.250 8.092 -6.620 -9.250 8.900 -6.784 -9.250
3 0 8.782 -7.376 -9.250 8.469 -7.827 -9.250 7.930 -7.409 -9.250
3 0 7.930 -7.409 -9.250 8.155 -7.073 -9.250 8.782 -7.376 -9.250
3 0 -5.923 -4.194 -9.250 -5.630 -3.803 -9.250 -5.230 -4.369 -9.250
3 0 -5.230 -4.369 -9.250 -6.061 -4.510 -9.250 -5.923 -4.194 -9.250
3 0 8.469 -7.827 -9.250 7.925 -8.217 -9.250 7.457 -7.691 -9.250
3 0 7.457 -7.691 -9.250 7.930 -7.409 -9.250 8.469 -7.827 -9.250
3 0 7.925 -8.217 -9.250 7.480 -8.692 -9.250 6.928 -8.114 -9.250
3 0 6.928 -8.114 -9.250 7.457 -7.691 -9.250 7.925 -8.217 -9.250
3 0 7.480 -8.692 -9.250 7.925 -8.217 -9.250 8.059 -8.361 -9.250
3 0 8.059 -8.361 -9.250 8.397 -9.039 -9.250 7.480 -8.692 -9.250
3 0 -6.061 -4.510 -9.250 -5.230 -4.369 -9.250 -5.362 -4.613 -9.250
3 0 -5.362 -4.613 -9.250 -6.157 -4.817 -9.250 -6.061 -4.510 -9.250
3 0 -6.157 -4.817 -9.250 -5.362 -4.613 -9.250 -6.092 -5.383 -9.250
3 0 -6.092 -5.383 -9.250 -7.018 -5.152 -9.250 -6.157 -4.817 -9.250
3 0 -5.256 -5.226 -9.250 -6.092 -5.383 -9.250 -5.362 -4.613 -9.250
3 0 -5.362 -4.613 -9.250 -4.857 -4.547 -9.250 -5.256 -5.226 -9.250
3 0 -5.729 -3.284 -9.250 -5.954 -2.759 -9.250 -5.288 -2.527 -9.250
3 0 -5.288 -2.527 -9.250 -5.050 -3.015 -9.250 -5.729 -3.284 -9.250
3 0 -5.288 -2.527 -9.250 -5.954 -2.759 -9.250 -6.005 -2.165 -9.250
3 0 -6.005 -2.165 -9.250 -5.176 -2.110 -9.250 -5.288 -2.527 -9.250
3 0 -5.879 -1.746 -9.250 -5.431 -1.367 -9.250 -5.176 -2.110 -9.250
3 0 -5.176 -2.110 -9.250 -6.005 -2.165 -9.250 -5.879 -1.746 -9.250
3 0 -4.770 -1.732 -9.250 -5.176 -2.110 -9.250 -5.431 -1.367 -9.250
3 0 -5.431 -1.367 -9.250 -4.862 -1.104 -9.250 -4.770 -1.732 -9.250
3 0 -4.730 -1.043 -9.250 -4.135 -1.480 -9.250 -4.770 -1.732 -9.250
3 0 -4.770 -1.732 -9.250 -4.862 -1.104 -9.250 -4.730 -1.043 -9.250
3 0 -4.135 -1.480 -9.250 -4.730 -1.043 -9.250 -3.803 -0.786 -9.250
3 0 -3.803 -0.786 -9.250 -3.347 -1.244 -9.250 -4.135 -1.480 -9.250
3 0 -3.347 -1.244 -9.250 -3.803 -0.786 -9.250 -2.684 -0.607 -9.250
3 0 -2.684 -0.607 -9.250 -2.313 -1.108 -9.250 -3.347 -1.244 -9.250
3 0 -2.313 -1.108 -9.250 -2.684 -0.607 -9.250 -1.418 -0.512 -9.250
3 0 -1.418 -0.512 -9.250 -1.171 -1.054 -9.250 -2.313 -1.108 -9.250
3 0 -1.171 -1.054 -9.250 -1.418 -0.512 -9.250 -0.052 -0.505 -9.250
3 0 -0.052 -0.505 -9.250 -0.753 -1.048 -9.250 -1.171 -1.054 -9.250
3 0 7.280 -2.094 -9.250 7.249 -2.858 -9.250 6.732 -2.477 -9.250
3 0 6.732 -2.477 -9.250 7.045 -1.982 -9.250 7.280 -2.094 -9.250
3 0 7.249 -2.858 -9.250 7.280 -2.094 -9.250 7.914 -2.534 -9.250
3 0 7.914 -2.534 -9.250 8.289 -2.985 -9.250 7.584 -3.227 -9.250
3 0 7.584 -3.227 -9.250 7.249 -2.858 -9.250 7.914 -2.534 -9.250
3 0 8.390 -3.429 -9.250 7.671 -3.665 -9.250 7.584 -3.227 -9.250
3 0 7.584 -3.227 -9.250 8.289 -2.985 -9.250 8.390 -3.429 -9.250
3 0 8.363 -3.898 -9.250 7.509 -4.082 -9.250 7.671 -3.665 -9.250
3 0 7.671 -3.665 -9.250 8.390 -3.429 -9.250 8.363 -3.898 -9.250
3 0 8.141 -4.377 -9.250 7.815 -4.751 -9.250 7.509 -4.082 -9.250
3 0 7.509 -4.082 -9.250 8.363 -3.898 -9.250 8.141 -4.377 -9.250
3 0 -5.427 -3.679 -9.250 -5.729 -3.284 -9.250 -5.050 -3.015 -9.250
3 0 -5.050 -3.015 -9.250 -4.719 -3.318 -9.250 -5.427 -3.679 -9.250
3 0 6.584 -4.608 -9.250 6.978 -4.461 -9.250 7.430 -5.055 -9.250
3 0 7.430 -5.055 -9.250 7.197 -5.661 -9.250 6.584 -4.608 -9.250
3 0 7.815 -4.751 -9.250 7.430 -5.055 -9.250 6.978 -4.461 -9.250
3 0 6.978 -4.461 -9.250 7.509 -4.082 -9.250 7.815 -4.751 -9.250
3 0 -5.427 -3.679 -9.250 -4.875 -4.141 -9.250 -5.230 -4.369 -9.250
3 0 -5.230 -4.369 -9.250 -5.630 -3.803 -9.250 -5.427 -3.679 -9.250
3 0 -4.875 -4.141 -9.250 -5.427 -3.679 -9.250 -4.719 -3.318 -9.250
3 0 -4.719 -3.318 -9.250 -4.182 -3.858 -9.250 -4.875 -4.141 -9.250
3 0 0.525 -4.525 -9.250 0.400 -4.300 -9.250 0.950 -4.150 -9.250
3 0 0.950 -4.150 -9.250 1.300 -4.475 -9.250 0.525 -4.525 -9.250
3 0 1.300 -4.475 -9.250 0.950 -4.150 -9.250 2.025 -4.025 -9.250
3 0 2.025 -4.025 -9.250 2.775 -4.525 -9.250 1.300 -4.475 -9.250
3 0 2.775 -4.525 -9.250 2.025 -4.025 -9.250 2.716 -4.005 -9.250
3 0 2.716 -4.005 -9.250 4.325 -4.775 -9.250 2.775 -4.525 -9.250
3 0 4.703 -3.879 -9.250 4.325 -4.775 -9.250 2.716 -4.005 -9.250
3 0 2.716 -4.005 -9.250 3.361 -3.510 -9.250 4.703 -3.879 -9.250
3 0 4.325 -4.775 -9.250 4.703 -3.879 -9.250 5.924 -4.310 -9.250
3 0 5.924 -4.310 -9.250 5.850 -5.175 -9.250 4.325 -4.775 -9.250
3 0 5.850 -5.175 -9.250 5.924 -4.310 -9.250 6.584 -4.608 -9.250
3 0 6.584 -4.608 -9.250 7.197 -5.661 -9.250 5.850 -5.175 -9.250
3 0 -2.125 -1.975 -9.250 -2.250 -1.800 -9.250 -2.125 -1.600 -9.250
3 0 -2.125 -1.600 -9.250 -1.775 -1.925 -9.250 -2.125 -1.975 -9.250
3 0 -1.075 -1.750 -9.250 -1.775 -1.925 -9.250 -2.125 -1.600 -9.250
3 0 -2.125 -1.600 -9.250 -1.200 -1.325 -9.250 -1.075 -1.750 -9.250
3 0 -0.150 -1.575 -9.250 -0.753 -1.048 -9.250 -0.052 -0.505 -9.250
3 0 -1.200 -1.325 -9.250 -0.753 -1.048 -9.250 -0.150 -1.575 -9.250
3 0 -0.150 -1.575 -9.250 -1.075 -1.750 -9.250 -1.200 -1.325 -9.250
3 0 1.150 -1.500 -9.250 -0.150 -1.575 -9.250 -0.052 -0.505 -9.250
3 0 -0.052 -0.505 -9.250 1.361 -0.585 -9.250 1.150 -1.500 -9.250
3 0 2.766 -0.751 -9.250 3.250 -1.550 -9.250 1.150 -1.500 -9.250
3 0 1.150 -1.500 -9.250 1.361 -0.585 -9.250 2.766 -0.751 -9.250
3 0 3.250 -1.550 -9.250 2.766 -0.751 -9.250 4.110 -0.995 -9.250
3 0 4.110 -0.995 -9.250 4.840 -1.790 -9.250 3.250 -1.550 -9.250
3 0 4.840 -1.790 -9.250 4.110 -0.995 -9.250 5.341 -1.309 -9.250
3 0 5.341 -1.309 -9.250 5.877 -2.074 -9.250 4.840 -1.790 -9.250
3 0 -5.431 -1.367 -9.250 -5.657 -1.137 -9.250 -4.988 -0.960 -9.250
3 0 -4.988 -0.960 -9.250 -4.862 -1.104 -9.250 -5.431 -1.367 -9.250
3 0 -5.217 -0.623 -9.250 -4.988 -0.960 -9.250 -5.657 -1.137 -9.250
3 0 -5.657 -1.137 -9.250 -5.903 -0.781 -9.250 -5.217 -0.623 -9.250
3 0 -5.903 -0.781 -9.250 -5.994 -0.292 -9.250 -5.292 -0.260 -9.250
3 0 -5.292 -0.260 -9.250 -5.217 -0.623 -9.250 -5.903 -0.781 -9.250
3 0 -5.292 -0.260 -9.250 -5.994 -0.292 -9.250 -5.848 0.137 -9.250
3 0 -5.848 0.137 -9.250 -5.160 0.041 -9.250 -5.292 -0.260 -9.250
3 0 -4.981 0.879 -9.250 -4.226 0.560 -9.250 -4.800 0.318 -9.250
3 0 -4.800 0.318 -9.250 -5.563 0.424 -9.250 -4.981 0.879 -9.250
3 0 -4.226 0.560 -9.250 -4.981 0.879 -9.250 -4.050 1.236 -9.250
3 0 -4.050 1.236 -9.250 -3.461 0.759 -9.250 -4.226 0.560 -9.250
3 0 -3.011 1.477 -9.250 -2.533 0.906 -9.250 -3.461 0.759 -9.250
3 0 -3.461 0.759 -9.250 -4.050 1.236 -9.250 -3.011 1.477 -9.250
3 0 -1.730 1.642 -9.250 -1.478 0.997 -9.250 -2.533 0.906 -9.250
3 0 -2.533 0.906 -9.250 -3.011 1.477 -9.250 -1.730 1.642 -9.250
3 0 -1.478 0.997 -9.250 -1.730 1.642 -9.250 -0.451 1.699 -9.250
3 0 -0.451 1.699 -9.250 -0.338 1.027 -9.250 -1.478 0.997 -9.250
3 0 0.875 1.696 -9.250 0.845 0.995 -9.250 -0.338 1.027 -9.250
3 0 -0.338 1.027 -9.250 -0.451 1.699 -9.250 0.875 1.696 -9.250
3 0 5.103 0.335 -9.250 4.321 0.554 -9.250 4.635 1.189 -9.250
3 0 4.635 1.189 -9.250 5.440 0.942 -9.250 5.103 0.335 -9.250
3 0 7.101 0.103 -9.250 6.718 -0.582 -9.250 6.389 -0.269 -9.250
3 0 6.389 -0.269 -9.250 6.487 0.509 -9.250 7.101 0.103 -9.250
3 0 6.718 -0.582 -9.250 7.101 0.103 -9.250 7.473 -0.328 -9.250
3 0 7.473 -0.328 -9.250 6.818 -0.894 -9.250 6.718 -0.582 -9.250
3 0 7.589 -0.767 -9.250 6.736 -1.220 -9.250 6.818 -0.894 -9.250
3 0 6.818 -0.894 -9.250 7.473 -0.328 -9.250 7.589 -0.767 -9.250
3 0 7.518 -1.196 -9.250 6.501 -1.472 -9.250 6.736 -1.220 -9.250
3 0 6.736 -1.220 -9.250 7.589 -0.767 -9.250 7.518 -1.196 -9.250
3 0 6.501 -1.472 -9.250 7.518 -1.196 -9.250 7.317 -1.675 -9.250
3 0 7.317 -1.675 -9.250 7.045 -1.982 -9.250 6.501 -1.472 -9.250
3 0 6.214 -1.612 -9.250 6.501 -1.472 -9.250 7.045 -1.982 -9.250
3 0 7.045 -1.982 -9.250 6.732 -2.477 -9.250 6.214 -1.612 -9.250
3 0 5.877 -2.074 -9.250 5.341 -1.309 -9.250 6.214 -1.612 -9.250
3 0 6.214 -1.612 -9.250 6.732 -2.477 -9.250 5.877 -2.074 -9.250
3 0 2.475 0.650 -9.250 1.325 0.600 -9.250 1.344 0.956 -9.250
3 0 1.344 0.956 -9.250 2.199 1.606 -9.250 2.475 0.650 -9.250
3 0 2.475 0.650 -9.250 2.199 1.606 -9.250 3.468 1.435 -9.250
3 0 3.468 1.435 -9.250 3.584 0.671 -9.250 2.475 0.650 -9.250
3 0 4.321 0.554 -9.250 3.584 0.671 -9.250 3.468 1.435 -9.250
3 0 3.468 1.435 -9.250 4.635 1.189 -9.250 4.321 0.554 -9.250
3 0 2.199 1.606 -9.250 1.344 0.956 -9.250 0.845 0.995 -9.250
3 0 0.845 0.995 -9.250 0.875 1.696 -9.250 2.199 1.606 -9.250
3 0 0.775 0.725 -9.250 1.344 0.956 -9.250 1.325 0.600 -9.250
3 0 1.325 0.600 -9.250 0.775 0.475 -9.250 0.775 0.725 -9.250
3 0 -5.460 1.486 -9.250 -5.879 0.770 -9.250 -6.114 1.193 -9.250
3 0 -6.114 1.193 -9.250 -6.236 1.633 -9.250 -5.460 1.486 -9.250
3 0 -5.879 0.770 -9.250 -5.460 1.486 -9.250 -5.274 1.143 -9.250
3 0 -5.462 1.859 -9.250 -5.460 1.486 -9.250 -6.236 1.633 -9.250
3 0 -6.236 1.633 -9.250 -6.114 2.073 -9.250 -5.462 1.859 -9.250
3 0 -5.169 2.887 -9.250 -4.982 2.385 -9.250 -5.301 2.153 -9.250
3 0 -5.301 2.153 -9.250 -5.504 2.663 -9.250 -5.169 2.887 -9.250
3 0 -5.169 2.887 -9.250 -4.382 3.229 -9.250 -4.466 2.594 -9.250
3 0 -4.466 2.594 -9.250 -4.982 2.385 -9.250 -5.169 2.887 -9.250
3 0 -4.382 3.229 -9.250 -3.422 3.509 -9.250 -3.773 2.774 -9.250
3 0 -3.773 2.774 -9.250 -4.466 2.594 -9.250 -4.382 3.229 -9.250
3 0 0.095 3.839 -9.250 0.152 3.075 -9.250 -0.980 3.020 -9.250
3 0 -0.980 3.020 -9.250 -1.140 3.796 -9.250 0.095 3.839 -9.250
3 0 1.330 3.796 -9.250 1.233 3.032 -9.250 0.152 3.075 -9.250
3 0 0.152 3.075 -9.250 0.095 3.839 -9.250 1.330 3.796 -9.250
3 0 2.518 3.693 -9.250 2.271 2.942 -9.250 1.233 3.032 -9.250
3 0 1.233 3.032 -9.250 1.330 3.796 -9.250 2.518 3.693 -9.250
3 0 3.612 3.509 -9.250 3.227 2.808 -9.250 2.271 2.942 -9.250
3 0 2.271 2.942 -9.250 2.518 3.693 -9.250 3.612 3.509 -9.250
3 0 4.572 3.229 -9.250 5.359 2.887 -9.250 4.064 2.637 -9.250
3 0 4.064 2.637 -9.250 4.426 3.271 -9.250 4.572 3.229 -9.250
3 0 4.750 2.433 -9.250 4.064 2.637 -9.250 5.359 2.887 -9.250
3 0 5.359 2.887 -9.250 5.944 2.497 -9.250 5.259 2.206 -9.250
3 0 5.259 2.206 -9.250 4.750 2.433 -9.250 5.359 2.887 -9.250
3 0 5.944 2.497 -9.250 6.304 2.073 -9.250 5.570 1.964 -9.250
3 0 5.570 1.964 -9.250 5.259 2.206 -9.250 5.944 2.497 -9.250
3 0 5.722 1.690 -9.250 5.570 1.964 -9.250 6.304 2.073 -9.250
3 0 6.304 2.073 -9.250 6.426 1.633 -9.250 5.722 1.690 -9.250
3 0 5.736 1.446 -9.250 5.722 1.690 -9.250 6.426 1.633 -9.250
3 0 6.426 1.633 -9.250 6.404 1.243 -9.250 5.736 1.446 -9.250
3 0 6.404 1.243 -9.250 6.294 0.895 -9.250 5.667 1.165 -9.250
3 0 5.667 1.165 -9.250 5.736 1.446 -9.250 6.404 1.243 -9.250
3 0 -4.981 0.879 -9.250 -5.563 0.424 -9.250 -5.879 0.770 -9.250
3 0 -5.879 0.770 -9.250 -5.274 1.143 -9.250 -4.981 0.879 -9.250
3 0 5.667 1.165 -9.250 6.294 0.895 -9.250 6.120 0.671 -9.250
3 0 6.120 0.671 -9.250 5.440 0.942 -9.250 5.667 1.165 -9.250
3 0 5.440 0.942 -9.250 6.120 0.671 -9.250 5.844 0.032 -9.250
3 0 5.844 0.032 -9.250 5.103 0.335 -9.250 5.440 0.942 -9.250
3 0 5.844 0.032 -9.250 6.120 0.671 -9.250 6.487 0.509 -9.250
3 0 6.487 0.509 -9.250 6.389 -0.269 -9.250 5.844 0.032 -9.250
3 0 -5.160 0.041 -9.250 -5.848 0.137 -9.250 -5.563 0.424 -9.250
3 0 -5.563 0.424 -9.250 -4.800 0.318 -9.250 -5.160 0.041 -9.250
3 0 -3.725 2.075 -9.250 -4.100 1.925 -9.250 -4.200 2.175 -9.250
3 0 -4.200 2.175 -9.250 -3.650 2.550 -9.250 -3.725 2.075 -9.250
3 0 -3.150 2.400 -9.250 -3.725 2.075 -9.250 -3.650 2.550 -9.250
3 0 -3.650 2.550 -9.250 -3.295 2.854 -9.250 -3.150 2.400 -9.250
3 0 -3.422 3.509 -9.250 -2.328 3.693 -9.250 -3.295 2.854 -9.250
3 0 -3.295 2.854 -9.250 -3.773 2.774 -9.250 -3.422 3.509 -9.250
3 0 -1.140 3.796 -9.250 -0.980 3.020 -9.250 -2.375 2.700 -9.250
3 0 -2.375 2.700 -9.250 -2.328 3.693 -9.250 -1.140 3.796 -9.250
3 0 -2.375 2.700 -9.250 -3.150 2.400 -9.250 -3.295 2.854 -9.250
3 0 -3.295 2.854 -9.250 -2.328 3.693 -9.250 -2.375 2.700 -9.250
3 0 -2.838 -5.318 -9.250 -4.050 -5.575 -9.250 -4.109 -5.169 -9.250
3 0 -4.109 -5.169 -9.250 -3.832 -4.500 -9.250 -2.838 -5.318 -9.250
3 0 -4.050 -5.575 -9.250 -4.350 -5.725 -9.250 -4.650 -5.425 -9.250
3 0 -4.650 -5.425 -9.250 -4.109 -5.169 -9.250 -4.050 -5.575 -9.250
3 0 -4.350 -5.725 -9.250 -4.575 -5.925 -9.250 -4.950 -5.725 -9.250
3 0 -4.950 -5.725 -9.250 -4.650 -5.425 -9.250 -4.350 -5.725 -9.250
3 0 -5.075 -5.950 -9.250 -4.950 -5.725 -9.250 -4.575 -5.925 -9.250
3 0 -4.575 -5.925 -9.250 -5.125 -6.225 -9.250 -5.075 -5.950 -9.250
3 0 -4.650 -6.200 -9.250 -5.050 -6.500 -9.250 -5.125 -6.225 -9.250
3 0 -5.125 -6.225 -9.250 -4.575 -5.925 -9.250 -4.650 -6.200 -9.250
3 0 -4.650 -6.200 -9.250 -4.550 -6.425 -9.250 -4.850 -6.775 -9.250
3 0 -4.850 -6.775 -9.250 -5.050 -6.500 -9.250 -4.650 -6.200 -9.250
3 0 -4.550 -6.425 -9.250 -4.050 -6.875 -9.250 -4.400 -7.175 -9.250
3 0 -4.400 -7.175 -9.250 -4.850 -6.775 -9.250 -4.550 -6.425 -9.250
3 0 -3.575 -7.625 -9.250 -4.400 -7.175 -9.250 -4.050 -6.875 -9.250
3 0 -4.050 -6.875 -9.250 -3.225 -7.350 -9.250 -3.575 -7.625 -9.250
3 0 -3.225 -7.350 -9.250 -2.150 -7.725 -9.250 -2.375 -8.075 -9.250
3 0 -2.375 -8.075 -9.250 -3.575 -7.625 -9.250 -3.225 -7.350 -9.250
3 0 -1.025 -8.425 -9.250 -2.375 -8.075 -9.250 -2.150 -7.725 -9.250
3 0 -2.150 -7.725 -9.250 -0.875 -8.075 -9.250 -1.025 -8.425 -9.250
3 0 -0.875 -8.075 -9.250 0.575 -8.325 -9.250 0.525 -8.700 -9.250
3 0 0.525 -8.700 -9.250 -1.025 -8.425 -9.250 -0.875 -8.075 -9.250
3 0 0.575 -8.325 -9.250 1.975 -8.400 -9.250 2.000 -8.800 -9.250
3 0 2.000 -8.800 -9.250 0.525 -8.700 -9.250 0.575 -8.325 -9.250
3 0 3.425 -8.775 -9.250 2.000 -8.800 -9.250 1.975 -8.400 -9.250
3 0 1.975 -8.400 -9.250 3.400 -8.375 -9.250 3.425 -8.775 -9.250
3 0 3.925 -8.700 -9.250 3.425 -8.775 -9.250 3.400 -8.375 -9.250
3 0 3.400 -8.375 -9.250 3.775 -8.325 -9.250 3.925 -8.700 -9.250
3 0 3.775 -8.325 -9.250 4.375 -8.275 -9.250 4.250 -8.500 -9.250
3 0 4.250 -8.500 -9.250 3.925 -8.700 -9.250 3.775 -8.325 -9.250
3 0 3.875 -8.175 -9.250 4.375 -8.000 -9.250 4.375 -8.275 -9.250
3 0 4.375 -8.275 -9.250 3.775 -8.325 -9.250 3.875 -8.175 -9.250
3 0 3.875 -8.175 -9.250 3.825 -8.025 -9.250 4.225 -7.750 -9.250
3 0 4.225 -7.750 -9.250 4.375 -8.000 -9.250 3.875 -8.175 -9.250
3 0 3.825 -7.525 -9.250 4.225 -7.750 -9.250 3.825 -8.025 -9.250
3 0 3.825 -8.025 -9.250 3.575 -7.850 -9.250 3.825 -7.525 -9.250
3 0 3.575 -7.850 -9.250 2.575 -7.375 -9.250 3.075 -7.175 -9.250
3 0 3.075 -7.175 -9.250 3.825 -7.525 -9.250 3.575 -7.850 -9.250
3 0 2.575 -7.375 -9.250 1.650 -7.050 -9.250 2.125 -6.825 -9.250
3 0 2.125 -6.825 -9.250 3.075 -7.175 -9.250 2.575 -7.375 -9.250
3 0 1.000 -6.550 -9.250 2.125 -6.825 -9.250 1.650 -7.050 -9.250
3 0 1.650 -7.050 -9.250 0.575 -6.800 -9.250 1.000 -6.550 -9.250
3 0 0.575 -6.800 -9.250 -0.650 -6.625 -9.250 -0.100 -6.375 -9.250
3 0 -0.100 -6.375 -9.250 1.000 -6.550 -9.250 0.575 -6.800 -9.250
3 0 -0.650 -6.625 -9.250 -1.375 -6.575 -9.250 -1.400 -6.275 -9.250
3 0 -1.400 -6.275 -9.250 -0.100 -6.375 -9.250 -0.650 -6.625 -9.250
3 0 -1.375 -6.575 -9.250 -1.700 -6.600 -9.250 -1.850 -6.325 -9.250
3 0 -1.850 -6.325 -9.250 -1.400 -6.275 -9.250 -1.375 -6.575 -9.250
3 0 -2.150 -6.475 -9.250 -1.850 -6.325 -9.250 -1.700 -6.600 -9.250
3 0 -1.700 -6.600 -9.250 -2.250 -6.625 -9.250 -2.150 -6.475 -9.250
3 0 -1.900 -6.725 -9.250 -2.250 -6.625 -9.250 -1.700 -6.600 -9.250
3 0 -2.225 -6.825 -9.250 -2.250 -6.625 -9.250 -1.900 -6.725 -9.250
3 0 -1.900 -6.725 -9.250 -2.075 -7.050 -9.250 -2.225 -6.825 -9.250
3 0 -2.075 -7.050 -9.250 -1.900 -6.725 -9.250 -1.800 -6.900 -9.250
3 0 -1.425 -7.375 -9.250 -2.075 -7.050 -9.250 -1.800 -6.900 -9.250
3 0 -1.800 -6.900 -9.250 -1.150 -7.175 -9.250 -1.425 -7.375 -9.250
3 0 -1.150 -7.175 -9.250 -0.150 -7.500 -9.250 -0.200 -7.750 -9.250
3 0 -0.200 -7.750 -9.250 -1.425 -7.375 -9.250 -1.150 -7.175 -9.250
3 0 -0.150 -7.500 -9.250 0.775 -7.700 -9.250 0.750 -7.925 -9.250
3 0 0.750 -7.925 -9.250 -0.200 -7.750 -9.250 -0.150 -7.500 -9.250
3 0 0.775 -7.700 -9.250 1.425 -7.700 -9.250 1.450 -7.950 -9.250
3 0 1.450 -7.950 -9.250 0.750 -7.925 -9.250 0.775 -7.700 -9.250
3 0 1.425 -7.700 -9.250 1.825 -7.700 -9.250 1.750 -7.875 -9.250
3 0 1.750 -7.875 -9.250 1.450 -7.950 -9.250 1.425 -7.700 -9.250
3 0 1.825 -7.700 -9.250 1.425 -7.700 -9.250 1.525 -7.625 -9.250
3 0 1.525 -7.625 -9.250 1.800 -7.525 -9.250 1.825 -7.700 -9.250
3 0 1.700 -7.350 -9.250 1.800 -7.525 -9.250 1.525 -7.625 -9.250
3 0 1.525 -7.625 -9.250 1.500 -7.500 -9.250 1.700 -7.350 -9.250
3 0 1.500 -7.500 -9.250 1.350 -7.225 -9.250 1.700 -7.350 -9.250
3 0 0.925 -7.275 -9.250 0.450 -7.025 -9.250 1.350 -7.225 -9.250
3 0 1.350 -7.225 -9.250 1.500 -7.500 -9.250 0.925 -7.275 -9.250
3 0 0.925 -7.275 -9.250 0.050 -7.075 -9.250 0.450 -7.025 -9.250
3 0 0.050 -7.075 -9.250 -0.675 -6.950 -9.250 0.450 -7.025 -9.250
3 0 -5.943 3.787 -9.250 -6.006 3.399 -9.250 -6.786 3.414 -9.250
3 0 -6.786 3.414 -9.250 -6.690 3.741 -9.250 -5.943 3.787 -9.250
3 0 -5.261 4.874 -9.250 -4.665 4.539 -9.250 -5.552 4.143 -9.250
3 0 -5.552 4.143 -9.250 -6.122 4.403 -9.250 -5.261 4.874 -9.250
3 0 -4.665 4.539 -9.250 -5.261 4.874 -9.250 -4.117 5.287 -9.250
3 0 -4.117 5.287 -9.250 -3.610 4.848 -9.250 -4.665 4.539 -9.250
3 0 -2.769 5.612 -9.250 -2.480 5.021 -9.250 -3.610 4.848 -9.250
3 0 -3.610 4.848 -9.250 -4.117 5.287 -9.250 -2.769 5.612 -9.250
3 0 -1.205 5.166 -9.250 -2.480 5.021 -9.250 -2.769 5.612 -9.250
3 0 -2.769 5.612 -9.250 -1.309 5.828 -9.250 -1.205 5.166 -9.250
3 0 -1.205 5.166 -9.250 -1.309 5.828 -9.250 0.164 5.896 -9.250
3 0 0.164 5.896 -9.250 0.078 5.200 -9.250 -1.205 5.166 -9.250
3 0 1.307 5.168 -9.250 0.078 5.200 -9.250 0.164 5.896 -9.250
3 0 0.164 5.896 -9.250 1.550 5.858 -9.250 1.307 5.168 -9.250
3 0 3.620 5.385 -9.250 4.307 5.031 -9.250 3.308 4.767 -9.250
3 0 3.308 4.767 -9.250 2.755 5.667 -9.250 3.620 5.385 -9.250
3 0 3.829 4.429 -9.250 3.308 4.767 -9.250 4.307 5.031 -9.250
3 0 4.307 5.031 -9.250 4.650 4.580 -9.250 3.829 4.429 -9.250
3 0 4.706 4.164 -9.250 3.928 4.140 -9.250 3.829 4.429 -9.250
3 0 3.829 4.429 -9.250 4.650 4.580 -9.250 4.706 4.164 -9.250
3 0 4.611 3.641 -9.250 3.864 3.677 -9.250 3.928 4.140 -9.250
3 0 3.928 4.140 -9.250 4.706 4.164 -9.250 4.611 3.641 -9.250
3 0 -6.643 2.863 -9.250 -6.786 3.414 -9.250 -6.006 3.399 -9.250
3 0 -6.006 3.399 -9.250 -5.858 2.934 -9.250 -6.643 2.863 -9.250
3 0 -6.281 2.409 -9.250 -6.643 2.863 -9.250 -5.858 2.934 -9.250
3 0 -5.987 2.223 -9.250 -6.281 2.409 -9.250 -5.858 2.934 -9.250
3 0 -5.858 2.934 -9.250 -5.504 2.663 -9.250 -5.987 2.223 -9.250
3 0 3.864 3.677 -9.250 4.611 3.641 -9.250 4.426 3.271 -9.250
3 0 4.426 3.271 -9.250 3.612 3.509 -9.250 3.864 3.677 -9.250
3 0 3.612 3.509 -9.250 4.426 3.271 -9.250 4.064 2.637 -9.250
3 0 4.064 2.637 -9.250 3.227 2.808 -9.250 3.612 3.509 -9.250
3 0 -5.301 2.153 -9.250 -6.114 2.073 -9.250 -5.987 2.223 -9.250
3 0 -5.987 2.223 -9.250 -5.504 2.663 -9.250 -5.301 2.153 -9.250
3 0 -5.462 1.859 -9.250 -6.114 2.073 -9.250 -5.301 2.153 -9.250
3 71 -4.650 -5.425 -9.250 -5.256 -5.226 -9.250 -4.109 -5.169 -9.250
3 71 -5.256 -5.226 -9.250 -4.650 -5.425 -9.250 -4.950 -5.725 -9.250
3 71 -4.950 -5.725 -9.250 -6.092 -5.383 -9.250 -5.256 -5.226 -9.250
3 71 -6.092 -5.383 -9.250 -4.950 -5.725 -9.250 -5.075 -5.950 -9.250
3 71 -5.075 -5.950 -9.250 -6.687 -5.783 -9.250 -6.092 -5.383 -9.250
3 71 -5.125 -6.225 -9.250 -6.925 -6.165 -9.250 -6.687 -5.783 -9.250
3 71 -6.687 -5.783 -9.250 -5.075 -5.950 -9.250 -5.125 -6.225 -9.250
3 71 -5.125 -6.225 -9.250 -5.050 -6.500 -9.250 -6.944 -6.664 -9.250
3 71 -6.944 -6.664 -9.250 -6.925 -6.165 -9.250 -5.125 -6.225 -9.250
3 71 -5.050 -6.500 -9.250 -4.850 -6.775 -9.250 -6.648 -7.262 -9.250
3 71 -6.648 -7.262 -9.250 -6.944 -6.664 -9.250 -5.050 -6.500 -9.250
3 71 -6.096 -7.740 -9.250 -6.648 -7.262 -9.250 -4.850 -6.775 -9.250
3 71 -5.110 -8.378 -9.250 -6.096 -7.740 -9.250 -4.850 -6.775 -9.250
3 71 -4.850 -6.775 -9.250 -4.400 -7.175 -9.250 -5.110 -8.378 -9.250
3 71 -4.400 -7.175 -9.250 -3.575 -7.625 -9.250 -4.070 -8.906 -9.250
3 71 -4.070 -8.906 -9.250 -5.110 -8.378 -9.250 -4.400 -7.175 -9.250
3 71 -2.815 -9.353 -9.250 -4.070 -8.906 -9.250 -3.575 -7.625 -9.250
3 71 -3.575 -7.625 -9.250 -2.375 -8.075 -9.250 -2.815 -9.353 -9.250
3 71 -2.375 -8.075 -9.250 -1.025 -8.425 -9.250 -1.538 -9.800 -9.250
3 71 -1.538 -9.800 -9.250 -2.815 -9.353 -9.250 -2.375 -8.075 -9.250
3 71 -1.025 -8.425 -9.250 0.525 -8.700 -9.250 -0.040 -10.180 -9.250
3 71 -0.040 -10.180 -9.250 -1.538 -9.800 -9.250 -1.025 -8.425 -9.250
3 71 0.525 -8.700 -9.250 2.000 -8.800 -9.250 1.330 -10.428 -9.250
3 71 1.330 -10.428 -9.250 -0.040 -10.180 -9.250 0.525 -8.700 -9.250
3 71 2.716 -10.632 -9.250 1.330 -10.428 -9.250 2.000 -8.800 -9.250
3 71 2.000 -8.800 -9.250 3.425 -8.775 -9.250 2.716 -10.632 -9.250
3 71 3.425 -8.775 -9.250 3.925 -8.700 -9.250 3.920 -10.686 -9.250
3 71 3.920 -10.686 -9.250 2.716 -10.632 -9.250 3.425 -8.775 -9.250
3 71 4.991 -10.635 -9.250 3.920 -10.686 -9.250 3.925 -8.700 -9.250
3 71 3.925 -8.700 -9.250 4.250 -8.500 -9.250 4.991 -10.635 -9.250
3 71 6.238 -10.528 -9.250 4.991 -10.635 -9.250 4.250 -8.500 -9.250
3 71 4.250 -8.500 -9.250 6.973 -10.321 -9.250 6.238 -10.528 -9.250
3 71 6.973 -10.321 -9.250 4.250 -8.500 -9.250 4.375 -8.275 -9.250
3 71 4.375 -8.275 -9.250 7.469 -10.020 -9.250 6.973 -10.321 -9.250
3 71 7.707 -9.639 -9.250 7.469 -10.020 -9.250 4.375 -8.275 -9.250
3 71 4.375 -8.275 -9.250 7.676 -9.190 -9.250 7.707 -9.639 -9.250
3 71 7.480 -8.692 -9.250 7.676 -9.190 -9.250 4.375 -8.275 -9.250
3 71 4.375 -8.275 -9.250 6.928 -8.114 -9.250 7.480 -8.692 -9.250
3 71 4.375 -8.275 -9.250 4.375 -8.000 -9.250 5.842 -7.475 -9.250
3 71 5.842 -7.475 -9.250 6.928 -8.114 -9.250 4.375 -8.275 -9.250
3 71 4.375 -8.000 -9.250 4.225 -7.750 -9.250 4.802 -6.948 -9.250
3 71 4.802 -6.948 -9.250 5.842 -7.475 -9.250 4.375 -8.000 -9.250
3 71 3.697 -6.551 -9.250 4.802 -6.948 -9.250 4.225 -7.750 -9.250
3 71 4.225 -7.750 -9.250 3.825 -7.525 -9.250 3.697 -6.551 -9.250
3 71 3.825 -7.525 -9.250 3.075 -7.175 -9.250 3.697 -6.551 -9.250
3 71 2.420 -6.104 -9.250 3.697 -6.551 -9.250 3.075 -7.175 -9.250
3 71 3.075 -7.175 -9.250 2.125 -6.825 -9.250 2.420 -6.104 -9.250
3 71 0.971 -5.774 -9.250 2.420 -6.104 -9.250 2.125 -6.825 -9.250
3 71 2.125 -6.825 -9.250 1.000 -6.550 -9.250 0.971 -5.774 -9.250
3 71 1.000 -6.550 -9.250 -0.398 -5.476 -9.250 0.971 -5.774 -9.250
3 71 -0.398 -5.476 -9.250 1.000 -6.550 -9.250 -0.100 -6.375 -9.250
3 71 -0.100 -6.375 -9.250 -1.810 -5.296 -9.250 -0.398 -5.476 -9.250
3 71 -1.810 -5.296 -9.250 -0.100 -6.375 -9.250 -1.400 -6.275 -9.250
3 71 -1.400 -6.275 -9.250 -2.838 -5.318 -9.250 -1.810 -5.296 -9.250
3 71 -2.838 -5.318 -9.250 -1.400 -6.275 -9.250 -1.850 -6.325 -9.250
3 71 -1.850 -6.325 -9.250 -4.050 -5.575 -9.250 -2.838 -5.318 -9.250
3 71 -4.050 -5.575 -9.250 -1.850 -6.325 -9.250 -2.150 -6.475 -9.250
3 71 -2.150 -6.475 -9.250 -4.350 -5.725 -9.250 -4.050 -5.575 -9.250
3 71 -2.150 -6.475 -9.250 -4.575 -5.925 -9.250 -4.350 -5.725 -9.250
3 71 -2.250 -6.625 -9.250 -4.650 -6.200 -9.250 -4.575 -5.925 -9.250
3 71 -4.575 -5.925 -9.250 -2.150 -6.475 -9.250 -2.250 -6.625 -9.250
3 71 -4.550 -6.425 -9.250 -4.650 -6.200 -9.250 -2.250 -6.625 -9.250
3 71 -2.250 -6.625 -9.250 -4.050 -6.875 -9.250 -4.550 -6.425 -9.250
3 71 -4.050 -6.875 -9.250 -2.250 -6.625 -9.250 -2.225 -6.825 -9.250
3 71 -2.225 -6.825 -9.250 -3.225 -7.350 -9.250 -4.050 -6.875 -9.250
3 71 -2.075 -7.050 -9.250 -2.150 -7.725 -9.250 -3.225 -7.350 -9.250
3 71 -3.225 -7.350 -9.250 -2.225 -6.825 -9.250 -2.075 -7.050 -9.250
3 71 -1.425 -7.375 -9.250 -0.875 -8.075 -9.250 -2.150 -7.725 -9.250
3 71 -2.150 -7.725 -9.250 -2.075 -7.050 -9.250 -1.425 -7.375 -9.250
3 71 -0.875 -8.075 -9.250 -1.425 -7.375 -9.250 -0.200 -7.750 -9.250
3 71 -0.200 -7.750 -9.250 0.575 -8.325 -9.250 -0.875 -8.075 -9.250
3 71 0.575 -8.325 -9.250 -0.200 -7.750 -9.250 0.750 -7.925 -9.250
3 71 1.450 -7.950 -9.250 1.975 -8.400 -9.250 0.575 -8.325 -9.250
3 71 0.575 -8.325 -9.250 0.750 -7.925 -9.250 1.450 -7.950 -9.250
3 71 1.975 -8.400 -9.250 1.450 -7.950 -9.250 1.750 -7.875 -9.250
3 71 1.750 -7.875 -9.250 3.400 -8.375 -9.250 1.975 -8.400 -9.250
3 71 3.775 -8.325 -9.250 3.400 -8.375 -9.250 1.750 -7.875 -9.250
3 71 1.750 -7.875 -9.250 3.875 -8.175 -9.250 3.775 -8.325 -9.250
3 71 3.875 -8.175 -9.250 1.750 -7.875 -9.250 3.825 -8.025 -9.250
3 71 1.750 -7.875 -9.250 1.825 -7.700 -9.250 3.575 -7.850 -9.250
3 71 3.575 -7.850 -9.250 3.825 -8.025 -9.250 1.750 -7.875 -9.250
3 71 1.825 -7.700 -9.250 1.800 -7.525 -9.250 2.575 -7.375 -9.250
3 71 2.575 -7.375 -9.250 3.575 -7.850 -9.250 1.825 -7.700 -9.250
3 71 1.800 -7.525 -9.250 1.700 -7.350 -9.250 2.575 -7.375 -9.250
3 71 1.700 -7.350 -9.250 1.350 -7.225 -9.250 1.650 -7.050 -9.250
3 71 1.650 -7.050 -9.250 2.575 -7.375 -9.250 1.700 -7.350 -9.250
3 71 0.575 -6.800 -9.250 1.650 -7.050 -9.250 1.350 -7.225 -9.250
3 71 1.350 -7.225 -9.250 0.450 -7.025 -9.250 0.575 -6.800 -9.250
3 71 0.450 -7.025 -9.250 -0.675 -6.950 -9.250 -0.650 -6.625 -9.250
3 71 -0.650 -6.625 -9.250 0.575 -6.800 -9.250 0.450 -7.025 -9.250
3 71 -1.375 -6.575 -9.250 -0.650 -6.625 -9.250 -0.675 -6.950 -9.250
3 71 -0.675 -6.950 -9.250 -1.700 -6.600 -9.250 -1.375 -6.575 -9.250
3 71 -0.675 -6.950 -9.250 -1.900 -6.725 -9.250 -1.700 -6.600 -9.250
3 71 -0.675 -6.950 -9.250 -1.150 -7.175 -9.250 -1.800 -6.900 -9.250
3 71 -1.800 -6.900 -9.250 -1.900 -6.725 -9.250 -0.675 -6.950 -9.250
3 71 -0.675 -6.950 -9.250 0.050 -7.075 -9.250 -0.150 -7.500 -9.250
3 71 -0.150 -7.500 -9.250 -1.150 -7.175 -9.250 -0.675 -6.950 -9.250
3 71 0.775 -7.700 -9.250 -0.150 -7.500 -9.250 0.050 -7.075 -9.250
3 71 0.050 -7.075 -9.250 0.925 -7.275 -9.250 0.775 -7.700 -9.250
3 71 1.425 -7.700 -9.250 0.775 -7.700 -9.250 0.925 -7.275 -9.250
3 71 0.925 -7.275 -9.250 1.500 -7.500 -9.250 1.425 -7.700 -9.250
3 71 1.425 -7.700 -9.250 1.500 -7.500 -9.250 1.525 -7.625 -9.250
3 71 -5.230 -4.369 -9.250 -4.875 -4.141 -9.250 -4.857 -4.547 -9.250
3 71 -4.857 -4.547 -9.250 -5.362 -4.613 -9.250 -5.230 -4.369 -9.250
3 71 -3.832 -4.500 -9.250 -4.857 -4.547 -9.250 -4.875 -4.141 -9.250
3 71 -4.875 -4.141 -9.250 -4.182 -3.858 -9.250 -3.832 -4.500 -9.250
3 71 -3.832 -4.500 -9.250 -4.182 -3.858 -9.250 -3.278 -3.658 -9.250
3 71 -3.278 -3.658 -9.250 -2.408 -4.529 -9.250 -3.832 -4.500 -9.250
3 71 -2.408 -4.529 -9.250 -3.278 -3.658 -9.250 -2.198 -3.547 -9.250
3 71 -2.198 -3.547 -9.250 -0.713 -4.733 -9.250 -2.408 -4.529 -9.250
3 71 -0.713 -4.733 -9.250 -2.198 -3.547 -9.250 -0.982 -3.529 -9.250
3 71 -0.982 -3.529 -9.250 0.400 -4.300 -9.250 -0.713 -4.733 -9.250
3 71 0.400 -4.300 -9.250 -0.982 -3.529 -9.250 0.321 -3.607 -9.250
3 71 0.321 -3.607 -9.250 1.663 -3.776 -9.250 0.950 -4.150 -9.250
3 71 0.950 -4.150 -9.250 0.400 -4.300 -9.250 0.321 -3.607 -9.250
3 71 0.950 -4.150 -9.250 1.663 -3.776 -9.250 2.025 -4.025 -9.250
3 71 2.025 -4.025 -9.250 1.663 -3.776 -9.250 2.716 -4.005 -9.250
3 71 -0.713 -4.733 -9.250 0.400 -4.300 -9.250 0.525 -4.525 -9.250
3 71 0.525 -4.525 -9.250 1.300 -4.475 -9.250 0.842 -5.007 -9.250
3 71 0.842 -5.007 -9.250 -0.713 -4.733 -9.250 0.525 -4.525 -9.250
3 71 2.450 -5.414 -9.250 0.842 -5.007 -9.250 1.300 -4.475 -9.250
3 71 1.300 -4.475 -9.250 2.775 -4.525 -9.250 2.450 -5.414 -9.250
3 71 4.325 -4.775 -9.250 3.901 -5.891 -9.250 2.450 -5.414 -9.250
3 71 2.450 -5.414 -9.250 2.775 -4.525 -9.250 4.325 -4.775 -9.250
3 71 5.850 -5.175 -9.250 5.389 -6.469 -9.250 3.901 -5.891 -9.250
3 71 3.901 -5.891 -9.250 4.325 -4.775 -9.250 5.850 -5.175 -9.250
3 71 7.197 -5.661 -9.250 7.768 -6.143 -9.250 5.389 -6.469 -9.250
3 71 5.389 -6.469 -9.250 5.850 -5.175 -9.250 7.197 -5.661 -9.250
3 71 6.689 -7.202 -9.250 5.389 -6.469 -9.250 7.768 -6.143 -9.250
3 71 7.768 -6.143 -9.250 8.092 -6.620 -9.250 6.689 -7.202 -9.250
3 71 6.689 -7.202 -9.250 8.092 -6.620 -9.250 8.155 -7.073 -9.250
3 71 7.930 -7.409 -9.250 7.457 -7.691 -9.250 6.689 -7.202 -9.250
3 71 6.689 -7.202 -9.250 8.155 -7.073 -9.250 7.930 -7.409 -9.250
3 71 -4.275 -3.155 -9.250 -4.719 -3.318 -9.250 -5.050 -3.015 -9.250
3 71 -5.050 -3.015 -9.250 -5.288 -2.527 -9.250 -4.275 -3.155 -9.250
3 71 -4.275 -3.155 -9.250 -5.288 -2.527 -9.250 -5.176 -2.110 -9.250
3 71 -4.770 -1.732 -9.250 -4.135 -1.480 -9.250 -4.275 -3.155 -9.250
3 71 -4.275 -3.155 -9.250 -5.176 -2.110 -9.250 -4.770 -1.732 -9.250
3 71 -3.310 -2.972 -9.250 -4.275 -3.155 -9.250 -4.135 -1.480 -9.250
3 71 -4.135 -1.480 -9.250 -3.347 -1.244 -9.250 -3.310 -2.972 -9.250
3 71 -2.250 -1.800 -9.250 -3.347 -1.244 -9.250 -2.313 -1.108 -9.250
3 71 -2.313 -1.108 -9.250 -2.125 -1.600 -9.250 -2.250 -1.800 -9.250
3 71 -2.125 -1.600 -9.250 -2.313 -1.108 -9.250 -1.171 -1.054 -9.250
3 71 -1.171 -1.054 -9.250 -1.200 -1.325 -9.250 -2.125 -1.600 -9.250
3 71 -1.200 -1.325 -9.250 -1.171 -1.054 -9.250 -0.753 -1.048 -9.250
3 71 -2.250 -1.800 -9.250 -2.125 -1.975 -9.250 -3.310 -2.972 -9.250
3 71 -3.310 -2.972 -9.250 -3.347 -1.244 -9.250 -2.250 -1.800 -9.250
3 71 -2.125 -1.975 -9.250 -1.775 -1.925 -9.250 -2.159 -2.885 -9.250
3 71 -2.159 -2.885 -9.250 -3.310 -2.972 -9.250 -2.125 -1.975 -9.250
3 71 -1.775 -1.925 -9.250 -1.075 -1.750 -9.250 -0.864 -2.898 -9.250
3 71 -0.864 -2.898 -9.250 -2.159 -2.885 -9.250 -1.775 -1.925 -9.250
3 71 -0.150 -1.575 -9.250 0.523 -3.010 -9.250 -0.864 -2.898 -9.250
3 71 -0.864 -2.898 -9.250 -1.075 -1.750 -9.250 -0.150 -1.575 -9.250
3 71 1.150 -1.500 -9.250 1.950 -3.217 -9.250 0.523 -3.010 -9.250
3 71 0.523 -3.010 -9.250 -0.150 -1.575 -9.250 1.150 -1.500 -9.250
3 71 1.950 -3.217 -9.250 1.150 -1.500 -9.250 3.250 -1.550 -9.250
3 71 3.250 -1.550 -9.250 3.361 -3.510 -9.250 1.950 -3.217 -9.250
3 71 6.732 -2.477 -9.250 7.249 -2.858 -9.250 5.924 -4.310 -9.250
3 71 5.924 -4.310 -9.250 4.703 -3.879 -9.250 6.732 -2.477 -9.250
3 71 5.924 -4.310 -9.250 7.249 -2.858 -9.250 7.584 -3.227 -9.250
3 71 7.584 -3.227 -9.250 7.671 -3.665 -9.250 5.924 -4.310 -9.250
3 71 5.924 -4.310 -9.250 7.671 -3.665 -9.250 7.509 -4.082 -9.250
3 71 5.924 -4.310 -9.250 7.509 -4.082 -9.250 6.978 -4.461 -9.250
3 71 6.978 -4.461 -9.250 6.584 -4.608 -9.250 5.924 -4.310 -9.250
3 71 4.840 -1.790 -9.250 4.703 -3.879 -9.250 3.361 -3.510 -9.250
3 71 3.361 -3.510 -9.250 3.250 -1.550 -9.250 4.840 -1.790 -9.250
3 71 4.703 -3.879 -9.250 4.840 -1.790 -9.250 5.877 -2.074 -9.250
3 71 5.877 -2.074 -9.250 6.732 -2.477 -9.250 4.703 -3.879 -9.250
3 71 -4.730 -1.043 -9.250 -4.862 -1.104 -9.250 -4.988 -0.960 -9.250
3 71 -4.988 -0.960 -9.250 -5.217 -0.623 -9.250 -4.730 -1.043 -9.250
3 71 -3.803 -0.786 -9.250 -4.730 -1.043 -9.250 -5.217 -0.623 -9.250
3 71 -5.217 -0.623 -9.250 -5.292 -0.260 -9.250 -3.803 -0.786 -9.250
3 71 -3.803 -0.786 -9.250 -5.292 -0.260 -9.250 -5.160 0.041 -9.250
3 71 -4.800 0.318 -9.250 -4.226 0.560 -9.250 -3.803 -0.786 -9.250
3 71 -3.803 -0.786 -9.250 -5.160 0.041 -9.250 -4.800 0.318 -9.250
3 71 -3.803 -0.786 -9.250 -4.226 0.560 -9.250 -2.684 -0.607 -9.250
3 71 -2.684 -0.607 -9.250 -4.226 0.560 -9.250 -3.461 0.759 -9.250
3 71 -3.461 0.759 -9.250 -2.533 0.906 -9.250 -2.684 -0.607 -9.250
3 71 -1.418 -0.512 -9.250 -2.684 -0.607 -9.250 -2.533 0.906 -9.250
3 71 -2.533 0.906 -9.250 -1.478 0.997 -9.250 -1.418 -0.512 -9.250
3 71 -1.418 -0.512 -9.250 -1.478 0.997 -9.250 -0.338 1.027 -9.250
3 71 -0.338 1.027 -9.250 -0.052 -0.505 -9.250 -1.418 -0.512 -9.250
3 71 0.775 0.475 -9.250 -0.338 1.027 -9.250 0.775 0.725 -9.250
3 71 0.845 0.995 -9.250 1.344 0.956 -9.250 0.775 0.725 -9.250
3 71 0.775 0.725 -9.250 -0.338 1.027 -9.250 0.845 0.995 -9.250
3 71 0.775 0.475 -9.250 1.361 -0.585 -9.250 -0.052 -0.505 -9.250
3 71 -0.052 -0.505 -9.250 -0.338 1.027 -9.250 0.775 0.475 -9.250
3 71 1.325 0.600 -9.250 2.475 0.650 -9.250 1.361 -0.585 -9.250
3 71 1.361 -0.585 -9.250 0.775 0.475 -9.250 1.325 0.600 -9.250
3 71 2.766 -0.751 -9.250 1.361 -0.585 -9.250 2.475 0.650 -9.250
3 71 2.475 0.650 -9.250 3.584 0.671 -9.250 2.766 -0.751 -9.250
3 71 4.110 -0.995 -9.250 2.766 -0.751 -9.250 3.584 0.671 -9.250
3 71 3.584 0.671 -9.250 4.321 0.554 -9.250 4.110 -0.995 -9.250
3 71 5.103 0.335 -9.250 5.341 -1.309 -9.250 4.110 -0.995 -9.250
3 71 4.110 -0.995 -9.250 4.321 0.554 -9.250 5.103 0.335 -9.250
3 71 5.341 -1.309 -9.250 5.103 0.335 -9.250 5.844 0.032 -9.250
3 71 5.844 0.032 -9.250 6.389 -0.269 -9.250 5.341 -1.309 -9.250
3 71 5.341 -1.309 -9.250 6.389 -0.269 -9.250 6.718 -0.582 -9.250
3 71 6.718 -0.582 -9.250 6.818 -0.894 -9.250 5.341 -1.309 -9.250
3 71 5.341 -1.309 -9.250 6.818 -0.894 -9.250 6.736 -1.220 -9.250
3 71 6.501 -1.472 -9.250 6.214 -1.612 -9.250 5.341 -1.309 -9.250
3 71 5.341 -1.309 -9.250 6.736 -1.220 -9.250 6.501 -1.472 -9.250
3 71 -4.981 0.879 -9.250 -5.274 1.143 -9.250 -4.050 1.236 -9.250
3 71 -4.050 1.236 -9.250 -5.274 1.143 -9.250 -5.460 1.486 -9.250
3 71 -5.460 1.486 -9.250 -5.462 1.859 -9.250 -4.050 1.236 -9.250
3 71 -4.050 1.236 -9.250 -5.462 1.859 -9.250 -5.301 2.153 -9.250
3 71 -5.301 2.153 -9.250 -4.100 1.925 -9.250 -4.050 1.236 -9.250
3 71 -5.301 2.153 -9.250 -4.982 2.385 -9.250 -4.200 2.175 -9.250
3 71 -4.200 2.175 -9.250 -4.100 1.925 -9.250 -5.301 2.153 -9.250
3 71 -4.200 2.175 -9.250 -4.982 2.385 -9.250 -4.466 2.594 -9.250
3 71 -4.466 2.594 -9.250 -3.650 2.550 -9.250 -4.200 2.175 -9.250
3 71 -3.650 2.550 -9.250 -4.466 2.594 -9.250 -3.773 2.774 -9.250
3 71 -3.773 2.774 -9.250 -3.295 2.854 -9.250 -3.650 2.550 -9.250
3 71 -3.725 2.075 -9.250 -3.011 1.477 -9.250 -4.050 1.236 -9.250
3 71 -4.050 1.236 -9.250 -4.100 1.925 -9.250 -3.725 2.075 -9.250
3 71 -3.150 2.400 -9.250 -2.375 2.700 -9.250 -3.011 1.477 -9.250
3 71 -3.011 1.477 -9.250 -3.725 2.075 -9.250 -3.150 2.400 -9.250
3 71 -1.730 1.642 -9.250 -3.011 1.477 -9.250 -2.375 2.700 -9.250
3 71 -2.375 2.700 -9.250 -0.980 3.020 -9.250 -1.730 1.642 -9.250
3 71 -0.451 1.699 -9.250 -1.730 1.642 -9.250 -0.980 3.020 -9.250
3 71 -0.980 3.020 -9.250 0.152 3.075 -9.250 -0.451 1.699 -9.250
3 71 0.152 3.075 -9.250 1.233 3.032 -9.250 0.875 1.696 -9.250
3 71 0.875 1.696 -9.250 -0.451 1.699 -9.250 0.152 3.075 -9.250
3 71 1.233 3.032 -9.250 2.271 2.942 -9.250 2.199 1.606 -9.250
3 71 2.199 1.606 -9.250 0.875 1.696 -9.250 1.233 3.032 -9.250
3 71 3.227 2.808 -9.250 3.468 1.435 -9.250 2.199 1.606 -9.250
3 71 2.199 1.606 -9.250 2.271 2.942 -9.250 3.227 2.808 -9.250
3 71 3.468 1.435 -9.250 3.227 2.808 -9.250 4.064 2.637 -9.250
3 71 4.064 2.637 -9.250 4.750 2.433 -9.250 3.468 1.435 -9.250
3 71 4.750 2.433 -9.250 5.259 2.206 -9.250 4.635 1.189 -9.250
3 71 4.635 1.189 -9.250 3.468 1.435 -9.250 4.750 2.433 -9.250
3 71 4.635 1.189 -9.250 5.259 2.206 -9.250 5.570 1.964 -9.250
3 71 5.570 1.964 -9.250 5.722 1.690 -9.250 4.635 1.189 -9.250
3 71 4.635 1.189 -9.250 5.722 1.690 -9.250 5.736 1.446 -9.250
3 71 4.635 1.189 -9.250 5.736 1.446 -9.250 5.667 1.165 -9.250
3 71 5.667 1.165 -9.250 5.440 0.942 -9.250 4.635 1.189 -9.250
3 0 -7.115 4.779 -9.250 -6.854 4.488 -9.250 -7.706 4.315 -9.250
3 0 -7.706 4.315 -9.250 -7.847 4.759 -9.250 -7.115 4.779 -9.250
3 0 -7.182 5.106 -9.250 -7.115 4.779 -9.250 -7.847 4.759 -9.250
3 0 -7.847 4.759 -9.250 -7.815 5.032 -9.250 -7.182 5.106 -9.250
3 0 -6.677 5.768 -9.250 -7.323 5.839 -9.250 -6.524 6.417 -9.250
3 0 -6.524 6.417 -9.250 -5.965 6.088 -9.250 -6.677 5.768 -9.250
3 0 -5.448 6.925 -9.250 -5.079 6.387 -9.250 -5.965 6.088 -9.250
3 0 -5.965 6.088 -9.250 -6.524 6.417 -9.250 -5.448 6.925 -9.250
3 0 -5.079 6.387 -9.250 -5.448 6.925 -9.250 -4.168 7.330 -9.250
3 0 -4.168 7.330 -9.250 -4.005 6.645 -9.250 -5.079 6.387 -9.250
3 0 -4.005 6.645 -9.250 -4.168 7.330 -9.250 -2.772 7.603 -9.250
3 0 -2.772 7.603 -9.250 -2.842 6.846 -9.250 -4.005 6.645 -9.250
3 0 -2.772 7.603 -9.250 -1.355 7.725 -9.250 -1.644 6.974 -9.250
3 0 -1.644 6.974 -9.250 -2.842 6.846 -9.250 -2.772 7.603 -9.250
3 0 1.162 7.497 -9.250 1.166 6.817 -9.250 0.418 6.935 -9.250
3 0 0.418 6.935 -9.250 0.112 7.689 -9.250 1.162 7.497 -9.250
3 0 2.090 7.162 -9.250 1.653 6.626 -9.250 1.166 6.817 -9.250
3 0 1.166 6.817 -9.250 1.162 7.497 -9.250 2.090 7.162 -9.250
3 0 1.653 6.626 -9.250 2.090 7.162 -9.250 2.532 6.707 -9.250
3 0 2.532 6.707 -9.250 1.870 6.374 -9.250 1.653 6.626 -9.250
3 0 2.748 6.137 -9.250 1.954 6.104 -9.250 1.870 6.374 -9.250
3 0 1.870 6.374 -9.250 2.532 6.707 -9.250 2.748 6.137 -9.250
3 0 -6.854 4.488 -9.250 -6.690 3.741 -9.250 -7.239 3.960 -9.250
3 0 -7.239 3.960 -9.250 -7.706 4.315 -9.250 -6.854 4.488 -9.250
3 0 2.755 5.667 -9.250 1.945 5.795 -9.250 1.954 6.104 -9.250
3 0 1.954 6.104 -9.250 2.748 6.137 -9.250 2.755 5.667 -9.250
3 0 1.307 5.168 -9.250 1.550 5.858 -9.250 1.945 5.795 -9.250
3 0 1.945 5.795 -9.250 2.474 5.003 -9.250 1.307 5.168 -9.250
3 0 2.474 5.003 -9.250 1.945 5.795 -9.250 2.755 5.667 -9.250
3 0 2.755 5.667 -9.250 3.308 4.767 -9.250 2.474 5.003 -9.250
3 0 -6.311 4.222 -9.250 -5.943 3.787 -9.250 -6.690 3.741 -9.250
3 0 -6.690 3.741 -9.250 -6.854 4.488 -9.250 -6.311 4.222 -9.250
3 0 -5.943 3.787 -9.250 -6.311 4.222 -9.250 -6.122 4.403 -9.250
3 0 -6.122 4.403 -9.250 -5.552 4.143 -9.250 -5.943 3.787 -9.250
3 71 -5.169 2.887 -9.250 -5.504 2.663 -9.250 -5.858 2.934 -9.250
3 71 -5.858 2.934 -9.250 -6.006 3.399 -9.250 -5.169 2.887 -9.250
3 71 -5.943 3.787 -9.250 -5.552 4.143 -9.250 -5.169 2.887 -9.250
3 71 -5.169 2.887 -9.250 -6.006 3.399 -9.250 -5.943 3.787 -9.250
3 71 -4.382 3.229 -9.250 -5.169 2.887 -9.250 -5.552 4.143 -9.250
3 71 -5.552 4.143 -9.250 -4.665 4.539 -9.250 -4.382 3.229 -9.250
3 71 -3.422 3.509 -9.250 -4.382 3.229 -9.250 -4.665 4.539 -9.250
3 71 -4.665 4.539 -9.250 -3.610 4.848 -9.250 -3.422 3.509 -9.250
3 71 -2.480 5.021 -9.250 -2.328 3.693 -9.250 -3.422 3.509 -9.250
3 71 -3.422 3.509 -9.250 -3.610 4.848 -9.250 -2.480 5.021 -9.250
3 71 -2.328 3.693 -9.250 -2.480 5.021 -9.250 -1.205 5.166 -9.250
3 71 -1.205 5.166 -9.250 -1.140 3.796 -9.250 -2.328 3.693 -9.250
3 71 -1.140 3.796 -9.250 -1.205 5.166 -9.250 0.078 5.200 -9.250
3 71 0.078 5.200 -9.250 0.095 3.839 -9.250 -1.140 3.796 -9.250
3 71 1.307 5.168 -9.250 1.330 3.796 -9.250 0.095 3.839 -9.250
3 71 0.095 3.839 -9.250 0.078 5.200 -9.250 1.307 5.168 -9.250
3 71 2.474 5.003 -9.250 2.518 3.693 -9.250 1.330 3.796 -9.250
3 71 1.330 3.796 -9.250 1.307 5.168 -9.250 2.474 5.003 -9.250
3 71 3.308 4.767 -9.250 3.829 4.429 -9.250 2.518 3.693 -9.250
3 71 2.518 3.693 -9.250 2.474 5.003 -9.250 3.308 4.767 -9.250
3 71 2.518 3.693 -9.250 3.829 4.429 -9.250 3.928 4.140 -9.250
3 71 2.518 3.693 -9.250 3.928 4.140 -9.250 3.864 3.677 -9.250
3 71 3.864 3.677 -9.250 3.612 3.509 -9.250 2.518 3.693 -9.250
3 0 -8.272 5.319 -9.250 -8.594 5.667 -9.250 -7.910 5.921 -9.250
3 0 -7.910 5.921 -9.250 -7.815 5.032 -9.250 -8.272 5.319 -9.250
3 0 -8.088 6.191 -9.250 -7.910 5.921 -9.250 -8.594 5.667 -9.250
3 0 -8.594 5.667 -9.250 -8.764 6.107 -9.250 -8.088 6.191 -9.250
3 0 -8.088 6.191 -9.250 -8.764 6.107 -9.250 -8.800 6.544 -9.250
3 0 -8.800 6.544 -9.250 -8.024 6.508 -9.250 -8.088 6.191 -9.250
3 0 -8.024 6.508 -9.250 -8.800 6.544 -9.250 -8.662 6.953 -9.250
3 0 -8.024 6.508 -9.250 -8.662 6.953 -9.250 -8.330 7.382 -9.250
3 0 -8.330 7.382 -9.250 -7.720 6.852 -9.250 -8.024 6.508 -9.250
3 0 -7.720 6.852 -9.250 -8.330 7.382 -9.250 -7.681 7.801 -9.250
3 0 -7.681 7.801 -9.250 -7.199 7.197 -9.250 -7.720 6.852 -9.250
3 0 -6.808 8.182 -9.250 -6.494 7.521 -9.250 -7.199 7.197 -9.250
3 0 -7.199 7.197 -9.250 -7.681 7.801 -9.250 -6.808 8.182 -9.250
3 0 -5.773 8.499 -9.250 -5.655 7.802 -9.250 -6.494 7.521 -9.250
3 0 -6.494 7.521 -9.250 -6.808 8.182 -9.250 -5.773 8.499 -9.250
3 0 -5.773 8.499 -9.250 -4.644 8.730 -9.250 -4.739 8.020 -9.250
3 0 -4.739 8.020 -9.250 -5.655 7.802 -9.250 -5.773 8.499 -9.250
3 0 -3.807 8.111 -9.250 -4.739 8.020 -9.250 -4.644 8.730 -9.250
3 0 -4.644 8.730 -9.250 -3.749 8.859 -9.250 -3.807 8.111 -9.250
3 0 -3.807 8.111 -9.250 -3.749 8.859 -9.250 -2.924 8.140 -9.250
3 0 -1.469 8.785 -9.250 -1.487 8.029 -9.250 -2.150 8.103 -9.250
3 0 -2.150 8.103 -9.250 -1.922 8.829 -9.250 -1.469 8.785 -9.250
3 0 -1.487 8.029 -9.250 -1.469 8.785 -9.250 -0.722 8.587 -9.250
3 0 -0.722 8.587 -9.250 -1.077 7.874 -9.250 -1.487 8.029 -9.250
3 0 -0.227 8.297 -9.250 0.009 7.985 -9.250 -1.077 7.874 -9.250
3 0 -1.077 7.874 -9.250 -0.722 8.587 -9.250 -0.227 8.297 -9.250
3 0 -7.815 5.032 -9.250 -7.910 5.921 -9.250 -7.700 5.792 -9.250
3 0 -0.939 7.714 -9.250 -1.077 7.874 -9.250 0.009 7.985 -9.250
3 0 0.009 7.985 -9.250 0.112 7.689 -9.250 -0.939 7.714 -9.250
3 0 -1.644 6.974 -9.250 -1.355 7.725 -9.250 -0.939 7.714 -9.250
3 0 -0.939 7.714 -9.250 -0.540 6.996 -9.250 -1.644 6.974 -9.250
3 0 -0.540 6.996 -9.250 -0.939 7.714 -9.250 0.112 7.689 -9.250
3 0 0.112 7.689 -9.250 0.418 6.935 -9.250 -0.540 6.996 -9.250
3 0 -7.815 5.032 -9.250 -7.700 5.792 -9.250 -7.429 5.702 -9.250
3 0 -7.429 5.702 -9.250 -7.182 5.106 -9.250 -7.815 5.032 -9.250
3 0 -7.182 5.106 -9.250 -7.429 5.702 -9.250 -7.067 5.400 -9.250
3 0 -7.067 5.400 -9.250 -7.429 5.702 -9.250 -7.323 5.839 -9.250
3 0 -7.323 5.839 -9.250 -6.677 5.768 -9.250 -7.067 5.400 -9.250
3 71 -6.311 4.222 -9.250 -6.854 4.488 -9.250 -6.122 4.403 -9.250
3 71 -6.122 4.403 -9.250 -6.854 4.488 -9.250 -7.115 4.779 -9.250
3 71 -7.115 4.779 -9.250 -7.182 5.106 -9.250 -6.122 4.403 -9.250
3 71 -7.067 5.400 -9.250 -6.677 5.768 -9.250 -6.122 4.403 -9.250
3 71 -6.122 4.403 -9.250 -7.182 5.106 -9.250 -7.067 5.400 -9.250
3 71 -6.677 5.768 -9.250 -5.965 6.088 -9.250 -5.261 4.874 -9.250
3 71 -5.261 4.874 -9.250 -6.122 4.403 -9.250 -6.677 5.768 -9.250
3 71 -5.261 4.874 -9.250 -5.965 6.088 -9.250 -5.079 6.387 -9.250
3 71 -5.079 6.387 -9.250 -4.117 5.287 -9.250 -5.261 4.874 -9.250
3 71 -4.005 6.645 -9.250 -2.769 5.612 -9.250 -4.117 5.287 -9.250
3 71 -4.117 5.287 -9.250 -5.079 6.387 -9.250 -4.005 6.645 -9.250
3 71 -2.842 6.846 -9.250 -1.644 6.974 -9.250 -2.769 5.612 -9.250
3 71 -2.769 5.612 -9.250 -4.005 6.645 -9.250 -2.842 6.846 -9.250
3 71 -1.309 5.828 -9.250 -2.769 5.612 -9.250 -1.644 6.974 -9.250
3 71 -1.644 6.974 -9.250 -0.540 6.996 -9.250 -1.309 5.828 -9.250
3 71 0.164 5.896 -9.250 -1.309 5.828 -9.250 -0.540 6.996 -9.250
3 71 -0.540 6.996 -9.250 0.418 6.935 -9.250 0.164 5.896 -9.250
3 71 0.164 5.896 -9.250 0.418 6.935 -9.250 1.166 6.817 -9.250
3 71 1.166 6.817 -9.250 1.550 5.858 -9.250 0.164 5.896 -9.250
3 71 1.550 5.858 -9.250 1.166 6.817 -9.250 1.653 6.626 -9.250
3 71 1.653 6.626 -9.250 1.870 6.374 -9.250 1.550 5.858 -9.250
3 71 1.954 6.104 -9.250 1.945 5.795 -9.250 1.550 5.858 -9.250
3 71 1.550 5.858 -9.250 1.870 6.374 -9.250 1.954 6.104 -9.250
3 0 -8.675 8.175 -9.250 -8.600 8.425 -9.250 -8.100 8.100 -9.250
3 0 -8.100 8.100 -9.250 -8.525 8.025 -9.250 -8.675 8.175 -9.250
3 0 -8.100 8.100 -9.250 -8.600 8.425 -9.250 -7.950 8.825 -9.250
3 0 -7.950 8.825 -9.250 -7.500 8.450 -9.250 -8.100 8.100 -9.250
3 0 -7.500 8.450 -9.250 -7.950 8.825 -9.250 -6.975 9.150 -9.250
3 0 -6.975 9.150 -9.250 -6.575 8.750 -9.250 -7.500 8.450 -9.250
3 0 -5.975 9.375 -9.250 -5.225 8.875 -9.250 -6.575 8.750 -9.250
3 0 -6.575 8.750 -9.250 -6.975 9.150 -9.250 -5.975 9.375 -9.250
3 0 -4.325 9.525 -9.250 -3.175 9.450 -9.250 -4.275 8.900 -9.250
3 0 -4.275 8.900 -9.250 -5.225 8.875 -9.250 -4.325 9.525 -9.250
3 0 -2.575 9.300 -9.250 -3.749 8.859 -9.250 -4.275 8.900 -9.250
3 0 -4.275 8.900 -9.250 -3.175 9.450 -9.250 -2.575 9.300 -9.250
3 0 -3.749 8.859 -9.250 -2.575 9.300 -9.250 -2.150 9.075 -9.250
3 0 -2.150 9.075 -9.250 -1.922 8.829 -9.250 -3.749 8.859 -9.250
3 0 -2.150 8.103 -9.250 -2.924 8.140 -9.250 -3.749 8.859 -9.250
3 0 -3.749 8.859 -9.250 -1.922 8.829 -9.250 -2.150 8.103 -9.250
3 0 -9.875 8.850 -9.250 -10.025 9.050 -9.250 -9.950 9.325 -9.250
3 0 -9.950 9.325 -9.250 -9.650 8.850 -9.250 -9.875 8.850 -9.250
3 0 -9.950 9.325 -9.250 -9.375 9.700 -9.250 -9.225 9.050 -9.250
3 0 -9.225 9.050 -9.250 -9.650 8.850 -9.250 -9.950 9.325 -9.250
3 0 -8.725 9.250 -9.250 -9.225 9.050 -9.250 -9.375 9.700 -9.250
3 0 -9.375 9.700 -9.250 -8.650 9.950 -9.250 -8.725 9.250 -9.250
3 0 -8.225 9.425 -9.250 -8.725 9.250 -9.250 -8.650 9.950 -9.250
3 0 -8.650 9.950 -9.250 -7.925 10.150 -9.250 -8.225 9.425 -9.250
3 0 -7.550 9.500 -9.250 -8.225 9.425 -9.250 -7.925 10.150 -9.250
3 0 -7.925 10.150 -9.250 -6.875 10.225 -9.250 -7.550 9.500 -9.250
3 0 -6.475 9.550 -9.250 -7.550 9.500 -9.250 -6.875 10.225 -9.250
3 0 -6.875 10.225 -9.250 -5.850 10.200 -9.250 -6.475 9.550 -9.250
3 0 -5.850 10.200 -9.250 -5.050 10.075 -9.250 -6.025 9.500 -9.250
3 0 -6.025 9.500 -9.250 -6.475 9.550 -9.250 -5.850 10.200 -9.250
3 0 -6.025 9.500 -9.250 -5.050 10.075 -9.250 -4.625 9.850 -9.250
3 0 -4.625 9.850 -9.250 -4.325 9.525 -9.250 -6.025 9.500 -9.250
3 0 -5.975 9.375 -9.250 -6.025 9.500 -9.250 -4.325 9.525 -9.250
3 0 -4.325 9.525 -9.250 -5.225 8.875 -9.250 -5.975 9.375 -9.250
3 71 -7.429 5.702 -9.250 -7.700 5.792 -9.250 -7.323 5.839 -9.250
3 71 -7.323 5.839 -9.250 -7.700 5.792 -9.250 -7.910 5.921 -9.250
3 71 -7.910 5.921 -9.250 -8.088 6.191 -9.250 -7.323 5.839 -9.250
3 71 -7.323 5.839 -9.250 -8.088 6.191 -9.250 -8.024 6.508 -9.250
3 71 -8.024 6.508 -9.250 -7.720 6.852 -9.250 -7.323 5.839 -9.250
3 71 -7.720 6.852 -9.250 -7.199 7.197 -9.250 -6.524 6.417 -9.250
3 71 -6.524 6.417 -9.250 -7.323 5.839 -9.250 -7.720 6.852 -9.250
3 71 -6.524 6.417 -9.250 -7.199 7.197 -9.250 -6.494 7.521 -9.250
3 71 -6.494 7.521 -9.250 -5.448 6.925 -9.250 -6.524 6.417 -9.250
3 71 -5.655 7.802 -9.250 -4.739 8.020 -9.250 -5.448 6.925 -9.250
3 71 -5.448 6.925 -9.250 -6.494 7.521 -9.250 -5.655 7.802 -9.250
3 71 -4.168 7.330 -9.250 -5.448 6.925 -9.250 -4.739 8.020 -9.250
3 71 -4.739 8.020 -9.250 -3.807 8.111 -9.250 -4.168 7.330 -9.250
3 71 -2.772 7.603 -9.250 -4.168 7.330 -9.250 -3.807 8.111 -9.250
3 71 -3.807 8.111 -9.250 -2.924 8.140 -9.250 -2.772 7.603 -9.250
3 71 -2.772 7.603 -9.250 -2.924 8.140 -9.250 -2.150 8.103 -9.250
3 71 -2.150 8.103 -9.250 -1.487 8.029 -9.250 -2.772 7.603 -9.250
3 71 -1.355 7.725 -9.250 -2.772 7.603 -9.250 -1.487 8.029 -9.250
3 71 -1.487 8.029 -9.250 -1.077 7.874 -9.250 -1.355 7.725 -9.250
3 71 -0.939 7.714 -9.250 -1.355 7.725 -9.250 -1.077 7.874 -9.250
3 15 1.218 -11.025 -9.250 2.001 -15.198 -9.250 0.000 -15.329 -9.250
3 15 0.000 -15.329 -9.250 -0.338 -10.751 -9.250 1.218 -11.025 -9.250
3 15 2.788 -11.229 -9.250 3.967 -14.807 -9.250 2.001 -15.198 -9.250
3 15 2.001 -15.198 -9.250 1.218 -11.025 -9.250 2.788 -11.229 -9.250
3 15 3.967 -14.807 -9.250 2.788 -11.229 -9.250 4.362 -11.308 -9.250
3 15 4.362 -11.308 -9.250 5.866 -14.162 -9.250 3.967 -14.807 -9.250
3 15 5.636 -11.261 -9.250 7.665 -13.275 -9.250 5.866 -14.162 -9.250
3 15 5.866 -14.162 -9.250 4.362 -11.308 -9.250 5.636 -11.261 -9.250
3 15 7.665 -13.275 -9.250 5.636 -11.261 -9.250 6.712 -11.040 -9.250
3 15 6.712 -11.040 -9.250 9.332 -12.161 -9.250 7.665 -13.275 -9.250
3 15 7.548 -10.706 -9.250 10.839 -10.839 -9.250 9.332 -12.161 -9.250
3 15 9.332 -12.161 -9.250 6.712 -11.040 -9.250 7.548 -10.706 -9.250
3 15 10.839 -10.839 -9.250 7.548 -10.706 -9.250 8.111 -10.220 -9.250
3 15 10.839 -10.839 -9.250 8.111 -10.220 -9.250 8.381 -9.699 -9.250
3 15 8.381 -9.699 -9.250 12.161 -9.332 -9.250 10.839 -10.839 -9.250
3 15 12.161 -9.332 -9.250 8.381 -9.699 -9.250 8.397 -9.039 -9.250
3 15 8.397 -9.039 -9.250 13.275 -7.664 -9.250 12.161 -9.332 -9.250
3 15 8.469 -7.827 -9.250 13.275 -7.664 -9.250 8.397 -9.039 -9.250
3 15 8.397 -9.039 -9.250 8.059 -8.361 -9.250 8.469 -7.827 -9.250
3 15 8.059 -8.361 -9.250 7.925 -8.217 -9.250 8.469 -7.827 -9.250
3 15 13.275 -7.664 -9.250 8.469 -7.827 -9.250 8.782 -7.376 -9.250
3 15 8.782 -7.376 -9.250 14.162 -5.866 -9.250 13.275 -7.664 -9.250
3 15 8.782 -7.376 -9.250 8.900 -6.784 -9.250 14.162 -5.866 -9.250
3 15 14.162 -5.866 -9.250 8.900 -6.784 -9.250 8.838 -6.319 -9.250
3 15 8.838 -6.319 -9.250 14.807 -3.967 -9.250 14.162 -5.866 -9.250
3 15 14.807 -3.967 -9.250 8.838 -6.319 -9.250 8.499 -5.822 -9.250
3 15 8.499 -5.822 -9.250 8.141 -4.377 -9.250 14.807 -3.967 -9.250
3 15 8.141 -4.377 -9.250 8.363 -3.898 -9.250 14.807 -3.967 -9.250
3 15 7.821 -5.287 -9.250 7.430 -5.055 -9.250 7.815 -4.751 -9.250
3 15 8.499 -5.822 -9.250 7.821 -5.287 -9.250 7.815 -4.751 -9.250
3 15 7.815 -4.751 -9.250 8.141 -4.377 -9.250 8.499 -5.822 -9.250
3 15 14.807 -3.967 -9.250 8.363 -3.898 -9.250 8.390 -3.429 -9.250
3 15 8.390 -3.429 -9.250 15.198 -2.001 -9.250 14.807 -3.967 -9.250
3 15 8.289 -2.985 -9.250 15.329 0.000 -9.250 15.198 -2.001 -9.250
3 15 15.198 -2.001 -9.250 8.390 -3.429 -9.250 8.289 -2.985 -9.250
3 15 7.914 -2.534 -9.250 7.518 -1.196 -9.250 15.329 0.000 -9.250
3 15 15.329 0.000 -9.250 8.289 -2.985 -9.250 7.914 -2.534 -9.250
3 15 7.914 -2.534 -9.250 7.280 -2.094 -9.250 7.317 -1.675 -9.250
3 15 7.317 -1.675 -9.250 7.518 -1.196 -9.250 7.914 -2.534 -9.250
3 15 7.280 -2.094 -9.250 7.045 -1.982 -9.250 7.317 -1.675 -9.250
3 15 7.518 -1.196 -9.250 7.589 -0.767 -9.250 15.329 0.000 -9.250
3 15 15.329 0.000 -9.250 7.589 -0.767 -9.250 7.473 -0.328 -9.250
3 15 7.473 -0.328 -9.250 15.198 2.001 -9.250 15.329 0.000 -9.250
3 15 7.101 0.103 -9.250 14.807 3.967 -9.250 15.198 2.001 -9.250
3 15 15.198 2.001 -9.250 7.473 -0.328 -9.250 7.101 0.103 -9.250
3 15 6.404 1.243 -9.250 6.426 1.633 -9.250 14.807 3.967 -9.250
3 15 14.807 3.967 -9.250 7.101 0.103 -9.250 6.404 1.243 -9.250
3 15 6.487 0.509 -9.250 6.120 0.671 -9.250 6.294 0.895 -9.250
3 15 6.487 0.509 -9.250 6.294 0.895 -9.250 6.404 1.243 -9.250
3 15 6.404 1.243 -9.250 7.101 0.103 -9.250 6.487 0.509 -9.250
3 15 6.304 2.073 -9.250 14.162 5.866 -9.250 14.807 3.967 -9.250
3 15 14.807 3.967 -9.250 6.426 1.633 -9.250 6.304 2.073 -9.250
3 15 14.162 5.866 -9.250 6.304 2.073 -9.250 5.944 2.497 -9.250
3 15 5.944 2.497 -9.250 13.275 7.665 -9.250 14.162 5.866 -9.250
3 15 5.359 2.887 -9.250 4.706 4.164 -9.250 13.275 7.665 -9.250
3 15 13.275 7.665 -9.250 5.944 2.497 -9.250 5.359 2.887 -9.250
3 15 5.359 2.887 -9.250 4.572 3.229 -9.250 4.611 3.641 -9.250
3 15 4.611 3.641 -9.250 4.706 4.164 -9.250 5.359 2.887 -9.250
3 15 4.572 3.229 -9.250 4.426 3.271 -9.250 4.611 3.641 -9.250
3 15 4.650 4.580 -9.250 12.161 9.332 -9.250 13.275 7.665 -9.250
3 15 13.275 7.665 -9.250 4.706 4.164 -9.250 4.650 4.580 -9.250
3 15 12.161 9.332 -9.250 4.650 4.580 -9.250 4.307 5.031 -9.250
3 15 4.307 5.031 -9.250 10.839 10.839 -9.250 12.161 9.332 -9.250
3 15 4.307 5.031 -9.250 3.620 5.385 -9.250 9.332 12.161 -9.250
3 15 9.332 12.161 -9.250 10.839 10.839 -9.250 4.307 5.031 -9.250
3 15 2.748 6.137 -9.250 9.332 12.161 -9.250 3.620 5.385 -9.250
3 15 3.620 5.385 -9.250 2.755 5.667 -9.250 2.748 6.137 -9.250
3 15 2.748 6.137 -9.250 2.532 6.707 -9.250 9.332 12.161 -9.250
3 15 7.665 13.275 -9.250 9.332 12.161 -9.250 2.532 6.707 -9.250
3 15 2.532 6.707 -9.250 5.866 14.162 -9.250 7.665 13.275 -9.250
3 15 2.532 6.707 -9.250 2.090 7.162 -9.250 3.967 14.807 -9.250
3 15 3.967 14.807 -9.250 5.866 14.162 -9.250 2.532 6.707 -9.250
3 15 2.001 15.198 -9.250 3.967 14.807 -9.250 2.090 7.162 -9.250
3 15 2.090 7.162 -9.250 1.162 7.497 -9.250 2.001 15.198 -9.250
3 15 0.000 15.329 -9.250 2.001 15.198 -9.250 1.162 7.497 -9.250
3 15 1.162 7.497 -9.250 0.009 7.985 -9.250 0.000 15.329 -9.250
3 15 1.162 7.497 -9.250 0.112 7.689 -9.250 0.009 7.985 -9.250
3 15 0.009 7.985 -9.250 -0.227 8.297 -9.250 0.000 15.329 -9.250
3 15 -0.227 8.297 -9.250 -0.722 8.587 -9.250 0.000 15.329 -9.250
3 15 -0.722 8.587 -9.250 -1.469 8.785 -9.250 -2.001 15.198 -9.250
3 15 -2.001 15.198 -9.250 0.000 15.329 -9.250 -0.722 8.587 -9.250
3 15 -2.001 15.198 -9.250 -1.469 8.785 -9.250 -2.150 9.075 -9.250
3 15 -2.150 9.075 -9.250 -2.575 9.300 -9.250 -2.001 15.198 -9.250
3 15 -1.469 8.785 -9.250 -1.922 8.829 -9.250 -2.150 9.075 -9.250
3 15 -2.575 9.300 -9.250 -3.175 9.450 -9.250 -3.967 14.807 -9.250
3 15 -3.967 14.807 -9.250 -2.001 15.198 -9.250 -2.575 9.300 -9.250
3 15 -3.175 9.450 -9.250 -4.325 9.525 -9.250 -4.625 9.850 -9.250
3 15 -4.625 9.850 -9.250 -3.967 14.807 -9.250 -3.175 9.450 -9.250
3 15 -5.050 10.075 -9.250 -5.866 14.162 -9.250 -3.967 14.807 -9.250
3 15 -3.967 14.807 -9.250 -4.625 9.850 -9.250 -5.050 10.075 -9.250
3 15 -7.664 13.275 -9.250 -5.866 14.162 -9.250 -5.050 10.075 -9.250
3 15 -5.050 10.075 -9.250 -5.850 10.200 -9.250 -7.664 13.275 -9.250
3 15 -5.850 10.200 -9.250 -6.875 10.225 -9.250 -7.664 13.275 -9.250
3 15 -7.925 10.150 -9.250 -7.664 13.275 -9.250 -6.875 10.225 -9.250
3 15 -7.925 10.150 -9.250 -8.650 9.950 -9.250 -9.332 12.161 -9.250
3 15 -9.332 12.161 -9.250 -7.664 13.275 -9.250 -7.925 10.150 -9.250
3 15 -10.839 10.839 -9.250 -9.332 12.161 -9.250 -8.650 9.950 -9.250
3 15 -8.650 9.950 -9.250 -9.375 9.700 -9.250 -10.839 10.839 -9.250
3 15 -9.950 9.325 -9.250 -10.839 10.839 -9.250 -9.375 9.700 -9.250
3 15 -12.161 9.332 -9.250 -10.839 10.839 -9.250 -9.950 9.325 -9.250
3 15 -9.950 9.325 -9.250 -10.025 9.050 -9.250 -12.161 9.332 -9.250
3 15 -10.025 9.050 -9.250 -9.875 8.850 -9.250 -13.275 7.665 -9.250
3 15 -13.275 7.665 -9.250 -12.161 9.332 -9.250 -10.025 9.050 -9.250
3 15 -8.100 8.100 -9.250 -7.681 7.801 -9.250 -8.330 7.382 -9.250
3 15 -8.330 7.382 -9.250 -8.525 8.025 -9.250 -8.100 8.100 -9.250
3 15 -7.500 8.450 -9.250 -6.808 8.182 -9.250 -7.681 7.801 -9.250
3 15 -7.681 7.801 -9.250 -8.100 8.100 -9.250 -7.500 8.450 -9.250
3 15 -6.808 8.182 -9.250 -7.500 8.450 -9.250 -6.575 8.750 -9.250
3 15 -6.575 8.750 -9.250 -5.773 8.499 -9.250 -6.808 8.182 -9.250
3 15 -5.773 8.499 -9.250 -6.575 8.750 -9.250 -5.225 8.875 -9.250
3 15 -5.225 8.875 -9.250 -4.644 8.730 -9.250 -5.773 8.499 -9.250
3 15 -4.275 8.900 -9.250 -3.749 8.859 -9.250 -4.644 8.730 -9.250
3 15 -4.644 8.730 -9.250 -5.225 8.875 -9.250 -4.275 8.900 -9.250
3 15 -8.600 8.425 -9.250 -9.650 8.850 -9.250 -9.225 9.050 -9.250
3 15 -9.225 9.050 -9.250 -8.725 9.250 -9.250 -8.600 8.425 -9.250
3 15 -8.225 9.425 -9.250 -7.950 8.825 -9.250 -8.600 8.425 -9.250
3 15 -8.600 8.425 -9.250 -8.725 9.250 -9.250 -8.225 9.425 -9.250
3 15 -7.550 9.500 -9.250 -6.975 9.150 -9.250 -7.950 8.825 -9.250
3 15 -7.950 8.825 -9.250 -8.225 9.425 -9.250 -7.550 9.500 -9.250
3 15 -6.475 9.550 -9.250 -6.025 9.500 -9.250 -6.975 9.150 -9.250
3 15 -6.975 9.150 -9.250 -7.550 9.500 -9.250 -6.475 9.550 -9.250
3 15 -6.975 9.150 -9.250 -6.025 9.500 -9.250 -5.975 9.375 -9.250
3 15 -13.275 7.665 -9.250 -9.875 8.850 -9.250 -8.675 8.175 -9.250
3 15 -8.675 8.175 -9.250 -8.525 8.025 -9.250 -13.275 7.665 -9.250
3 15 -9.650 8.850 -9.250 -8.600 8.425 -9.250 -8.675 8.175 -9.250
3 15 -8.675 8.175 -9.250 -9.875 8.850 -9.250 -9.650 8.850 -9.250
3 15 -13.275 7.665 -9.250 -8.525 8.025 -9.250 -8.330 7.382 -9.250
3 15 -8.330 7.382 -9.250 -8.662 6.953 -9.250 -13.275 7.665 -9.250
3 15 -8.800 6.544 -9.250 -13.275 7.665 -9.250 -8.662 6.953 -9.250
3 15 -8.800 6.544 -9.250 -8.764 6.107 -9.250 -14.162 5.866 -9.250
3 15 -14.162 5.866 -9.250 -13.275 7.665 -9.250 -8.800 6.544 -9.250
3 15 -14.807 3.967 -9.250 -14.162 5.866 -9.250 -8.764 6.107 -9.250
3 15 -8.764 6.107 -9.250 -8.594 5.667 -9.250 -14.807 3.967 -9.250
3 15 -8.272 5.319 -9.250 -7.847 4.759 -9.250 -14.807 3.967 -9.250
3 15 -14.807 3.967 -9.250 -8.594 5.667 -9.250 -8.272 5.319 -9.250
3 15 -7.847 4.759 -9.250 -8.272 5.319 -9.250 -7.815 5.032 -9.250
3 15 -14.807 3.967 -9.250 -7.847 4.759 -9.250 -7.706 4.315 -9.250
3 15 -7.706 4.315 -9.250 -7.239 3.960 -9.250 -15.198 2.001 -9.250
3 15 -15.198 2.001 -9.250 -14.807 3.967 -9.250 -7.706 4.315 -9.250
3 15 -6.786 3.414 -9.250 -7.239 3.960 -9.250 -6.690 3.741 -9.250
3 15 -6.786 3.414 -9.250 -6.643 2.863 -9.250 -15.198 2.001 -9.250
3 15 -15.198 2.001 -9.250 -7.239 3.960 -9.250 -6.786 3.414 -9.250
3 15 -15.329 0.000 -9.250 -15.198 2.001 -9.250 -6.643 2.863 -9.250
3 15 -6.643 2.863 -9.250 -6.281 2.409 -9.250 -15.329 0.000 -9.250
3 15 -15.329 0.000 -9.250 -6.281 2.409 -9.250 -6.114 2.073 -9.250
3 15 -6.114 2.073 -9.250 -6.236 1.633 -9.250 -15.329 0.000 -9.250
3 15 -6.114 2.073 -9.250 -6.281 2.409 -9.250 -5.987 2.223 -9.250
3 15 -15.329 0.000 -9.250 -6.236 1.633 -9.250 -6.114 1.193 -9.250
3 15 -5.879 0.770 -9.250 -5.848 0.137 -9.250 -15.329 0.000 -9.250
3 15 -15.329 0.000 -9.250 -6.114 1.193 -9.250 -5.879 0.770 -9.250
3 15 -5.848 0.137 -9.250 -5.879 0.770 -9.250 -5.563 0.424 -9.250
3 15 -5.994 -0.292 -9.250 -15.329 0.000 -9.250 -5.848 0.137 -9.250
3 15 -15.329 0.000 -9.250 -5.994 -0.292 -9.250 -5.903 -0.781 -9.250
3 15 -5.903 -0.781 -9.250 -5.879 -1.746 -9.250 -15.329 0.000 -9.250
3 15 -5.879 -1.746 -9.250 -5.903 -0.781 -9.250 -5.657 -1.137 -9.250
3 15 -5.879 -1.746 -9.250 -5.657 -1.137 -9.250 -5.431 -1.367 -9.250
3 15 -6.005 -2.165 -9.250 -15.198 -2.001 -9.250 -15.329 0.000 -9.250
3 15 -15.329 0.000 -9.250 -5.879 -1.746 -9.250 -6.005 -2.165 -9.250
3 15 -14.807 -3.967 -9.250 -15.198 -2.001 -9.250 -6.005 -2.165 -9.250
3 15 -6.005 -2.165 -9.250 -5.954 -2.759 -9.250 -14.807 -3.967 -9.250
3 15 -5.729 -3.284 -9.250 -5.630 -3.803 -9.250 -14.807 -3.967 -9.250
3 15 -14.807 -3.967 -9.250 -5.954 -2.759 -9.250 -5.729 -3.284 -9.250
3 15 -5.630 -3.803 -9.250 -5.729 -3.284 -9.250 -5.427 -3.679 -9.250
3 15 -5.923 -4.194 -9.250 -14.807 -3.967 -9.250 -5.630 -3.803 -9.250
3 15 -6.061 -4.510 -9.250 -7.018 -5.152 -9.250 -14.807 -3.967 -9.250
3 15 -14.807 -3.967 -9.250 -5.923 -4.194 -9.250 -6.061 -4.510 -9.250
3 15 -7.018 -5.152 -9.250 -6.061 -4.510 -9.250 -6.157 -4.817 -9.250
3 15 -7.507 -5.638 -9.250 -14.162 -5.866 -9.250 -14.807 -3.967 -9.250
3 15 -14.807 -3.967 -9.250 -7.018 -5.152 -9.250 -7.507 -5.638 -9.250
3 15 -7.751 -6.234 -9.250 -13.275 -7.665 -9.250 -14.162 -5.866 -9.250
3 15 -14.162 -5.866 -9.250 -7.507 -5.638 -9.250 -7.751 -6.234 -9.250
3 15 -7.751 -6.234 -9.250 -7.717 -6.819 -9.250 -12.161 -9.332 -9.250
3 15 -12.161 -9.332 -9.250 -13.275 -7.665 -9.250 -7.751 -6.234 -9.250
3 15 -7.717 -6.819 -9.250 -7.379 -7.447 -9.250 -10.839 -10.839 -9.250
3 15 -10.839 -10.839 -9.250 -12.161 -9.332 -9.250 -7.717 -6.819 -9.250
3 15 -10.839 -10.839 -9.250 -7.379 -7.447 -9.250 -6.652 -8.092 -9.250
3 15 -6.652 -8.092 -9.250 -9.332 -12.161 -9.250 -10.839 -10.839 -9.250
3 15 -9.332 -12.161 -9.250 -6.652 -8.092 -9.250 -5.759 -8.731 -9.250
3 15 -5.759 -8.731 -9.250 -7.664 -13.275 -9.250 -9.332 -12.161 -9.250
3 15 -4.634 -9.338 -9.250 -5.866 -14.162 -9.250 -7.664 -13.275 -9.250
3 15 -7.664 -13.275 -9.250 -5.759 -8.731 -9.250 -4.634 -9.338 -9.250
3 15 -5.866 -14.162 -9.250 -4.634 -9.338 -9.250 -3.321 -9.891 -9.250
3 15 -3.321 -9.891 -9.250 -3.967 -14.807 -9.250 -5.866 -14.162 -9.250
3 15 -3.967 -14.807 -9.250 -3.321 -9.891 -9.250 -1.870 -10.368 -9.250
3 15 -1.870 -10.368 -9.250 -2.001 -15.198 -9.250 -3.967 -14.807 -9.250
3 15 -2.001 -15.198 -9.250 -1.870 -10.368 -9.250 -0.338 -10.751 -9.250
3 15 -0.338 -10.751 -9.250 0.000 -15.329 -9.250 -2.001 -15.198 -9.250
1 16 0.0000 0.0000 -9.0000 18.0000 0.0000 0.0000 0.0000 0.0000 -18.0000 0.0000 -0.2500 0.0000 4-4cylc3.dat
