0 FILE 30372pb08.dat
0 Windscreen 7 x 4 x 1 2/3 with SW Light Bluish Gray Snowspeeder Pattern
0 Name:  30372pb08.dat
0 Author:  
0 BL_Item_No 30372pb08
0 BFC CERTIFY CCW
1 16 0.0000 0.0000 0.0000 1.0000 0.0000 0.0000 0.0000 1.0000 0.0000 0.0000 0.0000 1.0000 s/30372s01.dat
3 16 -37.500 -2.000 -70.000 -40.000 -2.000 -70.000 -20.000 34.000 -150.000
3 16 -20.000 34.000 -150.000 -16.700 33.388 -148.639 -37.500 -2.000 -70.000
3 16 -28.146 0.630 -75.845 -11.900 28.491 -137.758 -8.800 28.491 -137.758
3 16 -8.800 28.491 -137.758 -6.900 25.899 -131.997 -28.146 0.630 -75.845
3 16 -28.200 0.469 -75.486 0.000 0.057 -74.572 -27.924 0.171 -74.824
3 16 -27.924 0.171 -74.824 -28.146 0.308 -75.128 -28.200 0.469 -75.486
3 16 -27.924 0.171 -74.824 0.000 0.057 -74.572 -27.200 0.057 -74.572
3 16 -27.200 0.057 -74.572 -27.592 0.079 -74.621 -27.924 0.171 -74.824
3 16 -28.200 0.469 -75.486 -28.146 0.630 -75.845 -6.900 25.899 -131.997
3 16 -6.900 25.899 -131.997 0.000 0.057 -74.572 -28.200 0.469 -75.486
3 16 0.000 0.057 -74.572 -6.900 25.899 -131.997 0.000 25.899 -131.997
3 16 -16.700 33.388 -148.639 -20.000 34.000 -150.000 0.000 34.000 -150.000
3 16 0.000 34.000 -150.000 0.000 33.388 -148.639 -16.700 33.388 -148.639
3 16 -40.000 -2.000 -10.000 -36.500 -2.000 -14.000 -30.000 -2.000 -14.000
3 16 -40.000 -2.000 -10.000 -30.000 -2.000 -14.000 -29.000 -2.000 -14.000
3 16 -40.000 -2.000 -10.000 -37.500 -2.000 -14.000 -36.500 -2.000 -14.000
3 16 -40.000 -2.000 -70.000 -37.500 -2.000 -70.000 -37.500 -2.000 -14.000
3 16 -37.500 -2.000 -14.000 -40.000 -2.000 -10.000 -40.000 -2.000 -70.000
3 16 -29.000 -2.000 -14.000 0.000 -2.000 -14.000 0.000 -2.000 -10.000
3 16 0.000 -2.000 -10.000 -40.000 -2.000 -10.000 -29.000 -2.000 -14.000
3 16 0.000 -2.000 -38.500 -28.000 -2.000 -38.500 -28.392 -2.000 -38.554
3 16 -28.392 -2.000 -38.554 0.000 -2.000 -65.000 0.000 -2.000 -38.500
3 16 -28.392 -2.000 -38.554 -28.724 -2.000 -38.776 -28.946 -2.000 -39.108
3 16 -28.946 -2.000 -39.108 0.000 -2.000 -65.000 -28.392 -2.000 -38.554
3 16 -28.946 -2.000 -39.108 -29.000 -2.000 -39.500 -29.000 -2.000 -64.000
3 16 -29.000 -2.000 -64.000 0.000 -2.000 -65.000 -28.946 -2.000 -39.108
3 16 -29.000 -2.000 -64.000 -28.946 -2.000 -64.392 0.000 -2.000 -65.000
3 16 -28.946 -2.000 -64.392 -28.724 -2.000 -64.724 -28.392 -2.000 -64.946
3 16 -28.392 -2.000 -64.946 0.000 -2.000 -65.000 -28.946 -2.000 -64.392
3 16 -28.392 -2.000 -64.946 -28.000 -2.000 -65.000 0.000 -2.000 -65.000
3 71 -16.700 33.388 -148.639 -16.100 32.976 -147.725 -36.500 -2.000 -70.000
3 71 -36.500 -2.000 -70.000 -37.500 -2.000 -70.000 -16.700 33.388 -148.639
3 71 -29.057 0.152 -74.783 -29.200 0.469 -75.486 -28.200 0.469 -75.486
3 71 -28.200 0.469 -75.486 -28.146 0.308 -75.128 -29.057 0.152 -74.783
3 71 -28.621 -0.116 -74.187 -29.057 0.152 -74.783 -28.146 0.308 -75.128
3 71 -28.146 0.308 -75.128 -27.924 0.171 -74.824 -28.621 -0.116 -74.187
3 71 -27.924 0.171 -74.824 -27.592 0.079 -74.621 -27.969 -0.295 -73.788
3 71 -27.969 -0.295 -73.788 -28.621 -0.116 -74.187 -27.924 0.171 -74.824
3 71 -27.200 -0.354 -73.658 -27.969 -0.295 -73.788 -27.592 0.079 -74.621
3 71 -27.592 0.079 -74.621 -27.200 0.057 -74.572 -27.200 -0.354 -73.658
3 71 -28.200 0.469 -75.486 -29.200 0.469 -75.486 -29.057 0.786 -76.190
3 71 -29.057 0.786 -76.190 -28.146 0.630 -75.845 -28.200 0.469 -75.486
3 71 -11.900 28.491 -137.758 -28.146 0.630 -75.845 -29.057 0.786 -76.190
3 71 -29.057 0.786 -76.190 -12.500 28.902 -138.672 -11.900 28.491 -137.758
3 71 -12.500 28.902 -138.672 -8.200 28.902 -138.672 -8.800 28.491 -137.758
3 71 -8.800 28.491 -137.758 -11.900 28.491 -137.758 -12.500 28.902 -138.672
3 71 -6.300 26.310 -132.911 -6.900 25.899 -131.997 -8.800 28.491 -137.758
3 71 -8.800 28.491 -137.758 -8.200 28.902 -138.672 -6.300 26.310 -132.911
3 15 -36.500 -2.000 -70.000 -29.057 0.152 -74.783 -28.621 -0.116 -74.187
3 15 -36.500 -2.000 -70.000 -28.621 -0.116 -74.187 -27.969 -0.295 -73.788
3 15 -36.500 -2.000 -70.000 -27.969 -0.295 -73.788 -27.200 -0.354 -73.658
3 15 -36.500 -2.000 -70.000 -29.200 0.469 -75.486 -29.057 0.152 -74.783
3 15 -29.200 0.469 -75.486 -36.500 -2.000 -70.000 -16.100 32.976 -147.725
3 15 -16.100 32.976 -147.725 -29.057 0.786 -76.190 -29.200 0.469 -75.486
3 15 0.000 32.976 -147.725 -8.200 28.902 -138.672 -12.500 28.902 -138.672
3 15 -12.500 28.902 -138.672 -16.100 32.976 -147.725 0.000 32.976 -147.725
3 15 -29.057 0.786 -76.190 -16.100 32.976 -147.725 -12.500 28.902 -138.672
3 15 0.000 -0.354 -73.658 0.000 -2.000 -70.000 -36.500 -2.000 -70.000
3 15 -36.500 -2.000 -70.000 -27.200 -0.354 -73.658 0.000 -0.354 -73.658
3 71 -27.200 -0.354 -73.658 -27.200 0.057 -74.572 0.000 0.057 -74.572
3 71 0.000 0.057 -74.572 0.000 -0.354 -73.658 -27.200 -0.354 -73.658
3 71 0.000 26.310 -132.911 0.000 25.899 -131.997 -6.900 25.899 -131.997
3 71 -6.900 25.899 -131.997 -6.300 26.310 -132.911 0.000 26.310 -132.911
3 15 0.000 32.976 -147.725 0.000 26.310 -132.911 -6.300 26.310 -132.911
3 15 -6.300 26.310 -132.911 -8.200 28.902 -138.672 0.000 32.976 -147.725
3 71 0.000 33.388 -148.639 0.000 32.976 -147.725 -16.100 32.976 -147.725
3 71 -16.100 32.976 -147.725 -16.700 33.388 -148.639 0.000 33.388 -148.639
3 71 -36.500 -2.000 -70.000 -36.500 -2.000 -14.000 -37.500 -2.000 -14.000
3 71 -37.500 -2.000 -14.000 -37.500 -2.000 -70.000 -36.500 -2.000 -70.000
3 71 -29.000 -2.000 -64.000 -30.000 -2.000 -64.000 -29.857 -2.000 -64.769
3 71 -29.857 -2.000 -64.769 -28.946 -2.000 -64.392 -29.000 -2.000 -64.000
3 71 -29.421 -2.000 -65.421 -28.724 -2.000 -64.724 -28.946 -2.000 -64.392
3 71 -28.946 -2.000 -64.392 -29.857 -2.000 -64.769 -29.421 -2.000 -65.421
3 71 -28.769 -2.000 -65.857 -28.392 -2.000 -64.946 -28.724 -2.000 -64.724
3 71 -28.724 -2.000 -64.724 -29.421 -2.000 -65.421 -28.769 -2.000 -65.857
3 71 -28.000 -2.000 -66.000 -28.000 -2.000 -65.000 -28.392 -2.000 -64.946
3 71 -28.392 -2.000 -64.946 -28.769 -2.000 -65.857 -28.000 -2.000 -66.000
3 71 -29.857 -2.000 -38.731 -30.000 -2.000 -39.500 -29.000 -2.000 -39.500
3 71 -29.000 -2.000 -39.500 -28.946 -2.000 -39.108 -29.857 -2.000 -38.731
3 71 -28.946 -2.000 -39.108 -28.724 -2.000 -38.776 -29.421 -2.000 -38.079
3 71 -29.421 -2.000 -38.079 -29.857 -2.000 -38.731 -28.946 -2.000 -39.108
3 71 -28.769 -2.000 -37.643 -29.421 -2.000 -38.079 -28.724 -2.000 -38.776
3 71 -28.724 -2.000 -38.776 -28.392 -2.000 -38.554 -28.769 -2.000 -37.643
3 71 -28.392 -2.000 -38.554 -28.000 -2.000 -38.500 -28.000 -2.000 -37.500
3 71 -28.000 -2.000 -37.500 -28.769 -2.000 -37.643 -28.392 -2.000 -38.554
3 71 -29.000 -2.000 -64.000 -29.000 -2.000 -39.500 -30.000 -2.000 -39.500
3 71 -30.000 -2.000 -39.500 -30.000 -2.000 -64.000 -29.000 -2.000 -64.000
3 71 -29.000 -2.000 -32.500 -30.000 -2.000 -32.500 -29.857 -2.000 -33.269
3 71 -29.857 -2.000 -33.269 -28.946 -2.000 -32.892 -29.000 -2.000 -32.500
3 71 -29.421 -2.000 -33.921 -28.724 -2.000 -33.224 -28.946 -2.000 -32.892
3 71 -28.946 -2.000 -32.892 -29.857 -2.000 -33.269 -29.421 -2.000 -33.921
3 71 -28.769 -2.000 -34.357 -28.392 -2.000 -33.446 -28.724 -2.000 -33.224
3 71 -28.724 -2.000 -33.224 -29.421 -2.000 -33.921 -28.769 -2.000 -34.357
3 71 -28.000 -2.000 -34.500 -28.000 -2.000 -33.500 -28.392 -2.000 -33.446
3 71 -28.392 -2.000 -33.446 -28.769 -2.000 -34.357 -28.000 -2.000 -34.500
3 71 -30.000 -2.000 -14.000 -30.000 -2.000 -32.500 -29.000 -2.000 -32.500
3 71 -29.000 -2.000 -32.500 -29.000 -2.000 -14.000 -30.000 -2.000 -14.000
3 15 -28.946 -2.000 -32.892 0.000 -2.000 -14.000 -29.000 -2.000 -14.000
3 15 -29.000 -2.000 -14.000 -29.000 -2.000 -32.500 -28.946 -2.000 -32.892
3 15 -28.946 -2.000 -32.892 -28.724 -2.000 -33.224 -28.392 -2.000 -33.446
3 15 -28.392 -2.000 -33.446 0.000 -2.000 -14.000 -28.946 -2.000 -32.892
3 15 0.000 -2.000 -33.500 0.000 -2.000 -14.000 -28.392 -2.000 -33.446
3 15 -28.392 -2.000 -33.446 -28.000 -2.000 -33.500 0.000 -2.000 -33.500
3 15 -29.857 -2.000 -33.269 -30.000 -2.000 -32.500 -30.000 -2.000 -39.500
3 15 -30.000 -2.000 -39.500 -29.857 -2.000 -38.731 -29.857 -2.000 -33.269
3 15 -29.421 -2.000 -33.921 -29.857 -2.000 -33.269 -29.857 -2.000 -38.731
3 15 -29.857 -2.000 -38.731 -29.421 -2.000 -38.079 -29.421 -2.000 -33.921
3 15 -29.421 -2.000 -38.079 -28.769 -2.000 -37.643 -28.769 -2.000 -34.357
3 15 -28.769 -2.000 -34.357 -29.421 -2.000 -33.921 -29.421 -2.000 -38.079
3 15 -28.000 -2.000 -34.500 -28.769 -2.000 -34.357 -28.769 -2.000 -37.643
3 15 -28.769 -2.000 -37.643 -28.000 -2.000 -37.500 -28.000 -2.000 -34.500
3 15 -30.000 -2.000 -64.000 -36.500 -2.000 -70.000 -29.857 -2.000 -64.769
3 15 -29.857 -2.000 -64.769 -36.500 -2.000 -70.000 -29.421 -2.000 -65.421
3 15 -29.421 -2.000 -65.421 -36.500 -2.000 -70.000 -28.769 -2.000 -65.857
3 15 -28.769 -2.000 -65.857 -36.500 -2.000 -70.000 -28.000 -2.000 -66.000
3 15 -30.000 -2.000 -39.500 -36.500 -2.000 -70.000 -30.000 -2.000 -64.000
3 15 -36.500 -2.000 -14.000 -36.500 -2.000 -70.000 -30.000 -2.000 -39.500
3 15 -30.000 -2.000 -39.500 -30.000 -2.000 -32.500 -36.500 -2.000 -14.000
3 15 -30.000 -2.000 -14.000 -36.500 -2.000 -14.000 -30.000 -2.000 -32.500
3 71 0.000 -2.000 -34.500 0.000 -2.000 -33.500 -28.000 -2.000 -33.500
3 71 -28.000 -2.000 -33.500 -28.000 -2.000 -34.500 0.000 -2.000 -34.500
3 71 0.000 -2.000 -38.500 0.000 -2.000 -37.500 -28.000 -2.000 -37.500
3 71 -28.000 -2.000 -37.500 -28.000 -2.000 -38.500 0.000 -2.000 -38.500
3 15 -28.000 -2.000 -34.500 -28.000 -2.000 -37.500 0.000 -2.000 -37.500
3 15 0.000 -2.000 -37.500 0.000 -2.000 -34.500 -28.000 -2.000 -34.500
3 71 0.000 -2.000 -66.000 0.000 -2.000 -65.000 -28.000 -2.000 -65.000
3 71 -28.000 -2.000 -65.000 -28.000 -2.000 -66.000 0.000 -2.000 -66.000
3 15 -28.000 -2.000 -66.000 -36.500 -2.000 -70.000 0.000 -2.000 -70.000
3 15 0.000 -2.000 -70.000 0.000 -2.000 -66.000 -28.000 -2.000 -66.000
3 16 20.000 34.000 -150.000 40.000 -2.000 -70.000 37.500 -2.000 -70.000
3 16 37.500 -2.000 -70.000 16.700 33.388 -148.639 20.000 34.000 -150.000
3 16 8.800 28.491 -137.758 11.900 28.491 -137.758 28.146 0.630 -75.845
3 16 28.146 0.630 -75.845 6.900 25.899 -131.997 8.800 28.491 -137.758
3 16 27.924 0.171 -74.824 0.000 0.057 -74.572 28.200 0.469 -75.486
3 16 28.200 0.469 -75.486 28.146 0.308 -75.128 27.924 0.171 -74.824
3 16 27.200 0.057 -74.572 0.000 0.057 -74.572 27.924 0.171 -74.824
3 16 27.924 0.171 -74.824 27.592 0.079 -74.621 27.200 0.057 -74.572
3 16 6.900 25.899 -131.997 28.146 0.630 -75.845 28.200 0.469 -75.486
3 16 28.200 0.469 -75.486 0.000 0.057 -74.572 6.900 25.899 -131.997
3 16 0.000 25.899 -131.997 6.900 25.899 -131.997 0.000 0.057 -74.572
3 16 0.000 34.000 -150.000 20.000 34.000 -150.000 16.700 33.388 -148.639
3 16 16.700 33.388 -148.639 0.000 33.388 -148.639 0.000 34.000 -150.000
3 16 30.000 -2.000 -14.000 36.500 -2.000 -14.000 40.000 -2.000 -10.000
3 16 29.000 -2.000 -14.000 30.000 -2.000 -14.000 40.000 -2.000 -10.000
3 16 36.500 -2.000 -14.000 37.500 -2.000 -14.000 40.000 -2.000 -10.000
3 16 37.500 -2.000 -14.000 37.500 -2.000 -70.000 40.000 -2.000 -70.000
3 16 40.000 -2.000 -70.000 40.000 -2.000 -10.000 37.500 -2.000 -14.000
3 16 0.000 -2.000 -10.000 0.000 -2.000 -14.000 29.000 -2.000 -14.000
3 16 29.000 -2.000 -14.000 40.000 -2.000 -10.000 0.000 -2.000 -10.000
3 16 28.392 -2.000 -38.554 28.000 -2.000 -38.500 0.000 -2.000 -38.500
3 16 0.000 -2.000 -38.500 0.000 -2.000 -65.000 28.392 -2.000 -38.554
3 16 28.946 -2.000 -39.108 28.724 -2.000 -38.776 28.392 -2.000 -38.554
3 16 28.392 -2.000 -38.554 0.000 -2.000 -65.000 28.946 -2.000 -39.108
3 16 29.000 -2.000 -64.000 29.000 -2.000 -39.500 28.946 -2.000 -39.108
3 16 28.946 -2.000 -39.108 0.000 -2.000 -65.000 29.000 -2.000 -64.000
3 16 0.000 -2.000 -65.000 28.946 -2.000 -64.392 29.000 -2.000 -64.000
3 16 28.392 -2.000 -64.946 28.724 -2.000 -64.724 28.946 -2.000 -64.392
3 16 28.946 -2.000 -64.392 0.000 -2.000 -65.000 28.392 -2.000 -64.946
3 16 0.000 -2.000 -65.000 28.000 -2.000 -65.000 28.392 -2.000 -64.946
3 71 36.500 -2.000 -70.000 16.100 32.976 -147.725 16.700 33.388 -148.639
3 71 16.700 33.388 -148.639 37.500 -2.000 -70.000 36.500 -2.000 -70.000
3 71 28.200 0.469 -75.486 29.200 0.469 -75.486 29.057 0.152 -74.783
3 71 29.057 0.152 -74.783 28.146 0.308 -75.128 28.200 0.469 -75.486
3 71 28.146 0.308 -75.128 29.057 0.152 -74.783 28.621 -0.116 -74.187
3 71 28.621 -0.116 -74.187 27.924 0.171 -74.824 28.146 0.308 -75.128
3 71 27.969 -0.295 -73.788 27.592 0.079 -74.621 27.924 0.171 -74.824
3 71 27.924 0.171 -74.824 28.621 -0.116 -74.187 27.969 -0.295 -73.788
3 71 27.592 0.079 -74.621 27.969 -0.295 -73.788 27.200 -0.354 -73.658
3 71 27.200 -0.354 -73.658 27.200 0.057 -74.572 27.592 0.079 -74.621
3 71 29.057 0.786 -76.190 29.200 0.469 -75.486 28.200 0.469 -75.486
3 71 28.200 0.469 -75.486 28.146 0.630 -75.845 29.057 0.786 -76.190
3 71 29.057 0.786 -76.190 28.146 0.630 -75.845 11.900 28.491 -137.758
3 71 11.900 28.491 -137.758 12.500 28.902 -138.672 29.057 0.786 -76.190
3 71 8.800 28.491 -137.758 8.200 28.902 -138.672 12.500 28.902 -138.672
3 71 12.500 28.902 -138.672 11.900 28.491 -137.758 8.800 28.491 -137.758
3 71 8.800 28.491 -137.758 6.900 25.899 -131.997 6.300 26.310 -132.911
3 71 6.300 26.310 -132.911 8.200 28.902 -138.672 8.800 28.491 -137.758
3 15 28.621 -0.116 -74.187 29.057 0.152 -74.783 36.500 -2.000 -70.000
3 15 27.969 -0.295 -73.788 28.621 -0.116 -74.187 36.500 -2.000 -70.000
3 15 27.200 -0.354 -73.658 27.969 -0.295 -73.788 36.500 -2.000 -70.000
3 15 29.057 0.152 -74.783 29.200 0.469 -75.486 36.500 -2.000 -70.000
3 15 16.100 32.976 -147.725 36.500 -2.000 -70.000 29.200 0.469 -75.486
3 15 29.200 0.469 -75.486 29.057 0.786 -76.190 16.100 32.976 -147.725
3 15 12.500 28.902 -138.672 8.200 28.902 -138.672 0.000 32.976 -147.725
3 15 0.000 32.976 -147.725 16.100 32.976 -147.725 12.500 28.902 -138.672
3 15 12.500 28.902 -138.672 16.100 32.976 -147.725 29.057 0.786 -76.190
3 15 36.500 -2.000 -70.000 0.000 -2.000 -70.000 0.000 -0.354 -73.658
3 15 0.000 -0.354 -73.658 27.200 -0.354 -73.658 36.500 -2.000 -70.000
3 71 0.000 0.057 -74.572 27.200 0.057 -74.572 27.200 -0.354 -73.658
3 71 27.200 -0.354 -73.658 0.000 -0.354 -73.658 0.000 0.057 -74.572
3 71 6.900 25.899 -131.997 0.000 25.899 -131.997 0.000 26.310 -132.911
3 71 0.000 26.310 -132.911 6.300 26.310 -132.911 6.900 25.899 -131.997
3 15 6.300 26.310 -132.911 0.000 26.310 -132.911 0.000 32.976 -147.725
3 15 0.000 32.976 -147.725 8.200 28.902 -138.672 6.300 26.310 -132.911
3 71 16.100 32.976 -147.725 0.000 32.976 -147.725 0.000 33.388 -148.639
3 71 0.000 33.388 -148.639 16.700 33.388 -148.639 16.100 32.976 -147.725
3 71 37.500 -2.000 -14.000 36.500 -2.000 -14.000 36.500 -2.000 -70.000
3 71 36.500 -2.000 -70.000 37.500 -2.000 -70.000 37.500 -2.000 -14.000
3 71 29.857 -2.000 -64.769 30.000 -2.000 -64.000 29.000 -2.000 -64.000
3 71 29.000 -2.000 -64.000 28.946 -2.000 -64.392 29.857 -2.000 -64.769
3 71 28.946 -2.000 -64.392 28.724 -2.000 -64.724 29.421 -2.000 -65.421
3 71 29.421 -2.000 -65.421 29.857 -2.000 -64.769 28.946 -2.000 -64.392
3 71 28.724 -2.000 -64.724 28.392 -2.000 -64.946 28.769 -2.000 -65.857
3 71 28.769 -2.000 -65.857 29.421 -2.000 -65.421 28.724 -2.000 -64.724
3 71 28.392 -2.000 -64.946 28.000 -2.000 -65.000 28.000 -2.000 -66.000
3 71 28.000 -2.000 -66.000 28.769 -2.000 -65.857 28.392 -2.000 -64.946
3 71 29.000 -2.000 -39.500 30.000 -2.000 -39.500 29.857 -2.000 -38.731
3 71 29.857 -2.000 -38.731 28.946 -2.000 -39.108 29.000 -2.000 -39.500
3 71 29.421 -2.000 -38.079 28.724 -2.000 -38.776 28.946 -2.000 -39.108
3 71 28.946 -2.000 -39.108 29.857 -2.000 -38.731 29.421 -2.000 -38.079
3 71 28.724 -2.000 -38.776 29.421 -2.000 -38.079 28.769 -2.000 -37.643
3 71 28.769 -2.000 -37.643 28.392 -2.000 -38.554 28.724 -2.000 -38.776
3 71 28.000 -2.000 -37.500 28.000 -2.000 -38.500 28.392 -2.000 -38.554
3 71 28.392 -2.000 -38.554 28.769 -2.000 -37.643 28.000 -2.000 -37.500
3 71 30.000 -2.000 -39.500 29.000 -2.000 -39.500 29.000 -2.000 -64.000
3 71 29.000 -2.000 -64.000 30.000 -2.000 -64.000 30.000 -2.000 -39.500
3 71 29.857 -2.000 -33.269 30.000 -2.000 -32.500 29.000 -2.000 -32.500
3 71 29.000 -2.000 -32.500 28.946 -2.000 -32.892 29.857 -2.000 -33.269
3 71 28.946 -2.000 -32.892 28.724 -2.000 -33.224 29.421 -2.000 -33.921
3 71 29.421 -2.000 -33.921 29.857 -2.000 -33.269 28.946 -2.000 -32.892
3 71 28.724 -2.000 -33.224 28.392 -2.000 -33.446 28.769 -2.000 -34.357
3 71 28.769 -2.000 -34.357 29.421 -2.000 -33.921 28.724 -2.000 -33.224
3 71 28.392 -2.000 -33.446 28.000 -2.000 -33.500 28.000 -2.000 -34.500
3 71 28.000 -2.000 -34.500 28.769 -2.000 -34.357 28.392 -2.000 -33.446
3 71 29.000 -2.000 -32.500 30.000 -2.000 -32.500 30.000 -2.000 -14.000
3 71 30.000 -2.000 -14.000 29.000 -2.000 -14.000 29.000 -2.000 -32.500
3 15 29.000 -2.000 -14.000 0.000 -2.000 -14.000 28.946 -2.000 -32.892
3 15 28.946 -2.000 -32.892 29.000 -2.000 -32.500 29.000 -2.000 -14.000
3 15 28.392 -2.000 -33.446 28.724 -2.000 -33.224 28.946 -2.000 -32.892
3 15 28.946 -2.000 -32.892 0.000 -2.000 -14.000 28.392 -2.000 -33.446
3 15 28.392 -2.000 -33.446 0.000 -2.000 -14.000 0.000 -2.000 -33.500
3 15 0.000 -2.000 -33.500 28.000 -2.000 -33.500 28.392 -2.000 -33.446
3 15 30.000 -2.000 -39.500 30.000 -2.000 -32.500 29.857 -2.000 -33.269
3 15 29.857 -2.000 -33.269 29.857 -2.000 -38.731 30.000 -2.000 -39.500
3 15 29.857 -2.000 -38.731 29.857 -2.000 -33.269 29.421 -2.000 -33.921
3 15 29.421 -2.000 -33.921 29.421 -2.000 -38.079 29.857 -2.000 -38.731
3 15 28.769 -2.000 -34.357 28.769 -2.000 -37.643 29.421 -2.000 -38.079
3 15 29.421 -2.000 -38.079 29.421 -2.000 -33.921 28.769 -2.000 -34.357
3 15 28.769 -2.000 -37.643 28.769 -2.000 -34.357 28.000 -2.000 -34.500
3 15 28.000 -2.000 -34.500 28.000 -2.000 -37.500 28.769 -2.000 -37.643
3 15 29.857 -2.000 -64.769 36.500 -2.000 -70.000 30.000 -2.000 -64.000
3 15 29.421 -2.000 -65.421 36.500 -2.000 -70.000 29.857 -2.000 -64.769
3 15 28.769 -2.000 -65.857 36.500 -2.000 -70.000 29.421 -2.000 -65.421
3 15 28.000 -2.000 -66.000 36.500 -2.000 -70.000 28.769 -2.000 -65.857
3 15 30.000 -2.000 -64.000 36.500 -2.000 -70.000 30.000 -2.000 -39.500
3 15 30.000 -2.000 -39.500 36.500 -2.000 -70.000 36.500 -2.000 -14.000
3 15 36.500 -2.000 -14.000 30.000 -2.000 -32.500 30.000 -2.000 -39.500
3 15 30.000 -2.000 -32.500 36.500 -2.000 -14.000 30.000 -2.000 -14.000
3 71 28.000 -2.000 -33.500 0.000 -2.000 -33.500 0.000 -2.000 -34.500
3 71 0.000 -2.000 -34.500 28.000 -2.000 -34.500 28.000 -2.000 -33.500
3 71 28.000 -2.000 -37.500 0.000 -2.000 -37.500 0.000 -2.000 -38.500
3 71 0.000 -2.000 -38.500 28.000 -2.000 -38.500 28.000 -2.000 -37.500
3 15 0.000 -2.000 -37.500 28.000 -2.000 -37.500 28.000 -2.000 -34.500
3 15 28.000 -2.000 -34.500 0.000 -2.000 -34.500 0.000 -2.000 -37.500
3 71 28.000 -2.000 -65.000 0.000 -2.000 -65.000 0.000 -2.000 -66.000
3 71 0.000 -2.000 -66.000 28.000 -2.000 -66.000 28.000 -2.000 -65.000
3 15 0.000 -2.000 -70.000 36.500 -2.000 -70.000 28.000 -2.000 -66.000
3 15 28.000 -2.000 -66.000 0.000 -2.000 -66.000 0.000 -2.000 -70.000
