0 FILE 30413pb003.dat
0 Panel 1 x 4 x 1 with Gold and Black Arcs over Gold Line Pattern (Sticker) - Sets 4708 / 4758 / 10132
0 Name:  30413pb003.dat
0 Author:  
0 BL_Item_No 30413pb003
0 BFC CERTIFY CCW
1 16 0.0000 0.0000 0.0000 1.0000 0.0000 0.0000 0.0000 1.0000 0.0000 0.0000 0.0000 1.0000 30413.dat
3 82 21.210 15.790 10.250 23.680 18.600 10.250 22.350 18.600 10.250
3 82 22.350 18.600 10.250 20.510 16.490 10.250 21.210 15.790 10.250
3 82 18.260 13.200 10.250 21.210 15.790 10.250 20.510 16.490 10.250
3 82 20.510 16.490 10.250 17.650 13.990 10.250 18.260 13.200 10.250
3 82 15.000 11.020 10.250 18.260 13.200 10.250 17.650 13.990 10.250
3 82 17.650 13.990 10.250 14.500 11.890 10.250 15.000 11.020 10.250
3 82 11.480 9.280 10.250 15.000 11.020 10.250 14.500 11.890 10.250
3 82 14.500 11.890 10.250 11.100 10.210 10.250 11.480 9.280 10.250
3 82 7.760 8.020 10.250 11.480 9.280 10.250 11.100 10.210 10.250
3 82 11.100 10.210 10.250 7.510 8.990 10.250 7.760 8.020 10.250
3 82 3.920 7.260 10.250 7.760 8.020 10.250 7.510 8.990 10.250
3 82 7.510 8.990 10.250 3.790 8.250 10.250 3.920 7.260 10.250
3 82 0.000 7.000 10.250 3.920 7.260 10.250 3.790 8.250 10.250
3 82 3.790 8.250 10.250 0.000 8.000 10.250 0.000 7.000 10.250
3 82 -3.920 7.260 10.250 0.000 7.000 10.250 0.000 8.000 10.250
3 82 0.000 8.000 10.250 -3.790 8.250 10.250 -3.920 7.260 10.250
3 82 -7.760 8.020 10.250 -3.920 7.260 10.250 -3.790 8.250 10.250
3 82 -3.790 8.250 10.250 -7.510 8.990 10.250 -7.760 8.020 10.250
3 82 -11.480 9.280 10.250 -7.760 8.020 10.250 -7.510 8.990 10.250
3 82 -7.510 8.990 10.250 -11.100 10.210 10.250 -11.480 9.280 10.250
3 82 -15.000 11.020 10.250 -11.480 9.280 10.250 -11.100 10.210 10.250
3 82 -11.100 10.210 10.250 -14.500 11.890 10.250 -15.000 11.020 10.250
3 82 -18.260 13.200 10.250 -15.000 11.020 10.250 -14.500 11.890 10.250
3 82 -14.500 11.890 10.250 -17.650 13.990 10.250 -18.260 13.200 10.250
3 82 -21.210 15.790 10.250 -18.260 13.200 10.250 -17.650 13.990 10.250
3 82 -17.650 13.990 10.250 -20.510 16.490 10.250 -21.210 15.790 10.250
3 82 -23.680 18.600 10.250 -21.210 15.790 10.250 -20.510 16.490 10.250
3 82 -20.510 16.490 10.250 -22.350 18.600 10.250 -23.680 18.600 10.250
3 4 21.210 15.790 10.250 26.180 16.910 10.250 26.640 17.600 10.250
3 4 26.640 17.600 10.250 23.680 18.600 10.250 21.210 15.790 10.250
3 4 18.260 13.200 10.250 23.330 13.670 10.250 26.180 16.910 10.250
3 4 26.180 16.910 10.250 21.210 15.790 10.250 18.260 13.200 10.250
3 4 15.000 11.020 10.250 20.090 10.820 10.250 23.330 13.670 10.250
3 4 23.330 13.670 10.250 18.260 13.200 10.250 15.000 11.020 10.250
3 4 11.480 9.280 10.250 16.500 8.420 10.250 20.090 10.820 10.250
3 4 20.090 10.820 10.250 15.000 11.020 10.250 11.480 9.280 10.250
3 4 7.760 8.020 10.250 12.630 6.510 10.250 16.500 8.420 10.250
3 4 16.500 8.420 10.250 11.480 9.280 10.250 7.760 8.020 10.250
3 4 3.920 7.260 10.250 8.540 5.120 10.250 12.630 6.510 10.250
3 4 12.630 6.510 10.250 7.760 8.020 10.250 3.920 7.260 10.250
3 4 0.000 7.000 10.250 4.310 4.280 10.250 8.540 5.120 10.250
3 4 8.540 5.120 10.250 3.920 7.260 10.250 0.000 7.000 10.250
3 4 -3.920 7.260 10.250 0.000 4.000 10.250 4.310 4.280 10.250
3 4 4.310 4.280 10.250 0.000 7.000 10.250 -3.920 7.260 10.250
3 4 -7.760 8.020 10.250 -4.310 4.280 10.250 0.000 4.000 10.250
3 4 0.000 4.000 10.250 -3.920 7.260 10.250 -7.760 8.020 10.250
3 4 -11.480 9.280 10.250 -8.540 5.120 10.250 -4.310 4.280 10.250
3 4 -4.310 4.280 10.250 -7.760 8.020 10.250 -11.480 9.280 10.250
3 4 -15.000 11.020 10.250 -12.630 6.510 10.250 -8.540 5.120 10.250
3 4 -8.540 5.120 10.250 -11.480 9.280 10.250 -15.000 11.020 10.250
3 4 -18.260 13.200 10.250 -16.500 8.420 10.250 -12.630 6.510 10.250
3 4 -12.630 6.510 10.250 -15.000 11.020 10.250 -18.260 13.200 10.250
3 4 -21.210 15.790 10.250 -20.090 10.820 10.250 -16.500 8.420 10.250
3 4 -16.500 8.420 10.250 -18.260 13.200 10.250 -21.210 15.790 10.250
3 4 -23.680 18.600 10.250 -23.330 13.670 10.250 -20.090 10.820 10.250
3 4 -20.090 10.820 10.250 -21.210 15.790 10.250 -23.680 18.600 10.250
3 4 -26.640 17.600 10.250 -26.180 16.910 10.250 -23.330 13.670 10.250
3 4 -23.330 13.670 10.250 -23.680 18.600 10.250 -26.640 17.600 10.250
3 0 26.970 16.300 10.250 27.840 17.600 10.250 26.640 17.600 10.250
3 0 26.640 17.600 10.250 26.180 16.910 10.250 26.970 16.300 10.250
3 0 24.040 12.960 10.250 26.970 16.300 10.250 26.180 16.910 10.250
3 0 26.180 16.910 10.250 23.330 13.670 10.250 24.040 12.960 10.250
3 0 20.700 10.030 10.250 24.040 12.960 10.250 23.330 13.670 10.250
3 0 23.330 13.670 10.250 20.090 10.820 10.250 20.700 10.030 10.250
3 0 17.000 7.560 10.250 20.700 10.030 10.250 20.090 10.820 10.250
3 0 20.090 10.820 10.250 16.500 8.420 10.250 17.000 7.560 10.250
3 0 13.010 5.590 10.250 17.000 7.560 10.250 16.500 8.420 10.250
3 0 16.500 8.420 10.250 12.630 6.510 10.250 13.010 5.590 10.250
3 0 8.800 4.160 10.250 13.010 5.590 10.250 12.630 6.510 10.250
3 0 12.630 6.510 10.250 8.540 5.120 10.250 8.800 4.160 10.250
3 0 4.440 3.290 10.250 8.800 4.160 10.250 8.540 5.120 10.250
3 0 8.540 5.120 10.250 4.310 4.280 10.250 4.440 3.290 10.250
3 0 0.000 3.000 10.250 4.440 3.290 10.250 4.310 4.280 10.250
3 0 4.310 4.280 10.250 0.000 4.000 10.250 0.000 3.000 10.250
3 0 -4.440 3.290 10.250 0.000 3.000 10.250 0.000 4.000 10.250
3 0 0.000 4.000 10.250 -4.310 4.280 10.250 -4.440 3.290 10.250
3 0 -8.800 4.160 10.250 -4.440 3.290 10.250 -4.310 4.280 10.250
3 0 -4.310 4.280 10.250 -8.540 5.120 10.250 -8.800 4.160 10.250
3 0 -13.010 5.590 10.250 -8.800 4.160 10.250 -8.540 5.120 10.250
3 0 -8.540 5.120 10.250 -12.630 6.510 10.250 -13.010 5.590 10.250
3 0 -17.000 7.560 10.250 -13.010 5.590 10.250 -12.630 6.510 10.250
3 0 -12.630 6.510 10.250 -16.500 8.420 10.250 -17.000 7.560 10.250
3 0 -20.700 10.030 10.250 -17.000 7.560 10.250 -16.500 8.420 10.250
3 0 -16.500 8.420 10.250 -20.090 10.820 10.250 -20.700 10.030 10.250
3 0 -24.040 12.960 10.250 -20.700 10.030 10.250 -20.090 10.820 10.250
3 0 -20.090 10.820 10.250 -23.330 13.670 10.250 -24.040 12.960 10.250
3 0 -26.970 16.300 10.250 -24.040 12.960 10.250 -23.330 13.670 10.250
3 0 -23.330 13.670 10.250 -26.180 16.910 10.250 -26.970 16.300 10.250
3 0 -27.840 17.600 10.250 -26.970 16.300 10.250 -26.180 16.910 10.250
3 0 -26.180 16.910 10.250 -26.640 17.600 10.250 -27.840 17.600 10.250
3 82 37.000 20.600 10.250 23.680 18.600 10.250 37.000 18.600 10.250
3 82 -37.000 20.600 10.250 22.350 18.600 10.250 23.680 18.600 10.250
3 82 23.680 18.600 10.250 37.000 20.600 10.250 -37.000 20.600 10.250
3 82 -37.000 20.600 10.250 -37.000 18.600 10.250 -23.680 18.600 10.250
3 82 -37.000 20.600 10.250 -23.680 18.600 10.250 -22.350 18.600 10.250
3 82 -37.000 20.600 10.250 -22.350 18.600 10.250 22.350 18.600 10.250
3 4 -37.000 18.600 10.250 -27.840 17.600 10.250 -26.640 17.600 10.250
3 4 -26.640 17.600 10.250 -23.680 18.600 10.250 -37.000 18.600 10.250
3 4 37.000 18.600 10.250 23.680 18.600 10.250 26.640 17.600 10.250
3 4 26.640 17.600 10.250 27.840 17.600 10.250 37.000 18.600 10.250
3 4 37.000 18.600 10.250 27.840 17.600 10.250 26.970 16.300 10.250
3 4 37.000 18.600 10.250 26.970 16.300 10.250 24.040 12.960 10.250
3 4 37.000 18.600 10.250 24.040 12.960 10.250 20.700 10.030 10.250
3 4 22.350 18.600 10.250 -22.350 18.600 10.250 -20.510 16.490 10.250
3 4 -20.510 16.490 10.250 20.510 16.490 10.250 22.350 18.600 10.250
3 4 -17.650 13.990 10.250 17.650 13.990 10.250 20.510 16.490 10.250
3 4 20.510 16.490 10.250 -20.510 16.490 10.250 -17.650 13.990 10.250
3 4 14.500 11.890 10.250 17.650 13.990 10.250 -17.650 13.990 10.250
3 4 -17.650 13.990 10.250 -14.500 11.890 10.250 14.500 11.890 10.250
3 4 -11.100 10.210 10.250 11.100 10.210 10.250 14.500 11.890 10.250
3 4 14.500 11.890 10.250 -14.500 11.890 10.250 -11.100 10.210 10.250
3 4 7.510 8.990 10.250 11.100 10.210 10.250 -11.100 10.210 10.250
3 4 -11.100 10.210 10.250 -7.510 8.990 10.250 7.510 8.990 10.250
3 4 3.790 8.250 10.250 7.510 8.990 10.250 -7.510 8.990 10.250
3 4 -7.510 8.990 10.250 -3.790 8.250 10.250 3.790 8.250 10.250
3 4 3.790 8.250 10.250 -3.790 8.250 10.250 0.000 8.000 10.250
3 4 37.000 22.000 10.250 -37.000 22.000 10.250 -37.000 20.600 10.250
3 4 -37.000 20.600 10.250 37.000 20.600 10.250 37.000 22.000 10.250
3 4 20.700 10.030 10.250 37.000 2.000 10.250 37.000 18.600 10.250
3 4 17.000 7.560 10.250 37.000 2.000 10.250 20.700 10.030 10.250
3 4 13.010 5.590 10.250 37.000 2.000 10.250 17.000 7.560 10.250
3 4 8.800 4.160 10.250 37.000 2.000 10.250 13.010 5.590 10.250
3 4 4.440 3.290 10.250 37.000 2.000 10.250 8.800 4.160 10.250
3 4 0.000 3.000 10.250 37.000 2.000 10.250 4.440 3.290 10.250
3 4 -37.000 2.000 10.250 37.000 2.000 10.250 0.000 3.000 10.250
3 4 -4.440 3.290 10.250 -37.000 2.000 10.250 0.000 3.000 10.250
3 4 -8.800 4.160 10.250 -37.000 2.000 10.250 -4.440 3.290 10.250
3 4 -13.010 5.590 10.250 -37.000 2.000 10.250 -8.800 4.160 10.250
3 4 -17.000 7.560 10.250 -37.000 2.000 10.250 -13.010 5.590 10.250
3 4 -20.700 10.030 10.250 -37.000 2.000 10.250 -17.000 7.560 10.250
3 4 -24.040 12.960 10.250 -37.000 2.000 10.250 -20.700 10.030 10.250
3 4 -26.970 16.300 10.250 -37.000 2.000 10.250 -24.040 12.960 10.250
3 4 -27.840 17.600 10.250 -37.000 2.000 10.250 -26.970 16.300 10.250
3 4 -37.000 18.600 10.250 -37.000 2.000 10.250 -27.840 17.600 10.250
1 16 0.0000 12.0000 10.2500 37.0000 0.0000 0.0000 0.0000 0.0000 -10.0000 0.0000 -0.2500 0.0000 box5-12.dat
