0 FILE 3068bpb0338.dat
0 Tile 2 x 2 with Groove with White Crossed Lines and Arrows Curved Clockwise, Counterclockwise Pattern (Sticker) - Set 8094
0 Name:  3068bpb0338.dat
0 Author:  
0 BL_Item_No 3068bpb0338
0 BFC CERTIFY CCW
1 16 0.0000 0.0000 0.0000 1.0000 0.0000 0.0000 0.0000 1.0000 0.0000 0.0000 0.0000 1.0000 3068b.dat
3 15 -1.000 -0.250 19.000 -1.000 -0.250 17.000 1.000 -0.250 17.000
3 15 1.000 -0.250 17.000 1.000 -0.250 19.000 -1.000 -0.250 19.000
3 15 -10.000 -0.250 2.000 -9.239 -0.250 4.827 -14.782 -0.250 7.123
3 15 -14.782 -0.250 7.123 -16.000 -0.250 2.000 -10.000 -0.250 2.000
3 15 -9.239 -0.250 4.827 -7.071 -0.250 8.071 -11.314 -0.250 12.314
3 15 -11.314 -0.250 12.314 -14.782 -0.250 7.123 -9.239 -0.250 4.827
3 15 -7.071 -0.250 8.071 -3.827 -0.250 10.239 -6.123 -0.250 15.782
3 15 -6.123 -0.250 15.782 -11.314 -0.250 12.314 -7.071 -0.250 8.071
3 15 -3.827 -0.250 10.239 -1.000 -0.250 11.000 -1.000 -0.250 17.000
3 15 -1.000 -0.250 17.000 -6.123 -0.250 15.782 -3.827 -0.250 10.239
3 15 -1.000 -0.250 17.000 -1.000 -0.250 11.000 1.000 -0.250 11.000
3 15 1.000 -0.250 11.000 1.000 -0.250 17.000 -1.000 -0.250 17.000
3 15 1.000 -0.250 11.000 3.827 -0.250 10.239 6.123 -0.250 15.782
3 15 6.123 -0.250 15.782 1.000 -0.250 17.000 1.000 -0.250 11.000
3 15 3.827 -0.250 10.239 7.071 -0.250 8.071 11.314 -0.250 12.314
3 15 11.314 -0.250 12.314 6.123 -0.250 15.782 3.827 -0.250 10.239
3 15 7.071 -0.250 8.071 9.500 -0.250 4.500 14.000 -0.250 9.000
3 15 14.000 -0.250 9.000 11.314 -0.250 12.314 7.071 -0.250 8.071
3 15 9.500 -0.250 4.500 7.000 -0.250 2.000 17.000 -0.250 2.000
3 15 14.000 -0.250 9.000 9.500 -0.250 4.500 17.000 -0.250 2.000
3 15 17.000 -0.250 12.000 14.000 -0.250 9.000 17.000 -0.250 2.000
3 15 -1.000 -0.250 -19.000 1.000 -0.250 -19.000 1.000 -0.250 -17.000
3 15 1.000 -0.250 -17.000 -1.000 -0.250 -17.000 -1.000 -0.250 -19.000
3 15 -10.000 -0.250 -2.000 -16.000 -0.250 -2.000 -14.782 -0.250 -7.123
3 15 -14.782 -0.250 -7.123 -9.239 -0.250 -4.827 -10.000 -0.250 -2.000
3 15 -9.239 -0.250 -4.827 -14.782 -0.250 -7.123 -11.314 -0.250 -12.314
3 15 -11.314 -0.250 -12.314 -7.071 -0.250 -8.071 -9.239 -0.250 -4.827
3 15 -7.071 -0.250 -8.071 -11.314 -0.250 -12.314 -6.123 -0.250 -15.782
3 15 -6.123 -0.250 -15.782 -3.827 -0.250 -10.239 -7.071 -0.250 -8.071
3 15 -3.827 -0.250 -10.239 -6.123 -0.250 -15.782 -1.000 -0.250 -17.000
3 15 -1.000 -0.250 -17.000 -1.000 -0.250 -11.000 -3.827 -0.250 -10.239
3 15 -1.000 -0.250 -17.000 1.000 -0.250 -17.000 1.000 -0.250 -11.000
3 15 1.000 -0.250 -11.000 -1.000 -0.250 -11.000 -1.000 -0.250 -17.000
3 15 1.000 -0.250 -11.000 1.000 -0.250 -17.000 6.123 -0.250 -15.782
3 15 6.123 -0.250 -15.782 3.827 -0.250 -10.239 1.000 -0.250 -11.000
3 15 3.827 -0.250 -10.239 6.123 -0.250 -15.782 11.314 -0.250 -12.314
3 15 11.314 -0.250 -12.314 7.071 -0.250 -8.071 3.827 -0.250 -10.239
3 15 7.071 -0.250 -8.071 11.314 -0.250 -12.314 14.000 -0.250 -9.000
3 15 14.000 -0.250 -9.000 9.500 -0.250 -4.500 7.071 -0.250 -8.071
3 15 17.000 -0.250 -2.000 7.000 -0.250 -2.000 9.500 -0.250 -4.500
3 15 17.000 -0.250 -2.000 9.500 -0.250 -4.500 14.000 -0.250 -9.000
3 15 17.000 -0.250 -2.000 14.000 -0.250 -9.000 17.000 -0.250 -12.000
3 15 -19.000 -0.250 1.000 -19.000 -0.250 -1.000 -1.000 -0.250 -1.000
3 15 -1.000 -0.250 -1.000 -1.000 -0.250 1.000 -19.000 -0.250 1.000
3 15 -1.000 -0.250 1.000 -1.000 -0.250 -1.000 1.000 -0.250 -1.000
3 15 1.000 -0.250 -1.000 1.000 -0.250 1.000 -1.000 -0.250 1.000
3 15 1.000 -0.250 1.000 1.000 -0.250 -1.000 19.000 -0.250 -1.000
3 15 19.000 -0.250 -1.000 19.000 -0.250 1.000 1.000 -0.250 1.000
3 15 -1.000 -0.250 11.000 -1.000 -0.250 1.000 1.000 -0.250 1.000
3 15 1.000 -0.250 1.000 1.000 -0.250 11.000 -1.000 -0.250 11.000
3 15 -1.000 -0.250 -1.000 -1.000 -0.250 -11.000 1.000 -0.250 -11.000
3 15 1.000 -0.250 -11.000 1.000 -0.250 -1.000 -1.000 -0.250 -1.000
3 0 -1.000 -0.250 19.000 -19.000 -0.250 19.000 -6.123 -0.250 15.782
3 0 -6.123 -0.250 15.782 -1.000 -0.250 17.000 -1.000 -0.250 19.000
3 0 -19.000 -0.250 19.000 -11.314 -0.250 12.314 -6.123 -0.250 15.782
3 0 -19.000 -0.250 19.000 -14.782 -0.250 7.123 -11.314 -0.250 12.314
3 0 -14.782 -0.250 7.123 -19.000 -0.250 19.000 -19.000 -0.250 1.000
3 0 -19.000 -0.250 1.000 -16.000 -0.250 2.000 -14.782 -0.250 7.123
3 0 -16.000 -0.250 2.000 -19.000 -0.250 1.000 -1.000 -0.250 1.000
3 0 -1.000 -0.250 1.000 -10.000 -0.250 2.000 -16.000 -0.250 2.000
3 0 -10.000 -0.250 2.000 -1.000 -0.250 1.000 -7.071 -0.250 8.071
3 0 -7.071 -0.250 8.071 -9.239 -0.250 4.827 -10.000 -0.250 2.000
3 0 -7.071 -0.250 8.071 -1.000 -0.250 1.000 -1.000 -0.250 11.000
3 0 -1.000 -0.250 11.000 -3.827 -0.250 10.239 -7.071 -0.250 8.071
3 0 -1.000 -0.250 -1.000 -19.000 -0.250 -1.000 -16.000 -0.250 -2.000
3 0 -16.000 -0.250 -2.000 -10.000 -0.250 -2.000 -1.000 -0.250 -1.000
3 0 -10.000 -0.250 -2.000 -9.239 -0.250 -4.827 -7.071 -0.250 -8.071
3 0 -7.071 -0.250 -8.071 -1.000 -0.250 -1.000 -10.000 -0.250 -2.000
3 0 -7.071 -0.250 -8.071 -3.827 -0.250 -10.239 -1.000 -0.250 -11.000
3 0 -1.000 -0.250 -11.000 -1.000 -0.250 -1.000 -7.071 -0.250 -8.071
3 0 -19.000 -0.250 -1.000 -19.000 -0.250 -19.000 -14.782 -0.250 -7.123
3 0 -14.782 -0.250 -7.123 -16.000 -0.250 -2.000 -19.000 -0.250 -1.000
3 0 -14.782 -0.250 -7.123 -19.000 -0.250 -19.000 -11.314 -0.250 -12.314
3 0 -11.314 -0.250 -12.314 -19.000 -0.250 -19.000 -6.123 -0.250 -15.782
3 0 -6.123 -0.250 -15.782 -19.000 -0.250 -19.000 -1.000 -0.250 -19.000
3 0 -1.000 -0.250 -19.000 -1.000 -0.250 -17.000 -6.123 -0.250 -15.782
3 0 1.000 -0.250 -19.000 19.000 -0.250 -19.000 6.123 -0.250 -15.782
3 0 6.123 -0.250 -15.782 1.000 -0.250 -17.000 1.000 -0.250 -19.000
3 0 6.123 -0.250 -15.782 19.000 -0.250 -19.000 17.000 -0.250 -12.000
3 0 17.000 -0.250 -12.000 11.314 -0.250 -12.314 6.123 -0.250 -15.782
3 0 14.000 -0.250 -9.000 11.314 -0.250 -12.314 17.000 -0.250 -12.000
3 0 19.000 -0.250 -19.000 19.000 -0.250 -1.000 17.000 -0.250 -2.000
3 0 17.000 -0.250 -2.000 17.000 -0.250 -12.000 19.000 -0.250 -19.000
3 0 17.000 -0.250 -2.000 19.000 -0.250 -1.000 1.000 -0.250 -1.000
3 0 1.000 -0.250 -1.000 7.000 -0.250 -2.000 17.000 -0.250 -2.000
3 0 7.000 -0.250 -2.000 1.000 -0.250 -1.000 7.071 -0.250 -8.071
3 0 7.071 -0.250 -8.071 9.500 -0.250 -4.500 7.000 -0.250 -2.000
3 0 7.071 -0.250 -8.071 1.000 -0.250 -1.000 1.000 -0.250 -11.000
3 0 1.000 -0.250 -11.000 3.827 -0.250 -10.239 7.071 -0.250 -8.071
3 0 1.000 -0.250 1.000 19.000 -0.250 1.000 17.000 -0.250 2.000
3 0 17.000 -0.250 2.000 7.000 -0.250 2.000 1.000 -0.250 1.000
3 0 7.000 -0.250 2.000 9.500 -0.250 4.500 7.071 -0.250 8.071
3 0 7.071 -0.250 8.071 1.000 -0.250 1.000 7.000 -0.250 2.000
3 0 7.071 -0.250 8.071 3.827 -0.250 10.239 1.000 -0.250 11.000
3 0 1.000 -0.250 11.000 1.000 -0.250 1.000 7.071 -0.250 8.071
3 0 17.000 -0.250 2.000 19.000 -0.250 1.000 19.000 -0.250 19.000
3 0 19.000 -0.250 19.000 17.000 -0.250 12.000 17.000 -0.250 2.000
3 0 17.000 -0.250 12.000 19.000 -0.250 19.000 11.314 -0.250 12.314
3 0 11.314 -0.250 12.314 14.000 -0.250 9.000 17.000 -0.250 12.000
3 0 19.000 -0.250 19.000 6.123 -0.250 15.782 11.314 -0.250 12.314
3 0 6.123 -0.250 15.782 19.000 -0.250 19.000 1.000 -0.250 19.000
3 0 1.000 -0.250 19.000 1.000 -0.250 17.000 6.123 -0.250 15.782
1 16 0.0000 -0.2500 0.0000 19.0000 0.0000 0.0000 0.0000 0.2500 0.0000 0.0000 0.0000 19.0000 box5-12.dat
