0 FILE 3068bpb0311.dat
0 Tile 2 x 2 with Groove with Black 'Dawes' and 'SI' and Red Heart and Jagged Line on Medical Chart Clipboard Pattern
0 Name:  3068bpb0311.dat
0 Author:  
0 BL_Item_No 3068bpb0311
0 BFC CERTIFY CCW
3 16 12.266 0.000 -13.849 13.006 0.000 -13.513 12.250 0.000 -11.500
3 16 -7.162 0.000 10.017 -0.843 0.000 11.092 -8.910 0.000 11.160
3 16 -8.910 0.000 11.160 -7.364 0.000 10.017 -7.162 0.000 10.017
3 16 -1.600 0.000 15.800 -1.768 0.000 17.568 -2.310 0.000 16.757
3 16 -2.310 0.000 16.757 -2.500 0.000 15.800 -1.600 0.000 15.800
3 16 2.500 0.000 15.800 2.310 0.000 16.757 1.478 0.000 16.412
3 16 1.478 0.000 16.412 1.600 0.000 15.800 2.500 0.000 15.800
3 16 2.310 0.000 14.843 2.500 0.000 15.800 1.600 0.000 15.800
3 16 1.600 0.000 15.800 1.478 0.000 15.188 2.310 0.000 14.843
3 16 -7.767 0.000 11.765 -0.612 0.000 14.322 -2.255 0.000 14.387
3 16 -2.255 0.000 14.387 -6.490 0.000 14.387 -7.767 0.000 11.765
3 16 8.031 0.000 13.109 6.687 0.000 14.185 8.502 0.000 11.697
3 16 8.502 0.000 11.697 8.434 0.000 12.303 8.031 0.000 13.109
3 16 7.359 0.000 13.849 6.687 0.000 14.185 8.031 0.000 13.109
3 16 5.813 0.000 14.387 8.502 0.000 11.697 6.687 0.000 14.185
3 16 8.502 0.000 11.697 5.813 0.000 14.387 2.255 0.000 14.387
3 16 2.255 0.000 14.387 0.000 0.000 14.200 8.502 0.000 11.697
3 16 -8.305 0.000 11.832 -7.767 0.000 11.765 -8.238 0.000 12.773
3 16 -8.238 0.000 12.773 -8.507 0.000 11.966 -8.305 0.000 11.832
3 16 -7.767 0.000 11.765 -7.969 0.000 13.244 -8.238 0.000 12.773
3 16 -7.297 0.000 13.983 -7.969 0.000 13.244 -7.767 0.000 11.765
3 16 -7.767 0.000 11.765 -6.490 0.000 14.387 -7.297 0.000 13.983
3 16 -1.600 0.000 15.800 -2.500 0.000 15.800 -2.310 0.000 14.843
3 16 -2.310 0.000 14.843 -2.255 0.000 14.723 -1.600 0.000 15.800
3 16 -1.768 0.000 17.568 -1.600 0.000 15.800 -1.478 0.000 16.412
3 16 0.957 0.000 18.110 0.000 0.000 18.300 0.000 0.000 17.400
3 16 0.000 0.000 17.400 0.612 0.000 17.278 0.957 0.000 18.110
3 16 0.957 0.000 18.110 0.612 0.000 17.278 1.131 0.000 16.931
3 16 1.131 0.000 16.931 1.768 0.000 17.568 0.957 0.000 18.110
3 16 1.131 0.000 16.931 1.478 0.000 16.412 2.310 0.000 16.757
3 16 2.310 0.000 16.757 1.768 0.000 17.568 1.131 0.000 16.931
3 16 2.310 0.000 14.843 1.478 0.000 15.188 1.131 0.000 14.669
3 16 1.131 0.000 14.669 2.255 0.000 14.723 2.310 0.000 14.843
3 16 1.131 0.000 14.669 0.612 0.000 14.322 2.255 0.000 14.387
3 16 2.255 0.000 14.387 2.255 0.000 14.723 1.131 0.000 14.669
3 16 0.612 0.000 14.322 0.000 0.000 14.200 2.255 0.000 14.387
3 16 -2.255 0.000 14.387 -1.131 0.000 14.669 -1.478 0.000 15.188
3 16 -1.478 0.000 15.188 -2.255 0.000 14.723 -2.255 0.000 14.387
3 16 0.000 0.000 14.200 -0.612 0.000 14.322 -7.767 0.000 11.765
3 16 -7.767 0.000 11.765 8.502 0.000 11.697 0.000 0.000 14.200
3 16 -0.612 0.000 14.322 -1.131 0.000 14.669 -2.255 0.000 14.387
3 16 -2.255 0.000 14.723 -1.478 0.000 15.188 -1.600 0.000 15.800
3 16 -0.900 0.000 15.800 -0.832 0.000 15.456 -0.636 0.000 15.164
3 16 -0.832 0.000 16.144 -0.900 0.000 15.800 -0.636 0.000 15.164
3 16 -0.636 0.000 15.164 -0.344 0.000 14.968 -0.832 0.000 16.144
3 16 -1.768 0.000 17.568 -1.131 0.000 16.931 -0.612 0.000 17.278
3 16 -0.612 0.000 17.278 -0.957 0.000 18.110 -1.768 0.000 17.568
3 16 -1.478 0.000 16.412 -1.131 0.000 16.931 -1.768 0.000 17.568
3 16 -0.957 0.000 18.110 -0.612 0.000 17.278 0.000 0.000 17.400
3 16 0.000 0.000 17.400 0.000 0.000 18.300 -0.957 0.000 18.110
3 16 0.832 0.000 15.456 0.636 0.000 16.436 0.344 0.000 16.632
3 16 0.344 0.000 16.632 0.636 0.000 15.164 0.832 0.000 15.456
3 16 0.636 0.000 16.436 0.832 0.000 15.456 0.900 0.000 15.800
3 16 0.900 0.000 15.800 0.832 0.000 16.144 0.636 0.000 16.436
3 16 0.000 0.000 14.900 0.344 0.000 14.968 0.636 0.000 15.164
3 16 0.636 0.000 15.164 0.344 0.000 16.632 0.000 0.000 14.900
3 16 -0.344 0.000 14.968 0.000 0.000 14.900 0.344 0.000 16.632
3 16 -0.344 0.000 14.968 -0.636 0.000 16.436 -0.832 0.000 16.144
3 16 0.344 0.000 16.632 -0.344 0.000 16.632 -0.636 0.000 16.436
3 16 -0.636 0.000 16.436 -0.344 0.000 14.968 0.344 0.000 16.632
3 16 0.000 0.000 16.700 -0.344 0.000 16.632 0.344 0.000 16.632
3 16 -8.977 0.000 12.639 -8.977 0.000 12.908 -9.179 0.000 12.975
3 16 -9.179 0.000 12.975 -9.179 0.000 11.966 -8.977 0.000 12.639
3 16 -9.179 0.000 11.966 -12.809 0.000 13.042 -9.179 0.000 11.294
3 16 16.300 0.000 1.815 16.300 0.000 12.101 14.619 0.000 12.101
3 16 14.619 0.000 12.101 8.703 0.000 4.706 16.300 0.000 1.815
3 16 14.619 0.000 12.101 9.308 0.000 11.832 9.241 0.000 11.227
3 16 9.241 0.000 11.227 9.107 0.000 11.025 8.703 0.000 4.706
3 16 8.703 0.000 4.706 14.619 0.000 12.101 9.241 0.000 11.227
3 16 16.166 0.000 -7.597 15.493 0.000 -13.580 16.090 0.000 -13.920
3 16 13.006 0.000 -13.513 13.745 0.000 -13.311 12.250 0.000 -11.500
3 16 13.476 0.000 -14.050 13.073 0.000 -14.992 13.409 0.000 -15.529
3 16 13.409 0.000 -15.529 14.283 0.000 -13.916 13.476 0.000 -14.050
3 16 13.208 0.000 -17.412 13.073 0.000 -17.143 12.871 0.000 -18.218
3 16 12.871 0.000 -18.218 13.275 0.000 -17.882 13.208 0.000 -17.412
3 16 12.132 0.000 -15.261 12.132 0.000 -14.992 11.863 0.000 -14.790
3 16 11.863 0.000 -14.790 11.729 0.000 -16.202 12.132 0.000 -15.261
3 16 11.729 0.000 -16.202 11.863 0.000 -14.790 9.376 0.000 -18.353
3 16 13.208 0.000 -18.151 13.275 0.000 -17.882 12.871 0.000 -18.218
3 16 12.670 0.000 -16.739 11.930 0.000 -16.471 12.871 0.000 -18.218
3 16 12.871 0.000 -18.218 13.073 0.000 -17.143 12.670 0.000 -16.739
3 16 11.930 0.000 -16.471 11.729 0.000 -16.202 9.376 0.000 -18.353
3 16 9.376 0.000 -18.353 12.871 0.000 -18.218 11.930 0.000 -16.471
3 16 -2.322 0.000 6.050 -2.792 0.000 5.849 -1.045 0.000 5.714
3 16 -1.045 0.000 5.714 -1.313 0.000 6.118 -2.322 0.000 6.050
3 16 -7.498 0.000 6.387 -7.162 0.000 6.319 -7.028 0.000 6.521
3 16 -7.028 0.000 6.521 -7.364 0.000 7.664 -7.498 0.000 6.387
3 16 -9.179 0.000 12.975 -12.809 0.000 13.042 -9.179 0.000 11.966
3 16 -6.961 0.000 9.815 -5.583 0.000 8.841 -0.843 0.000 11.092
3 16 -0.843 0.000 11.092 -7.162 0.000 10.017 -6.961 0.000 9.815
3 16 -6.893 0.000 9.345 -5.583 0.000 8.841 -6.961 0.000 9.815
3 16 -4.473 0.000 8.403 -1.851 0.000 8.403 -0.843 0.000 11.092
3 16 -0.843 0.000 11.092 -5.583 0.000 8.841 -4.473 0.000 8.403
3 16 -2.524 0.000 7.933 -1.851 0.000 8.403 -4.473 0.000 8.403
3 16 -4.473 0.000 8.403 -4.003 0.000 8.000 -2.524 0.000 7.933
3 16 -4.809 0.000 6.857 -4.271 0.000 7.261 -4.271 0.000 7.597
3 16 -4.271 0.000 7.597 -4.944 0.000 8.000 -4.809 0.000 6.857
3 16 -5.818 0.000 6.521 -4.809 0.000 6.857 -5.414 0.000 8.202
3 16 -5.414 0.000 8.202 -6.692 0.000 7.261 -5.818 0.000 6.521
3 16 -6.019 0.000 4.773 -5.482 0.000 6.050 -6.355 0.000 5.849
3 16 -6.355 0.000 5.849 -6.557 0.000 5.714 -6.019 0.000 4.773
3 16 -7.229 0.000 5.849 -7.431 0.000 4.840 -6.961 0.000 5.849
3 16 -8.103 0.000 9.076 -8.708 0.000 9.277 -7.364 0.000 7.664
3 16 -7.364 0.000 7.664 -7.431 0.000 8.739 -8.103 0.000 9.076
3 16 -7.700 0.000 6.185 -7.498 0.000 6.387 -7.364 0.000 7.664
3 16 -7.364 0.000 7.664 -8.708 0.000 9.277 -7.700 0.000 6.185
3 16 -6.893 0.000 8.202 -6.692 0.000 7.261 -5.414 0.000 8.202
3 16 -5.414 0.000 8.202 -6.692 0.000 8.672 -6.893 0.000 8.202
3 16 -7.633 0.000 8.941 -8.103 0.000 9.076 -7.431 0.000 8.739
3 16 -12.809 0.000 13.042 -8.708 0.000 9.277 -8.776 0.000 9.546
3 16 -7.633 0.000 5.849 -7.700 0.000 6.185 -8.305 0.000 4.773
3 16 -8.305 0.000 4.773 -8.171 0.000 4.840 -7.633 0.000 5.849
3 16 -8.910 0.000 11.160 -9.179 0.000 11.294 -8.776 0.000 9.546
3 16 -8.776 0.000 9.546 -8.574 0.000 9.748 -8.910 0.000 11.160
3 16 -12.809 0.000 13.042 -8.776 0.000 9.546 -9.179 0.000 11.294
3 16 -8.910 0.000 11.160 -8.574 0.000 9.748 -7.498 0.000 9.882
3 16 -7.498 0.000 9.882 -7.364 0.000 10.017 -8.910 0.000 11.160
3 16 -7.498 0.000 9.882 -8.574 0.000 9.748 -7.700 0.000 9.546
3 16 -7.700 0.000 9.546 -7.498 0.000 9.613 -7.498 0.000 9.882
3 16 -4.944 0.000 8.000 -5.414 0.000 8.202 -4.809 0.000 6.857
3 16 -6.490 0.000 6.588 -6.288 0.000 6.387 -5.818 0.000 6.521
3 16 -5.818 0.000 6.521 -6.692 0.000 7.261 -6.490 0.000 6.588
3 16 -6.692 0.000 8.672 -6.893 0.000 8.672 -6.893 0.000 8.202
3 16 3.661 0.000 8.403 4.065 0.000 8.067 5.476 0.000 7.866
3 16 5.476 0.000 7.866 5.947 0.000 8.067 3.661 0.000 8.403
3 16 -0.843 0.000 11.092 3.325 0.000 8.403 3.661 0.000 8.403
3 16 3.661 0.000 8.403 9.107 0.000 11.025 -0.843 0.000 11.092
3 16 -4.540 0.000 6.387 -5.482 0.000 6.050 -6.019 0.000 4.773
3 16 -6.019 0.000 4.773 -3.129 0.000 5.849 -4.540 0.000 6.387
3 16 -2.792 0.000 5.849 -3.129 0.000 5.849 -6.019 0.000 4.773
3 16 -6.019 0.000 4.773 -5.078 0.000 4.773 -2.792 0.000 5.849
3 16 -5.078 0.000 4.773 -4.944 0.000 4.639 -2.792 0.000 5.849
3 16 -2.994 0.000 6.723 -2.994 0.000 6.454 -2.860 0.000 6.387
3 16 -2.860 0.000 6.387 -2.456 0.000 6.723 -2.994 0.000 6.723
3 16 -1.784 0.000 6.790 -2.322 0.000 6.050 -1.313 0.000 6.118
3 16 -1.313 0.000 6.118 -1.650 0.000 6.790 -1.784 0.000 6.790
3 16 -4.540 0.000 6.387 -3.129 0.000 5.849 -3.532 0.000 6.185
3 16 -1.045 0.000 5.714 -4.944 0.000 4.303 -3.532 0.000 4.773
3 16 -4.944 0.000 4.303 -1.045 0.000 5.714 -2.792 0.000 5.849
3 16 -2.792 0.000 5.849 -4.944 0.000 4.639 -4.944 0.000 4.303
3 16 -4.540 0.000 6.387 -3.532 0.000 6.185 -4.003 0.000 6.857
3 16 -4.003 0.000 6.857 -3.532 0.000 6.185 -3.599 0.000 6.655
3 16 -3.599 0.000 6.655 -3.734 0.000 7.193 -4.003 0.000 6.857
3 16 -3.734 0.000 7.193 -3.599 0.000 6.655 -3.330 0.000 7.261
3 16 -3.330 0.000 7.261 -3.666 0.000 7.597 -3.734 0.000 7.193
3 16 -2.524 0.000 7.933 -4.003 0.000 8.000 -3.666 0.000 7.597
3 16 -3.666 0.000 7.597 -3.330 0.000 7.261 -2.524 0.000 7.933
3 16 4.266 0.000 7.059 4.468 0.000 6.319 5.140 0.000 7.126
3 16 5.140 0.000 7.126 5.140 0.000 7.395 4.266 0.000 7.059
3 16 2.787 0.000 6.521 2.586 0.000 6.992 2.451 0.000 6.924
3 16 2.451 0.000 6.924 2.317 0.000 6.118 2.787 0.000 6.521
3 16 3.930 0.000 6.655 3.997 0.000 6.252 4.468 0.000 6.319
3 16 4.468 0.000 6.319 4.266 0.000 7.059 3.930 0.000 6.655
3 16 3.930 0.000 6.655 3.661 0.000 6.588 3.661 0.000 6.387
3 16 3.661 0.000 6.387 3.997 0.000 6.252 3.930 0.000 6.655
3 16 4.266 0.000 7.798 4.266 0.000 7.059 5.140 0.000 7.395
3 16 5.140 0.000 7.395 5.275 0.000 7.664 4.266 0.000 7.798
3 16 4.266 0.000 7.798 5.275 0.000 7.664 5.476 0.000 7.866
3 16 5.476 0.000 7.866 4.065 0.000 8.067 4.266 0.000 7.798
3 16 5.947 0.000 8.067 6.485 0.000 8.067 9.107 0.000 11.025
3 16 9.107 0.000 11.025 3.661 0.000 8.403 5.947 0.000 8.067
3 16 6.485 0.000 8.067 6.619 0.000 7.866 9.107 0.000 11.025
3 16 9.107 0.000 11.025 6.619 0.000 7.866 7.157 0.000 6.857
3 16 7.157 0.000 6.857 7.493 0.000 6.521 9.107 0.000 11.025
3 16 6.014 0.000 7.193 6.552 0.000 7.597 6.216 0.000 7.597
3 16 6.216 0.000 7.597 5.813 0.000 7.395 6.014 0.000 7.193
3 16 5.813 0.000 7.261 6.014 0.000 7.193 5.813 0.000 7.395
3 16 6.552 0.000 7.597 6.014 0.000 7.193 7.157 0.000 6.857
3 16 6.552 0.000 7.597 7.157 0.000 6.857 6.619 0.000 7.866
3 16 8.703 0.000 4.706 9.107 0.000 11.025 7.493 0.000 6.521
3 16 7.493 0.000 6.521 7.493 0.000 6.118 8.703 0.000 4.706
3 16 16.166 0.000 -7.597 12.250 0.000 -11.000 14.955 0.000 -13.311
3 16 14.955 0.000 -13.311 15.493 0.000 -13.580 16.166 0.000 -7.597
3 16 7.056 0.000 -0.999 7.762 0.000 4.303 6.485 0.000 4.303
3 16 6.485 0.000 4.303 6.750 0.000 -0.900 7.056 0.000 -0.999
3 16 4.535 0.000 5.782 5.476 0.000 5.782 5.342 0.000 5.916
3 16 5.342 0.000 5.916 5.006 0.000 6.050 4.535 0.000 5.782
3 16 5.476 0.000 6.723 5.006 0.000 6.050 5.342 0.000 5.916
3 16 5.342 0.000 5.916 5.476 0.000 6.252 5.476 0.000 6.723
3 16 5.476 0.000 6.252 5.880 0.000 6.655 5.476 0.000 6.723
3 16 6.754 0.000 6.387 6.619 0.000 6.454 6.754 0.000 6.185
3 16 6.754 0.000 6.185 6.619 0.000 6.454 5.880 0.000 6.655
3 16 5.880 0.000 6.655 5.476 0.000 6.252 6.754 0.000 6.185
3 16 5.476 0.000 5.782 4.535 0.000 5.782 5.611 0.000 4.773
3 16 5.611 0.000 4.773 5.947 0.000 5.647 5.476 0.000 5.782
3 16 3.325 0.000 5.916 2.787 0.000 6.521 2.317 0.000 6.118
3 16 2.317 0.000 6.118 2.182 0.000 5.849 3.325 0.000 5.916
3 16 0.905 0.000 4.773 3.930 0.000 5.714 3.325 0.000 5.916
3 16 3.325 0.000 5.916 2.182 0.000 5.849 0.905 0.000 4.773
3 16 2.182 0.000 5.849 1.846 0.000 5.849 0.905 0.000 4.773
3 16 -1.313 0.000 8.202 -1.246 0.000 7.866 -0.439 0.000 7.798
3 16 -0.439 0.000 7.798 -0.305 0.000 7.933 -1.313 0.000 8.202
3 16 -0.439 0.000 7.798 -1.246 0.000 7.866 -1.179 0.000 7.126
3 16 -1.179 0.000 7.126 -0.439 0.000 6.588 -0.439 0.000 7.798
3 16 1.107 0.000 6.521 0.838 0.000 6.521 0.502 0.000 5.916
3 16 0.502 0.000 5.916 1.846 0.000 5.849 1.107 0.000 6.521
3 16 -1.179 0.000 7.126 -0.776 0.000 6.252 -0.439 0.000 6.588
3 16 0.905 0.000 4.773 1.846 0.000 5.849 0.502 0.000 5.916
3 16 0.502 0.000 5.916 0.233 0.000 5.714 0.905 0.000 4.773
3 16 -0.708 0.000 5.714 -0.103 0.000 5.782 -0.574 0.000 5.916
3 16 -0.574 0.000 5.916 -0.103 0.000 5.782 -0.439 0.000 6.588
3 16 -0.439 0.000 6.588 -0.776 0.000 6.252 -0.574 0.000 5.916
3 16 -1.313 0.000 8.202 -0.305 0.000 7.933 -0.843 0.000 11.092
3 16 -0.843 0.000 11.092 -1.851 0.000 8.403 -1.313 0.000 8.202
3 16 0.031 0.000 7.933 1.846 0.000 8.202 -0.843 0.000 11.092
3 16 -0.843 0.000 11.092 -0.305 0.000 7.933 0.031 0.000 7.933
3 16 0.098 0.000 7.731 0.098 0.000 6.723 0.434 0.000 7.059
3 16 0.098 0.000 6.723 0.166 0.000 6.655 0.434 0.000 6.790
3 16 0.434 0.000 6.790 0.434 0.000 7.059 0.098 0.000 6.723
3 16 0.703 0.000 7.328 0.031 0.000 7.933 0.098 0.000 7.731
3 16 0.098 0.000 7.731 0.434 0.000 7.059 0.703 0.000 7.328
3 16 0.703 0.000 7.328 1.039 0.000 7.193 1.846 0.000 8.202
3 16 1.846 0.000 8.202 0.031 0.000 7.933 0.703 0.000 7.328
3 16 1.846 0.000 8.202 1.039 0.000 7.193 1.712 0.000 6.723
3 16 1.712 0.000 6.723 1.846 0.000 6.723 1.846 0.000 8.202
3 16 2.149 0.000 8.336 -0.843 0.000 11.092 1.846 0.000 8.202
3 16 3.325 0.000 8.403 -0.843 0.000 11.092 2.149 0.000 8.336
3 16 2.149 0.000 8.336 2.922 0.000 8.202 3.325 0.000 8.403
3 16 2.384 0.000 8.134 2.922 0.000 8.202 2.149 0.000 8.336
3 16 2.586 0.000 7.731 2.922 0.000 8.202 2.384 0.000 8.134
3 16 2.384 0.000 8.134 2.384 0.000 7.731 2.586 0.000 7.731
3 16 3.124 0.000 7.126 3.258 0.000 6.992 3.729 0.000 7.193
3 16 3.729 0.000 7.193 3.056 0.000 7.529 3.124 0.000 7.126
3 16 3.056 0.000 7.529 3.729 0.000 7.193 3.729 0.000 7.664
3 16 3.729 0.000 7.664 3.325 0.000 7.798 3.056 0.000 7.529
3 16 3.594 0.000 7.798 3.325 0.000 7.798 3.729 0.000 7.664
3 16 -2.389 0.000 7.395 -2.994 0.000 6.723 -2.456 0.000 6.723
3 16 -2.456 0.000 6.723 -2.120 0.000 7.362 -2.389 0.000 7.395
3 16 -7.431 0.000 4.840 -7.162 0.000 4.639 -6.557 0.000 5.714
3 16 -6.557 0.000 5.714 -6.961 0.000 5.849 -7.431 0.000 4.840
3 16 -7.162 0.000 4.639 -6.019 0.000 4.773 -6.557 0.000 5.714
3 16 -2.650 0.000 -4.750 -5.952 0.000 4.303 -7.364 0.000 4.370
3 16 -7.364 0.000 4.370 -8.103 0.000 4.303 -2.650 0.000 -4.750
3 16 -8.708 0.000 9.277 -9.250 0.000 3.250 -8.305 0.000 4.773
3 16 -8.305 0.000 4.773 -7.700 0.000 6.185 -8.708 0.000 9.277
3 16 -7.633 0.000 5.849 -8.171 0.000 4.840 -7.431 0.000 4.840
3 16 -7.431 0.000 4.840 -7.229 0.000 5.849 -7.633 0.000 5.849
3 16 0.233 0.000 5.714 -0.103 0.000 5.782 -1.381 0.000 4.773
3 16 -1.381 0.000 4.773 -0.439 0.000 4.706 0.233 0.000 5.714
3 16 -7.364 0.000 4.370 -5.952 0.000 4.303 -6.154 0.000 4.504
3 16 -7.364 0.000 4.370 -6.154 0.000 4.504 -6.019 0.000 4.773
3 16 -6.019 0.000 4.773 -7.162 0.000 4.639 -7.364 0.000 4.370
3 16 -1.381 0.000 4.773 -0.708 0.000 5.714 -2.725 0.000 4.773
3 16 -2.725 0.000 4.773 -2.591 0.000 4.639 -1.381 0.000 4.773
3 16 -2.591 0.000 4.639 -2.591 0.000 4.370 -1.448 0.000 4.571
3 16 -1.448 0.000 4.571 -1.381 0.000 4.773 -2.591 0.000 4.639
3 16 -3.465 0.000 4.168 -4.944 0.000 4.303 -5.213 0.000 4.168
3 16 -5.213 0.000 4.168 1.344 0.000 2.478 -3.465 0.000 4.168
3 16 -4.944 0.000 4.303 -3.465 0.000 4.168 -3.734 0.000 4.437
3 16 -3.532 0.000 4.773 -4.944 0.000 4.303 -3.734 0.000 4.437
3 16 -3.532 0.000 4.773 -2.725 0.000 4.773 -0.708 0.000 5.714
3 16 -0.708 0.000 5.714 -1.045 0.000 5.714 -3.532 0.000 4.773
3 16 -2.792 0.000 4.168 -1.381 0.000 4.370 -1.448 0.000 4.571
3 16 -1.448 0.000 4.571 -2.591 0.000 4.370 -2.792 0.000 4.168
3 16 -0.708 0.000 5.714 -1.381 0.000 4.773 -0.103 0.000 5.782
3 16 1.779 0.000 4.773 1.913 0.000 4.639 3.258 0.000 4.773
3 16 3.258 0.000 4.773 3.930 0.000 5.714 1.779 0.000 4.773
3 16 1.344 0.000 2.478 1.650 0.000 2.600 1.645 0.000 4.168
3 16 1.645 0.000 4.168 0.905 0.000 4.303 1.344 0.000 2.478
3 16 0.905 0.000 4.303 0.838 0.000 4.504 -0.439 0.000 4.370
3 16 -0.439 0.000 4.370 1.344 0.000 2.478 0.905 0.000 4.303
3 16 -0.439 0.000 4.370 0.838 0.000 4.504 0.905 0.000 4.773
3 16 3.930 0.000 5.714 0.905 0.000 4.773 1.779 0.000 4.773
3 16 -0.439 0.000 4.706 -0.439 0.000 4.370 0.905 0.000 4.773
3 16 0.905 0.000 4.773 0.233 0.000 5.714 -0.439 0.000 4.706
3 16 5.947 0.000 5.647 5.611 0.000 4.773 6.485 0.000 4.773
3 16 6.485 0.000 4.773 6.687 0.000 5.647 5.947 0.000 5.647
3 16 3.191 0.000 4.571 1.913 0.000 4.639 1.913 0.000 4.303
3 16 1.913 0.000 4.303 3.258 0.000 4.370 3.191 0.000 4.571
3 16 3.191 0.000 4.571 3.258 0.000 4.773 1.913 0.000 4.639
3 16 4.535 0.000 5.782 3.930 0.000 5.714 3.258 0.000 4.773
3 16 3.258 0.000 4.773 4.199 0.000 4.773 4.535 0.000 5.782
3 16 10.674 0.000 -2.451 16.300 0.000 1.815 8.703 0.000 4.370
3 16 8.703 0.000 4.370 10.480 0.000 -2.191 10.674 0.000 -2.451
3 16 6.485 0.000 4.773 7.762 0.000 4.773 7.157 0.000 5.782
3 16 7.157 0.000 5.782 6.687 0.000 5.647 6.485 0.000 4.773
3 16 7.493 0.000 6.118 7.157 0.000 5.782 7.762 0.000 4.773
3 16 7.762 0.000 4.773 8.703 0.000 4.706 7.493 0.000 6.118
3 16 6.750 0.000 -0.900 6.485 0.000 4.303 5.611 0.000 4.370
3 16 5.611 0.000 4.370 4.199 0.000 4.303 6.750 0.000 -0.900
3 16 5.476 0.000 4.571 4.266 0.000 4.571 4.199 0.000 4.303
3 16 4.199 0.000 4.303 5.611 0.000 4.370 5.476 0.000 4.571
3 16 4.199 0.000 4.773 4.266 0.000 4.571 5.611 0.000 4.773
3 16 5.611 0.000 4.773 4.535 0.000 5.782 4.199 0.000 4.773
3 16 5.476 0.000 4.571 5.611 0.000 4.773 4.266 0.000 4.571
3 16 8.703 0.000 4.706 8.703 0.000 4.370 16.300 0.000 1.815
3 16 7.695 0.000 4.504 6.552 0.000 4.571 6.485 0.000 4.303
3 16 6.485 0.000 4.303 7.762 0.000 4.303 7.695 0.000 4.504
3 16 7.762 0.000 4.773 6.485 0.000 4.773 6.552 0.000 4.571
3 16 6.552 0.000 4.571 7.695 0.000 4.504 7.762 0.000 4.773
3 16 -8.750 0.000 3.250 -8.103 0.000 4.303 -8.305 0.000 4.437
3 16 -16.171 0.000 12.639 -9.250 0.000 3.250 -8.708 0.000 9.277
3 16 -8.708 0.000 9.277 -12.809 0.000 13.042 -16.171 0.000 12.639
3 16 0.367 0.000 -12.504 12.250 0.000 -11.500 -8.750 0.000 -11.500
3 16 -8.750 0.000 -11.500 -0.439 0.000 -12.504 0.367 0.000 -12.504
3 16 11.863 0.000 -14.387 4.334 0.000 -15.529 11.863 0.000 -14.790
3 16 12.250 0.000 -11.000 12.250 0.000 -11.500 13.745 0.000 -13.311
3 16 13.745 0.000 -13.311 14.955 0.000 -13.311 12.250 0.000 -11.000
3 16 -6.221 0.000 -17.681 -4.070 0.000 -17.815 -8.750 0.000 -11.500
3 16 -8.750 0.000 -11.500 -8.708 0.000 -14.387 -6.221 0.000 -17.681
3 16 -12.742 0.000 -17.681 -9.179 0.000 -14.387 -13.000 0.000 -11.500
3 16 -13.000 0.000 -11.500 -16.160 0.000 -17.880 -12.742 0.000 -17.681
3 16 -6.221 0.000 -17.681 -8.708 0.000 -14.387 -9.179 0.000 -14.387
3 16 -9.179 0.000 -14.387 -12.742 0.000 -17.681 -6.221 0.000 -17.681
3 16 -9.250 0.000 -11.500 -13.000 0.000 -11.500 -9.179 0.000 -14.387
3 16 -13.000 0.000 -11.500 -13.000 0.000 -11.000 -16.160 0.000 -17.880
3 16 -13.000 0.000 -11.000 -13.600 0.000 -4.900 -14.350 0.000 -4.100
3 16 -14.350 0.000 -4.100 -16.160 0.000 -17.880 -13.000 0.000 -11.000
3 16 -8.305 0.000 4.437 -8.305 0.000 4.773 -9.250 0.000 3.250
3 16 -9.250 0.000 3.250 -8.750 0.000 3.250 -8.305 0.000 4.437
3 16 1.913 0.000 4.303 1.645 0.000 4.168 1.650 0.000 2.600
3 16 1.650 0.000 2.600 3.258 0.000 4.370 1.913 0.000 4.303
3 16 3.258 0.000 4.370 1.650 0.000 2.600 1.956 0.000 2.478
3 16 1.956 0.000 2.478 4.199 0.000 4.303 3.258 0.000 4.370
3 16 8.176 0.000 -6.661 4.830 0.000 -5.493 4.600 0.000 -5.600
3 16 4.600 0.000 -5.600 8.370 0.000 -6.986 8.176 0.000 -6.661
3 16 4.600 0.000 -4.200 6.326 0.000 -1.281 1.956 0.000 2.478
3 16 1.956 0.000 2.478 6.520 0.000 -0.999 6.750 0.000 -0.900
3 16 6.750 0.000 -0.900 4.199 0.000 4.303 1.956 0.000 2.478
3 16 6.326 0.000 -1.281 6.520 0.000 -0.999 1.956 0.000 2.478
3 16 7.056 0.000 -0.999 10.250 0.000 -2.100 8.703 0.000 4.370
3 16 8.703 0.000 4.370 7.762 0.000 4.303 7.056 0.000 -0.999
3 16 7.316 0.000 -1.281 8.600 0.000 -5.600 9.755 0.000 -2.451
3 16 7.316 0.000 -1.281 9.982 0.000 -2.191 10.250 0.000 -2.100
3 16 10.250 0.000 -2.100 7.056 0.000 -0.999 7.316 0.000 -1.281
3 16 9.755 0.000 -2.451 9.982 0.000 -2.191 7.316 0.000 -1.281
3 16 10.250 0.000 -2.100 10.480 0.000 -2.191 8.703 0.000 4.370
3 16 10.674 0.000 -2.451 12.433 0.000 -5.717 16.166 0.000 -7.597
3 16 16.166 0.000 -7.597 16.300 0.000 1.815 10.674 0.000 -2.451
3 16 16.166 0.000 -7.597 12.433 0.000 -5.717 12.550 0.000 -6.000
3 16 12.550 0.000 -6.000 12.433 0.000 -6.283 16.166 0.000 -7.597
3 16 12.250 0.000 -11.000 16.166 0.000 -7.597 12.433 0.000 -6.283
3 16 12.433 0.000 -6.283 12.150 0.000 -6.400 12.250 0.000 -11.000
3 16 12.150 0.000 -6.400 11.867 0.000 -6.283 12.250 0.000 -11.000
3 16 12.250 0.000 -11.000 11.867 0.000 -6.283 10.250 0.000 -3.300
3 16 10.250 0.000 -3.300 8.868 0.000 -6.986 12.250 0.000 -11.000
3 16 8.868 0.000 -6.986 8.600 0.000 -7.100 12.250 0.000 -11.000
3 16 8.370 0.000 -6.986 4.600 0.000 -5.600 12.250 0.000 -11.000
3 16 12.250 0.000 -11.000 8.600 0.000 -7.100 8.370 0.000 -6.986
3 16 8.176 0.000 -6.661 6.750 0.000 -2.200 4.830 0.000 -5.493
3 16 4.294 0.000 -5.493 -0.794 0.000 -6.824 12.250 0.000 -11.000
3 16 12.250 0.000 -11.000 4.600 0.000 -5.600 4.294 0.000 -5.493
3 16 1.344 0.000 2.478 -0.439 0.000 4.370 -1.381 0.000 4.370
3 16 -1.381 0.000 4.370 -2.792 0.000 4.168 1.344 0.000 2.478
3 16 -2.792 0.000 4.168 -3.465 0.000 4.168 1.344 0.000 2.478
3 16 -8.750 0.000 3.250 -2.918 0.000 -4.826 -2.650 0.000 -4.750
3 16 -2.650 0.000 -4.750 -8.103 0.000 4.303 -8.750 0.000 3.250
3 16 -3.145 0.000 -5.043 -2.918 0.000 -4.826 -8.750 0.000 3.250
3 16 -8.750 0.000 3.250 -6.391 0.000 -6.526 -3.145 0.000 -5.043
3 16 1.650 0.000 1.000 -0.534 0.000 -6.607 4.034 0.000 -5.190
3 16 4.034 0.000 -5.190 -0.534 0.000 -6.607 -0.794 0.000 -6.824
3 16 -0.794 0.000 -6.824 4.294 0.000 -5.493 4.034 0.000 -5.190
3 16 12.250 0.000 -11.000 -0.794 0.000 -6.824 -1.100 0.000 -6.900
3 16 -1.100 0.000 -6.900 -3.905 0.000 -8.957 12.250 0.000 -11.000
3 16 -3.905 0.000 -8.957 -4.132 0.000 -9.174 12.250 0.000 -11.000
3 16 -3.905 0.000 -8.957 -1.100 0.000 -6.900 -1.291 0.000 -6.824
3 16 -2.650 0.000 -5.750 -3.905 0.000 -8.957 -1.291 0.000 -6.824
3 16 -7.750 0.000 -9.800 -8.033 0.000 -9.683 -8.750 0.000 -11.000
3 16 -4.400 0.000 -9.250 -4.630 0.000 -9.174 -7.467 0.000 -9.683
3 16 -7.467 0.000 -9.683 -8.750 0.000 -11.000 -4.400 0.000 -9.250
3 16 -7.467 0.000 -9.683 -4.630 0.000 -9.174 -6.100 0.000 -7.600
3 16 -7.467 0.000 -9.683 -7.750 0.000 -9.800 -8.750 0.000 -11.000
3 16 -8.033 0.000 -9.683 -8.150 0.000 -9.400 -8.750 0.000 -11.000
3 16 -8.150 0.000 -9.400 -8.033 0.000 -9.117 -8.750 0.000 3.250
3 16 -8.750 0.000 3.250 -8.750 0.000 -11.000 -8.150 0.000 -9.400
3 16 -8.750 0.000 3.250 -8.033 0.000 -9.117 -6.554 0.000 -6.743
3 16 -6.200 0.000 -6.450 -5.970 0.000 -6.526 -3.145 0.000 -5.043
3 16 -6.391 0.000 -6.526 -6.200 0.000 -6.450 -3.145 0.000 -5.043
3 16 -8.750 0.000 3.250 -6.554 0.000 -6.743 -6.391 0.000 -6.526
3 16 -2.650 0.000 -4.750 1.344 0.000 2.478 -5.213 0.000 4.168
3 16 -5.213 0.000 4.168 -5.952 0.000 4.303 -2.650 0.000 -4.750
3 16 -9.250 0.000 3.250 -13.300 0.000 -1.250 -11.500 0.000 -1.277
3 16 -11.500 0.000 -1.277 -11.000 0.000 -1.200 -9.250 0.000 3.250
3 16 -13.800 0.000 -1.200 -13.300 0.000 -1.250 -9.250 0.000 3.250
3 16 -9.250 0.000 3.250 -16.171 0.000 12.639 -13.800 0.000 -1.200
3 16 -12.875 0.000 -1.500 -12.400 0.000 -2.000 -11.925 0.000 -1.500
3 16 -9.900 0.000 -3.200 -10.450 0.000 -4.100 -9.250 0.000 -11.000
3 16 -12.875 0.000 -1.500 -11.925 0.000 -1.500 -11.500 0.000 -1.277
3 16 -11.500 0.000 -1.277 -13.300 0.000 -1.250 -12.875 0.000 -1.500
3 16 -11.000 0.000 -1.200 -10.500 0.000 -1.350 -9.250 0.000 3.250
3 16 -9.250 0.000 3.250 -10.500 0.000 -1.350 -10.100 0.000 -1.750
3 16 -9.250 0.000 3.250 -10.100 0.000 -1.750 -9.800 0.000 -2.400
3 16 -9.250 0.000 -11.000 -9.800 0.000 -2.400 -9.900 0.000 -3.200
3 16 -9.250 0.000 3.250 -9.800 0.000 -2.400 -9.250 0.000 -11.000
3 16 -10.450 0.000 -4.100 -11.200 0.000 -4.900 -9.250 0.000 -11.000
3 16 -9.250 0.000 -11.000 -11.200 0.000 -4.900 -12.400 0.000 -5.800
3 16 -12.400 0.000 -5.800 -13.000 0.000 -11.000 -9.250 0.000 -11.000
3 16 -12.400 0.000 -5.800 -13.600 0.000 -4.900 -13.000 0.000 -11.000
3 16 -16.160 0.000 -17.880 -14.350 0.000 -4.100 -14.800 0.000 -3.200
3 16 -16.160 0.000 -17.880 -14.800 0.000 -3.200 -14.900 0.000 -2.400
3 16 -16.171 0.000 12.639 -14.900 0.000 -2.400 -14.700 0.000 -1.750
3 16 -16.160 0.000 -17.880 -14.900 0.000 -2.400 -16.171 0.000 12.639
3 16 -16.171 0.000 12.639 -14.700 0.000 -1.750 -14.300 0.000 -1.350
3 16 -14.300 0.000 -1.350 -13.800 0.000 -1.200 -16.171 0.000 12.639
3 16 12.250 0.000 -11.500 0.367 0.000 -12.504 1.039 0.000 -12.639
3 16 1.039 0.000 -12.639 2.115 0.000 -12.639 12.250 0.000 -11.500
3 16 -8.750 0.000 -11.500 -4.070 0.000 -17.815 -1.381 0.000 -15.328
3 16 -1.381 0.000 -15.328 -1.246 0.000 -14.790 -8.750 0.000 -11.500
3 16 0.636 0.000 -13.647 0.569 0.000 -13.378 -0.171 0.000 -13.983
3 16 -0.171 0.000 -13.983 0.502 0.000 -14.050 0.636 0.000 -13.647
3 16 0.838 0.000 -13.714 0.636 0.000 -13.647 0.502 0.000 -14.050
3 16 0.367 0.000 -13.109 -0.238 0.000 -13.042 -0.171 0.000 -13.983
3 16 -0.171 0.000 -13.983 0.569 0.000 -13.378 0.367 0.000 -13.109
3 16 -0.238 0.000 -13.042 -0.574 0.000 -13.244 -0.574 0.000 -13.714
3 16 -0.574 0.000 -13.714 -0.171 0.000 -13.983 -0.238 0.000 -13.042
3 16 -1.112 0.000 -13.916 -1.179 0.000 -13.244 -8.750 0.000 -11.500
3 16 -8.750 0.000 -11.500 -1.246 0.000 -14.790 -1.112 0.000 -13.916
3 16 0.838 0.000 -13.714 0.502 0.000 -14.050 1.039 0.000 -14.319
3 16 1.039 0.000 -14.319 1.107 0.000 -13.580 0.838 0.000 -13.714
3 16 0.434 0.000 -14.655 0.300 0.000 -15.462 0.636 0.000 -15.193
3 16 0.636 0.000 -15.193 0.636 0.000 -14.924 0.434 0.000 -14.655
3 16 1.174 0.000 -14.790 2.653 0.000 -13.109 2.115 0.000 -13.042
3 16 2.115 0.000 -13.042 1.039 0.000 -14.319 1.174 0.000 -14.790
3 16 2.048 0.000 -15.798 1.107 0.000 -15.462 0.636 0.000 -15.933
3 16 0.636 0.000 -15.933 2.250 0.000 -16.000 2.048 0.000 -15.798
3 16 0.636 0.000 -15.933 0.098 0.000 -16.067 1.174 0.000 -18.084
3 16 1.174 0.000 -18.084 2.250 0.000 -16.000 0.636 0.000 -15.933
3 16 0.098 0.000 -16.067 -0.776 0.000 -15.866 -1.448 0.000 -17.950
3 16 -1.448 0.000 -17.950 1.174 0.000 -18.084 0.098 0.000 -16.067
3 16 -1.313 0.000 -15.798 -4.070 0.000 -17.815 -1.448 0.000 -17.950
3 16 -1.448 0.000 -17.950 -0.776 0.000 -15.866 -1.313 0.000 -15.798
3 16 -1.313 0.000 -15.798 -1.381 0.000 -15.328 -4.070 0.000 -17.815
3 16 -0.171 0.000 -14.454 -0.910 0.000 -14.185 -1.246 0.000 -14.790
3 16 -1.246 0.000 -14.790 -0.910 0.000 -14.723 -0.171 0.000 -14.454
3 16 -0.171 0.000 -14.454 -0.910 0.000 -14.723 -0.708 0.000 -15.126
3 16 -0.708 0.000 -15.126 -0.372 0.000 -15.462 -0.171 0.000 -14.454
3 16 -0.171 0.000 -14.454 -0.372 0.000 -15.462 0.300 0.000 -15.462
3 16 0.300 0.000 -15.462 0.434 0.000 -14.655 -0.171 0.000 -14.454
3 16 -0.910 0.000 -14.185 -1.112 0.000 -13.916 -1.246 0.000 -14.790
3 16 -8.750 0.000 -11.500 -1.179 0.000 -13.244 -0.843 0.000 -12.706
3 16 -8.750 0.000 -11.500 -0.843 0.000 -12.706 -0.439 0.000 -12.504
3 16 1.107 0.000 -13.580 1.039 0.000 -14.319 2.115 0.000 -13.042
3 16 12.250 0.000 -11.500 4.199 0.000 -12.639 4.334 0.000 -12.773
3 16 4.334 0.000 -12.773 4.334 0.000 -13.042 12.250 0.000 -11.500
3 16 12.250 0.000 -11.500 4.334 0.000 -15.529 11.863 0.000 -14.387
3 16 11.863 0.000 -14.387 12.266 0.000 -13.849 12.250 0.000 -11.500
3 16 1.174 0.000 -13.109 1.107 0.000 -13.580 2.115 0.000 -13.042
3 16 2.115 0.000 -13.042 2.000 0.000 -12.980 1.174 0.000 -13.109
3 16 4.199 0.000 -15.395 4.200 0.000 -13.090 3.661 0.000 -13.109
3 16 3.661 0.000 -13.109 3.460 0.000 -13.180 4.199 0.000 -15.395
3 16 4.334 0.000 -13.042 4.200 0.000 -13.090 4.199 0.000 -15.395
3 16 4.199 0.000 -15.395 4.334 0.000 -15.529 4.334 0.000 -13.042
3 16 3.460 0.000 -13.180 3.460 0.000 -15.328 3.661 0.000 -15.395
3 16 3.661 0.000 -15.395 4.199 0.000 -15.395 3.460 0.000 -13.180
3 16 12.250 0.000 -11.500 4.334 0.000 -13.042 4.334 0.000 -15.529
3 16 4.334 0.000 -15.529 4.334 0.000 -15.866 9.376 0.000 -18.353
3 16 9.376 0.000 -18.353 11.863 0.000 -14.790 4.334 0.000 -15.529
3 16 3.796 0.000 -18.218 9.376 0.000 -18.353 4.334 0.000 -15.866
3 16 4.334 0.000 -15.866 4.199 0.000 -16.000 3.796 0.000 -18.218
3 16 2.250 0.000 -16.000 1.174 0.000 -18.084 3.796 0.000 -18.218
3 16 3.796 0.000 -18.218 4.199 0.000 -16.000 2.250 0.000 -16.000
3 16 2.115 0.000 -15.529 1.174 0.000 -14.790 1.107 0.000 -15.462
3 16 1.107 0.000 -15.462 2.048 0.000 -15.798 2.115 0.000 -15.529
3 16 2.115 0.000 -15.529 2.451 0.000 -15.462 1.174 0.000 -14.790
3 16 2.451 0.000 -15.462 2.855 0.000 -15.328 2.653 0.000 -13.109
3 16 2.653 0.000 -13.109 1.174 0.000 -14.790 2.451 0.000 -15.462
3 16 2.855 0.000 -13.176 2.653 0.000 -13.109 2.855 0.000 -15.328
3 16 2.000 0.000 -12.980 2.000 0.000 -12.770 1.174 0.000 -13.109
3 16 2.115 0.000 -12.639 1.039 0.000 -12.639 1.174 0.000 -13.109
3 16 1.174 0.000 -13.109 2.000 0.000 -12.770 2.115 0.000 -12.639
3 16 12.250 0.000 -11.500 2.115 0.000 -12.639 4.199 0.000 -12.639
3 16 13.409 0.000 -15.529 13.678 0.000 -16.336 15.695 0.000 -14.588
3 16 15.695 0.000 -14.588 15.359 0.000 -14.319 13.409 0.000 -15.529
3 16 13.678 0.000 -16.336 13.870 0.000 -17.170 15.695 0.000 -14.588
3 16 12.804 0.000 -14.319 12.670 0.000 -14.521 13.073 0.000 -14.992
3 16 13.073 0.000 -14.992 13.476 0.000 -14.050 12.804 0.000 -14.319
3 16 14.821 0.000 -13.983 14.283 0.000 -13.916 13.409 0.000 -15.529
3 16 13.409 0.000 -15.529 15.359 0.000 -14.319 14.821 0.000 -13.983
3 16 -1.100 0.000 -5.900 1.344 0.000 2.478 -2.459 0.000 -4.826
3 16 -2.459 0.000 -4.826 1.344 0.000 2.478 -2.650 0.000 -4.750
3 16 -5.776 0.000 -6.743 -4.400 0.000 -8.250 -3.145 0.000 -5.043
3 16 -3.145 0.000 -5.043 -5.970 0.000 -6.526 -5.776 0.000 -6.743
3 16 -4.400 0.000 -9.250 -8.750 0.000 -11.000 12.250 0.000 -11.000
3 16 12.250 0.000 -11.000 -4.132 0.000 -9.174 -4.400 0.000 -9.250
3 16 -20.000 0.000 20.000 -16.910 0.000 13.280 -13.347 0.000 13.647
3 16 -13.347 0.000 13.647 -7.969 0.000 14.319 -20.000 0.000 20.000
3 16 -7.969 0.000 14.319 -13.347 0.000 13.647 -8.473 0.000 13.681
3 16 20.000 0.000 20.000 17.030 0.000 12.860 16.972 0.000 3.563
3 16 16.972 0.000 3.563 16.838 0.000 -6.118 20.000 0.000 -20.000
3 16 20.000 0.000 -20.000 20.000 0.000 20.000 16.972 0.000 3.563
3 16 20.000 0.000 -20.000 16.838 0.000 -6.118 16.703 0.000 -14.454
3 16 20.000 0.000 -20.000 16.703 0.000 -14.454 14.955 0.000 -16.739
3 16 14.485 0.000 -17.479 13.880 0.000 -18.555 20.000 0.000 -20.000
3 16 20.000 0.000 -20.000 14.955 0.000 -16.739 14.485 0.000 -17.479
3 16 20.000 0.000 -20.000 13.880 0.000 -18.555 13.409 0.000 -18.824
3 16 13.409 0.000 -18.824 10.989 0.000 -18.958 20.000 0.000 -20.000
3 16 7.023 0.000 -18.958 -20.000 0.000 -20.000 20.000 0.000 -20.000
3 16 20.000 0.000 -20.000 10.989 0.000 -18.958 7.023 0.000 -18.958
3 16 -20.000 0.000 -20.000 7.023 0.000 -18.958 -2.524 0.000 -18.555
3 16 -20.000 0.000 -20.000 -2.524 0.000 -18.555 -4.876 0.000 -18.420
3 16 -20.000 0.000 -20.000 -4.876 0.000 -18.420 -6.759 0.000 -18.286
3 16 -6.759 0.000 -18.286 -13.885 0.000 -18.353 -20.000 0.000 -20.000
3 16 -20.000 0.000 -20.000 -13.885 0.000 -18.353 -16.830 0.000 -18.480
3 16 -20.000 0.000 20.000 -7.969 0.000 14.319 -7.229 0.000 14.790
3 16 -20.000 0.000 20.000 -7.229 0.000 14.790 -6.490 0.000 15.059
3 16 -16.830 0.000 -18.480 -16.843 0.000 8.739 -20.000 0.000 20.000
3 16 -20.000 0.000 20.000 -20.000 0.000 -20.000 -16.830 0.000 -18.480
3 16 -20.000 0.000 20.000 -16.843 0.000 8.739 -16.910 0.000 13.280
3 16 -6.490 0.000 15.059 -3.196 0.000 15.059 -3.200 0.000 15.800
3 16 -3.200 0.000 15.800 -20.000 0.000 20.000 -6.490 0.000 15.059
3 16 -20.000 0.000 20.000 -3.200 0.000 15.800 -2.956 0.000 17.025
3 16 -2.956 0.000 17.025 -2.263 0.000 18.063 -20.000 0.000 20.000
3 16 -2.263 0.000 18.063 -1.225 0.000 18.756 -20.000 0.000 20.000
3 16 -20.000 0.000 20.000 -1.225 0.000 18.756 0.000 0.000 19.000
3 16 0.000 0.000 19.000 20.000 0.000 20.000 -20.000 0.000 20.000
3 16 20.000 0.000 20.000 0.000 0.000 19.000 1.225 0.000 18.756
3 16 20.000 0.000 20.000 1.225 0.000 18.756 2.263 0.000 18.063
3 16 20.000 0.000 20.000 2.263 0.000 18.063 2.956 0.000 17.025
3 16 20.000 0.000 20.000 2.956 0.000 17.025 3.200 0.000 15.800
3 16 6.149 0.000 14.992 20.000 0.000 20.000 3.200 0.000 15.800
3 16 3.200 0.000 15.800 3.196 0.000 15.060 6.149 0.000 14.992
3 16 20.000 0.000 20.000 6.149 0.000 14.992 6.821 0.000 14.857
3 16 20.000 0.000 20.000 6.821 0.000 14.857 7.762 0.000 14.387
3 16 20.000 0.000 20.000 7.762 0.000 14.387 8.434 0.000 13.647
3 16 20.000 0.000 20.000 8.434 0.000 13.647 8.703 0.000 13.244
3 16 8.703 0.000 13.244 11.258 0.000 12.571 20.000 0.000 20.000
3 16 11.258 0.000 12.571 8.703 0.000 13.244 9.039 0.000 12.571
3 16 20.000 0.000 20.000 11.258 0.000 12.571 17.030 0.000 12.860
3 0 3.200 0.000 15.800 2.956 0.000 17.025 2.310 0.000 16.757
3 0 2.310 0.000 16.757 2.500 0.000 15.800 3.200 0.000 15.800
3 0 8.434 0.000 13.647 7.762 0.000 14.387 7.359 0.000 13.849
3 0 7.359 0.000 13.849 8.031 0.000 13.109 8.434 0.000 13.647
3 0 7.762 0.000 14.387 6.821 0.000 14.857 6.687 0.000 14.185
3 0 6.687 0.000 14.185 7.359 0.000 13.849 7.762 0.000 14.387
3 0 8.434 0.000 12.303 9.039 0.000 12.571 8.703 0.000 13.244
3 0 8.703 0.000 13.244 8.031 0.000 13.109 8.434 0.000 12.303
3 0 4.200 0.000 -13.090 4.334 0.000 -13.042 4.334 0.000 -12.773
3 0 3.661 0.000 -13.109 4.200 0.000 -13.090 4.334 0.000 -12.773
3 0 4.334 0.000 -12.773 4.199 0.000 -12.639 3.661 0.000 -13.109
3 0 -16.160 0.000 -17.880 -16.830 0.000 -18.480 -13.885 0.000 -18.353
3 0 -13.885 0.000 -18.353 -12.742 0.000 -17.681 -16.160 0.000 -17.880
3 0 -16.843 0.000 8.739 -16.830 0.000 -18.480 -16.160 0.000 -17.880
3 0 -16.160 0.000 -17.880 -16.171 0.000 12.639 -16.843 0.000 8.739
3 0 -16.171 0.000 12.639 -12.809 0.000 13.042 -13.347 0.000 13.647
3 0 -13.347 0.000 13.647 -16.910 0.000 13.280 -16.171 0.000 12.639
3 0 -6.490 0.000 15.059 -7.229 0.000 14.790 -6.490 0.000 14.387
3 0 -6.490 0.000 14.387 -3.196 0.000 15.059 -6.490 0.000 15.059
3 0 -9.179 0.000 12.975 -8.473 0.000 13.681 -13.347 0.000 13.647
3 0 -13.347 0.000 13.647 -12.809 0.000 13.042 -9.179 0.000 12.975
3 0 -7.297 0.000 13.983 -6.490 0.000 14.387 -7.229 0.000 14.790
3 0 -7.229 0.000 14.790 -7.969 0.000 14.319 -7.297 0.000 13.983
3 0 6.149 0.000 14.992 3.196 0.000 15.060 5.813 0.000 14.387
3 0 -3.200 0.000 15.800 -2.500 0.000 15.800 -2.310 0.000 16.757
3 0 -2.310 0.000 16.757 -2.956 0.000 17.025 -3.200 0.000 15.800
3 0 0.000 0.000 18.300 0.957 0.000 18.110 0.000 0.000 19.000
3 0 0.000 0.000 19.000 -1.225 0.000 18.756 0.000 0.000 18.300
3 0 1.225 0.000 18.756 0.000 0.000 19.000 1.768 0.000 17.568
3 0 1.768 0.000 17.568 2.263 0.000 18.063 1.225 0.000 18.756
3 0 0.957 0.000 18.110 1.768 0.000 17.568 0.000 0.000 19.000
3 0 2.263 0.000 18.063 1.768 0.000 17.568 2.310 0.000 16.757
3 0 2.310 0.000 16.757 2.956 0.000 17.025 2.263 0.000 18.063
3 0 2.500 0.000 15.800 2.310 0.000 14.843 3.200 0.000 15.800
3 0 2.310 0.000 14.843 2.255 0.000 14.723 3.196 0.000 15.060
3 0 3.196 0.000 15.060 3.200 0.000 15.800 2.310 0.000 14.843
3 0 2.255 0.000 14.387 5.813 0.000 14.387 3.196 0.000 15.060
3 0 3.196 0.000 15.060 2.255 0.000 14.723 2.255 0.000 14.387
3 0 6.149 0.000 14.992 5.813 0.000 14.387 6.687 0.000 14.185
3 0 6.687 0.000 14.185 6.821 0.000 14.857 6.149 0.000 14.992
3 0 8.703 0.000 13.244 8.434 0.000 13.647 8.031 0.000 13.109
3 0 11.258 0.000 12.571 9.039 0.000 12.571 9.308 0.000 11.832
3 0 9.308 0.000 11.832 14.619 0.000 12.101 11.258 0.000 12.571
3 0 8.502 0.000 11.697 -7.767 0.000 11.765 -0.843 0.000 11.092
3 0 -0.843 0.000 11.092 9.107 0.000 11.025 8.502 0.000 11.697
3 0 -8.305 0.000 11.832 -8.910 0.000 11.160 -7.767 0.000 11.765
3 0 -8.977 0.000 12.639 -8.507 0.000 11.966 -8.238 0.000 12.773
3 0 -8.238 0.000 12.773 -8.977 0.000 12.908 -8.977 0.000 12.639
3 0 -8.238 0.000 12.773 -7.969 0.000 13.244 -8.473 0.000 13.681
3 0 -8.473 0.000 13.681 -8.977 0.000 12.908 -8.238 0.000 12.773
3 0 -7.969 0.000 13.244 -7.297 0.000 13.983 -7.969 0.000 14.319
3 0 -7.969 0.000 14.319 -8.473 0.000 13.681 -7.969 0.000 13.244
3 0 -2.255 0.000 14.723 -2.310 0.000 14.843 -3.196 0.000 15.059
3 0 -3.196 0.000 15.059 -2.255 0.000 14.387 -2.255 0.000 14.723
3 0 -6.490 0.000 14.387 -2.255 0.000 14.387 -3.196 0.000 15.059
3 0 -3.196 0.000 15.059 -2.310 0.000 14.843 -2.500 0.000 15.800
3 0 -2.500 0.000 15.800 -3.200 0.000 15.800 -3.196 0.000 15.059
3 0 -2.310 0.000 16.757 -1.768 0.000 17.568 -2.263 0.000 18.063
3 0 -2.263 0.000 18.063 -2.956 0.000 17.025 -2.310 0.000 16.757
3 0 -2.263 0.000 18.063 -1.768 0.000 17.568 -0.957 0.000 18.110
3 0 -0.957 0.000 18.110 -1.225 0.000 18.756 -2.263 0.000 18.063
3 0 0.000 0.000 18.300 -1.225 0.000 18.756 -0.957 0.000 18.110
3 0 1.600 0.000 15.800 1.478 0.000 16.412 0.832 0.000 16.144
3 0 0.832 0.000 16.144 1.478 0.000 15.188 1.600 0.000 15.800
3 0 0.344 0.000 14.968 0.000 0.000 14.200 0.612 0.000 14.322
3 0 0.612 0.000 14.322 0.636 0.000 15.164 0.344 0.000 14.968
3 0 -1.131 0.000 14.669 -0.612 0.000 14.322 -0.344 0.000 14.968
3 0 -0.344 0.000 14.968 -0.636 0.000 15.164 -1.131 0.000 14.669
3 0 -1.600 0.000 15.800 -1.478 0.000 15.188 -0.832 0.000 15.456
3 0 -0.832 0.000 15.456 -0.900 0.000 15.800 -1.600 0.000 15.800
3 0 -0.612 0.000 17.278 -0.344 0.000 16.632 0.000 0.000 16.700
3 0 0.000 0.000 16.700 0.000 0.000 17.400 -0.612 0.000 17.278
3 0 0.636 0.000 16.436 1.131 0.000 16.931 0.612 0.000 17.278
3 0 0.612 0.000 17.278 0.344 0.000 16.632 0.636 0.000 16.436
3 0 0.000 0.000 17.400 0.000 0.000 16.700 0.344 0.000 16.632
3 0 0.344 0.000 16.632 0.612 0.000 17.278 0.000 0.000 17.400
3 0 0.636 0.000 16.436 0.832 0.000 16.144 1.478 0.000 16.412
3 0 1.478 0.000 16.412 1.131 0.000 16.931 0.636 0.000 16.436
3 0 0.612 0.000 14.322 1.131 0.000 14.669 0.832 0.000 15.456
3 0 0.832 0.000 15.456 0.636 0.000 15.164 0.612 0.000 14.322
3 0 1.478 0.000 15.188 0.832 0.000 16.144 0.900 0.000 15.800
3 0 0.900 0.000 15.800 1.131 0.000 14.669 1.478 0.000 15.188
3 0 0.900 0.000 15.800 0.832 0.000 15.456 1.131 0.000 14.669
3 0 0.000 0.000 14.200 0.000 0.000 14.900 -0.344 0.000 14.968
3 0 -0.344 0.000 14.968 -0.612 0.000 14.322 0.000 0.000 14.200
3 0 0.344 0.000 14.968 0.000 0.000 14.900 0.000 0.000 14.200
3 0 -0.636 0.000 15.164 -0.832 0.000 15.456 -1.478 0.000 15.188
3 0 -1.478 0.000 15.188 -1.131 0.000 14.669 -0.636 0.000 15.164
3 0 -0.612 0.000 17.278 -1.131 0.000 16.931 -0.636 0.000 16.436
3 0 -0.636 0.000 16.436 -0.344 0.000 16.632 -0.612 0.000 17.278
3 0 -1.131 0.000 16.931 -1.478 0.000 16.412 -0.832 0.000 16.144
3 0 -0.832 0.000 16.144 -0.636 0.000 16.436 -1.131 0.000 16.931
3 0 -1.600 0.000 15.800 -0.900 0.000 15.800 -0.832 0.000 16.144
3 0 -0.832 0.000 16.144 -1.478 0.000 16.412 -1.600 0.000 15.800
3 0 -9.179 0.000 12.975 -8.977 0.000 12.908 -8.473 0.000 13.681
3 0 -8.305 0.000 11.832 -8.507 0.000 11.966 -8.910 0.000 11.160
3 0 -9.179 0.000 11.966 -8.910 0.000 11.160 -8.507 0.000 11.966
3 0 -8.507 0.000 11.966 -8.977 0.000 12.639 -9.179 0.000 11.966
3 0 -6.961 0.000 5.849 -6.557 0.000 5.714 -6.355 0.000 5.849
3 0 -6.355 0.000 5.849 -6.288 0.000 6.387 -6.961 0.000 5.849
3 0 -9.179 0.000 11.294 -8.910 0.000 11.160 -9.179 0.000 11.966
3 0 -8.910 0.000 11.160 -0.843 0.000 11.092 -7.767 0.000 11.765
3 0 8.502 0.000 11.697 9.107 0.000 11.025 9.241 0.000 11.227
3 0 9.241 0.000 11.227 9.308 0.000 11.832 8.502 0.000 11.697
3 0 8.434 0.000 12.303 8.502 0.000 11.697 9.308 0.000 11.832
3 0 9.308 0.000 11.832 9.039 0.000 12.571 8.434 0.000 12.303
3 0 14.619 0.000 12.101 16.300 0.000 12.101 17.030 0.000 12.860
3 0 17.030 0.000 12.860 11.258 0.000 12.571 14.619 0.000 12.101
3 0 16.838 0.000 -6.118 16.972 0.000 3.563 16.300 0.000 1.815
3 0 16.300 0.000 1.815 16.166 0.000 -7.597 16.838 0.000 -6.118
3 0 16.300 0.000 12.101 16.300 0.000 1.815 16.972 0.000 3.563
3 0 16.972 0.000 3.563 17.030 0.000 12.860 16.300 0.000 12.101
3 0 16.166 0.000 -7.597 16.090 0.000 -13.920 16.703 0.000 -14.454
3 0 16.703 0.000 -14.454 16.838 0.000 -6.118 16.166 0.000 -7.597
3 0 11.930 0.000 -16.471 12.670 0.000 -16.739 13.409 0.000 -15.529
3 0 13.409 0.000 -15.529 12.132 0.000 -15.261 11.930 0.000 -16.471
3 0 15.695 0.000 -14.588 16.703 0.000 -14.454 16.090 0.000 -13.920
3 0 16.090 0.000 -13.920 15.359 0.000 -14.319 15.695 0.000 -14.588
3 0 1.913 0.000 4.639 1.779 0.000 4.773 1.645 0.000 4.168
3 0 1.645 0.000 4.168 1.913 0.000 4.303 1.913 0.000 4.639
3 0 1.174 0.000 -18.084 -2.524 0.000 -18.555 7.023 0.000 -18.958
3 0 7.023 0.000 -18.958 3.796 0.000 -18.218 1.174 0.000 -18.084
3 0 12.266 0.000 -13.849 11.863 0.000 -14.387 12.670 0.000 -14.521
3 0 12.670 0.000 -14.521 12.804 0.000 -14.319 12.266 0.000 -13.849
3 0 11.863 0.000 -14.387 11.863 0.000 -14.790 12.132 0.000 -14.992
3 0 12.132 0.000 -14.992 12.670 0.000 -14.521 11.863 0.000 -14.387
3 0 12.132 0.000 -15.261 11.729 0.000 -16.202 11.930 0.000 -16.471
3 0 13.208 0.000 -17.412 13.880 0.000 -18.555 14.485 0.000 -17.479
3 0 14.485 0.000 -17.479 13.870 0.000 -17.170 13.208 0.000 -17.412
3 0 10.989 0.000 -18.958 13.409 0.000 -18.824 12.871 0.000 -18.218
3 0 12.871 0.000 -18.218 9.376 0.000 -18.353 10.989 0.000 -18.958
3 0 13.208 0.000 -18.151 13.409 0.000 -18.824 13.880 0.000 -18.555
3 0 13.880 0.000 -18.555 13.275 0.000 -17.882 13.208 0.000 -18.151
3 0 13.208 0.000 -17.412 13.275 0.000 -17.882 13.880 0.000 -18.555
3 0 13.208 0.000 -18.151 12.871 0.000 -18.218 13.409 0.000 -18.824
3 0 9.376 0.000 -18.353 3.796 0.000 -18.218 7.023 0.000 -18.958
3 0 7.023 0.000 -18.958 10.989 0.000 -18.958 9.376 0.000 -18.353
3 0 -2.524 0.000 -18.555 1.174 0.000 -18.084 -1.448 0.000 -17.950
3 0 -0.776 0.000 6.252 -1.045 0.000 5.714 -0.708 0.000 5.714
3 0 -0.708 0.000 5.714 -0.574 0.000 5.916 -0.776 0.000 6.252
3 0 -2.524 0.000 -18.555 -1.448 0.000 -17.950 -4.070 0.000 -17.815
3 0 -4.070 0.000 -17.815 -4.876 0.000 -18.420 -2.524 0.000 -18.555
3 0 -6.961 0.000 5.849 -6.490 0.000 6.588 -7.028 0.000 6.521
3 0 -7.028 0.000 6.521 -7.162 0.000 6.319 -6.961 0.000 5.849
3 0 -4.876 0.000 -18.420 -4.070 0.000 -17.815 -6.221 0.000 -17.681
3 0 -6.221 0.000 -17.681 -6.759 0.000 -18.286 -4.876 0.000 -18.420
3 0 -6.759 0.000 -18.286 -6.221 0.000 -17.681 -12.742 0.000 -17.681
3 0 -12.742 0.000 -17.681 -13.885 0.000 -18.353 -6.759 0.000 -18.286
3 0 -6.893 0.000 9.345 -7.498 0.000 9.613 -7.633 0.000 8.941
3 0 -7.633 0.000 8.941 -7.431 0.000 8.739 -6.893 0.000 9.345
3 0 -16.843 0.000 8.739 -16.171 0.000 12.639 -16.910 0.000 13.280
3 0 -4.271 0.000 7.597 -4.003 0.000 8.000 -4.473 0.000 8.403
3 0 -4.473 0.000 8.403 -4.944 0.000 8.000 -4.271 0.000 7.597
3 0 -4.944 0.000 8.000 -4.473 0.000 8.403 -5.583 0.000 8.841
3 0 -5.583 0.000 8.841 -5.414 0.000 8.202 -4.944 0.000 8.000
3 0 -1.650 0.000 6.790 -1.179 0.000 7.126 -2.120 0.000 7.362
3 0 -2.120 0.000 7.362 -1.784 0.000 6.790 -1.650 0.000 6.790
3 0 -4.003 0.000 6.857 -3.734 0.000 7.193 -4.271 0.000 7.261
3 0 -4.271 0.000 7.261 -4.809 0.000 6.857 -4.003 0.000 6.857
3 0 -1.313 0.000 6.118 -0.776 0.000 6.252 -1.179 0.000 7.126
3 0 -1.179 0.000 7.126 -1.650 0.000 6.790 -1.313 0.000 6.118
3 0 -8.103 0.000 4.303 -7.364 0.000 4.370 -7.431 0.000 4.840
3 0 -7.431 0.000 4.840 -8.171 0.000 4.840 -8.103 0.000 4.303
3 0 -7.633 0.000 5.849 -7.229 0.000 5.849 -7.700 0.000 6.185
3 0 -7.498 0.000 6.387 -7.700 0.000 6.185 -7.229 0.000 5.849
3 0 -7.229 0.000 5.849 -7.162 0.000 6.319 -7.498 0.000 6.387
3 0 -6.961 0.000 5.849 -7.162 0.000 6.319 -7.229 0.000 5.849
3 0 -5.583 0.000 8.841 -6.692 0.000 8.672 -5.414 0.000 8.202
3 0 -8.776 0.000 9.546 -8.708 0.000 9.277 -8.574 0.000 9.748
3 0 -8.103 0.000 9.076 -7.700 0.000 9.546 -8.574 0.000 9.748
3 0 -8.574 0.000 9.748 -8.708 0.000 9.277 -8.103 0.000 9.076
3 0 -7.633 0.000 8.941 -7.498 0.000 9.613 -7.700 0.000 9.546
3 0 -7.700 0.000 9.546 -8.103 0.000 9.076 -7.633 0.000 8.941
3 0 -6.961 0.000 9.815 -7.162 0.000 10.017 -7.498 0.000 9.613
3 0 -7.498 0.000 9.613 -6.893 0.000 9.345 -6.961 0.000 9.815
3 0 -7.498 0.000 9.882 -7.498 0.000 9.613 -7.162 0.000 10.017
3 0 -7.162 0.000 10.017 -7.364 0.000 10.017 -7.498 0.000 9.882
3 0 -6.893 0.000 9.345 -6.893 0.000 8.672 -6.692 0.000 8.672
3 0 -6.692 0.000 8.672 -5.583 0.000 8.841 -6.893 0.000 9.345
3 0 -7.431 0.000 8.739 -6.893 0.000 8.672 -6.893 0.000 9.345
3 0 -4.809 0.000 6.857 -5.818 0.000 6.521 -5.482 0.000 6.050
3 0 -5.482 0.000 6.050 -4.540 0.000 6.387 -4.809 0.000 6.857
3 0 -4.271 0.000 7.597 -4.271 0.000 7.261 -3.734 0.000 7.193
3 0 -3.734 0.000 7.193 -3.666 0.000 7.597 -4.271 0.000 7.597
3 0 -4.003 0.000 8.000 -4.271 0.000 7.597 -3.666 0.000 7.597
3 0 -4.540 0.000 6.387 -4.003 0.000 6.857 -4.809 0.000 6.857
3 0 -5.482 0.000 6.050 -5.818 0.000 6.521 -6.288 0.000 6.387
3 0 -6.288 0.000 6.387 -6.355 0.000 5.849 -5.482 0.000 6.050
3 0 -6.288 0.000 6.387 -6.490 0.000 6.588 -6.961 0.000 5.849
3 0 -6.692 0.000 7.261 -7.364 0.000 7.664 -7.028 0.000 6.521
3 0 -7.028 0.000 6.521 -6.490 0.000 6.588 -6.692 0.000 7.261
3 0 -6.893 0.000 8.202 -7.431 0.000 8.739 -7.364 0.000 7.664
3 0 -7.364 0.000 7.664 -6.692 0.000 7.261 -6.893 0.000 8.202
3 0 -6.893 0.000 8.672 -7.431 0.000 8.739 -6.893 0.000 8.202
3 0 5.476 0.000 6.252 5.342 0.000 5.916 5.476 0.000 5.782
3 0 5.476 0.000 5.782 5.947 0.000 5.647 5.476 0.000 6.252
3 0 -1.246 0.000 7.866 -2.120 0.000 7.362 -1.179 0.000 7.126
3 0 4.535 0.000 5.782 3.997 0.000 6.252 3.661 0.000 6.387
3 0 3.661 0.000 6.387 3.930 0.000 5.714 4.535 0.000 5.782
3 0 1.039 0.000 7.193 0.434 0.000 6.790 0.838 0.000 6.521
3 0 0.838 0.000 6.521 1.107 0.000 6.521 1.039 0.000 7.193
3 0 -2.725 0.000 4.773 -3.532 0.000 4.773 -3.734 0.000 4.437
3 0 -3.734 0.000 4.437 -3.465 0.000 4.168 -2.725 0.000 4.773
3 0 -2.725 0.000 4.773 -2.792 0.000 4.168 -2.591 0.000 4.370
3 0 -2.591 0.000 4.370 -2.591 0.000 4.639 -2.725 0.000 4.773
3 0 -3.532 0.000 6.185 -3.129 0.000 5.849 -2.994 0.000 6.454
3 0 -2.994 0.000 6.454 -3.599 0.000 6.655 -3.532 0.000 6.185
3 0 -1.313 0.000 6.118 -1.045 0.000 5.714 -0.776 0.000 6.252
3 0 -1.851 0.000 8.403 -2.120 0.000 7.362 -1.246 0.000 7.866
3 0 -1.246 0.000 7.866 -1.313 0.000 8.202 -1.851 0.000 8.403
3 0 5.813 0.000 7.395 6.216 0.000 7.597 5.947 0.000 8.067
3 0 5.947 0.000 8.067 5.476 0.000 7.866 5.813 0.000 7.395
3 0 4.266 0.000 7.059 4.266 0.000 7.798 3.729 0.000 7.664
3 0 3.729 0.000 7.664 3.729 0.000 7.193 4.266 0.000 7.059
3 0 2.922 0.000 8.202 2.586 0.000 7.731 3.056 0.000 7.529
3 0 3.056 0.000 7.529 3.325 0.000 7.798 2.922 0.000 8.202
3 0 2.787 0.000 6.521 3.325 0.000 5.916 3.661 0.000 6.387
3 0 3.661 0.000 6.387 3.661 0.000 6.588 2.787 0.000 6.521
3 0 6.754 0.000 6.387 6.754 0.000 6.185 7.493 0.000 6.118
3 0 7.493 0.000 6.118 7.493 0.000 6.521 6.754 0.000 6.387
3 0 5.947 0.000 8.067 6.216 0.000 7.597 6.485 0.000 8.067
3 0 5.275 0.000 7.664 5.140 0.000 7.395 5.813 0.000 7.395
3 0 5.813 0.000 7.395 5.476 0.000 7.866 5.275 0.000 7.664
3 0 5.140 0.000 7.395 5.140 0.000 7.126 5.813 0.000 7.261
3 0 5.813 0.000 7.261 5.813 0.000 7.395 5.140 0.000 7.395
3 0 6.216 0.000 7.597 6.552 0.000 7.597 6.619 0.000 7.866
3 0 6.619 0.000 7.866 6.485 0.000 8.067 6.216 0.000 7.597
3 0 6.754 0.000 6.185 6.687 0.000 5.647 7.157 0.000 5.782
3 0 7.157 0.000 5.782 7.493 0.000 6.118 6.754 0.000 6.185
3 0 5.476 0.000 6.723 5.880 0.000 6.655 6.014 0.000 7.193
3 0 6.014 0.000 7.193 5.813 0.000 7.261 5.476 0.000 6.723
3 0 5.476 0.000 6.723 5.140 0.000 7.126 4.468 0.000 6.319
3 0 4.468 0.000 6.319 5.006 0.000 6.050 5.476 0.000 6.723
3 0 4.468 0.000 6.319 3.997 0.000 6.252 4.535 0.000 5.782
3 0 4.535 0.000 5.782 5.006 0.000 6.050 4.468 0.000 6.319
3 0 5.947 0.000 5.647 6.687 0.000 5.647 6.754 0.000 6.185
3 0 6.754 0.000 6.185 5.476 0.000 6.252 5.947 0.000 5.647
3 0 6.754 0.000 6.387 7.493 0.000 6.521 7.157 0.000 6.857
3 0 7.157 0.000 6.857 6.619 0.000 6.454 6.754 0.000 6.387
3 0 6.014 0.000 7.193 5.880 0.000 6.655 6.619 0.000 6.454
3 0 6.619 0.000 6.454 7.157 0.000 6.857 6.014 0.000 7.193
3 0 5.140 0.000 7.126 5.476 0.000 6.723 5.813 0.000 7.261
3 0 -0.439 0.000 4.706 -1.448 0.000 4.571 -1.381 0.000 4.370
3 0 -1.381 0.000 4.370 -0.439 0.000 4.370 -0.439 0.000 4.706
3 0 3.325 0.000 5.916 3.930 0.000 5.714 3.661 0.000 6.387
3 0 1.846 0.000 5.849 2.182 0.000 5.849 2.317 0.000 6.118
3 0 2.317 0.000 6.118 1.107 0.000 6.521 1.846 0.000 5.849
3 0 3.325 0.000 8.403 2.922 0.000 8.202 3.325 0.000 7.798
3 0 3.325 0.000 7.798 3.594 0.000 7.798 3.325 0.000 8.403
3 0 -0.439 0.000 6.588 -0.103 0.000 5.782 0.166 0.000 6.655
3 0 0.166 0.000 6.655 0.098 0.000 6.723 -0.439 0.000 6.588
3 0 1.846 0.000 6.723 2.451 0.000 6.924 2.384 0.000 7.731
3 0 2.384 0.000 7.731 1.846 0.000 8.202 1.846 0.000 6.723
3 0 0.098 0.000 7.731 0.031 0.000 7.933 -0.305 0.000 7.933
3 0 -0.305 0.000 7.933 -0.439 0.000 7.798 0.098 0.000 7.731
3 0 -0.439 0.000 7.798 -0.439 0.000 6.588 0.098 0.000 6.723
3 0 0.098 0.000 6.723 0.098 0.000 7.731 -0.439 0.000 7.798
3 0 0.502 0.000 5.916 0.166 0.000 6.655 -0.103 0.000 5.782
3 0 -0.103 0.000 5.782 0.233 0.000 5.714 0.502 0.000 5.916
3 0 0.838 0.000 6.521 0.434 0.000 6.790 0.166 0.000 6.655
3 0 0.166 0.000 6.655 0.502 0.000 5.916 0.838 0.000 6.521
3 0 1.039 0.000 7.193 0.703 0.000 7.328 0.434 0.000 7.059
3 0 0.434 0.000 7.059 0.434 0.000 6.790 1.039 0.000 7.193
3 0 1.712 0.000 6.723 1.039 0.000 7.193 1.107 0.000 6.521
3 0 2.317 0.000 6.118 1.846 0.000 6.723 1.712 0.000 6.723
3 0 1.712 0.000 6.723 1.107 0.000 6.521 2.317 0.000 6.118
3 0 2.451 0.000 6.924 1.846 0.000 6.723 2.317 0.000 6.118
3 0 2.384 0.000 8.134 2.149 0.000 8.336 1.846 0.000 8.202
3 0 1.846 0.000 8.202 2.384 0.000 7.731 2.384 0.000 8.134
3 0 2.384 0.000 7.731 2.451 0.000 6.924 2.586 0.000 6.992
3 0 2.586 0.000 6.992 2.586 0.000 7.731 2.384 0.000 7.731
3 0 3.594 0.000 7.798 4.065 0.000 8.067 3.661 0.000 8.403
3 0 3.661 0.000 8.403 3.325 0.000 8.403 3.594 0.000 7.798
3 0 4.065 0.000 8.067 3.594 0.000 7.798 3.729 0.000 7.664
3 0 3.729 0.000 7.664 4.266 0.000 7.798 4.065 0.000 8.067
3 0 3.930 0.000 6.655 4.266 0.000 7.059 3.729 0.000 7.193
3 0 3.661 0.000 6.588 3.930 0.000 6.655 3.729 0.000 7.193
3 0 3.729 0.000 7.193 3.258 0.000 6.992 3.661 0.000 6.588
3 0 2.787 0.000 6.521 3.258 0.000 6.992 3.124 0.000 7.126
3 0 3.124 0.000 7.126 2.586 0.000 6.992 2.787 0.000 6.521
3 0 3.661 0.000 6.588 3.258 0.000 6.992 2.787 0.000 6.521
3 0 2.586 0.000 6.992 3.124 0.000 7.126 3.056 0.000 7.529
3 0 3.056 0.000 7.529 2.586 0.000 7.731 2.586 0.000 6.992
3 0 -2.524 0.000 7.933 -2.389 0.000 7.395 -2.120 0.000 7.362
3 0 -2.120 0.000 7.362 -1.851 0.000 8.403 -2.524 0.000 7.933
3 0 -1.784 0.000 6.790 -2.120 0.000 7.362 -2.456 0.000 6.723
3 0 -2.456 0.000 6.723 -2.322 0.000 6.050 -1.784 0.000 6.790
3 0 -2.860 0.000 6.387 -2.994 0.000 6.454 -3.129 0.000 5.849
3 0 -3.129 0.000 5.849 -2.792 0.000 5.849 -2.860 0.000 6.387
3 0 -2.860 0.000 6.387 -2.792 0.000 5.849 -2.322 0.000 6.050
3 0 -2.322 0.000 6.050 -2.456 0.000 6.723 -2.860 0.000 6.387
3 0 -2.994 0.000 6.723 -3.330 0.000 7.261 -3.599 0.000 6.655
3 0 -3.599 0.000 6.655 -2.994 0.000 6.454 -2.994 0.000 6.723
3 0 -3.330 0.000 7.261 -2.994 0.000 6.723 -2.389 0.000 7.395
3 0 -2.389 0.000 7.395 -2.524 0.000 7.933 -3.330 0.000 7.261
3 0 -5.213 0.000 4.168 -4.944 0.000 4.303 -4.944 0.000 4.639
3 0 -4.944 0.000 4.639 -5.078 0.000 4.773 -5.213 0.000 4.168
3 0 -7.431 0.000 4.840 -7.364 0.000 4.370 -7.162 0.000 4.639
3 0 -8.171 0.000 4.840 -8.305 0.000 4.773 -8.305 0.000 4.437
3 0 -8.305 0.000 4.437 -8.103 0.000 4.303 -8.171 0.000 4.840
3 0 -5.952 0.000 4.303 -5.213 0.000 4.168 -5.078 0.000 4.773
3 0 -6.154 0.000 4.504 -5.952 0.000 4.303 -5.078 0.000 4.773
3 0 -5.078 0.000 4.773 -6.019 0.000 4.773 -6.154 0.000 4.504
3 0 -2.792 0.000 4.168 -2.725 0.000 4.773 -3.465 0.000 4.168
3 0 4.199 0.000 4.303 4.266 0.000 4.571 4.199 0.000 4.773
3 0 4.199 0.000 4.773 3.258 0.000 4.370 4.199 0.000 4.303
3 0 -1.448 0.000 4.571 -0.439 0.000 4.706 -1.381 0.000 4.773
3 0 -8.750 0.000 -11.500 12.250 0.000 -11.500 12.250 0.000 -11.000
3 0 12.250 0.000 -11.000 -8.750 0.000 -11.000 -8.750 0.000 -11.500
3 0 0.905 0.000 4.303 1.645 0.000 4.168 1.779 0.000 4.773
3 0 0.838 0.000 4.504 0.905 0.000 4.303 1.779 0.000 4.773
3 0 1.779 0.000 4.773 0.905 0.000 4.773 0.838 0.000 4.504
3 0 3.191 0.000 4.571 3.258 0.000 4.370 4.199 0.000 4.773
3 0 4.199 0.000 4.773 3.258 0.000 4.773 3.191 0.000 4.571
3 0 6.485 0.000 4.303 6.552 0.000 4.571 6.485 0.000 4.773
3 0 6.485 0.000 4.773 5.611 0.000 4.370 6.485 0.000 4.303
3 0 5.611 0.000 4.773 5.476 0.000 4.571 5.611 0.000 4.370
3 0 5.611 0.000 4.370 6.485 0.000 4.773 5.611 0.000 4.773
3 0 7.695 0.000 4.504 7.762 0.000 4.303 7.762 0.000 4.773
3 0 8.703 0.000 4.706 7.762 0.000 4.773 7.762 0.000 4.303
3 0 7.762 0.000 4.303 8.703 0.000 4.370 8.703 0.000 4.706
3 0 -1.112 0.000 -13.916 -0.910 0.000 -14.185 -0.574 0.000 -13.714
3 0 -0.574 0.000 -13.714 -0.574 0.000 -13.244 -1.112 0.000 -13.916
3 0 0.367 0.000 -13.109 1.039 0.000 -12.639 0.367 0.000 -12.504
3 0 0.367 0.000 -12.504 -0.238 0.000 -13.042 0.367 0.000 -13.109
3 0 -0.238 0.000 -13.042 -0.439 0.000 -12.504 -0.843 0.000 -12.706
3 0 -0.843 0.000 -12.706 -0.574 0.000 -13.244 -0.238 0.000 -13.042
3 0 -8.750 0.000 -11.500 -9.250 0.000 -11.500 -9.179 0.000 -14.387
3 0 -9.179 0.000 -14.387 -8.708 0.000 -14.387 -8.750 0.000 -11.500
3 0 -9.250 0.000 -11.000 -9.250 0.000 -11.500 -8.750 0.000 -11.500
3 0 -8.750 0.000 -11.500 -8.750 0.000 -11.000 -9.250 0.000 -11.000
3 0 -9.250 0.000 -11.000 -13.000 0.000 -11.000 -13.000 0.000 -11.500
3 0 -13.000 0.000 -11.500 -9.250 0.000 -11.500 -9.250 0.000 -11.000
3 4 -12.875 0.000 -1.500 -13.300 0.000 -1.250 -12.400 0.000 -2.000
3 0 -8.750 0.000 -11.000 -8.750 0.000 3.250 -9.250 0.000 3.250
3 0 -9.250 0.000 3.250 -9.250 0.000 -11.000 -8.750 0.000 -11.000
3 4 4.600 0.000 -5.600 4.830 0.000 -5.493 4.294 0.000 -5.493
3 4 7.316 0.000 -1.281 7.056 0.000 -0.999 6.750 0.000 -0.900
3 4 6.750 0.000 -0.900 6.520 0.000 -0.999 7.316 0.000 -1.281
3 4 8.600 0.000 -5.600 8.868 0.000 -6.986 10.250 0.000 -3.300
3 4 10.250 0.000 -3.300 9.755 0.000 -2.451 8.600 0.000 -5.600
3 4 12.433 0.000 -6.283 12.433 0.000 -5.717 11.867 0.000 -6.283
3 4 11.867 0.000 -6.283 12.150 0.000 -6.400 12.433 0.000 -6.283
3 4 12.550 0.000 -6.000 12.433 0.000 -5.717 12.433 0.000 -6.283
3 4 6.750 0.000 -2.200 8.176 0.000 -6.661 8.600 0.000 -5.600
3 4 8.600 0.000 -5.600 7.316 0.000 -1.281 6.750 0.000 -2.200
3 4 8.600 0.000 -7.100 8.868 0.000 -6.986 8.176 0.000 -6.661
3 4 8.176 0.000 -6.661 8.370 0.000 -6.986 8.600 0.000 -7.100
3 4 8.868 0.000 -6.986 8.600 0.000 -5.600 8.176 0.000 -6.661
3 4 9.982 0.000 -2.191 10.674 0.000 -2.451 10.480 0.000 -2.191
3 4 10.480 0.000 -2.191 10.250 0.000 -2.100 9.982 0.000 -2.191
3 4 9.755 0.000 -2.451 10.250 0.000 -3.300 10.674 0.000 -2.451
3 4 10.674 0.000 -2.451 9.982 0.000 -2.191 9.755 0.000 -2.451
3 4 10.250 0.000 -3.300 11.867 0.000 -6.283 12.433 0.000 -5.717
3 4 12.433 0.000 -5.717 10.674 0.000 -2.451 10.250 0.000 -3.300
3 4 6.326 0.000 -1.281 6.750 0.000 -2.200 7.316 0.000 -1.281
3 4 7.316 0.000 -1.281 6.520 0.000 -0.999 6.326 0.000 -1.281
3 4 6.750 0.000 -2.200 6.326 0.000 -1.281 4.600 0.000 -4.200
3 4 4.600 0.000 -4.200 4.830 0.000 -5.493 6.750 0.000 -2.200
3 4 4.034 0.000 -5.190 4.294 0.000 -5.493 4.830 0.000 -5.493
3 4 4.830 0.000 -5.493 4.600 0.000 -4.200 4.034 0.000 -5.190
3 4 4.034 0.000 -5.190 4.600 0.000 -4.200 1.956 0.000 2.478
3 4 1.956 0.000 2.478 1.650 0.000 1.000 4.034 0.000 -5.190
3 4 1.650 0.000 1.000 1.956 0.000 2.478 1.650 0.000 2.600
3 4 1.650 0.000 2.600 1.344 0.000 2.478 1.650 0.000 1.000
3 4 -2.918 0.000 -4.826 -3.145 0.000 -5.043 -2.650 0.000 -4.750
3 4 -2.459 0.000 -4.826 -2.650 0.000 -4.750 -3.145 0.000 -5.043
3 4 -3.145 0.000 -5.043 -2.650 0.000 -5.750 -2.459 0.000 -4.826
3 4 -1.100 0.000 -5.900 -2.459 0.000 -4.826 -2.650 0.000 -5.750
3 4 -2.650 0.000 -5.750 -1.291 0.000 -6.824 -1.100 0.000 -5.900
3 4 -1.291 0.000 -6.824 -1.100 0.000 -6.900 -0.794 0.000 -6.824
3 4 -0.794 0.000 -6.824 -1.100 0.000 -5.900 -1.291 0.000 -6.824
3 4 -5.970 0.000 -6.526 -6.200 0.000 -6.450 -6.100 0.000 -7.600
3 4 -6.100 0.000 -7.600 -5.776 0.000 -6.743 -5.970 0.000 -6.526
3 4 -4.132 0.000 -9.174 -4.400 0.000 -8.250 -4.630 0.000 -9.174
3 4 -4.630 0.000 -9.174 -4.400 0.000 -9.250 -4.132 0.000 -9.174
3 4 -6.200 0.000 -6.450 -6.391 0.000 -6.526 -6.100 0.000 -7.600
3 4 -6.100 0.000 -7.600 -8.033 0.000 -9.117 -8.150 0.000 -9.400
3 4 -8.150 0.000 -9.400 -7.467 0.000 -9.683 -6.100 0.000 -7.600
3 4 -8.033 0.000 -9.683 -7.750 0.000 -9.800 -7.467 0.000 -9.683
3 4 -7.467 0.000 -9.683 -8.150 0.000 -9.400 -8.033 0.000 -9.683
3 4 -6.554 0.000 -6.743 -8.033 0.000 -9.117 -6.100 0.000 -7.600
3 4 -6.100 0.000 -7.600 -6.391 0.000 -6.526 -6.554 0.000 -6.743
3 4 -6.100 0.000 -7.600 -4.630 0.000 -9.174 -4.400 0.000 -8.250
3 4 -4.400 0.000 -8.250 -5.776 0.000 -6.743 -6.100 0.000 -7.600
3 4 -4.400 0.000 -8.250 -4.132 0.000 -9.174 -3.905 0.000 -8.957
3 4 -3.905 0.000 -8.957 -2.650 0.000 -5.750 -4.400 0.000 -8.250
3 4 -2.650 0.000 -5.750 -3.145 0.000 -5.043 -4.400 0.000 -8.250
3 4 -0.534 0.000 -6.607 -1.100 0.000 -5.900 -0.794 0.000 -6.824
3 4 1.344 0.000 2.478 -1.100 0.000 -5.900 -0.534 0.000 -6.607
3 4 -0.534 0.000 -6.607 1.650 0.000 1.000 1.344 0.000 2.478
3 4 -10.450 0.000 -4.100 -9.900 0.000 -3.200 -12.400 0.000 -2.000
3 4 -12.400 0.000 -2.000 -11.200 0.000 -4.900 -10.450 0.000 -4.100
3 4 -12.400 0.000 -2.000 -11.000 0.000 -1.200 -11.500 0.000 -1.277
3 4 -11.500 0.000 -1.277 -11.925 0.000 -1.500 -12.400 0.000 -2.000
3 4 -10.500 0.000 -1.350 -11.000 0.000 -1.200 -12.400 0.000 -2.000
3 4 -12.400 0.000 -2.000 -10.100 0.000 -1.750 -10.500 0.000 -1.350
3 4 -9.800 0.000 -2.400 -10.100 0.000 -1.750 -12.400 0.000 -2.000
3 4 -12.400 0.000 -2.000 -9.900 0.000 -3.200 -9.800 0.000 -2.400
3 4 -12.400 0.000 -5.800 -11.200 0.000 -4.900 -13.600 0.000 -4.900
3 4 -12.400 0.000 -2.000 -14.350 0.000 -4.100 -13.600 0.000 -4.900
3 4 -13.600 0.000 -4.900 -11.200 0.000 -4.900 -12.400 0.000 -2.000
3 4 -12.400 0.000 -2.000 -13.300 0.000 -1.250 -14.800 0.000 -3.200
3 4 -14.800 0.000 -3.200 -14.350 0.000 -4.100 -12.400 0.000 -2.000
3 4 -14.300 0.000 -1.350 -14.700 0.000 -1.750 -14.900 0.000 -2.400
3 4 -14.900 0.000 -2.400 -13.800 0.000 -1.200 -14.300 0.000 -1.350
3 4 -13.300 0.000 -1.250 -13.800 0.000 -1.200 -14.900 0.000 -2.400
3 4 -14.900 0.000 -2.400 -14.800 0.000 -3.200 -13.300 0.000 -1.250
3 0 1.174 0.000 -13.109 0.569 0.000 -13.378 1.107 0.000 -13.580
3 0 0.569 0.000 -13.378 0.636 0.000 -13.647 0.838 0.000 -13.714
3 0 0.838 0.000 -13.714 1.107 0.000 -13.580 0.569 0.000 -13.378
3 0 2.115 0.000 -13.042 2.653 0.000 -13.109 2.115 0.000 -12.639
3 0 2.115 0.000 -12.639 2.000 0.000 -12.770 2.115 0.000 -13.042
3 0 3.460 0.000 -13.180 3.661 0.000 -13.109 2.855 0.000 -13.176
3 0 1.174 0.000 -13.109 1.039 0.000 -12.639 0.367 0.000 -13.109
3 0 0.367 0.000 -13.109 0.569 0.000 -13.378 1.174 0.000 -13.109
3 0 -1.179 0.000 -13.244 -1.112 0.000 -13.916 -0.574 0.000 -13.244
3 0 -0.574 0.000 -13.244 -0.843 0.000 -12.706 -1.179 0.000 -13.244
3 0 0.636 0.000 -15.193 1.107 0.000 -15.462 1.174 0.000 -14.790
3 0 1.174 0.000 -14.790 0.636 0.000 -14.924 0.636 0.000 -15.193
3 0 0.098 0.000 -16.067 0.300 0.000 -15.462 -0.372 0.000 -15.462
3 0 -0.372 0.000 -15.462 -0.776 0.000 -15.866 0.098 0.000 -16.067
3 0 -1.313 0.000 -15.798 -0.776 0.000 -15.866 -1.381 0.000 -15.328
3 0 -0.171 0.000 -14.454 -0.171 0.000 -13.983 -0.574 0.000 -13.714
3 0 -0.574 0.000 -13.714 -0.910 0.000 -14.185 -0.171 0.000 -14.454
3 0 -0.708 0.000 -15.126 -0.910 0.000 -14.723 -1.246 0.000 -14.790
3 0 -1.246 0.000 -14.790 -1.381 0.000 -15.328 -0.708 0.000 -15.126
3 0 -0.708 0.000 -15.126 -1.381 0.000 -15.328 -0.776 0.000 -15.866
3 0 -0.776 0.000 -15.866 -0.372 0.000 -15.462 -0.708 0.000 -15.126
3 0 0.636 0.000 -15.933 0.300 0.000 -15.462 0.098 0.000 -16.067
3 0 0.636 0.000 -15.933 1.107 0.000 -15.462 0.636 0.000 -15.193
3 0 0.636 0.000 -15.193 0.300 0.000 -15.462 0.636 0.000 -15.933
3 0 -0.171 0.000 -14.454 0.434 0.000 -14.655 0.502 0.000 -14.050
3 0 0.502 0.000 -14.050 -0.171 0.000 -13.983 -0.171 0.000 -14.454
3 0 1.039 0.000 -14.319 0.434 0.000 -14.655 0.636 0.000 -14.924
3 0 0.636 0.000 -14.924 1.174 0.000 -14.790 1.039 0.000 -14.319
3 0 0.502 0.000 -14.050 0.434 0.000 -14.655 1.039 0.000 -14.319
3 0 0.367 0.000 -12.504 -0.439 0.000 -12.504 -0.238 0.000 -13.042
3 0 3.661 0.000 -13.109 4.199 0.000 -12.639 2.115 0.000 -12.639
3 0 2.115 0.000 -15.529 2.048 0.000 -15.798 2.250 0.000 -16.000
3 0 2.250 0.000 -16.000 2.451 0.000 -15.462 2.115 0.000 -15.529
3 0 3.661 0.000 -15.395 3.460 0.000 -15.328 4.199 0.000 -16.000
3 0 4.199 0.000 -16.000 4.334 0.000 -15.866 4.334 0.000 -15.529
3 0 4.334 0.000 -15.529 4.199 0.000 -15.395 4.199 0.000 -16.000
3 0 3.661 0.000 -15.395 4.199 0.000 -16.000 4.199 0.000 -15.395
3 0 2.451 0.000 -15.462 2.250 0.000 -16.000 2.855 0.000 -15.328
3 0 3.460 0.000 -15.328 2.855 0.000 -15.328 2.250 0.000 -16.000
3 0 2.250 0.000 -16.000 4.199 0.000 -16.000 3.460 0.000 -15.328
3 0 3.460 0.000 -13.180 2.855 0.000 -13.176 2.855 0.000 -15.328
3 0 2.855 0.000 -15.328 3.460 0.000 -15.328 3.460 0.000 -13.180
3 0 2.115 0.000 -12.639 2.653 0.000 -13.109 2.855 0.000 -13.176
3 0 2.855 0.000 -13.176 3.661 0.000 -13.109 2.115 0.000 -12.639
3 0 2.000 0.000 -12.770 2.000 0.000 -12.980 2.115 0.000 -13.042
3 0 14.955 0.000 -13.311 14.821 0.000 -13.983 15.493 0.000 -13.580
3 0 15.493 0.000 -13.580 14.821 0.000 -13.983 15.359 0.000 -14.319
3 0 15.359 0.000 -14.319 16.090 0.000 -13.920 15.493 0.000 -13.580
3 0 15.695 0.000 -14.588 13.870 0.000 -17.170 14.955 0.000 -16.739
3 0 14.955 0.000 -16.739 16.703 0.000 -14.454 15.695 0.000 -14.588
3 0 13.678 0.000 -16.336 13.409 0.000 -15.529 12.670 0.000 -16.739
3 0 12.670 0.000 -16.739 13.073 0.000 -17.143 13.678 0.000 -16.336
3 0 14.485 0.000 -17.479 14.955 0.000 -16.739 13.870 0.000 -17.170
3 0 13.870 0.000 -17.170 13.678 0.000 -16.336 13.073 0.000 -17.143
3 0 13.073 0.000 -17.143 13.208 0.000 -17.412 13.870 0.000 -17.170
3 0 13.409 0.000 -15.529 13.073 0.000 -14.992 12.132 0.000 -15.261
3 0 13.073 0.000 -14.992 12.670 0.000 -14.521 12.132 0.000 -14.992
3 0 12.132 0.000 -14.992 12.132 0.000 -15.261 13.073 0.000 -14.992
3 0 13.006 0.000 -13.513 12.266 0.000 -13.849 12.804 0.000 -14.319
3 0 12.804 0.000 -14.319 13.476 0.000 -14.050 13.006 0.000 -13.513
3 0 13.476 0.000 -14.050 14.283 0.000 -13.916 13.745 0.000 -13.311
3 0 13.745 0.000 -13.311 13.006 0.000 -13.513 13.476 0.000 -14.050
3 0 14.955 0.000 -13.311 13.745 0.000 -13.311 14.283 0.000 -13.916
3 0 14.283 0.000 -13.916 14.821 0.000 -13.983 14.955 0.000 -13.311
1 16 0.0000 0.0000 0.0000 1.0000 0.0000 0.0000 0.0000 1.0000 0.0000 0.0000 0.0000 1.0000 s/3068bs01.dat
