0 FILE 3069bpb696.dat
0 Tile 1 x 2 with Groove with Audio Cassette with 'A' and Bright Pink Stripe and Blue Trim Pattern
0 Name:  3069bpb696.dat
0 Author:  
0 BL_Item_No 3069bpb696
0 BFC CERTIFY CCW
3 16 -20.000 0.000 10.000 -16.560 0.000 6.260 -14.860 0.000 7.960
3 16 -20.000 0.000 10.000 -14.860 0.000 7.960 -14.370 0.000 8.290
3 16 -20.000 0.000 10.000 -14.370 0.000 8.290 -13.800 0.000 8.400
3 16 -20.000 0.000 10.000 -16.890 0.000 5.770 -16.560 0.000 6.260
3 16 -20.000 0.000 10.000 -17.000 0.000 5.200 -16.890 0.000 5.770
3 16 -20.000 0.000 10.000 -20.000 0.000 -10.000 -17.000 0.000 -3.500
3 16 -17.000 0.000 -3.500 -17.000 0.000 5.200 -20.000 0.000 10.000
3 16 -17.000 0.000 -3.500 -20.000 0.000 -10.000 -17.000 0.000 -5.000
3 16 -15.600 0.000 -5.800 -17.000 0.000 -5.000 -20.000 0.000 -10.000
3 16 -20.000 0.000 -10.000 -15.600 0.000 -6.800 -15.600 0.000 -5.800
3 16 17.000 0.000 -3.500 17.000 0.000 -5.000 20.000 0.000 -10.000
3 16 17.000 0.000 -3.500 20.000 0.000 -10.000 20.000 0.000 10.000
3 16 20.000 0.000 10.000 17.000 0.000 5.200 17.000 0.000 -3.500
3 16 20.000 0.000 10.000 16.890 0.000 5.770 17.000 0.000 5.200
3 16 20.000 0.000 10.000 16.560 0.000 6.260 16.890 0.000 5.770
3 16 20.000 0.000 10.000 14.860 0.000 7.960 16.560 0.000 6.260
3 16 20.000 0.000 10.000 14.370 0.000 8.290 14.860 0.000 7.960
3 16 20.000 0.000 10.000 13.800 0.000 8.400 14.370 0.000 8.290
3 16 -13.800 0.000 8.400 13.800 0.000 8.400 20.000 0.000 10.000
3 16 20.000 0.000 10.000 -20.000 0.000 10.000 -13.800 0.000 8.400
3 16 -9.300 0.000 -5.900 -10.039 0.000 -6.394 -11.100 0.000 -9.000
3 16 -11.100 0.000 -9.000 9.300 0.000 -5.900 -9.300 0.000 -5.900
3 16 -13.600 0.000 -5.800 -13.600 0.000 -6.800 -11.900 0.000 -9.000
3 16 -11.900 0.000 -9.000 -10.686 0.000 -6.126 -13.600 0.000 -5.800
3 16 -13.600 0.000 -6.800 -13.600 0.000 -7.800 -11.900 0.000 -9.000
3 16 -11.900 0.000 -9.000 -14.600 0.000 -7.800 -15.600 0.000 -7.800
3 16 -15.600 0.000 -7.800 -20.000 0.000 -10.000 -11.900 0.000 -9.000
3 16 -15.600 0.000 -6.800 -20.000 0.000 -10.000 -15.600 0.000 -7.800
3 16 -15.600 0.000 -5.800 -14.600 0.000 -5.800 -15.500 0.000 -5.000
3 16 -15.500 0.000 -5.000 -17.000 0.000 -5.000 -15.600 0.000 -5.800
3 16 -13.600 0.000 -5.800 -10.686 0.000 -6.126 -10.800 0.000 -5.200
3 16 -13.600 0.000 -5.800 -10.800 0.000 -5.200 -15.500 0.000 -5.000
3 16 -15.500 0.000 -5.000 -14.600 0.000 -5.800 -13.600 0.000 -5.800
3 16 -15.500 0.000 -5.000 -10.800 0.000 -5.200 -9.300 0.000 -5.200
3 16 -11.100 0.000 -9.000 -11.900 0.000 -9.000 -20.000 0.000 -10.000
3 16 10.039 0.000 -6.394 9.300 0.000 -5.900 -11.100 0.000 -9.000
3 16 -11.100 0.000 -9.000 11.100 0.000 -9.000 10.039 0.000 -6.394
3 16 13.600 0.000 -5.800 10.686 0.000 -6.126 11.900 0.000 -9.000
3 16 11.900 0.000 -9.000 13.600 0.000 -6.800 13.600 0.000 -5.800
3 16 13.600 0.000 -6.800 11.900 0.000 -9.000 13.600 0.000 -7.800
3 16 11.900 0.000 -9.000 20.000 0.000 -10.000 15.600 0.000 -7.800
3 16 15.600 0.000 -7.800 14.600 0.000 -7.800 11.900 0.000 -9.000
3 16 15.600 0.000 -6.800 15.600 0.000 -7.800 20.000 0.000 -10.000
3 16 15.600 0.000 -5.800 15.600 0.000 -6.800 20.000 0.000 -10.000
3 16 20.000 0.000 -10.000 17.000 0.000 -5.000 15.600 0.000 -5.800
3 16 15.500 0.000 -5.000 14.600 0.000 -5.800 15.600 0.000 -5.800
3 16 15.600 0.000 -5.800 17.000 0.000 -5.000 15.500 0.000 -5.000
3 16 10.686 0.000 -6.126 13.600 0.000 -5.800 10.800 0.000 -5.200
3 16 13.600 0.000 -5.800 14.600 0.000 -5.800 15.500 0.000 -5.000
3 16 15.500 0.000 -5.000 10.800 0.000 -5.200 13.600 0.000 -5.800
3 16 15.500 0.000 -5.000 9.300 0.000 -5.200 10.800 0.000 -5.200
3 16 11.900 0.000 -9.000 11.100 0.000 -9.000 -20.000 0.000 -10.000
3 16 -20.000 0.000 -10.000 20.000 0.000 -10.000 11.900 0.000 -9.000
3 16 -9.300 0.000 -5.200 9.300 0.000 -5.200 15.500 0.000 -5.000
3 16 15.500 0.000 -5.000 -15.500 0.000 -5.000 -9.300 0.000 -5.200
3 16 11.100 0.000 -9.000 -11.100 0.000 -9.000 -20.000 0.000 -10.000
3 16 -13.600 0.000 -7.800 -14.600 0.000 -7.800 -11.900 0.000 -9.000
3 16 13.600 0.000 -7.800 11.900 0.000 -9.000 14.600 0.000 -7.800
3 5 -14.200 0.000 4.400 -14.900 0.000 3.700 -13.340 0.000 2.800
3 5 -13.340 0.000 2.800 -12.860 0.000 3.400 -14.200 0.000 4.400
3 1 9.300 0.000 -5.200 9.300 0.000 -5.900 10.100 0.000 -5.900
3 1 9.300 0.000 -5.200 10.100 0.000 -5.900 10.686 0.000 -6.126
3 0 -5.170 0.000 2.250 -5.270 0.000 2.340 -5.270 0.000 1.660
3 0 -5.270 0.000 1.660 -5.170 0.000 1.750 -5.170 0.000 2.250
3 1 10.100 0.000 -5.900 10.039 0.000 -6.394 10.686 0.000 -6.126
3 1 15.500 0.000 -4.300 15.500 0.000 -5.000 16.561 0.000 -4.561
3 1 16.561 0.000 -4.561 16.300 0.000 -4.300 15.500 0.000 -4.300
3 1 16.300 0.000 -3.500 16.300 0.000 -4.300 16.561 0.000 -4.561
3 1 16.561 0.000 -4.561 17.000 0.000 -3.500 16.300 0.000 -3.500
3 1 -15.500 0.000 -4.300 -16.300 0.000 -4.300 -16.561 0.000 -4.561
3 1 -16.561 0.000 -4.561 -15.500 0.000 -5.000 -15.500 0.000 -4.300
3 1 -16.300 0.000 -3.500 -17.000 0.000 -3.500 -16.561 0.000 -4.561
3 1 -16.561 0.000 -4.561 -16.300 0.000 -4.300 -16.300 0.000 -3.500
3 1 -9.300 0.000 -5.900 -9.300 0.000 -5.200 -10.100 0.000 -5.900
3 1 -10.100 0.000 -5.900 -9.300 0.000 -5.200 -10.686 0.000 -6.126
3 0 5.170 0.000 2.250 5.170 0.000 1.750 5.270 0.000 1.660
3 0 5.270 0.000 1.660 5.270 0.000 2.340 5.170 0.000 2.250
3 1 -10.039 0.000 -6.394 -10.100 0.000 -5.900 -10.686 0.000 -6.126
3 0 -5.170 0.000 2.250 -5.170 0.000 1.750 -4.700 0.000 2.000
3 0 -4.700 0.000 2.000 -4.750 0.000 2.360 -5.170 0.000 2.250
3 0 -4.700 0.000 2.000 -5.170 0.000 1.750 -4.750 0.000 1.640
3 0 -5.850 0.000 2.930 -5.420 0.000 2.680 -5.400 0.000 3.210
3 0 -5.400 0.000 3.210 -5.740 0.000 3.350 -5.850 0.000 2.930
3 0 -5.400 0.000 3.210 -5.420 0.000 2.680 -5.110 0.000 2.990
3 0 -5.850 0.000 2.930 -5.980 0.000 2.890 -5.390 0.000 2.550
3 0 -5.390 0.000 2.550 -5.420 0.000 2.680 -5.850 0.000 2.930
3 0 -6.780 0.000 2.680 -6.350 0.000 2.930 -6.800 0.000 3.210
3 0 -6.800 0.000 3.210 -7.090 0.000 2.990 -6.780 0.000 2.680
3 0 -6.460 0.000 3.350 -6.800 0.000 3.210 -6.350 0.000 2.930
3 0 -6.780 0.000 2.680 -6.810 0.000 2.550 -6.220 0.000 2.890
3 0 -6.220 0.000 2.890 -6.350 0.000 2.930 -6.780 0.000 2.680
3 0 -7.030 0.000 1.750 -7.030 0.000 2.250 -7.500 0.000 2.000
3 0 -7.500 0.000 2.000 -7.450 0.000 1.640 -7.030 0.000 1.750
3 0 -7.450 0.000 2.360 -7.500 0.000 2.000 -7.030 0.000 2.250
3 0 -7.030 0.000 1.750 -6.930 0.000 1.660 -6.930 0.000 2.340
3 0 -6.930 0.000 2.340 -7.030 0.000 2.250 -7.030 0.000 1.750
3 0 -6.350 0.000 1.070 -6.780 0.000 1.320 -6.800 0.000 0.790
3 0 -6.800 0.000 0.790 -6.460 0.000 0.650 -6.350 0.000 1.070
3 0 -6.780 0.000 1.320 -7.090 0.000 1.010 -6.800 0.000 0.790
3 0 -6.350 0.000 1.070 -6.220 0.000 1.110 -6.810 0.000 1.450
3 0 -6.810 0.000 1.450 -6.780 0.000 1.320 -6.350 0.000 1.070
3 0 -5.420 0.000 1.320 -5.850 0.000 1.070 -5.400 0.000 0.790
3 0 -5.400 0.000 0.790 -5.110 0.000 1.010 -5.420 0.000 1.320
3 0 -5.850 0.000 1.070 -5.740 0.000 0.650 -5.400 0.000 0.790
3 0 -5.420 0.000 1.320 -5.390 0.000 1.450 -5.980 0.000 1.110
3 0 -5.980 0.000 1.110 -5.850 0.000 1.070 -5.420 0.000 1.320
3 0 -6.930 0.000 2.340 -5.390 0.000 1.450 -5.270 0.000 1.660
3 0 -5.270 0.000 1.660 -6.810 0.000 2.550 -6.930 0.000 2.340
3 0 -6.810 0.000 2.550 -5.270 0.000 1.660 -5.270 0.000 2.340
3 0 -5.270 0.000 2.340 -6.220 0.000 2.890 -6.810 0.000 2.550
3 0 -5.270 0.000 2.340 -5.390 0.000 2.550 -5.980 0.000 2.890
3 0 -5.980 0.000 2.890 -6.220 0.000 2.890 -5.270 0.000 2.340
3 0 -6.930 0.000 2.340 -6.930 0.000 1.660 -5.980 0.000 1.110
3 0 -5.980 0.000 1.110 -5.390 0.000 1.450 -6.930 0.000 2.340
3 0 -6.930 0.000 1.660 -6.810 0.000 1.450 -6.220 0.000 1.110
3 0 -6.220 0.000 1.110 -5.980 0.000 1.110 -6.930 0.000 1.660
3 1 -6.350 0.000 2.930 -6.220 0.000 2.890 -5.980 0.000 2.890
3 1 -5.980 0.000 2.890 -6.460 0.000 3.350 -6.350 0.000 2.930
3 1 -5.980 0.000 2.890 -5.850 0.000 2.930 -5.740 0.000 3.350
3 1 -5.740 0.000 3.350 -6.460 0.000 3.350 -5.980 0.000 2.890
3 1 -5.390 0.000 2.550 -5.270 0.000 2.340 -5.110 0.000 2.990
3 1 -5.110 0.000 2.990 -5.420 0.000 2.680 -5.390 0.000 2.550
3 1 -5.270 0.000 2.340 -5.170 0.000 2.250 -4.750 0.000 2.360
3 1 -4.750 0.000 2.360 -5.110 0.000 2.990 -5.270 0.000 2.340
3 1 -5.170 0.000 1.750 -5.270 0.000 1.660 -5.420 0.000 1.320
3 1 -5.420 0.000 1.320 -4.750 0.000 1.640 -5.170 0.000 1.750
3 1 -5.270 0.000 1.660 -5.390 0.000 1.450 -5.420 0.000 1.320
3 1 -5.420 0.000 1.320 -5.110 0.000 1.010 -4.160 0.000 1.200
3 1 -4.160 0.000 1.200 -4.750 0.000 1.640 -5.420 0.000 1.320
3 1 -6.350 0.000 1.070 -5.850 0.000 1.070 -5.980 0.000 1.110
3 1 -5.980 0.000 1.110 -6.220 0.000 1.110 -6.350 0.000 1.070
3 1 -6.460 0.000 0.650 -5.740 0.000 0.650 -5.850 0.000 1.070
3 1 -5.850 0.000 1.070 -6.350 0.000 1.070 -6.460 0.000 0.650
3 1 -6.780 0.000 1.320 -6.810 0.000 1.450 -6.930 0.000 1.660
3 1 -6.930 0.000 1.660 -7.030 0.000 1.750 -6.780 0.000 1.320
3 1 -7.090 0.000 1.010 -6.780 0.000 1.320 -7.030 0.000 1.750
3 1 -7.030 0.000 1.750 -7.450 0.000 1.640 -7.090 0.000 1.010
3 1 -7.030 0.000 2.250 -6.930 0.000 2.340 -6.810 0.000 2.550
3 1 -6.810 0.000 2.550 -6.780 0.000 2.680 -7.030 0.000 2.250
3 1 -7.450 0.000 2.360 -7.030 0.000 2.250 -6.780 0.000 2.680
3 1 -6.780 0.000 2.680 -7.090 0.000 2.990 -7.450 0.000 2.360
3 0 -8.160 0.000 2.410 -9.800 0.000 4.400 -9.800 0.000 -0.400
3 0 -9.800 0.000 -0.400 -8.200 0.000 2.000 -8.160 0.000 2.410
3 0 -8.200 0.000 2.000 -9.800 0.000 -0.400 -8.160 0.000 1.590
3 0 -8.160 0.000 1.590 -9.800 0.000 -0.400 -8.040 0.000 1.200
3 0 -8.040 0.000 1.200 -9.800 0.000 -0.400 -7.850 0.000 0.830
3 0 -7.850 0.000 0.830 -9.800 0.000 -0.400 -9.400 0.000 -0.800
3 0 -9.400 0.000 -0.800 -7.580 0.000 0.520 -7.850 0.000 0.830
3 0 -7.580 0.000 0.520 -9.400 0.000 -0.800 -7.270 0.000 0.250
3 0 -7.270 0.000 0.250 -9.400 0.000 -0.800 -6.900 0.000 0.060
3 0 -6.900 0.000 0.060 -9.400 0.000 -0.800 -6.510 0.000 -0.060
3 0 -6.510 0.000 -0.060 -9.400 0.000 -0.800 -6.100 0.000 -0.100
3 0 -5.300 0.000 0.060 -5.690 0.000 -0.060 -1.600 0.000 -0.100
3 0 -4.930 0.000 0.250 -5.300 0.000 0.060 -1.600 0.000 -0.100
3 0 -4.930 0.000 0.250 -1.600 0.000 -0.100 -1.790 0.000 -0.050
3 0 -1.790 0.000 -0.050 -4.620 0.000 0.520 -4.930 0.000 0.250
3 0 -4.620 0.000 0.520 -1.790 0.000 -0.050 -1.870 0.000 0.060
3 0 -1.870 0.000 0.060 -4.350 0.000 0.830 -4.620 0.000 0.520
3 0 -4.350 0.000 0.830 -1.870 0.000 0.060 -1.850 0.000 0.240
3 0 -1.850 0.000 0.240 -4.160 0.000 1.200 -4.350 0.000 0.830
3 0 -4.160 0.000 1.200 -1.850 0.000 0.240 -1.590 0.000 1.100
3 0 -1.590 0.000 1.100 -4.040 0.000 1.590 -4.160 0.000 1.200
3 0 -4.040 0.000 1.590 -1.590 0.000 1.100 -1.500 0.000 2.000
3 0 -1.500 0.000 2.000 -4.000 0.000 2.000 -4.040 0.000 1.590
3 0 -4.000 0.000 2.000 -1.500 0.000 2.000 -1.590 0.000 2.900
3 0 -1.590 0.000 2.900 -4.040 0.000 2.410 -4.000 0.000 2.000
3 0 -4.040 0.000 2.410 -1.590 0.000 2.900 -1.850 0.000 3.760
3 0 -1.850 0.000 3.760 -4.160 0.000 2.800 -4.040 0.000 2.410
3 0 -4.160 0.000 2.800 -1.850 0.000 3.760 -1.870 0.000 3.940
3 0 -1.870 0.000 3.940 -4.350 0.000 3.170 -4.160 0.000 2.800
3 0 -4.350 0.000 3.170 -1.870 0.000 3.940 -1.790 0.000 4.050
3 0 -1.790 0.000 4.050 -4.620 0.000 3.480 -4.350 0.000 3.170
3 0 -4.620 0.000 3.480 -1.790 0.000 4.050 -1.600 0.000 4.100
3 0 -1.600 0.000 4.100 -4.930 0.000 3.750 -4.620 0.000 3.480
3 0 -1.600 0.000 4.100 -5.300 0.000 3.940 -4.930 0.000 3.750
3 0 -1.600 0.000 4.100 -5.690 0.000 4.060 -5.300 0.000 3.940
3 0 -9.400 0.000 4.800 -6.510 0.000 4.060 -6.100 0.000 4.100
3 0 -9.400 0.000 4.800 -6.900 0.000 3.940 -6.510 0.000 4.060
3 0 -9.400 0.000 4.800 -7.270 0.000 3.750 -6.900 0.000 3.940
3 0 -9.400 0.000 4.800 -7.580 0.000 3.480 -7.270 0.000 3.750
3 0 -7.580 0.000 3.480 -9.400 0.000 4.800 -9.800 0.000 4.400
3 0 -9.800 0.000 4.400 -7.850 0.000 3.170 -7.580 0.000 3.480
3 0 -9.800 0.000 4.400 -8.040 0.000 2.800 -7.850 0.000 3.170
3 0 -9.800 0.000 4.400 -8.160 0.000 2.410 -8.040 0.000 2.800
3 1 -4.750 0.000 2.360 -4.700 0.000 2.000 -4.000 0.000 2.000
3 1 -4.000 0.000 2.000 -4.040 0.000 2.410 -4.750 0.000 2.360
3 1 -4.040 0.000 2.410 -4.160 0.000 2.800 -5.110 0.000 2.990
3 1 -5.110 0.000 2.990 -4.750 0.000 2.360 -4.040 0.000 2.410
3 1 -4.160 0.000 2.800 -4.350 0.000 3.170 -4.620 0.000 3.480
3 1 -4.620 0.000 3.480 -5.110 0.000 2.990 -4.160 0.000 2.800
3 1 -4.620 0.000 3.480 -4.930 0.000 3.750 -5.400 0.000 3.210
3 1 -5.400 0.000 3.210 -5.110 0.000 2.990 -4.620 0.000 3.480
3 1 -4.930 0.000 3.750 -5.300 0.000 3.940 -5.740 0.000 3.350
3 1 -5.740 0.000 3.350 -5.400 0.000 3.210 -4.930 0.000 3.750
3 1 -5.300 0.000 3.940 -5.690 0.000 4.060 -6.100 0.000 4.100
3 1 -6.100 0.000 4.100 -5.740 0.000 3.350 -5.300 0.000 3.940
3 1 -5.740 0.000 3.350 -6.100 0.000 4.100 -6.510 0.000 4.060
3 1 -6.510 0.000 4.060 -6.460 0.000 3.350 -5.740 0.000 3.350
3 1 -6.460 0.000 0.650 -6.100 0.000 -0.100 -5.690 0.000 -0.060
3 1 -5.690 0.000 -0.060 -5.740 0.000 0.650 -6.460 0.000 0.650
3 1 -4.750 0.000 1.640 -4.040 0.000 1.590 -4.000 0.000 2.000
3 1 -4.000 0.000 2.000 -4.700 0.000 2.000 -4.750 0.000 1.640
3 1 -4.750 0.000 1.640 -4.160 0.000 1.200 -4.040 0.000 1.590
3 1 -4.160 0.000 1.200 -5.110 0.000 1.010 -4.620 0.000 0.520
3 1 -4.620 0.000 0.520 -4.350 0.000 0.830 -4.160 0.000 1.200
3 1 -4.620 0.000 0.520 -5.110 0.000 1.010 -5.400 0.000 0.790
3 1 -5.400 0.000 0.790 -4.930 0.000 0.250 -4.620 0.000 0.520
3 1 -4.930 0.000 0.250 -5.400 0.000 0.790 -5.740 0.000 0.650
3 1 -5.740 0.000 0.650 -5.300 0.000 0.060 -4.930 0.000 0.250
3 1 -5.740 0.000 0.650 -5.690 0.000 -0.060 -5.300 0.000 0.060
3 1 -7.450 0.000 2.360 -8.160 0.000 2.410 -8.200 0.000 2.000
3 1 -8.200 0.000 2.000 -7.500 0.000 2.000 -7.450 0.000 2.360
3 1 -8.160 0.000 2.410 -7.450 0.000 2.360 -7.090 0.000 2.990
3 1 -7.090 0.000 2.990 -8.040 0.000 2.800 -8.160 0.000 2.410
3 1 -8.040 0.000 2.800 -7.090 0.000 2.990 -7.580 0.000 3.480
3 1 -7.580 0.000 3.480 -7.850 0.000 3.170 -8.040 0.000 2.800
3 1 -7.580 0.000 3.480 -7.090 0.000 2.990 -6.800 0.000 3.210
3 1 -6.800 0.000 3.210 -7.270 0.000 3.750 -7.580 0.000 3.480
3 1 -7.270 0.000 3.750 -6.800 0.000 3.210 -6.460 0.000 3.350
3 1 -6.460 0.000 3.350 -6.900 0.000 3.940 -7.270 0.000 3.750
3 1 -6.510 0.000 4.060 -6.900 0.000 3.940 -6.460 0.000 3.350
3 1 -7.450 0.000 1.640 -7.500 0.000 2.000 -8.200 0.000 2.000
3 1 -8.200 0.000 2.000 -8.160 0.000 1.590 -7.450 0.000 1.640
3 1 -8.160 0.000 1.590 -8.040 0.000 1.200 -7.090 0.000 1.010
3 1 -7.090 0.000 1.010 -7.450 0.000 1.640 -8.160 0.000 1.590
3 1 -8.040 0.000 1.200 -7.850 0.000 0.830 -7.580 0.000 0.520
3 1 -7.580 0.000 0.520 -7.090 0.000 1.010 -8.040 0.000 1.200
3 1 -7.580 0.000 0.520 -7.270 0.000 0.250 -6.800 0.000 0.790
3 1 -6.800 0.000 0.790 -7.090 0.000 1.010 -7.580 0.000 0.520
3 1 -7.270 0.000 0.250 -6.900 0.000 0.060 -6.460 0.000 0.650
3 1 -6.460 0.000 0.650 -6.800 0.000 0.790 -7.270 0.000 0.250
3 1 -6.900 0.000 0.060 -6.510 0.000 -0.060 -6.100 0.000 -0.100
3 1 -6.100 0.000 -0.100 -6.460 0.000 0.650 -6.900 0.000 0.060
3 1 -1.850 0.000 3.760 -1.600 0.000 4.100 -1.790 0.000 4.050
3 1 -1.790 0.000 4.050 -1.870 0.000 3.940 -1.850 0.000 3.760
3 1 -1.850 0.000 0.240 -1.870 0.000 0.060 -1.790 0.000 -0.050
3 1 -1.790 0.000 -0.050 -1.600 0.000 -0.100 -1.850 0.000 0.240
3 0 5.170 0.000 2.250 4.750 0.000 2.360 4.700 0.000 2.000
3 0 4.700 0.000 2.000 5.170 0.000 1.750 5.170 0.000 2.250
3 0 4.700 0.000 2.000 4.750 0.000 1.640 5.170 0.000 1.750
3 0 5.850 0.000 2.930 5.740 0.000 3.350 5.400 0.000 3.210
3 0 5.400 0.000 3.210 5.420 0.000 2.680 5.850 0.000 2.930
3 0 5.400 0.000 3.210 5.110 0.000 2.990 5.420 0.000 2.680
3 0 5.850 0.000 2.930 5.420 0.000 2.680 5.390 0.000 2.550
3 0 5.390 0.000 2.550 5.980 0.000 2.890 5.850 0.000 2.930
3 0 6.780 0.000 2.680 7.090 0.000 2.990 6.800 0.000 3.210
3 0 6.800 0.000 3.210 6.350 0.000 2.930 6.780 0.000 2.680
3 0 6.460 0.000 3.350 6.350 0.000 2.930 6.800 0.000 3.210
3 0 6.780 0.000 2.680 6.350 0.000 2.930 6.220 0.000 2.890
3 0 6.220 0.000 2.890 6.810 0.000 2.550 6.780 0.000 2.680
3 0 7.030 0.000 1.750 7.450 0.000 1.640 7.500 0.000 2.000
3 0 7.500 0.000 2.000 7.030 0.000 2.250 7.030 0.000 1.750
3 0 7.450 0.000 2.360 7.030 0.000 2.250 7.500 0.000 2.000
3 0 7.030 0.000 1.750 7.030 0.000 2.250 6.930 0.000 2.340
3 0 6.930 0.000 2.340 6.930 0.000 1.660 7.030 0.000 1.750
3 0 6.350 0.000 1.070 6.460 0.000 0.650 6.800 0.000 0.790
3 0 6.800 0.000 0.790 6.780 0.000 1.320 6.350 0.000 1.070
3 0 6.780 0.000 1.320 6.800 0.000 0.790 7.090 0.000 1.010
3 0 6.350 0.000 1.070 6.780 0.000 1.320 6.810 0.000 1.450
3 0 6.810 0.000 1.450 6.220 0.000 1.110 6.350 0.000 1.070
3 0 5.420 0.000 1.320 5.110 0.000 1.010 5.400 0.000 0.790
3 0 5.400 0.000 0.790 5.850 0.000 1.070 5.420 0.000 1.320
3 0 5.850 0.000 1.070 5.400 0.000 0.790 5.740 0.000 0.650
3 0 5.420 0.000 1.320 5.850 0.000 1.070 5.980 0.000 1.110
3 0 5.980 0.000 1.110 5.390 0.000 1.450 5.420 0.000 1.320
3 0 6.930 0.000 2.340 6.810 0.000 2.550 5.270 0.000 1.660
3 0 5.270 0.000 1.660 5.390 0.000 1.450 6.930 0.000 2.340
3 0 6.810 0.000 2.550 6.220 0.000 2.890 5.270 0.000 2.340
3 0 5.270 0.000 2.340 5.270 0.000 1.660 6.810 0.000 2.550
3 0 5.270 0.000 2.340 6.220 0.000 2.890 5.980 0.000 2.890
3 0 5.980 0.000 2.890 5.390 0.000 2.550 5.270 0.000 2.340
3 0 6.930 0.000 2.340 5.390 0.000 1.450 5.980 0.000 1.110
3 0 5.980 0.000 1.110 6.930 0.000 1.660 6.930 0.000 2.340
3 0 6.930 0.000 1.660 5.980 0.000 1.110 6.220 0.000 1.110
3 0 6.220 0.000 1.110 6.810 0.000 1.450 6.930 0.000 1.660
3 1 6.350 0.000 2.930 6.460 0.000 3.350 5.980 0.000 2.890
3 1 5.980 0.000 2.890 6.220 0.000 2.890 6.350 0.000 2.930
3 1 5.980 0.000 2.890 6.460 0.000 3.350 5.740 0.000 3.350
3 1 5.740 0.000 3.350 5.850 0.000 2.930 5.980 0.000 2.890
3 1 5.390 0.000 2.550 5.420 0.000 2.680 5.110 0.000 2.990
3 1 5.110 0.000 2.990 5.270 0.000 2.340 5.390 0.000 2.550
3 1 5.270 0.000 2.340 5.110 0.000 2.990 4.750 0.000 2.360
3 1 4.750 0.000 2.360 5.170 0.000 2.250 5.270 0.000 2.340
3 1 5.170 0.000 1.750 4.750 0.000 1.640 5.420 0.000 1.320
3 1 5.420 0.000 1.320 5.270 0.000 1.660 5.170 0.000 1.750
3 1 5.270 0.000 1.660 5.420 0.000 1.320 5.390 0.000 1.450
3 1 5.420 0.000 1.320 4.750 0.000 1.640 4.160 0.000 1.200
3 1 4.160 0.000 1.200 5.110 0.000 1.010 5.420 0.000 1.320
3 1 6.350 0.000 1.070 6.220 0.000 1.110 5.980 0.000 1.110
3 1 5.980 0.000 1.110 5.850 0.000 1.070 6.350 0.000 1.070
3 1 6.460 0.000 0.650 6.350 0.000 1.070 5.850 0.000 1.070
3 1 5.850 0.000 1.070 5.740 0.000 0.650 6.460 0.000 0.650
3 1 6.780 0.000 1.320 7.030 0.000 1.750 6.930 0.000 1.660
3 1 6.930 0.000 1.660 6.810 0.000 1.450 6.780 0.000 1.320
3 1 7.090 0.000 1.010 7.450 0.000 1.640 7.030 0.000 1.750
3 1 7.030 0.000 1.750 6.780 0.000 1.320 7.090 0.000 1.010
3 1 7.030 0.000 2.250 6.780 0.000 2.680 6.810 0.000 2.550
3 1 6.810 0.000 2.550 6.930 0.000 2.340 7.030 0.000 2.250
3 1 7.450 0.000 2.360 7.090 0.000 2.990 6.780 0.000 2.680
3 1 6.780 0.000 2.680 7.030 0.000 2.250 7.450 0.000 2.360
3 0 8.160 0.000 2.410 8.200 0.000 2.000 9.800 0.000 -0.400
3 0 9.800 0.000 -0.400 9.800 0.000 4.400 8.160 0.000 2.410
3 0 8.200 0.000 2.000 8.160 0.000 1.590 9.800 0.000 -0.400
3 0 8.160 0.000 1.590 8.040 0.000 1.200 9.800 0.000 -0.400
3 0 8.040 0.000 1.200 7.850 0.000 0.830 9.800 0.000 -0.400
3 0 7.850 0.000 0.830 7.580 0.000 0.520 9.400 0.000 -0.800
3 0 9.400 0.000 -0.800 9.800 0.000 -0.400 7.850 0.000 0.830
3 0 7.580 0.000 0.520 7.270 0.000 0.250 9.400 0.000 -0.800
3 0 7.270 0.000 0.250 6.900 0.000 0.060 9.400 0.000 -0.800
3 0 6.900 0.000 0.060 6.510 0.000 -0.060 9.400 0.000 -0.800
3 0 6.510 0.000 -0.060 6.100 0.000 -0.100 9.400 0.000 -0.800
3 0 5.300 0.000 0.060 1.700 0.000 -0.100 5.690 0.000 -0.060
3 0 4.930 0.000 0.250 1.700 0.000 -0.100 5.300 0.000 0.060
3 0 4.930 0.000 0.250 4.620 0.000 0.520 1.890 0.000 -0.050
3 0 1.890 0.000 -0.050 1.700 0.000 -0.100 4.930 0.000 0.250
3 0 4.620 0.000 0.520 4.350 0.000 0.830 1.970 0.000 0.060
3 0 1.970 0.000 0.060 1.890 0.000 -0.050 4.620 0.000 0.520
3 0 4.350 0.000 0.830 4.160 0.000 1.200 1.950 0.000 0.240
3 0 1.950 0.000 0.240 1.970 0.000 0.060 4.350 0.000 0.830
3 0 4.160 0.000 1.200 4.040 0.000 1.590 1.690 0.000 1.100
3 0 1.690 0.000 1.100 1.950 0.000 0.240 4.160 0.000 1.200
3 0 4.040 0.000 1.590 4.000 0.000 2.000 1.600 0.000 2.000
3 0 1.600 0.000 2.000 1.690 0.000 1.100 4.040 0.000 1.590
3 0 4.000 0.000 2.000 4.040 0.000 2.410 1.690 0.000 2.900
3 0 1.690 0.000 2.900 1.600 0.000 2.000 4.000 0.000 2.000
3 0 4.040 0.000 2.410 4.160 0.000 2.800 1.950 0.000 3.760
3 0 1.950 0.000 3.760 1.690 0.000 2.900 4.040 0.000 2.410
3 0 4.160 0.000 2.800 4.350 0.000 3.170 1.970 0.000 3.940
3 0 1.970 0.000 3.940 1.950 0.000 3.760 4.160 0.000 2.800
3 0 4.350 0.000 3.170 4.620 0.000 3.480 1.890 0.000 4.050
3 0 1.890 0.000 4.050 1.970 0.000 3.940 4.350 0.000 3.170
3 0 4.620 0.000 3.480 4.930 0.000 3.750 1.700 0.000 4.100
3 0 1.700 0.000 4.100 1.890 0.000 4.050 4.620 0.000 3.480
3 0 1.700 0.000 4.100 4.930 0.000 3.750 5.300 0.000 3.940
3 0 1.700 0.000 4.100 5.300 0.000 3.940 5.690 0.000 4.060
3 0 9.400 0.000 4.800 6.100 0.000 4.100 6.510 0.000 4.060
3 0 9.400 0.000 4.800 6.510 0.000 4.060 6.900 0.000 3.940
3 0 9.400 0.000 4.800 6.900 0.000 3.940 7.270 0.000 3.750
3 0 9.400 0.000 4.800 7.270 0.000 3.750 7.580 0.000 3.480
3 0 7.580 0.000 3.480 7.850 0.000 3.170 9.800 0.000 4.400
3 0 9.800 0.000 4.400 9.400 0.000 4.800 7.580 0.000 3.480
3 0 9.800 0.000 4.400 7.850 0.000 3.170 8.040 0.000 2.800
3 0 9.800 0.000 4.400 8.040 0.000 2.800 8.160 0.000 2.410
3 1 4.750 0.000 2.360 4.040 0.000 2.410 4.000 0.000 2.000
3 1 4.000 0.000 2.000 4.700 0.000 2.000 4.750 0.000 2.360
3 1 4.040 0.000 2.410 4.750 0.000 2.360 5.110 0.000 2.990
3 1 5.110 0.000 2.990 4.160 0.000 2.800 4.040 0.000 2.410
3 1 4.160 0.000 2.800 5.110 0.000 2.990 4.620 0.000 3.480
3 1 4.620 0.000 3.480 4.350 0.000 3.170 4.160 0.000 2.800
3 1 4.620 0.000 3.480 5.110 0.000 2.990 5.400 0.000 3.210
3 1 5.400 0.000 3.210 4.930 0.000 3.750 4.620 0.000 3.480
3 1 4.930 0.000 3.750 5.400 0.000 3.210 5.740 0.000 3.350
3 1 5.740 0.000 3.350 5.300 0.000 3.940 4.930 0.000 3.750
3 1 5.300 0.000 3.940 5.740 0.000 3.350 6.100 0.000 4.100
3 1 6.100 0.000 4.100 5.690 0.000 4.060 5.300 0.000 3.940
3 1 5.740 0.000 3.350 6.460 0.000 3.350 6.510 0.000 4.060
3 1 6.510 0.000 4.060 6.100 0.000 4.100 5.740 0.000 3.350
3 1 6.460 0.000 0.650 5.740 0.000 0.650 5.690 0.000 -0.060
3 1 5.690 0.000 -0.060 6.100 0.000 -0.100 6.460 0.000 0.650
3 1 4.750 0.000 1.640 4.700 0.000 2.000 4.000 0.000 2.000
3 1 4.000 0.000 2.000 4.040 0.000 1.590 4.750 0.000 1.640
3 1 4.750 0.000 1.640 4.040 0.000 1.590 4.160 0.000 1.200
3 1 4.160 0.000 1.200 4.350 0.000 0.830 4.620 0.000 0.520
3 1 4.620 0.000 0.520 5.110 0.000 1.010 4.160 0.000 1.200
3 1 4.620 0.000 0.520 4.930 0.000 0.250 5.400 0.000 0.790
3 1 5.400 0.000 0.790 5.110 0.000 1.010 4.620 0.000 0.520
3 1 4.930 0.000 0.250 5.300 0.000 0.060 5.740 0.000 0.650
3 1 5.740 0.000 0.650 5.400 0.000 0.790 4.930 0.000 0.250
3 1 5.740 0.000 0.650 5.300 0.000 0.060 5.690 0.000 -0.060
3 1 7.450 0.000 2.360 7.500 0.000 2.000 8.200 0.000 2.000
3 1 8.200 0.000 2.000 8.160 0.000 2.410 7.450 0.000 2.360
3 1 8.160 0.000 2.410 8.040 0.000 2.800 7.090 0.000 2.990
3 1 7.090 0.000 2.990 7.450 0.000 2.360 8.160 0.000 2.410
3 1 8.040 0.000 2.800 7.850 0.000 3.170 7.580 0.000 3.480
3 1 7.580 0.000 3.480 7.090 0.000 2.990 8.040 0.000 2.800
3 1 7.580 0.000 3.480 7.270 0.000 3.750 6.800 0.000 3.210
3 1 6.800 0.000 3.210 7.090 0.000 2.990 7.580 0.000 3.480
3 1 7.270 0.000 3.750 6.900 0.000 3.940 6.460 0.000 3.350
3 1 6.460 0.000 3.350 6.800 0.000 3.210 7.270 0.000 3.750
3 1 6.510 0.000 4.060 6.460 0.000 3.350 6.900 0.000 3.940
3 1 7.450 0.000 1.640 8.160 0.000 1.590 8.200 0.000 2.000
3 1 8.200 0.000 2.000 7.500 0.000 2.000 7.450 0.000 1.640
3 1 8.160 0.000 1.590 7.450 0.000 1.640 7.090 0.000 1.010
3 1 7.090 0.000 1.010 8.040 0.000 1.200 8.160 0.000 1.590
3 1 8.040 0.000 1.200 7.090 0.000 1.010 7.580 0.000 0.520
3 1 7.580 0.000 0.520 7.850 0.000 0.830 8.040 0.000 1.200
3 1 7.580 0.000 0.520 7.090 0.000 1.010 6.800 0.000 0.790
3 1 6.800 0.000 0.790 7.270 0.000 0.250 7.580 0.000 0.520
3 1 7.270 0.000 0.250 6.800 0.000 0.790 6.460 0.000 0.650
3 1 6.460 0.000 0.650 6.900 0.000 0.060 7.270 0.000 0.250
3 1 6.900 0.000 0.060 6.460 0.000 0.650 6.100 0.000 -0.100
3 1 6.100 0.000 -0.100 6.510 0.000 -0.060 6.900 0.000 0.060
3 1 1.950 0.000 3.760 1.970 0.000 3.940 1.890 0.000 4.050
3 1 1.890 0.000 4.050 1.700 0.000 4.100 1.950 0.000 3.760
3 1 1.950 0.000 0.240 1.700 0.000 -0.100 1.890 0.000 -0.050
3 1 1.890 0.000 -0.050 1.970 0.000 0.060 1.950 0.000 0.240
3 1 1.700 0.000 4.100 -1.600 0.000 4.100 -1.850 0.000 3.760
3 1 -1.850 0.000 3.760 1.950 0.000 3.760 1.700 0.000 4.100
3 1 -1.850 0.000 3.760 -1.590 0.000 2.900 1.690 0.000 2.900
3 1 1.690 0.000 2.900 1.950 0.000 3.760 -1.850 0.000 3.760
3 1 -1.590 0.000 2.900 -1.500 0.000 2.000 1.600 0.000 2.000
3 1 1.600 0.000 2.000 1.690 0.000 2.900 -1.590 0.000 2.900
3 1 -1.590 0.000 1.100 1.690 0.000 1.100 1.600 0.000 2.000
3 1 1.600 0.000 2.000 -1.500 0.000 2.000 -1.590 0.000 1.100
3 1 -1.850 0.000 0.240 1.950 0.000 0.240 1.690 0.000 1.100
3 1 1.690 0.000 1.100 -1.590 0.000 1.100 -1.850 0.000 0.240
3 1 -1.600 0.000 -0.100 1.700 0.000 -0.100 1.950 0.000 0.240
3 1 1.950 0.000 0.240 -1.850 0.000 0.240 -1.600 0.000 -0.100
3 0 -5.690 0.000 4.060 -1.600 0.000 4.100 -9.400 0.000 4.800
3 0 -9.400 0.000 4.800 -6.100 0.000 4.100 -5.690 0.000 4.060
3 0 -1.600 0.000 4.100 1.700 0.000 4.100 9.400 0.000 4.800
3 0 9.400 0.000 4.800 -9.400 0.000 4.800 -1.600 0.000 4.100
3 0 1.700 0.000 4.100 5.690 0.000 4.060 6.100 0.000 4.100
3 0 6.100 0.000 4.100 9.400 0.000 4.800 1.700 0.000 4.100
3 0 6.100 0.000 -0.100 5.690 0.000 -0.060 1.700 0.000 -0.100
3 0 1.700 0.000 -0.100 9.400 0.000 -0.800 6.100 0.000 -0.100
3 0 1.700 0.000 -0.100 -1.600 0.000 -0.100 -9.400 0.000 -0.800
3 0 -9.400 0.000 -0.800 9.400 0.000 -0.800 1.700 0.000 -0.100
3 0 -6.100 0.000 -0.100 -9.400 0.000 -0.800 -1.600 0.000 -0.100
3 0 -1.600 0.000 -0.100 -5.690 0.000 -0.060 -6.100 0.000 -0.100
3 15 -13.130 0.000 1.480 -11.920 0.000 1.900 -11.780 0.000 2.660
3 15 -11.780 0.000 2.660 -12.550 0.000 2.470 -13.130 0.000 1.480
3 15 -11.780 0.000 2.660 -11.920 0.000 1.900 -11.980 0.000 1.520
3 15 -11.980 0.000 1.520 -11.010 0.000 2.070 -11.780 0.000 2.660
3 15 -11.010 0.000 2.070 -11.980 0.000 1.520 -11.560 0.000 0.680
3 15 -11.560 0.000 0.680 -11.270 0.000 1.290 -11.010 0.000 2.070
3 15 -11.980 0.000 1.520 -12.060 0.000 1.200 -11.730 0.000 0.470
3 15 -11.730 0.000 0.470 -11.560 0.000 0.680 -11.980 0.000 1.520
3 15 -12.060 0.000 1.200 -12.220 0.000 0.810 -12.210 0.000 0.630
3 15 -12.210 0.000 0.630 -11.730 0.000 0.470 -12.060 0.000 1.200
3 15 -12.210 0.000 0.630 -11.980 0.000 0.430 -11.730 0.000 0.470
3 15 -11.010 0.000 2.070 -10.880 0.000 2.710 -10.880 0.000 3.240
3 15 -10.880 0.000 3.240 -11.780 0.000 2.660 -11.010 0.000 2.070
3 15 -11.780 0.000 2.660 -10.880 0.000 3.240 -11.050 0.000 3.640
3 15 -11.050 0.000 3.640 -11.720 0.000 2.990 -11.780 0.000 2.660
3 15 -11.720 0.000 2.990 -11.050 0.000 3.640 -11.240 0.000 3.870
3 15 -11.240 0.000 3.870 -11.760 0.000 3.150 -11.720 0.000 2.990
3 15 -11.240 0.000 3.870 -11.450 0.000 3.970 -11.700 0.000 4.010
3 15 -11.700 0.000 4.010 -11.760 0.000 3.150 -11.240 0.000 3.870
3 15 -11.700 0.000 4.010 -12.020 0.000 3.950 -11.860 0.000 3.190
3 15 -11.860 0.000 3.190 -11.760 0.000 3.150 -11.700 0.000 4.010
3 15 -12.020 0.000 3.950 -12.370 0.000 3.770 -12.040 0.000 3.130
3 15 -12.040 0.000 3.130 -11.860 0.000 3.190 -12.020 0.000 3.950
3 15 -12.370 0.000 3.770 -12.860 0.000 3.400 -12.240 0.000 2.930
3 15 -12.240 0.000 2.930 -12.040 0.000 3.130 -12.370 0.000 3.770
3 15 -12.860 0.000 3.400 -13.340 0.000 2.800 -12.550 0.000 2.470
3 15 -12.550 0.000 2.470 -12.240 0.000 2.930 -12.860 0.000 3.400
3 15 -13.340 0.000 2.800 -13.770 0.000 1.960 -13.130 0.000 1.480
3 15 -13.130 0.000 1.480 -12.550 0.000 2.470 -13.340 0.000 2.800
3 15 -13.130 0.000 1.480 -13.770 0.000 1.960 -14.050 0.000 1.420
3 15 -14.050 0.000 1.420 -13.310 0.000 1.050 -13.130 0.000 1.480
3 15 -14.050 0.000 1.420 -14.130 0.000 1.000 -13.400 0.000 0.700
3 15 -13.400 0.000 0.700 -13.310 0.000 1.050 -14.050 0.000 1.420
3 15 -13.400 0.000 0.700 -14.130 0.000 1.000 -14.090 0.000 0.610
3 15 -14.090 0.000 0.610 -13.590 0.000 0.480 -13.400 0.000 0.700
3 15 -14.090 0.000 0.610 -13.940 0.000 0.460 -13.770 0.000 0.410
3 15 -13.770 0.000 0.410 -13.590 0.000 0.480 -14.090 0.000 0.610
3 5 -12.040 0.000 3.130 -11.720 0.000 2.990 -11.760 0.000 3.150
3 5 -11.760 0.000 3.150 -11.860 0.000 3.190 -12.040 0.000 3.130
3 5 -12.550 0.000 2.470 -11.780 0.000 2.660 -11.720 0.000 2.990
3 5 -11.720 0.000 2.990 -12.240 0.000 2.930 -12.550 0.000 2.470
3 5 -12.040 0.000 3.130 -12.240 0.000 2.930 -11.720 0.000 2.990
3 5 -11.920 0.000 1.900 -13.130 0.000 1.480 -12.060 0.000 1.200
3 5 -12.060 0.000 1.200 -11.980 0.000 1.520 -11.920 0.000 1.900
3 5 -13.130 0.000 1.480 -13.310 0.000 1.050 -12.220 0.000 0.810
3 5 -12.220 0.000 0.810 -12.060 0.000 1.200 -13.130 0.000 1.480
3 5 -13.310 0.000 1.050 -13.400 0.000 0.700 -12.210 0.000 0.630
3 5 -12.210 0.000 0.630 -12.220 0.000 0.810 -13.310 0.000 1.050
3 5 -13.400 0.000 0.700 -13.590 0.000 0.480 -11.980 0.000 0.430
3 5 -11.980 0.000 0.430 -12.210 0.000 0.630 -13.400 0.000 0.700
3 5 -11.980 0.000 0.430 -13.590 0.000 0.480 -13.770 0.000 0.410
3 5 -13.770 0.000 0.410 -11.100 0.000 -0.200 -11.980 0.000 0.430
3 5 -11.730 0.000 0.470 -11.980 0.000 0.430 -11.100 0.000 -0.200
3 5 -11.560 0.000 0.680 -11.730 0.000 0.470 -11.100 0.000 -0.200
3 5 -10.400 0.000 0.500 -11.270 0.000 1.290 -11.560 0.000 0.680
3 5 -11.560 0.000 0.680 -11.100 0.000 -0.200 -10.400 0.000 0.500
3 5 -11.010 0.000 2.070 -11.270 0.000 1.290 -10.400 0.000 0.500
3 5 -11.010 0.000 2.070 -10.400 0.000 0.500 -10.400 0.000 3.700
3 5 -10.400 0.000 3.700 -10.880 0.000 2.710 -11.010 0.000 2.070
3 5 -10.400 0.000 3.700 -10.880 0.000 3.240 -10.880 0.000 2.710
3 5 -10.400 0.000 3.700 -11.050 0.000 3.640 -10.880 0.000 3.240
3 5 -11.100 0.000 4.400 -11.240 0.000 3.870 -11.050 0.000 3.640
3 5 -11.050 0.000 3.640 -10.400 0.000 3.700 -11.100 0.000 4.400
3 5 -11.100 0.000 4.400 -11.450 0.000 3.970 -11.240 0.000 3.870
3 5 -11.100 0.000 4.400 -11.700 0.000 4.010 -11.450 0.000 3.970
3 5 -11.100 0.000 4.400 -14.200 0.000 4.400 -12.020 0.000 3.950
3 5 -12.020 0.000 3.950 -11.700 0.000 4.010 -11.100 0.000 4.400
3 5 -14.200 0.000 4.400 -12.370 0.000 3.770 -12.020 0.000 3.950
3 5 -14.200 0.000 4.400 -12.860 0.000 3.400 -12.370 0.000 3.770
3 5 -13.340 0.000 2.800 -14.900 0.000 3.700 -14.050 0.000 1.420
3 5 -14.050 0.000 1.420 -13.770 0.000 1.960 -13.340 0.000 2.800
3 5 -14.050 0.000 1.420 -14.900 0.000 3.700 -14.900 0.000 0.500
3 5 -14.900 0.000 0.500 -14.130 0.000 1.000 -14.050 0.000 1.420
3 5 -14.130 0.000 1.000 -14.900 0.000 0.500 -14.090 0.000 0.610
3 5 -14.200 0.000 -0.200 -13.940 0.000 0.460 -14.090 0.000 0.610
3 5 -14.090 0.000 0.610 -14.900 0.000 0.500 -14.200 0.000 -0.200
3 5 -13.940 0.000 0.460 -14.200 0.000 -0.200 -13.770 0.000 0.410
3 5 -13.770 0.000 0.410 -14.200 0.000 -0.200 -11.100 0.000 -0.200
3 13 -9.800 0.000 4.400 -10.400 0.000 3.700 -10.400 0.000 0.500
3 13 -10.400 0.000 0.500 -9.800 0.000 -0.400 -9.800 0.000 4.400
3 13 -10.400 0.000 -0.200 -9.800 0.000 -0.800 -9.800 0.000 -0.400
3 13 -9.800 0.000 -0.400 -10.400 0.000 0.500 -10.400 0.000 -0.200
3 13 -9.800 0.000 -0.800 -10.400 0.000 -0.200 -11.100 0.000 -0.200
3 13 -9.800 0.000 4.400 -9.800 0.000 4.800 -10.400 0.000 4.400
3 13 -10.400 0.000 4.400 -10.400 0.000 3.700 -9.800 0.000 4.400
3 13 -10.400 0.000 4.400 -9.800 0.000 4.800 -11.100 0.000 4.400
3 13 -11.100 0.000 4.400 -9.800 0.000 4.800 -16.300 0.000 5.200
3 13 -16.300 0.000 5.200 -14.200 0.000 4.400 -11.100 0.000 4.400
3 13 -16.300 0.000 5.200 -9.800 0.000 4.800 -9.400 0.000 4.800
3 13 -9.400 0.000 4.800 -16.240 0.000 5.510 -16.300 0.000 5.200
3 1 -16.240 0.000 5.510 -16.890 0.000 5.770 -17.000 0.000 5.200
3 1 -17.000 0.000 5.200 -16.300 0.000 5.200 -16.240 0.000 5.510
3 1 -16.070 0.000 5.770 -16.560 0.000 6.260 -16.890 0.000 5.770
3 1 -16.890 0.000 5.770 -16.240 0.000 5.510 -16.070 0.000 5.770
3 1 -13.800 0.000 7.700 -13.800 0.000 8.400 -14.370 0.000 8.290
3 1 -14.370 0.000 8.290 -14.110 0.000 7.640 -13.800 0.000 7.700
3 1 -14.110 0.000 7.640 -14.370 0.000 8.290 -14.860 0.000 7.960
3 1 -14.860 0.000 7.960 -14.370 0.000 7.470 -14.110 0.000 7.640
3 1 -17.000 0.000 5.200 -17.000 0.000 -3.500 -16.300 0.000 -1.510
3 1 -16.300 0.000 -1.510 -16.300 0.000 5.200 -17.000 0.000 5.200
3 1 -16.560 0.000 6.260 -16.070 0.000 5.770 -14.370 0.000 7.470
3 1 -14.370 0.000 7.470 -14.860 0.000 7.960 -16.560 0.000 6.260
3 1 -13.800 0.000 8.400 -13.800 0.000 7.700 13.800 0.000 7.700
3 1 13.800 0.000 7.700 13.800 0.000 8.400 -13.800 0.000 8.400
3 13 9.800 0.000 4.400 9.800 0.000 -0.400 16.300 0.000 -1.510
3 13 16.300 0.000 -1.510 16.300 0.000 5.200 9.800 0.000 4.400
3 13 16.300 0.000 5.200 16.240 0.000 5.510 9.800 0.000 4.800
3 13 9.800 0.000 4.800 9.800 0.000 4.400 16.300 0.000 5.200
3 1 13.800 0.000 7.700 14.110 0.000 7.640 14.370 0.000 8.290
3 1 14.370 0.000 8.290 13.800 0.000 8.400 13.800 0.000 7.700
3 1 14.110 0.000 7.640 14.370 0.000 7.470 14.860 0.000 7.960
3 1 14.860 0.000 7.960 14.370 0.000 8.290 14.110 0.000 7.640
3 1 14.370 0.000 7.470 16.070 0.000 5.770 16.560 0.000 6.260
3 1 16.560 0.000 6.260 14.860 0.000 7.960 14.370 0.000 7.470
3 1 16.240 0.000 5.510 16.300 0.000 5.200 17.000 0.000 5.200
3 1 17.000 0.000 5.200 16.890 0.000 5.770 16.240 0.000 5.510
3 1 16.070 0.000 5.770 16.240 0.000 5.510 16.890 0.000 5.770
3 1 16.890 0.000 5.770 16.560 0.000 6.260 16.070 0.000 5.770
3 1 17.000 0.000 5.200 16.300 0.000 5.200 16.300 0.000 -1.510
3 1 16.300 0.000 -1.510 17.000 0.000 -3.500 17.000 0.000 5.200
3 13 -16.300 0.000 5.200 -14.900 0.000 3.700 -14.900 0.000 4.400
3 13 -16.300 0.000 5.200 -14.900 0.000 4.400 -14.200 0.000 4.400
3 13 -14.900 0.000 3.700 -16.300 0.000 5.200 -16.300 0.000 -1.510
3 13 -16.300 0.000 -1.510 -14.900 0.000 0.500 -14.900 0.000 3.700
3 1 -15.500 0.000 -4.300 -15.500 0.000 -5.000 15.500 0.000 -5.000
3 1 15.500 0.000 -5.000 15.500 0.000 -4.300 -15.500 0.000 -4.300
3 1 -10.039 0.000 -6.394 -10.686 0.000 -6.126 -11.900 0.000 -9.000
3 1 -11.900 0.000 -9.000 -11.100 0.000 -9.000 -10.039 0.000 -6.394
3 1 -9.300 0.000 -5.900 9.300 0.000 -5.900 9.300 0.000 -5.200
3 1 9.300 0.000 -5.200 -9.300 0.000 -5.200 -9.300 0.000 -5.900
3 1 10.039 0.000 -6.394 11.100 0.000 -9.000 11.900 0.000 -9.000
3 1 11.900 0.000 -9.000 10.686 0.000 -6.126 10.039 0.000 -6.394
3 13 -9.400 0.000 4.800 9.400 0.000 4.800 16.240 0.000 5.510
3 13 16.240 0.000 5.510 -16.240 0.000 5.510 -9.400 0.000 4.800
3 13 16.240 0.000 5.510 9.400 0.000 4.800 9.800 0.000 4.800
3 15 -14.110 0.000 7.640 -14.370 0.000 7.470 -16.070 0.000 5.770
3 15 -16.070 0.000 5.770 -13.800 0.000 7.700 -14.110 0.000 7.640
3 15 -16.070 0.000 5.770 -16.240 0.000 5.510 16.240 0.000 5.510
3 15 16.240 0.000 5.510 -13.800 0.000 7.700 -16.070 0.000 5.770
3 15 -13.800 0.000 7.700 16.240 0.000 5.510 16.070 0.000 5.770
3 15 16.070 0.000 5.770 13.800 0.000 7.700 -13.800 0.000 7.700
3 15 14.110 0.000 7.640 13.800 0.000 7.700 16.070 0.000 5.770
3 15 16.070 0.000 5.770 14.370 0.000 7.470 14.110 0.000 7.640
3 13 -9.400 0.000 -0.800 -16.300 0.000 -1.510 16.300 0.000 -1.510
3 13 16.300 0.000 -1.510 9.400 0.000 -0.800 -9.400 0.000 -0.800
3 13 -9.800 0.000 -0.800 -16.300 0.000 -1.510 -9.400 0.000 -0.800
3 1 16.300 0.000 -1.510 16.300 0.000 -3.500 17.000 0.000 -3.500
3 1 -16.300 0.000 -1.510 -17.000 0.000 -3.500 -16.300 0.000 -3.500
3 13 -14.900 0.000 0.500 -16.300 0.000 -1.510 -14.900 0.000 -0.200
3 13 -14.900 0.000 -0.200 -16.300 0.000 -1.510 -14.200 0.000 -0.200
3 13 -14.200 0.000 -0.200 -16.300 0.000 -1.510 -9.800 0.000 -0.800
3 13 -9.800 0.000 -0.800 -11.100 0.000 -0.200 -14.200 0.000 -0.200
3 13 9.800 0.000 -0.800 9.400 0.000 -0.800 16.300 0.000 -1.510
3 13 9.800 0.000 -0.400 9.800 0.000 -0.800 16.300 0.000 -1.510
3 15 15.500 0.000 -4.300 16.300 0.000 -3.500 16.300 0.000 -1.510
3 15 15.500 0.000 -4.300 16.300 0.000 -1.510 -16.300 0.000 -1.510
3 15 -16.300 0.000 -1.510 -15.500 0.000 -4.300 15.500 0.000 -4.300
3 15 -15.500 0.000 -4.300 -16.300 0.000 -1.510 -16.300 0.000 -3.500
1 16 0.0000 0.0000 0.0000 1.0000 0.0000 0.0000 0.0000 1.0000 0.0000 0.0000 0.0000 1.0000 s/3069bs01.dat
1 1 14.6000 0.0000 -6.8000 1.0000 0.0000 0.0000 0.0000 1.0000 0.0000 0.0000 0.0000 1.0000 4-4disc.dat
1 16 14.6000 0.0000 -6.8000 1.0000 0.0000 0.0000 0.0000 1.0000 0.0000 0.0000 0.0000 1.0000 4-4ndis.dat
1 1 -14.6000 0.0000 -6.8000 1.0000 0.0000 0.0000 0.0000 1.0000 0.0000 0.0000 0.0000 1.0000 4-4disc.dat
1 16 -14.6000 0.0000 -6.8000 1.0000 0.0000 0.0000 0.0000 1.0000 0.0000 0.0000 0.0000 1.0000 4-4ndis.dat
1 5 -11.1000 0.0000 0.5000 0.7000 0.0000 0.0000 0.0000 1.0000 0.0000 0.0000 0.0000 -0.7000 1-4chrd.dat
1 5 -11.1000 0.0000 3.7000 0.7000 0.0000 0.0000 0.0000 1.0000 0.0000 0.0000 0.0000 0.7000 1-4chrd.dat
1 5 -14.2000 0.0000 0.5000 -0.7000 0.0000 0.0000 0.0000 1.0000 0.0000 0.0000 0.0000 -0.7000 1-4chrd.dat
1 5 -14.2000 0.0000 3.7000 -0.7000 0.0000 0.0000 0.0000 1.0000 0.0000 0.0000 0.0000 0.7000 1-4chrd.dat
1 13 -11.1000 0.0000 0.5000 0.7000 0.0000 0.0000 0.0000 1.0000 0.0000 0.0000 0.0000 -0.7000 1-4ndis.dat
1 13 -11.1000 0.0000 3.7000 0.7000 0.0000 0.0000 0.0000 1.0000 0.0000 0.0000 0.0000 0.7000 1-4ndis.dat
1 13 -14.2000 0.0000 0.5000 -0.7000 0.0000 0.0000 0.0000 1.0000 0.0000 0.0000 0.0000 -0.7000 1-4ndis.dat
1 13 -14.2000 0.0000 3.7000 -0.7000 0.0000 0.0000 0.0000 1.0000 0.0000 0.0000 0.0000 0.7000 1-4ndis.dat
1 0 -9.4000 0.0000 -0.4000 -0.4000 0.0000 0.0000 0.0000 1.0000 0.0000 0.0000 0.0000 -0.4000 1-4chrd.dat
1 0 -9.4000 0.0000 4.4000 -0.4000 0.0000 0.0000 0.0000 1.0000 0.0000 0.0000 0.0000 0.4000 1-4chrd.dat
1 0 9.4000 0.0000 -0.4000 0.4000 0.0000 0.0000 0.0000 1.0000 0.0000 0.0000 0.0000 -0.4000 1-4chrd.dat
1 0 9.4000 0.0000 4.4000 0.4000 0.0000 0.0000 0.0000 1.0000 0.0000 0.0000 0.0000 0.4000 1-4chrd.dat
1 13 -9.4000 0.0000 -0.4000 -0.4000 0.0000 0.0000 0.0000 1.0000 0.0000 0.0000 0.0000 -0.4000 1-4ndis.dat
1 13 -9.4000 0.0000 4.4000 -0.4000 0.0000 0.0000 0.0000 1.0000 0.0000 0.0000 0.0000 0.4000 1-4ndis.dat
1 13 9.4000 0.0000 -0.4000 0.4000 0.0000 0.0000 0.0000 1.0000 0.0000 0.0000 0.0000 -0.4000 1-4ndis.dat
1 13 9.4000 0.0000 4.4000 0.4000 0.0000 0.0000 0.0000 1.0000 0.0000 0.0000 0.0000 0.4000 1-4ndis.dat
1 16 9.3000 0.0000 -6.7000 0.0000 0.0000 0.8000 0.0000 1.0000 0.0000 0.8000 0.0000 0.0000 3-16chrd.dat
1 1 9.3000 0.0000 -6.7000 0.0000 0.0000 0.8000 0.0000 1.0000 0.0000 0.8000 0.0000 0.0000 3-16ndis.dat
1 1 9.3000 0.0000 -6.7000 0.0000 0.0000 1.5000 0.0000 1.0000 0.0000 1.5000 0.0000 0.0000 3-16chrd.dat
1 16 9.3000 0.0000 -6.7000 0.0000 0.0000 1.5000 0.0000 1.0000 0.0000 1.5000 0.0000 0.0000 3-16ndis.dat
1 16 -9.3000 0.0000 -6.7000 0.0000 0.0000 -0.8000 0.0000 1.0000 0.0000 0.8000 0.0000 0.0000 3-16chrd.dat
1 1 -9.3000 0.0000 -6.7000 0.0000 0.0000 -0.8000 0.0000 1.0000 0.0000 0.8000 0.0000 0.0000 3-16ndis.dat
1 1 -9.3000 0.0000 -6.7000 0.0000 0.0000 -1.5000 0.0000 1.0000 0.0000 1.5000 0.0000 0.0000 3-16chrd.dat
1 16 -9.3000 0.0000 -6.7000 0.0000 0.0000 -1.5000 0.0000 1.0000 0.0000 1.5000 0.0000 0.0000 3-16ndis.dat
1 15 15.5000 0.0000 -3.5000 0.8000 0.0000 0.0000 0.0000 1.0000 0.0000 0.0000 0.0000 -0.8000 1-4chrd.dat
1 1 15.5000 0.0000 -3.5000 0.8000 0.0000 0.0000 0.0000 1.0000 0.0000 0.0000 0.0000 -0.8000 1-4ndis.dat
1 1 15.5000 0.0000 -3.5000 1.5000 0.0000 0.0000 0.0000 1.0000 0.0000 0.0000 0.0000 -1.5000 1-8chrd.dat
1 1 15.5000 0.0000 -3.5000 0.0000 0.0000 1.5000 0.0000 1.0000 0.0000 -1.5000 0.0000 0.0000 1-8chrd.dat
1 16 15.5000 0.0000 -3.5000 1.5000 0.0000 0.0000 0.0000 1.0000 0.0000 0.0000 0.0000 -1.5000 1-4ndis.dat
1 15 -15.5000 0.0000 -3.5000 -0.8000 0.0000 0.0000 0.0000 1.0000 0.0000 0.0000 0.0000 -0.8000 1-4chrd.dat
1 1 -15.5000 0.0000 -3.5000 -0.8000 0.0000 0.0000 0.0000 1.0000 0.0000 0.0000 0.0000 -0.8000 1-4ndis.dat
1 1 -15.5000 0.0000 -3.5000 -1.5000 0.0000 0.0000 0.0000 1.0000 0.0000 0.0000 0.0000 -1.5000 1-8chrd.dat
1 1 -15.5000 0.0000 -3.5000 0.0000 0.0000 -1.5000 0.0000 1.0000 0.0000 -1.5000 0.0000 0.0000 1-8chrd.dat
1 16 -15.5000 0.0000 -3.5000 -1.5000 0.0000 0.0000 0.0000 1.0000 0.0000 0.0000 0.0000 -1.5000 1-4ndis.dat
