0 FILE 3069bpb0458.dat
0 Tile 1 x 2 with Groove with 'CS 16 789' Pattern (Sticker) - Set 75875
0 Name:  3069bpb0458.dat
0 Author:  
0 BL_Item_No 3069bpb0458
0 BFC CERTIFY CCW
1 16 0.0000 0.0000 0.0000 1.0000 0.0000 0.0000 0.0000 1.0000 0.0000 0.0000 0.0000 1.0000 3069b.dat
3 16 18.000 0.000 6.500 -18.000 0.000 6.500 -16.500 0.000 8.000
3 16 -16.500 0.000 8.000 16.500 0.000 8.000 18.000 0.000 6.500
3 16 18.000 0.000 -6.500 -18.000 0.000 -6.500 -18.000 0.000 6.500
3 16 -18.000 0.000 6.500 18.000 0.000 6.500 18.000 0.000 -6.500
3 16 -16.500 0.000 -8.000 -18.000 0.000 -6.500 18.000 0.000 -6.500
3 16 18.000 0.000 -6.500 16.500 0.000 -8.000 -16.500 0.000 -8.000
3 16 -16.500 -0.250 8.000 16.500 -0.250 8.000 16.500 0.000 8.000
3 16 16.500 0.000 8.000 -16.500 0.000 8.000 -16.500 -0.250 8.000
3 16 -18.000 0.000 -6.500 -18.000 -0.250 -6.500 -18.000 -0.250 6.500
3 16 -18.000 -0.250 6.500 -18.000 0.000 6.500 -18.000 0.000 -6.500
3 16 18.000 -0.250 6.500 18.000 -0.250 -6.500 18.000 0.000 -6.500
3 16 18.000 0.000 -6.500 18.000 0.000 6.500 18.000 -0.250 6.500
3 16 16.500 0.000 -8.000 16.500 -0.250 -8.000 -16.500 -0.250 -8.000
3 16 -16.500 -0.250 -8.000 -16.500 0.000 -8.000 16.500 0.000 -8.000
3 0 -12.103 -0.250 0.900 -11.137 -0.250 0.900 -11.465 -0.250 1.597
3 0 -11.465 -0.250 1.597 -12.416 -0.250 1.355 -12.103 -0.250 0.900
3 0 -11.465 -0.250 1.597 -11.976 -0.250 2.174 -12.862 -0.250 1.679
3 0 -12.862 -0.250 1.679 -12.416 -0.250 1.355 -11.465 -0.250 1.597
3 0 -12.862 -0.250 1.679 -11.976 -0.250 2.174 -12.642 -0.250 2.562
3 0 -12.642 -0.250 2.562 -13.400 -0.250 1.800 -12.862 -0.250 1.679
3 0 -12.642 -0.250 2.562 -13.400 -0.250 2.700 -14.058 -0.250 2.597
3 0 -14.058 -0.250 2.597 -13.400 -0.250 1.800 -12.642 -0.250 2.562
3 0 -14.058 -0.250 2.597 -14.655 -0.250 2.301 -14.023 -0.250 1.636
3 0 -14.023 -0.250 1.636 -13.400 -0.250 1.800 -14.058 -0.250 2.597
3 0 -14.023 -0.250 1.636 -14.655 -0.250 2.301 -15.147 -0.250 1.852
3 0 -15.147 -0.250 1.852 -14.507 -0.250 1.210 -14.023 -0.250 1.636
3 0 -15.147 -0.250 1.852 -15.508 -0.250 1.291 -14.802 -0.250 0.637
3 0 -14.802 -0.250 0.637 -14.507 -0.250 1.210 -15.147 -0.250 1.852
3 0 -14.802 -0.250 0.637 -15.508 -0.250 1.291 -15.727 -0.250 0.662
3 0 -15.727 -0.250 0.662 -14.900 -0.250 0.000 -14.802 -0.250 0.637
3 0 -15.727 -0.250 0.662 -15.800 -0.250 0.000 -15.727 -0.250 -0.662
3 0 -15.727 -0.250 -0.662 -14.900 -0.250 0.000 -15.727 -0.250 0.662
3 0 -15.727 -0.250 -0.662 -15.508 -0.250 -1.291 -14.802 -0.250 -0.637
3 0 -14.802 -0.250 -0.637 -14.900 -0.250 0.000 -15.727 -0.250 -0.662
3 0 -14.802 -0.250 -0.637 -15.508 -0.250 -1.291 -15.147 -0.250 -1.852
3 0 -15.147 -0.250 -1.852 -14.507 -0.250 -1.210 -14.802 -0.250 -0.637
3 0 -15.147 -0.250 -1.852 -14.655 -0.250 -2.301 -14.023 -0.250 -1.636
3 0 -14.023 -0.250 -1.636 -14.507 -0.250 -1.210 -15.147 -0.250 -1.852
3 0 -14.023 -0.250 -1.636 -14.655 -0.250 -2.301 -14.058 -0.250 -2.597
3 0 -14.058 -0.250 -2.597 -13.400 -0.250 -1.800 -14.023 -0.250 -1.636
3 0 -14.058 -0.250 -2.597 -13.400 -0.250 -2.700 -12.642 -0.250 -2.562
3 0 -12.642 -0.250 -2.562 -13.400 -0.250 -1.800 -14.058 -0.250 -2.597
3 0 -12.642 -0.250 -2.562 -11.976 -0.250 -2.174 -12.862 -0.250 -1.679
3 0 -12.862 -0.250 -1.679 -13.400 -0.250 -1.800 -12.642 -0.250 -2.562
3 0 -12.862 -0.250 -1.679 -11.976 -0.250 -2.174 -11.465 -0.250 -1.597
3 0 -11.465 -0.250 -1.597 -12.416 -0.250 -1.355 -12.862 -0.250 -1.679
3 0 -11.465 -0.250 -1.597 -11.137 -0.250 -0.900 -12.103 -0.250 -0.900
3 0 -12.103 -0.250 -0.900 -12.416 -0.250 -1.355 -11.465 -0.250 -1.597
3 0 -7.500 -0.250 1.100 -6.600 -0.250 1.100 -6.600 -0.250 1.254
3 0 -6.600 -0.250 1.254 -7.500 -0.250 1.254 -7.500 -0.250 1.100
3 0 -7.500 -0.250 1.254 -6.600 -0.250 1.254 -6.696 -0.250 1.696
3 0 -6.696 -0.250 1.696 -7.564 -0.250 1.407 -7.500 -0.250 1.254
3 0 -6.696 -0.250 1.696 -6.950 -0.250 2.071 -7.682 -0.250 1.523
3 0 -7.682 -0.250 1.523 -7.564 -0.250 1.407 -6.696 -0.250 1.696
3 0 -7.682 -0.250 1.523 -6.950 -0.250 2.071 -7.303 -0.250 2.354
3 0 -7.303 -0.250 2.354 -7.964 -0.250 1.683 -7.682 -0.250 1.523
3 0 -7.303 -0.250 2.354 -7.711 -0.250 2.549 -8.277 -0.250 1.772
3 0 -8.277 -0.250 1.772 -7.964 -0.250 1.683 -7.303 -0.250 2.354
3 0 -8.277 -0.250 1.772 -7.711 -0.250 2.549 -8.149 -0.250 2.663
3 0 -8.149 -0.250 2.663 -8.600 -0.250 1.800 -8.277 -0.250 1.772
3 0 -8.149 -0.250 2.663 -8.600 -0.250 2.700 -9.051 -0.250 2.663
3 0 -9.051 -0.250 2.663 -8.600 -0.250 1.800 -8.149 -0.250 2.663
3 0 -9.051 -0.250 2.663 -9.489 -0.250 2.549 -8.923 -0.250 1.772
3 0 -8.923 -0.250 1.772 -8.600 -0.250 1.800 -9.051 -0.250 2.663
3 0 -8.923 -0.250 1.772 -9.489 -0.250 2.549 -9.898 -0.250 2.354
3 0 -9.898 -0.250 2.354 -9.236 -0.250 1.683 -8.923 -0.250 1.772
3 0 -9.898 -0.250 2.354 -10.250 -0.250 2.071 -9.518 -0.250 1.523
3 0 -9.518 -0.250 1.523 -9.236 -0.250 1.683 -9.898 -0.250 2.354
3 0 -9.518 -0.250 1.523 -10.250 -0.250 2.071 -10.504 -0.250 1.696
3 0 -10.504 -0.250 1.696 -9.636 -0.250 1.407 -9.518 -0.250 1.523
3 0 -10.504 -0.250 1.696 -10.600 -0.250 1.254 -9.700 -0.250 1.254
3 0 -9.700 -0.250 1.254 -9.636 -0.250 1.407 -10.504 -0.250 1.696
3 0 -9.700 -0.250 1.254 -10.600 -0.250 1.254 -10.530 -0.250 0.875
3 0 -10.530 -0.250 0.875 -9.636 -0.250 1.124 -9.700 -0.250 1.254
3 0 -10.530 -0.250 0.875 -10.339 -0.250 0.539 -9.561 -0.250 1.021
3 0 -9.561 -0.250 1.021 -9.636 -0.250 1.124 -10.530 -0.250 0.875
3 0 -9.561 -0.250 1.021 -10.339 -0.250 0.539 -10.064 -0.250 0.269
3 0 -10.064 -0.250 0.269 -9.334 -0.250 0.869 -9.561 -0.250 1.021
3 0 -10.064 -0.250 0.269 -9.736 -0.250 0.064 -7.598 -0.250 0.003
3 0 -7.598 -0.250 0.003 -9.334 -0.250 0.869 -10.064 -0.250 0.269
3 0 -7.228 -0.250 -0.202 -7.598 -0.250 0.003 -9.736 -0.250 0.064
3 0 -9.736 -0.250 0.064 -7.866 -0.250 -0.869 -7.228 -0.250 -0.202
3 0 -7.640 -0.250 -1.021 -6.910 -0.250 -0.481 -7.228 -0.250 -0.202
3 0 -7.228 -0.250 -0.202 -7.866 -0.250 -0.869 -7.640 -0.250 -1.021
3 0 -6.684 -0.250 -0.839 -6.910 -0.250 -0.481 -7.640 -0.250 -1.021
3 0 -7.640 -0.250 -1.021 -7.564 -0.250 -1.124 -6.684 -0.250 -0.839
3 0 -7.500 -0.250 -1.254 -6.600 -0.250 -1.254 -6.684 -0.250 -0.839
3 0 -6.684 -0.250 -0.839 -7.564 -0.250 -1.124 -7.500 -0.250 -1.254
3 0 -6.696 -0.250 -1.696 -6.600 -0.250 -1.254 -7.500 -0.250 -1.254
3 0 -7.500 -0.250 -1.254 -7.564 -0.250 -1.407 -6.696 -0.250 -1.696
3 0 -7.682 -0.250 -1.523 -6.950 -0.250 -2.071 -6.696 -0.250 -1.696
3 0 -6.696 -0.250 -1.696 -7.564 -0.250 -1.407 -7.682 -0.250 -1.523
3 0 -7.303 -0.250 -2.354 -6.950 -0.250 -2.071 -7.682 -0.250 -1.523
3 0 -7.682 -0.250 -1.523 -7.964 -0.250 -1.683 -7.303 -0.250 -2.354
3 0 -8.277 -0.250 -1.772 -7.711 -0.250 -2.549 -7.303 -0.250 -2.354
3 0 -7.303 -0.250 -2.354 -7.964 -0.250 -1.683 -8.277 -0.250 -1.772
3 0 -8.149 -0.250 -2.663 -7.711 -0.250 -2.549 -8.277 -0.250 -1.772
3 0 -8.277 -0.250 -1.772 -8.600 -0.250 -1.800 -8.149 -0.250 -2.663
3 0 -9.051 -0.250 -2.663 -8.600 -0.250 -2.700 -8.149 -0.250 -2.663
3 0 -8.149 -0.250 -2.663 -8.600 -0.250 -1.800 -9.051 -0.250 -2.663
3 0 -8.923 -0.250 -1.772 -9.489 -0.250 -2.549 -9.051 -0.250 -2.663
3 0 -9.051 -0.250 -2.663 -8.600 -0.250 -1.800 -8.923 -0.250 -1.772
3 0 -9.898 -0.250 -2.354 -9.489 -0.250 -2.549 -8.923 -0.250 -1.772
3 0 -8.923 -0.250 -1.772 -9.236 -0.250 -1.683 -9.898 -0.250 -2.354
3 0 -9.518 -0.250 -1.523 -10.250 -0.250 -2.071 -9.898 -0.250 -2.354
3 0 -9.898 -0.250 -2.354 -9.236 -0.250 -1.683 -9.518 -0.250 -1.523
3 0 -10.504 -0.250 -1.696 -10.250 -0.250 -2.071 -9.518 -0.250 -1.523
3 0 -9.518 -0.250 -1.523 -9.636 -0.250 -1.407 -10.504 -0.250 -1.696
3 0 -9.700 -0.250 -1.254 -10.600 -0.250 -1.254 -10.504 -0.250 -1.696
3 0 -10.504 -0.250 -1.696 -9.636 -0.250 -1.407 -9.700 -0.250 -1.254
3 0 -9.700 -0.250 -1.100 -10.600 -0.250 -1.100 -10.600 -0.250 -1.254
3 0 -10.600 -0.250 -1.254 -9.700 -0.250 -1.254 -9.700 -0.250 -1.100
3 0 -3.735 -0.250 1.652 -4.000 -0.250 1.600 -4.000 -0.250 1.100
3 0 -4.000 -0.250 1.100 -3.100 -0.250 1.100 -3.735 -0.250 1.652
3 0 -3.100 -0.250 1.100 -3.086 -0.250 2.086 -3.735 -0.250 1.652
3 0 -2.200 -0.250 2.600 -2.750 -0.250 2.600 -3.086 -0.250 2.086
3 0 -3.086 -0.250 2.086 -3.100 -0.250 1.100 -2.200 -0.250 2.600
3 0 -3.100 -0.250 -2.600 -2.200 -0.250 -2.600 -2.200 -0.250 2.600
3 0 -2.200 -0.250 2.600 -3.100 -0.250 1.100 -3.100 -0.250 -2.600
3 0 1.832 -0.250 1.244 1.860 -0.250 1.100 2.760 -0.250 1.100
3 0 2.760 -0.250 1.100 2.663 -0.250 1.589 1.832 -0.250 1.244
3 0 2.273 -0.250 2.173 1.636 -0.250 1.536 1.832 -0.250 1.244
3 0 1.832 -0.250 1.244 2.663 -0.250 1.589 2.273 -0.250 2.173
3 0 1.344 -0.250 1.732 1.636 -0.250 1.536 2.273 -0.250 2.173
3 0 2.273 -0.250 2.173 1.689 -0.250 2.563 1.344 -0.250 1.732
3 0 1.000 -0.250 2.700 1.000 -0.250 1.800 1.344 -0.250 1.732
3 0 1.344 -0.250 1.732 1.689 -0.250 2.563 1.000 -0.250 2.700
3 0 0.656 -0.250 1.732 1.000 -0.250 1.800 1.000 -0.250 2.700
3 0 1.000 -0.250 2.700 0.311 -0.250 2.563 0.656 -0.250 1.732
3 0 -0.273 -0.250 2.173 0.364 -0.250 1.536 0.656 -0.250 1.732
3 0 0.656 -0.250 1.732 0.311 -0.250 2.563 -0.273 -0.250 2.173
3 0 0.169 -0.250 1.244 0.364 -0.250 1.536 -0.273 -0.250 2.173
3 0 -0.273 -0.250 2.173 -0.663 -0.250 1.589 0.169 -0.250 1.244
3 0 -0.800 -0.250 0.900 0.100 -0.250 0.900 0.169 -0.250 1.244
3 0 0.169 -0.250 1.244 -0.663 -0.250 1.589 -0.800 -0.250 0.900
3 0 0.067 -0.250 0.600 0.100 -0.250 0.900 -0.800 -0.250 0.900
3 0 -0.800 -0.250 0.900 -0.900 -0.250 0.000 0.067 -0.250 0.600
3 0 0.169 -0.250 -0.556 0.364 -0.250 -0.264 0.067 -0.250 0.600
3 0 0.067 -0.250 0.600 -0.900 -0.250 0.000 0.169 -0.250 -0.556
3 0 -0.800 -0.250 -0.900 0.100 -0.250 -0.900 0.169 -0.250 -0.556
3 0 0.169 -0.250 -0.556 -0.900 -0.250 0.000 -0.800 -0.250 -0.900
3 0 0.169 -0.250 -1.244 0.100 -0.250 -0.900 -0.800 -0.250 -0.900
3 0 -0.800 -0.250 -0.900 -0.663 -0.250 -1.589 0.169 -0.250 -1.244
3 0 -0.273 -0.250 -2.173 0.364 -0.250 -1.536 0.169 -0.250 -1.244
3 0 0.169 -0.250 -1.244 -0.663 -0.250 -1.589 -0.273 -0.250 -2.173
3 0 0.656 -0.250 -1.732 0.364 -0.250 -1.536 -0.273 -0.250 -2.173
3 0 -0.273 -0.250 -2.173 0.311 -0.250 -2.563 0.656 -0.250 -1.732
3 0 1.000 -0.250 -2.700 1.000 -0.250 -1.800 0.656 -0.250 -1.732
3 0 0.656 -0.250 -1.732 0.311 -0.250 -2.563 1.000 -0.250 -2.700
3 0 1.344 -0.250 -1.732 1.000 -0.250 -1.800 1.000 -0.250 -2.700
3 0 1.000 -0.250 -2.700 1.689 -0.250 -2.563 1.344 -0.250 -1.732
3 0 2.273 -0.250 -2.173 1.636 -0.250 -1.536 1.344 -0.250 -1.732
3 0 1.344 -0.250 -1.732 1.689 -0.250 -2.563 2.273 -0.250 -2.173
3 0 1.832 -0.250 -1.244 1.636 -0.250 -1.536 2.273 -0.250 -2.173
3 0 2.273 -0.250 -2.173 2.663 -0.250 -1.589 1.832 -0.250 -1.244
3 0 2.800 -0.250 -0.900 1.900 -0.250 -0.900 1.832 -0.250 -1.244
3 0 1.832 -0.250 -1.244 2.663 -0.250 -1.589 2.800 -0.250 -0.900
3 0 1.832 -0.250 -0.556 1.900 -0.250 -0.900 2.800 -0.250 -0.900
3 0 2.800 -0.250 -0.900 2.663 -0.250 -0.211 1.832 -0.250 -0.556
3 0 2.273 -0.250 0.373 1.636 -0.250 -0.264 1.832 -0.250 -0.556
3 0 1.832 -0.250 -0.556 2.663 -0.250 -0.211 2.273 -0.250 0.373
3 0 1.344 -0.250 -0.069 1.636 -0.250 -0.264 2.273 -0.250 0.373
3 0 2.273 -0.250 0.373 1.689 -0.250 0.763 1.344 -0.250 -0.069
3 0 1.000 -0.250 0.900 1.000 -0.250 0.000 1.344 -0.250 -0.069
3 0 1.344 -0.250 -0.069 1.689 -0.250 0.763 1.000 -0.250 0.900
3 0 0.656 -0.250 -0.069 1.000 -0.250 0.000 1.000 -0.250 0.900
3 0 1.000 -0.250 0.900 0.311 -0.250 0.763 0.656 -0.250 -0.069
3 0 0.067 -0.250 0.600 0.364 -0.250 -0.264 0.656 -0.250 -0.069
3 0 0.656 -0.250 -0.069 0.311 -0.250 0.763 0.067 -0.250 0.600
3 0 7.600 -0.250 2.600 4.300 -0.250 2.600 4.300 -0.250 1.700
3 0 4.300 -0.250 1.700 6.474 -0.250 1.700 7.600 -0.250 2.600
3 0 6.474 -0.250 1.700 7.600 -0.250 1.600 7.600 -0.250 2.600
3 0 5.619 -0.250 0.258 6.450 -0.250 -0.087 7.600 -0.250 1.600
3 0 7.600 -0.250 1.600 6.474 -0.250 1.700 5.619 -0.250 0.258
3 0 6.070 -0.250 -2.000 6.450 -0.250 -0.087 5.619 -0.250 0.258
3 0 5.619 -0.250 0.258 5.170 -0.250 -2.000 6.070 -0.250 -2.000
3 0 5.170 -0.250 -2.600 6.070 -0.250 -2.600 6.070 -0.250 -2.000
3 0 6.070 -0.250 -2.000 5.170 -0.250 -2.000 5.170 -0.250 -2.600
3 0 11.178 -0.250 1.712 10.347 -0.250 1.368 10.400 -0.250 1.100
3 0 10.400 -0.250 1.100 11.300 -0.250 1.100 11.178 -0.250 1.712
3 0 10.195 -0.250 1.595 10.347 -0.250 1.368 11.178 -0.250 1.712
3 0 11.178 -0.250 1.712 10.831 -0.250 2.231 10.195 -0.250 1.595
3 0 10.312 -0.250 2.578 9.968 -0.250 1.747 10.195 -0.250 1.595
3 0 10.195 -0.250 1.595 10.831 -0.250 2.231 10.312 -0.250 2.578
3 0 9.700 -0.250 1.800 9.968 -0.250 1.747 10.312 -0.250 2.578
3 0 10.312 -0.250 2.578 9.700 -0.250 2.700 9.700 -0.250 1.800
3 0 9.088 -0.250 2.578 9.432 -0.250 1.747 9.700 -0.250 1.800
3 0 9.700 -0.250 1.800 9.700 -0.250 2.700 9.088 -0.250 2.578
3 0 9.205 -0.250 1.595 9.432 -0.250 1.747 9.088 -0.250 2.578
3 0 9.088 -0.250 2.578 8.569 -0.250 2.231 9.205 -0.250 1.595
3 0 8.222 -0.250 1.712 9.053 -0.250 1.368 9.205 -0.250 1.595
3 0 9.205 -0.250 1.595 8.569 -0.250 2.231 8.222 -0.250 1.712
3 0 9.000 -0.250 1.100 9.053 -0.250 1.368 8.222 -0.250 1.712
3 0 8.222 -0.250 1.712 8.100 -0.250 1.100 9.000 -0.250 1.100
3 0 8.222 -0.250 0.488 9.053 -0.250 0.832 9.000 -0.250 1.100
3 0 9.000 -0.250 1.100 8.100 -0.250 1.100 8.222 -0.250 0.488
3 0 9.205 -0.250 0.605 9.053 -0.250 0.832 8.222 -0.250 0.488
3 0 8.222 -0.250 0.488 8.363 -0.250 0.277 9.205 -0.250 0.605
3 0 8.363 -0.250 0.277 9.064 -0.250 -0.264 9.205 -0.250 0.605
3 0 8.037 -0.250 -0.211 8.869 -0.250 -0.556 9.064 -0.250 -0.264
3 0 9.064 -0.250 -0.264 8.363 -0.250 0.277 8.037 -0.250 -0.211
3 0 8.800 -0.250 -0.900 8.869 -0.250 -0.556 8.037 -0.250 -0.211
3 0 8.037 -0.250 -0.211 7.900 -0.250 -0.900 8.800 -0.250 -0.900
3 0 8.037 -0.250 -1.589 8.869 -0.250 -1.244 8.800 -0.250 -0.900
3 0 8.800 -0.250 -0.900 7.900 -0.250 -0.900 8.037 -0.250 -1.589
3 0 9.064 -0.250 -1.536 8.869 -0.250 -1.244 8.037 -0.250 -1.589
3 0 8.037 -0.250 -1.589 8.427 -0.250 -2.173 9.064 -0.250 -1.536
3 0 9.011 -0.250 -2.563 9.356 -0.250 -1.732 9.064 -0.250 -1.536
3 0 9.064 -0.250 -1.536 8.427 -0.250 -2.173 9.011 -0.250 -2.563
3 0 9.700 -0.250 -1.800 9.356 -0.250 -1.732 9.011 -0.250 -2.563
3 0 9.011 -0.250 -2.563 9.700 -0.250 -2.700 9.700 -0.250 -1.800
3 0 10.389 -0.250 -2.563 10.044 -0.250 -1.732 9.700 -0.250 -1.800
3 0 9.700 -0.250 -1.800 9.700 -0.250 -2.700 10.389 -0.250 -2.563
3 0 10.336 -0.250 -1.536 10.044 -0.250 -1.732 10.389 -0.250 -2.563
3 0 10.389 -0.250 -2.563 10.973 -0.250 -2.173 10.336 -0.250 -1.536
3 0 11.363 -0.250 -1.589 10.532 -0.250 -1.244 10.336 -0.250 -1.536
3 0 10.336 -0.250 -1.536 10.973 -0.250 -2.173 11.363 -0.250 -1.589
3 0 10.600 -0.250 -0.900 10.532 -0.250 -1.244 11.363 -0.250 -1.589
3 0 11.363 -0.250 -1.589 11.500 -0.250 -0.900 10.600 -0.250 -0.900
3 0 11.363 -0.250 -0.211 10.532 -0.250 -0.556 10.600 -0.250 -0.900
3 0 10.600 -0.250 -0.900 11.500 -0.250 -0.900 11.363 -0.250 -0.211
3 0 10.336 -0.250 -0.264 10.532 -0.250 -0.556 11.363 -0.250 -0.211
3 0 11.363 -0.250 -0.211 11.037 -0.250 0.277 10.336 -0.250 -0.264
3 0 11.037 -0.250 0.277 10.195 -0.250 0.605 10.336 -0.250 -0.264
3 0 11.178 -0.250 0.488 10.347 -0.250 0.832 10.195 -0.250 0.605
3 0 10.195 -0.250 0.605 11.037 -0.250 0.277 11.178 -0.250 0.488
3 0 10.400 -0.250 1.100 10.347 -0.250 0.832 11.178 -0.250 0.488
3 0 11.178 -0.250 0.488 11.300 -0.250 1.100 10.400 -0.250 1.100
3 0 9.205 -0.250 0.605 9.064 -0.250 -0.264 9.356 -0.250 -0.069
3 0 9.356 -0.250 -0.069 9.432 -0.250 0.453 9.205 -0.250 0.605
3 0 9.356 -0.250 -0.069 9.700 -0.250 0.000 9.700 -0.250 0.400
3 0 9.700 -0.250 0.400 9.432 -0.250 0.453 9.356 -0.250 -0.069
3 0 9.700 -0.250 0.400 9.700 -0.250 0.000 10.044 -0.250 -0.069
3 0 10.044 -0.250 -0.069 9.968 -0.250 0.453 9.700 -0.250 0.400
3 0 10.044 -0.250 -0.069 10.336 -0.250 -0.264 10.195 -0.250 0.605
3 0 10.195 -0.250 0.605 9.968 -0.250 0.453 10.044 -0.250 -0.069
3 0 13.069 -0.250 -1.244 13.040 -0.250 -1.100 12.140 -0.250 -1.100
3 0 12.140 -0.250 -1.100 12.237 -0.250 -1.589 13.069 -0.250 -1.244
3 0 12.627 -0.250 -2.173 13.264 -0.250 -1.536 13.069 -0.250 -1.244
3 0 13.069 -0.250 -1.244 12.237 -0.250 -1.589 12.627 -0.250 -2.173
3 0 13.556 -0.250 -1.732 13.264 -0.250 -1.536 12.627 -0.250 -2.173
3 0 12.627 -0.250 -2.173 13.211 -0.250 -2.563 13.556 -0.250 -1.732
3 0 13.900 -0.250 -2.700 13.900 -0.250 -1.800 13.556 -0.250 -1.732
3 0 13.556 -0.250 -1.732 13.211 -0.250 -2.563 13.900 -0.250 -2.700
3 0 14.244 -0.250 -1.732 13.900 -0.250 -1.800 13.900 -0.250 -2.700
3 0 13.900 -0.250 -2.700 14.589 -0.250 -2.563 14.244 -0.250 -1.732
3 0 15.173 -0.250 -2.173 14.536 -0.250 -1.536 14.244 -0.250 -1.732
3 0 14.244 -0.250 -1.732 14.589 -0.250 -2.563 15.173 -0.250 -2.173
3 0 14.732 -0.250 -1.244 14.536 -0.250 -1.536 15.173 -0.250 -2.173
3 0 15.173 -0.250 -2.173 15.563 -0.250 -1.589 14.732 -0.250 -1.244
3 0 15.700 -0.250 -0.900 14.800 -0.250 -0.900 14.732 -0.250 -1.244
3 0 14.732 -0.250 -1.244 15.563 -0.250 -1.589 15.700 -0.250 -0.900
3 0 14.833 -0.250 -0.600 14.800 -0.250 -0.900 15.700 -0.250 -0.900
3 0 15.700 -0.250 -0.900 15.800 -0.250 0.000 14.833 -0.250 -0.600
3 0 14.732 -0.250 0.556 14.536 -0.250 0.264 14.833 -0.250 -0.600
3 0 14.833 -0.250 -0.600 15.800 -0.250 0.000 14.732 -0.250 0.556
3 0 15.700 -0.250 0.900 14.800 -0.250 0.900 14.732 -0.250 0.556
3 0 14.732 -0.250 0.556 15.800 -0.250 0.000 15.700 -0.250 0.900
3 0 14.732 -0.250 1.244 14.800 -0.250 0.900 15.700 -0.250 0.900
3 0 15.700 -0.250 0.900 15.563 -0.250 1.589 14.732 -0.250 1.244
3 0 15.173 -0.250 2.173 14.536 -0.250 1.536 14.732 -0.250 1.244
3 0 14.732 -0.250 1.244 15.563 -0.250 1.589 15.173 -0.250 2.173
3 0 14.244 -0.250 1.732 14.536 -0.250 1.536 15.173 -0.250 2.173
3 0 15.173 -0.250 2.173 14.589 -0.250 2.563 14.244 -0.250 1.732
3 0 13.900 -0.250 2.700 13.900 -0.250 1.800 14.244 -0.250 1.732
3 0 14.244 -0.250 1.732 14.589 -0.250 2.563 13.900 -0.250 2.700
3 0 13.556 -0.250 1.732 13.900 -0.250 1.800 13.900 -0.250 2.700
3 0 13.900 -0.250 2.700 13.211 -0.250 2.563 13.556 -0.250 1.732
3 0 12.627 -0.250 2.173 13.264 -0.250 1.536 13.556 -0.250 1.732
3 0 13.556 -0.250 1.732 13.211 -0.250 2.563 12.627 -0.250 2.173
3 0 13.069 -0.250 1.244 13.264 -0.250 1.536 12.627 -0.250 2.173
3 0 12.627 -0.250 2.173 12.237 -0.250 1.589 13.069 -0.250 1.244
3 0 12.100 -0.250 0.900 13.000 -0.250 0.900 13.069 -0.250 1.244
3 0 13.069 -0.250 1.244 12.237 -0.250 1.589 12.100 -0.250 0.900
3 0 13.069 -0.250 0.556 13.000 -0.250 0.900 12.100 -0.250 0.900
3 0 12.100 -0.250 0.900 12.237 -0.250 0.211 13.069 -0.250 0.556
3 0 12.627 -0.250 -0.373 13.264 -0.250 0.264 13.069 -0.250 0.556
3 0 13.069 -0.250 0.556 12.237 -0.250 0.211 12.627 -0.250 -0.373
3 0 13.556 -0.250 0.069 13.264 -0.250 0.264 12.627 -0.250 -0.373
3 0 12.627 -0.250 -0.373 13.211 -0.250 -0.763 13.556 -0.250 0.069
3 0 13.900 -0.250 -0.900 13.900 -0.250 0.000 13.556 -0.250 0.069
3 0 13.556 -0.250 0.069 13.211 -0.250 -0.763 13.900 -0.250 -0.900
3 0 14.244 -0.250 0.069 13.900 -0.250 0.000 13.900 -0.250 -0.900
3 0 13.900 -0.250 -0.900 14.589 -0.250 -0.763 14.244 -0.250 0.069
3 0 14.833 -0.250 -0.600 14.536 -0.250 0.264 14.244 -0.250 0.069
3 0 14.244 -0.250 0.069 14.589 -0.250 -0.763 14.833 -0.250 -0.600
3 15 -18.000 -0.250 6.500 -15.147 -0.250 1.852 -14.655 -0.250 2.301
3 15 -14.655 -0.250 2.301 -16.500 -0.250 8.000 -18.000 -0.250 6.500
3 15 -16.500 -0.250 8.000 -14.655 -0.250 2.301 -14.058 -0.250 2.597
3 15 -16.500 -0.250 8.000 -14.058 -0.250 2.597 -13.400 -0.250 2.700
3 15 -16.500 -0.250 8.000 -13.400 -0.250 2.700 -12.642 -0.250 2.562
3 15 -12.642 -0.250 2.562 -9.051 -0.250 2.663 -8.600 -0.250 2.700
3 15 -8.600 -0.250 2.700 -16.500 -0.250 8.000 -12.642 -0.250 2.562
3 15 -16.500 -0.250 8.000 -8.600 -0.250 2.700 -8.149 -0.250 2.663
3 15 -16.500 -0.250 8.000 -8.149 -0.250 2.663 -7.711 -0.250 2.549
3 15 -7.711 -0.250 2.549 -3.086 -0.250 2.086 -2.750 -0.250 2.600
3 15 -2.750 -0.250 2.600 -16.500 -0.250 8.000 -7.711 -0.250 2.549
3 15 -16.500 -0.250 8.000 -2.750 -0.250 2.600 -2.200 -0.250 2.600
3 15 -2.200 -0.250 2.600 0.311 -0.250 2.563 1.000 -0.250 2.700
3 15 1.000 -0.250 2.700 -16.500 -0.250 8.000 -2.200 -0.250 2.600
3 15 1.000 -0.250 2.700 1.689 -0.250 2.563 4.300 -0.250 2.600
3 15 4.300 -0.250 2.600 -16.500 -0.250 8.000 1.000 -0.250 2.700
3 15 4.300 -0.250 2.600 7.600 -0.250 2.600 16.500 -0.250 8.000
3 15 16.500 -0.250 8.000 -16.500 -0.250 8.000 4.300 -0.250 2.600
3 15 7.600 -0.250 2.600 9.088 -0.250 2.578 9.700 -0.250 2.700
3 15 9.700 -0.250 2.700 16.500 -0.250 8.000 7.600 -0.250 2.600
3 15 9.700 -0.250 2.700 10.312 -0.250 2.578 13.211 -0.250 2.563
3 15 13.211 -0.250 2.563 16.500 -0.250 8.000 9.700 -0.250 2.700
3 15 16.500 -0.250 8.000 13.211 -0.250 2.563 13.900 -0.250 2.700
3 15 16.500 -0.250 8.000 13.900 -0.250 2.700 14.589 -0.250 2.563
3 15 14.589 -0.250 2.563 15.173 -0.250 2.173 18.000 -0.250 6.500
3 15 18.000 -0.250 6.500 16.500 -0.250 8.000 14.589 -0.250 2.563
3 15 -9.489 -0.250 2.549 -9.051 -0.250 2.663 -12.642 -0.250 2.562
3 15 -12.642 -0.250 2.562 -11.976 -0.250 2.174 -9.489 -0.250 2.549
3 15 -11.976 -0.250 2.174 -9.898 -0.250 2.354 -9.489 -0.250 2.549
3 15 -9.898 -0.250 2.354 -11.976 -0.250 2.174 -10.250 -0.250 2.071
3 15 -11.465 -0.250 1.597 -10.504 -0.250 1.696 -10.250 -0.250 2.071
3 15 -10.250 -0.250 2.071 -11.976 -0.250 2.174 -11.465 -0.250 1.597
3 15 -11.465 -0.250 1.597 -10.600 -0.250 1.254 -10.504 -0.250 1.696
3 15 -11.137 -0.250 0.900 -10.530 -0.250 0.875 -10.600 -0.250 1.254
3 15 -10.600 -0.250 1.254 -11.465 -0.250 1.597 -11.137 -0.250 0.900
3 15 -13.400 -0.250 1.800 -14.023 -0.250 1.636 -14.507 -0.250 1.210
3 15 -14.507 -0.250 1.210 -14.802 -0.250 0.637 -13.400 -0.250 1.800
3 15 -12.416 -0.250 1.355 -12.862 -0.250 1.679 -13.400 -0.250 1.800
3 15 -13.400 -0.250 1.800 -14.802 -0.250 0.637 -12.416 -0.250 1.355
3 15 -14.900 -0.250 0.000 -12.103 -0.250 0.900 -12.416 -0.250 1.355
3 15 -12.416 -0.250 1.355 -14.802 -0.250 0.637 -14.900 -0.250 0.000
3 15 -10.530 -0.250 0.875 -11.137 -0.250 0.900 -12.103 -0.250 0.900
3 15 -12.103 -0.250 0.900 -14.900 -0.250 0.000 -10.530 -0.250 0.875
3 15 -14.900 -0.250 0.000 -10.339 -0.250 0.539 -10.530 -0.250 0.875
3 15 -14.900 -0.250 0.000 -10.064 -0.250 0.269 -10.339 -0.250 0.539
3 15 -14.900 -0.250 0.000 -9.736 -0.250 0.064 -10.064 -0.250 0.269
3 15 -12.103 -0.250 -0.900 -11.137 -0.250 -0.900 -9.736 -0.250 0.064
3 15 -9.736 -0.250 0.064 -14.900 -0.250 0.000 -12.103 -0.250 -0.900
3 15 -14.507 -0.250 -1.210 -14.023 -0.250 -1.636 -13.400 -0.250 -1.800
3 15 -13.400 -0.250 -1.800 -14.802 -0.250 -0.637 -14.507 -0.250 -1.210
3 15 -13.400 -0.250 -1.800 -12.862 -0.250 -1.679 -12.416 -0.250 -1.355
3 15 -12.416 -0.250 -1.355 -14.802 -0.250 -0.637 -13.400 -0.250 -1.800
3 15 -12.416 -0.250 -1.355 -12.103 -0.250 -0.900 -14.900 -0.250 0.000
3 15 -14.900 -0.250 0.000 -14.802 -0.250 -0.637 -12.416 -0.250 -1.355
3 15 -10.600 -0.250 -1.254 -10.600 -0.250 -1.100 -11.137 -0.250 -0.900
3 15 -11.137 -0.250 -0.900 -11.465 -0.250 -1.597 -10.600 -0.250 -1.254
3 15 -11.465 -0.250 -1.597 -10.504 -0.250 -1.696 -10.600 -0.250 -1.254
3 15 -10.250 -0.250 -2.071 -10.504 -0.250 -1.696 -11.465 -0.250 -1.597
3 15 -11.465 -0.250 -1.597 -11.976 -0.250 -2.174 -10.250 -0.250 -2.071
3 15 -11.976 -0.250 -2.174 -9.898 -0.250 -2.354 -10.250 -0.250 -2.071
3 15 -11.976 -0.250 -2.174 -9.489 -0.250 -2.549 -9.898 -0.250 -2.354
3 15 -12.642 -0.250 -2.562 -9.051 -0.250 -2.663 -9.489 -0.250 -2.549
3 15 -9.489 -0.250 -2.549 -11.976 -0.250 -2.174 -12.642 -0.250 -2.562
3 15 -9.736 -0.250 0.064 -11.137 -0.250 -0.900 -10.600 -0.250 -1.100
3 15 -10.600 -0.250 -1.100 -9.700 -0.250 -1.100 -9.736 -0.250 0.064
3 15 -7.640 -0.250 -1.021 -7.866 -0.250 -0.869 -9.736 -0.250 0.064
3 15 -9.736 -0.250 0.064 -9.700 -0.250 -1.100 -7.640 -0.250 -1.021
3 15 -7.500 -0.250 -1.254 -7.564 -0.250 -1.124 -7.640 -0.250 -1.021
3 15 -7.640 -0.250 -1.021 -9.700 -0.250 -1.100 -7.500 -0.250 -1.254
3 15 -7.682 -0.250 -1.523 -7.564 -0.250 -1.407 -7.500 -0.250 -1.254
3 15 -7.500 -0.250 -1.254 -9.700 -0.250 -1.100 -7.682 -0.250 -1.523
3 15 -8.277 -0.250 -1.772 -7.964 -0.250 -1.683 -7.682 -0.250 -1.523
3 15 -7.682 -0.250 -1.523 -9.700 -0.250 -1.100 -8.277 -0.250 -1.772
3 15 -8.923 -0.250 -1.772 -8.600 -0.250 -1.800 -8.277 -0.250 -1.772
3 15 -8.277 -0.250 -1.772 -9.700 -0.250 -1.100 -8.923 -0.250 -1.772
3 15 -9.518 -0.250 -1.523 -9.236 -0.250 -1.683 -8.923 -0.250 -1.772
3 15 -8.923 -0.250 -1.772 -9.700 -0.250 -1.100 -9.518 -0.250 -1.523
3 15 -9.700 -0.250 -1.254 -9.636 -0.250 -1.407 -9.518 -0.250 -1.523
3 15 -9.518 -0.250 -1.523 -9.700 -0.250 -1.100 -9.700 -0.250 -1.254
3 15 -7.500 -0.250 1.254 -7.564 -0.250 1.407 -7.682 -0.250 1.523
3 15 -7.682 -0.250 1.523 -7.500 -0.250 1.100 -7.500 -0.250 1.254
3 15 -7.682 -0.250 1.523 -7.964 -0.250 1.683 -8.277 -0.250 1.772
3 15 -8.277 -0.250 1.772 -7.500 -0.250 1.100 -7.682 -0.250 1.523
3 15 -8.277 -0.250 1.772 -8.600 -0.250 1.800 -8.923 -0.250 1.772
3 15 -8.923 -0.250 1.772 -7.500 -0.250 1.100 -8.277 -0.250 1.772
3 15 -8.923 -0.250 1.772 -9.236 -0.250 1.683 -9.518 -0.250 1.523
3 15 -9.518 -0.250 1.523 -7.500 -0.250 1.100 -8.923 -0.250 1.772
3 15 -9.518 -0.250 1.523 -9.636 -0.250 1.407 -9.700 -0.250 1.254
3 15 -9.700 -0.250 1.254 -7.500 -0.250 1.100 -9.518 -0.250 1.523
3 15 -9.700 -0.250 1.254 -9.636 -0.250 1.124 -9.561 -0.250 1.021
3 15 -9.561 -0.250 1.021 -7.500 -0.250 1.100 -9.700 -0.250 1.254
3 15 -7.598 -0.250 0.003 -7.228 -0.250 -0.202 -6.600 -0.250 1.100
3 15 -6.600 -0.250 1.100 -7.500 -0.250 1.100 -7.598 -0.250 0.003
3 15 -9.561 -0.250 1.021 -9.334 -0.250 0.869 -7.598 -0.250 0.003
3 15 -7.598 -0.250 0.003 -7.500 -0.250 1.100 -9.561 -0.250 1.021
3 15 -3.735 -0.250 1.652 -3.086 -0.250 2.086 -7.711 -0.250 2.549
3 15 -7.711 -0.250 2.549 -7.303 -0.250 2.354 -3.735 -0.250 1.652
3 15 -6.950 -0.250 2.071 -4.000 -0.250 1.600 -3.735 -0.250 1.652
3 15 -3.735 -0.250 1.652 -7.303 -0.250 2.354 -6.950 -0.250 2.071
3 15 -4.000 -0.250 1.600 -6.950 -0.250 2.071 -6.696 -0.250 1.696
3 15 -6.696 -0.250 1.696 -4.000 -0.250 1.100 -4.000 -0.250 1.600
3 15 -4.000 -0.250 1.100 -6.696 -0.250 1.696 -6.600 -0.250 1.254
3 15 -4.000 -0.250 1.100 -6.600 -0.250 1.254 -6.600 -0.250 1.100
3 15 -6.600 -0.250 1.100 -7.228 -0.250 -0.202 -6.910 -0.250 -0.481
3 15 -6.910 -0.250 -0.481 -4.000 -0.250 1.100 -6.600 -0.250 1.100
3 15 -6.910 -0.250 -0.481 -6.684 -0.250 -0.839 -3.100 -0.250 1.100
3 15 -3.100 -0.250 1.100 -4.000 -0.250 1.100 -6.910 -0.250 -0.481
3 15 -3.100 -0.250 1.100 -6.684 -0.250 -0.839 -6.600 -0.250 -1.254
3 15 -6.600 -0.250 -1.254 -3.100 -0.250 -2.600 -3.100 -0.250 1.100
3 15 -3.100 -0.250 -2.600 -6.600 -0.250 -1.254 -6.696 -0.250 -1.696
3 15 -3.100 -0.250 -2.600 -6.696 -0.250 -1.696 -6.950 -0.250 -2.071
3 15 -3.100 -0.250 -2.600 -6.950 -0.250 -2.071 -7.303 -0.250 -2.354
3 15 -3.100 -0.250 -2.600 -7.303 -0.250 -2.354 -7.711 -0.250 -2.549
3 15 -2.200 -0.250 2.600 -0.273 -0.250 2.173 0.311 -0.250 2.563
3 15 -2.200 -0.250 2.600 -0.663 -0.250 1.589 -0.273 -0.250 2.173
3 15 -2.200 -0.250 2.600 -0.800 -0.250 0.900 -0.663 -0.250 1.589
3 15 -2.200 -0.250 2.600 -0.900 -0.250 0.000 -0.800 -0.250 0.900
3 15 -2.200 -0.250 -2.600 -0.800 -0.250 -0.900 -0.900 -0.250 0.000
3 15 -0.900 -0.250 0.000 -2.200 -0.250 2.600 -2.200 -0.250 -2.600
3 15 -2.200 -0.250 -2.600 -0.663 -0.250 -1.589 -0.800 -0.250 -0.900
3 15 -2.200 -0.250 -2.600 -0.273 -0.250 -2.173 -0.663 -0.250 -1.589
3 15 -2.200 -0.250 -2.600 0.311 -0.250 -2.563 -0.273 -0.250 -2.173
3 15 0.656 -0.250 1.732 0.364 -0.250 1.536 0.169 -0.250 1.244
3 15 0.169 -0.250 1.244 1.000 -0.250 1.800 0.656 -0.250 1.732
3 15 0.169 -0.250 1.244 0.100 -0.250 0.900 0.067 -0.250 0.600
3 15 0.067 -0.250 0.600 1.000 -0.250 1.800 0.169 -0.250 1.244
3 15 1.000 -0.250 1.800 0.067 -0.250 0.600 0.311 -0.250 0.763
3 15 1.000 -0.250 1.800 0.311 -0.250 0.763 1.000 -0.250 0.900
3 15 1.000 -0.250 0.900 1.689 -0.250 0.763 1.860 -0.250 1.100
3 15 1.860 -0.250 1.100 1.000 -0.250 1.800 1.000 -0.250 0.900
3 15 1.000 -0.250 1.800 1.860 -0.250 1.100 1.832 -0.250 1.244
3 15 1.832 -0.250 1.244 1.636 -0.250 1.536 1.344 -0.250 1.732
3 15 1.344 -0.250 1.732 1.000 -0.250 1.800 1.832 -0.250 1.244
3 15 1.860 -0.250 1.100 1.689 -0.250 0.763 2.273 -0.250 0.373
3 15 2.273 -0.250 0.373 2.760 -0.250 1.100 1.860 -0.250 1.100
3 15 4.300 -0.250 2.600 1.689 -0.250 2.563 2.273 -0.250 2.173
3 15 2.273 -0.250 2.173 2.663 -0.250 1.589 4.300 -0.250 1.700
3 15 4.300 -0.250 1.700 4.300 -0.250 2.600 2.273 -0.250 2.173
3 15 4.300 -0.250 1.700 2.663 -0.250 1.589 2.760 -0.250 1.100
3 15 2.760 -0.250 1.100 6.474 -0.250 1.700 4.300 -0.250 1.700
3 15 2.760 -0.250 1.100 2.273 -0.250 0.373 2.663 -0.250 -0.211
3 15 2.663 -0.250 -0.211 6.474 -0.250 1.700 2.760 -0.250 1.100
3 15 2.663 -0.250 -0.211 2.800 -0.250 -0.900 5.619 -0.250 0.258
3 15 5.619 -0.250 0.258 6.474 -0.250 1.700 2.663 -0.250 -0.211
3 15 0.656 -0.250 -0.069 0.364 -0.250 -0.264 0.169 -0.250 -0.556
3 15 0.169 -0.250 -0.556 1.000 -0.250 0.000 0.656 -0.250 -0.069
3 15 0.169 -0.250 -0.556 0.100 -0.250 -0.900 0.169 -0.250 -1.244
3 15 0.169 -0.250 -1.244 1.000 -0.250 0.000 0.169 -0.250 -0.556
3 15 0.169 -0.250 -1.244 0.364 -0.250 -1.536 0.656 -0.250 -1.732
3 15 0.656 -0.250 -1.732 1.000 -0.250 0.000 0.169 -0.250 -1.244
3 15 0.656 -0.250 -1.732 1.000 -0.250 -1.800 1.344 -0.250 -1.732
3 15 1.344 -0.250 -1.732 1.000 -0.250 0.000 0.656 -0.250 -1.732
3 15 1.344 -0.250 -1.732 1.636 -0.250 -1.536 1.832 -0.250 -1.244
3 15 1.832 -0.250 -1.244 1.000 -0.250 0.000 1.344 -0.250 -1.732
3 15 1.832 -0.250 -1.244 1.900 -0.250 -0.900 1.832 -0.250 -0.556
3 15 1.832 -0.250 -0.556 1.000 -0.250 0.000 1.832 -0.250 -1.244
3 15 1.832 -0.250 -0.556 1.636 -0.250 -0.264 1.344 -0.250 -0.069
3 15 1.344 -0.250 -0.069 1.000 -0.250 0.000 1.832 -0.250 -0.556
3 15 5.619 -0.250 0.258 2.800 -0.250 -0.900 2.663 -0.250 -1.589
3 15 2.663 -0.250 -1.589 5.170 -0.250 -2.000 5.619 -0.250 0.258
3 15 5.170 -0.250 -2.000 2.663 -0.250 -1.589 2.273 -0.250 -2.173
3 15 2.273 -0.250 -2.173 1.689 -0.250 -2.563 5.170 -0.250 -2.600
3 15 5.170 -0.250 -2.600 5.170 -0.250 -2.000 2.273 -0.250 -2.173
3 15 7.600 -0.250 2.600 8.569 -0.250 2.231 9.088 -0.250 2.578
3 15 7.600 -0.250 1.600 8.222 -0.250 1.712 8.569 -0.250 2.231
3 15 8.569 -0.250 2.231 7.600 -0.250 2.600 7.600 -0.250 1.600
3 15 7.600 -0.250 1.600 8.100 -0.250 1.100 8.222 -0.250 1.712
3 15 6.450 -0.250 -0.087 8.222 -0.250 0.488 8.100 -0.250 1.100
3 15 8.100 -0.250 1.100 7.600 -0.250 1.600 6.450 -0.250 -0.087
3 15 8.037 -0.250 -0.211 8.363 -0.250 0.277 8.222 -0.250 0.488
3 15 8.222 -0.250 0.488 6.450 -0.250 -0.087 8.037 -0.250 -0.211
3 15 6.450 -0.250 -0.087 7.900 -0.250 -0.900 8.037 -0.250 -0.211
3 15 6.070 -0.250 -2.000 8.037 -0.250 -1.589 7.900 -0.250 -0.900
3 15 7.900 -0.250 -0.900 6.450 -0.250 -0.087 6.070 -0.250 -2.000
3 15 8.427 -0.250 -2.173 8.037 -0.250 -1.589 6.070 -0.250 -2.000
3 15 6.070 -0.250 -2.000 6.070 -0.250 -2.600 8.427 -0.250 -2.173
3 15 6.070 -0.250 -2.600 9.011 -0.250 -2.563 8.427 -0.250 -2.173
3 15 9.432 -0.250 1.747 9.205 -0.250 1.595 9.053 -0.250 1.368
3 15 9.053 -0.250 1.368 9.700 -0.250 1.800 9.432 -0.250 1.747
3 15 9.053 -0.250 1.368 9.000 -0.250 1.100 9.053 -0.250 0.832
3 15 9.053 -0.250 0.832 9.700 -0.250 1.800 9.053 -0.250 1.368
3 15 9.053 -0.250 0.832 9.205 -0.250 0.605 9.432 -0.250 0.453
3 15 9.432 -0.250 0.453 9.700 -0.250 1.800 9.053 -0.250 0.832
3 15 9.432 -0.250 0.453 9.700 -0.250 0.400 9.968 -0.250 0.453
3 15 9.968 -0.250 0.453 9.700 -0.250 1.800 9.432 -0.250 0.453
3 15 9.968 -0.250 0.453 10.195 -0.250 0.605 10.347 -0.250 0.832
3 15 10.347 -0.250 0.832 9.700 -0.250 1.800 9.968 -0.250 0.453
3 15 10.347 -0.250 0.832 10.400 -0.250 1.100 10.347 -0.250 1.368
3 15 10.347 -0.250 1.368 9.700 -0.250 1.800 10.347 -0.250 0.832
3 15 10.347 -0.250 1.368 10.195 -0.250 1.595 9.968 -0.250 1.747
3 15 9.968 -0.250 1.747 9.700 -0.250 1.800 10.347 -0.250 1.368
3 15 9.356 -0.250 -0.069 9.064 -0.250 -0.264 8.869 -0.250 -0.556
3 15 8.869 -0.250 -0.556 9.700 -0.250 0.000 9.356 -0.250 -0.069
3 15 8.869 -0.250 -0.556 8.800 -0.250 -0.900 8.869 -0.250 -1.244
3 15 8.869 -0.250 -1.244 9.700 -0.250 0.000 8.869 -0.250 -0.556
3 15 8.869 -0.250 -1.244 9.064 -0.250 -1.536 9.356 -0.250 -1.732
3 15 9.356 -0.250 -1.732 9.700 -0.250 0.000 8.869 -0.250 -1.244
3 15 9.356 -0.250 -1.732 9.700 -0.250 -1.800 10.044 -0.250 -1.732
3 15 10.044 -0.250 -1.732 9.700 -0.250 0.000 9.356 -0.250 -1.732
3 15 10.044 -0.250 -1.732 10.336 -0.250 -1.536 10.532 -0.250 -1.244
3 15 10.532 -0.250 -1.244 9.700 -0.250 0.000 10.044 -0.250 -1.732
3 15 10.532 -0.250 -1.244 10.600 -0.250 -0.900 10.532 -0.250 -0.556
3 15 10.532 -0.250 -0.556 9.700 -0.250 0.000 10.532 -0.250 -1.244
3 15 10.532 -0.250 -0.556 10.336 -0.250 -0.264 10.044 -0.250 -0.069
3 15 10.044 -0.250 -0.069 9.700 -0.250 0.000 10.532 -0.250 -0.556
3 15 13.211 -0.250 2.563 10.312 -0.250 2.578 10.831 -0.250 2.231
3 15 10.831 -0.250 2.231 12.627 -0.250 2.173 13.211 -0.250 2.563
3 15 10.831 -0.250 2.231 11.178 -0.250 1.712 12.237 -0.250 1.589
3 15 12.237 -0.250 1.589 12.627 -0.250 2.173 10.831 -0.250 2.231
3 15 12.237 -0.250 1.589 11.178 -0.250 1.712 11.300 -0.250 1.100
3 15 11.300 -0.250 1.100 12.100 -0.250 0.900 12.237 -0.250 1.589
3 15 11.300 -0.250 1.100 11.178 -0.250 0.488 12.237 -0.250 0.211
3 15 12.237 -0.250 0.211 12.100 -0.250 0.900 11.300 -0.250 1.100
3 15 11.178 -0.250 0.488 11.037 -0.250 0.277 11.363 -0.250 -0.211
3 15 11.363 -0.250 -0.211 12.237 -0.250 0.211 11.178 -0.250 0.488
3 15 11.363 -0.250 -0.211 11.500 -0.250 -0.900 12.627 -0.250 -0.373
3 15 12.627 -0.250 -0.373 12.237 -0.250 0.211 11.363 -0.250 -0.211
3 15 13.556 -0.250 1.732 13.264 -0.250 1.536 13.069 -0.250 1.244
3 15 13.069 -0.250 1.244 13.900 -0.250 1.800 13.556 -0.250 1.732
3 15 13.069 -0.250 1.244 13.000 -0.250 0.900 13.069 -0.250 0.556
3 15 13.069 -0.250 0.556 13.900 -0.250 1.800 13.069 -0.250 1.244
3 15 13.069 -0.250 0.556 13.264 -0.250 0.264 13.556 -0.250 0.069
3 15 13.556 -0.250 0.069 13.900 -0.250 1.800 13.069 -0.250 0.556
3 15 13.556 -0.250 0.069 13.900 -0.250 0.000 14.244 -0.250 0.069
3 15 14.244 -0.250 0.069 13.900 -0.250 1.800 13.556 -0.250 0.069
3 15 14.244 -0.250 0.069 14.536 -0.250 0.264 14.732 -0.250 0.556
3 15 14.732 -0.250 0.556 13.900 -0.250 1.800 14.244 -0.250 0.069
3 15 14.732 -0.250 0.556 14.800 -0.250 0.900 14.732 -0.250 1.244
3 15 14.732 -0.250 1.244 13.900 -0.250 1.800 14.732 -0.250 0.556
3 15 14.732 -0.250 1.244 14.536 -0.250 1.536 14.244 -0.250 1.732
3 15 14.244 -0.250 1.732 13.900 -0.250 1.800 14.732 -0.250 1.244
3 15 11.500 -0.250 -0.900 11.363 -0.250 -1.589 12.140 -0.250 -1.100
3 15 12.140 -0.250 -1.100 12.627 -0.250 -0.373 11.500 -0.250 -0.900
3 15 12.140 -0.250 -1.100 13.040 -0.250 -1.100 13.211 -0.250 -0.763
3 15 13.211 -0.250 -0.763 12.627 -0.250 -0.373 12.140 -0.250 -1.100
3 15 13.211 -0.250 -0.763 13.040 -0.250 -1.100 13.069 -0.250 -1.244
3 15 13.069 -0.250 -1.244 13.900 -0.250 -0.900 13.211 -0.250 -0.763
3 15 13.069 -0.250 -1.244 13.264 -0.250 -1.536 13.556 -0.250 -1.732
3 15 13.556 -0.250 -1.732 13.900 -0.250 -0.900 13.069 -0.250 -1.244
3 15 13.556 -0.250 -1.732 13.900 -0.250 -1.800 14.244 -0.250 -1.732
3 15 14.244 -0.250 -1.732 13.900 -0.250 -0.900 13.556 -0.250 -1.732
3 15 14.244 -0.250 -1.732 14.536 -0.250 -1.536 14.732 -0.250 -1.244
3 15 14.732 -0.250 -1.244 13.900 -0.250 -0.900 14.244 -0.250 -1.732
3 15 14.732 -0.250 -1.244 14.800 -0.250 -0.900 14.589 -0.250 -0.763
3 15 14.589 -0.250 -0.763 13.900 -0.250 -0.900 14.732 -0.250 -1.244
3 15 14.833 -0.250 -0.600 14.589 -0.250 -0.763 14.800 -0.250 -0.900
3 15 12.237 -0.250 -1.589 12.140 -0.250 -1.100 11.363 -0.250 -1.589
3 15 11.363 -0.250 -1.589 10.973 -0.250 -2.173 12.237 -0.250 -1.589
3 15 10.973 -0.250 -2.173 12.627 -0.250 -2.173 12.237 -0.250 -1.589
3 15 10.389 -0.250 -2.563 13.211 -0.250 -2.563 12.627 -0.250 -2.173
3 15 12.627 -0.250 -2.173 10.973 -0.250 -2.173 10.389 -0.250 -2.563
3 15 -18.000 -0.250 6.500 -15.508 -0.250 1.291 -15.147 -0.250 1.852
3 15 -18.000 -0.250 6.500 -15.727 -0.250 0.662 -15.508 -0.250 1.291
3 15 -18.000 -0.250 6.500 -15.800 -0.250 0.000 -15.727 -0.250 0.662
3 15 -18.000 -0.250 -6.500 -15.727 -0.250 -0.662 -15.800 -0.250 0.000
3 15 -15.800 -0.250 0.000 -18.000 -0.250 6.500 -18.000 -0.250 -6.500
3 15 -18.000 -0.250 -6.500 -15.508 -0.250 -1.291 -15.727 -0.250 -0.662
3 15 -18.000 -0.250 -6.500 -15.147 -0.250 -1.852 -15.508 -0.250 -1.291
3 15 18.000 -0.250 6.500 15.173 -0.250 2.173 15.563 -0.250 1.589
3 15 18.000 -0.250 6.500 15.563 -0.250 1.589 15.700 -0.250 0.900
3 15 18.000 -0.250 6.500 15.700 -0.250 0.900 15.800 -0.250 0.000
3 15 15.800 -0.250 0.000 15.700 -0.250 -0.900 18.000 -0.250 -6.500
3 15 18.000 -0.250 -6.500 18.000 -0.250 6.500 15.800 -0.250 0.000
3 15 18.000 -0.250 -6.500 15.700 -0.250 -0.900 15.563 -0.250 -1.589
3 15 18.000 -0.250 -6.500 15.563 -0.250 -1.589 15.173 -0.250 -2.173
3 15 -14.655 -0.250 -2.301 -15.147 -0.250 -1.852 -18.000 -0.250 -6.500
3 15 -18.000 -0.250 -6.500 -16.500 -0.250 -8.000 -14.655 -0.250 -2.301
3 15 -16.500 -0.250 -8.000 -14.058 -0.250 -2.597 -14.655 -0.250 -2.301
3 15 -16.500 -0.250 -8.000 -13.400 -0.250 -2.700 -14.058 -0.250 -2.597
3 15 -9.051 -0.250 -2.663 -12.642 -0.250 -2.562 -13.400 -0.250 -2.700
3 15 -13.400 -0.250 -2.700 -16.500 -0.250 -8.000 -9.051 -0.250 -2.663
3 15 -16.500 -0.250 -8.000 -8.600 -0.250 -2.700 -9.051 -0.250 -2.663
3 15 -16.500 -0.250 -8.000 -8.149 -0.250 -2.663 -8.600 -0.250 -2.700
3 15 -3.100 -0.250 -2.600 -7.711 -0.250 -2.549 -8.149 -0.250 -2.663
3 15 -8.149 -0.250 -2.663 -16.500 -0.250 -8.000 -3.100 -0.250 -2.600
3 15 -16.500 -0.250 -8.000 -2.200 -0.250 -2.600 -3.100 -0.250 -2.600
3 15 1.000 -0.250 -2.700 0.311 -0.250 -2.563 -2.200 -0.250 -2.600
3 15 -2.200 -0.250 -2.600 -16.500 -0.250 -8.000 1.000 -0.250 -2.700
3 15 5.170 -0.250 -2.600 1.689 -0.250 -2.563 1.000 -0.250 -2.700
3 15 1.000 -0.250 -2.700 -16.500 -0.250 -8.000 5.170 -0.250 -2.600
3 15 16.500 -0.250 -8.000 6.070 -0.250 -2.600 5.170 -0.250 -2.600
3 15 5.170 -0.250 -2.600 -16.500 -0.250 -8.000 16.500 -0.250 -8.000
3 15 9.700 -0.250 -2.700 9.011 -0.250 -2.563 6.070 -0.250 -2.600
3 15 6.070 -0.250 -2.600 16.500 -0.250 -8.000 9.700 -0.250 -2.700
3 15 13.211 -0.250 -2.563 10.389 -0.250 -2.563 9.700 -0.250 -2.700
3 15 9.700 -0.250 -2.700 16.500 -0.250 -8.000 13.211 -0.250 -2.563
3 15 16.500 -0.250 -8.000 13.900 -0.250 -2.700 13.211 -0.250 -2.563
3 15 16.500 -0.250 -8.000 14.589 -0.250 -2.563 13.900 -0.250 -2.700
3 15 18.000 -0.250 -6.500 15.173 -0.250 -2.173 14.589 -0.250 -2.563
3 15 14.589 -0.250 -2.563 16.500 -0.250 -8.000 18.000 -0.250 -6.500
1 16 -16.5000 0.0000 6.5000 -1.5000 0.0000 0.0000 0.0000 -1.0000 0.0000 0.0000 0.0000 1.5000 1-4chrd.dat
1 16 16.5000 0.0000 6.5000 1.5000 0.0000 0.0000 0.0000 -1.0000 0.0000 0.0000 0.0000 1.5000 1-4chrd.dat
1 16 -16.5000 0.0000 -6.5000 -1.5000 0.0000 0.0000 0.0000 -1.0000 0.0000 0.0000 0.0000 -1.5000 1-4chrd.dat
1 16 16.5000 0.0000 -6.5000 1.5000 0.0000 0.0000 0.0000 -1.0000 0.0000 0.0000 0.0000 -1.5000 1-4chrd.dat
1 16 -16.5000 0.0000 6.5000 -1.5000 0.0000 0.0000 0.0000 -0.2500 0.0000 0.0000 0.0000 1.5000 1-4cyli.dat
1 16 16.5000 0.0000 6.5000 1.5000 0.0000 0.0000 0.0000 -0.2500 0.0000 0.0000 0.0000 1.5000 1-4cyli.dat
1 16 -16.5000 0.0000 -6.5000 -1.5000 0.0000 0.0000 0.0000 -0.2500 0.0000 0.0000 0.0000 -1.5000 1-4cyli.dat
1 16 16.5000 0.0000 -6.5000 1.5000 0.0000 0.0000 0.0000 -0.2500 0.0000 0.0000 0.0000 -1.5000 1-4cyli.dat
1 15 -16.5000 -0.2500 6.5000 -1.5000 0.0000 0.0000 0.0000 1.0000 0.0000 0.0000 0.0000 1.5000 1-4chrd.dat
1 15 16.5000 -0.2500 6.5000 1.5000 0.0000 0.0000 0.0000 1.0000 0.0000 0.0000 0.0000 1.5000 1-4chrd.dat
1 15 -16.5000 -0.2500 -6.5000 -1.5000 0.0000 0.0000 0.0000 1.0000 0.0000 0.0000 0.0000 -1.5000 1-4chrd.dat
1 15 16.5000 -0.2500 -6.5000 1.5000 0.0000 0.0000 0.0000 1.0000 0.0000 0.0000 0.0000 -1.5000 1-4chrd.dat
