0 FILE 3070bpb151.dat
0 Tile 1 x 1 with Groove with Bright Pink Splotch on Dark Turquoise Background Pattern
0 Name:  3070bpb151.dat
0 Author:  
0 BL_Item_No 3070bpb151
0 BFC CERTIFY CCW
3 16 10.000 0.000 -10.000 4.770 0.000 -9.000 -9.000 0.000 -9.000
3 16 -9.000 0.000 -9.000 -10.000 0.000 -10.000 10.000 0.000 -10.000
3 16 9.000 0.000 -9.000 10.000 0.000 -10.000 10.000 0.000 10.000
3 16 10.000 0.000 10.000 9.000 0.000 9.000 9.000 0.000 -9.000
3 16 -9.000 0.000 9.000 9.000 0.000 9.000 10.000 0.000 10.000
3 16 10.000 0.000 10.000 -10.000 0.000 10.000 -9.000 0.000 9.000
3 16 -9.000 0.000 9.000 -10.000 0.000 10.000 -10.000 0.000 -10.000
3 16 -10.000 0.000 -10.000 -9.000 0.000 4.350 -9.000 0.000 9.000
3 16 10.000 0.000 -10.000 9.000 0.000 -9.000 4.770 0.000 -9.000
3 16 -10.000 0.000 -10.000 -9.000 0.000 -9.000 -9.000 0.000 4.350
3 3 -7.860 0.000 -0.980 -4.910 0.000 -1.960 -2.670 0.000 1.820
3 3 -2.670 0.000 1.820 -7.160 0.000 2.250 -7.860 0.000 -0.980
3 29 2.950 0.000 -6.600 4.840 0.000 -8.410 4.240 0.000 -7.150
3 29 4.240 0.000 -7.150 3.640 0.000 -6.750 2.950 0.000 -6.600
3 3 4.240 0.000 -7.150 9.000 0.000 -9.000 2.000 0.000 0.570
3 3 2.000 0.000 0.570 1.970 0.000 -0.440 4.240 0.000 -7.150
3 29 0.420 0.000 -7.160 4.770 0.000 -9.000 4.840 0.000 -8.410
3 29 4.840 0.000 -8.410 2.950 0.000 -6.600 0.420 0.000 -7.160
3 3 -1.820 0.000 -4.350 0.420 0.000 -7.160 2.950 0.000 -6.600
3 3 2.950 0.000 -6.600 -0.140 0.000 -2.810 -1.820 0.000 -4.350
3 29 -9.000 0.000 -9.000 4.770 0.000 -9.000 0.420 0.000 -7.160
3 29 0.420 0.000 -7.160 -0.460 0.000 -7.150 -9.000 0.000 -9.000
3 29 -4.910 0.000 -1.960 -0.140 0.000 -2.810 1.560 0.000 -1.360
3 29 1.560 0.000 -1.360 -2.670 0.000 1.820 -4.910 0.000 -1.960
3 3 0.980 0.000 2.260 9.000 0.000 9.000 0.070 0.000 2.710
3 3 -0.140 0.000 -2.810 2.950 0.000 -6.600 3.640 0.000 -6.750
3 3 3.640 0.000 -6.750 1.560 0.000 -1.360 -0.140 0.000 -2.810
3 29 -0.140 0.000 -2.810 -4.910 0.000 -1.960 -5.550 0.000 -2.410
3 29 -5.550 0.000 -2.410 -1.820 0.000 -4.350 -0.140 0.000 -2.810
3 29 -1.820 0.000 -4.350 -5.550 0.000 -2.410 -6.320 0.000 -2.530
3 29 -6.320 0.000 -2.530 -2.010 0.000 -5.210 -1.820 0.000 -4.350
3 29 -2.010 0.000 -5.210 -6.320 0.000 -2.530 -9.000 0.000 -9.000
3 29 -9.000 0.000 -9.000 -1.810 0.000 -6.070 -2.010 0.000 -5.210
3 29 -7.860 0.000 -0.980 -7.160 0.000 2.250 -8.440 0.000 4.340
3 29 -8.440 0.000 4.340 -9.000 0.000 4.350 -7.860 0.000 -0.980
3 29 -7.860 0.000 -0.980 -9.000 0.000 4.350 -9.000 0.000 -9.000
3 3 -9.000 0.000 9.000 -9.000 0.000 4.350 -8.440 0.000 4.340
3 3 1.560 0.000 -1.360 3.640 0.000 -6.750 4.240 0.000 -7.150
3 3 4.240 0.000 -7.150 1.970 0.000 -0.440 1.560 0.000 -1.360
3 29 -7.860 0.000 -0.980 -9.000 0.000 -9.000 -7.620 0.000 -1.720
3 3 0.420 0.000 -7.160 -1.820 0.000 -4.350 -1.260 0.000 -6.760
3 3 -1.260 0.000 -6.760 -0.460 0.000 -7.150 0.420 0.000 -7.160
3 29 -1.260 0.000 -6.760 -9.000 0.000 -9.000 -0.460 0.000 -7.150
3 29 -1.810 0.000 -6.070 -9.000 0.000 -9.000 -1.260 0.000 -6.760
3 3 -1.260 0.000 -6.760 -1.820 0.000 -4.350 -2.010 0.000 -5.210
3 3 -2.010 0.000 -5.210 -1.810 0.000 -6.070 -1.260 0.000 -6.760
3 3 -4.910 0.000 -1.960 -7.860 0.000 -0.980 -7.070 0.000 -2.280
3 3 -7.070 0.000 -2.280 -5.550 0.000 -2.410 -4.910 0.000 -1.960
3 3 -6.320 0.000 -2.530 -5.550 0.000 -2.410 -7.070 0.000 -2.280
3 29 -7.070 0.000 -2.280 -9.000 0.000 -9.000 -6.320 0.000 -2.530
3 29 -7.620 0.000 -1.720 -9.000 0.000 -9.000 -7.070 0.000 -2.280
3 3 -7.860 0.000 -0.980 -7.620 0.000 -1.720 -7.070 0.000 -2.280
3 3 -7.120 0.000 2.930 -7.160 0.000 2.250 -2.670 0.000 1.820
3 3 -7.120 0.000 2.930 -2.670 0.000 1.820 -1.890 0.000 2.470
3 3 -1.890 0.000 2.470 -7.350 0.000 3.570 -7.120 0.000 2.930
3 29 -7.160 0.000 2.250 -7.120 0.000 2.930 -7.350 0.000 3.570
3 29 -7.350 0.000 3.570 -8.440 0.000 4.340 -7.160 0.000 2.250
3 3 9.000 0.000 9.000 -9.000 0.000 9.000 -1.890 0.000 2.470
3 3 -1.890 0.000 2.470 -0.930 0.000 2.780 9.000 0.000 9.000
3 29 -7.810 0.000 4.070 -8.440 0.000 4.340 -7.350 0.000 3.570
3 3 -8.440 0.000 4.340 -7.810 0.000 4.070 -1.890 0.000 2.470
3 3 -1.890 0.000 2.470 -9.000 0.000 9.000 -8.440 0.000 4.340
3 29 4.650 0.000 -7.730 4.240 0.000 -7.150 4.840 0.000 -8.410
3 3 9.000 0.000 -9.000 4.240 0.000 -7.150 4.650 0.000 -7.730
3 3 9.000 0.000 -9.000 4.650 0.000 -7.730 4.840 0.000 -8.410
3 3 9.000 0.000 -9.000 4.840 0.000 -8.410 4.770 0.000 -9.000
3 3 9.000 0.000 -9.000 9.000 0.000 9.000 1.650 0.000 1.510
3 3 1.650 0.000 1.510 2.000 0.000 0.570 9.000 0.000 -9.000
3 29 -2.670 0.000 1.820 1.560 0.000 -1.360 1.970 0.000 -0.440
3 29 1.970 0.000 -0.440 -1.890 0.000 2.470 -2.670 0.000 1.820
3 3 1.650 0.000 1.510 9.000 0.000 9.000 0.980 0.000 2.260
3 29 2.000 0.000 0.570 0.980 0.000 2.260 -1.890 0.000 2.470
3 29 -1.890 0.000 2.470 1.970 0.000 -0.440 2.000 0.000 0.570
3 29 1.650 0.000 1.510 0.980 0.000 2.260 2.000 0.000 0.570
3 3 0.070 0.000 2.710 9.000 0.000 9.000 -0.930 0.000 2.780
3 29 0.980 0.000 2.260 0.070 0.000 2.710 -0.930 0.000 2.780
3 29 -0.930 0.000 2.780 -1.890 0.000 2.470 0.980 0.000 2.260
3 3 -7.350 0.000 3.570 -1.890 0.000 2.470 -7.810 0.000 4.070
1 16 0.0000 0.0000 0.0000 1.0000 0.0000 0.0000 0.0000 1.0000 0.0000 0.0000 0.0000 1.0000 s/3070bs01.dat
