0 FILE 3070bpb142.dat
0 Tile 1 x 1 with Groove with White Bunny Rabbit Head/Face, Black Eyes and Dark Pink Ears and Nose Pattern
0 Name:  3070bpb142.dat
0 Author:  
0 BL_Item_No 3070bpb142
0 BFC CERTIFY CCW
3 16 -1.500 0.000 9.000 1.500 0.000 9.000 10.000 0.000 10.000
3 16 10.000 0.000 10.000 -10.000 0.000 10.000 -1.500 0.000 9.000
3 16 1.500 0.000 9.000 -1.500 0.000 9.000 -1.500 0.000 -0.100
3 16 -1.500 0.000 -0.100 1.500 0.000 -0.100 1.500 0.000 9.000
3 16 -9.000 0.000 -9.000 -10.000 0.000 -10.000 10.000 0.000 -10.000
3 16 10.000 0.000 -10.000 9.000 0.000 -9.000 -9.000 0.000 -9.000
3 15 -1.500 0.000 -0.100 -1.800 0.000 -2.800 1.800 0.000 -2.800
3 15 1.800 0.000 -2.800 1.500 0.000 -0.100 -1.500 0.000 -0.100
3 15 1.800 0.000 -2.800 -1.800 0.000 -2.800 -1.800 0.000 -4.000
3 15 -1.800 0.000 -4.000 1.800 0.000 -4.000 1.800 0.000 -2.800
3 15 -1.800 0.000 -4.000 -1.500 0.000 -5.000 1.500 0.000 -5.000
3 15 1.500 0.000 -5.000 1.800 0.000 -4.000 -1.800 0.000 -4.000
3 15 0.000 0.000 -6.500 -9.000 0.000 -9.000 9.000 0.000 -9.000
1 15 0.0000 0.0000 -5.0000 -1.5000 0.0000 0.0000 0.0000 1.0000 0.0000 0.0000 0.0000 -1.5000 2-4ndis.dat
1 5 0.0000 0.0000 -5.0000 -1.5000 0.0000 0.0000 0.0000 1.0000 0.0000 0.0000 0.0000 -1.5000 2-4chrd.dat
1 16 0.0000 0.0000 0.0000 1.0000 0.0000 0.0000 0.0000 1.0000 0.0000 0.0000 0.0000 1.0000 s/3070bs01.dat
3 16 -10.000 0.000 10.000 -3.050 0.000 8.800 -2.280 0.000 8.950
3 16 -10.000 0.000 10.000 -3.800 0.000 8.540 -3.050 0.000 8.800
3 16 -10.000 0.000 10.000 -4.500 0.000 8.200 -3.800 0.000 8.540
3 16 -10.000 0.000 10.000 -5.150 0.000 7.760 -4.500 0.000 8.200
3 16 -10.000 0.000 10.000 -5.740 0.000 7.240 -5.150 0.000 7.760
3 16 -10.000 0.000 10.000 -6.260 0.000 6.650 -5.740 0.000 7.240
3 16 -10.000 0.000 10.000 -6.700 0.000 6.000 -6.260 0.000 6.650
3 16 -10.000 0.000 10.000 -7.040 0.000 5.300 -6.700 0.000 6.000
3 16 -10.000 0.000 10.000 -7.300 0.000 4.550 -7.040 0.000 5.300
3 16 -10.000 0.000 10.000 -7.450 0.000 3.780 -7.300 0.000 4.550
3 16 -10.000 0.000 10.000 -7.500 0.000 3.000 -7.450 0.000 3.780
3 16 -10.000 0.000 10.000 -7.790 0.000 -4.500 -7.450 0.000 2.220
3 16 -7.450 0.000 2.220 -7.500 0.000 3.000 -10.000 0.000 10.000
3 16 -7.450 0.000 2.220 -7.790 0.000 -4.500 -7.140 0.000 -3.520
3 16 -7.140 0.000 -3.520 -7.300 0.000 1.450 -7.450 0.000 2.220
3 16 -7.300 0.000 1.450 -7.140 0.000 -3.520 -7.040 0.000 0.700
3 16 -7.040 0.000 0.700 -7.140 0.000 -3.520 -6.700 0.000 0.000
3 16 -6.700 0.000 0.000 -7.140 0.000 -3.520 -6.360 0.000 -2.640
3 16 -6.360 0.000 -2.640 -6.260 0.000 -0.650 -6.700 0.000 0.000
3 16 -6.260 0.000 -0.650 -6.360 0.000 -2.640 -5.740 0.000 -1.240
3 16 -5.740 0.000 -1.240 -6.360 0.000 -2.640 -5.200 0.000 -1.800
3 16 -10.000 0.000 10.000 -8.310 0.000 -5.560 -7.790 0.000 -4.500
3 16 -10.000 0.000 10.000 -8.690 0.000 -6.670 -8.310 0.000 -5.560
3 16 -10.000 0.000 10.000 -8.920 0.000 -7.830 -8.690 0.000 -6.670
3 16 -8.920 0.000 -7.830 -10.000 0.000 10.000 -10.000 0.000 -10.000
3 16 -10.000 0.000 -10.000 -9.000 0.000 -9.000 -8.920 0.000 -7.830
3 16 -10.000 0.000 10.000 -2.280 0.000 8.950 -1.500 0.000 9.000
3 15 -5.200 0.000 -1.800 -6.360 0.000 -2.640 -4.200 0.000 -4.000
3 15 -4.200 0.000 -4.000 -4.200 0.000 -2.800 -5.200 0.000 -1.800
3 15 -6.360 0.000 -2.640 -7.140 0.000 -3.520 -4.200 0.000 -5.200
3 15 -4.200 0.000 -5.200 -4.200 0.000 -4.000 -6.360 0.000 -2.640
3 15 -7.140 0.000 -3.520 -7.790 0.000 -4.500 -8.310 0.000 -5.560
3 15 -8.310 0.000 -5.560 -4.200 0.000 -5.200 -7.140 0.000 -3.520
3 15 -8.310 0.000 -5.560 -8.690 0.000 -6.670 -8.920 0.000 -7.830
3 15 -8.920 0.000 -7.830 -4.200 0.000 -5.200 -8.310 0.000 -5.560
3 15 -4.200 0.000 -5.200 -8.920 0.000 -7.830 -9.000 0.000 -9.000
3 15 -9.000 0.000 -9.000 -3.000 0.000 -5.200 -4.200 0.000 -5.200
3 15 -3.000 0.000 -5.200 -9.000 0.000 -9.000 -1.500 0.000 -6.500
3 15 -1.500 0.000 -6.500 -1.800 0.000 -5.200 -3.000 0.000 -5.200
3 15 -1.500 0.000 -6.500 -1.500 0.000 -5.000 -1.800 0.000 -4.000
3 15 -1.800 0.000 -4.000 -1.800 0.000 -5.200 -1.500 0.000 -6.500
3 15 -1.500 0.000 9.000 -2.280 0.000 8.950 -3.000 0.000 6.500
3 15 -3.000 0.000 6.500 -1.500 0.000 -0.100 -1.500 0.000 9.000
3 15 -2.280 0.000 8.950 -3.050 0.000 8.800 -3.800 0.000 8.540
3 15 -3.800 0.000 8.540 -3.000 0.000 6.500 -2.280 0.000 8.950
3 15 -3.800 0.000 8.540 -4.500 0.000 8.200 -5.150 0.000 7.760
3 15 -5.150 0.000 7.760 -3.000 0.000 6.500 -3.800 0.000 8.540
3 15 -5.150 0.000 7.760 -5.740 0.000 7.240 -6.000 0.000 6.500
3 15 -6.000 0.000 6.500 -3.000 0.000 6.500 -5.150 0.000 7.760
3 15 -5.740 0.000 7.240 -6.260 0.000 6.650 -6.700 0.000 6.000
3 15 -6.700 0.000 6.000 -6.000 0.000 6.500 -5.740 0.000 7.240
3 15 -6.000 0.000 6.500 -6.700 0.000 6.000 -7.040 0.000 5.300
3 15 -7.040 0.000 5.300 -6.000 0.000 3.500 -6.000 0.000 6.500
3 15 -7.040 0.000 5.300 -7.300 0.000 4.550 -7.450 0.000 3.780
3 15 -7.450 0.000 3.780 -6.000 0.000 3.500 -7.040 0.000 5.300
3 15 -7.450 0.000 3.780 -7.500 0.000 3.000 -7.450 0.000 2.220
3 15 -7.450 0.000 2.220 -6.000 0.000 3.500 -7.450 0.000 3.780
3 15 -7.450 0.000 2.220 -7.300 0.000 1.450 -6.000 0.000 0.500
3 15 -6.000 0.000 0.500 -6.000 0.000 3.500 -7.450 0.000 2.220
3 15 -7.300 0.000 1.450 -7.040 0.000 0.700 -6.700 0.000 0.000
3 15 -6.700 0.000 0.000 -6.000 0.000 0.500 -7.300 0.000 1.450
3 15 -6.700 0.000 0.000 -6.260 0.000 -0.650 -5.740 0.000 -1.240
3 15 -5.740 0.000 -1.240 -6.000 0.000 0.500 -6.700 0.000 0.000
3 15 -6.000 0.000 0.500 -5.740 0.000 -1.240 -5.200 0.000 -1.800
3 15 -5.200 0.000 -1.800 -3.000 0.000 0.500 -6.000 0.000 0.500
3 15 -3.000 0.000 0.500 -5.200 0.000 -1.800 -4.200 0.000 -2.800
3 15 -4.200 0.000 -2.800 -1.500 0.000 -0.100 -3.000 0.000 0.500
3 15 -3.000 0.000 6.500 -3.000 0.000 0.500 -1.500 0.000 -0.100
3 15 -1.500 0.000 -0.100 -4.200 0.000 -2.800 -3.000 0.000 -2.800
3 15 -1.500 0.000 -0.100 -3.000 0.000 -2.800 -1.800 0.000 -2.800
3 15 -1.500 0.000 -6.500 -9.000 0.000 -9.000 0.000 0.000 -6.500
1 0 -3.0000 0.0000 -4.0000 1.2000 0.0000 0.0000 0.0000 1.0000 0.0000 0.0000 0.0000 1.2000 4-4disc.dat
1 15 -3.0000 0.0000 -4.0000 1.2000 0.0000 0.0000 0.0000 1.0000 0.0000 0.0000 0.0000 1.2000 4-4ndis.dat
1 5 -3.0000 0.0000 3.5000 0.0000 0.0000 -3.0000 0.0000 1.0000 0.0000 3.0000 0.0000 0.0000 2-4chrd.dat
1 15 -3.0000 0.0000 3.5000 0.0000 0.0000 -3.0000 0.0000 1.0000 0.0000 3.0000 0.0000 0.0000 2-4ndis.dat
3 16 2.280 0.000 8.950 3.050 0.000 8.800 10.000 0.000 10.000
3 16 3.050 0.000 8.800 3.800 0.000 8.540 10.000 0.000 10.000
3 16 3.800 0.000 8.540 4.500 0.000 8.200 10.000 0.000 10.000
3 16 4.500 0.000 8.200 5.150 0.000 7.760 10.000 0.000 10.000
3 16 5.150 0.000 7.760 5.740 0.000 7.240 10.000 0.000 10.000
3 16 5.740 0.000 7.240 6.260 0.000 6.650 10.000 0.000 10.000
3 16 6.260 0.000 6.650 6.700 0.000 6.000 10.000 0.000 10.000
3 16 6.700 0.000 6.000 7.040 0.000 5.300 10.000 0.000 10.000
3 16 7.040 0.000 5.300 7.300 0.000 4.550 10.000 0.000 10.000
3 16 7.300 0.000 4.550 7.450 0.000 3.780 10.000 0.000 10.000
3 16 7.450 0.000 3.780 7.500 0.000 3.000 10.000 0.000 10.000
3 16 7.450 0.000 2.220 7.790 0.000 -4.500 10.000 0.000 10.000
3 16 10.000 0.000 10.000 7.500 0.000 3.000 7.450 0.000 2.220
3 16 7.140 0.000 -3.520 7.790 0.000 -4.500 7.450 0.000 2.220
3 16 7.450 0.000 2.220 7.300 0.000 1.450 7.140 0.000 -3.520
3 16 7.040 0.000 0.700 7.140 0.000 -3.520 7.300 0.000 1.450
3 16 6.700 0.000 0.000 7.140 0.000 -3.520 7.040 0.000 0.700
3 16 6.360 0.000 -2.640 7.140 0.000 -3.520 6.700 0.000 0.000
3 16 6.700 0.000 0.000 6.260 0.000 -0.650 6.360 0.000 -2.640
3 16 5.740 0.000 -1.240 6.360 0.000 -2.640 6.260 0.000 -0.650
3 16 5.200 0.000 -1.800 6.360 0.000 -2.640 5.740 0.000 -1.240
3 16 7.790 0.000 -4.500 8.310 0.000 -5.560 10.000 0.000 10.000
3 16 8.310 0.000 -5.560 8.690 0.000 -6.670 10.000 0.000 10.000
3 16 8.690 0.000 -6.670 8.920 0.000 -7.830 10.000 0.000 10.000
3 16 10.000 0.000 -10.000 10.000 0.000 10.000 8.920 0.000 -7.830
3 16 8.920 0.000 -7.830 9.000 0.000 -9.000 10.000 0.000 -10.000
3 16 1.500 0.000 9.000 2.280 0.000 8.950 10.000 0.000 10.000
3 15 4.200 0.000 -4.000 6.360 0.000 -2.640 5.200 0.000 -1.800
3 15 5.200 0.000 -1.800 4.200 0.000 -2.800 4.200 0.000 -4.000
3 15 4.200 0.000 -5.200 7.140 0.000 -3.520 6.360 0.000 -2.640
3 15 6.360 0.000 -2.640 4.200 0.000 -4.000 4.200 0.000 -5.200
3 15 8.310 0.000 -5.560 7.790 0.000 -4.500 7.140 0.000 -3.520
3 15 7.140 0.000 -3.520 4.200 0.000 -5.200 8.310 0.000 -5.560
3 15 8.920 0.000 -7.830 8.690 0.000 -6.670 8.310 0.000 -5.560
3 15 8.310 0.000 -5.560 4.200 0.000 -5.200 8.920 0.000 -7.830
3 15 9.000 0.000 -9.000 8.920 0.000 -7.830 4.200 0.000 -5.200
3 15 4.200 0.000 -5.200 3.000 0.000 -5.200 9.000 0.000 -9.000
3 15 1.500 0.000 -6.500 9.000 0.000 -9.000 3.000 0.000 -5.200
3 15 3.000 0.000 -5.200 1.800 0.000 -5.200 1.500 0.000 -6.500
3 15 1.800 0.000 -4.000 1.500 0.000 -5.000 1.500 0.000 -6.500
3 15 1.500 0.000 -6.500 1.800 0.000 -5.200 1.800 0.000 -4.000
3 15 3.000 0.000 6.500 2.280 0.000 8.950 1.500 0.000 9.000
3 15 1.500 0.000 9.000 1.500 0.000 -0.100 3.000 0.000 6.500
3 15 3.800 0.000 8.540 3.050 0.000 8.800 2.280 0.000 8.950
3 15 2.280 0.000 8.950 3.000 0.000 6.500 3.800 0.000 8.540
3 15 5.150 0.000 7.760 4.500 0.000 8.200 3.800 0.000 8.540
3 15 3.800 0.000 8.540 3.000 0.000 6.500 5.150 0.000 7.760
3 15 6.000 0.000 6.500 5.740 0.000 7.240 5.150 0.000 7.760
3 15 5.150 0.000 7.760 3.000 0.000 6.500 6.000 0.000 6.500
3 15 6.700 0.000 6.000 6.260 0.000 6.650 5.740 0.000 7.240
3 15 5.740 0.000 7.240 6.000 0.000 6.500 6.700 0.000 6.000
3 15 7.040 0.000 5.300 6.700 0.000 6.000 6.000 0.000 6.500
3 15 6.000 0.000 6.500 6.000 0.000 3.500 7.040 0.000 5.300
3 15 7.450 0.000 3.780 7.300 0.000 4.550 7.040 0.000 5.300
3 15 7.040 0.000 5.300 6.000 0.000 3.500 7.450 0.000 3.780
3 15 7.450 0.000 2.220 7.500 0.000 3.000 7.450 0.000 3.780
3 15 7.450 0.000 3.780 6.000 0.000 3.500 7.450 0.000 2.220
3 15 6.000 0.000 0.500 7.300 0.000 1.450 7.450 0.000 2.220
3 15 7.450 0.000 2.220 6.000 0.000 3.500 6.000 0.000 0.500
3 15 6.700 0.000 0.000 7.040 0.000 0.700 7.300 0.000 1.450
3 15 7.300 0.000 1.450 6.000 0.000 0.500 6.700 0.000 0.000
3 15 5.740 0.000 -1.240 6.260 0.000 -0.650 6.700 0.000 0.000
3 15 6.700 0.000 0.000 6.000 0.000 0.500 5.740 0.000 -1.240
3 15 5.200 0.000 -1.800 5.740 0.000 -1.240 6.000 0.000 0.500
3 15 6.000 0.000 0.500 3.000 0.000 0.500 5.200 0.000 -1.800
3 15 4.200 0.000 -2.800 5.200 0.000 -1.800 3.000 0.000 0.500
3 15 3.000 0.000 0.500 1.500 0.000 -0.100 4.200 0.000 -2.800
3 15 1.500 0.000 -0.100 3.000 0.000 0.500 3.000 0.000 6.500
3 15 3.000 0.000 -2.800 4.200 0.000 -2.800 1.500 0.000 -0.100
3 15 1.800 0.000 -2.800 3.000 0.000 -2.800 1.500 0.000 -0.100
3 15 0.000 0.000 -6.500 9.000 0.000 -9.000 1.500 0.000 -6.500
1 0 3.0000 0.0000 -4.0000 -1.2000 0.0000 0.0000 0.0000 1.0000 0.0000 0.0000 0.0000 1.2000 4-4disc.dat
1 15 3.0000 0.0000 -4.0000 -1.2000 0.0000 0.0000 0.0000 1.0000 0.0000 0.0000 0.0000 1.2000 4-4ndis.dat
1 5 3.0000 0.0000 3.5000 0.0000 0.0000 3.0000 0.0000 1.0000 0.0000 3.0000 0.0000 0.0000 2-4chrd.dat
1 15 3.0000 0.0000 3.5000 0.0000 0.0000 3.0000 0.0000 1.0000 0.0000 3.0000 0.0000 0.0000 2-4ndis.dat
