0 FILE 32316pb046L.dat
0 Technic, Liftarm Thick 1 x 5 with Red Stripe Pattern Model Left Side (Sticker) - Set 42110
0 Name:  32316pb046L.dat
0 Author:  
0 BL_Item_No 32316pb046L
0 BFC CERTIFY CCW
1 16 0.0000 0.0000 0.0000 1.0000 0.0000 0.0000 0.0000 1.0000 0.0000 0.0000 0.0000 1.0000 32316.dat
3 16 -9.000 -6.000 -21.000 -9.000 6.000 -21.000 -9.000 6.000 41.000
3 16 -9.000 6.000 41.000 -9.000 -6.000 41.000 -9.000 -6.000 -21.000
3 16 -9.000 6.000 -21.000 -9.000 8.000 -19.000 -9.000 8.000 39.000
3 16 -9.000 8.000 39.000 -9.000 6.000 41.000 -9.000 6.000 -21.000
3 16 -9.000 -6.000 -21.000 -9.000 -6.000 41.000 -9.000 -8.000 39.000
3 16 -9.000 -8.000 39.000 -9.000 -8.000 -19.000 -9.000 -6.000 -21.000
3 16 -9.250 -8.000 -19.000 -9.000 -8.000 -19.000 -9.000 -8.000 39.000
3 16 -9.000 -8.000 39.000 -9.250 -8.000 39.000 -9.250 -8.000 -19.000
3 16 -9.000 6.000 -21.000 -9.000 -6.000 -21.000 -9.250 -6.000 -21.000
3 16 -9.250 -6.000 -21.000 -9.250 6.000 -21.000 -9.000 6.000 -21.000
3 16 -9.000 6.000 41.000 -9.250 6.000 41.000 -9.250 -6.000 41.000
3 16 -9.250 -6.000 41.000 -9.000 -6.000 41.000 -9.000 6.000 41.000
3 16 -9.000 8.000 -19.000 -9.250 8.000 -19.000 -9.250 8.000 39.000
3 16 -9.250 8.000 39.000 -9.000 8.000 39.000 -9.000 8.000 -19.000
3 4 -9.250 2.000 38.000 -9.250 2.000 -3.000 -9.250 -2.000 -3.000
3 4 -9.250 -2.000 -3.000 -9.250 -2.000 38.000 -9.250 2.000 38.000
3 0 -9.250 6.000 41.000 -9.250 0.000 39.000 -9.250 -6.000 41.000
3 0 -9.250 0.000 -4.000 -9.250 6.000 -21.000 -9.250 -6.000 -21.000
3 0 -9.250 0.000 39.000 -9.250 -2.000 39.000 -9.250 -6.000 41.000
3 0 -9.250 -2.000 39.000 -9.250 -2.000 38.000 -9.250 -8.000 39.000
3 0 -9.250 -8.000 39.000 -9.250 -6.000 41.000 -9.250 -2.000 39.000
3 0 -9.250 -2.000 38.000 -9.250 -2.000 -3.000 -9.250 -8.000 -19.000
3 0 -9.250 -8.000 -19.000 -9.250 -8.000 39.000 -9.250 -2.000 38.000
3 0 -9.250 -2.000 -3.000 -9.250 -2.000 -4.000 -9.250 -6.000 -21.000
3 0 -9.250 -6.000 -21.000 -9.250 -8.000 -19.000 -9.250 -2.000 -3.000
3 0 -9.250 -2.000 -4.000 -9.250 0.000 -4.000 -9.250 -6.000 -21.000
3 0 -9.250 6.000 41.000 -9.250 2.000 39.000 -9.250 0.000 39.000
3 0 -9.250 6.000 41.000 -9.250 8.000 39.000 -9.250 2.000 38.000
3 0 -9.250 2.000 38.000 -9.250 2.000 39.000 -9.250 6.000 41.000
3 0 -9.250 8.000 39.000 -9.250 8.000 -19.000 -9.250 2.000 -3.000
3 0 -9.250 2.000 -3.000 -9.250 2.000 38.000 -9.250 8.000 39.000
3 0 -9.250 8.000 -19.000 -9.250 6.000 -21.000 -9.250 2.000 -4.000
3 0 -9.250 2.000 -4.000 -9.250 2.000 -3.000 -9.250 8.000 -19.000
3 0 -9.250 6.000 -21.000 -9.250 0.000 -4.000 -9.250 2.000 -4.000
1 16 -9.0000 6.0000 -19.0000 0.0000 -1.0000 0.0000 2.0000 0.0000 0.0000 0.0000 0.0000 -2.0000 1-4chrd.dat
1 16 -9.0000 6.0000 39.0000 0.0000 -1.0000 0.0000 2.0000 0.0000 0.0000 0.0000 0.0000 2.0000 1-4chrd.dat
1 16 -9.0000 -6.0000 -19.0000 0.0000 -1.0000 0.0000 -2.0000 0.0000 0.0000 0.0000 0.0000 -2.0000 1-4chrd.dat
1 16 -9.0000 -6.0000 39.0000 0.0000 -1.0000 0.0000 -2.0000 0.0000 0.0000 0.0000 0.0000 2.0000 1-4chrd.dat
1 16 -9.0000 6.0000 -19.0000 0.0000 -0.2500 0.0000 2.0000 0.0000 0.0000 0.0000 0.0000 -2.0000 1-4cyli.dat
1 16 -9.0000 6.0000 39.0000 0.0000 -0.2500 0.0000 2.0000 0.0000 0.0000 0.0000 0.0000 2.0000 1-4cyli.dat
1 16 -9.0000 -6.0000 -19.0000 0.0000 -0.2500 0.0000 -2.0000 0.0000 0.0000 0.0000 0.0000 -2.0000 1-4cyli.dat
1 16 -9.0000 -6.0000 39.0000 0.0000 -0.2500 0.0000 -2.0000 0.0000 0.0000 0.0000 0.0000 2.0000 1-4cyli.dat
1 4 -9.2500 0.0000 38.0000 0.0000 1.0000 0.0000 2.0000 0.0000 0.0000 0.0000 0.0000 1.0000 2-4chrd.dat
1 4 -9.2500 0.0000 -3.0000 0.0000 1.0000 0.0000 2.0000 0.0000 0.0000 0.0000 0.0000 -1.0000 2-4chrd.dat
1 0 -9.2500 6.0000 -19.0000 0.0000 1.0000 0.0000 2.0000 0.0000 0.0000 0.0000 0.0000 -2.0000 1-4chrd.dat
1 0 -9.2500 6.0000 39.0000 0.0000 1.0000 0.0000 2.0000 0.0000 0.0000 0.0000 0.0000 2.0000 1-4chrd.dat
1 0 -9.2500 -6.0000 -19.0000 0.0000 1.0000 0.0000 -2.0000 0.0000 0.0000 0.0000 0.0000 -2.0000 1-4chrd.dat
1 0 -9.2500 -6.0000 39.0000 0.0000 1.0000 0.0000 -2.0000 0.0000 0.0000 0.0000 0.0000 2.0000 1-4chrd.dat
1 0 -9.2500 0.0000 38.0000 0.0000 1.0000 0.0000 2.0000 0.0000 0.0000 0.0000 0.0000 1.0000 2-4ndis.dat
1 0 -9.2500 0.0000 -3.0000 0.0000 1.0000 0.0000 2.0000 0.0000 0.0000 0.0000 0.0000 -1.0000 2-4ndis.dat
