0 FILE 3622pb019.dat
0 Brick 1 x 3 with White 'VIKING' Pattern (Sticker) - Set 6541
0 Name:  3622pb019.dat
0 Author:  
0 BL_Item_No 3622pb019
0 BFC CERTIFY CCW
1 16 0.0000 0.0000 0.0000 1.0000 0.0000 0.0000 0.0000 1.0000 0.0000 0.0000 0.0000 1.0000 3622.dat
3 16 -15.970 15.800 -10.250 -18.610 8.130 -10.250 -21.000 5.000 -10.250
3 16 -21.000 5.000 -10.250 -21.000 19.000 -10.250 -15.970 15.800 -10.250
3 16 -14.460 15.800 -10.250 -15.970 15.800 -10.250 -21.000 19.000 -10.250
3 16 -14.460 15.800 -10.250 -11.050 15.800 -10.250 -11.050 8.130 -10.250
3 16 -11.050 8.130 -10.250 -11.840 8.130 -10.250 -14.460 15.800 -10.250
3 16 -11.050 15.800 -10.250 -14.460 15.800 -10.250 -21.000 19.000 -10.250
3 16 -9.470 15.800 -10.250 -11.050 15.800 -10.250 -21.000 19.000 -10.250
3 16 -7.820 15.800 -10.250 -9.470 15.800 -10.250 -21.000 19.000 -10.250
3 16 -6.240 15.800 -10.250 -7.820 15.800 -10.250 -21.000 19.000 -10.250
3 16 -5.430 12.290 -10.250 -6.240 13.100 -10.250 -6.240 15.800 -10.250
3 16 -6.240 15.800 -10.250 -2.930 15.800 -10.250 -5.430 12.290 -10.250
3 16 -2.930 15.800 -10.250 -6.240 15.800 -10.250 -21.000 19.000 -10.250
3 16 -1.000 15.800 -10.250 -2.930 15.800 -10.250 -21.000 19.000 -10.250
3 16 -1.000 15.800 -10.250 -0.270 15.800 -10.250 -0.270 8.130 -10.250
3 16 -0.270 8.130 -10.250 -4.340 11.230 -10.250 -1.000 15.800 -10.250
3 16 -1.000 15.800 -10.250 -21.000 19.000 -10.250 21.000 19.000 -10.250
3 16 21.000 19.000 -10.250 -0.270 15.800 -10.250 -1.000 15.800 -10.250
3 16 2.960 15.800 -10.250 1.310 15.800 -10.250 21.000 19.000 -10.250
3 16 4.510 15.800 -10.250 2.960 15.800 -10.250 21.000 19.000 -10.250
3 16 1.310 15.800 -10.250 -0.270 15.800 -10.250 21.000 19.000 -10.250
3 16 7.650 15.800 -10.250 21.000 19.000 -10.250 13.130 15.890 -10.250
3 16 13.130 15.890 -10.250 9.280 15.800 -10.250 7.650 15.800 -10.250
3 16 10.640 13.090 -10.250 10.530 11.960 -10.250 9.280 8.130 -10.250
3 16 9.280 8.130 -10.250 9.280 15.800 -10.250 10.640 13.090 -10.250
3 16 10.640 13.090 -10.250 9.280 15.800 -10.250 10.970 14.070 -10.250
3 16 10.970 14.070 -10.250 9.280 15.800 -10.250 11.520 14.900 -10.250
3 16 4.510 10.530 -10.250 4.510 15.800 -10.250 7.650 15.800 -10.250
3 16 7.650 15.800 -10.250 4.510 15.800 -10.250 21.000 19.000 -10.250
3 16 9.280 8.130 -10.250 10.530 11.960 -10.250 10.640 10.820 -10.250
3 16 -21.000 5.000 -10.250 -18.610 8.130 -10.250 -16.860 8.130 -10.250
3 16 -13.570 8.130 -10.250 -16.860 8.130 -10.250 -15.230 13.870 -10.250
3 16 -9.470 15.800 -10.250 -7.820 15.800 -10.250 -7.820 8.130 -10.250
3 16 -7.820 8.130 -10.250 -9.470 8.130 -10.250 -9.470 15.800 -10.250
3 16 -21.000 5.000 -10.250 -16.860 8.130 -10.250 -13.570 8.130 -10.250
3 16 -21.000 5.000 -10.250 -11.840 8.130 -10.250 -11.050 8.130 -10.250
3 16 -21.000 5.000 -10.250 -13.570 8.130 -10.250 -11.840 8.130 -10.250
3 16 -21.000 5.000 -10.250 -11.050 8.130 -10.250 -9.470 8.130 -10.250
3 16 -21.000 5.000 -10.250 -9.470 8.130 -10.250 -7.820 8.130 -10.250
3 16 -21.000 5.000 -10.250 -7.820 8.130 -10.250 -6.240 8.130 -10.250
3 16 -21.000 5.000 -10.250 -6.240 8.130 -10.250 -3.250 8.130 -10.250
3 16 -3.250 8.130 -10.250 -6.240 8.130 -10.250 -6.240 11.280 -10.250
3 16 -21.000 5.000 -10.250 -3.250 8.130 -10.250 -1.280 8.130 -10.250
3 16 7.720 8.130 -10.250 4.610 8.130 -10.250 7.720 13.400 -10.250
3 16 1.310 15.800 -10.250 2.960 15.800 -10.250 2.960 8.130 -10.250
3 16 2.960 8.130 -10.250 1.310 8.130 -10.250 1.310 15.800 -10.250
3 16 -0.270 8.130 -10.250 -1.280 8.130 -10.250 -4.340 11.230 -10.250
3 16 9.280 8.130 -10.250 10.640 10.820 -10.250 10.970 9.840 -10.250
3 16 -21.000 5.000 -10.250 -0.270 8.130 -10.250 1.310 8.130 -10.250
3 16 1.310 8.130 -10.250 21.000 5.000 -10.250 -21.000 5.000 -10.250
3 16 21.000 5.000 -10.250 2.960 8.130 -10.250 4.610 8.130 -10.250
3 16 21.000 5.000 -10.250 4.610 8.130 -10.250 7.720 8.130 -10.250
3 16 21.000 5.000 -10.250 1.310 8.130 -10.250 2.960 8.130 -10.250
3 16 9.280 8.130 -10.250 10.970 9.840 -10.250 11.520 9.030 -10.250
3 16 -21.000 5.000 -10.250 -1.280 8.130 -10.250 -0.270 8.130 -10.250
3 16 7.720 8.130 -10.250 9.280 8.130 -10.250 13.140 8.050 -10.250
3 16 13.140 8.050 -10.250 21.000 5.000 -10.250 7.720 8.130 -10.250
3 16 11.520 14.900 -10.250 9.280 15.800 -10.250 12.260 15.520 -10.250
3 16 13.130 15.890 -10.250 21.000 19.000 -10.250 14.130 16.010 -10.250
3 16 12.260 15.520 -10.250 9.280 15.800 -10.250 13.130 15.890 -10.250
3 16 12.170 11.950 -10.250 12.230 12.720 -10.250 14.450 12.960 -10.250
3 16 14.450 12.960 -10.250 14.450 11.650 -10.250 12.170 11.950 -10.250
3 16 12.230 12.720 -10.250 12.420 13.380 -10.250 12.740 13.910 -10.250
3 16 12.740 13.910 -10.250 14.450 12.960 -10.250 12.230 12.720 -10.250
3 16 12.740 13.910 -10.250 13.420 14.440 -10.250 14.310 14.620 -10.250
3 16 14.310 14.620 -10.250 14.450 12.960 -10.250 12.740 13.910 -10.250
3 16 14.310 14.620 -10.250 15.000 14.510 -10.250 15.570 14.180 -10.250
3 16 15.570 14.180 -10.250 14.450 12.960 -10.250 14.310 14.620 -10.250
3 16 15.410 15.740 -10.250 14.820 15.950 -10.250 21.000 19.000 -10.250
3 16 21.000 19.000 -10.250 16.570 15.800 -10.250 15.410 15.740 -10.250
3 16 17.630 15.800 -10.250 16.570 15.800 -10.250 21.000 19.000 -10.250
3 16 17.630 15.800 -10.250 21.000 19.000 -10.250 21.000 5.000 -10.250
3 16 21.000 5.000 -10.250 17.630 11.650 -10.250 17.630 15.800 -10.250
3 16 15.920 15.400 -10.250 15.410 15.740 -10.250 16.570 15.800 -10.250
3 16 14.820 15.950 -10.250 14.130 16.010 -10.250 21.000 19.000 -10.250
3 16 15.570 14.180 -10.250 15.980 13.650 -10.250 16.190 12.960 -10.250
3 16 16.190 12.960 -10.250 14.450 12.960 -10.250 15.570 14.180 -10.250
3 16 16.379 14.890 -10.250 15.920 15.400 -10.250 16.570 15.800 -10.250
3 16 12.230 11.180 -10.250 14.450 11.650 -10.250 12.720 10.000 -10.250
3 16 12.720 10.000 -10.250 12.410 10.530 -10.250 12.230 11.180 -10.250
3 16 12.720 10.000 -10.250 14.450 11.650 -10.250 14.230 9.290 -10.250
3 16 14.230 9.290 -10.250 13.370 9.470 -10.250 12.720 10.000 -10.250
3 16 12.230 11.180 -10.250 12.170 11.950 -10.250 14.450 11.650 -10.250
3 16 13.140 8.050 -10.250 9.280 8.130 -10.250 12.260 8.420 -10.250
3 16 14.230 9.290 -10.250 14.450 11.650 -10.250 15.400 9.610 -10.250
3 16 15.400 9.610 -10.250 14.880 9.370 -10.250 14.230 9.290 -10.250
3 16 21.000 5.000 -10.250 13.140 8.050 -10.250 14.170 7.930 -10.250
3 16 15.400 9.610 -10.250 14.450 11.650 -10.250 16.000 10.520 -10.250
3 16 16.000 10.520 -10.250 15.780 9.990 -10.250 15.400 9.610 -10.250
3 16 17.610 10.520 -10.250 16.000 10.520 -10.250 14.450 11.650 -10.250
3 16 14.450 11.650 -10.250 17.630 11.650 -10.250 17.610 10.520 -10.250
3 16 21.000 5.000 -10.250 17.610 10.520 -10.250 17.630 11.650 -10.250
3 16 21.000 5.000 -10.250 17.410 9.770 -10.250 17.610 10.520 -10.250
3 16 21.000 5.000 -10.250 15.070 8.010 -10.250 15.860 8.240 -10.250
3 16 21.000 5.000 -10.250 16.520 8.620 -10.250 17.050 9.140 -10.250
3 16 21.000 5.000 -10.250 17.050 9.140 -10.250 17.410 9.770 -10.250
3 16 21.000 5.000 -10.250 15.860 8.240 -10.250 16.520 8.620 -10.250
3 16 21.000 5.000 -10.250 14.170 7.930 -10.250 15.070 8.010 -10.250
3 16 9.280 8.130 -10.250 11.520 9.030 -10.250 12.260 8.420 -10.250
3 15 -16.860 8.130 -10.250 -18.610 8.130 -10.250 -15.970 15.800 -10.250
3 15 -15.970 15.800 -10.250 -15.230 13.870 -10.250 -16.860 8.130 -10.250
3 15 -11.840 8.130 -10.250 -15.230 13.870 -10.250 -15.970 15.800 -10.250
3 15 -15.970 15.800 -10.250 -14.460 15.800 -10.250 -11.840 8.130 -10.250
3 15 -11.840 8.130 -10.250 -13.570 8.130 -10.250 -15.230 13.870 -10.250
3 15 -11.050 15.800 -10.250 -9.470 15.800 -10.250 -9.470 8.130 -10.250
3 15 -9.470 8.130 -10.250 -11.050 8.130 -10.250 -11.050 15.800 -10.250
3 15 -6.240 13.100 -10.250 -7.820 15.800 -10.250 -6.240 15.800 -10.250
3 15 -6.240 13.100 -10.250 -6.240 11.280 -10.250 -7.820 8.130 -10.250
3 15 -7.820 8.130 -10.250 -7.820 15.800 -10.250 -6.240 13.100 -10.250
3 15 -6.240 8.130 -10.250 -7.820 8.130 -10.250 -6.240 11.280 -10.250
3 15 -6.240 11.280 -10.250 -4.340 11.230 -10.250 -1.280 8.130 -10.250
3 15 -1.280 8.130 -10.250 -3.250 8.130 -10.250 -6.240 11.280 -10.250
3 15 -6.240 11.280 -10.250 -6.240 13.100 -10.250 -5.430 12.290 -10.250
3 15 -5.430 12.290 -10.250 -2.930 15.800 -10.250 -1.000 15.800 -10.250
3 15 -1.000 15.800 -10.250 -4.340 11.230 -10.250 -5.430 12.290 -10.250
3 15 -4.340 11.230 -10.250 -6.240 11.280 -10.250 -5.430 12.290 -10.250
3 15 -0.270 15.800 -10.250 1.310 15.800 -10.250 1.310 8.130 -10.250
3 15 1.310 8.130 -10.250 -0.270 8.130 -10.250 -0.270 15.800 -10.250
3 15 4.510 15.800 -10.250 4.510 10.530 -10.250 2.960 8.130 -10.250
3 15 2.960 8.130 -10.250 2.960 15.800 -10.250 4.510 15.800 -10.250
3 15 2.960 8.130 -10.250 4.510 10.530 -10.250 7.720 13.400 -10.250
3 15 7.720 13.400 -10.250 4.610 8.130 -10.250 2.960 8.130 -10.250
3 15 7.650 15.800 -10.250 9.280 15.800 -10.250 9.280 8.130 -10.250
3 15 9.280 8.130 -10.250 7.720 13.400 -10.250 7.650 15.800 -10.250
3 15 9.280 8.130 -10.250 7.720 8.130 -10.250 7.720 13.400 -10.250
3 15 4.510 10.530 -10.250 7.650 15.800 -10.250 7.720 13.400 -10.250
3 15 10.970 14.070 -10.250 12.420 13.380 -10.250 12.230 12.720 -10.250
3 15 12.230 12.720 -10.250 10.640 13.090 -10.250 10.970 14.070 -10.250
3 15 10.640 13.090 -10.250 12.230 12.720 -10.250 12.170 11.950 -10.250
3 15 12.170 11.950 -10.250 10.530 11.960 -10.250 10.640 13.090 -10.250
3 15 10.970 14.070 -10.250 11.520 14.900 -10.250 12.740 13.910 -10.250
3 15 12.740 13.910 -10.250 12.420 13.380 -10.250 10.970 14.070 -10.250
3 15 12.260 15.520 -10.250 13.130 15.890 -10.250 14.130 16.010 -10.250
3 15 14.130 16.010 -10.250 13.420 14.440 -10.250 12.260 15.520 -10.250
3 15 13.420 14.440 -10.250 12.740 13.910 -10.250 11.520 14.900 -10.250
3 15 11.520 14.900 -10.250 12.260 15.520 -10.250 13.420 14.440 -10.250
3 15 10.640 10.820 -10.250 10.530 11.960 -10.250 12.170 11.950 -10.250
3 15 12.170 11.950 -10.250 12.230 11.180 -10.250 10.640 10.820 -10.250
3 15 10.970 9.840 -10.250 10.640 10.820 -10.250 12.230 11.180 -10.250
3 15 12.230 11.180 -10.250 12.410 10.530 -10.250 10.970 9.840 -10.250
3 15 10.970 9.840 -10.250 12.720 10.000 -10.250 12.260 8.420 -10.250
3 15 12.260 8.420 -10.250 11.520 9.030 -10.250 10.970 9.840 -10.250
3 15 13.140 8.050 -10.250 12.260 8.420 -10.250 12.720 10.000 -10.250
3 15 12.720 10.000 -10.250 13.370 9.470 -10.250 13.140 8.050 -10.250
3 15 14.170 7.930 -10.250 13.140 8.050 -10.250 13.370 9.470 -10.250
3 15 13.370 9.470 -10.250 14.230 9.290 -10.250 14.170 7.930 -10.250
3 15 14.170 7.930 -10.250 14.230 9.290 -10.250 14.880 9.370 -10.250
3 15 14.880 9.370 -10.250 15.070 8.010 -10.250 14.170 7.930 -10.250
3 15 10.970 9.840 -10.250 12.410 10.530 -10.250 12.720 10.000 -10.250
3 15 13.420 14.440 -10.250 14.130 16.010 -10.250 14.820 15.950 -10.250
3 15 14.820 15.950 -10.250 14.310 14.620 -10.250 13.420 14.440 -10.250
3 15 14.310 14.620 -10.250 14.820 15.950 -10.250 15.410 15.740 -10.250
3 15 15.410 15.740 -10.250 15.000 14.510 -10.250 14.310 14.620 -10.250
3 15 15.570 14.180 -10.250 15.000 14.510 -10.250 15.410 15.740 -10.250
3 15 15.410 15.740 -10.250 15.920 15.400 -10.250 15.570 14.180 -10.250
3 15 16.570 15.800 -10.250 17.630 15.800 -10.250 16.190 12.960 -10.250
3 15 16.190 12.960 -10.250 16.379 14.890 -10.250 16.570 15.800 -10.250
3 15 16.190 12.960 -10.250 15.980 13.650 -10.250 16.379 14.890 -10.250
3 15 15.980 13.650 -10.250 15.570 14.180 -10.250 15.920 15.400 -10.250
3 15 15.920 15.400 -10.250 16.379 14.890 -10.250 15.980 13.650 -10.250
3 15 17.630 11.650 -10.250 16.190 12.960 -10.250 17.630 15.800 -10.250
3 15 14.450 12.960 -10.250 16.190 12.960 -10.250 17.630 11.650 -10.250
3 15 17.630 11.650 -10.250 14.450 11.650 -10.250 14.450 12.960 -10.250
3 15 16.520 8.620 -10.250 15.860 8.240 -10.250 14.880 9.370 -10.250
3 15 14.880 9.370 -10.250 15.400 9.610 -10.250 16.520 8.620 -10.250
3 15 15.070 8.010 -10.250 14.880 9.370 -10.250 15.860 8.240 -10.250
3 15 15.400 9.610 -10.250 15.780 9.990 -10.250 17.050 9.140 -10.250
3 15 17.050 9.140 -10.250 16.520 8.620 -10.250 15.400 9.610 -10.250
3 15 17.610 10.520 -10.250 17.410 9.770 -10.250 15.780 9.990 -10.250
3 15 15.780 9.990 -10.250 16.000 10.520 -10.250 17.610 10.520 -10.250
3 15 17.050 9.140 -10.250 15.780 9.990 -10.250 17.410 9.770 -10.250
1 16 0.0000 12.0000 -10.2500 21.0000 0.0000 0.0000 0.0000 0.0000 -7.0000 0.0000 0.2500 0.0000 box5-12.dat
