0 FILE 3626cpxb.dat
0 Minifigure, Head Black Eyebrows, Cheek Lines, Chin Dimple, White Pupils Pattern - Hollow Stud
0 Name:  3626cpxb.dat
0 Author:  
0 BL_Item_No 3626cpb1353
0 BFC CERTIFY CCW
3 16 -4.975 4.000 -12.011 -5.400 4.800 -11.727 -4.975 4.765 -12.011
3 16 -6.050 16.700 -11.292 -9.192 17.000 -9.192 -4.975 17.000 -12.011
3 16 -6.950 16.100 -10.691 -9.192 17.000 -9.192 -6.050 16.700 -11.292
3 16 -7.650 15.150 -10.223 -9.192 17.000 -9.192 -6.950 16.100 -10.691
3 16 -8.000 14.150 -9.989 -9.192 17.000 -9.192 -7.650 15.150 -10.223
3 16 -8.150 13.000 -9.889 -9.192 17.000 -9.192 -8.000 14.150 -9.989
3 16 -8.150 11.600 -9.889 -9.192 17.000 -9.192 -8.150 13.000 -9.889
3 16 -8.150 11.600 -9.889 -8.000 10.600 -9.989 -9.192 4.000 -9.192
3 16 -9.192 4.000 -9.192 -9.192 17.000 -9.192 -8.150 11.600 -9.889
3 16 -9.192 4.000 -9.192 -8.000 10.600 -9.989 -7.250 7.150 -10.490
3 16 -9.192 4.000 -9.192 -7.250 7.150 -10.490 -7.000 6.350 -10.657
3 16 -9.192 4.000 -9.192 -7.000 6.350 -10.657 -6.550 5.550 -10.958
3 16 -9.192 4.000 -9.192 -6.550 5.550 -10.958 -5.900 4.950 -11.393
3 16 -5.400 4.800 -11.727 -4.975 4.000 -12.011 -9.192 4.000 -9.192
3 16 -9.192 4.000 -9.192 -5.900 4.950 -11.393 -5.400 4.800 -11.727
3 16 -4.975 8.002 -12.011 -6.050 16.700 -11.292 -4.975 17.000 -12.011
3 16 -5.450 6.050 -11.693 -4.975 7.800 -12.011 -4.975 6.078 -12.011
3 16 -5.450 6.050 -11.693 -6.050 6.200 -11.292 -5.150 8.000 -11.894
3 16 -5.150 8.000 -11.894 -4.975 7.800 -12.011 -5.450 6.050 -11.693
3 16 -5.150 8.000 -11.894 -6.050 6.200 -11.292 -6.600 6.600 -10.925
3 16 -6.600 6.600 -10.925 -7.250 7.150 -10.490 -5.150 8.000 -11.894
3 16 -5.150 8.000 -11.894 -7.250 7.150 -10.490 -8.000 10.600 -9.989
3 16 -8.000 10.600 -9.989 -7.850 11.850 -10.089 -5.150 8.000 -11.894
3 16 -7.700 13.100 -10.190 -4.975 8.002 -12.011 -5.150 8.000 -11.894
3 16 -5.150 8.000 -11.894 -7.850 11.850 -10.089 -7.700 13.100 -10.190
3 16 -7.550 14.150 -10.290 -7.200 15.050 -10.524 -4.975 8.002 -12.011
3 16 -4.975 8.002 -12.011 -7.700 13.100 -10.190 -7.550 14.150 -10.290
3 16 -4.975 8.002 -12.011 -7.200 15.050 -10.524 -6.650 15.900 -10.891
3 16 -6.650 15.900 -10.891 -6.050 16.700 -11.292 -4.975 8.002 -12.011
3 16 0.000 4.000 -13.000 -1.650 6.050 -12.672 -1.300 6.350 -12.742
3 16 -4.975 4.000 -12.011 -4.975 4.765 -12.011 -4.800 4.750 -12.046
3 16 -4.975 17.000 -12.011 0.000 17.000 -13.000 -0.700 15.700 -12.861
3 16 -0.700 15.700 -12.861 -1.700 15.650 -12.662 -4.975 17.000 -12.011
3 16 0.000 15.671 -13.000 -0.700 15.700 -12.861 0.000 17.000 -13.000
3 16 -4.975 4.000 -12.011 -4.800 4.750 -12.046 -3.950 5.000 -12.215
3 16 -3.950 5.000 -12.215 -2.750 5.550 -12.453 0.000 4.000 -13.000
3 16 0.000 4.000 -13.000 -4.975 4.000 -12.011 -3.950 5.000 -12.215
3 16 0.000 4.000 -13.000 -2.750 5.550 -12.453 -1.650 6.050 -12.672
3 16 -4.975 8.002 -12.011 -4.975 17.000 -12.011 -4.899 8.650 -12.026
3 16 -4.975 8.002 -12.011 -4.899 8.650 -12.026 -4.789 8.003 -12.048
3 16 -4.899 8.650 -12.026 -4.975 17.000 -12.011 -4.789 9.297 -12.048
3 16 -4.789 9.297 -12.048 -4.975 17.000 -12.011 -4.475 9.845 -12.110
3 16 -4.975 17.000 -12.011 -3.600 14.750 -12.284 -4.005 10.211 -12.204
3 16 -4.005 10.211 -12.204 -4.475 9.845 -12.110 -4.975 17.000 -12.011
3 16 -3.450 10.340 -12.314 -4.005 10.211 -12.204 -3.600 14.750 -12.284
3 16 -3.600 14.750 -12.284 -2.500 14.250 -12.503 -3.450 10.340 -12.314
3 16 -2.896 10.211 -12.424 -3.450 10.340 -12.314 -2.500 14.250 -12.503
3 16 -2.425 9.845 -12.518 -2.896 10.211 -12.424 -2.500 14.250 -12.503
3 16 -2.500 14.250 -12.503 -1.000 13.950 -12.801 -2.425 9.845 -12.518
3 16 -1.000 13.950 -12.801 0.000 13.910 -13.000 -2.111 9.297 -12.580
3 16 -2.111 9.297 -12.580 -2.425 9.845 -12.518 -1.000 13.950 -12.801
3 16 -2.001 8.650 -12.602 -2.111 9.297 -12.580 0.000 13.910 -13.000
3 16 -1.700 15.650 -12.662 -1.950 14.600 -12.612 -3.600 14.750 -12.284
3 16 -3.600 14.750 -12.284 -4.975 17.000 -12.011 -1.700 15.650 -12.662
3 16 -1.000 15.300 -12.801 -0.500 14.600 -12.901 -1.950 14.600 -12.612
3 16 -1.950 14.600 -12.612 -1.700 15.650 -12.662 -1.000 15.300 -12.801
3 16 -0.150 15.250 -12.970 0.000 14.600 -13.000 -0.500 14.600 -12.901
3 16 -0.500 14.600 -12.901 -1.000 15.300 -12.801 -0.150 15.250 -12.970
3 16 0.000 14.600 -13.000 -0.150 15.250 -12.970 0.000 15.278 -13.000
3 16 -4.800 7.600 -12.046 -4.600 6.100 -12.085 -4.975 6.078 -12.011
3 16 -4.975 6.078 -12.011 -4.975 7.800 -12.011 -4.800 7.600 -12.046
3 16 -4.600 6.100 -12.085 -4.800 7.600 -12.046 -4.450 7.300 -12.115
3 16 -4.600 6.100 -12.085 -4.450 7.300 -12.115 -4.005 7.089 -12.204
3 16 -4.005 7.089 -12.204 -3.750 6.300 -12.254 -4.600 6.100 -12.085
3 16 -3.450 6.960 -12.314 -2.650 6.750 -12.473 -3.750 6.300 -12.254
3 16 -3.750 6.300 -12.254 -4.005 7.089 -12.204 -3.450 6.960 -12.314
3 16 -2.896 7.089 -12.424 -1.950 7.000 -12.612 -2.650 6.750 -12.473
3 16 -2.650 6.750 -12.473 -3.450 6.960 -12.314 -2.896 7.089 -12.424
3 16 -1.950 7.000 -12.612 -2.896 7.089 -12.424 -2.350 7.350 -12.533
3 16 -1.950 7.000 -12.612 -2.350 7.350 -12.533 -1.950 7.650 -12.612
3 16 -1.950 7.650 -12.612 -1.600 7.000 -12.682 -1.950 7.000 -12.612
3 16 -1.950 7.650 -12.612 -2.250 7.700 -12.553 -2.111 8.003 -12.580
3 16 -1.950 7.650 -12.612 -2.111 8.003 -12.580 -2.001 8.650 -12.602
3 16 -2.001 8.650 -12.602 0.000 13.910 -13.000 -1.950 7.650 -12.612
3 16 -1.600 7.000 -12.682 -1.950 7.650 -12.612 0.000 13.910 -13.000
3 16 0.000 13.910 -13.000 -1.350 6.700 -12.732 -1.600 7.000 -12.682
3 16 -1.350 6.700 -12.732 0.000 13.910 -13.000 0.000 4.000 -13.000
3 16 0.000 4.000 -13.000 -1.300 6.350 -12.742 -1.350 6.700 -12.732
3 16 0.000 4.000 -13.000 1.300 6.350 -12.742 1.650 6.050 -12.672
3 16 4.975 4.000 -12.011 4.800 4.750 -12.046 4.975 4.765 -12.011
3 16 0.500 15.650 -12.901 0.000 15.671 -13.000 0.000 17.000 -13.000
3 16 1.050 15.600 -12.791 0.500 15.650 -12.901 0.000 17.000 -13.000
3 16 0.000 17.000 -13.000 4.975 17.000 -12.011 1.050 15.600 -12.791
3 16 0.000 4.000 -13.000 1.650 6.050 -12.672 2.750 5.550 -12.453
3 16 3.950 5.000 -12.215 4.975 4.000 -12.011 0.000 4.000 -13.000
3 16 0.000 4.000 -13.000 2.750 5.550 -12.453 3.950 5.000 -12.215
3 16 4.975 4.000 -12.011 3.950 5.000 -12.215 4.800 4.750 -12.046
3 16 0.000 4.000 -13.000 0.000 13.910 -13.000 0.250 13.900 -12.950
3 16 0.250 13.900 -12.950 1.350 6.700 -12.732 0.000 4.000 -13.000
3 16 0.000 4.000 -13.000 1.350 6.700 -12.732 1.300 6.350 -12.742
3 16 0.250 13.900 -12.950 1.950 7.650 -12.612 1.600 7.000 -12.682
3 16 1.600 7.000 -12.682 1.350 6.700 -12.732 0.250 13.900 -12.950
3 16 1.950 7.000 -12.612 1.600 7.000 -12.682 1.950 7.650 -12.612
3 16 1.950 7.650 -12.612 2.350 7.350 -12.533 1.950 7.000 -12.612
3 16 2.650 6.750 -12.473 1.950 7.000 -12.612 2.350 7.350 -12.533
3 16 2.350 7.350 -12.533 2.896 7.089 -12.424 2.650 6.750 -12.473
3 16 3.450 6.960 -12.314 3.750 6.300 -12.254 2.650 6.750 -12.473
3 16 2.650 6.750 -12.473 2.896 7.089 -12.424 3.450 6.960 -12.314
3 16 4.005 7.089 -12.204 4.600 6.100 -12.085 3.750 6.300 -12.254
3 16 3.750 6.300 -12.254 3.450 6.960 -12.314 4.005 7.089 -12.204
3 16 4.450 7.300 -12.115 4.975 6.078 -12.011 4.600 6.100 -12.085
3 16 4.600 6.100 -12.085 4.005 7.089 -12.204 4.450 7.300 -12.115
3 16 4.975 6.078 -12.011 4.450 7.300 -12.115 4.800 7.600 -12.046
3 16 4.975 6.078 -12.011 4.800 7.600 -12.046 4.975 7.800 -12.011
3 16 4.975 8.002 -12.011 4.789 8.003 -12.048 4.899 8.650 -12.026
3 16 4.975 8.002 -12.011 4.899 8.650 -12.026 4.975 17.000 -12.011
3 16 4.899 8.650 -12.026 4.789 9.297 -12.048 4.975 17.000 -12.011
3 16 4.789 9.297 -12.048 4.475 9.845 -12.110 4.975 17.000 -12.011
3 16 4.975 17.000 -12.011 4.475 9.845 -12.110 4.005 10.211 -12.204
3 16 4.005 10.211 -12.204 3.150 14.850 -12.374 4.975 17.000 -12.011
3 16 0.500 14.600 -12.901 0.000 14.600 -13.000 0.000 15.278 -13.000
3 16 0.000 15.278 -13.000 0.650 15.400 -12.871 0.500 14.600 -12.901
3 16 0.650 15.400 -12.871 1.050 15.600 -12.791 1.300 14.750 -12.742
3 16 1.300 14.750 -12.742 0.500 14.600 -12.901 0.650 15.400 -12.871
3 16 1.900 14.950 -12.622 1.300 14.750 -12.742 1.050 15.600 -12.791
3 16 1.050 15.600 -12.791 4.975 17.000 -12.011 1.900 14.950 -12.622
3 16 3.150 14.850 -12.374 1.900 14.950 -12.622 4.975 17.000 -12.011
3 16 2.001 8.650 -12.602 2.111 8.003 -12.580 1.950 7.650 -12.612
3 16 1.950 7.650 -12.612 0.250 13.900 -12.950 2.001 8.650 -12.602
3 16 1.950 7.650 -12.612 2.111 8.003 -12.580 2.250 7.700 -12.553
3 16 2.001 8.650 -12.602 0.250 13.900 -12.950 2.111 9.297 -12.580
3 16 2.111 9.297 -12.580 0.250 13.900 -12.950 1.200 13.950 -12.761
3 16 1.200 13.950 -12.761 2.425 9.845 -12.518 2.111 9.297 -12.580
3 16 2.425 9.845 -12.518 1.200 13.950 -12.761 2.150 14.200 -12.573
3 16 2.150 14.200 -12.573 2.896 10.211 -12.424 2.425 9.845 -12.518
3 16 2.750 14.500 -12.453 3.450 10.340 -12.314 2.896 10.211 -12.424
3 16 2.896 10.211 -12.424 2.150 14.200 -12.573 2.750 14.500 -12.453
3 16 3.450 10.340 -12.314 2.750 14.500 -12.453 3.150 14.850 -12.374
3 16 3.150 14.850 -12.374 4.005 10.211 -12.204 3.450 10.340 -12.314
3 16 4.975 4.000 -12.011 4.975 4.765 -12.011 5.400 4.800 -11.727
3 16 6.050 16.700 -11.292 4.975 17.000 -12.011 9.192 17.000 -9.192
3 16 4.975 4.000 -12.011 5.400 4.800 -11.727 5.900 4.950 -11.393
3 16 5.900 4.950 -11.393 9.192 4.000 -9.192 4.975 4.000 -12.011
3 16 9.192 4.000 -9.192 5.900 4.950 -11.393 6.550 5.550 -10.958
3 16 9.192 4.000 -9.192 6.550 5.550 -10.958 7.000 6.350 -10.657
3 16 9.192 4.000 -9.192 7.000 6.350 -10.657 7.250 7.150 -10.490
3 16 9.192 4.000 -9.192 7.250 7.150 -10.490 8.000 10.600 -9.989
3 16 9.192 4.000 -9.192 8.000 10.600 -9.989 8.150 11.600 -9.889
3 16 6.950 16.100 -10.691 6.050 16.700 -11.292 9.192 17.000 -9.192
3 16 7.650 15.150 -10.223 6.950 16.100 -10.691 9.192 17.000 -9.192
3 16 8.000 14.150 -9.989 7.650 15.150 -10.223 9.192 17.000 -9.192
3 16 8.150 13.000 -9.889 8.000 14.150 -9.989 9.192 17.000 -9.192
3 16 9.192 17.000 -9.192 9.192 4.000 -9.192 8.150 11.600 -9.889
3 16 8.150 11.600 -9.889 8.150 13.000 -9.889 9.192 17.000 -9.192
3 16 5.450 6.050 -11.693 4.975 6.078 -12.011 4.975 7.800 -12.011
3 16 5.450 6.050 -11.693 4.975 7.800 -12.011 5.150 8.000 -11.894
3 16 5.150 8.000 -11.894 6.050 6.200 -11.292 5.450 6.050 -11.693
3 16 6.600 6.600 -10.925 6.050 6.200 -11.292 5.150 8.000 -11.894
3 16 5.150 8.000 -11.894 7.250 7.150 -10.490 6.600 6.600 -10.925
3 16 8.000 10.600 -9.989 7.250 7.150 -10.490 5.150 8.000 -11.894
3 16 5.150 8.000 -11.894 7.850 11.850 -10.089 8.000 10.600 -9.989
3 16 5.150 8.000 -11.894 7.700 13.100 -10.190 7.850 11.850 -10.089
3 16 7.550 14.150 -10.290 7.700 13.100 -10.190 5.150 8.000 -11.894
3 16 5.150 8.000 -11.894 7.200 15.050 -10.524 7.550 14.150 -10.290
3 16 6.650 15.900 -10.891 7.200 15.050 -10.524 5.150 8.000 -11.894
3 16 5.150 8.000 -11.894 6.050 16.700 -11.292 6.650 15.900 -10.891
3 16 5.150 8.000 -11.894 4.975 8.002 -12.011 4.975 17.000 -12.011
3 16 4.975 17.000 -12.011 6.050 16.700 -11.292 5.150 8.000 -11.894
3 0 -4.975 7.800 -12.011 -5.150 8.000 -11.894 -4.975 8.002 -12.011
3 0 -7.000 6.350 -10.657 -7.250 7.150 -10.490 -6.600 6.600 -10.925
3 0 -6.600 6.600 -10.925 -6.550 5.550 -10.958 -7.000 6.350 -10.657
3 0 -6.550 5.550 -10.958 -6.600 6.600 -10.925 -6.050 6.200 -11.292
3 0 -6.050 6.200 -11.292 -5.900 4.950 -11.393 -6.550 5.550 -10.958
3 0 -5.900 4.950 -11.393 -6.050 6.200 -11.292 -5.450 6.050 -11.693
3 0 -5.450 6.050 -11.693 -5.400 4.800 -11.727 -5.900 4.950 -11.393
3 128 -8.000 10.600 -9.989 -8.150 11.600 -9.889 -7.850 11.850 -10.089
3 128 -8.150 13.000 -9.889 -7.700 13.100 -10.190 -7.850 11.850 -10.089
3 128 -7.850 11.850 -10.089 -8.150 11.600 -9.889 -8.150 13.000 -9.889
3 128 -7.700 13.100 -10.190 -8.150 13.000 -9.889 -8.000 14.150 -9.989
3 128 -8.000 14.150 -9.989 -7.550 14.150 -10.290 -7.700 13.100 -10.190
3 128 -7.650 15.150 -10.223 -7.200 15.050 -10.524 -7.550 14.150 -10.290
3 128 -7.550 14.150 -10.290 -8.000 14.150 -9.989 -7.650 15.150 -10.223
3 128 -7.200 15.050 -10.524 -7.650 15.150 -10.223 -6.950 16.100 -10.691
3 128 -6.950 16.100 -10.691 -6.650 15.900 -10.891 -7.200 15.050 -10.524
3 128 -6.650 15.900 -10.891 -6.950 16.100 -10.691 -6.050 16.700 -11.292
3 0 -4.975 6.078 -12.011 -4.975 4.765 -12.011 -5.400 4.800 -11.727
3 0 -5.400 4.800 -11.727 -5.450 6.050 -11.693 -4.975 6.078 -12.011
3 15 -4.079 7.881 -12.189 -4.123 8.100 -12.180 -4.079 8.319 -12.189
3 15 -4.079 8.319 -12.189 -3.955 8.505 -12.214 -4.079 7.881 -12.189
3 15 -3.955 7.695 -12.214 -4.079 7.881 -12.189 -3.955 8.505 -12.214
3 15 -3.955 8.505 -12.214 -3.769 7.571 -12.251 -3.955 7.695 -12.214
3 15 -3.769 7.571 -12.251 -3.955 8.505 -12.214 -3.769 8.629 -12.251
3 15 -3.550 8.673 -12.294 -3.550 7.527 -12.294 -3.769 7.571 -12.251
3 15 -3.769 7.571 -12.251 -3.769 8.629 -12.251 -3.550 8.673 -12.294
3 15 -3.550 8.673 -12.294 -3.331 8.629 -12.338 -3.331 7.571 -12.338
3 15 -3.331 7.571 -12.338 -3.550 7.527 -12.294 -3.550 8.673 -12.294
3 15 -3.331 7.571 -12.338 -3.331 8.629 -12.338 -3.145 8.505 -12.375
3 15 -3.145 8.505 -12.375 -3.145 7.695 -12.375 -3.331 7.571 -12.338
3 15 -3.021 7.881 -12.399 -3.145 7.695 -12.375 -3.145 8.505 -12.375
3 15 -3.145 8.505 -12.375 -3.021 8.319 -12.399 -3.021 7.881 -12.399
3 15 -3.021 7.881 -12.399 -3.021 8.319 -12.399 -2.977 8.100 -12.408
3 0 -4.899 8.650 -12.026 -4.079 8.319 -12.189 -4.123 8.100 -12.180
3 0 -4.123 8.100 -12.180 -4.789 8.003 -12.048 -4.899 8.650 -12.026
3 0 -4.789 9.297 -12.048 -3.955 8.505 -12.214 -4.079 8.319 -12.189
3 0 -4.079 8.319 -12.189 -4.899 8.650 -12.026 -4.789 9.297 -12.048
3 0 -4.475 9.845 -12.110 -3.769 8.629 -12.251 -3.955 8.505 -12.214
3 0 -3.955 8.505 -12.214 -4.789 9.297 -12.048 -4.475 9.845 -12.110
3 0 -3.769 8.629 -12.251 -4.475 9.845 -12.110 -4.005 10.211 -12.204
3 0 -4.005 10.211 -12.204 -3.550 8.673 -12.294 -3.769 8.629 -12.251
3 0 -3.450 10.340 -12.314 -3.331 8.629 -12.338 -3.550 8.673 -12.294
3 0 -3.550 8.673 -12.294 -4.005 10.211 -12.204 -3.450 10.340 -12.314
3 0 -2.896 10.211 -12.424 -2.425 9.845 -12.518 -3.331 8.629 -12.338
3 0 -3.331 8.629 -12.338 -3.450 10.340 -12.314 -2.896 10.211 -12.424
3 0 -2.425 9.845 -12.518 -2.111 9.297 -12.580 -3.145 8.505 -12.375
3 0 -3.145 8.505 -12.375 -3.331 8.629 -12.338 -2.425 9.845 -12.518
3 0 -2.001 8.650 -12.602 -3.021 8.319 -12.399 -3.145 8.505 -12.375
3 0 -3.145 8.505 -12.375 -2.111 9.297 -12.580 -2.001 8.650 -12.602
3 0 -2.111 8.003 -12.580 -2.977 8.100 -12.408 -3.021 8.319 -12.399
3 0 -3.021 8.319 -12.399 -2.001 8.650 -12.602 -2.111 8.003 -12.580
3 0 -2.977 8.100 -12.408 -2.111 8.003 -12.580 -2.250 7.700 -12.553
3 0 -2.250 7.700 -12.553 -3.021 7.881 -12.399 -2.977 8.100 -12.408
3 0 -4.079 7.881 -12.189 -4.800 7.600 -12.046 -4.789 8.003 -12.048
3 0 -4.789 8.003 -12.048 -4.123 8.100 -12.180 -4.079 7.881 -12.189
3 0 -4.789 8.003 -12.048 -4.800 7.600 -12.046 -4.975 7.800 -12.011
3 0 -4.975 7.800 -12.011 -4.975 8.002 -12.011 -4.789 8.003 -12.048
3 0 -4.800 7.600 -12.046 -4.079 7.881 -12.189 -3.955 7.695 -12.214
3 0 -3.955 7.695 -12.214 -4.450 7.300 -12.115 -4.800 7.600 -12.046
3 0 -4.005 7.089 -12.204 -4.450 7.300 -12.115 -3.955 7.695 -12.214
3 0 -3.955 7.695 -12.214 -3.769 7.571 -12.251 -4.005 7.089 -12.204
3 0 -3.769 7.571 -12.251 -3.550 7.527 -12.294 -3.450 6.960 -12.314
3 0 -3.450 6.960 -12.314 -4.005 7.089 -12.204 -3.769 7.571 -12.251
3 0 -3.550 7.527 -12.294 -3.331 7.571 -12.338 -2.896 7.089 -12.424
3 0 -2.896 7.089 -12.424 -3.450 6.960 -12.314 -3.550 7.527 -12.294
3 0 -3.145 7.695 -12.375 -2.350 7.350 -12.533 -2.896 7.089 -12.424
3 0 -2.896 7.089 -12.424 -3.331 7.571 -12.338 -3.145 7.695 -12.375
3 0 -2.350 7.350 -12.533 -3.145 7.695 -12.375 -3.021 7.881 -12.399
3 0 -3.021 7.881 -12.399 -2.250 7.700 -12.553 -2.350 7.350 -12.533
3 0 -2.350 7.350 -12.533 -2.250 7.700 -12.553 -1.950 7.650 -12.612
3 0 -3.950 5.000 -12.215 -4.800 4.750 -12.046 -4.600 6.100 -12.085
3 0 -4.600 6.100 -12.085 -3.750 6.300 -12.254 -3.950 5.000 -12.215
3 0 -3.750 6.300 -12.254 -2.650 6.750 -12.473 -2.750 5.550 -12.453
3 0 -2.750 5.550 -12.453 -3.950 5.000 -12.215 -3.750 6.300 -12.254
3 0 -2.750 5.550 -12.453 -2.650 6.750 -12.473 -1.650 6.050 -12.672
3 0 -1.950 7.000 -12.612 -1.600 7.000 -12.682 -1.650 6.050 -12.672
3 0 -1.650 6.050 -12.672 -2.650 6.750 -12.473 -1.950 7.000 -12.612
3 0 -1.300 6.350 -12.742 -1.650 6.050 -12.672 -1.600 7.000 -12.682
3 0 -1.600 7.000 -12.682 -1.350 6.700 -12.732 -1.300 6.350 -12.742
3 128 -0.700 15.700 -12.861 -0.150 15.250 -12.970 -1.000 15.300 -12.801
3 128 -1.000 15.300 -12.801 -1.700 15.650 -12.662 -0.700 15.700 -12.861
3 128 -0.150 15.250 -12.970 -0.700 15.700 -12.861 0.000 15.671 -13.000
3 128 0.000 15.671 -13.000 0.000 15.278 -13.000 -0.150 15.250 -12.970
3 0 -1.950 14.600 -12.612 -1.000 13.950 -12.801 -2.500 14.250 -12.503
3 0 -2.500 14.250 -12.503 -3.600 14.750 -12.284 -1.950 14.600 -12.612
3 0 -4.600 6.100 -12.085 -4.800 4.750 -12.046 -4.975 4.765 -12.011
3 0 -4.975 4.765 -12.011 -4.975 6.078 -12.011 -4.600 6.100 -12.085
3 0 -0.500 14.600 -12.901 0.000 13.910 -13.000 -1.000 13.950 -12.801
3 0 -1.000 13.950 -12.801 -1.950 14.600 -12.612 -0.500 14.600 -12.901
3 0 0.000 13.910 -13.000 -0.500 14.600 -12.901 0.000 14.600 -13.000
3 15 4.079 7.881 -12.189 3.955 8.505 -12.214 4.079 8.319 -12.189
3 15 4.079 8.319 -12.189 4.123 8.100 -12.180 4.079 7.881 -12.189
3 15 3.955 7.695 -12.214 3.769 7.571 -12.251 3.955 8.505 -12.214
3 15 3.955 8.505 -12.214 4.079 7.881 -12.189 3.955 7.695 -12.214
3 15 3.769 7.571 -12.251 3.550 8.673 -12.294 3.769 8.629 -12.251
3 15 3.769 8.629 -12.251 3.955 8.505 -12.214 3.769 7.571 -12.251
3 15 3.550 8.673 -12.294 3.769 7.571 -12.251 3.550 7.527 -12.294
3 15 3.550 7.527 -12.294 3.331 7.571 -12.338 3.550 8.673 -12.294
3 15 3.331 8.629 -12.338 3.550 8.673 -12.294 3.331 7.571 -12.338
3 15 3.331 7.571 -12.338 3.145 8.505 -12.375 3.331 8.629 -12.338
3 15 3.145 7.695 -12.375 3.021 7.881 -12.399 3.145 8.505 -12.375
3 15 3.145 8.505 -12.375 3.331 7.571 -12.338 3.145 7.695 -12.375
3 15 3.021 8.319 -12.399 3.145 8.505 -12.375 3.021 7.881 -12.399
3 15 3.021 7.881 -12.399 2.977 8.100 -12.408 3.021 8.319 -12.399
3 0 4.123 8.100 -12.180 4.079 8.319 -12.189 4.899 8.650 -12.026
3 0 4.899 8.650 -12.026 4.789 8.003 -12.048 4.123 8.100 -12.180
3 0 4.079 8.319 -12.189 3.955 8.505 -12.214 4.789 9.297 -12.048
3 0 4.789 9.297 -12.048 4.899 8.650 -12.026 4.079 8.319 -12.189
3 0 4.475 9.845 -12.110 4.789 9.297 -12.048 3.955 8.505 -12.214
3 0 3.955 8.505 -12.214 3.769 8.629 -12.251 4.475 9.845 -12.110
3 0 4.005 10.211 -12.204 4.475 9.845 -12.110 3.769 8.629 -12.251
3 0 3.769 8.629 -12.251 3.550 8.673 -12.294 4.005 10.211 -12.204
3 0 3.550 8.673 -12.294 3.450 10.340 -12.314 4.005 10.211 -12.204
3 0 3.331 8.629 -12.338 2.896 10.211 -12.424 3.450 10.340 -12.314
3 0 3.450 10.340 -12.314 3.550 8.673 -12.294 3.331 8.629 -12.338
3 0 3.331 8.629 -12.338 3.145 8.505 -12.375 2.425 9.845 -12.518
3 0 2.425 9.845 -12.518 2.896 10.211 -12.424 3.331 8.629 -12.338
3 0 2.111 9.297 -12.580 2.425 9.845 -12.518 3.145 8.505 -12.375
3 0 3.145 8.505 -12.375 2.001 8.650 -12.602 2.111 9.297 -12.580
3 0 2.001 8.650 -12.602 3.145 8.505 -12.375 3.021 8.319 -12.399
3 0 3.021 8.319 -12.399 2.111 8.003 -12.580 2.001 8.650 -12.602
3 0 2.111 8.003 -12.580 3.021 8.319 -12.399 2.977 8.100 -12.408
3 0 2.977 8.100 -12.408 3.021 7.881 -12.399 2.250 7.700 -12.553
3 0 2.250 7.700 -12.553 2.111 8.003 -12.580 2.977 8.100 -12.408
3 0 4.079 7.881 -12.189 4.123 8.100 -12.180 4.789 8.003 -12.048
3 0 4.789 8.003 -12.048 4.800 7.600 -12.046 4.079 7.881 -12.189
3 0 4.800 7.600 -12.046 4.789 8.003 -12.048 4.975 8.002 -12.011
3 0 4.975 8.002 -12.011 4.975 7.800 -12.011 4.800 7.600 -12.046
3 0 4.800 7.600 -12.046 4.450 7.300 -12.115 3.955 7.695 -12.214
3 0 3.955 7.695 -12.214 4.079 7.881 -12.189 4.800 7.600 -12.046
3 0 3.955 7.695 -12.214 4.450 7.300 -12.115 4.005 7.089 -12.204
3 0 4.005 7.089 -12.204 3.769 7.571 -12.251 3.955 7.695 -12.214
3 0 3.769 7.571 -12.251 4.005 7.089 -12.204 3.450 6.960 -12.314
3 0 3.450 6.960 -12.314 3.550 7.527 -12.294 3.769 7.571 -12.251
3 0 3.550 7.527 -12.294 3.450 6.960 -12.314 2.896 7.089 -12.424
3 0 2.896 7.089 -12.424 3.331 7.571 -12.338 3.550 7.527 -12.294
3 0 3.145 7.695 -12.375 3.331 7.571 -12.338 2.896 7.089 -12.424
3 0 2.896 7.089 -12.424 2.350 7.350 -12.533 3.145 7.695 -12.375
3 0 2.350 7.350 -12.533 2.250 7.700 -12.553 3.021 7.881 -12.399
3 0 3.021 7.881 -12.399 3.145 7.695 -12.375 2.350 7.350 -12.533
3 0 2.350 7.350 -12.533 1.950 7.650 -12.612 2.250 7.700 -12.553
3 0 4.800 4.750 -12.046 3.950 5.000 -12.215 4.600 6.100 -12.085
3 0 4.600 6.100 -12.085 4.975 6.078 -12.011 4.800 4.750 -12.046
3 0 3.950 5.000 -12.215 2.750 5.550 -12.453 3.750 6.300 -12.254
3 0 3.750 6.300 -12.254 4.600 6.100 -12.085 3.950 5.000 -12.215
3 0 2.650 6.750 -12.473 3.750 6.300 -12.254 2.750 5.550 -12.453
3 0 2.750 5.550 -12.453 1.650 6.050 -12.672 2.650 6.750 -12.473
3 0 1.950 7.000 -12.612 2.650 6.750 -12.473 1.650 6.050 -12.672
3 0 1.650 6.050 -12.672 1.600 7.000 -12.682 1.950 7.000 -12.612
3 0 1.600 7.000 -12.682 1.650 6.050 -12.672 1.300 6.350 -12.742
3 0 1.300 6.350 -12.742 1.350 6.700 -12.732 1.600 7.000 -12.682
3 128 0.650 15.400 -12.871 0.500 15.650 -12.901 1.050 15.600 -12.791
3 0 0.500 14.600 -12.901 1.300 14.750 -12.742 1.200 13.950 -12.761
3 0 1.200 13.950 -12.761 0.250 13.900 -12.950 0.500 14.600 -12.901
3 0 2.150 14.200 -12.573 1.200 13.950 -12.761 1.300 14.750 -12.742
3 0 1.300 14.750 -12.742 1.900 14.950 -12.622 2.150 14.200 -12.573
3 0 1.900 14.950 -12.622 3.150 14.850 -12.374 2.750 14.500 -12.453
3 0 2.750 14.500 -12.453 2.150 14.200 -12.573 1.900 14.950 -12.622
3 0 4.800 4.750 -12.046 4.975 6.078 -12.011 4.975 4.765 -12.011
3 0 0.500 14.600 -12.901 0.250 13.900 -12.950 0.000 13.910 -13.000
3 0 0.000 13.910 -13.000 0.000 14.600 -13.000 0.500 14.600 -12.901
3 128 0.000 15.278 -13.000 0.000 15.671 -13.000 0.500 15.650 -12.901
3 128 0.500 15.650 -12.901 0.650 15.400 -12.871 0.000 15.278 -13.000
3 0 4.975 7.800 -12.011 4.975 8.002 -12.011 5.150 8.000 -11.894
3 0 7.000 6.350 -10.657 6.550 5.550 -10.958 6.600 6.600 -10.925
3 0 6.600 6.600 -10.925 7.250 7.150 -10.490 7.000 6.350 -10.657
3 0 6.050 6.200 -11.292 6.600 6.600 -10.925 6.550 5.550 -10.958
3 0 6.550 5.550 -10.958 5.900 4.950 -11.393 6.050 6.200 -11.292
3 0 5.900 4.950 -11.393 5.400 4.800 -11.727 5.450 6.050 -11.693
3 0 5.450 6.050 -11.693 6.050 6.200 -11.292 5.900 4.950 -11.393
3 128 7.850 11.850 -10.089 8.150 13.000 -9.889 8.150 11.600 -9.889
3 128 8.150 11.600 -9.889 8.000 10.600 -9.989 7.850 11.850 -10.089
3 128 7.850 11.850 -10.089 7.700 13.100 -10.190 8.150 13.000 -9.889
3 128 8.000 14.150 -9.989 8.150 13.000 -9.889 7.700 13.100 -10.190
3 128 7.700 13.100 -10.190 7.550 14.150 -10.290 8.000 14.150 -9.989
3 128 7.550 14.150 -10.290 7.200 15.050 -10.524 7.650 15.150 -10.223
3 128 7.650 15.150 -10.223 8.000 14.150 -9.989 7.550 14.150 -10.290
3 128 7.200 15.050 -10.524 6.650 15.900 -10.891 6.950 16.100 -10.691
3 128 6.950 16.100 -10.691 7.650 15.150 -10.223 7.200 15.050 -10.524
3 128 6.650 15.900 -10.891 6.050 16.700 -11.292 6.950 16.100 -10.691
3 0 4.975 4.765 -12.011 4.975 6.078 -12.011 5.450 6.050 -11.693
3 0 5.450 6.050 -11.693 5.400 4.800 -11.727 4.975 4.765 -12.011
1 16 0.0000 0.0000 0.0000 1.0000 0.0000 0.0000 0.0000 1.0000 0.0000 0.0000 0.0000 1.0000 s/3626cs01.dat
1 16 0.0000 4.0000 0.0000 13.0000 0.0000 0.0000 0.0000 13.0000 0.0000 0.0000 0.0000 -13.0000 1-8cyli.dat
1 16 0.0000 4.0000 0.0000 -13.0000 0.0000 0.0000 0.0000 13.0000 0.0000 0.0000 0.0000 -13.0000 1-8cyli.dat
1 16 0.0000 4.0000 0.0000 0.0000 0.0000 -8.0000 0.0000 -6.4000 0.0000 -8.0000 0.0000 0.0000 t04o6250.dat
1 16 0.0000 4.0000 0.0000 8.0000 0.0000 0.0000 0.0000 -6.4000 0.0000 0.0000 0.0000 -8.0000 t04o6250.dat
1 16 0.0000 17.0000 0.0000 0.0000 0.0000 8.0000 0.0000 6.4000 0.0000 -8.0000 0.0000 0.0000 t04o6250.dat
1 16 0.0000 17.0000 0.0000 -8.0000 0.0000 0.0000 0.0000 6.4000 0.0000 0.0000 0.0000 -8.0000 t04o6250.dat
