0 FILE 3626cp0o.dat
0 Minifigure, Head Dual Sided Bushy Orange Eyebrows, Cheek Lines, Frown / Angry with Bared Teeth Pattern (Aquaman) - Blocked Open Stud
0 Name:  3626cp0o.dat
0 Author:  
0 BL_Item_No 3626bpb0873
0 BFC CERTIFY CCW
3 16 4.975 8.189 12.011 4.975 17.000 12.011 4.835 9.800 12.039
3 16 4.835 9.800 12.039 4.975 17.000 12.011 4.726 10.442 12.060
3 16 4.726 10.442 12.060 4.975 17.000 12.011 4.075 14.625 12.190
3 16 4.075 14.625 12.190 4.415 10.987 12.122 4.726 10.442 12.060
3 16 4.075 14.625 12.190 3.900 14.200 12.225 3.949 11.350 12.215
3 16 3.949 11.350 12.215 4.415 10.987 12.122 4.075 14.625 12.190
3 16 3.900 14.200 12.225 3.600 13.825 12.284 3.400 11.478 12.324
3 16 3.400 11.478 12.324 3.949 11.350 12.215 3.900 14.200 12.225
3 16 3.400 11.478 12.324 3.600 13.825 12.284 3.250 13.550 12.354
3 16 3.250 13.550 12.354 2.900 13.400 12.423 2.851 11.350 12.433
3 16 2.851 11.350 12.433 3.400 11.478 12.324 3.250 13.550 12.354
3 16 2.900 13.400 12.423 2.500 13.350 12.503 2.385 10.987 12.526
3 16 2.385 10.987 12.526 2.851 11.350 12.433 2.900 13.400 12.423
3 16 4.175 15.200 12.170 4.975 17.000 12.011 4.150 16.125 12.175
3 16 4.075 14.625 12.190 4.975 17.000 12.011 4.175 15.200 12.170
3 16 4.150 16.125 12.175 4.975 17.000 12.011 4.000 16.650 12.205
3 16 3.600 17.000 12.284 4.000 16.650 12.205 4.975 17.000 12.011
3 16 0.000 16.931 13.000 0.675 16.950 12.866 1.292 17.000 12.743
3 16 1.292 17.000 12.743 0.000 17.000 13.000 0.000 16.931 13.000
3 16 2.500 13.350 12.503 0.000 13.316 13.000 2.074 10.442 12.588
3 16 2.074 10.442 12.588 2.385 10.987 12.526 2.500 13.350 12.503
3 16 1.200 9.300 12.761 2.074 10.442 12.588 0.000 13.316 13.000
3 16 1.200 9.300 12.761 0.000 13.316 13.000 0.800 8.250 12.841
3 16 0.800 8.250 12.841 0.950 8.550 12.811 1.200 9.300 12.761
3 16 0.000 4.000 13.000 0.800 8.250 12.841 0.000 13.316 13.000
3 16 -4.500 15.900 12.105 -4.500 16.575 12.105 -4.975 17.000 12.011
3 16 -4.500 15.900 12.105 -4.975 17.000 12.011 -4.726 10.442 12.060
3 16 -4.726 10.442 12.060 -4.425 15.050 12.120 -4.500 15.900 12.105
3 16 -4.975 8.189 12.011 -4.835 9.800 12.039 -4.975 17.000 12.011
3 16 -4.835 9.800 12.039 -4.726 10.442 12.060 -4.975 17.000 12.011
3 16 -2.500 13.200 12.503 -3.050 13.200 12.394 -3.400 11.478 12.324
3 16 -3.400 11.478 12.324 -2.851 11.350 12.433 -2.500 13.200 12.503
3 16 -3.050 13.200 12.394 -3.450 13.350 12.314 -3.949 11.350 12.215
3 16 -3.949 11.350 12.215 -3.400 11.478 12.324 -3.050 13.200 12.394
3 16 -3.450 13.350 12.314 -3.775 13.575 12.249 -4.415 10.987 12.122
3 16 -4.415 10.987 12.122 -3.949 11.350 12.215 -3.450 13.350 12.314
3 16 -4.415 10.987 12.122 -3.775 13.575 12.249 -4.125 13.900 12.180
3 16 -4.125 13.900 12.180 -4.350 14.475 12.135 -4.726 10.442 12.060
3 16 -4.726 10.442 12.060 -4.415 10.987 12.122 -4.125 13.900 12.180
3 16 -4.726 10.442 12.060 -4.350 14.475 12.135 -4.425 15.050 12.120
3 16 -2.851 11.350 12.433 -2.385 10.987 12.526 -1.200 13.300 12.761
3 16 -1.200 13.300 12.761 -2.500 13.200 12.503 -2.851 11.350 12.433
3 16 -0.800 8.250 12.841 0.000 4.000 13.000 0.000 13.316 13.000
3 16 -0.800 8.250 12.841 0.000 13.316 13.000 -1.200 9.300 12.761
3 16 -1.200 9.300 12.761 -0.950 8.550 12.811 -0.800 8.250 12.841
3 16 0.000 13.316 13.000 -1.200 13.300 12.761 -2.074 10.442 12.588
3 16 -2.074 10.442 12.588 -1.200 9.300 12.761 0.000 13.316 13.000
3 16 -2.074 10.442 12.588 -1.200 13.300 12.761 -2.385 10.987 12.526
3 16 0.000 16.931 13.000 0.000 17.000 13.000 -0.840 17.000 12.833
3 16 -0.840 17.000 12.833 -0.225 16.925 12.955 0.000 16.931 13.000
3 16 -4.500 16.575 12.105 -4.377 17.000 12.130 -4.975 17.000 12.011
3 16 4.830 18.531 11.659 3.600 17.000 12.284 4.975 17.000 12.011
3 16 3.600 17.000 12.284 4.830 18.531 11.659 0.000 18.531 12.619
3 16 0.000 18.531 12.619 3.175 17.100 12.344 3.600 17.000 12.284
3 16 2.625 17.100 12.453 3.175 17.100 12.344 0.000 18.531 12.619
3 16 1.600 17.025 12.676 2.625 17.100 12.453 0.000 18.531 12.619
3 16 1.600 17.025 12.676 0.000 18.531 12.619 0.000 17.000 13.000
3 16 0.000 17.000 13.000 1.292 17.000 12.743 1.600 17.025 12.676
3 16 -1.250 17.050 12.739 0.000 18.531 12.619 -3.050 17.450 12.282
3 16 -3.050 17.450 12.282 -2.350 17.275 12.464 -1.250 17.050 12.739
3 16 -3.050 17.450 12.282 0.000 18.531 12.619 -4.830 18.531 11.659
3 16 -4.830 18.531 11.659 -3.425 17.475 12.201 -3.050 17.450 12.282
3 16 -3.800 17.425 12.139 -3.425 17.475 12.201 -4.830 18.531 11.659
3 16 -3.800 17.425 12.139 -4.830 18.531 11.659 -4.975 17.000 12.011
3 16 -4.975 17.000 12.011 -4.125 17.275 12.111 -3.800 17.425 12.139
3 16 -4.975 17.000 12.011 -4.377 17.000 12.130 -4.125 17.275 12.111
3 16 0.000 17.000 13.000 0.000 18.531 12.619 -1.250 17.050 12.739
3 16 -1.250 17.050 12.739 -0.840 17.000 12.833 0.000 17.000 13.000
3 0 3.900 14.200 12.225 3.350 14.550 12.334 3.150 14.300 12.374
3 0 3.150 14.300 12.374 3.600 13.825 12.284 3.900 14.200 12.225
3 0 3.600 13.825 12.284 3.150 14.300 12.374 2.900 14.100 12.423
3 0 2.900 14.100 12.423 3.250 13.550 12.354 3.600 13.825 12.284
3 0 3.250 13.550 12.354 2.900 14.100 12.423 2.600 14.000 12.483
3 0 2.600 14.000 12.483 2.900 13.400 12.423 3.250 13.550 12.354
3 0 2.900 13.400 12.423 2.600 14.000 12.483 0.000 14.000 13.000
3 0 0.000 14.000 13.000 2.500 13.350 12.503 2.900 13.400 12.423
3 0 0.000 13.316 13.000 2.500 13.350 12.503 0.000 14.000 13.000
3 0 3.900 14.200 12.225 4.075 14.625 12.190 3.425 14.825 12.319
3 0 3.425 14.825 12.319 3.350 14.550 12.334 3.900 14.200 12.225
3 0 4.075 14.625 12.190 4.175 15.200 12.170 3.350 15.050 12.334
3 0 3.350 15.050 12.334 3.425 14.825 12.319 4.075 14.625 12.190
3 0 4.175 15.200 12.170 3.475 15.575 12.309 3.275 15.500 12.349
3 0 3.275 15.500 12.349 3.350 15.050 12.334 4.175 15.200 12.170
3 0 3.350 15.050 12.334 3.275 15.500 12.349 2.925 15.450 12.418
3 0 2.925 15.450 12.418 3.150 15.150 12.374 3.350 15.050 12.334
3 0 3.150 15.150 12.374 2.925 15.450 12.418 2.600 15.350 12.483
3 0 3.475 15.575 12.309 4.175 15.200 12.170 4.150 16.125 12.175
3 0 4.150 16.125 12.175 3.575 15.700 12.289 3.475 15.575 12.309
3 0 3.575 15.700 12.289 4.150 16.125 12.175 4.000 16.650 12.205
3 0 4.000 16.650 12.205 3.575 16.075 12.289 3.575 15.700 12.289
3 0 3.575 16.075 12.289 4.000 16.650 12.205 3.600 17.000 12.284
3 0 3.600 17.000 12.284 3.450 16.350 12.314 3.575 16.075 12.289
3 0 3.450 16.350 12.314 3.600 17.000 12.284 3.225 16.500 12.359
3 0 2.225 16.550 12.558 1.292 17.000 12.743 0.675 16.950 12.866
3 0 0.675 16.950 12.866 1.425 16.475 12.717 2.225 16.550 12.558
3 0 0.675 16.950 12.866 0.000 16.931 13.000 0.325 16.400 12.935
3 0 0.325 16.400 12.935 1.425 16.475 12.717 0.675 16.950 12.866
3 0 2.875 16.575 12.428 3.600 17.000 12.284 1.292 17.000 12.743
3 0 3.225 16.500 12.359 3.600 17.000 12.284 2.875 16.575 12.428
3 0 2.225 16.550 12.558 2.875 16.575 12.428 1.292 17.000 12.743
3 0 0.000 16.400 13.000 0.325 16.400 12.935 0.000 16.931 13.000
3 0 0.000 13.316 13.000 0.000 14.000 13.000 -1.650 13.950 12.672
3 0 -1.650 13.950 12.672 -1.200 13.300 12.761 0.000 13.316 13.000
3 0 -1.200 13.300 12.761 -1.650 13.950 12.672 -2.800 13.900 12.443
3 0 -2.800 13.900 12.443 -2.500 13.200 12.503 -1.200 13.300 12.761
3 0 -2.500 13.200 12.503 -2.800 13.900 12.443 -3.450 13.350 12.314
3 0 -3.450 13.350 12.314 -3.050 13.200 12.394 -2.500 13.200 12.503
3 0 -2.800 13.900 12.443 -3.225 13.950 12.359 -3.775 13.575 12.249
3 0 -3.775 13.575 12.249 -3.450 13.350 12.314 -2.800 13.900 12.443
3 0 -3.225 13.950 12.359 -3.525 14.175 12.299 -4.125 13.900 12.180
3 0 -4.125 13.900 12.180 -3.775 13.575 12.249 -3.225 13.950 12.359
3 0 -3.525 14.175 12.299 -3.725 14.450 12.259 -4.350 14.475 12.135
3 0 -4.350 14.475 12.135 -4.125 13.900 12.180 -3.525 14.175 12.299
3 0 -3.725 14.450 12.259 -3.775 14.725 12.249 -4.425 15.050 12.120
3 0 -4.425 15.050 12.120 -4.350 14.475 12.135 -3.725 14.450 12.259
3 0 -3.775 14.725 12.249 -3.750 15.125 12.254 -3.925 15.700 12.220
3 0 -3.925 15.700 12.220 -4.425 15.050 12.120 -3.775 14.725 12.249
3 0 -4.425 15.050 12.120 -3.925 15.700 12.220 -3.950 16.200 12.215
3 0 -3.950 16.200 12.215 -4.500 15.900 12.105 -4.425 15.050 12.120
3 0 -4.500 15.900 12.105 -3.950 16.200 12.215 -3.875 16.475 12.230
3 0 -3.875 16.475 12.230 -4.500 16.575 12.105 -4.500 15.900 12.105
3 0 -0.550 16.400 12.891 0.000 16.400 13.000 -0.225 16.925 12.955
3 0 -0.225 16.925 12.955 -1.350 16.500 12.732 -0.550 16.400 12.891
3 0 -2.975 15.550 12.408 -3.425 15.600 12.319 -3.550 15.200 12.294
3 0 -3.550 15.200 12.294 -3.250 15.325 12.354 -2.975 15.550 12.408
3 0 -3.425 15.600 12.319 -3.925 15.700 12.220 -3.750 15.125 12.254
3 0 -3.750 15.125 12.254 -3.550 15.200 12.294 -3.425 15.600 12.319
3 0 -0.225 16.925 12.955 0.000 16.400 13.000 0.000 16.931 13.000
3 0 -3.675 16.725 12.269 -4.377 17.000 12.130 -4.500 16.575 12.105
3 0 -4.500 16.575 12.105 -3.875 16.475 12.230 -3.675 16.725 12.269
3 0 -3.675 16.725 12.269 -3.375 16.825 12.329 -4.377 17.000 12.130
3 0 -3.375 16.825 12.329 -0.840 17.000 12.833 -4.377 17.000 12.130
3 0 -0.225 16.925 12.955 -0.840 17.000 12.833 -2.250 16.675 12.553
3 0 -2.250 16.675 12.553 -1.350 16.500 12.732 -0.225 16.925 12.955
3 0 -2.250 16.675 12.553 -0.840 17.000 12.833 -2.950 16.800 12.413
3 0 -2.950 16.800 12.413 -0.840 17.000 12.833 -3.375 16.825 12.329
3 0 3.175 17.100 12.344 2.625 17.100 12.453 1.600 17.025 12.676
3 0 1.600 17.025 12.676 3.600 17.000 12.284 3.175 17.100 12.344
3 0 3.600 17.000 12.284 1.600 17.025 12.676 1.292 17.000 12.743
3 0 -3.050 17.450 12.282 -3.425 17.475 12.201 -3.800 17.425 12.139
3 0 -3.800 17.425 12.139 -2.350 17.275 12.464 -3.050 17.450 12.282
3 0 -3.800 17.425 12.139 -4.125 17.275 12.111 -4.377 17.000 12.130
3 0 -4.377 17.000 12.130 -2.350 17.275 12.464 -3.800 17.425 12.139
3 0 -4.377 17.000 12.130 -1.250 17.050 12.739 -2.350 17.275 12.464
3 0 -0.840 17.000 12.833 -1.250 17.050 12.739 -4.377 17.000 12.130
3 15 2.600 15.350 12.483 2.925 15.450 12.418 3.225 16.500 12.359
3 15 3.225 16.500 12.359 2.875 16.575 12.428 2.600 15.350 12.483
3 15 2.925 15.450 12.418 3.275 15.500 12.349 3.450 16.350 12.314
3 15 3.450 16.350 12.314 3.225 16.500 12.359 2.925 15.450 12.418
3 15 3.450 16.350 12.314 3.275 15.500 12.349 3.475 15.575 12.309
3 15 3.475 15.575 12.309 3.575 16.075 12.289 3.450 16.350 12.314
3 15 3.475 15.575 12.309 3.575 15.700 12.289 3.575 16.075 12.289
3 15 3.425 14.825 12.319 3.350 15.050 12.334 3.150 15.150 12.374
3 15 3.150 15.150 12.374 3.350 14.550 12.334 3.425 14.825 12.319
3 15 3.350 14.550 12.334 3.150 15.150 12.374 2.600 15.350 12.483
3 15 2.600 15.350 12.483 3.150 14.300 12.374 3.350 14.550 12.334
3 15 3.150 14.300 12.374 2.600 15.350 12.483 2.600 14.000 12.483
3 15 2.600 14.000 12.483 2.900 14.100 12.423 3.150 14.300 12.374
3 15 2.600 14.000 12.483 2.600 15.350 12.483 2.225 16.550 12.558
3 15 2.225 16.550 12.558 1.425 16.475 12.717 2.600 14.000 12.483
3 15 2.600 15.350 12.483 2.875 16.575 12.428 2.225 16.550 12.558
3 15 1.425 16.475 12.717 0.325 16.400 12.935 0.000 14.000 13.000
3 15 0.000 14.000 13.000 2.600 14.000 12.483 1.425 16.475 12.717
3 15 0.000 14.000 13.000 0.325 16.400 12.935 0.000 16.400 13.000
3 15 -1.650 13.950 12.672 0.000 14.000 13.000 0.000 16.400 13.000
3 15 0.000 16.400 13.000 -0.550 16.400 12.891 -1.650 13.950 12.672
3 15 -0.550 16.400 12.891 -1.350 16.500 12.732 -2.975 15.550 12.408
3 15 -2.975 15.550 12.408 -1.650 13.950 12.672 -0.550 16.400 12.891
3 15 -1.350 16.500 12.732 -2.250 16.675 12.553 -2.950 16.800 12.413
3 15 -2.950 16.800 12.413 -2.975 15.550 12.408 -1.350 16.500 12.732
3 15 -2.975 15.550 12.408 -2.950 16.800 12.413 -3.375 16.825 12.329
3 15 -3.375 16.825 12.329 -3.425 15.600 12.319 -2.975 15.550 12.408
3 15 -3.375 16.825 12.329 -3.675 16.725 12.269 -3.875 16.475 12.230
3 15 -3.875 16.475 12.230 -3.425 15.600 12.319 -3.375 16.825 12.329
3 15 -3.875 16.475 12.230 -3.950 16.200 12.215 -3.925 15.700 12.220
3 15 -3.925 15.700 12.220 -3.425 15.600 12.319 -3.875 16.475 12.230
3 15 -1.650 13.950 12.672 -2.975 15.550 12.408 -3.225 13.950 12.359
3 15 -3.225 13.950 12.359 -2.800 13.900 12.443 -1.650 13.950 12.672
3 15 -2.975 15.550 12.408 -3.250 15.325 12.354 -3.525 14.175 12.299
3 15 -3.525 14.175 12.299 -3.225 13.950 12.359 -2.975 15.550 12.408
3 15 -3.250 15.325 12.354 -3.550 15.200 12.294 -3.725 14.450 12.259
3 15 -3.725 14.450 12.259 -3.525 14.175 12.299 -3.250 15.325 12.354
3 15 -3.725 14.450 12.259 -3.550 15.200 12.294 -3.750 15.125 12.254
3 15 -3.750 15.125 12.254 -3.775 14.725 12.249 -3.725 14.450 12.259
1 16 0.0000 0.0000 0.0000 1.0000 0.0000 0.0000 0.0000 1.0000 0.0000 0.0000 0.0000 1.0000 s/3626cs02.dat
1 16 0.0000 4.0000 0.0000 0.0000 0.0000 8.0000 0.0000 -6.4000 0.0000 8.0000 0.0000 0.0000 t04o6250.dat
1 16 0.0000 4.0000 0.0000 -8.0000 0.0000 0.0000 0.0000 -6.4000 0.0000 0.0000 0.0000 8.0000 t04o6250.dat
1 16 0.0000 4.0000 0.0000 0.0000 0.0000 -8.0000 0.0000 -6.4000 0.0000 -8.0000 0.0000 0.0000 t04o6250.dat
1 16 0.0000 4.0000 0.0000 8.0000 0.0000 0.0000 0.0000 -6.4000 0.0000 0.0000 0.0000 -8.0000 t04o6250.dat
3 16 -12.011 4.000 -4.975 -13.000 4.000 0.000 -13.000 17.000 0.000
3 16 -13.000 17.000 0.000 -12.011 17.000 -4.975 -12.011 4.000 -4.975
3 16 -9.192 4.000 -9.192 -12.011 4.000 -4.975 -10.300 9.875 -7.535
3 16 -12.011 17.000 -4.975 -9.192 17.000 -9.192 -9.192 13.941 -9.192
3 16 -9.192 13.941 -9.192 -9.675 13.675 -8.470 -12.011 17.000 -4.975
3 16 -10.175 13.125 -7.722 -12.011 17.000 -4.975 -9.675 13.675 -8.470
3 16 -10.300 9.875 -7.535 -12.011 4.000 -4.975 -12.011 17.000 -4.975
3 16 -12.011 17.000 -4.975 -10.400 11.225 -7.385 -10.300 9.875 -7.535
3 16 -10.350 12.350 -7.460 -12.011 17.000 -4.975 -10.175 13.125 -7.722
3 16 -10.400 11.225 -7.385 -12.011 17.000 -4.975 -10.350 12.350 -7.460
3 16 -10.300 9.875 -7.535 -10.125 11.525 -7.797 -10.000 12.450 -7.984
3 16 -10.000 12.450 -7.984 -9.192 4.000 -9.192 -10.300 9.875 -7.535
3 16 -10.000 12.450 -7.984 -9.800 12.925 -8.283 -9.192 13.330 -9.192
3 16 -9.192 13.330 -9.192 -9.192 4.000 -9.192 -10.000 12.450 -7.984
3 16 -7.100 5.850 -10.591 -9.192 4.000 -9.192 -9.192 13.330 -9.192
3 16 -9.192 13.330 -9.192 -7.050 6.400 -10.624 -7.100 5.850 -10.591
3 16 -6.100 5.900 -11.259 -6.750 6.000 -10.825 -6.050 6.200 -11.292
3 16 -6.100 5.900 -11.259 -6.100 5.450 -11.259 -7.100 5.850 -10.591
3 16 -7.100 5.850 -10.591 -6.750 6.000 -10.825 -6.100 5.900 -11.259
3 16 -7.100 5.850 -10.591 -6.100 5.450 -11.259 -4.975 4.000 -12.011
3 16 -4.975 4.000 -12.011 -9.192 4.000 -9.192 -7.100 5.850 -10.591
3 16 -6.100 5.450 -11.259 -5.600 5.800 -11.593 -5.150 6.050 -11.894
3 16 -5.150 6.050 -11.894 -4.975 4.000 -12.011 -6.100 5.450 -11.259
3 16 -4.975 4.000 -12.011 -5.150 6.050 -11.894 -4.975 6.141 -12.011
3 16 -8.250 14.925 -9.822 -9.192 17.000 -9.192 -7.681 17.000 -10.202
3 16 -7.681 17.000 -10.202 -7.850 16.325 -10.089 -8.250 14.925 -9.822
3 16 -8.250 14.925 -9.822 -8.400 14.550 -9.722 -8.950 14.075 -9.354
3 16 -8.950 14.075 -9.354 -9.192 17.000 -9.192 -8.250 14.925 -9.822
3 16 -9.192 13.941 -9.192 -9.192 17.000 -9.192 -8.950 14.075 -9.354
3 16 -8.225 13.925 -9.839 -6.200 10.900 -11.192 -6.150 10.700 -11.226
3 16 -6.150 10.700 -11.226 -6.800 7.050 -10.791 -8.225 13.925 -9.839
3 16 -6.800 7.050 -10.791 -6.150 10.700 -11.226 -5.850 10.650 -11.426
3 16 -5.850 10.650 -11.426 -6.400 7.450 -11.058 -6.800 7.050 -10.791
3 16 -6.400 7.450 -11.058 -5.850 10.650 -11.426 -5.300 8.450 -11.794
3 16 -5.300 8.450 -11.794 -6.050 7.650 -11.292 -6.400 7.450 -11.058
3 16 -5.300 8.450 -11.794 -4.975 8.255 -12.011 -5.650 7.650 -11.560
3 16 -5.650 7.650 -11.560 -6.050 7.650 -11.292 -5.300 8.450 -11.794
3 16 -7.450 15.825 -10.357 -7.250 17.000 -10.490 -4.975 17.000 -12.011
3 16 -4.975 17.000 -12.011 -5.650 11.350 -11.560 -7.450 15.825 -10.357
3 16 -7.450 15.825 -10.357 -5.650 11.350 -11.560 -6.100 11.150 -11.259
3 16 -6.100 11.150 -11.259 -7.675 14.800 -10.206 -7.450 15.825 -10.357
3 16 -7.675 14.800 -10.206 -6.100 11.150 -11.259 -6.200 10.900 -11.192
3 16 -6.200 10.900 -11.192 -7.900 14.325 -10.056 -7.675 14.800 -10.206
3 16 -6.200 10.900 -11.192 -8.225 13.925 -9.839 -7.900 14.325 -10.056
3 16 -4.975 11.467 -12.011 -5.650 11.350 -11.560 -4.975 17.000 -12.011
3 16 -4.975 7.505 -12.011 -5.650 7.650 -11.560 -4.975 8.255 -12.011
3 16 -5.850 10.650 -11.426 -5.550 10.750 -11.627 -4.975 8.443 -12.011
3 16 -4.975 8.443 -12.011 -5.300 8.450 -11.794 -5.850 10.650 -11.426
3 16 -4.975 8.443 -12.011 -5.550 10.750 -11.627 -5.250 11.000 -11.827
3 16 -4.975 8.443 -12.011 -5.250 11.000 -11.827 -4.975 11.467 -12.011
3 16 -8.225 13.925 -9.839 -6.800 7.050 -10.791 -7.050 6.400 -10.624
3 16 -7.050 6.400 -10.624 -9.192 13.330 -9.192 -8.225 13.925 -9.839
3 16 0.000 4.000 -13.000 -4.975 4.000 -12.011 -4.975 6.141 -12.011
3 16 -4.975 6.141 -12.011 -3.900 6.700 -12.225 0.000 4.000 -13.000
3 16 0.000 4.000 -13.000 -3.900 6.700 -12.225 -2.450 7.300 -12.513
3 16 0.000 4.000 -13.000 -2.450 7.300 -12.513 -1.250 7.900 -12.751
3 16 -3.600 7.950 -12.284 -3.850 7.550 -12.234 -4.975 7.505 -12.011
3 16 -4.975 7.505 -12.011 -4.250 7.950 -12.155 -3.600 7.950 -12.284
3 16 -4.261 8.427 -12.153 -4.975 8.443 -12.011 -4.624 8.949 -12.081
3 16 -3.850 15.300 -12.234 -3.450 14.950 -12.314 -3.490 11.409 -12.306
3 16 -3.490 11.409 -12.306 -4.033 11.232 -12.198 -3.850 15.300 -12.234
3 16 -3.450 14.950 -12.314 -2.950 14.750 -12.413 -2.924 11.329 -12.419
3 16 -2.924 11.329 -12.419 -3.490 11.409 -12.306 -3.450 14.950 -12.314
3 16 -2.950 14.750 -12.413 -2.300 14.650 -12.543 -2.421 11.003 -12.519
3 16 -2.421 11.003 -12.519 -2.924 11.329 -12.419 -2.950 14.750 -12.413
3 16 -2.300 14.650 -12.543 -0.850 14.650 -12.831 -2.059 10.481 -12.591
3 16 -2.059 10.481 -12.591 -2.421 11.003 -12.519 -2.300 14.650 -12.543
3 16 -0.850 14.650 -12.831 -0.550 14.725 -12.891 -0.325 14.750 -12.935
3 16 -0.325 14.750 -12.935 -2.059 10.481 -12.591 -0.850 14.650 -12.831
3 16 -0.325 14.750 -12.935 0.000 14.775 -13.000 -1.892 9.842 -12.624
3 16 -1.892 9.842 -12.624 -2.059 10.481 -12.591 -0.325 14.750 -12.935
3 16 0.000 14.775 -13.000 -1.150 8.850 -12.771 -1.945 9.184 -12.613
3 16 -1.945 9.184 -12.613 -1.892 9.842 -12.624 0.000 14.775 -13.000
3 16 -1.150 8.850 -12.771 -1.600 8.900 -12.682 -2.012 9.006 -12.600
3 16 -2.012 9.006 -12.600 -1.945 9.184 -12.613 -1.150 8.850 -12.771
3 16 -3.600 7.950 -12.284 -2.950 8.050 -12.413 -2.500 7.950 -12.503
3 16 -2.500 7.950 -12.503 -3.850 7.550 -12.234 -3.600 7.950 -12.284
3 16 -2.950 8.050 -12.413 -2.400 8.300 -12.523 -1.750 8.500 -12.652
3 16 -1.750 8.500 -12.652 -2.500 7.950 -12.503 -2.950 8.050 -12.413
3 16 -2.500 7.950 -12.503 -1.750 8.500 -12.652 -1.150 8.850 -12.771
3 16 -1.150 8.850 -12.771 -1.400 8.350 -12.722 -2.500 7.950 -12.503
3 16 -1.250 8.300 -12.751 -1.400 8.350 -12.722 -1.150 8.850 -12.771
3 16 -1.150 8.100 -12.771 -1.250 8.300 -12.751 -1.150 8.850 -12.771
3 16 0.000 4.000 -13.000 -1.250 7.900 -12.751 -1.150 8.100 -12.771
3 16 -1.150 8.100 -12.771 -1.150 8.850 -12.771 0.000 14.775 -13.000
3 16 0.000 14.775 -13.000 0.000 4.000 -13.000 -1.150 8.100 -12.771
3 16 -1.750 16.350 -12.652 -1.050 16.350 -12.791 -0.650 15.275 -12.871
3 16 -0.650 15.275 -12.871 -0.950 15.200 -12.811 -1.750 16.350 -12.652
3 16 -1.050 16.350 -12.791 -0.350 16.400 -12.930 -0.350 15.400 -12.930
3 16 -0.350 15.400 -12.930 -0.650 15.275 -12.871 -1.050 16.350 -12.791
3 16 -0.350 16.400 -12.930 0.000 16.400 -13.000 0.000 15.450 -13.000
3 16 0.000 15.450 -13.000 -0.350 15.400 -12.930 -0.350 16.400 -12.930
3 16 -3.850 15.300 -12.234 -4.975 17.000 -12.011 -1.750 16.350 -12.652
3 16 -1.750 16.350 -12.652 -3.300 15.200 -12.344 -3.850 15.300 -12.234
3 16 -0.950 15.200 -12.811 -3.300 15.200 -12.344 -1.750 16.350 -12.652
3 16 -1.750 16.350 -12.652 -4.975 17.000 -12.011 -1.450 16.650 -12.712
3 16 -1.450 16.650 -12.712 -4.975 17.000 -12.011 -0.850 16.850 -12.831
3 16 -4.975 17.000 -12.011 0.000 17.000 -13.000 0.000 16.900 -13.000
3 16 0.000 16.900 -13.000 -0.850 16.850 -12.831 -4.975 17.000 -12.011
3 16 -3.850 15.300 -12.234 -4.975 11.467 -12.011 -4.975 17.000 -12.011
3 16 -4.800 8.150 -12.046 -4.975 7.505 -12.011 -4.975 8.255 -12.011
3 16 -4.975 7.505 -12.011 -4.800 8.150 -12.046 -4.250 7.950 -12.155
3 16 -4.975 8.443 -12.011 -4.791 9.588 -12.047 -4.624 8.949 -12.081
3 16 -4.791 9.588 -12.047 -4.975 8.443 -12.011 -4.975 11.467 -12.011
3 16 -4.791 9.588 -12.047 -4.975 11.467 -12.011 -4.737 10.246 -12.058
3 16 -4.737 10.246 -12.058 -4.975 11.467 -12.011 -4.471 10.824 -12.111
3 16 -4.471 10.824 -12.111 -4.975 11.467 -12.011 -3.850 15.300 -12.234
3 16 -3.850 15.300 -12.234 -4.033 11.232 -12.198 -4.471 10.824 -12.111
3 16 -7.391 21.000 -3.062 -9.159 20.695 -3.794 -9.914 20.695 0.000
3 16 -9.914 20.695 0.000 -8.000 21.000 0.000 -7.391 21.000 -3.062
3 16 -9.159 20.695 -3.794 -10.658 19.828 -4.414 -11.535 19.828 0.000
3 16 -11.535 19.828 0.000 -9.914 20.695 0.000 -9.159 20.695 -3.794
3 16 -10.658 19.828 -4.414 -11.659 18.531 -4.830 -12.619 18.531 0.000
3 16 -12.619 18.531 0.000 -11.535 19.828 0.000 -10.658 19.828 -4.414
3 16 -5.657 21.000 -5.657 -7.010 20.695 -7.010 -9.159 20.695 -3.794
3 16 -9.159 20.695 -3.794 -7.391 21.000 -3.062 -5.657 21.000 -5.657
3 16 -7.010 20.695 -7.010 -8.157 19.828 -8.157 -10.658 19.828 -4.414
3 16 -10.658 19.828 -4.414 -9.159 20.695 -3.794 -7.010 20.695 -7.010
3 16 -8.157 19.828 -8.157 -8.923 18.531 -8.923 -11.659 18.531 -4.830
3 16 -11.659 18.531 -4.830 -10.658 19.828 -4.414 -8.157 19.828 -8.157
3 16 -3.062 21.000 -7.391 -3.794 20.695 -9.159 -7.010 20.695 -7.010
3 16 -7.010 20.695 -7.010 -5.657 21.000 -5.657 -3.062 21.000 -7.391
3 16 -3.794 20.695 -9.159 -4.414 19.828 -10.658 -8.157 19.828 -8.157
3 16 -8.157 19.828 -8.157 -7.010 20.695 -7.010 -3.794 20.695 -9.159
3 16 -7.130 18.531 -10.122 -8.923 18.531 -8.923 -8.157 19.828 -8.157
3 16 -8.157 19.828 -8.157 -6.825 19.075 -9.789 -7.130 18.531 -10.122
3 16 -8.157 19.828 -8.157 -4.414 19.828 -10.658 -4.830 18.531 -11.659
3 16 -4.830 18.531 -11.659 -6.825 19.075 -9.789 -8.157 19.828 -8.157
3 16 -4.830 18.531 -11.659 -6.970 18.531 -10.229 -6.825 19.075 -9.789
3 16 0.000 21.000 -8.000 0.000 20.695 -9.914 -3.794 20.695 -9.159
3 16 -3.794 20.695 -9.159 -3.062 21.000 -7.391 0.000 21.000 -8.000
3 16 0.000 20.695 -9.914 0.000 19.828 -11.535 -4.414 19.828 -10.658
3 16 -4.414 19.828 -10.658 -3.794 20.695 -9.159 0.000 20.695 -9.914
3 16 0.000 19.828 -11.535 0.000 18.531 -12.619 -4.830 18.531 -11.659
3 16 -4.830 18.531 -11.659 -4.414 19.828 -10.658 0.000 19.828 -11.535
3 16 -13.000 17.000 0.000 -12.619 18.531 0.000 -11.659 18.531 -4.830
3 16 -11.659 18.531 -4.830 -12.011 17.000 -4.975 -13.000 17.000 0.000
3 16 -12.011 17.000 -4.975 -11.659 18.531 -4.830 -8.923 18.531 -8.923
3 16 -8.923 18.531 -8.923 -9.192 17.000 -9.192 -12.011 17.000 -4.975
3 16 -9.192 17.000 -9.192 -8.923 18.531 -8.923 -7.175 18.450 -10.115
3 16 -7.175 18.450 -10.115 -7.575 17.425 -10.149 -9.192 17.000 -9.192
3 16 -7.175 18.450 -10.115 -8.923 18.531 -8.923 -7.130 18.531 -10.122
3 16 -6.970 18.531 -10.229 -4.830 18.531 -11.659 -4.975 17.000 -12.011
3 16 -4.975 17.000 -12.011 -7.125 17.950 -10.295 -6.970 18.531 -10.229
3 16 -4.975 17.000 -12.011 -7.250 17.000 -10.490 -7.125 17.950 -10.295
3 16 -7.681 17.000 -10.202 -9.192 17.000 -9.192 -7.575 17.425 -10.149
3 16 -4.975 17.000 -12.011 -4.830 18.531 -11.659 0.000 18.531 -12.619
3 16 0.000 18.531 -12.619 0.000 17.000 -13.000 -4.975 17.000 -12.011
3 16 -12.011 4.000 4.975 -12.011 17.000 4.975 -13.000 17.000 0.000
3 16 -13.000 17.000 0.000 -13.000 4.000 0.000 -12.011 4.000 4.975
3 16 -12.011 4.000 4.975 -9.192 4.000 9.192 -10.000 9.600 7.984
3 16 -10.000 9.600 7.984 -10.050 11.050 7.909 -12.011 17.000 4.975
3 16 -12.011 17.000 4.975 -12.011 4.000 4.975 -10.000 9.600 7.984
3 16 -12.011 17.000 4.975 -10.050 11.050 7.909 -10.000 11.950 7.984
3 16 -10.000 11.950 7.984 -9.800 12.500 8.283 -9.192 17.000 9.192
3 16 -9.192 17.000 9.192 -12.011 17.000 4.975 -10.000 11.950 7.984
3 16 -10.000 9.600 7.984 -9.192 4.000 9.192 -9.650 11.850 8.507
3 16 -9.650 11.850 8.507 -9.800 11.100 8.283 -10.000 9.600 7.984
3 16 -9.650 11.850 8.507 -9.192 4.000 9.192 -9.192 12.565 9.192
3 16 -9.192 12.565 9.192 -9.450 12.350 8.807 -9.650 11.850 8.507
3 16 -9.192 17.000 9.192 -9.800 12.500 8.283 -9.192 13.090 9.192
3 16 -5.350 5.550 11.760 -6.000 5.300 11.326 -6.500 5.000 10.992
3 16 -6.500 5.000 10.992 -5.350 5.250 11.760 -5.350 5.550 11.760
3 16 -5.350 5.250 11.760 -6.500 5.000 10.992 -9.192 4.000 9.192
3 16 -9.192 4.000 9.192 -5.150 4.750 11.894 -5.350 5.250 11.760
3 16 -5.150 4.750 11.894 -4.975 4.000 12.011 -4.975 4.969 12.011
3 16 -9.192 4.000 9.192 -4.975 4.000 12.011 -5.150 4.750 11.894
3 16 -6.500 5.650 10.992 -9.192 4.000 9.192 -6.500 5.000 10.992
3 16 -6.300 6.200 11.125 -5.900 6.800 11.393 -6.300 10.300 11.125
3 16 -6.300 10.300 11.125 -6.500 10.350 10.992 -6.300 6.200 11.125
3 16 -6.300 10.300 11.125 -5.900 6.800 11.393 -5.500 7.000 11.660
3 16 -5.500 7.000 11.660 -5.300 8.100 11.794 -6.300 10.300 11.125
3 16 -6.871 17.000 10.743 -7.000 16.400 10.657 -5.350 10.950 11.760
3 16 -5.350 10.950 11.760 -4.975 17.000 12.011 -6.871 17.000 10.743
3 16 -7.150 15.550 10.557 -5.350 10.950 11.760 -7.000 16.400 10.657
3 16 -7.150 15.550 10.557 -7.300 14.800 10.457 -5.600 10.950 11.593
3 16 -5.600 10.950 11.593 -5.350 10.950 11.760 -7.150 15.550 10.557
3 16 -7.300 14.800 10.457 -7.600 14.000 10.257 -6.100 10.900 11.259
3 16 -6.100 10.900 11.259 -5.600 10.950 11.593 -7.300 14.800 10.457
3 16 -7.600 14.000 10.257 -8.150 13.300 9.889 -6.400 10.800 11.058
3 16 -6.400 10.800 11.058 -6.100 10.900 11.259 -7.600 14.000 10.257
3 16 -8.150 13.300 9.889 -8.850 12.850 9.421 -6.550 10.650 10.958
3 16 -6.550 10.650 10.958 -6.400 10.800 11.058 -8.150 13.300 9.889
3 16 -9.192 13.090 9.192 -8.600 13.500 9.588 -8.200 13.900 9.856
3 16 -8.200 13.900 9.856 -9.192 17.000 9.192 -9.192 13.090 9.192
3 16 -8.200 13.900 9.856 -7.900 14.400 10.056 -7.700 15.150 10.190
3 16 -7.700 15.150 10.190 -9.192 17.000 9.192 -8.200 13.900 9.856
3 16 -9.192 17.000 9.192 -7.700 15.150 10.190 -7.500 16.100 10.323
3 16 -9.192 17.000 9.192 -7.500 16.100 10.323 -7.213 17.000 10.515
3 16 -9.192 12.565 9.192 -9.192 4.000 9.192 -6.550 10.650 10.958
3 16 -6.550 10.650 10.958 -8.850 12.850 9.421 -9.192 12.565 9.192
3 16 -6.550 10.650 10.958 -9.192 4.000 9.192 -6.300 6.200 11.125
3 16 -6.300 6.200 11.125 -6.500 10.350 10.992 -6.550 10.650 10.958
3 16 -6.300 6.200 11.125 -9.192 4.000 9.192 -6.500 5.650 10.992
3 16 -5.300 8.100 11.794 -5.500 7.000 11.660 -4.975 7.000 12.011
3 16 -4.975 7.000 12.011 -4.975 7.982 12.011 -5.300 8.100 11.794
3 16 -6.300 10.300 11.125 -5.300 8.100 11.794 -4.975 8.189 12.011
3 16 -4.975 8.189 12.011 -5.950 10.350 11.359 -6.300 10.300 11.125
3 16 -5.950 10.350 11.359 -4.975 8.189 12.011 -5.600 10.500 11.593
3 16 -5.600 10.500 11.593 -4.975 8.189 12.011 -5.350 10.700 11.760
3 16 -5.350 10.700 11.760 -4.975 8.189 12.011 -5.250 10.850 11.827
3 16 -5.250 10.850 11.827 -4.975 8.189 12.011 -4.975 17.000 12.011
3 16 -5.350 10.950 11.760 -5.250 10.850 11.827 -4.975 17.000 12.011
3 16 -4.400 5.600 12.125 -4.750 5.250 12.056 -4.975 4.969 12.011
3 16 -4.975 4.969 12.011 -4.975 4.000 12.011 -4.400 5.600 12.125
3 16 -4.975 4.000 12.011 0.000 4.000 13.000 -3.600 6.200 12.284
3 16 -3.600 6.200 12.284 -4.400 5.600 12.125 -4.975 4.000 12.011
3 16 -3.600 6.200 12.284 0.000 4.000 13.000 -2.600 6.800 12.483
3 16 -2.600 6.800 12.483 0.000 4.000 13.000 -1.450 7.600 12.712
3 16 -1.450 7.600 12.712 0.000 4.000 13.000 -0.850 8.100 12.831
3 16 -4.750 7.900 12.056 -4.450 6.950 12.115 -3.900 7.050 12.225
3 16 -3.900 7.050 12.225 -3.950 7.800 12.215 -4.750 7.900 12.056
3 16 -3.950 7.800 12.215 -3.900 7.050 12.225 -2.850 7.650 12.433
3 16 -2.850 7.650 12.433 -3.400 7.900 12.324 -3.950 7.800 12.215
3 16 -3.400 7.900 12.324 -2.850 7.650 12.433 -1.700 8.300 12.662
3 16 -1.700 8.300 12.662 -2.950 8.050 12.413 -3.400 7.900 12.324
3 16 -2.200 8.500 12.563 -2.950 8.050 12.413 -1.700 8.300 12.662
3 16 -2.200 8.500 12.563 -1.700 8.300 12.662 -1.100 8.550 12.781
3 16 -1.100 8.550 12.781 -1.550 8.950 12.692 -2.200 8.500 12.563
3 16 -1.550 8.950 12.692 -1.100 8.550 12.781 -0.950 8.550 12.811
3 16 -0.950 8.550 12.811 -1.200 9.300 12.761 -1.550 8.950 12.692
3 16 -1.965 9.800 12.609 -1.974 9.258 12.607 -1.200 9.300 12.761
3 16 -1.965 9.800 12.609 -1.200 9.300 12.761 -2.074 10.442 12.588
3 16 -0.850 8.100 12.831 0.000 4.000 13.000 -0.800 8.250 12.841
3 16 -4.975 7.982 12.011 -4.975 7.000 12.011 -4.450 6.950 12.115
3 16 -4.450 6.950 12.115 -4.750 7.900 12.056 -4.975 7.982 12.011
3 16 -4.975 8.189 12.011 -4.750 8.250 12.056 -4.250 8.500 12.155
3 16 -4.250 8.500 12.155 -4.726 9.158 12.060 -4.975 8.189 12.011
3 16 -4.835 9.800 12.039 -4.975 8.189 12.011 -4.726 9.158 12.060
3 16 -7.391 21.000 3.062 -8.000 21.000 0.000 -9.914 20.695 0.000
3 16 -9.914 20.695 0.000 -9.159 20.695 3.794 -7.391 21.000 3.062
3 16 -9.159 20.695 3.794 -9.914 20.695 0.000 -11.535 19.828 0.000
3 16 -11.535 19.828 0.000 -10.658 19.828 4.414 -9.159 20.695 3.794
3 16 -10.658 19.828 4.414 -11.535 19.828 0.000 -12.619 18.531 0.000
3 16 -12.619 18.531 0.000 -11.659 18.531 4.830 -10.658 19.828 4.414
3 16 -5.657 21.000 5.657 -7.391 21.000 3.062 -9.159 20.695 3.794
3 16 -9.159 20.695 3.794 -7.010 20.695 7.010 -5.657 21.000 5.657
3 16 -7.010 20.695 7.010 -9.159 20.695 3.794 -10.658 19.828 4.414
3 16 -10.658 19.828 4.414 -8.157 19.828 8.157 -7.010 20.695 7.010
3 16 -8.157 19.828 8.157 -10.658 19.828 4.414 -11.659 18.531 4.830
3 16 -11.659 18.531 4.830 -8.923 18.531 8.923 -8.157 19.828 8.157
3 16 -3.062 21.000 7.391 -5.657 21.000 5.657 -7.010 20.695 7.010
3 16 -7.010 20.695 7.010 -3.794 20.695 9.159 -3.062 21.000 7.391
3 16 -3.794 20.695 9.159 -7.010 20.695 7.010 -8.157 19.828 8.157
3 16 -8.157 19.828 8.157 -4.414 19.828 10.658 -3.794 20.695 9.159
3 16 -4.414 19.828 10.658 -8.157 19.828 8.157 -8.923 18.531 8.923
3 16 -8.923 18.531 8.923 -4.830 18.531 11.659 -4.414 19.828 10.658
3 16 0.000 21.000 8.000 -3.062 21.000 7.391 -3.794 20.695 9.159
3 16 -3.794 20.695 9.159 0.000 20.695 9.914 0.000 21.000 8.000
3 16 0.000 20.695 9.914 -3.794 20.695 9.159 -4.414 19.828 10.658
3 16 -4.414 19.828 10.658 0.000 19.828 11.535 0.000 20.695 9.914
3 16 0.000 19.828 11.535 -4.414 19.828 10.658 -4.830 18.531 11.659
3 16 -4.830 18.531 11.659 0.000 18.531 12.619 0.000 19.828 11.535
3 16 -13.000 17.000 0.000 -12.011 17.000 4.975 -11.659 18.531 4.830
3 16 -11.659 18.531 4.830 -12.619 18.531 0.000 -13.000 17.000 0.000
3 16 -12.011 17.000 4.975 -9.192 17.000 9.192 -8.923 18.531 8.923
3 16 -8.923 18.531 8.923 -11.659 18.531 4.830 -12.011 17.000 4.975
3 16 -6.650 17.750 10.672 -8.923 18.531 8.923 -9.192 17.000 9.192
3 16 -9.192 17.000 9.192 -7.213 17.000 10.515 -6.650 17.750 10.672
3 16 -8.923 18.531 8.923 -6.650 17.750 10.672 -4.830 18.531 11.659
3 16 -4.830 18.531 11.659 -6.650 17.750 10.672 -6.871 17.000 10.743
3 16 -6.871 17.000 10.743 -4.975 17.000 12.011 -4.830 18.531 11.659
3 0 -4.975 8.255 -12.011 -5.300 8.450 -11.794 -4.975 8.443 -12.011
3 0 -3.821 8.729 -12.240 -4.261 8.427 -12.153 -4.624 8.949 -12.081
3 0 -4.624 8.949 -12.081 -3.950 8.922 -12.215 -3.821 8.729 -12.240
3 0 -3.950 8.922 -12.215 -4.624 8.949 -12.081 -4.791 9.588 -12.047
3 0 -4.791 9.588 -12.047 -3.995 9.150 -12.206 -3.950 8.922 -12.215
3 0 -3.995 9.150 -12.206 -4.791 9.588 -12.047 -4.737 10.246 -12.058
3 0 -4.737 10.246 -12.058 -3.950 9.378 -12.215 -3.995 9.150 -12.206
3 0 -3.950 9.378 -12.215 -4.737 10.246 -12.058 -4.471 10.824 -12.111
3 0 -4.471 10.824 -12.111 -3.821 9.571 -12.240 -3.950 9.378 -12.215
3 0 -3.821 9.571 -12.240 -4.471 10.824 -12.111 -4.033 11.232 -12.198
3 0 -4.033 11.232 -12.198 -3.628 9.700 -12.279 -3.821 9.571 -12.240
3 0 -3.628 9.700 -12.279 -4.033 11.232 -12.198 -3.490 11.409 -12.306
3 0 -3.490 11.409 -12.306 -3.400 9.745 -12.324 -3.628 9.700 -12.279
3 0 -3.400 9.745 -12.324 -3.490 11.409 -12.306 -2.924 11.329 -12.419
3 0 -2.924 11.329 -12.419 -3.172 9.700 -12.369 -3.400 9.745 -12.324
3 0 -2.924 11.329 -12.419 -2.421 11.003 -12.519 -2.979 9.571 -12.408
3 0 -2.979 9.571 -12.408 -3.172 9.700 -12.369 -2.924 11.329 -12.419
3 0 -2.421 11.003 -12.519 -2.059 10.481 -12.591 -2.850 9.378 -12.433
3 0 -2.850 9.378 -12.433 -2.979 9.571 -12.408 -2.421 11.003 -12.519
3 0 -2.059 10.481 -12.591 -1.892 9.842 -12.624 -1.945 9.184 -12.613
3 0 -1.945 9.184 -12.613 -2.850 9.378 -12.433 -2.059 10.481 -12.591
3 0 -2.850 9.378 -12.433 -1.945 9.184 -12.613 -2.012 9.006 -12.600
3 0 -2.012 9.006 -12.600 -2.805 9.150 -12.442 -2.850 9.378 -12.433
3 0 -4.975 8.255 -12.011 -4.975 8.443 -12.011 -4.250 7.950 -12.155
3 0 -4.250 7.950 -12.155 -4.800 8.150 -12.046 -4.975 8.255 -12.011
3 0 -4.250 7.950 -12.155 -4.975 8.443 -12.011 -4.261 8.427 -12.153
3 0 -4.261 8.427 -12.153 -3.821 8.729 -12.240 -3.628 8.600 -12.279
3 0 -3.628 8.600 -12.279 -4.250 7.950 -12.155 -4.261 8.427 -12.153
3 0 -4.250 7.950 -12.155 -3.628 8.600 -12.279 -3.400 8.555 -12.324
3 0 -3.400 8.555 -12.324 -3.600 7.950 -12.284 -4.250 7.950 -12.155
3 0 -3.600 7.950 -12.284 -3.400 8.555 -12.324 -3.172 8.600 -12.369
3 0 -3.172 8.600 -12.369 -2.950 8.050 -12.413 -3.600 7.950 -12.284
3 0 -2.950 8.050 -12.413 -3.172 8.600 -12.369 -2.979 8.729 -12.408
3 0 -2.979 8.729 -12.408 -2.400 8.300 -12.523 -2.950 8.050 -12.413
3 0 -2.979 8.729 -12.408 -2.850 8.922 -12.433 -1.750 8.500 -12.652
3 0 -1.750 8.500 -12.652 -2.400 8.300 -12.523 -2.979 8.729 -12.408
3 0 -2.850 8.922 -12.433 -2.805 9.150 -12.442 -2.012 9.006 -12.600
3 0 -2.012 9.006 -12.600 -1.750 8.500 -12.652 -2.850 8.922 -12.433
3 0 -1.750 8.500 -12.652 -2.012 9.006 -12.600 -1.600 8.900 -12.682
3 0 -1.750 8.500 -12.652 -1.600 8.900 -12.682 -1.150 8.850 -12.771
3 0 -3.850 15.300 -12.234 -3.300 15.200 -12.344 -2.950 14.750 -12.413
3 0 -2.950 14.750 -12.413 -3.450 14.950 -12.314 -3.850 15.300 -12.234
3 0 -2.950 14.750 -12.413 -3.300 15.200 -12.344 -0.950 15.200 -12.811
3 0 -0.950 15.200 -12.811 -2.300 14.650 -12.543 -2.950 14.750 -12.413
3 0 -2.300 14.650 -12.543 -0.950 15.200 -12.811 -0.550 14.725 -12.891
3 0 -0.550 14.725 -12.891 -0.850 14.650 -12.831 -2.300 14.650 -12.543
3 0 -0.950 15.200 -12.811 -0.650 15.275 -12.871 -0.325 14.750 -12.935
3 0 -0.325 14.750 -12.935 -0.550 14.725 -12.891 -0.950 15.200 -12.811
3 0 -0.650 15.275 -12.871 -0.350 15.400 -12.930 0.000 15.450 -13.000
3 0 0.000 15.450 -13.000 -0.325 14.750 -12.935 -0.650 15.275 -12.871
3 0 -0.325 14.750 -12.935 0.000 15.450 -13.000 0.000 14.775 -13.000
3 15 -3.950 8.922 -12.215 -3.995 9.150 -12.206 -3.950 9.378 -12.215
3 15 -3.950 9.378 -12.215 -3.400 9.150 -12.324 -3.950 8.922 -12.215
3 15 -3.950 9.378 -12.215 -3.821 9.571 -12.240 -3.628 9.700 -12.279
3 15 -3.628 9.700 -12.279 -3.400 9.150 -12.324 -3.950 9.378 -12.215
3 15 -3.628 9.700 -12.279 -3.400 9.745 -12.324 -3.172 9.700 -12.369
3 15 -3.172 9.700 -12.369 -3.400 9.150 -12.324 -3.628 9.700 -12.279
3 15 -3.172 9.700 -12.369 -2.979 9.571 -12.408 -2.850 9.378 -12.433
3 15 -2.850 9.378 -12.433 -3.400 9.150 -12.324 -3.172 9.700 -12.369
3 15 -2.850 9.378 -12.433 -2.805 9.150 -12.442 -2.850 8.922 -12.433
3 15 -2.850 8.922 -12.433 -3.400 9.150 -12.324 -2.850 9.378 -12.433
3 15 -2.850 8.922 -12.433 -2.979 8.729 -12.408 -3.172 8.600 -12.369
3 15 -3.172 8.600 -12.369 -3.400 9.150 -12.324 -2.850 8.922 -12.433
3 15 -3.172 8.600 -12.369 -3.400 8.555 -12.324 -3.628 8.600 -12.279
3 15 -3.628 8.600 -12.279 -3.400 9.150 -12.324 -3.172 8.600 -12.369
3 15 -3.628 8.600 -12.279 -3.821 8.729 -12.240 -3.950 8.922 -12.215
3 15 -3.950 8.922 -12.215 -3.400 9.150 -12.324 -3.628 8.600 -12.279
3 25 -7.100 5.850 -10.591 -7.050 6.400 -10.624 -6.800 7.050 -10.791
3 25 -6.800 7.050 -10.791 -6.750 6.000 -10.825 -7.100 5.850 -10.591
3 25 -6.750 6.000 -10.825 -6.800 7.050 -10.791 -6.400 7.450 -11.058
3 25 -6.400 7.450 -11.058 -6.050 6.200 -11.292 -6.750 6.000 -10.825
3 25 -6.400 7.450 -11.058 -6.050 7.650 -11.292 -5.650 7.650 -11.560
3 25 -5.650 7.650 -11.560 -6.050 6.200 -11.292 -6.400 7.450 -11.058
3 25 -5.650 7.650 -11.560 -5.150 6.050 -11.894 -6.100 5.900 -11.259
3 25 -6.100 5.900 -11.259 -6.050 6.200 -11.292 -5.650 7.650 -11.560
3 25 -5.600 5.800 -11.593 -6.100 5.900 -11.259 -5.150 6.050 -11.894
3 25 -6.100 5.450 -11.259 -6.100 5.900 -11.259 -5.600 5.800 -11.593
3 25 -5.650 7.650 -11.560 -4.975 7.505 -12.011 -4.975 6.141 -12.011
3 25 -4.975 6.141 -12.011 -5.150 6.050 -11.894 -5.650 7.650 -11.560
3 25 -4.975 6.141 -12.011 -4.975 7.505 -12.011 -3.850 7.550 -12.234
3 25 -3.850 7.550 -12.234 -3.900 6.700 -12.225 -4.975 6.141 -12.011
3 25 -3.900 6.700 -12.225 -3.850 7.550 -12.234 -2.500 7.950 -12.503
3 25 -2.500 7.950 -12.503 -2.450 7.300 -12.513 -3.900 6.700 -12.225
3 25 -2.450 7.300 -12.513 -2.500 7.950 -12.503 -1.400 8.350 -12.722
3 25 -1.400 8.350 -12.722 -1.250 7.900 -12.751 -2.450 7.300 -12.513
3 25 -1.250 7.900 -12.751 -1.400 8.350 -12.722 -1.250 8.300 -12.751
3 25 -1.250 8.300 -12.751 -1.150 8.100 -12.771 -1.250 7.900 -12.751
3 84 -10.300 9.875 -7.535 -10.400 11.225 -7.385 -10.350 12.350 -7.460
3 84 -10.350 12.350 -7.460 -10.125 11.525 -7.797 -10.300 9.875 -7.535
3 84 -10.125 11.525 -7.797 -10.350 12.350 -7.460 -10.175 13.125 -7.722
3 84 -10.175 13.125 -7.722 -10.000 12.450 -7.984 -10.125 11.525 -7.797
3 84 -10.000 12.450 -7.984 -10.175 13.125 -7.722 -9.675 13.675 -8.470
3 84 -9.675 13.675 -8.470 -9.800 12.925 -8.283 -10.000 12.450 -7.984
3 84 -9.675 13.675 -8.470 -9.192 13.941 -9.192 -9.192 13.330 -9.192
3 84 -9.192 13.330 -9.192 -9.800 12.925 -8.283 -9.675 13.675 -8.470
3 84 -5.650 11.350 -11.560 -5.550 10.750 -11.627 -6.200 10.900 -11.192
3 84 -6.200 10.900 -11.192 -6.100 11.150 -11.259 -5.650 11.350 -11.560
3 84 -5.550 10.750 -11.627 -5.850 10.650 -11.426 -6.150 10.700 -11.226
3 84 -6.150 10.700 -11.226 -6.200 10.900 -11.192 -5.550 10.750 -11.627
3 84 -8.950 14.075 -9.354 -8.400 14.550 -9.722 -7.900 14.325 -10.056
3 84 -7.900 14.325 -10.056 -8.225 13.925 -9.839 -8.950 14.075 -9.354
3 84 -7.900 14.325 -10.056 -8.400 14.550 -9.722 -8.250 14.925 -9.822
3 84 -8.250 14.925 -9.822 -7.675 14.800 -10.206 -7.900 14.325 -10.056
3 84 -7.675 14.800 -10.206 -8.250 14.925 -9.822 -7.850 16.325 -10.089
3 84 -7.850 16.325 -10.089 -7.450 15.825 -10.357 -7.675 14.800 -10.206
3 84 -7.450 15.825 -10.357 -7.850 16.325 -10.089 -7.681 17.000 -10.202
3 84 -7.681 17.000 -10.202 -7.250 17.000 -10.490 -7.450 15.825 -10.357
3 84 -8.950 14.075 -9.354 -8.225 13.925 -9.839 -9.192 13.330 -9.192
3 84 -9.192 13.330 -9.192 -9.192 13.941 -9.192 -8.950 14.075 -9.354
3 84 -5.550 10.750 -11.627 -5.650 11.350 -11.560 -4.975 11.467 -12.011
3 84 -4.975 11.467 -12.011 -5.250 11.000 -11.827 -5.550 10.750 -11.627
3 84 -1.750 16.350 -12.652 -1.450 16.650 -12.712 -0.850 16.850 -12.831
3 84 -0.850 16.850 -12.831 -1.050 16.350 -12.791 -1.750 16.350 -12.652
3 84 -1.050 16.350 -12.791 -0.850 16.850 -12.831 0.000 16.900 -13.000
3 84 0.000 16.900 -13.000 -0.350 16.400 -12.930 -1.050 16.350 -12.791
3 84 0.000 16.400 -13.000 -0.350 16.400 -12.930 0.000 16.900 -13.000
3 84 -6.970 18.531 -10.229 -7.130 18.531 -10.122 -6.825 19.075 -9.789
3 84 -7.125 17.950 -10.295 -7.250 17.000 -10.490 -7.681 17.000 -10.202
3 84 -7.681 17.000 -10.202 -7.575 17.425 -10.149 -7.125 17.950 -10.295
3 84 -7.130 18.531 -10.122 -6.970 18.531 -10.229 -7.575 17.425 -10.149
3 84 -7.575 17.425 -10.149 -7.175 18.450 -10.115 -7.130 18.531 -10.122
3 84 -7.575 17.425 -10.149 -6.970 18.531 -10.229 -7.125 17.950 -10.295
3 0 -5.300 8.100 11.794 -4.975 7.982 12.011 -4.975 8.189 12.011
3 0 -3.966 9.015 12.211 -4.013 9.250 12.202 -4.835 9.800 12.039
3 0 -4.835 9.800 12.039 -4.726 9.158 12.060 -3.966 9.015 12.211
3 0 -4.013 9.250 12.202 -3.966 9.485 12.211 -4.726 10.442 12.060
3 0 -4.726 10.442 12.060 -4.835 9.800 12.039 -4.013 9.250 12.202
3 0 -3.966 9.485 12.211 -3.834 9.683 12.238 -4.415 10.987 12.122
3 0 -4.415 10.987 12.122 -4.726 10.442 12.060 -3.966 9.485 12.211
3 0 -3.834 9.683 12.238 -3.635 9.816 12.277 -3.949 11.350 12.215
3 0 -3.949 11.350 12.215 -4.415 10.987 12.122 -3.834 9.683 12.238
3 0 -3.635 9.816 12.277 -3.400 9.863 12.324 -3.400 11.478 12.324
3 0 -3.400 11.478 12.324 -3.949 11.350 12.215 -3.635 9.816 12.277
3 0 -3.400 9.863 12.324 -3.165 9.816 12.371 -2.851 11.350 12.433
3 0 -2.851 11.350 12.433 -3.400 11.478 12.324 -3.400 9.863 12.324
3 0 -3.165 9.816 12.371 -2.967 9.683 12.410 -2.385 10.987 12.526
3 0 -2.385 10.987 12.526 -2.851 11.350 12.433 -3.165 9.816 12.371
3 0 -2.967 9.683 12.410 -2.834 9.485 12.437 -2.074 10.442 12.588
3 0 -2.074 10.442 12.588 -2.385 10.987 12.526 -2.967 9.683 12.410
3 0 -2.074 10.442 12.588 -2.834 9.485 12.437 -2.787 9.250 12.446
3 0 -2.787 9.250 12.446 -1.965 9.800 12.609 -2.074 10.442 12.588
3 0 -1.965 9.800 12.609 -2.787 9.250 12.446 -2.834 9.015 12.437
3 0 -2.834 9.015 12.437 -1.974 9.258 12.607 -1.965 9.800 12.609
3 0 -4.975 7.982 12.011 -4.750 7.900 12.056 -3.950 7.800 12.215
3 0 -3.950 7.800 12.215 -4.975 8.189 12.011 -4.975 7.982 12.011
3 0 -4.975 8.189 12.011 -3.950 7.800 12.215 -4.750 8.250 12.056
3 0 -4.750 8.250 12.056 -3.950 7.800 12.215 -3.400 7.900 12.324
3 0 -3.400 7.900 12.324 -4.250 8.500 12.155 -4.750 8.250 12.056
3 0 -3.400 7.900 12.324 -2.950 8.050 12.413 -3.400 8.637 12.324
3 0 -3.400 8.637 12.324 -4.250 8.500 12.155 -3.400 7.900 12.324
3 0 -3.165 8.684 12.371 -2.950 8.050 12.413 -2.200 8.500 12.563
3 0 -2.200 8.500 12.563 -2.967 8.817 12.410 -3.165 8.684 12.371
3 0 -2.967 8.817 12.410 -2.200 8.500 12.563 -1.974 9.258 12.607
3 0 -1.974 9.258 12.607 -2.834 9.015 12.437 -2.967 8.817 12.410
3 0 -2.200 8.500 12.563 -1.550 8.950 12.692 -1.200 9.300 12.761
3 0 -1.200 9.300 12.761 -1.974 9.258 12.607 -2.200 8.500 12.563
3 0 -4.726 9.158 12.060 -4.250 8.500 12.155 -3.834 8.817 12.238
3 0 -3.834 8.817 12.238 -3.966 9.015 12.211 -4.726 9.158 12.060
3 0 -3.834 8.817 12.238 -4.250 8.500 12.155 -3.635 8.684 12.277
3 0 -3.635 8.684 12.277 -4.250 8.500 12.155 -3.400 8.637 12.324
3 0 -3.400 8.637 12.324 -2.950 8.050 12.413 -3.165 8.684 12.371
3 15 -3.966 9.015 12.211 -3.400 9.250 12.324 -3.966 9.485 12.211
3 15 -3.966 9.485 12.211 -4.013 9.250 12.202 -3.966 9.015 12.211
3 15 -3.966 9.485 12.211 -3.400 9.250 12.324 -3.635 9.816 12.277
3 15 -3.635 9.816 12.277 -3.834 9.683 12.238 -3.966 9.485 12.211
3 15 -3.635 9.816 12.277 -3.400 9.250 12.324 -3.165 9.816 12.371
3 15 -3.165 9.816 12.371 -3.400 9.863 12.324 -3.635 9.816 12.277
3 15 -3.165 9.816 12.371 -3.400 9.250 12.324 -2.834 9.485 12.437
3 15 -2.834 9.485 12.437 -2.967 9.683 12.410 -3.165 9.816 12.371
3 15 -2.834 9.485 12.437 -3.400 9.250 12.324 -2.834 9.015 12.437
3 15 -2.834 9.015 12.437 -2.787 9.250 12.446 -2.834 9.485 12.437
3 15 -2.834 9.015 12.437 -3.400 9.250 12.324 -3.165 8.684 12.371
3 15 -3.165 8.684 12.371 -2.967 8.817 12.410 -2.834 9.015 12.437
3 15 -3.165 8.684 12.371 -3.400 9.250 12.324 -3.635 8.684 12.277
3 15 -3.635 8.684 12.277 -3.400 8.637 12.324 -3.165 8.684 12.371
3 15 -3.635 8.684 12.277 -3.400 9.250 12.324 -3.966 9.015 12.211
3 15 -3.966 9.015 12.211 -3.834 8.817 12.238 -3.635 8.684 12.277
3 25 -6.500 5.000 10.992 -6.000 5.300 11.326 -6.300 6.200 11.125
3 25 -6.300 6.200 11.125 -6.500 5.650 10.992 -6.500 5.000 10.992
3 25 -6.000 5.300 11.326 -5.350 5.550 11.760 -5.900 6.800 11.393
3 25 -5.900 6.800 11.393 -6.300 6.200 11.125 -6.000 5.300 11.326
3 25 -5.900 6.800 11.393 -5.350 5.550 11.760 -4.975 7.000 12.011
3 25 -4.975 7.000 12.011 -5.500 7.000 11.660 -5.900 6.800 11.393
3 25 -5.350 5.250 11.760 -5.150 4.750 11.894 -4.975 7.000 12.011
3 25 -4.975 7.000 12.011 -5.350 5.550 11.760 -5.350 5.250 11.760
3 25 -4.975 7.000 12.011 -5.150 4.750 11.894 -4.975 4.969 12.011
3 25 -4.400 5.600 12.125 -3.600 6.200 12.284 -3.900 7.050 12.225
3 25 -3.900 7.050 12.225 -4.450 6.950 12.115 -4.400 5.600 12.125
3 25 -3.600 6.200 12.284 -2.600 6.800 12.483 -2.850 7.650 12.433
3 25 -2.850 7.650 12.433 -3.900 7.050 12.225 -3.600 6.200 12.284
3 25 -2.600 6.800 12.483 -1.450 7.600 12.712 -1.700 8.300 12.662
3 25 -1.700 8.300 12.662 -2.850 7.650 12.433 -2.600 6.800 12.483
3 25 -1.450 7.600 12.712 -0.850 8.100 12.831 -1.100 8.550 12.781
3 25 -1.100 8.550 12.781 -1.700 8.300 12.662 -1.450 7.600 12.712
3 25 -0.850 8.100 12.831 -0.800 8.250 12.841 -0.950 8.550 12.811
3 25 -0.950 8.550 12.811 -1.100 8.550 12.781 -0.850 8.100 12.831
3 25 -4.975 4.969 12.011 -4.750 5.250 12.056 -4.450 6.950 12.115
3 25 -4.450 6.950 12.115 -4.975 7.000 12.011 -4.975 4.969 12.011
3 25 -4.450 6.950 12.115 -4.750 5.250 12.056 -4.400 5.600 12.125
3 84 -10.000 9.600 7.984 -9.800 11.100 8.283 -10.000 11.950 7.984
3 84 -10.000 11.950 7.984 -10.050 11.050 7.909 -10.000 9.600 7.984
3 84 -9.800 11.100 8.283 -9.650 11.850 8.507 -9.800 12.500 8.283
3 84 -9.800 12.500 8.283 -10.000 11.950 7.984 -9.800 11.100 8.283
3 84 -9.800 12.500 8.283 -9.650 11.850 8.507 -9.450 12.350 8.807
3 84 -9.450 12.350 8.807 -9.192 12.565 9.192 -9.192 13.090 9.192
3 84 -9.192 13.090 9.192 -9.800 12.500 8.283 -9.450 12.350 8.807
3 84 -6.500 10.350 10.992 -6.300 10.300 11.125 -6.400 10.800 11.058
3 84 -6.400 10.800 11.058 -6.550 10.650 10.958 -6.500 10.350 10.992
3 84 -6.300 10.300 11.125 -5.950 10.350 11.359 -6.100 10.900 11.259
3 84 -6.100 10.900 11.259 -6.400 10.800 11.058 -6.300 10.300 11.125
3 84 -5.950 10.350 11.359 -5.600 10.500 11.593 -5.600 10.950 11.593
3 84 -5.600 10.950 11.593 -6.100 10.900 11.259 -5.950 10.350 11.359
3 84 -5.600 10.500 11.593 -5.350 10.700 11.760 -5.250 10.850 11.827
3 84 -5.250 10.850 11.827 -5.600 10.950 11.593 -5.600 10.500 11.593
3 84 -5.600 10.950 11.593 -5.250 10.850 11.827 -5.350 10.950 11.760
3 84 -8.600 13.500 9.588 -9.192 13.090 9.192 -9.192 12.565 9.192
3 84 -9.192 12.565 9.192 -8.850 12.850 9.421 -8.600 13.500 9.588
3 84 -8.850 12.850 9.421 -8.150 13.300 9.889 -8.200 13.900 9.856
3 84 -8.200 13.900 9.856 -8.600 13.500 9.588 -8.850 12.850 9.421
3 84 -8.150 13.300 9.889 -7.600 14.000 10.257 -7.900 14.400 10.056
3 84 -7.900 14.400 10.056 -8.200 13.900 9.856 -8.150 13.300 9.889
3 84 -7.600 14.000 10.257 -7.300 14.800 10.457 -7.700 15.150 10.190
3 84 -7.700 15.150 10.190 -7.900 14.400 10.056 -7.600 14.000 10.257
3 84 -7.300 14.800 10.457 -7.150 15.550 10.557 -7.500 16.100 10.323
3 84 -7.500 16.100 10.323 -7.700 15.150 10.190 -7.300 14.800 10.457
3 84 -7.150 15.550 10.557 -7.000 16.400 10.657 -7.213 17.000 10.515
3 84 -7.213 17.000 10.515 -7.500 16.100 10.323 -7.150 15.550 10.557
3 84 -7.213 17.000 10.515 -7.000 16.400 10.657 -6.871 17.000 10.743
3 84 -7.213 17.000 10.515 -6.871 17.000 10.743 -6.650 17.750 10.672
3 16 13.000 17.000 0.000 13.000 4.000 0.000 12.011 4.000 -4.975
3 16 12.011 4.000 -4.975 12.011 17.000 -4.975 13.000 17.000 0.000
3 16 10.300 9.875 -7.535 12.011 4.000 -4.975 9.192 4.000 -9.192
3 16 9.192 13.941 -9.192 9.192 17.000 -9.192 12.011 17.000 -4.975
3 16 12.011 17.000 -4.975 9.675 13.675 -8.470 9.192 13.941 -9.192
3 16 9.675 13.675 -8.470 12.011 17.000 -4.975 10.175 13.125 -7.722
3 16 12.011 17.000 -4.975 12.011 4.000 -4.975 10.300 9.875 -7.535
3 16 10.300 9.875 -7.535 10.400 11.225 -7.385 12.011 17.000 -4.975
3 16 10.175 13.125 -7.722 12.011 17.000 -4.975 10.350 12.350 -7.460
3 16 10.350 12.350 -7.460 12.011 17.000 -4.975 10.400 11.225 -7.385
3 16 10.000 12.450 -7.984 10.125 11.525 -7.797 10.300 9.875 -7.535
3 16 10.300 9.875 -7.535 9.192 4.000 -9.192 10.000 12.450 -7.984
3 16 9.192 13.330 -9.192 9.800 12.925 -8.283 10.000 12.450 -7.984
3 16 10.000 12.450 -7.984 9.192 4.000 -9.192 9.192 13.330 -9.192
3 16 9.192 13.330 -9.192 9.192 4.000 -9.192 7.100 5.850 -10.591
3 16 7.100 5.850 -10.591 7.050 6.400 -10.624 9.192 13.330 -9.192
3 16 6.050 6.200 -11.292 6.750 6.000 -10.825 6.100 5.900 -11.259
3 16 7.100 5.850 -10.591 6.100 5.450 -11.259 6.100 5.900 -11.259
3 16 6.100 5.900 -11.259 6.750 6.000 -10.825 7.100 5.850 -10.591
3 16 4.975 4.000 -12.011 6.100 5.450 -11.259 7.100 5.850 -10.591
3 16 7.100 5.850 -10.591 9.192 4.000 -9.192 4.975 4.000 -12.011
3 16 5.150 6.050 -11.894 5.600 5.800 -11.593 6.100 5.450 -11.259
3 16 6.100 5.450 -11.259 4.975 4.000 -12.011 5.150 6.050 -11.894
3 16 4.975 6.141 -12.011 5.150 6.050 -11.894 4.975 4.000 -12.011
3 16 7.681 17.000 -10.202 9.192 17.000 -9.192 8.250 14.925 -9.822
3 16 8.250 14.925 -9.822 7.850 16.325 -10.089 7.681 17.000 -10.202
3 16 8.950 14.075 -9.354 8.400 14.550 -9.722 8.250 14.925 -9.822
3 16 8.250 14.925 -9.822 9.192 17.000 -9.192 8.950 14.075 -9.354
3 16 8.950 14.075 -9.354 9.192 17.000 -9.192 9.192 13.941 -9.192
3 16 6.150 10.700 -11.226 6.200 10.900 -11.192 8.225 13.925 -9.839
3 16 8.225 13.925 -9.839 6.800 7.050 -10.791 6.150 10.700 -11.226
3 16 5.850 10.650 -11.426 6.150 10.700 -11.226 6.800 7.050 -10.791
3 16 6.800 7.050 -10.791 6.400 7.450 -11.058 5.850 10.650 -11.426
3 16 5.300 8.450 -11.794 5.850 10.650 -11.426 6.400 7.450 -11.058
3 16 6.400 7.450 -11.058 6.050 7.650 -11.292 5.300 8.450 -11.794
3 16 5.650 7.650 -11.560 4.975 8.255 -12.011 5.300 8.450 -11.794
3 16 5.300 8.450 -11.794 6.050 7.650 -11.292 5.650 7.650 -11.560
3 16 4.975 17.000 -12.011 7.250 17.000 -10.490 7.450 15.825 -10.357
3 16 7.450 15.825 -10.357 5.650 11.350 -11.560 4.975 17.000 -12.011
3 16 6.100 11.150 -11.259 5.650 11.350 -11.560 7.450 15.825 -10.357
3 16 7.450 15.825 -10.357 7.675 14.800 -10.206 6.100 11.150 -11.259
3 16 6.200 10.900 -11.192 6.100 11.150 -11.259 7.675 14.800 -10.206
3 16 7.675 14.800 -10.206 7.900 14.325 -10.056 6.200 10.900 -11.192
3 16 7.900 14.325 -10.056 8.225 13.925 -9.839 6.200 10.900 -11.192
3 16 4.975 17.000 -12.011 5.650 11.350 -11.560 4.975 11.467 -12.011
3 16 4.975 8.255 -12.011 5.650 7.650 -11.560 4.975 7.505 -12.011
3 16 4.975 8.443 -12.011 5.550 10.750 -11.627 5.850 10.650 -11.426
3 16 5.850 10.650 -11.426 5.300 8.450 -11.794 4.975 8.443 -12.011
3 16 5.250 11.000 -11.827 5.550 10.750 -11.627 4.975 8.443 -12.011
3 16 4.975 11.467 -12.011 5.250 11.000 -11.827 4.975 8.443 -12.011
3 16 7.050 6.400 -10.624 6.800 7.050 -10.791 8.225 13.925 -9.839
3 16 8.225 13.925 -9.839 9.192 13.330 -9.192 7.050 6.400 -10.624
3 16 4.975 6.141 -12.011 4.975 4.000 -12.011 0.000 4.000 -13.000
3 16 0.000 4.000 -13.000 3.900 6.700 -12.225 4.975 6.141 -12.011
3 16 2.450 7.300 -12.513 3.900 6.700 -12.225 0.000 4.000 -13.000
3 16 1.250 7.900 -12.751 2.450 7.300 -12.513 0.000 4.000 -13.000
3 16 4.975 7.505 -12.011 3.850 7.550 -12.234 3.600 7.950 -12.284
3 16 3.600 7.950 -12.284 4.250 7.950 -12.155 4.975 7.505 -12.011
3 16 4.624 8.949 -12.081 4.975 8.443 -12.011 4.261 8.427 -12.153
3 16 3.490 11.409 -12.306 3.450 14.950 -12.314 3.850 15.300 -12.234
3 16 3.850 15.300 -12.234 4.033 11.232 -12.198 3.490 11.409 -12.306
3 16 2.924 11.329 -12.419 2.950 14.750 -12.413 3.450 14.950 -12.314
3 16 3.450 14.950 -12.314 3.490 11.409 -12.306 2.924 11.329 -12.419
3 16 2.421 11.003 -12.519 2.300 14.650 -12.543 2.950 14.750 -12.413
3 16 2.950 14.750 -12.413 2.924 11.329 -12.419 2.421 11.003 -12.519
3 16 2.059 10.481 -12.591 0.850 14.650 -12.831 2.300 14.650 -12.543
3 16 2.300 14.650 -12.543 2.421 11.003 -12.519 2.059 10.481 -12.591
3 16 0.325 14.750 -12.935 0.550 14.725 -12.891 0.850 14.650 -12.831
3 16 0.850 14.650 -12.831 2.059 10.481 -12.591 0.325 14.750 -12.935
3 16 1.892 9.842 -12.624 0.000 14.775 -13.000 0.325 14.750 -12.935
3 16 0.325 14.750 -12.935 2.059 10.481 -12.591 1.892 9.842 -12.624
3 16 1.945 9.184 -12.613 1.150 8.850 -12.771 0.000 14.775 -13.000
3 16 0.000 14.775 -13.000 1.892 9.842 -12.624 1.945 9.184 -12.613
3 16 2.012 9.006 -12.600 1.600 8.900 -12.682 1.150 8.850 -12.771
3 16 1.150 8.850 -12.771 1.945 9.184 -12.613 2.012 9.006 -12.600
3 16 2.500 7.950 -12.503 2.950 8.050 -12.413 3.600 7.950 -12.284
3 16 3.600 7.950 -12.284 3.850 7.550 -12.234 2.500 7.950 -12.503
3 16 1.750 8.500 -12.652 2.400 8.300 -12.523 2.950 8.050 -12.413
3 16 2.950 8.050 -12.413 2.500 7.950 -12.503 1.750 8.500 -12.652
3 16 1.150 8.850 -12.771 1.750 8.500 -12.652 2.500 7.950 -12.503
3 16 2.500 7.950 -12.503 1.400 8.350 -12.722 1.150 8.850 -12.771
3 16 1.150 8.850 -12.771 1.400 8.350 -12.722 1.250 8.300 -12.751
3 16 1.150 8.850 -12.771 1.250 8.300 -12.751 1.150 8.100 -12.771
3 16 1.150 8.100 -12.771 1.250 7.900 -12.751 0.000 4.000 -13.000
3 16 0.000 14.775 -13.000 1.150 8.850 -12.771 1.150 8.100 -12.771
3 16 1.150 8.100 -12.771 0.000 4.000 -13.000 0.000 14.775 -13.000
3 16 0.650 15.275 -12.871 1.050 16.350 -12.791 1.750 16.350 -12.652
3 16 1.750 16.350 -12.652 0.950 15.200 -12.811 0.650 15.275 -12.871
3 16 0.350 15.400 -12.930 0.350 16.400 -12.930 1.050 16.350 -12.791
3 16 1.050 16.350 -12.791 0.650 15.275 -12.871 0.350 15.400 -12.930
3 16 0.000 15.450 -13.000 0.000 16.400 -13.000 0.350 16.400 -12.930
3 16 0.350 16.400 -12.930 0.350 15.400 -12.930 0.000 15.450 -13.000
3 16 1.750 16.350 -12.652 4.975 17.000 -12.011 3.850 15.300 -12.234
3 16 3.850 15.300 -12.234 3.300 15.200 -12.344 1.750 16.350 -12.652
3 16 1.750 16.350 -12.652 3.300 15.200 -12.344 0.950 15.200 -12.811
3 16 1.450 16.650 -12.712 4.975 17.000 -12.011 1.750 16.350 -12.652
3 16 0.850 16.850 -12.831 4.975 17.000 -12.011 1.450 16.650 -12.712
3 16 0.000 16.900 -13.000 0.000 17.000 -13.000 4.975 17.000 -12.011
3 16 4.975 17.000 -12.011 0.850 16.850 -12.831 0.000 16.900 -13.000
3 16 4.975 17.000 -12.011 4.975 11.467 -12.011 3.850 15.300 -12.234
3 16 4.975 8.255 -12.011 4.975 7.505 -12.011 4.800 8.150 -12.046
3 16 4.250 7.950 -12.155 4.800 8.150 -12.046 4.975 7.505 -12.011
3 16 4.624 8.949 -12.081 4.791 9.588 -12.047 4.975 8.443 -12.011
3 16 4.975 11.467 -12.011 4.975 8.443 -12.011 4.791 9.588 -12.047
3 16 4.737 10.246 -12.058 4.975 11.467 -12.011 4.791 9.588 -12.047
3 16 4.471 10.824 -12.111 4.975 11.467 -12.011 4.737 10.246 -12.058
3 16 3.850 15.300 -12.234 4.975 11.467 -12.011 4.471 10.824 -12.111
3 16 4.471 10.824 -12.111 4.033 11.232 -12.198 3.850 15.300 -12.234
3 16 9.914 20.695 0.000 9.159 20.695 -3.794 7.391 21.000 -3.062
3 16 7.391 21.000 -3.062 8.000 21.000 0.000 9.914 20.695 0.000
3 16 11.535 19.828 0.000 10.658 19.828 -4.414 9.159 20.695 -3.794
3 16 9.159 20.695 -3.794 9.914 20.695 0.000 11.535 19.828 0.000
3 16 12.619 18.531 0.000 11.659 18.531 -4.830 10.658 19.828 -4.414
3 16 10.658 19.828 -4.414 11.535 19.828 0.000 12.619 18.531 0.000
3 16 9.159 20.695 -3.794 7.010 20.695 -7.010 5.657 21.000 -5.657
3 16 5.657 21.000 -5.657 7.391 21.000 -3.062 9.159 20.695 -3.794
3 16 10.658 19.828 -4.414 8.157 19.828 -8.157 7.010 20.695 -7.010
3 16 7.010 20.695 -7.010 9.159 20.695 -3.794 10.658 19.828 -4.414
3 16 11.659 18.531 -4.830 8.923 18.531 -8.923 8.157 19.828 -8.157
3 16 8.157 19.828 -8.157 10.658 19.828 -4.414 11.659 18.531 -4.830
3 16 7.010 20.695 -7.010 3.794 20.695 -9.159 3.062 21.000 -7.391
3 16 3.062 21.000 -7.391 5.657 21.000 -5.657 7.010 20.695 -7.010
3 16 8.157 19.828 -8.157 4.414 19.828 -10.658 3.794 20.695 -9.159
3 16 3.794 20.695 -9.159 7.010 20.695 -7.010 8.157 19.828 -8.157
3 16 8.157 19.828 -8.157 8.923 18.531 -8.923 7.130 18.531 -10.122
3 16 7.130 18.531 -10.122 6.825 19.075 -9.789 8.157 19.828 -8.157
3 16 4.830 18.531 -11.659 4.414 19.828 -10.658 8.157 19.828 -8.157
3 16 8.157 19.828 -8.157 6.825 19.075 -9.789 4.830 18.531 -11.659
3 16 6.825 19.075 -9.789 6.970 18.531 -10.229 4.830 18.531 -11.659
3 16 3.794 20.695 -9.159 0.000 20.695 -9.914 0.000 21.000 -8.000
3 16 0.000 21.000 -8.000 3.062 21.000 -7.391 3.794 20.695 -9.159
3 16 4.414 19.828 -10.658 0.000 19.828 -11.535 0.000 20.695 -9.914
3 16 0.000 20.695 -9.914 3.794 20.695 -9.159 4.414 19.828 -10.658
3 16 4.830 18.531 -11.659 0.000 18.531 -12.619 0.000 19.828 -11.535
3 16 0.000 19.828 -11.535 4.414 19.828 -10.658 4.830 18.531 -11.659
3 16 11.659 18.531 -4.830 12.619 18.531 0.000 13.000 17.000 0.000
3 16 13.000 17.000 0.000 12.011 17.000 -4.975 11.659 18.531 -4.830
3 16 8.923 18.531 -8.923 11.659 18.531 -4.830 12.011 17.000 -4.975
3 16 12.011 17.000 -4.975 9.192 17.000 -9.192 8.923 18.531 -8.923
3 16 7.175 18.450 -10.115 8.923 18.531 -8.923 9.192 17.000 -9.192
3 16 9.192 17.000 -9.192 7.575 17.425 -10.149 7.175 18.450 -10.115
3 16 7.130 18.531 -10.122 8.923 18.531 -8.923 7.175 18.450 -10.115
3 16 4.975 17.000 -12.011 4.830 18.531 -11.659 6.970 18.531 -10.229
3 16 6.970 18.531 -10.229 7.125 17.950 -10.295 4.975 17.000 -12.011
3 16 7.125 17.950 -10.295 7.250 17.000 -10.490 4.975 17.000 -12.011
3 16 7.575 17.425 -10.149 9.192 17.000 -9.192 7.681 17.000 -10.202
3 16 0.000 18.531 -12.619 4.830 18.531 -11.659 4.975 17.000 -12.011
3 16 4.975 17.000 -12.011 0.000 17.000 -13.000 0.000 18.531 -12.619
3 16 13.000 17.000 0.000 12.011 17.000 4.975 12.011 4.000 4.975
3 16 12.011 4.000 4.975 13.000 4.000 0.000 13.000 17.000 0.000
3 16 10.000 9.600 7.984 9.192 4.000 9.192 12.011 4.000 4.975
3 16 12.011 17.000 4.975 10.050 11.050 7.909 10.000 9.600 7.984
3 16 10.000 9.600 7.984 12.011 4.000 4.975 12.011 17.000 4.975
3 16 10.000 11.950 7.984 10.050 11.050 7.909 12.011 17.000 4.975
3 16 9.192 17.000 9.192 9.800 12.500 8.283 10.000 11.950 7.984
3 16 10.000 11.950 7.984 12.011 17.000 4.975 9.192 17.000 9.192
3 16 9.650 11.850 8.507 9.192 4.000 9.192 10.000 9.600 7.984
3 16 10.000 9.600 7.984 9.800 11.100 8.283 9.650 11.850 8.507
3 16 9.192 12.565 9.192 9.192 4.000 9.192 9.650 11.850 8.507
3 16 9.650 11.850 8.507 9.450 12.350 8.807 9.192 12.565 9.192
3 16 9.192 13.090 9.192 9.800 12.500 8.283 9.192 17.000 9.192
3 16 6.500 5.000 10.992 6.000 5.300 11.326 5.350 5.550 11.760
3 16 5.350 5.550 11.760 5.350 5.250 11.760 6.500 5.000 10.992
3 16 9.192 4.000 9.192 6.500 5.000 10.992 5.350 5.250 11.760
3 16 5.350 5.250 11.760 5.150 4.750 11.894 9.192 4.000 9.192
3 16 4.975 4.969 12.011 4.975 4.000 12.011 5.150 4.750 11.894
3 16 5.150 4.750 11.894 4.975 4.000 12.011 9.192 4.000 9.192
3 16 6.500 5.000 10.992 9.192 4.000 9.192 6.500 5.650 10.992
3 16 6.300 10.300 11.125 5.900 6.800 11.393 6.300 6.200 11.125
3 16 6.300 6.200 11.125 6.500 10.350 10.992 6.300 10.300 11.125
3 16 5.500 7.000 11.660 5.900 6.800 11.393 6.300 10.300 11.125
3 16 6.300 10.300 11.125 5.300 8.100 11.794 5.500 7.000 11.660
3 16 5.350 10.950 11.760 7.000 16.400 10.657 6.871 17.000 10.743
3 16 6.871 17.000 10.743 4.975 17.000 12.011 5.350 10.950 11.760
3 16 7.000 16.400 10.657 5.350 10.950 11.760 7.150 15.550 10.557
3 16 5.600 10.950 11.593 7.300 14.800 10.457 7.150 15.550 10.557
3 16 7.150 15.550 10.557 5.350 10.950 11.760 5.600 10.950 11.593
3 16 6.100 10.900 11.259 7.600 14.000 10.257 7.300 14.800 10.457
3 16 7.300 14.800 10.457 5.600 10.950 11.593 6.100 10.900 11.259
3 16 6.400 10.800 11.058 8.150 13.300 9.889 7.600 14.000 10.257
3 16 7.600 14.000 10.257 6.100 10.900 11.259 6.400 10.800 11.058
3 16 6.550 10.650 10.958 8.850 12.850 9.421 8.150 13.300 9.889
3 16 8.150 13.300 9.889 6.400 10.800 11.058 6.550 10.650 10.958
3 16 8.200 13.900 9.856 8.600 13.500 9.588 9.192 13.090 9.192
3 16 9.192 13.090 9.192 9.192 17.000 9.192 8.200 13.900 9.856
3 16 7.700 15.150 10.190 7.900 14.400 10.056 8.200 13.900 9.856
3 16 8.200 13.900 9.856 9.192 17.000 9.192 7.700 15.150 10.190
3 16 7.500 16.100 10.323 7.700 15.150 10.190 9.192 17.000 9.192
3 16 7.213 17.000 10.515 7.500 16.100 10.323 9.192 17.000 9.192
3 16 6.550 10.650 10.958 9.192 4.000 9.192 9.192 12.565 9.192
3 16 9.192 12.565 9.192 8.850 12.850 9.421 6.550 10.650 10.958
3 16 6.300 6.200 11.125 9.192 4.000 9.192 6.550 10.650 10.958
3 16 6.550 10.650 10.958 6.500 10.350 10.992 6.300 6.200 11.125
3 16 6.500 5.650 10.992 9.192 4.000 9.192 6.300 6.200 11.125
3 16 4.975 7.000 12.011 5.500 7.000 11.660 5.300 8.100 11.794
3 16 5.300 8.100 11.794 4.975 7.982 12.011 4.975 7.000 12.011
3 16 4.975 8.189 12.011 5.300 8.100 11.794 6.300 10.300 11.125
3 16 6.300 10.300 11.125 5.950 10.350 11.359 4.975 8.189 12.011
3 16 5.600 10.500 11.593 4.975 8.189 12.011 5.950 10.350 11.359
3 16 5.350 10.700 11.760 4.975 8.189 12.011 5.600 10.500 11.593
3 16 5.250 10.850 11.827 4.975 8.189 12.011 5.350 10.700 11.760
3 16 4.975 17.000 12.011 4.975 8.189 12.011 5.250 10.850 11.827
3 16 4.975 17.000 12.011 5.250 10.850 11.827 5.350 10.950 11.760
3 16 4.975 4.969 12.011 4.750 5.250 12.056 4.400 5.600 12.125
3 16 4.400 5.600 12.125 4.975 4.000 12.011 4.975 4.969 12.011
3 16 3.600 6.200 12.284 0.000 4.000 13.000 4.975 4.000 12.011
3 16 4.975 4.000 12.011 4.400 5.600 12.125 3.600 6.200 12.284
3 16 2.600 6.800 12.483 0.000 4.000 13.000 3.600 6.200 12.284
3 16 1.450 7.600 12.712 0.000 4.000 13.000 2.600 6.800 12.483
3 16 0.850 8.100 12.831 0.000 4.000 13.000 1.450 7.600 12.712
3 16 3.900 7.050 12.225 4.450 6.950 12.115 4.750 7.900 12.056
3 16 4.750 7.900 12.056 3.950 7.800 12.215 3.900 7.050 12.225
3 16 2.850 7.650 12.433 3.900 7.050 12.225 3.950 7.800 12.215
3 16 3.950 7.800 12.215 3.400 7.900 12.324 2.850 7.650 12.433
3 16 1.700 8.300 12.662 2.850 7.650 12.433 3.400 7.900 12.324
3 16 3.400 7.900 12.324 2.950 8.050 12.413 1.700 8.300 12.662
3 16 1.700 8.300 12.662 2.950 8.050 12.413 2.200 8.500 12.563
3 16 1.100 8.550 12.781 1.700 8.300 12.662 2.200 8.500 12.563
3 16 2.200 8.500 12.563 1.550 8.950 12.692 1.100 8.550 12.781
3 16 0.950 8.550 12.811 1.100 8.550 12.781 1.550 8.950 12.692
3 16 1.550 8.950 12.692 1.200 9.300 12.761 0.950 8.550 12.811
3 16 1.200 9.300 12.761 1.974 9.258 12.607 1.965 9.800 12.609
3 16 2.074 10.442 12.588 1.200 9.300 12.761 1.965 9.800 12.609
3 16 0.800 8.250 12.841 0.000 4.000 13.000 0.850 8.100 12.831
3 16 4.450 6.950 12.115 4.975 7.000 12.011 4.975 7.982 12.011
3 16 4.975 7.982 12.011 4.750 7.900 12.056 4.450 6.950 12.115
3 16 4.250 8.500 12.155 4.750 8.250 12.056 4.975 8.189 12.011
3 16 4.975 8.189 12.011 4.726 9.158 12.060 4.250 8.500 12.155
3 16 4.726 9.158 12.060 4.975 8.189 12.011 4.835 9.800 12.039
3 16 9.914 20.695 0.000 8.000 21.000 0.000 7.391 21.000 3.062
3 16 7.391 21.000 3.062 9.159 20.695 3.794 9.914 20.695 0.000
3 16 11.535 19.828 0.000 9.914 20.695 0.000 9.159 20.695 3.794
3 16 9.159 20.695 3.794 10.658 19.828 4.414 11.535 19.828 0.000
3 16 12.619 18.531 0.000 11.535 19.828 0.000 10.658 19.828 4.414
3 16 10.658 19.828 4.414 11.659 18.531 4.830 12.619 18.531 0.000
3 16 9.159 20.695 3.794 7.391 21.000 3.062 5.657 21.000 5.657
3 16 5.657 21.000 5.657 7.010 20.695 7.010 9.159 20.695 3.794
3 16 10.658 19.828 4.414 9.159 20.695 3.794 7.010 20.695 7.010
3 16 7.010 20.695 7.010 8.157 19.828 8.157 10.658 19.828 4.414
3 16 11.659 18.531 4.830 10.658 19.828 4.414 8.157 19.828 8.157
3 16 8.157 19.828 8.157 8.923 18.531 8.923 11.659 18.531 4.830
3 16 7.010 20.695 7.010 5.657 21.000 5.657 3.062 21.000 7.391
3 16 3.062 21.000 7.391 3.794 20.695 9.159 7.010 20.695 7.010
3 16 8.157 19.828 8.157 7.010 20.695 7.010 3.794 20.695 9.159
3 16 3.794 20.695 9.159 4.414 19.828 10.658 8.157 19.828 8.157
3 16 8.923 18.531 8.923 8.157 19.828 8.157 4.414 19.828 10.658
3 16 4.414 19.828 10.658 4.830 18.531 11.659 8.923 18.531 8.923
3 16 3.794 20.695 9.159 3.062 21.000 7.391 0.000 21.000 8.000
3 16 0.000 21.000 8.000 0.000 20.695 9.914 3.794 20.695 9.159
3 16 4.414 19.828 10.658 3.794 20.695 9.159 0.000 20.695 9.914
3 16 0.000 20.695 9.914 0.000 19.828 11.535 4.414 19.828 10.658
3 16 4.830 18.531 11.659 4.414 19.828 10.658 0.000 19.828 11.535
3 16 0.000 19.828 11.535 0.000 18.531 12.619 4.830 18.531 11.659
3 16 11.659 18.531 4.830 12.011 17.000 4.975 13.000 17.000 0.000
3 16 13.000 17.000 0.000 12.619 18.531 0.000 11.659 18.531 4.830
3 16 8.923 18.531 8.923 9.192 17.000 9.192 12.011 17.000 4.975
3 16 12.011 17.000 4.975 11.659 18.531 4.830 8.923 18.531 8.923
3 16 9.192 17.000 9.192 8.923 18.531 8.923 6.650 17.750 10.672
3 16 6.650 17.750 10.672 7.213 17.000 10.515 9.192 17.000 9.192
3 16 4.830 18.531 11.659 6.650 17.750 10.672 8.923 18.531 8.923
3 16 6.871 17.000 10.743 6.650 17.750 10.672 4.830 18.531 11.659
3 16 4.830 18.531 11.659 4.975 17.000 12.011 6.871 17.000 10.743
3 0 4.975 8.443 -12.011 5.300 8.450 -11.794 4.975 8.255 -12.011
3 0 4.624 8.949 -12.081 4.261 8.427 -12.153 3.821 8.729 -12.240
3 0 3.821 8.729 -12.240 3.950 8.922 -12.215 4.624 8.949 -12.081
3 0 4.791 9.588 -12.047 4.624 8.949 -12.081 3.950 8.922 -12.215
3 0 3.950 8.922 -12.215 3.995 9.150 -12.206 4.791 9.588 -12.047
3 0 4.737 10.246 -12.058 4.791 9.588 -12.047 3.995 9.150 -12.206
3 0 3.995 9.150 -12.206 3.950 9.378 -12.215 4.737 10.246 -12.058
3 0 4.471 10.824 -12.111 4.737 10.246 -12.058 3.950 9.378 -12.215
3 0 3.950 9.378 -12.215 3.821 9.571 -12.240 4.471 10.824 -12.111
3 0 4.033 11.232 -12.198 4.471 10.824 -12.111 3.821 9.571 -12.240
3 0 3.821 9.571 -12.240 3.628 9.700 -12.279 4.033 11.232 -12.198
3 0 3.490 11.409 -12.306 4.033 11.232 -12.198 3.628 9.700 -12.279
3 0 3.628 9.700 -12.279 3.400 9.745 -12.324 3.490 11.409 -12.306
3 0 2.924 11.329 -12.419 3.490 11.409 -12.306 3.400 9.745 -12.324
3 0 3.400 9.745 -12.324 3.172 9.700 -12.369 2.924 11.329 -12.419
3 0 2.979 9.571 -12.408 2.421 11.003 -12.519 2.924 11.329 -12.419
3 0 2.924 11.329 -12.419 3.172 9.700 -12.369 2.979 9.571 -12.408
3 0 2.850 9.378 -12.433 2.059 10.481 -12.591 2.421 11.003 -12.519
3 0 2.421 11.003 -12.519 2.979 9.571 -12.408 2.850 9.378 -12.433
3 0 1.945 9.184 -12.613 1.892 9.842 -12.624 2.059 10.481 -12.591
3 0 2.059 10.481 -12.591 2.850 9.378 -12.433 1.945 9.184 -12.613
3 0 2.012 9.006 -12.600 1.945 9.184 -12.613 2.850 9.378 -12.433
3 0 2.850 9.378 -12.433 2.805 9.150 -12.442 2.012 9.006 -12.600
3 0 4.250 7.950 -12.155 4.975 8.443 -12.011 4.975 8.255 -12.011
3 0 4.975 8.255 -12.011 4.800 8.150 -12.046 4.250 7.950 -12.155
3 0 4.261 8.427 -12.153 4.975 8.443 -12.011 4.250 7.950 -12.155
3 0 3.628 8.600 -12.279 3.821 8.729 -12.240 4.261 8.427 -12.153
3 0 4.261 8.427 -12.153 4.250 7.950 -12.155 3.628 8.600 -12.279
3 0 3.400 8.555 -12.324 3.628 8.600 -12.279 4.250 7.950 -12.155
3 0 4.250 7.950 -12.155 3.600 7.950 -12.284 3.400 8.555 -12.324
3 0 3.172 8.600 -12.369 3.400 8.555 -12.324 3.600 7.950 -12.284
3 0 3.600 7.950 -12.284 2.950 8.050 -12.413 3.172 8.600 -12.369
3 0 2.979 8.729 -12.408 3.172 8.600 -12.369 2.950 8.050 -12.413
3 0 2.950 8.050 -12.413 2.400 8.300 -12.523 2.979 8.729 -12.408
3 0 1.750 8.500 -12.652 2.850 8.922 -12.433 2.979 8.729 -12.408
3 0 2.979 8.729 -12.408 2.400 8.300 -12.523 1.750 8.500 -12.652
3 0 2.012 9.006 -12.600 2.805 9.150 -12.442 2.850 8.922 -12.433
3 0 2.850 8.922 -12.433 1.750 8.500 -12.652 2.012 9.006 -12.600
3 0 1.600 8.900 -12.682 2.012 9.006 -12.600 1.750 8.500 -12.652
3 0 1.150 8.850 -12.771 1.600 8.900 -12.682 1.750 8.500 -12.652
3 0 2.950 14.750 -12.413 3.300 15.200 -12.344 3.850 15.300 -12.234
3 0 3.850 15.300 -12.234 3.450 14.950 -12.314 2.950 14.750 -12.413
3 0 0.950 15.200 -12.811 3.300 15.200 -12.344 2.950 14.750 -12.413
3 0 2.950 14.750 -12.413 2.300 14.650 -12.543 0.950 15.200 -12.811
3 0 0.550 14.725 -12.891 0.950 15.200 -12.811 2.300 14.650 -12.543
3 0 2.300 14.650 -12.543 0.850 14.650 -12.831 0.550 14.725 -12.891
3 0 0.325 14.750 -12.935 0.650 15.275 -12.871 0.950 15.200 -12.811
3 0 0.950 15.200 -12.811 0.550 14.725 -12.891 0.325 14.750 -12.935
3 0 0.000 15.450 -13.000 0.350 15.400 -12.930 0.650 15.275 -12.871
3 0 0.650 15.275 -12.871 0.325 14.750 -12.935 0.000 15.450 -13.000
3 0 0.000 14.775 -13.000 0.000 15.450 -13.000 0.325 14.750 -12.935
3 15 3.950 9.378 -12.215 3.995 9.150 -12.206 3.950 8.922 -12.215
3 15 3.950 8.922 -12.215 3.400 9.150 -12.324 3.950 9.378 -12.215
3 15 3.628 9.700 -12.279 3.821 9.571 -12.240 3.950 9.378 -12.215
3 15 3.950 9.378 -12.215 3.400 9.150 -12.324 3.628 9.700 -12.279
3 15 3.172 9.700 -12.369 3.400 9.745 -12.324 3.628 9.700 -12.279
3 15 3.628 9.700 -12.279 3.400 9.150 -12.324 3.172 9.700 -12.369
3 15 2.850 9.378 -12.433 2.979 9.571 -12.408 3.172 9.700 -12.369
3 15 3.172 9.700 -12.369 3.400 9.150 -12.324 2.850 9.378 -12.433
3 15 2.850 8.922 -12.433 2.805 9.150 -12.442 2.850 9.378 -12.433
3 15 2.850 9.378 -12.433 3.400 9.150 -12.324 2.850 8.922 -12.433
3 15 3.172 8.600 -12.369 2.979 8.729 -12.408 2.850 8.922 -12.433
3 15 2.850 8.922 -12.433 3.400 9.150 -12.324 3.172 8.600 -12.369
3 15 3.628 8.600 -12.279 3.400 8.555 -12.324 3.172 8.600 -12.369
3 15 3.172 8.600 -12.369 3.400 9.150 -12.324 3.628 8.600 -12.279
3 15 3.950 8.922 -12.215 3.821 8.729 -12.240 3.628 8.600 -12.279
3 15 3.628 8.600 -12.279 3.400 9.150 -12.324 3.950 8.922 -12.215
3 25 6.800 7.050 -10.791 7.050 6.400 -10.624 7.100 5.850 -10.591
3 25 7.100 5.850 -10.591 6.750 6.000 -10.825 6.800 7.050 -10.791
3 25 6.400 7.450 -11.058 6.800 7.050 -10.791 6.750 6.000 -10.825
3 25 6.750 6.000 -10.825 6.050 6.200 -11.292 6.400 7.450 -11.058
3 25 5.650 7.650 -11.560 6.050 7.650 -11.292 6.400 7.450 -11.058
3 25 6.400 7.450 -11.058 6.050 6.200 -11.292 5.650 7.650 -11.560
3 25 6.100 5.900 -11.259 5.150 6.050 -11.894 5.650 7.650 -11.560
3 25 5.650 7.650 -11.560 6.050 6.200 -11.292 6.100 5.900 -11.259
3 25 5.150 6.050 -11.894 6.100 5.900 -11.259 5.600 5.800 -11.593
3 25 5.600 5.800 -11.593 6.100 5.900 -11.259 6.100 5.450 -11.259
3 25 4.975 6.141 -12.011 4.975 7.505 -12.011 5.650 7.650 -11.560
3 25 5.650 7.650 -11.560 5.150 6.050 -11.894 4.975 6.141 -12.011
3 25 3.850 7.550 -12.234 4.975 7.505 -12.011 4.975 6.141 -12.011
3 25 4.975 6.141 -12.011 3.900 6.700 -12.225 3.850 7.550 -12.234
3 25 2.500 7.950 -12.503 3.850 7.550 -12.234 3.900 6.700 -12.225
3 25 3.900 6.700 -12.225 2.450 7.300 -12.513 2.500 7.950 -12.503
3 25 1.400 8.350 -12.722 2.500 7.950 -12.503 2.450 7.300 -12.513
3 25 2.450 7.300 -12.513 1.250 7.900 -12.751 1.400 8.350 -12.722
3 25 1.250 8.300 -12.751 1.400 8.350 -12.722 1.250 7.900 -12.751
3 25 1.250 7.900 -12.751 1.150 8.100 -12.771 1.250 8.300 -12.751
3 84 10.350 12.350 -7.460 10.400 11.225 -7.385 10.300 9.875 -7.535
3 84 10.300 9.875 -7.535 10.125 11.525 -7.797 10.350 12.350 -7.460
3 84 10.175 13.125 -7.722 10.350 12.350 -7.460 10.125 11.525 -7.797
3 84 10.125 11.525 -7.797 10.000 12.450 -7.984 10.175 13.125 -7.722
3 84 9.675 13.675 -8.470 10.175 13.125 -7.722 10.000 12.450 -7.984
3 84 10.000 12.450 -7.984 9.800 12.925 -8.283 9.675 13.675 -8.470
3 84 9.192 13.330 -9.192 9.192 13.941 -9.192 9.675 13.675 -8.470
3 84 9.675 13.675 -8.470 9.800 12.925 -8.283 9.192 13.330 -9.192
3 84 6.200 10.900 -11.192 5.550 10.750 -11.627 5.650 11.350 -11.560
3 84 5.650 11.350 -11.560 6.100 11.150 -11.259 6.200 10.900 -11.192
3 84 6.150 10.700 -11.226 5.850 10.650 -11.426 5.550 10.750 -11.627
3 84 5.550 10.750 -11.627 6.200 10.900 -11.192 6.150 10.700 -11.226
3 84 7.900 14.325 -10.056 8.400 14.550 -9.722 8.950 14.075 -9.354
3 84 8.950 14.075 -9.354 8.225 13.925 -9.839 7.900 14.325 -10.056
3 84 8.250 14.925 -9.822 8.400 14.550 -9.722 7.900 14.325 -10.056
3 84 7.900 14.325 -10.056 7.675 14.800 -10.206 8.250 14.925 -9.822
3 84 7.850 16.325 -10.089 8.250 14.925 -9.822 7.675 14.800 -10.206
3 84 7.675 14.800 -10.206 7.450 15.825 -10.357 7.850 16.325 -10.089
3 84 7.681 17.000 -10.202 7.850 16.325 -10.089 7.450 15.825 -10.357
3 84 7.450 15.825 -10.357 7.250 17.000 -10.490 7.681 17.000 -10.202
3 84 9.192 13.330 -9.192 8.225 13.925 -9.839 8.950 14.075 -9.354
3 84 8.950 14.075 -9.354 9.192 13.941 -9.192 9.192 13.330 -9.192
3 84 4.975 11.467 -12.011 5.650 11.350 -11.560 5.550 10.750 -11.627
3 84 5.550 10.750 -11.627 5.250 11.000 -11.827 4.975 11.467 -12.011
3 84 0.850 16.850 -12.831 1.450 16.650 -12.712 1.750 16.350 -12.652
3 84 1.750 16.350 -12.652 1.050 16.350 -12.791 0.850 16.850 -12.831
3 84 0.000 16.900 -13.000 0.850 16.850 -12.831 1.050 16.350 -12.791
3 84 1.050 16.350 -12.791 0.350 16.400 -12.930 0.000 16.900 -13.000
3 84 0.000 16.900 -13.000 0.350 16.400 -12.930 0.000 16.400 -13.000
3 84 6.825 19.075 -9.789 7.130 18.531 -10.122 6.970 18.531 -10.229
3 84 7.681 17.000 -10.202 7.250 17.000 -10.490 7.125 17.950 -10.295
3 84 7.125 17.950 -10.295 7.575 17.425 -10.149 7.681 17.000 -10.202
3 84 7.575 17.425 -10.149 6.970 18.531 -10.229 7.130 18.531 -10.122
3 84 7.130 18.531 -10.122 7.175 18.450 -10.115 7.575 17.425 -10.149
3 84 7.125 17.950 -10.295 6.970 18.531 -10.229 7.575 17.425 -10.149
3 0 4.975 8.189 12.011 4.975 7.982 12.011 5.300 8.100 11.794
3 0 4.835 9.800 12.039 4.013 9.250 12.202 3.966 9.015 12.211
3 0 3.966 9.015 12.211 4.726 9.158 12.060 4.835 9.800 12.039
3 0 4.726 10.442 12.060 3.966 9.485 12.211 4.013 9.250 12.202
3 0 4.013 9.250 12.202 4.835 9.800 12.039 4.726 10.442 12.060
3 0 4.415 10.987 12.122 3.834 9.683 12.238 3.966 9.485 12.211
3 0 3.966 9.485 12.211 4.726 10.442 12.060 4.415 10.987 12.122
3 0 3.949 11.350 12.215 3.635 9.816 12.277 3.834 9.683 12.238
3 0 3.834 9.683 12.238 4.415 10.987 12.122 3.949 11.350 12.215
3 0 3.400 11.478 12.324 3.400 9.863 12.324 3.635 9.816 12.277
3 0 3.635 9.816 12.277 3.949 11.350 12.215 3.400 11.478 12.324
3 0 2.851 11.350 12.433 3.165 9.816 12.371 3.400 9.863 12.324
3 0 3.400 9.863 12.324 3.400 11.478 12.324 2.851 11.350 12.433
3 0 2.385 10.987 12.526 2.967 9.683 12.410 3.165 9.816 12.371
3 0 3.165 9.816 12.371 2.851 11.350 12.433 2.385 10.987 12.526
3 0 2.074 10.442 12.588 2.834 9.485 12.437 2.967 9.683 12.410
3 0 2.967 9.683 12.410 2.385 10.987 12.526 2.074 10.442 12.588
3 0 2.787 9.250 12.446 2.834 9.485 12.437 2.074 10.442 12.588
3 0 2.074 10.442 12.588 1.965 9.800 12.609 2.787 9.250 12.446
3 0 2.834 9.015 12.437 2.787 9.250 12.446 1.965 9.800 12.609
3 0 1.965 9.800 12.609 1.974 9.258 12.607 2.834 9.015 12.437
3 0 3.950 7.800 12.215 4.750 7.900 12.056 4.975 7.982 12.011
3 0 4.975 7.982 12.011 4.975 8.189 12.011 3.950 7.800 12.215
3 0 4.750 8.250 12.056 3.950 7.800 12.215 4.975 8.189 12.011
3 0 3.400 7.900 12.324 3.950 7.800 12.215 4.750 8.250 12.056
3 0 4.750 8.250 12.056 4.250 8.500 12.155 3.400 7.900 12.324
3 0 3.400 8.637 12.324 2.950 8.050 12.413 3.400 7.900 12.324
3 0 3.400 7.900 12.324 4.250 8.500 12.155 3.400 8.637 12.324
3 0 2.200 8.500 12.563 2.950 8.050 12.413 3.165 8.684 12.371
3 0 3.165 8.684 12.371 2.967 8.817 12.410 2.200 8.500 12.563
3 0 1.974 9.258 12.607 2.200 8.500 12.563 2.967 8.817 12.410
3 0 2.967 8.817 12.410 2.834 9.015 12.437 1.974 9.258 12.607
3 0 1.200 9.300 12.761 1.550 8.950 12.692 2.200 8.500 12.563
3 0 2.200 8.500 12.563 1.974 9.258 12.607 1.200 9.300 12.761
3 0 3.834 8.817 12.238 4.250 8.500 12.155 4.726 9.158 12.060
3 0 4.726 9.158 12.060 3.966 9.015 12.211 3.834 8.817 12.238
3 0 3.635 8.684 12.277 4.250 8.500 12.155 3.834 8.817 12.238
3 0 3.400 8.637 12.324 4.250 8.500 12.155 3.635 8.684 12.277
3 0 3.165 8.684 12.371 2.950 8.050 12.413 3.400 8.637 12.324
3 15 3.966 9.485 12.211 3.400 9.250 12.324 3.966 9.015 12.211
3 15 3.966 9.015 12.211 4.013 9.250 12.202 3.966 9.485 12.211
3 15 3.635 9.816 12.277 3.400 9.250 12.324 3.966 9.485 12.211
3 15 3.966 9.485 12.211 3.834 9.683 12.238 3.635 9.816 12.277
3 15 3.165 9.816 12.371 3.400 9.250 12.324 3.635 9.816 12.277
3 15 3.635 9.816 12.277 3.400 9.863 12.324 3.165 9.816 12.371
3 15 2.834 9.485 12.437 3.400 9.250 12.324 3.165 9.816 12.371
3 15 3.165 9.816 12.371 2.967 9.683 12.410 2.834 9.485 12.437
3 15 2.834 9.015 12.437 3.400 9.250 12.324 2.834 9.485 12.437
3 15 2.834 9.485 12.437 2.787 9.250 12.446 2.834 9.015 12.437
3 15 3.165 8.684 12.371 3.400 9.250 12.324 2.834 9.015 12.437
3 15 2.834 9.015 12.437 2.967 8.817 12.410 3.165 8.684 12.371
3 15 3.635 8.684 12.277 3.400 9.250 12.324 3.165 8.684 12.371
3 15 3.165 8.684 12.371 3.400 8.637 12.324 3.635 8.684 12.277
3 15 3.966 9.015 12.211 3.400 9.250 12.324 3.635 8.684 12.277
3 15 3.635 8.684 12.277 3.834 8.817 12.238 3.966 9.015 12.211
3 25 6.300 6.200 11.125 6.000 5.300 11.326 6.500 5.000 10.992
3 25 6.500 5.000 10.992 6.500 5.650 10.992 6.300 6.200 11.125
3 25 5.900 6.800 11.393 5.350 5.550 11.760 6.000 5.300 11.326
3 25 6.000 5.300 11.326 6.300 6.200 11.125 5.900 6.800 11.393
3 25 4.975 7.000 12.011 5.350 5.550 11.760 5.900 6.800 11.393
3 25 5.900 6.800 11.393 5.500 7.000 11.660 4.975 7.000 12.011
3 25 4.975 7.000 12.011 5.150 4.750 11.894 5.350 5.250 11.760
3 25 5.350 5.250 11.760 5.350 5.550 11.760 4.975 7.000 12.011
3 25 4.975 4.969 12.011 5.150 4.750 11.894 4.975 7.000 12.011
3 25 3.900 7.050 12.225 3.600 6.200 12.284 4.400 5.600 12.125
3 25 4.400 5.600 12.125 4.450 6.950 12.115 3.900 7.050 12.225
3 25 2.850 7.650 12.433 2.600 6.800 12.483 3.600 6.200 12.284
3 25 3.600 6.200 12.284 3.900 7.050 12.225 2.850 7.650 12.433
3 25 1.700 8.300 12.662 1.450 7.600 12.712 2.600 6.800 12.483
3 25 2.600 6.800 12.483 2.850 7.650 12.433 1.700 8.300 12.662
3 25 1.100 8.550 12.781 0.850 8.100 12.831 1.450 7.600 12.712
3 25 1.450 7.600 12.712 1.700 8.300 12.662 1.100 8.550 12.781
3 25 0.950 8.550 12.811 0.800 8.250 12.841 0.850 8.100 12.831
3 25 0.850 8.100 12.831 1.100 8.550 12.781 0.950 8.550 12.811
3 25 4.450 6.950 12.115 4.750 5.250 12.056 4.975 4.969 12.011
3 25 4.975 4.969 12.011 4.975 7.000 12.011 4.450 6.950 12.115
3 25 4.400 5.600 12.125 4.750 5.250 12.056 4.450 6.950 12.115
3 84 10.000 11.950 7.984 9.800 11.100 8.283 10.000 9.600 7.984
3 84 10.000 9.600 7.984 10.050 11.050 7.909 10.000 11.950 7.984
3 84 9.800 12.500 8.283 9.650 11.850 8.507 9.800 11.100 8.283
3 84 9.800 11.100 8.283 10.000 11.950 7.984 9.800 12.500 8.283
3 84 9.450 12.350 8.807 9.650 11.850 8.507 9.800 12.500 8.283
3 84 9.192 13.090 9.192 9.192 12.565 9.192 9.450 12.350 8.807
3 84 9.450 12.350 8.807 9.800 12.500 8.283 9.192 13.090 9.192
3 84 6.400 10.800 11.058 6.300 10.300 11.125 6.500 10.350 10.992
3 84 6.500 10.350 10.992 6.550 10.650 10.958 6.400 10.800 11.058
3 84 6.100 10.900 11.259 5.950 10.350 11.359 6.300 10.300 11.125
3 84 6.300 10.300 11.125 6.400 10.800 11.058 6.100 10.900 11.259
3 84 5.600 10.950 11.593 5.600 10.500 11.593 5.950 10.350 11.359
3 84 5.950 10.350 11.359 6.100 10.900 11.259 5.600 10.950 11.593
3 84 5.250 10.850 11.827 5.350 10.700 11.760 5.600 10.500 11.593
3 84 5.600 10.500 11.593 5.600 10.950 11.593 5.250 10.850 11.827
3 84 5.350 10.950 11.760 5.250 10.850 11.827 5.600 10.950 11.593
3 84 9.192 12.565 9.192 9.192 13.090 9.192 8.600 13.500 9.588
3 84 8.600 13.500 9.588 8.850 12.850 9.421 9.192 12.565 9.192
3 84 8.200 13.900 9.856 8.150 13.300 9.889 8.850 12.850 9.421
3 84 8.850 12.850 9.421 8.600 13.500 9.588 8.200 13.900 9.856
3 84 7.900 14.400 10.056 7.600 14.000 10.257 8.150 13.300 9.889
3 84 8.150 13.300 9.889 8.200 13.900 9.856 7.900 14.400 10.056
3 84 7.700 15.150 10.190 7.300 14.800 10.457 7.600 14.000 10.257
3 84 7.600 14.000 10.257 7.900 14.400 10.056 7.700 15.150 10.190
3 84 7.500 16.100 10.323 7.150 15.550 10.557 7.300 14.800 10.457
3 84 7.300 14.800 10.457 7.700 15.150 10.190 7.500 16.100 10.323
3 84 7.213 17.000 10.515 7.000 16.400 10.657 7.150 15.550 10.557
3 84 7.150 15.550 10.557 7.500 16.100 10.323 7.213 17.000 10.515
3 84 6.871 17.000 10.743 7.000 16.400 10.657 7.213 17.000 10.515
3 84 6.650 17.750 10.672 6.871 17.000 10.743 7.213 17.000 10.515
