0 FILE 3626bpb0368.dat
0 Minifigure, Head Dual Sided Huge Grin, White Pupils, Eyebrows / Sad with Tear, Convex Eyebrows Pattern - Blocked Open Stud
0 Name:  3626bpb0368.dat
0 Author:  
0 BL_Item_No 3626bpb0368
0 BFC CERTIFY CCW
3 16 -5.400 5.800 -11.727 -4.975 5.460 -12.011 -4.975 4.000 -12.011
3 16 -4.975 4.000 -12.011 -9.192 4.000 -9.192 -5.400 5.800 -11.727
3 16 -5.400 5.800 -11.727 -9.192 4.000 -9.192 -5.700 6.100 -11.526
3 16 -9.192 4.000 -9.192 -6.800 10.600 -10.791 -5.600 6.300 -11.593
3 16 -5.600 6.300 -11.593 -5.700 6.100 -11.526 -9.192 4.000 -9.192
3 16 -5.600 6.300 -11.593 -6.800 10.600 -10.791 -6.500 10.600 -10.991
3 16 -6.500 10.600 -10.991 -6.200 10.800 -11.192 -5.200 6.200 -11.860
3 16 -5.200 6.200 -11.860 -5.600 6.300 -11.593 -6.500 10.600 -10.991
3 16 -6.800 10.600 -10.791 -9.192 4.000 -9.192 -9.192 17.000 -9.192
3 16 -9.192 17.000 -9.192 -6.850 10.900 -10.758 -6.800 10.600 -10.791
3 16 -6.550 11.300 -10.958 -6.850 10.900 -10.758 -9.192 17.000 -9.192
3 16 -6.550 11.300 -10.958 -9.192 17.000 -9.192 -6.100 12.850 -11.259
3 16 -6.100 12.850 -11.259 -6.100 11.650 -11.259 -6.550 11.300 -10.958
3 16 -6.100 12.850 -11.259 -9.192 17.000 -9.192 -6.050 13.800 -11.292
3 16 -6.050 13.800 -11.292 -9.192 17.000 -9.192 -5.900 14.750 -11.392
3 16 -5.900 14.750 -11.392 -9.192 17.000 -9.192 -5.450 15.800 -11.693
3 16 -4.975 11.559 -12.011 -4.975 6.065 -12.011 -5.200 6.200 -11.860
3 16 -5.200 6.200 -11.860 -5.100 11.500 -11.927 -4.975 11.559 -12.011
3 16 -5.100 11.500 -11.927 -5.200 6.200 -11.860 -6.200 10.800 -11.192
3 16 -6.200 10.800 -11.192 -5.750 11.100 -11.493 -5.100 11.500 -11.927
3 16 -4.975 17.000 -12.011 -4.975 16.560 -12.011 -5.450 15.800 -11.693
3 16 -5.450 15.800 -11.693 -9.192 17.000 -9.192 -4.975 17.000 -12.011
3 16 -1.200 6.200 -12.761 -1.500 6.300 -12.702 -2.474 7.933 -12.508
3 16 -2.474 7.933 -12.508 0.000 7.000 -13.000 -1.200 6.200 -12.761
3 16 -4.951 5.441 -12.015 -4.900 5.400 -12.026 -4.975 4.000 -12.011
3 16 -4.900 5.400 -12.026 -4.300 5.200 -12.145 -4.975 4.000 -12.011
3 16 -4.300 5.200 -12.145 -3.600 5.100 -12.284 -4.975 4.000 -12.011
3 16 -3.600 5.100 -12.284 -2.900 5.150 -12.423 0.000 4.000 -13.000
3 16 0.000 4.000 -13.000 -4.975 4.000 -12.011 -3.600 5.100 -12.284
3 16 -2.250 5.350 -12.553 0.000 4.000 -13.000 -2.900 5.150 -12.423
3 16 -1.600 5.800 -12.682 0.000 4.000 -13.000 -2.250 5.350 -12.553
3 16 -1.600 5.800 -12.682 -1.200 6.200 -12.761 0.000 7.000 -13.000
3 16 0.000 7.000 -13.000 0.000 4.000 -13.000 -1.600 5.800 -12.682
3 16 -4.700 5.900 -12.065 -4.945 6.047 -12.017 -4.726 8.469 -12.060
3 16 -4.726 8.469 -12.060 -4.427 7.933 -12.120 -4.700 5.900 -12.065
3 16 -4.726 8.469 -12.060 -4.945 6.047 -12.017 -4.975 6.065 -12.011
3 16 -4.975 6.065 -12.011 -4.831 9.100 -12.039 -4.726 8.469 -12.060
3 16 -3.979 10.624 -12.209 -4.150 11.950 -12.175 -2.950 12.350 -12.413
3 16 -2.950 12.350 -12.413 -3.450 10.750 -12.314 -3.979 10.624 -12.209
3 16 -3.450 10.750 -12.314 -2.950 12.350 -12.413 -2.100 12.550 -12.582
3 16 -2.100 12.550 -12.582 -2.922 10.624 -12.419 -3.450 10.750 -12.314
3 16 -2.922 10.624 -12.419 -2.100 12.550 -12.582 -1.100 12.700 -12.781
3 16 -1.100 12.700 -12.781 -2.474 10.267 -12.508 -2.922 10.624 -12.419
3 16 -1.100 12.700 -12.781 -0.100 12.750 -12.980 -2.174 9.731 -12.568
3 16 -2.174 9.731 -12.568 -2.474 10.267 -12.508 -1.100 12.700 -12.781
3 16 -2.174 9.731 -12.568 -0.100 12.750 -12.980 0.000 7.000 -13.000
3 16 0.000 7.000 -13.000 -2.069 9.100 -12.589 -2.174 9.731 -12.568
3 16 -2.174 8.469 -12.568 -2.069 9.100 -12.589 0.000 7.000 -13.000
3 16 -2.474 7.933 -12.508 -2.174 8.469 -12.568 0.000 7.000 -13.000
3 16 -1.500 6.300 -12.702 -1.800 6.100 -12.642 -2.922 7.576 -12.419
3 16 -2.922 7.576 -12.419 -2.474 7.933 -12.508 -1.500 6.300 -12.702
3 16 -1.800 6.100 -12.642 -2.200 5.900 -12.563 -2.700 5.750 -12.463
3 16 -2.700 5.750 -12.463 -2.922 7.576 -12.419 -1.800 6.100 -12.642
3 16 -2.922 7.576 -12.419 -2.700 5.750 -12.463 -3.200 5.700 -12.364
3 16 -3.200 5.700 -12.364 -3.450 7.450 -12.314 -2.922 7.576 -12.419
3 16 -3.200 5.700 -12.364 -3.800 5.700 -12.244 -3.979 7.576 -12.209
3 16 -3.979 7.576 -12.209 -3.450 7.450 -12.314 -3.200 5.700 -12.364
3 16 -3.800 5.700 -12.244 -4.300 5.750 -12.145 -4.700 5.900 -12.065
3 16 -4.700 5.900 -12.065 -3.979 7.576 -12.209 -3.800 5.700 -12.244
3 16 -4.700 5.900 -12.065 -4.427 7.933 -12.120 -3.979 7.576 -12.209
3 16 -4.831 9.100 -12.039 -4.975 11.559 -12.011 -4.726 9.731 -12.060
3 16 -4.726 9.731 -12.060 -4.975 11.559 -12.011 -4.427 10.267 -12.120
3 16 -4.427 10.267 -12.120 -4.975 11.559 -12.011 -4.150 11.950 -12.175
3 16 -4.150 11.950 -12.175 -3.979 10.624 -12.209 -4.427 10.267 -12.120
3 16 -4.975 5.460 -12.011 -4.951 5.441 -12.015 -4.975 4.000 -12.011
3 16 -4.975 11.559 -12.011 -4.831 9.100 -12.039 -4.975 6.065 -12.011
3 16 -0.100 12.750 -12.980 0.000 12.750 -13.000 0.000 7.000 -13.000
3 16 -4.975 17.000 -12.011 -4.579 17.000 -12.089 -4.975 16.560 -12.011
3 16 1.200 6.200 -12.761 0.000 7.000 -13.000 2.474 7.933 -12.508
3 16 2.474 7.933 -12.508 1.500 6.300 -12.702 1.200 6.200 -12.761
3 16 4.975 11.403 -12.011 4.975 6.065 -12.011 4.831 9.100 -12.039
3 16 4.831 9.100 -12.039 4.900 11.450 -12.026 4.975 11.403 -12.011
3 16 4.831 9.100 -12.039 4.726 9.731 -12.060 4.900 11.450 -12.026
3 16 4.726 9.731 -12.060 4.427 10.267 -12.120 4.900 11.450 -12.026
3 16 4.427 10.267 -12.120 3.979 10.624 -12.209 4.100 11.850 -12.185
3 16 4.100 11.850 -12.185 4.900 11.450 -12.026 4.427 10.267 -12.120
3 16 3.979 10.624 -12.209 3.450 10.750 -12.314 3.100 12.300 -12.384
3 16 3.100 12.300 -12.384 4.100 11.850 -12.185 3.979 10.624 -12.209
3 16 3.450 10.750 -12.314 2.922 10.624 -12.419 2.200 12.550 -12.563
3 16 2.200 12.550 -12.563 3.100 12.300 -12.384 3.450 10.750 -12.314
3 16 2.922 10.624 -12.419 2.474 10.267 -12.508 0.800 12.750 -12.841
3 16 0.800 12.750 -12.841 2.200 12.550 -12.563 2.922 10.624 -12.419
3 16 2.474 10.267 -12.508 2.174 9.731 -12.568 0.000 7.000 -13.000
3 16 0.000 7.000 -13.000 0.800 12.750 -12.841 2.474 10.267 -12.508
3 16 2.069 9.100 -12.589 0.000 7.000 -13.000 2.174 9.731 -12.568
3 16 2.174 8.469 -12.568 0.000 7.000 -13.000 2.069 9.100 -12.589
3 16 2.474 7.933 -12.508 0.000 7.000 -13.000 2.174 8.469 -12.568
3 16 1.500 6.300 -12.702 2.474 7.933 -12.508 2.922 7.576 -12.419
3 16 2.922 7.576 -12.419 1.800 6.100 -12.642 1.500 6.300 -12.702
3 16 1.800 6.100 -12.642 2.922 7.576 -12.419 2.700 5.750 -12.463
3 16 2.700 5.750 -12.463 2.200 5.900 -12.563 1.800 6.100 -12.642
3 16 2.922 7.576 -12.419 3.450 7.450 -12.314 3.200 5.700 -12.364
3 16 3.200 5.700 -12.364 2.700 5.750 -12.463 2.922 7.576 -12.419
3 16 3.200 5.700 -12.364 3.450 7.450 -12.314 3.979 7.576 -12.209
3 16 3.979 7.576 -12.209 3.800 5.700 -12.244 3.200 5.700 -12.364
3 16 3.800 5.700 -12.244 3.979 7.576 -12.209 4.700 5.900 -12.065
3 16 4.700 5.900 -12.065 4.300 5.750 -12.145 3.800 5.700 -12.244
3 16 4.700 5.900 -12.065 3.979 7.576 -12.209 4.427 7.933 -12.120
3 16 4.427 7.933 -12.120 4.975 6.065 -12.011 4.700 5.900 -12.065
3 16 4.726 8.469 -12.060 4.975 6.065 -12.011 4.427 7.933 -12.120
3 16 4.831 9.100 -12.039 4.975 6.065 -12.011 4.726 8.469 -12.060
3 16 0.000 7.000 -13.000 1.200 6.200 -12.761 1.600 5.800 -12.682
3 16 1.600 5.800 -12.682 0.000 4.000 -13.000 0.000 7.000 -13.000
3 16 0.000 4.000 -13.000 1.600 5.800 -12.682 2.250 5.350 -12.553
3 16 0.000 4.000 -13.000 2.250 5.350 -12.553 2.900 5.150 -12.423
3 16 2.900 5.150 -12.423 3.600 5.100 -12.284 4.975 4.000 -12.011
3 16 4.975 4.000 -12.011 0.000 4.000 -13.000 2.900 5.150 -12.423
3 16 3.600 5.100 -12.284 4.300 5.200 -12.145 4.975 4.000 -12.011
3 16 4.300 5.200 -12.145 4.900 5.400 -12.026 4.975 4.000 -12.011
3 16 4.900 5.400 -12.026 4.975 5.460 -12.011 4.975 4.000 -12.011
3 16 0.000 12.750 -13.000 0.800 12.750 -12.841 0.000 7.000 -13.000
3 16 4.330 17.000 -12.139 4.975 17.000 -12.011 4.500 16.850 -12.105
3 16 4.500 16.850 -12.105 4.975 17.000 -12.011 4.975 16.245 -12.011
3 16 5.550 15.300 -11.626 9.192 17.000 -9.192 5.900 14.400 -11.392
3 16 5.900 14.400 -11.392 9.192 17.000 -9.192 6.150 13.300 -11.225
3 16 6.150 13.300 -11.225 9.192 17.000 -9.192 6.300 12.400 -11.125
3 16 6.300 12.400 -11.125 9.192 17.000 -9.192 6.800 10.750 -10.791
3 16 6.800 10.750 -10.791 6.450 11.250 -11.025 6.300 12.400 -11.125
3 16 9.192 17.000 -9.192 7.100 10.300 -10.590 6.800 10.750 -10.791
3 16 7.100 10.300 -10.590 9.192 17.000 -9.192 9.192 4.000 -9.192
3 16 9.192 4.000 -9.192 7.100 10.100 -10.590 7.100 10.300 -10.590
3 16 7.100 10.100 -10.590 9.192 4.000 -9.192 5.700 6.100 -11.526
3 16 5.700 6.100 -11.526 6.950 10.050 -10.691 7.100 10.100 -10.590
3 16 5.700 6.100 -11.526 5.600 6.300 -11.593 6.700 10.200 -10.858
3 16 6.700 10.200 -10.858 6.950 10.050 -10.691 5.700 6.100 -11.526
3 16 6.700 10.200 -10.858 5.600 6.300 -11.593 5.200 6.200 -11.860
3 16 5.200 6.200 -11.860 6.300 10.550 -11.125 6.700 10.200 -10.858
3 16 6.300 10.550 -11.125 5.200 6.200 -11.860 4.975 6.065 -12.011
3 16 4.975 6.065 -12.011 5.700 10.950 -11.526 6.300 10.550 -11.125
3 16 4.975 11.403 -12.011 5.700 10.950 -11.526 4.975 6.065 -12.011
3 16 4.975 5.460 -12.011 5.400 5.800 -11.727 4.975 4.000 -12.011
3 16 5.400 5.800 -11.727 5.700 6.100 -11.526 9.192 4.000 -9.192
3 16 9.192 4.000 -9.192 4.975 4.000 -12.011 5.400 5.800 -11.727
3 16 4.975 17.000 -12.011 9.192 17.000 -9.192 5.250 15.850 -11.827
3 16 5.250 15.850 -11.827 4.975 16.245 -12.011 4.975 17.000 -12.011
3 16 5.550 15.300 -11.626 5.250 15.850 -11.827 9.192 17.000 -9.192
3 16 -3.062 21.000 -7.391 -3.794 20.695 -9.159 -7.010 20.695 -7.010
3 16 -7.010 20.695 -7.010 -5.657 21.000 -5.657 -3.062 21.000 -7.391
3 16 -3.794 20.695 -9.159 -4.414 19.828 -10.658 -8.157 19.828 -8.157
3 16 -8.157 19.828 -8.157 -7.010 20.695 -7.010 -3.794 20.695 -9.159
3 16 -4.414 19.828 -10.658 -4.830 18.531 -11.659 -8.923 18.531 -8.923
3 16 -8.923 18.531 -8.923 -8.157 19.828 -8.157 -4.414 19.828 -10.658
3 16 -9.192 17.000 -9.192 -8.923 18.531 -8.923 -4.830 18.531 -11.659
3 16 -4.830 18.531 -11.659 -4.975 17.000 -12.011 -9.192 17.000 -9.192
3 16 0.000 21.000 -8.000 0.000 20.695 -9.914 -3.794 20.695 -9.159
3 16 -3.794 20.695 -9.159 -3.062 21.000 -7.391 0.000 21.000 -8.000
3 16 0.000 20.695 -9.914 0.000 19.828 -11.535 -4.414 19.828 -10.658
3 16 -4.414 19.828 -10.658 -3.794 20.695 -9.159 0.000 20.695 -9.914
3 16 -1.457 18.531 -12.330 -4.414 19.828 -10.658 0.000 19.828 -11.535
3 16 0.000 19.828 -11.535 -0.800 18.600 -12.402 -1.457 18.531 -12.330
3 16 0.000 19.828 -11.535 0.000 18.650 -12.520 -0.800 18.600 -12.402
3 16 -4.830 18.531 -11.659 -4.414 19.828 -10.658 -1.457 18.531 -12.330
3 16 -4.830 18.531 -11.659 -1.457 18.531 -12.330 -1.750 18.500 -12.279
3 16 -4.975 17.000 -12.011 -4.830 18.531 -11.659 -4.300 17.300 -12.070
3 16 -4.300 17.300 -12.070 -4.579 17.000 -12.089 -4.975 17.000 -12.011
3 16 -4.006 17.531 -12.071 -4.300 17.300 -12.070 -4.830 18.531 -11.659
3 16 -3.600 17.850 -12.073 -4.006 17.531 -12.071 -4.830 18.531 -11.659
3 16 -2.750 18.250 -12.142 -3.600 17.850 -12.073 -4.830 18.531 -11.659
3 16 -1.750 18.500 -12.279 -2.750 18.250 -12.142 -4.830 18.531 -11.659
3 16 3.062 21.000 -7.391 3.794 20.695 -9.159 0.000 20.695 -9.914
3 16 0.000 20.695 -9.914 0.000 21.000 -8.000 3.062 21.000 -7.391
3 16 3.794 20.695 -9.159 4.414 19.828 -10.658 0.000 19.828 -11.535
3 16 0.000 19.828 -11.535 0.000 20.695 -9.914 3.794 20.695 -9.159
3 16 0.000 18.650 -12.520 0.000 19.828 -11.535 4.414 19.828 -10.658
3 16 4.414 19.828 -10.658 0.900 18.600 -12.383 0.000 18.650 -12.520
3 16 4.830 18.531 -11.659 4.649 18.531 -11.695 0.900 18.600 -12.383
3 16 0.900 18.600 -12.383 4.414 19.828 -10.658 4.830 18.531 -11.659
3 16 1.211 18.531 -12.379 0.900 18.600 -12.383 4.649 18.531 -11.695
3 16 4.830 18.531 -11.659 4.975 17.000 -12.011 4.330 17.000 -12.139
3 16 4.330 17.000 -12.139 4.649 18.531 -11.695 4.830 18.531 -11.659
3 16 4.649 18.531 -11.695 1.800 18.400 -12.294 1.211 18.531 -12.379
3 16 4.649 18.531 -11.695 2.700 18.100 -12.190 1.800 18.400 -12.294
3 16 4.649 18.531 -11.695 3.650 17.600 -12.125 2.700 18.100 -12.190
3 16 4.649 18.531 -11.695 4.330 17.000 -12.139 3.650 17.600 -12.125
3 16 5.657 21.000 -5.657 7.010 20.695 -7.010 3.794 20.695 -9.159
3 16 3.794 20.695 -9.159 3.062 21.000 -7.391 5.657 21.000 -5.657
3 16 7.010 20.695 -7.010 8.157 19.828 -8.157 4.414 19.828 -10.658
3 16 4.414 19.828 -10.658 3.794 20.695 -9.159 7.010 20.695 -7.010
3 16 8.157 19.828 -8.157 8.923 18.531 -8.923 4.830 18.531 -11.659
3 16 4.830 18.531 -11.659 4.414 19.828 -10.658 8.157 19.828 -8.157
3 16 9.192 17.000 -9.192 4.975 17.000 -12.011 4.830 18.531 -11.659
3 16 4.830 18.531 -11.659 8.923 18.531 -8.923 9.192 17.000 -9.192
3 16 6.400 5.600 11.058 5.700 4.900 11.526 4.975 4.000 12.011
3 16 4.975 4.000 12.011 9.192 4.000 9.192 6.400 5.600 11.058
3 16 5.700 4.900 11.526 4.975 4.497 12.011 4.975 4.000 12.011
3 16 4.975 8.081 12.011 6.300 6.500 11.125 6.800 7.300 10.791
3 16 6.800 7.300 10.791 5.250 8.300 11.827 4.975 8.081 12.011
3 16 5.250 8.300 11.827 6.800 7.300 10.791 7.000 7.300 10.657
3 16 7.000 7.300 10.657 5.500 8.550 11.660 5.250 8.300 11.827
3 16 7.000 7.300 10.657 5.900 11.650 11.392 5.350 8.850 11.760
3 16 5.350 8.850 11.760 5.500 8.550 11.660 7.000 7.300 10.657
3 16 6.900 6.500 10.724 6.400 5.600 11.058 9.192 4.000 9.192
3 16 6.900 6.500 10.724 9.192 4.000 9.192 9.192 17.000 9.192
3 16 9.192 17.000 9.192 7.000 7.300 10.657 6.900 6.500 10.724
3 16 9.192 17.000 9.192 6.600 12.700 10.925 6.350 12.150 11.092
3 16 6.350 12.150 11.092 7.000 7.300 10.657 9.192 17.000 9.192
3 16 7.000 7.300 10.657 6.350 12.150 11.092 5.900 11.650 11.392
3 16 6.500 13.850 10.991 9.192 17.000 9.192 4.975 17.000 12.011
3 16 4.975 17.000 12.011 6.250 13.950 11.159 6.500 13.850 10.991
3 16 9.192 17.000 9.192 6.500 13.850 10.991 6.700 13.600 10.858
3 16 9.192 17.000 9.192 6.700 13.600 10.858 6.700 13.200 10.858
3 16 9.192 17.000 9.192 6.700 13.200 10.858 6.600 12.700 10.925
3 16 6.300 6.500 11.125 4.975 8.081 12.011 4.975 5.188 12.011
3 16 4.975 5.188 12.011 5.600 5.700 11.593 6.300 6.500 11.125
3 16 4.975 17.000 12.011 4.975 8.756 12.011 5.350 8.850 11.760
3 16 5.350 8.850 11.760 5.450 11.350 11.693 4.975 17.000 12.011
3 16 5.900 11.650 11.392 5.450 11.350 11.693 5.350 8.850 11.760
3 16 5.550 11.900 11.626 4.975 17.000 12.011 5.450 11.350 11.693
3 16 5.550 11.900 11.626 5.650 12.400 11.560 5.600 13.400 11.593
3 16 5.600 13.400 11.593 4.975 17.000 12.011 5.550 11.900 11.626
3 16 5.600 13.400 11.593 5.650 12.400 11.560 5.650 12.900 11.560
3 16 4.975 17.000 12.011 5.600 13.400 11.593 5.650 13.700 11.560
3 16 4.975 17.000 12.011 5.650 13.700 11.560 5.850 13.900 11.426
3 16 4.975 17.000 12.011 5.850 13.900 11.426 6.250 13.950 11.159
3 16 2.100 8.350 12.582 2.000 8.850 12.602 0.000 13.800 13.000
3 16 0.000 13.800 13.000 0.000 8.000 13.000 2.100 8.350 12.582
3 16 4.800 4.400 12.045 4.975 4.000 12.011 4.975 4.497 12.011
3 16 3.900 4.100 12.224 4.975 4.000 12.011 4.800 4.400 12.045
3 16 3.900 4.100 12.224 3.000 4.100 12.403 0.000 4.000 13.000
3 16 0.000 4.000 13.000 4.975 4.000 12.011 3.900 4.100 12.224
3 16 0.000 4.000 13.000 3.000 4.100 12.403 2.700 4.150 12.463
3 16 2.700 4.150 12.463 2.700 4.350 12.463 0.000 8.000 13.000
3 16 0.000 8.000 13.000 0.000 4.000 13.000 2.700 4.150 12.463
3 16 2.700 4.350 12.463 2.500 6.850 12.503 2.400 7.150 12.523
3 16 2.400 7.150 12.523 0.000 8.000 13.000 2.700 4.350 12.463
3 16 2.400 7.150 12.523 2.550 7.650 12.493 2.300 7.950 12.543
3 16 2.300 7.950 12.543 0.000 8.000 13.000 2.400 7.150 12.523
3 16 2.300 7.950 12.543 2.100 8.350 12.582 0.000 8.000 13.000
3 16 2.400 7.150 12.523 2.750 7.400 12.453 2.550 7.650 12.493
3 16 3.050 6.950 12.393 2.500 6.850 12.503 2.700 4.350 12.463
3 16 2.700 4.350 12.463 3.000 4.400 12.403 3.050 6.950 12.393
3 16 3.000 4.400 12.403 3.500 4.500 12.304 3.550 7.150 12.294
3 16 3.550 7.150 12.294 3.050 6.950 12.393 3.000 4.400 12.403
3 16 3.500 4.500 12.304 4.200 4.800 12.165 4.975 5.188 12.011
3 16 4.975 5.188 12.011 3.550 7.150 12.294 3.500 4.500 12.304
3 16 3.350 10.600 12.334 3.750 10.600 12.254 2.850 14.300 12.433
3 16 2.850 14.300 12.433 1.950 14.050 12.612 3.350 10.600 12.334
3 16 3.350 10.600 12.334 1.950 14.050 12.612 2.950 10.550 12.413
3 16 2.950 10.550 12.413 1.950 14.050 12.612 2.550 10.350 12.493
3 16 2.550 10.350 12.493 1.950 14.050 12.612 1.100 13.850 12.781
3 16 1.100 13.850 12.781 2.200 9.900 12.563 2.550 10.350 12.493
3 16 0.250 13.800 12.950 2.200 9.900 12.563 1.100 13.850 12.781
3 16 0.250 13.800 12.950 0.000 13.800 13.000 2.050 9.400 12.592
3 16 2.050 9.400 12.592 2.200 9.900 12.563 0.250 13.800 12.950
3 16 2.000 8.850 12.602 2.050 9.400 12.592 0.000 13.800 13.000
3 16 4.900 8.750 12.026 4.975 8.756 12.011 4.975 17.000 12.011
3 16 4.975 17.000 12.011 4.850 9.350 12.035 4.900 8.750 12.026
3 16 4.975 17.000 12.011 4.200 16.000 12.165 4.650 15.650 12.075
3 16 3.450 15.550 12.314 0.900 15.800 12.821 2.250 14.850 12.553
3 16 2.250 14.850 12.553 2.950 15.200 12.413 3.450 15.550 12.314
3 16 2.250 14.850 12.553 0.900 15.800 12.821 0.700 14.600 12.861
3 16 0.700 14.600 12.861 1.600 14.700 12.682 2.250 14.850 12.553
3 16 0.700 14.600 12.861 0.900 15.800 12.821 0.200 15.700 12.960
3 16 0.200 15.700 12.960 0.000 14.550 13.000 0.700 14.600 12.861
3 16 0.200 15.700 12.960 0.000 15.720 13.000 0.000 14.550 13.000
3 16 4.300 7.600 12.145 3.550 7.150 12.294 4.975 5.188 12.011
3 16 4.975 8.081 12.011 4.300 7.600 12.145 4.975 5.188 12.011
3 16 4.850 9.350 12.035 4.975 17.000 12.011 4.650 15.650 12.075
3 16 4.650 15.650 12.075 4.700 9.800 12.065 4.850 9.350 12.035
3 16 4.600 15.450 12.085 4.700 9.800 12.065 4.650 15.650 12.075
3 16 4.600 15.450 12.085 4.200 15.050 12.165 4.450 10.200 12.115
3 16 4.450 10.200 12.115 4.700 9.800 12.065 4.600 15.450 12.085
3 16 4.450 10.200 12.115 4.200 15.050 12.165 4.150 10.450 12.175
3 16 4.150 10.450 12.175 4.200 15.050 12.165 3.600 14.650 12.284
3 16 3.600 14.650 12.284 3.750 10.600 12.254 4.150 10.450 12.175
3 16 3.600 14.650 12.284 2.850 14.300 12.433 3.750 10.600 12.254
3 16 0.000 16.250 13.000 0.550 16.250 12.891 1.250 16.300 12.751
3 16 1.250 16.300 12.751 0.000 17.000 13.000 0.000 16.250 13.000
3 16 0.000 17.000 13.000 1.250 16.300 12.751 1.850 16.450 12.632
3 16 0.000 17.000 13.000 1.850 16.450 12.632 3.900 15.950 12.224
3 16 3.900 15.950 12.224 4.975 17.000 12.011 0.000 17.000 13.000
3 16 4.200 16.000 12.165 4.975 17.000 12.011 3.900 15.950 12.224
3 16 3.900 15.950 12.224 1.850 16.450 12.632 1.450 16.050 12.712
3 16 1.450 16.050 12.712 0.900 15.800 12.821 3.450 15.550 12.314
3 16 3.450 15.550 12.314 3.900 15.950 12.224 1.450 16.050 12.712
3 16 -2.100 8.350 12.582 0.000 8.000 13.000 0.000 13.800 13.000
3 16 0.000 13.800 13.000 -2.000 8.850 12.602 -2.100 8.350 12.582
3 16 0.000 15.720 13.000 -0.300 15.750 12.940 -0.950 14.600 12.811
3 16 -0.950 14.600 12.811 0.000 14.550 13.000 0.000 15.720 13.000
3 16 -0.950 14.600 12.811 -0.300 15.750 12.940 -2.800 15.000 12.443
3 16 -2.800 15.000 12.443 -1.900 14.750 12.622 -0.950 14.600 12.811
3 16 -0.300 15.750 12.940 -0.800 16.000 12.841 -3.400 15.350 12.324
3 16 -3.400 15.350 12.324 -2.800 15.000 12.443 -0.300 15.750 12.940
3 16 -3.700 15.700 12.264 -3.400 15.350 12.324 -0.800 16.000 12.841
3 16 -3.700 15.700 12.264 -0.800 16.000 12.841 -4.975 17.000 12.011
3 16 -4.975 17.000 12.011 -3.850 15.800 12.234 -3.700 15.700 12.264
3 16 -4.200 15.700 12.165 -3.850 15.800 12.234 -4.975 17.000 12.011
3 16 -4.250 15.500 12.155 -4.200 15.700 12.165 -4.975 17.000 12.011
3 16 -2.000 8.850 12.602 0.000 13.800 13.000 -2.050 9.400 12.592
3 16 -2.050 9.400 12.592 0.000 13.800 13.000 -2.200 9.900 12.563
3 16 -2.200 9.900 12.563 0.000 13.800 13.000 -2.550 10.350 12.493
3 16 -2.550 10.350 12.493 0.000 13.800 13.000 -2.950 10.550 12.413
3 16 -2.950 10.550 12.413 0.000 13.800 13.000 -3.350 10.600 12.334
3 16 -3.350 10.600 12.334 0.000 13.800 13.000 -0.650 13.800 12.871
3 16 -0.650 13.800 12.871 -3.750 10.600 12.254 -3.350 10.600 12.334
3 16 -0.650 13.800 12.871 -1.650 13.950 12.672 -3.750 10.600 12.254
3 16 -1.650 13.950 12.672 -2.650 14.250 12.473 -3.750 10.600 12.254
3 16 -2.650 14.250 12.473 -3.400 14.600 12.324 -3.750 10.600 12.254
3 16 -3.400 14.600 12.324 -4.000 15.050 12.205 -3.750 10.600 12.254
3 16 -2.700 4.150 12.463 -3.000 4.100 12.403 0.000 4.000 13.000
3 16 0.000 4.000 13.000 -3.000 4.100 12.403 -3.900 4.100 12.224
3 16 -3.900 4.100 12.224 -4.975 4.000 12.011 0.000 4.000 13.000
3 16 -4.800 4.400 12.045 -4.975 4.000 12.011 -3.900 4.100 12.224
3 16 -4.975 4.497 12.011 -4.975 4.000 12.011 -4.800 4.400 12.045
3 16 -2.700 4.150 12.463 0.000 4.000 13.000 0.000 8.000 13.000
3 16 0.000 8.000 13.000 -2.700 4.350 12.463 -2.700 4.150 12.463
3 16 -2.700 4.350 12.463 0.000 8.000 13.000 -2.400 7.150 12.523
3 16 -2.400 7.150 12.523 -2.500 6.850 12.503 -2.700 4.350 12.463
3 16 -2.400 7.150 12.523 0.000 8.000 13.000 -2.300 7.950 12.543
3 16 -2.300 7.950 12.543 -2.550 7.650 12.493 -2.400 7.150 12.523
3 16 -2.100 8.350 12.582 -2.300 7.950 12.543 0.000 8.000 13.000
3 16 -2.750 7.400 12.453 -2.400 7.150 12.523 -2.550 7.650 12.493
3 16 -2.700 4.350 12.463 -2.500 6.850 12.503 -3.050 6.950 12.393
3 16 -3.050 6.950 12.393 -3.000 4.400 12.403 -2.700 4.350 12.463
3 16 -3.000 4.400 12.403 -3.050 6.950 12.393 -4.200 4.800 12.165
3 16 -4.200 4.800 12.165 -3.500 4.500 12.304 -3.000 4.400 12.403
3 16 -3.050 6.950 12.393 -3.550 7.150 12.294 -4.200 4.800 12.165
3 16 -4.975 17.000 12.011 -4.975 8.756 12.011 -4.900 8.750 12.026
3 16 -4.900 8.750 12.026 -4.850 9.350 12.035 -4.975 17.000 12.011
3 16 -4.975 17.000 12.011 -4.850 9.350 12.035 -4.700 9.800 12.065
3 16 -4.975 17.000 12.011 -4.700 9.800 12.065 -4.450 10.200 12.115
3 16 -4.975 17.000 12.011 -4.450 10.200 12.115 -4.150 10.450 12.175
3 16 -4.150 10.450 12.175 -3.750 10.600 12.254 -4.250 15.500 12.155
3 16 -4.250 15.500 12.155 -4.975 17.000 12.011 -4.150 10.450 12.175
3 16 -3.750 10.600 12.254 -4.000 15.050 12.205 -4.250 15.500 12.155
3 16 -4.200 4.800 12.165 -3.550 7.150 12.294 -4.300 7.600 12.145
3 16 -0.800 16.000 12.841 -1.150 16.400 12.771 -4.975 17.000 12.011
3 16 -1.150 16.400 12.771 0.000 17.000 13.000 -4.975 17.000 12.011
3 16 -1.150 16.400 12.771 -0.550 16.300 12.891 0.000 16.250 13.000
3 16 0.000 16.250 13.000 0.000 17.000 13.000 -1.150 16.400 12.771
3 16 -4.975 5.188 12.011 -4.200 4.800 12.165 -4.300 7.600 12.145
3 16 -4.300 7.600 12.145 -4.975 8.081 12.011 -4.975 5.188 12.011
3 16 -5.350 8.850 11.760 -9.192 17.000 9.192 -6.800 7.300 10.791
3 16 -6.800 7.300 10.791 -5.500 8.550 11.660 -5.350 8.850 11.760
3 16 -6.800 7.300 10.791 -9.192 17.000 9.192 -7.000 7.300 10.657
3 16 -4.975 4.497 12.011 -5.700 4.900 11.526 -9.192 4.000 9.192
3 16 -9.192 4.000 9.192 -4.975 4.000 12.011 -4.975 4.497 12.011
3 16 -5.700 4.900 11.526 -6.400 5.600 11.058 -9.192 4.000 9.192
3 16 -6.400 5.600 11.058 -6.900 6.500 10.724 -9.192 4.000 9.192
3 16 -6.900 6.500 10.724 -7.000 7.300 10.657 -9.192 17.000 9.192
3 16 -9.192 17.000 9.192 -9.192 4.000 9.192 -6.900 6.500 10.724
3 16 -6.300 6.500 11.125 -5.250 8.300 11.827 -5.500 8.550 11.660
3 16 -5.500 8.550 11.660 -6.800 7.300 10.791 -6.300 6.500 11.125
3 16 -4.975 8.756 12.011 -4.975 17.000 12.011 -9.192 17.000 9.192
3 16 -9.192 17.000 9.192 -5.350 8.850 11.760 -4.975 8.756 12.011
3 16 -5.000 5.200 11.994 -5.250 8.300 11.827 -6.300 6.500 11.125
3 16 -6.300 6.500 11.125 -5.600 5.700 11.593 -5.000 5.200 11.994
3 16 -5.250 8.300 11.827 -5.000 5.200 11.994 -4.975 5.188 12.011
3 16 -4.975 5.188 12.011 -4.975 8.081 12.011 -5.250 8.300 11.827
3 16 0.000 21.000 8.000 0.000 20.695 9.914 3.794 20.695 9.159
3 16 3.794 20.695 9.159 3.062 21.000 7.391 0.000 21.000 8.000
3 16 0.000 20.695 9.914 0.000 19.828 11.535 4.414 19.828 10.658
3 16 4.414 19.828 10.658 3.794 20.695 9.159 0.000 20.695 9.914
3 16 0.000 19.828 11.535 0.000 18.531 12.619 4.830 18.531 11.659
3 16 4.830 18.531 11.659 4.414 19.828 10.658 0.000 19.828 11.535
3 16 0.000 18.531 12.619 0.000 17.000 13.000 4.975 17.000 12.011
3 16 4.975 17.000 12.011 4.830 18.531 11.659 0.000 18.531 12.619
3 16 -3.062 21.000 7.391 -3.794 20.695 9.159 0.000 20.695 9.914
3 16 0.000 20.695 9.914 0.000 21.000 8.000 -3.062 21.000 7.391
3 16 -3.794 20.695 9.159 -4.414 19.828 10.658 0.000 19.828 11.535
3 16 0.000 19.828 11.535 0.000 20.695 9.914 -3.794 20.695 9.159
3 16 -4.414 19.828 10.658 -4.830 18.531 11.659 0.000 18.531 12.619
3 16 0.000 18.531 12.619 0.000 19.828 11.535 -4.414 19.828 10.658
3 16 -4.830 18.531 11.659 -4.975 17.000 12.011 0.000 17.000 13.000
3 16 0.000 17.000 13.000 0.000 18.531 12.619 -4.830 18.531 11.659
3 0 -5.600 6.300 -11.593 -5.200 6.200 -11.860 -5.400 5.800 -11.727
3 0 -5.400 5.800 -11.727 -5.700 6.100 -11.526 -5.600 6.300 -11.593
3 0 -5.200 6.200 -11.860 -4.975 6.065 -12.011 -4.975 5.460 -12.011
3 0 -4.975 5.460 -12.011 -5.400 5.800 -11.727 -5.200 6.200 -11.860
3 15 -5.350 12.150 -11.760 -5.400 12.400 -11.727 -4.975 12.204 -12.011
3 15 -4.975 12.204 -12.011 -5.150 12.100 -11.894 -5.350 12.150 -11.760
3 0 -5.150 12.100 -11.894 -5.100 11.500 -11.927 -6.100 11.650 -11.259
3 0 -6.100 11.650 -11.259 -5.350 12.150 -11.760 -5.150 12.100 -11.894
3 0 -5.100 11.500 -11.927 -5.750 11.100 -11.493 -6.550 11.300 -10.958
3 0 -6.550 11.300 -10.958 -6.100 11.650 -11.259 -5.100 11.500 -11.927
3 0 -5.750 11.100 -11.493 -6.200 10.800 -11.192 -6.850 10.900 -10.758
3 0 -6.850 10.900 -10.758 -6.550 11.300 -10.958 -5.750 11.100 -11.493
3 0 -6.200 10.800 -11.192 -6.500 10.600 -10.991 -6.800 10.600 -10.791
3 0 -6.800 10.600 -10.791 -6.850 10.900 -10.758 -6.200 10.800 -11.192
3 0 -5.150 12.100 -11.894 -4.975 12.204 -12.011 -4.975 11.559 -12.011
3 0 -4.975 11.559 -12.011 -5.100 11.500 -11.927 -5.150 12.100 -11.894
3 0 -5.350 12.150 -11.760 -6.100 11.650 -11.259 -6.100 12.850 -11.259
3 0 -6.100 12.850 -11.259 -5.400 12.400 -11.727 -5.350 12.150 -11.760
3 0 -5.400 12.400 -11.727 -6.100 12.850 -11.259 -6.050 13.800 -11.292
3 0 -6.050 13.800 -11.292 -5.400 12.950 -11.727 -5.400 12.400 -11.727
3 0 -5.400 12.950 -11.727 -6.050 13.800 -11.292 -5.900 14.750 -11.392
3 0 -5.900 14.750 -11.392 -5.300 13.600 -11.793 -5.400 12.950 -11.727
3 0 -5.300 13.600 -11.793 -5.900 14.750 -11.392 -5.450 15.800 -11.693
3 0 -5.450 15.800 -11.693 -5.150 14.050 -11.894 -5.300 13.600 -11.793
3 0 -5.450 15.800 -11.693 -4.975 16.000 -12.011 -4.975 14.316 -12.011
3 0 -4.975 14.316 -12.011 -5.150 14.050 -11.894 -5.450 15.800 -11.693
3 15 -5.400 12.400 -11.727 -5.400 12.950 -11.727 -5.300 13.600 -11.793
3 15 -5.300 13.600 -11.793 -4.975 12.204 -12.011 -5.400 12.400 -11.727
3 15 -5.300 13.600 -11.793 -5.150 14.050 -11.894 -4.975 14.316 -12.011
3 15 -4.975 14.316 -12.011 -4.975 12.204 -12.011 -5.300 13.600 -11.793
3 0 -4.975 16.000 -12.011 -5.450 15.800 -11.693 -4.975 16.560 -12.011
3 15 -3.500 7.869 -12.304 -3.742 7.917 -12.256 -3.946 8.054 -12.215
3 15 -3.946 8.054 -12.215 -3.259 7.917 -12.352 -3.500 7.869 -12.304
3 15 -3.500 9.131 -12.304 -3.259 9.083 -12.352 -3.946 8.946 -12.215
3 15 -3.946 8.946 -12.215 -3.742 9.083 -12.256 -3.500 9.131 -12.304
3 15 -3.259 9.083 -12.352 -3.054 8.946 -12.393 -4.083 8.742 -12.188
3 15 -4.083 8.742 -12.188 -3.946 8.946 -12.215 -3.259 9.083 -12.352
3 15 -3.054 8.946 -12.393 -2.917 8.742 -12.420 -4.131 8.500 -12.178
3 15 -4.131 8.500 -12.178 -4.083 8.742 -12.188 -3.054 8.946 -12.393
3 15 -2.917 8.742 -12.420 -2.869 8.500 -12.429 -2.917 8.259 -12.420
3 15 -2.917 8.259 -12.420 -4.131 8.500 -12.178 -2.917 8.742 -12.420
3 15 -4.131 8.500 -12.178 -2.917 8.259 -12.420 -3.054 8.054 -12.393
3 15 -3.054 8.054 -12.393 -4.083 8.259 -12.188 -4.131 8.500 -12.178
3 15 -4.083 8.259 -12.188 -3.054 8.054 -12.393 -3.259 7.917 -12.352
3 15 -3.259 7.917 -12.352 -3.946 8.054 -12.215 -4.083 8.259 -12.188
3 0 -4.700 5.900 -12.065 -4.300 5.750 -12.145 -4.300 5.200 -12.145
3 0 -4.300 5.200 -12.145 -4.900 5.400 -12.026 -4.700 5.900 -12.065
3 0 -4.300 5.750 -12.145 -3.800 5.700 -12.244 -3.600 5.100 -12.284
3 0 -3.600 5.100 -12.284 -4.300 5.200 -12.145 -4.300 5.750 -12.145
3 0 -3.800 5.700 -12.244 -3.200 5.700 -12.364 -2.900 5.150 -12.423
3 0 -2.900 5.150 -12.423 -3.600 5.100 -12.284 -3.800 5.700 -12.244
3 0 -3.200 5.700 -12.364 -2.700 5.750 -12.463 -2.250 5.350 -12.553
3 0 -2.250 5.350 -12.553 -2.900 5.150 -12.423 -3.200 5.700 -12.364
3 0 -2.700 5.750 -12.463 -2.200 5.900 -12.563 -1.600 5.800 -12.682
3 0 -1.600 5.800 -12.682 -2.250 5.350 -12.553 -2.700 5.750 -12.463
3 0 -2.200 5.900 -12.563 -1.800 6.100 -12.642 -1.200 6.200 -12.761
3 0 -1.200 6.200 -12.761 -1.600 5.800 -12.682 -2.200 5.900 -12.563
3 0 -1.200 6.200 -12.761 -1.800 6.100 -12.642 -1.500 6.300 -12.702
3 0 -3.946 8.054 -12.215 -4.427 7.933 -12.120 -4.726 8.469 -12.060
3 0 -4.726 8.469 -12.060 -4.083 8.259 -12.188 -3.946 8.054 -12.215
3 0 -4.083 8.259 -12.188 -4.726 8.469 -12.060 -4.831 9.100 -12.039
3 0 -4.831 9.100 -12.039 -4.131 8.500 -12.178 -4.083 8.259 -12.188
3 0 -4.131 8.500 -12.178 -4.831 9.100 -12.039 -4.726 9.731 -12.060
3 0 -4.726 9.731 -12.060 -4.083 8.742 -12.188 -4.131 8.500 -12.178
3 0 -4.083 8.742 -12.188 -4.726 9.731 -12.060 -4.427 10.267 -12.120
3 0 -4.427 10.267 -12.120 -3.946 8.946 -12.215 -4.083 8.742 -12.188
3 0 -3.946 8.946 -12.215 -4.427 10.267 -12.120 -3.979 10.624 -12.209
3 0 -3.979 10.624 -12.209 -3.742 9.083 -12.256 -3.946 8.946 -12.215
3 0 -3.742 9.083 -12.256 -3.979 10.624 -12.209 -3.450 10.750 -12.314
3 0 -3.450 10.750 -12.314 -3.500 9.131 -12.304 -3.742 9.083 -12.256
3 0 -3.500 9.131 -12.304 -3.450 10.750 -12.314 -2.922 10.624 -12.419
3 0 -2.922 10.624 -12.419 -3.259 9.083 -12.352 -3.500 9.131 -12.304
3 0 -3.259 9.083 -12.352 -2.922 10.624 -12.419 -2.474 10.267 -12.508
3 0 -2.474 10.267 -12.508 -3.054 8.946 -12.393 -3.259 9.083 -12.352
3 0 -2.474 10.267 -12.508 -2.174 9.731 -12.568 -2.917 8.742 -12.420
3 0 -2.917 8.742 -12.420 -3.054 8.946 -12.393 -2.474 10.267 -12.508
3 0 -2.174 9.731 -12.568 -2.069 9.100 -12.589 -2.174 8.469 -12.568
3 0 -2.174 8.469 -12.568 -2.917 8.742 -12.420 -2.174 9.731 -12.568
3 0 -2.917 8.742 -12.420 -2.174 8.469 -12.568 -2.474 7.933 -12.508
3 0 -2.474 7.933 -12.508 -2.869 8.500 -12.429 -2.917 8.742 -12.420
3 0 -2.917 8.259 -12.420 -2.869 8.500 -12.429 -2.474 7.933 -12.508
3 0 -2.917 8.259 -12.420 -2.474 7.933 -12.508 -2.922 7.576 -12.419
3 0 -2.922 7.576 -12.419 -3.054 8.054 -12.393 -2.917 8.259 -12.420
3 0 -3.054 8.054 -12.393 -2.922 7.576 -12.419 -3.450 7.450 -12.314
3 0 -3.450 7.450 -12.314 -3.259 7.917 -12.352 -3.054 8.054 -12.393
3 0 -3.259 7.917 -12.352 -3.450 7.450 -12.314 -3.979 7.576 -12.209
3 0 -3.979 7.576 -12.209 -3.500 7.869 -12.304 -3.259 7.917 -12.352
3 0 -3.742 7.917 -12.256 -3.500 7.869 -12.304 -3.979 7.576 -12.209
3 0 -3.742 7.917 -12.256 -3.979 7.576 -12.209 -4.427 7.933 -12.120
3 0 -4.427 7.933 -12.120 -3.946 8.054 -12.215 -3.742 7.917 -12.256
3 0 -4.945 6.047 -12.017 -4.700 5.900 -12.065 -4.900 5.400 -12.026
3 0 -4.900 5.400 -12.026 -4.951 5.441 -12.015 -4.945 6.047 -12.017
3 0 -4.951 5.441 -12.015 -4.975 5.460 -12.011 -4.975 6.065 -12.011
3 0 -4.975 6.065 -12.011 -4.945 6.047 -12.017 -4.951 5.441 -12.015
3 15 -4.650 14.550 -12.075 -4.150 14.800 -12.175 -3.450 15.000 -12.314
3 15 -3.450 15.000 -12.314 -3.800 12.750 -12.244 -4.650 14.550 -12.075
3 15 -3.800 12.750 -12.244 -3.450 15.000 -12.314 -2.600 15.100 -12.483
3 15 -2.600 15.100 -12.483 -3.000 13.050 -12.403 -3.800 12.750 -12.244
3 15 -3.000 13.050 -12.403 -2.600 15.100 -12.483 -1.550 15.150 -12.692
3 15 -1.550 15.150 -12.692 -1.950 13.250 -12.612 -3.000 13.050 -12.403
3 15 -1.950 13.250 -12.612 -1.550 15.150 -12.692 0.000 15.200 -13.000
3 15 0.000 15.200 -13.000 -0.850 13.350 -12.831 -1.950 13.250 -12.612
3 15 0.000 15.200 -13.000 0.000 13.389 -13.000 -0.850 13.350 -12.831
3 0 -4.975 11.559 -12.011 -4.700 12.400 -12.065 -4.300 12.600 -12.145
3 0 -4.300 12.600 -12.145 -4.150 11.950 -12.175 -4.975 11.559 -12.011
3 0 -4.300 12.600 -12.145 -3.800 12.750 -12.244 -2.950 12.350 -12.413
3 0 -2.950 12.350 -12.413 -4.150 11.950 -12.175 -4.300 12.600 -12.145
3 0 -3.800 12.750 -12.244 -3.000 13.050 -12.403 -2.100 12.550 -12.582
3 0 -2.100 12.550 -12.582 -2.950 12.350 -12.413 -3.800 12.750 -12.244
3 0 -3.000 13.050 -12.403 -1.950 13.250 -12.612 -1.100 12.700 -12.781
3 0 -1.100 12.700 -12.781 -2.100 12.550 -12.582 -3.000 13.050 -12.403
3 0 -1.950 13.250 -12.612 -0.850 13.350 -12.831 -0.100 12.750 -12.980
3 0 -0.100 12.750 -12.980 -1.100 12.700 -12.781 -1.950 13.250 -12.612
3 0 -0.850 13.350 -12.831 0.000 13.389 -13.000 0.000 12.750 -13.000
3 0 0.000 12.750 -13.000 -0.100 12.750 -12.980 -0.850 13.350 -12.831
3 0 -4.975 16.000 -12.011 -4.150 14.800 -12.175 -4.650 14.550 -12.075
3 0 -2.600 15.100 -12.483 -1.700 15.900 -12.662 -1.050 15.850 -12.791
3 0 -1.050 15.850 -12.791 -1.550 15.150 -12.692 -2.600 15.100 -12.483
3 0 -1.550 15.150 -12.692 -1.050 15.850 -12.791 -0.750 15.900 -12.851
3 0 -0.750 15.900 -12.851 0.000 15.200 -13.000 -1.550 15.150 -12.692
3 0 -0.750 15.900 -12.851 -0.200 15.850 -12.960 0.000 15.730 -13.000
3 0 0.000 15.730 -13.000 0.000 15.200 -13.000 -0.750 15.900 -12.851
3 0 -0.750 15.900 -12.851 -0.525 16.000 -12.896 -0.250 16.050 -12.950
3 0 -0.250 16.050 -12.950 -0.200 15.850 -12.960 -0.750 15.900 -12.851
3 0 -1.975 16.000 -12.607 -2.600 15.100 -12.483 -3.450 15.000 -12.314
3 0 -3.450 15.000 -12.314 -4.975 16.000 -12.011 -1.975 16.000 -12.607
3 0 -4.975 16.000 -12.011 -3.450 15.000 -12.314 -4.150 14.800 -12.175
3 0 -1.975 16.000 -12.607 -1.700 15.900 -12.662 -2.600 15.100 -12.483
3 0 -4.975 16.000 -12.011 -4.650 14.550 -12.075 -4.975 14.316 -12.011
3 0 -4.975 12.204 -12.011 -4.700 12.400 -12.065 -4.975 11.559 -12.011
3 15 -4.975 14.316 -12.011 -4.700 12.400 -12.065 -4.975 12.204 -12.011
3 15 -4.975 14.316 -12.011 -4.300 12.600 -12.145 -4.700 12.400 -12.065
3 15 -4.300 12.600 -12.145 -4.975 14.316 -12.011 -4.650 14.550 -12.075
3 15 -4.650 14.550 -12.075 -3.800 12.750 -12.244 -4.300 12.600 -12.145
3 4 -1.975 16.000 -12.607 -0.525 16.000 -12.896 -1.050 15.850 -12.791
3 4 -1.050 15.850 -12.791 -1.700 15.900 -12.662 -1.975 16.000 -12.607
3 4 -0.750 15.900 -12.851 -1.050 15.850 -12.791 -0.525 16.000 -12.896
3 0 -0.400 16.100 -12.921 -0.150 16.400 -12.970 -0.250 16.050 -12.950
3 0 -0.400 16.100 -12.921 -0.250 16.050 -12.950 -0.525 16.000 -12.896
3 0 -2.350 16.150 -12.533 -4.975 16.000 -12.011 -4.975 16.560 -12.011
3 0 -4.975 16.560 -12.011 -2.850 16.450 -12.433 -2.350 16.150 -12.533
3 0 -1.975 16.000 -12.607 -4.975 16.000 -12.011 -2.350 16.150 -12.533
3 4 -0.150 16.400 -12.970 -0.400 16.100 -12.921 -0.525 16.000 -12.896
3 4 -0.525 16.000 -12.896 -1.975 16.000 -12.607 -0.150 16.400 -12.970
3 4 -0.200 15.850 -12.960 -0.250 16.050 -12.950 -0.150 16.400 -12.970
3 4 -0.150 16.400 -12.970 0.000 15.730 -13.000 -0.200 15.850 -12.960
3 4 -0.150 16.400 -12.970 0.000 17.000 -13.000 0.000 15.730 -13.000
3 4 -3.363 17.000 -12.331 0.000 17.000 -13.000 -2.850 16.450 -12.433
3 4 -2.850 16.450 -12.433 -3.250 16.800 -12.354 -3.363 17.000 -12.331
3 4 -2.850 16.450 -12.433 0.000 17.000 -13.000 -1.975 16.000 -12.607
3 4 -1.975 16.000 -12.607 -2.350 16.150 -12.533 -2.850 16.450 -12.433
3 4 -1.975 16.000 -12.607 0.000 17.000 -13.000 -0.150 16.400 -12.970
3 0 -2.850 16.450 -12.433 -4.975 16.560 -12.011 -4.579 17.000 -12.089
3 0 -4.579 17.000 -12.089 -3.250 16.800 -12.354 -2.850 16.450 -12.433
3 0 -3.363 17.000 -12.331 -3.250 16.800 -12.354 -4.579 17.000 -12.089
3 15 3.054 8.054 -12.393 3.946 8.054 -12.215 3.742 7.917 -12.256
3 15 3.742 7.917 -12.256 3.259 7.917 -12.352 3.054 8.054 -12.393
3 15 3.054 8.054 -12.393 2.917 8.259 -12.420 4.083 8.259 -12.188
3 15 4.083 8.259 -12.188 3.946 8.054 -12.215 3.054 8.054 -12.393
3 15 2.917 8.259 -12.420 2.869 8.500 -12.429 4.131 8.500 -12.178
3 15 4.131 8.500 -12.178 4.083 8.259 -12.188 2.917 8.259 -12.420
3 15 2.917 8.742 -12.420 4.083 8.742 -12.188 4.131 8.500 -12.178
3 15 4.131 8.500 -12.178 2.869 8.500 -12.429 2.917 8.742 -12.420
3 15 3.054 8.946 -12.393 3.946 8.946 -12.215 4.083 8.742 -12.188
3 15 4.083 8.742 -12.188 2.917 8.742 -12.420 3.054 8.946 -12.393
3 15 3.259 9.083 -12.352 3.742 9.083 -12.256 3.946 8.946 -12.215
3 15 3.946 8.946 -12.215 3.054 8.946 -12.393 3.259 9.083 -12.352
3 15 3.742 7.917 -12.256 3.500 7.869 -12.304 3.259 7.917 -12.352
3 15 3.500 9.131 -12.304 3.742 9.083 -12.256 3.259 9.083 -12.352
3 0 4.700 5.900 -12.065 4.900 5.400 -12.026 4.300 5.200 -12.145
3 0 4.300 5.200 -12.145 4.300 5.750 -12.145 4.700 5.900 -12.065
3 0 4.300 5.750 -12.145 4.300 5.200 -12.145 3.600 5.100 -12.284
3 0 3.600 5.100 -12.284 3.800 5.700 -12.244 4.300 5.750 -12.145
3 0 3.800 5.700 -12.244 3.600 5.100 -12.284 2.900 5.150 -12.423
3 0 2.900 5.150 -12.423 3.200 5.700 -12.364 3.800 5.700 -12.244
3 0 3.200 5.700 -12.364 2.900 5.150 -12.423 2.250 5.350 -12.553
3 0 2.250 5.350 -12.553 2.700 5.750 -12.463 3.200 5.700 -12.364
3 0 2.700 5.750 -12.463 2.250 5.350 -12.553 1.600 5.800 -12.682
3 0 1.600 5.800 -12.682 2.200 5.900 -12.563 2.700 5.750 -12.463
3 0 2.200 5.900 -12.563 1.600 5.800 -12.682 1.200 6.200 -12.761
3 0 1.200 6.200 -12.761 1.800 6.100 -12.642 2.200 5.900 -12.563
3 0 1.500 6.300 -12.702 1.800 6.100 -12.642 1.200 6.200 -12.761
3 0 3.946 8.054 -12.215 4.083 8.259 -12.188 4.726 8.469 -12.060
3 0 4.726 8.469 -12.060 4.427 7.933 -12.120 3.946 8.054 -12.215
3 0 4.083 8.259 -12.188 4.131 8.500 -12.178 4.831 9.100 -12.039
3 0 4.831 9.100 -12.039 4.726 8.469 -12.060 4.083 8.259 -12.188
3 0 4.131 8.500 -12.178 4.083 8.742 -12.188 4.726 9.731 -12.060
3 0 4.726 9.731 -12.060 4.831 9.100 -12.039 4.131 8.500 -12.178
3 0 4.083 8.742 -12.188 3.946 8.946 -12.215 4.427 10.267 -12.120
3 0 4.427 10.267 -12.120 4.726 9.731 -12.060 4.083 8.742 -12.188
3 0 3.946 8.946 -12.215 3.742 9.083 -12.256 3.979 10.624 -12.209
3 0 3.979 10.624 -12.209 4.427 10.267 -12.120 3.946 8.946 -12.215
3 0 3.742 9.083 -12.256 3.500 9.131 -12.304 3.450 10.750 -12.314
3 0 3.450 10.750 -12.314 3.979 10.624 -12.209 3.742 9.083 -12.256
3 0 3.500 9.131 -12.304 3.259 9.083 -12.352 2.922 10.624 -12.419
3 0 2.922 10.624 -12.419 3.450 10.750 -12.314 3.500 9.131 -12.304
3 0 3.259 9.083 -12.352 3.054 8.946 -12.393 2.474 10.267 -12.508
3 0 2.474 10.267 -12.508 2.922 10.624 -12.419 3.259 9.083 -12.352
3 0 2.474 10.267 -12.508 3.054 8.946 -12.393 2.917 8.742 -12.420
3 0 2.917 8.742 -12.420 2.174 9.731 -12.568 2.474 10.267 -12.508
3 0 2.174 9.731 -12.568 2.917 8.742 -12.420 2.174 8.469 -12.568
3 0 2.174 8.469 -12.568 2.069 9.100 -12.589 2.174 9.731 -12.568
3 0 2.917 8.742 -12.420 2.869 8.500 -12.429 2.474 7.933 -12.508
3 0 2.474 7.933 -12.508 2.174 8.469 -12.568 2.917 8.742 -12.420
3 0 2.869 8.500 -12.429 2.917 8.259 -12.420 2.474 7.933 -12.508
3 0 2.917 8.259 -12.420 3.054 8.054 -12.393 2.922 7.576 -12.419
3 0 2.922 7.576 -12.419 2.474 7.933 -12.508 2.917 8.259 -12.420
3 0 3.054 8.054 -12.393 3.259 7.917 -12.352 3.450 7.450 -12.314
3 0 3.450 7.450 -12.314 2.922 7.576 -12.419 3.054 8.054 -12.393
3 0 3.259 7.917 -12.352 3.500 7.869 -12.304 3.979 7.576 -12.209
3 0 3.979 7.576 -12.209 3.450 7.450 -12.314 3.259 7.917 -12.352
3 0 3.500 7.869 -12.304 3.742 7.917 -12.256 3.979 7.576 -12.209
3 0 3.742 7.917 -12.256 3.946 8.054 -12.215 4.427 7.933 -12.120
3 0 4.427 7.933 -12.120 3.979 7.576 -12.209 3.742 7.917 -12.256
3 0 4.900 5.400 -12.026 4.700 5.900 -12.065 4.975 6.065 -12.011
3 0 4.975 6.065 -12.011 4.975 5.460 -12.011 4.900 5.400 -12.026
3 15 0.000 13.389 -13.000 0.000 15.200 -13.000 1.150 15.150 -12.771
3 15 1.150 15.150 -12.771 0.250 13.400 -12.950 0.000 13.389 -13.000
3 15 0.250 13.400 -12.950 1.150 15.150 -12.771 2.550 15.050 -12.493
3 15 2.550 15.050 -12.493 1.300 13.350 -12.742 0.250 13.400 -12.950
3 15 1.300 13.350 -12.742 2.550 15.050 -12.493 3.750 14.900 -12.254
3 15 3.750 14.900 -12.254 2.700 13.100 -12.463 1.300 13.350 -12.742
3 15 2.700 13.100 -12.463 3.750 14.900 -12.254 4.600 14.700 -12.085
3 15 4.600 14.700 -12.085 3.800 12.750 -12.244 2.700 13.100 -12.463
3 15 4.600 14.700 -12.085 4.975 14.500 -12.011 4.550 12.400 -12.095
3 15 4.550 12.400 -12.095 3.800 12.750 -12.244 4.600 14.700 -12.085
3 0 0.000 12.750 -13.000 0.250 13.400 -12.950 1.300 13.350 -12.742
3 0 1.300 13.350 -12.742 0.800 12.750 -12.841 0.000 12.750 -13.000
3 0 0.800 12.750 -12.841 1.300 13.350 -12.742 2.700 13.100 -12.463
3 0 2.700 13.100 -12.463 2.200 12.550 -12.563 0.800 12.750 -12.841
3 0 2.200 12.550 -12.563 2.700 13.100 -12.463 3.800 12.750 -12.244
3 0 3.800 12.750 -12.244 3.100 12.300 -12.384 2.200 12.550 -12.563
3 0 3.100 12.300 -12.384 3.800 12.750 -12.244 4.550 12.400 -12.095
3 0 4.550 12.400 -12.095 4.100 11.850 -12.185 3.100 12.300 -12.384
3 0 4.550 12.400 -12.095 4.975 12.171 -12.011 4.900 11.450 -12.026
3 0 4.900 11.450 -12.026 4.100 11.850 -12.185 4.550 12.400 -12.095
3 0 0.950 15.800 -12.811 1.150 15.150 -12.771 0.000 15.200 -13.000
3 0 0.000 15.200 -13.000 0.400 15.700 -12.921 0.950 15.800 -12.811
3 0 0.000 15.200 -13.000 0.150 15.700 -12.970 0.400 15.700 -12.921
3 0 0.000 15.200 -13.000 0.000 15.730 -13.000 0.150 15.700 -12.970
3 0 4.975 11.403 -12.011 4.900 11.450 -12.026 4.975 12.171 -12.011
3 15 4.550 12.400 -12.095 4.975 14.500 -12.011 4.975 12.171 -12.011
3 0 0.000 12.750 -13.000 0.000 13.389 -13.000 0.250 13.400 -12.950
3 4 2.933 17.000 -12.417 2.700 16.800 -12.463 2.200 16.450 -12.563
3 4 2.200 16.450 -12.563 0.000 17.000 -13.000 2.933 17.000 -12.417
3 4 2.200 16.450 -12.563 1.550 16.050 -12.692 0.950 15.800 -12.811
3 4 0.950 15.800 -12.811 0.000 17.000 -13.000 2.200 16.450 -12.563
3 4 0.000 15.730 -13.000 0.000 17.000 -13.000 0.400 15.700 -12.921
3 4 0.400 15.700 -12.921 0.150 15.700 -12.970 0.000 15.730 -13.000
3 4 0.000 17.000 -13.000 0.950 15.800 -12.811 0.400 15.700 -12.921
3 0 0.950 15.800 -12.811 1.550 16.050 -12.692 2.550 15.050 -12.493
3 0 2.550 15.050 -12.493 1.150 15.150 -12.771 0.950 15.800 -12.811
3 0 1.550 16.050 -12.692 2.200 16.450 -12.563 3.750 14.900 -12.254
3 0 3.750 14.900 -12.254 2.550 15.050 -12.493 1.550 16.050 -12.692
3 0 3.750 14.900 -12.254 2.200 16.450 -12.563 2.700 16.800 -12.463
3 0 2.700 16.800 -12.463 4.975 16.245 -12.011 3.750 14.900 -12.254
3 0 2.700 16.800 -12.463 2.933 17.000 -12.417 4.500 16.850 -12.105
3 0 4.500 16.850 -12.105 4.975 16.245 -12.011 2.700 16.800 -12.463
3 0 2.933 17.000 -12.417 4.330 17.000 -12.139 4.500 16.850 -12.105
3 0 3.750 14.900 -12.254 4.975 16.245 -12.011 4.600 14.700 -12.085
3 0 4.600 14.700 -12.085 4.975 16.245 -12.011 4.975 14.500 -12.011
3 0 5.600 6.300 -11.593 5.700 6.100 -11.526 5.400 5.800 -11.727
3 0 5.400 5.800 -11.727 5.200 6.200 -11.860 5.600 6.300 -11.593
3 0 4.975 5.460 -12.011 4.975 6.065 -12.011 5.200 6.200 -11.860
3 0 5.200 6.200 -11.860 5.400 5.800 -11.727 4.975 5.460 -12.011
3 15 4.975 12.171 -12.011 5.700 12.650 -11.526 5.800 12.150 -11.459
3 15 5.800 12.150 -11.459 5.200 12.050 -11.860 4.975 12.171 -12.011
3 15 5.200 12.050 -11.860 5.800 12.150 -11.459 5.700 11.850 -11.526
3 15 5.700 11.850 -11.526 5.400 11.850 -11.727 5.200 12.050 -11.860
3 0 4.975 11.403 -12.011 5.400 11.850 -11.727 5.700 11.850 -11.526
3 0 5.700 11.850 -11.526 5.700 10.950 -11.526 4.975 11.403 -12.011
3 0 5.700 11.850 -11.526 6.450 11.250 -11.025 6.300 10.550 -11.125
3 0 6.300 10.550 -11.125 5.700 10.950 -11.526 5.700 11.850 -11.526
3 0 6.450 11.250 -11.025 6.800 10.750 -10.791 6.700 10.200 -10.858
3 0 6.700 10.200 -10.858 6.300 10.550 -11.125 6.450 11.250 -11.025
3 0 6.800 10.750 -10.791 7.100 10.300 -10.590 6.950 10.050 -10.691
3 0 6.950 10.050 -10.691 6.700 10.200 -10.858 6.800 10.750 -10.791
3 0 7.100 10.300 -10.590 7.100 10.100 -10.590 6.950 10.050 -10.691
3 0 5.700 11.850 -11.526 5.800 12.150 -11.459 6.300 12.400 -11.125
3 0 6.300 12.400 -11.125 6.450 11.250 -11.025 5.700 11.850 -11.526
3 0 5.800 12.150 -11.459 5.700 12.650 -11.526 6.150 13.300 -11.225
3 0 6.150 13.300 -11.225 6.300 12.400 -11.125 5.800 12.150 -11.459
3 0 5.700 12.650 -11.526 5.500 13.450 -11.660 5.900 14.400 -11.392
3 0 5.900 14.400 -11.392 6.150 13.300 -11.225 5.700 12.650 -11.526
3 0 5.500 13.450 -11.660 5.250 14.100 -11.827 5.550 15.300 -11.626
3 0 5.550 15.300 -11.626 5.900 14.400 -11.392 5.500 13.450 -11.660
3 0 5.250 14.100 -11.827 4.975 14.500 -12.011 5.250 15.850 -11.827
3 0 5.250 15.850 -11.827 5.550 15.300 -11.626 5.250 14.100 -11.827
3 0 4.975 12.171 -12.011 5.200 12.050 -11.860 5.400 11.850 -11.727
3 0 5.400 11.850 -11.727 4.975 11.403 -12.011 4.975 12.171 -12.011
3 15 4.975 14.500 -12.011 5.250 14.100 -11.827 5.500 13.450 -11.660
3 15 5.500 13.450 -11.660 4.975 12.171 -12.011 4.975 14.500 -12.011
3 15 5.500 13.450 -11.660 5.700 12.650 -11.526 4.975 12.171 -12.011
3 0 4.975 16.245 -12.011 5.250 15.850 -11.827 4.975 14.500 -12.011
3 0 0.000 18.650 -12.520 0.000 18.531 -12.619 -1.457 18.531 -12.330
3 0 -1.457 18.531 -12.330 -0.800 18.600 -12.402 0.000 18.650 -12.520
3 0 -3.600 17.850 -12.073 -2.750 18.250 -12.142 -2.100 17.850 -12.371
3 0 -2.100 17.850 -12.371 -2.700 17.600 -12.314 -3.600 17.850 -12.073
3 0 -2.750 18.250 -12.142 -1.750 18.500 -12.279 -1.350 18.000 -12.483
3 0 -1.350 18.000 -12.483 -2.100 17.850 -12.371 -2.750 18.250 -12.142
3 0 -1.750 18.500 -12.279 -1.457 18.531 -12.330 -0.700 18.050 -12.600
3 0 -0.700 18.050 -12.600 -1.350 18.000 -12.483 -1.750 18.500 -12.279
3 4 -3.350 17.250 -12.272 -3.150 17.400 -12.274 0.000 17.000 -13.000
3 4 0.000 17.000 -13.000 -3.400 17.100 -12.299 -3.350 17.250 -12.272
3 0 -4.006 17.531 -12.071 -3.350 17.250 -12.272 -3.400 17.100 -12.299
3 0 -3.400 17.100 -12.299 -4.300 17.300 -12.070 -4.006 17.531 -12.071
3 4 -3.400 17.100 -12.299 0.000 17.000 -13.000 -3.363 17.000 -12.331
3 4 -3.150 17.400 -12.274 -2.700 17.600 -12.314 -2.100 17.850 -12.371
3 4 -2.100 17.850 -12.371 0.000 17.000 -13.000 -3.150 17.400 -12.274
3 4 -2.100 17.850 -12.371 -1.350 18.000 -12.483 -0.700 18.050 -12.600
3 4 -0.700 18.050 -12.600 0.000 17.000 -13.000 -2.100 17.850 -12.371
3 4 0.000 17.000 -13.000 -0.700 18.050 -12.600 0.000 18.050 -12.739
3 0 0.000 18.050 -12.739 -0.700 18.050 -12.600 -1.457 18.531 -12.330
3 0 -1.457 18.531 -12.330 0.000 18.531 -12.619 0.000 18.050 -12.739
3 0 -3.363 17.000 -12.331 -4.579 17.000 -12.089 -4.300 17.300 -12.070
3 0 -4.300 17.300 -12.070 -3.400 17.100 -12.299 -3.363 17.000 -12.331
3 0 -4.006 17.531 -12.071 -3.600 17.850 -12.073 -3.150 17.400 -12.274
3 0 -3.150 17.400 -12.274 -3.350 17.250 -12.272 -4.006 17.531 -12.071
3 0 -3.150 17.400 -12.274 -3.600 17.850 -12.073 -2.700 17.600 -12.314
3 0 0.000 18.650 -12.520 0.900 18.600 -12.383 1.211 18.531 -12.379
3 0 1.211 18.531 -12.379 0.000 18.531 -12.619 0.000 18.650 -12.520
3 0 0.650 18.000 -12.622 1.800 18.400 -12.294 2.700 18.100 -12.190
3 0 2.700 18.100 -12.190 1.400 17.850 -12.510 0.650 18.000 -12.622
3 0 1.400 17.850 -12.510 2.700 18.100 -12.190 3.650 17.600 -12.125
3 0 3.650 17.600 -12.125 2.100 17.650 -12.421 1.400 17.850 -12.510
3 4 2.933 17.000 -12.417 2.700 17.400 -12.364 2.950 17.250 -12.351
3 4 2.950 17.250 -12.351 3.000 17.100 -12.379 2.933 17.000 -12.417
3 4 0.000 18.050 -12.739 0.650 18.000 -12.622 1.400 17.850 -12.510
3 4 1.400 17.850 -12.510 0.000 17.000 -13.000 0.000 18.050 -12.739
3 4 1.400 17.850 -12.510 2.100 17.650 -12.421 2.700 17.400 -12.364
3 4 2.700 17.400 -12.364 0.000 17.000 -13.000 1.400 17.850 -12.510
3 4 2.933 17.000 -12.417 0.000 17.000 -13.000 2.700 17.400 -12.364
3 0 0.000 18.531 -12.619 1.211 18.531 -12.379 1.800 18.400 -12.294
3 0 1.800 18.400 -12.294 0.650 18.000 -12.622 0.000 18.531 -12.619
3 0 0.000 18.050 -12.739 0.000 18.531 -12.619 0.650 18.000 -12.622
3 0 2.933 17.000 -12.417 3.000 17.100 -12.379 3.650 17.600 -12.125
3 0 3.650 17.600 -12.125 4.330 17.000 -12.139 2.933 17.000 -12.417
3 0 2.700 17.400 -12.364 2.100 17.650 -12.421 3.650 17.600 -12.125
3 0 2.950 17.250 -12.351 2.700 17.400 -12.364 3.650 17.600 -12.125
3 0 3.000 17.100 -12.379 2.950 17.250 -12.351 3.650 17.600 -12.125
3 0 7.000 7.300 10.657 6.800 7.300 10.791 6.300 6.500 11.125
3 0 6.300 6.500 11.125 6.900 6.500 10.724 7.000 7.300 10.657
3 0 6.900 6.500 10.724 6.300 6.500 11.125 5.600 5.700 11.593
3 0 5.600 5.700 11.593 6.400 5.600 11.058 6.900 6.500 10.724
3 0 6.400 5.600 11.058 5.600 5.700 11.593 4.975 5.188 12.011
3 0 4.975 5.188 12.011 5.700 4.900 11.526 6.400 5.600 11.058
3 0 5.350 8.850 11.760 4.975 8.756 12.011 5.250 8.300 11.827
3 0 5.250 8.300 11.827 5.500 8.550 11.660 5.350 8.850 11.760
3 1 5.450 11.350 11.693 5.900 11.650 11.392 6.350 12.150 11.092
3 1 6.350 12.150 11.092 5.550 11.900 11.626 5.450 11.350 11.693
3 1 5.550 11.900 11.626 6.350 12.150 11.092 6.600 12.700 10.925
3 1 6.600 12.700 10.925 5.650 12.400 11.560 5.550 11.900 11.626
3 1 5.650 12.400 11.560 6.600 12.700 10.925 6.700 13.200 10.858
3 1 6.700 13.200 10.858 5.650 12.900 11.560 5.650 12.400 11.560
3 1 5.650 12.900 11.560 6.700 13.200 10.858 6.700 13.600 10.858
3 1 6.700 13.600 10.858 5.600 13.400 11.593 5.650 12.900 11.560
3 1 6.700 13.600 10.858 6.500 13.850 10.991 5.650 13.700 11.560
3 1 5.650 13.700 11.560 5.600 13.400 11.593 6.700 13.600 10.858
3 1 5.650 13.700 11.560 6.500 13.850 10.991 6.250 13.950 11.159
3 1 6.250 13.950 11.159 5.850 13.900 11.426 5.650 13.700 11.560
3 0 4.975 8.756 12.011 4.975 8.081 12.011 5.250 8.300 11.827
3 0 4.975 5.188 12.011 4.975 4.497 12.011 5.700 4.900 11.526
3 15 3.450 7.703 12.314 3.698 7.752 12.265 2.993 7.893 12.405
3 15 2.993 7.893 12.405 3.202 7.752 12.363 3.450 7.703 12.314
3 15 3.450 8.997 12.314 3.202 8.948 12.363 2.993 8.808 12.405
3 15 2.993 8.808 12.405 3.698 8.948 12.265 3.450 8.997 12.314
3 15 3.698 7.752 12.265 3.908 7.893 12.223 2.852 8.102 12.433
3 15 2.852 8.102 12.433 2.993 7.893 12.405 3.698 7.752 12.265
3 15 3.908 7.893 12.223 4.048 8.102 12.195 2.803 8.350 12.443
3 15 2.803 8.350 12.443 2.852 8.102 12.433 3.908 7.893 12.223
3 15 4.048 8.102 12.195 4.097 8.350 12.185 4.048 8.598 12.195
3 15 4.048 8.598 12.195 2.803 8.350 12.443 4.048 8.102 12.195
3 15 2.803 8.350 12.443 4.048 8.598 12.195 3.908 8.808 12.223
3 15 3.908 8.808 12.223 2.852 8.598 12.433 2.803 8.350 12.443
3 15 2.852 8.598 12.433 3.908 8.808 12.223 3.698 8.948 12.265
3 15 3.698 8.948 12.265 2.993 8.808 12.405 2.852 8.598 12.433
3 0 4.800 4.400 12.045 4.200 4.800 12.165 3.500 4.500 12.304
3 0 3.500 4.500 12.304 3.900 4.100 12.224 4.800 4.400 12.045
3 0 3.900 4.100 12.224 3.500 4.500 12.304 3.000 4.400 12.403
3 0 3.000 4.400 12.403 3.000 4.100 12.403 3.900 4.100 12.224
3 0 3.000 4.100 12.403 3.000 4.400 12.403 2.700 4.350 12.463
3 0 2.700 4.350 12.463 2.700 4.150 12.463 3.000 4.100 12.403
3 0 4.975 8.081 12.011 4.048 8.102 12.195 3.908 7.893 12.223
3 0 3.908 7.893 12.223 4.300 7.600 12.145 4.975 8.081 12.011
3 0 3.908 7.893 12.223 3.698 7.752 12.265 3.550 7.150 12.294
3 0 3.550 7.150 12.294 4.300 7.600 12.145 3.908 7.893 12.223
3 0 3.550 7.150 12.294 3.698 7.752 12.265 3.450 7.703 12.314
3 0 3.450 7.703 12.314 3.202 7.752 12.363 3.050 6.950 12.393
3 0 3.050 6.950 12.393 3.550 7.150 12.294 3.450 7.703 12.314
3 0 3.202 7.752 12.363 2.750 7.400 12.453 2.500 6.850 12.503
3 0 2.500 6.850 12.503 3.050 6.950 12.393 3.202 7.752 12.363
3 0 2.400 7.150 12.523 2.500 6.850 12.503 2.750 7.400 12.453
3 0 4.048 8.598 12.195 4.097 8.350 12.185 4.900 8.750 12.026
3 0 4.048 8.598 12.195 4.900 8.750 12.026 4.850 9.350 12.035
3 0 4.850 9.350 12.035 3.908 8.808 12.223 4.048 8.598 12.195
3 0 4.850 9.350 12.035 4.700 9.800 12.065 3.698 8.948 12.265
3 0 3.698 8.948 12.265 3.908 8.808 12.223 4.850 9.350 12.035
3 0 4.700 9.800 12.065 4.450 10.200 12.115 4.150 10.450 12.175
3 0 4.150 10.450 12.175 3.698 8.948 12.265 4.700 9.800 12.065
3 0 3.698 8.948 12.265 4.150 10.450 12.175 3.750 10.600 12.254
3 0 3.750 10.600 12.254 3.450 8.997 12.314 3.698 8.948 12.265
3 0 3.750 10.600 12.254 3.350 10.600 12.334 2.950 10.550 12.413
3 0 2.950 10.550 12.413 3.450 8.997 12.314 3.750 10.600 12.254
3 0 3.450 8.997 12.314 2.950 10.550 12.413 2.550 10.350 12.493
3 0 2.550 10.350 12.493 3.202 8.948 12.363 3.450 8.997 12.314
3 0 2.550 10.350 12.493 2.200 9.900 12.563 2.993 8.808 12.405
3 0 2.993 8.808 12.405 3.202 8.948 12.363 2.550 10.350 12.493
3 0 2.200 9.900 12.563 2.050 9.400 12.592 2.852 8.598 12.433
3 0 2.852 8.598 12.433 2.993 8.808 12.405 2.200 9.900 12.563
3 0 2.050 9.400 12.592 2.000 8.850 12.602 2.803 8.350 12.443
3 0 2.803 8.350 12.443 2.852 8.598 12.433 2.050 9.400 12.592
3 0 2.000 8.850 12.602 2.100 8.350 12.582 2.852 8.102 12.433
3 0 2.852 8.102 12.433 2.803 8.350 12.443 2.000 8.850 12.602
3 0 2.100 8.350 12.582 2.300 7.950 12.543 2.993 7.893 12.405
3 0 2.993 7.893 12.405 2.852 8.102 12.433 2.100 8.350 12.582
3 0 2.300 7.950 12.543 2.550 7.650 12.493 3.202 7.752 12.363
3 0 3.202 7.752 12.363 2.993 7.893 12.405 2.300 7.950 12.543
3 0 2.550 7.650 12.493 2.750 7.400 12.453 3.202 7.752 12.363
3 0 4.650 15.650 12.075 4.200 16.000 12.165 3.900 15.950 12.224
3 0 3.900 15.950 12.224 4.600 15.450 12.085 4.650 15.650 12.075
3 0 4.600 15.450 12.085 3.900 15.950 12.224 3.450 15.550 12.314
3 0 3.450 15.550 12.314 4.200 15.050 12.165 4.600 15.450 12.085
3 0 4.200 15.050 12.165 3.450 15.550 12.314 2.950 15.200 12.413
3 0 2.950 15.200 12.413 3.600 14.650 12.284 4.200 15.050 12.165
3 0 3.600 14.650 12.284 2.950 15.200 12.413 2.250 14.850 12.553
3 0 2.250 14.850 12.553 2.850 14.300 12.433 3.600 14.650 12.284
3 0 2.850 14.300 12.433 2.250 14.850 12.553 1.600 14.700 12.682
3 0 1.600 14.700 12.682 1.950 14.050 12.612 2.850 14.300 12.433
3 0 1.950 14.050 12.612 1.600 14.700 12.682 0.700 14.600 12.861
3 0 0.700 14.600 12.861 1.100 13.850 12.781 1.950 14.050 12.612
3 0 1.100 13.850 12.781 0.700 14.600 12.861 0.000 14.550 13.000
3 0 0.000 14.550 13.000 0.250 13.800 12.950 1.100 13.850 12.781
3 0 0.250 13.800 12.950 0.000 14.550 13.000 0.000 13.800 13.000
3 0 4.975 4.497 12.011 4.975 5.188 12.011 4.200 4.800 12.165
3 0 4.200 4.800 12.165 4.800 4.400 12.045 4.975 4.497 12.011
3 0 4.975 8.756 12.011 4.900 8.750 12.026 4.048 8.102 12.195
3 0 4.048 8.102 12.195 4.975 8.081 12.011 4.975 8.756 12.011
3 0 4.097 8.350 12.185 4.048 8.102 12.195 4.900 8.750 12.026
3 0 1.250 16.300 12.751 1.450 16.050 12.712 1.850 16.450 12.632
3 0 1.250 16.300 12.751 0.550 16.250 12.891 0.900 15.800 12.821
3 0 0.900 15.800 12.821 1.450 16.050 12.712 1.250 16.300 12.751
3 0 0.000 15.720 13.000 0.200 15.700 12.960 0.550 16.250 12.891
3 0 0.550 16.250 12.891 0.000 16.250 13.000 0.000 15.720 13.000
3 0 0.550 16.250 12.891 0.200 15.700 12.960 0.900 15.800 12.821
3 15 -3.698 7.752 12.265 -3.202 7.752 12.363 -2.993 7.893 12.405
3 15 -2.993 7.893 12.405 -3.908 7.893 12.223 -3.698 7.752 12.265
3 15 -3.908 7.893 12.223 -2.993 7.893 12.405 -2.852 8.102 12.433
3 15 -2.852 8.102 12.433 -4.048 8.102 12.195 -3.908 7.893 12.223
3 15 -4.048 8.102 12.195 -2.852 8.102 12.433 -2.803 8.350 12.443
3 15 -2.803 8.350 12.443 -4.097 8.350 12.185 -4.048 8.102 12.195
3 15 -4.048 8.598 12.195 -4.097 8.350 12.185 -2.803 8.350 12.443
3 15 -2.803 8.350 12.443 -2.852 8.598 12.433 -4.048 8.598 12.195
3 15 -3.908 8.808 12.223 -4.048 8.598 12.195 -2.852 8.598 12.433
3 15 -2.852 8.598 12.433 -2.993 8.808 12.405 -3.908 8.808 12.223
3 15 -3.698 8.948 12.265 -3.908 8.808 12.223 -2.993 8.808 12.405
3 15 -2.993 8.808 12.405 -3.202 8.948 12.363 -3.698 8.948 12.265
3 15 -3.450 7.703 12.314 -3.202 7.752 12.363 -3.698 7.752 12.265
3 15 -3.202 8.948 12.363 -3.450 8.997 12.314 -3.698 8.948 12.265
3 0 -4.800 4.400 12.045 -3.900 4.100 12.224 -3.500 4.500 12.304
3 0 -3.500 4.500 12.304 -4.200 4.800 12.165 -4.800 4.400 12.045
3 0 -3.900 4.100 12.224 -3.000 4.100 12.403 -3.000 4.400 12.403
3 0 -3.000 4.400 12.403 -3.500 4.500 12.304 -3.900 4.100 12.224
3 0 -3.000 4.100 12.403 -2.700 4.150 12.463 -2.700 4.350 12.463
3 0 -2.700 4.350 12.463 -3.000 4.400 12.403 -3.000 4.100 12.403
3 0 -3.908 7.893 12.223 -4.048 8.102 12.195 -4.900 8.750 12.026
3 0 -4.900 8.750 12.026 -4.300 7.600 12.145 -3.908 7.893 12.223
3 0 -3.908 7.893 12.223 -4.300 7.600 12.145 -3.550 7.150 12.294
3 0 -3.550 7.150 12.294 -3.698 7.752 12.265 -3.908 7.893 12.223
3 0 -3.550 7.150 12.294 -3.450 7.703 12.314 -3.698 7.752 12.265
3 0 -3.450 7.703 12.314 -3.550 7.150 12.294 -3.050 6.950 12.393
3 0 -3.050 6.950 12.393 -3.202 7.752 12.363 -3.450 7.703 12.314
3 0 -3.202 7.752 12.363 -3.050 6.950 12.393 -2.500 6.850 12.503
3 0 -2.500 6.850 12.503 -2.750 7.400 12.453 -3.202 7.752 12.363
3 0 -2.750 7.400 12.453 -2.500 6.850 12.503 -2.400 7.150 12.523
3 0 -4.900 8.750 12.026 -4.097 8.350 12.185 -4.048 8.598 12.195
3 0 -4.048 8.598 12.195 -3.908 8.808 12.223 -4.850 9.350 12.035
3 0 -4.850 9.350 12.035 -4.900 8.750 12.026 -4.048 8.598 12.195
3 0 -4.850 9.350 12.035 -3.908 8.808 12.223 -3.698 8.948 12.265
3 0 -3.698 8.948 12.265 -4.700 9.800 12.065 -4.850 9.350 12.035
3 0 -4.700 9.800 12.065 -3.698 8.948 12.265 -4.150 10.450 12.175
3 0 -4.150 10.450 12.175 -4.450 10.200 12.115 -4.700 9.800 12.065
3 0 -3.698 8.948 12.265 -3.450 8.997 12.314 -3.750 10.600 12.254
3 0 -3.750 10.600 12.254 -4.150 10.450 12.175 -3.698 8.948 12.265
3 0 -3.750 10.600 12.254 -3.450 8.997 12.314 -2.950 10.550 12.413
3 0 -2.950 10.550 12.413 -3.350 10.600 12.334 -3.750 10.600 12.254
3 0 -3.450 8.997 12.314 -3.202 8.948 12.363 -2.550 10.350 12.493
3 0 -2.550 10.350 12.493 -2.950 10.550 12.413 -3.450 8.997 12.314
3 0 -2.550 10.350 12.493 -3.202 8.948 12.363 -2.993 8.808 12.405
3 0 -2.993 8.808 12.405 -2.200 9.900 12.563 -2.550 10.350 12.493
3 0 -2.200 9.900 12.563 -2.993 8.808 12.405 -2.852 8.598 12.433
3 0 -2.852 8.598 12.433 -2.050 9.400 12.592 -2.200 9.900 12.563
3 0 -2.050 9.400 12.592 -2.852 8.598 12.433 -2.803 8.350 12.443
3 0 -2.803 8.350 12.443 -2.000 8.850 12.602 -2.050 9.400 12.592
3 0 -2.000 8.850 12.602 -2.803 8.350 12.443 -2.852 8.102 12.433
3 0 -2.852 8.102 12.433 -2.100 8.350 12.582 -2.000 8.850 12.602
3 0 -2.100 8.350 12.582 -2.852 8.102 12.433 -2.993 7.893 12.405
3 0 -2.993 7.893 12.405 -2.300 7.950 12.543 -2.100 8.350 12.582
3 0 -2.300 7.950 12.543 -2.993 7.893 12.405 -3.202 7.752 12.363
3 0 -3.202 7.752 12.363 -2.550 7.650 12.493 -2.300 7.950 12.543
3 0 -3.202 7.752 12.363 -2.750 7.400 12.453 -2.550 7.650 12.493
3 0 0.000 13.800 13.000 0.000 14.550 13.000 -0.950 14.600 12.811
3 0 -0.950 14.600 12.811 -0.650 13.800 12.871 0.000 13.800 13.000
3 0 -0.650 13.800 12.871 -0.950 14.600 12.811 -1.900 14.750 12.622
3 0 -1.900 14.750 12.622 -1.650 13.950 12.672 -0.650 13.800 12.871
3 0 -1.650 13.950 12.672 -1.900 14.750 12.622 -2.800 15.000 12.443
3 0 -2.800 15.000 12.443 -2.650 14.250 12.473 -1.650 13.950 12.672
3 0 -2.650 14.250 12.473 -2.800 15.000 12.443 -3.400 15.350 12.324
3 0 -3.400 15.350 12.324 -3.400 14.600 12.324 -2.650 14.250 12.473
3 0 -3.400 14.600 12.324 -3.400 15.350 12.324 -3.700 15.700 12.264
3 0 -3.700 15.700 12.264 -4.000 15.050 12.205 -3.400 14.600 12.324
3 0 -4.000 15.050 12.205 -3.700 15.700 12.264 -4.200 15.700 12.165
3 0 -4.200 15.700 12.165 -4.250 15.500 12.155 -4.000 15.050 12.205
3 0 -4.200 15.700 12.165 -3.700 15.700 12.264 -3.850 15.800 12.234
3 0 -4.975 8.756 12.011 -4.975 8.081 12.011 -4.300 7.600 12.145
3 0 -4.300 7.600 12.145 -4.900 8.750 12.026 -4.975 8.756 12.011
3 0 -4.048 8.102 12.195 -4.097 8.350 12.185 -4.900 8.750 12.026
3 0 -0.550 16.300 12.891 -0.800 16.000 12.841 -0.300 15.750 12.940
3 0 -0.300 15.750 12.940 0.000 16.250 13.000 -0.550 16.300 12.891
3 0 -1.150 16.400 12.771 -0.800 16.000 12.841 -0.550 16.300 12.891
3 0 0.000 16.250 13.000 -0.300 15.750 12.940 0.000 15.720 13.000
3 0 -4.800 4.400 12.045 -4.975 5.101 12.011 -4.975 4.497 12.011
3 0 -4.200 4.800 12.165 -4.975 5.188 12.011 -4.975 5.101 12.011
3 0 -4.975 5.101 12.011 -4.800 4.400 12.045 -4.200 4.800 12.165
3 0 -7.000 7.300 10.657 -6.900 6.500 10.724 -6.300 6.500 11.125
3 0 -6.300 6.500 11.125 -6.800 7.300 10.791 -7.000 7.300 10.657
3 0 -6.900 6.500 10.724 -6.400 5.600 11.058 -5.600 5.700 11.593
3 0 -5.600 5.700 11.593 -6.300 6.500 11.125 -6.900 6.500 10.724
3 0 -6.400 5.600 11.058 -5.700 4.900 11.526 -5.000 5.200 11.994
3 0 -5.000 5.200 11.994 -5.600 5.700 11.593 -6.400 5.600 11.058
3 0 -5.700 4.900 11.526 -4.975 4.497 12.011 -4.975 5.101 12.011
3 0 -4.975 5.101 12.011 -5.000 5.200 11.994 -5.700 4.900 11.526
3 0 -4.975 8.081 12.011 -4.975 8.756 12.011 -5.500 8.550 11.660
3 0 -5.500 8.550 11.660 -5.250 8.300 11.827 -4.975 8.081 12.011
3 0 -4.975 8.756 12.011 -5.350 8.850 11.760 -5.500 8.550 11.660
3 0 -5.000 5.200 11.994 -4.975 5.101 12.011 -4.975 5.188 12.011
1 16 0.0000 0.0000 0.0000 1.0000 0.0000 0.0000 0.0000 1.0000 0.0000 0.0000 0.0000 1.0000 s/3626bs02.dat
1 16 0.0000 4.0000 0.0000 0.0000 0.0000 8.0000 0.0000 -6.4000 0.0000 8.0000 0.0000 0.0000 t04o6250.dat
1 16 0.0000 4.0000 0.0000 8.0000 0.0000 0.0000 0.0000 -6.4000 0.0000 0.0000 0.0000 -8.0000 t04o6250.dat
1 16 0.0000 4.0000 0.0000 0.0000 0.0000 -8.0000 0.0000 -6.4000 0.0000 -8.0000 0.0000 0.0000 t04o6250.dat
1 16 0.0000 4.0000 0.0000 -8.0000 0.0000 0.0000 0.0000 -6.4000 0.0000 0.0000 0.0000 8.0000 t04o6250.dat
1 16 0.0000 4.0000 0.0000 -9.1924 0.0000 -9.1924 0.0000 13.0000 0.0000 9.1924 0.0000 -9.1924 1-4cyli.dat
1 16 0.0000 4.0000 0.0000 9.1924 0.0000 9.1924 0.0000 13.0000 0.0000 -9.1924 0.0000 9.1924 1-4cyli.dat
1 16 0.0000 17.0000 0.0000 5.6569 0.0000 5.6569 0.0000 6.4000 0.0000 5.6569 0.0000 -5.6569 t04o6250.dat
1 16 0.0000 17.0000 0.0000 -5.6569 0.0000 -5.6569 0.0000 6.4000 0.0000 -5.6569 0.0000 5.6569 t04o6250.dat
1 16 0.0000 17.0000 0.0000 -5.6569 0.0000 5.6569 0.0000 6.4000 0.0000 5.6569 0.0000 5.6569 t16o6250.dat
1 16 0.0000 17.0000 0.0000 3.0615 0.0000 7.3911 0.0000 6.4000 0.0000 7.3911 0.0000 -3.0615 t16o6250.dat
