0 FILE 3626cp06.dat
0 Minifigure, Head Dual Sided Black Glasses, Crooked Smile / Sunglasses, Clenched Teeth Pattern - Hollow Stud
0 Name:  3626cp06.dat
0 Author:  
0 BL_Item_No 3626cpb1359
0 BFC CERTIFY CCW
3 16 -12.011 4.000 -4.975 -13.000 4.000 0.000 -12.011 5.950 -4.975
3 16 -12.011 6.500 -4.975 -12.011 5.950 -4.975 -13.000 4.000 0.000
3 16 -13.000 4.000 0.000 -13.000 17.000 0.000 -12.011 6.500 -4.975
3 16 -12.011 6.500 -4.975 -13.000 17.000 0.000 -12.011 17.000 -4.975
3 16 -9.192 4.000 -9.192 -12.011 4.000 -4.975 -12.011 5.950 -4.975
3 16 -12.011 5.950 -4.975 -9.192 7.581 -9.192 -9.192 4.000 -9.192
3 16 -9.192 8.208 -9.192 -12.011 6.500 -4.975 -12.011 17.000 -4.975
3 16 -12.011 17.000 -4.975 -9.192 17.000 -9.192 -9.192 8.208 -9.192
3 16 -6.050 5.950 -11.292 -4.975 4.000 -12.011 -9.192 4.000 -9.192
3 16 -9.192 4.000 -9.192 -6.900 6.500 -10.724 -6.050 5.950 -11.292
3 16 -9.192 17.000 -9.192 -7.950 11.200 -10.023 -8.100 10.200 -9.922
3 16 -8.100 10.200 -9.922 -9.192 8.208 -9.192 -9.192 17.000 -9.192
3 16 -7.950 11.200 -10.023 -9.192 17.000 -9.192 -7.500 12.050 -10.323
3 16 -7.000 12.550 -10.657 -7.500 12.050 -10.323 -9.192 17.000 -9.192
3 16 -9.192 17.000 -9.192 -6.100 16.000 -11.259 -7.000 12.550 -10.657
3 16 -7.000 12.550 -10.657 -6.100 16.000 -11.259 -5.825 15.200 -11.443
3 16 -5.825 15.200 -11.443 -6.350 12.800 -11.092 -7.000 12.550 -10.657
3 16 -6.350 12.800 -11.092 -5.825 15.200 -11.443 -5.500 14.775 -11.660
3 16 -5.500 14.775 -11.660 -5.400 12.850 -11.727 -6.350 12.800 -11.092
3 16 -6.100 16.000 -11.259 -9.192 17.000 -9.192 -6.125 16.600 -11.242
3 16 -4.975 4.000 -12.011 -6.050 5.950 -11.292 -4.975 5.648 -12.011
3 16 -7.550 7.350 -10.290 -6.900 6.500 -10.724 -9.192 4.000 -9.192
3 16 -9.192 4.000 -9.192 -9.192 7.581 -9.192 -7.550 7.350 -10.290
3 16 -7.550 7.350 -10.290 -9.192 7.581 -9.192 -7.950 8.300 -10.023
3 16 -5.325 14.950 -11.777 -4.975 12.770 -12.011 -5.400 12.850 -11.727
3 16 -5.400 12.850 -11.727 -5.500 14.775 -11.660 -5.325 14.950 -11.777
3 16 -4.975 12.770 -12.011 -5.325 14.950 -11.777 -4.975 17.000 -12.011
3 16 -5.550 15.475 -11.627 -5.675 16.075 -11.543 -4.975 17.000 -12.011
3 16 -4.975 17.000 -12.011 -5.325 14.950 -11.777 -5.550 15.475 -11.627
3 16 -4.975 17.000 -12.011 -5.675 16.075 -11.543 -5.675 16.775 -11.543
3 16 -5.675 16.775 -11.543 -5.634 17.000 -11.570 -4.975 17.000 -12.011
3 16 -6.125 16.600 -11.242 -9.192 17.000 -9.192 -6.068 17.000 -11.280
3 16 -9.192 8.208 -9.192 -8.100 10.200 -9.922 -8.050 8.900 -9.956
3 16 -3.450 5.600 -12.314 0.000 4.000 -13.000 -4.975 4.000 -12.011
3 16 -4.975 4.000 -12.011 -4.975 5.648 -12.011 -3.450 5.600 -12.314
3 16 -2.300 5.800 -12.543 0.000 5.750 -13.000 0.000 4.000 -13.000
3 16 0.000 4.000 -13.000 -3.450 5.600 -12.314 -2.300 5.800 -12.543
3 16 0.000 6.450 -13.000 -1.200 6.500 -12.761 -0.900 6.900 -12.821
3 16 -0.900 6.900 -12.821 0.000 7.500 -13.000 0.000 6.450 -13.000
3 16 -0.775 7.200 -12.846 -0.250 7.550 -12.950 0.000 7.500 -13.000
3 16 0.000 7.500 -13.000 -0.900 6.900 -12.821 -0.775 7.200 -12.846
3 16 -0.775 7.200 -12.846 -0.750 7.650 -12.851 -0.250 7.550 -12.950
3 16 -4.075 14.350 -12.190 -3.600 13.625 -12.284 -4.600 12.700 -12.085
3 16 -4.600 12.700 -12.085 -4.975 12.770 -12.011 -4.075 14.350 -12.190
3 16 -3.700 12.250 -12.264 -4.600 12.700 -12.085 -3.600 13.625 -12.284
3 16 -3.600 13.625 -12.284 -3.075 13.175 -12.389 -3.700 12.250 -12.264
3 16 -3.075 13.175 -12.389 -2.500 12.900 -12.503 -2.700 11.500 -12.463
3 16 -2.700 11.500 -12.463 -3.700 12.250 -12.264 -3.075 13.175 -12.389
3 16 -1.800 10.450 -12.642 -2.700 11.500 -12.463 -2.500 12.900 -12.503
3 16 -2.500 12.900 -12.503 -1.950 12.850 -12.612 -1.800 10.450 -12.642
3 16 -1.800 10.450 -12.642 -1.950 12.850 -12.612 -1.475 12.850 -12.707
3 16 -0.975 12.925 -12.806 -1.250 9.350 -12.751 -1.800 10.450 -12.642
3 16 -1.800 10.450 -12.642 -1.475 12.850 -12.707 -0.975 12.925 -12.806
3 16 -0.500 13.000 -12.901 -0.900 8.400 -12.821 -1.250 9.350 -12.751
3 16 -1.250 9.350 -12.751 -0.975 12.925 -12.806 -0.500 13.000 -12.901
3 16 -0.250 8.150 -12.950 -0.900 8.400 -12.821 -0.500 13.000 -12.901
3 16 -0.500 13.000 -12.901 0.000 12.938 -13.000 -0.250 8.150 -12.950
3 16 0.000 8.106 -13.000 -0.250 8.150 -12.950 0.000 12.938 -13.000
3 16 -4.800 16.300 -12.046 -4.975 12.770 -12.011 -4.975 17.000 -12.011
3 16 -4.975 17.000 -12.011 -4.913 17.000 -12.023 -4.800 16.300 -12.046
3 16 -4.975 12.770 -12.011 -4.550 15.450 -12.095 -4.075 14.350 -12.190
3 16 -4.975 12.770 -12.011 -4.800 16.300 -12.046 -4.550 15.450 -12.095
3 16 0.000 4.000 -13.000 0.000 5.750 -13.000 2.300 5.800 -12.543
3 16 2.300 5.800 -12.543 3.450 5.600 -12.314 0.000 4.000 -13.000
3 16 3.450 5.600 -12.314 4.975 5.648 -12.011 4.975 4.000 -12.011
3 16 4.975 4.000 -12.011 0.000 4.000 -13.000 3.450 5.600 -12.314
3 16 0.775 7.200 -12.846 0.525 7.525 -12.896 0.750 7.552 -12.851
3 16 0.775 7.200 -12.846 0.000 6.450 -13.000 0.000 7.500 -13.000
3 16 0.000 7.500 -13.000 0.525 7.525 -12.896 0.775 7.200 -12.846
3 16 0.000 6.450 -13.000 0.775 7.200 -12.846 0.900 6.900 -12.821
3 16 0.000 6.450 -13.000 0.900 6.900 -12.821 1.200 6.500 -12.761
3 16 0.175 8.075 -12.965 0.450 12.725 -12.911 1.025 12.375 -12.796
3 16 1.025 12.375 -12.796 0.575 8.100 -12.886 0.175 8.075 -12.965
3 16 0.575 8.100 -12.886 0.900 8.400 -12.821 0.852 8.162 -12.831
3 16 1.025 12.375 -12.796 1.250 9.350 -12.751 0.900 8.400 -12.821
3 16 0.900 8.400 -12.821 0.575 8.100 -12.886 1.025 12.375 -12.796
3 16 1.800 10.450 -12.642 1.250 9.350 -12.751 1.025 12.375 -12.796
3 16 1.025 12.375 -12.796 1.575 12.175 -12.687 1.800 10.450 -12.642
3 16 1.575 12.175 -12.687 2.200 12.125 -12.563 2.700 11.500 -12.463
3 16 2.700 11.500 -12.463 1.800 10.450 -12.642 1.575 12.175 -12.687
3 16 2.700 11.500 -12.463 2.200 12.125 -12.563 2.825 12.225 -12.438
3 16 2.825 12.225 -12.438 3.700 12.250 -12.264 2.700 11.500 -12.463
3 16 2.825 12.225 -12.438 3.375 12.450 -12.329 3.700 12.250 -12.264
3 16 3.975 12.775 -12.210 4.600 12.700 -12.085 3.700 12.250 -12.264
3 16 3.700 12.250 -12.264 3.375 12.450 -12.329 3.975 12.775 -12.210
3 16 4.600 12.700 -12.085 3.975 12.775 -12.210 4.600 13.275 -12.085
3 16 0.450 12.725 -12.911 0.175 8.075 -12.965 0.000 8.106 -13.000
3 16 0.000 8.106 -13.000 0.000 12.938 -13.000 0.450 12.725 -12.911
3 16 4.600 12.700 -12.085 4.600 13.275 -12.085 4.975 13.630 -12.011
3 16 4.975 13.630 -12.011 4.975 12.770 -12.011 4.600 12.700 -12.085
3 16 9.192 4.000 -9.192 4.975 4.000 -12.011 6.050 5.950 -11.292
3 16 6.050 5.950 -11.292 6.900 6.500 -10.724 9.192 4.000 -9.192
3 16 9.192 4.000 -9.192 6.900 6.500 -10.724 7.550 7.350 -10.290
3 16 9.192 4.000 -9.192 7.550 7.350 -10.290 7.950 8.300 -10.023
3 16 7.950 8.300 -10.023 9.192 7.581 -9.192 9.192 4.000 -9.192
3 16 6.350 13.950 -11.092 6.350 12.800 -11.092 5.400 12.850 -11.727
3 16 5.400 12.850 -11.727 5.700 14.475 -11.526 6.350 13.950 -11.092
3 16 6.175 15.275 -11.209 6.750 15.025 -10.825 6.350 13.950 -11.092
3 16 6.350 13.950 -11.092 5.700 14.475 -11.526 6.175 15.275 -11.209
3 16 6.175 15.275 -11.209 6.500 16.100 -10.992 6.925 15.625 -10.708
3 16 6.925 15.625 -10.708 6.750 15.025 -10.825 6.175 15.275 -11.209
3 16 6.500 16.100 -10.992 6.625 16.550 -10.908 7.125 16.350 -10.574
3 16 7.125 16.350 -10.574 6.925 15.625 -10.708 6.500 16.100 -10.992
3 16 7.000 12.550 -10.657 6.350 12.800 -11.092 6.350 13.950 -11.092
3 16 6.350 13.950 -11.092 6.900 14.625 -10.724 7.000 12.550 -10.657
3 16 6.900 14.625 -10.724 7.125 15.025 -10.574 7.500 12.050 -10.323
3 16 7.500 12.050 -10.323 7.000 12.550 -10.657 6.900 14.625 -10.724
3 16 9.192 17.000 -9.192 7.500 12.050 -10.323 7.125 15.025 -10.574
3 16 7.125 15.025 -10.574 7.450 15.650 -10.357 9.192 17.000 -9.192
3 16 7.700 16.375 -10.190 7.796 17.000 -10.125 9.192 17.000 -9.192
3 16 7.450 15.650 -10.357 7.700 16.375 -10.190 9.192 17.000 -9.192
3 16 7.950 11.200 -10.023 7.500 12.050 -10.323 9.192 17.000 -9.192
3 16 4.975 4.000 -12.011 4.975 5.648 -12.011 6.050 5.950 -11.292
3 16 5.400 12.850 -11.727 4.975 12.770 -12.011 4.975 13.630 -12.011
3 16 4.975 13.630 -12.011 5.700 14.475 -11.526 5.400 12.850 -11.727
3 16 9.192 8.208 -9.192 8.050 8.900 -9.956 8.100 10.200 -9.922
3 16 9.192 17.000 -9.192 9.192 8.208 -9.192 8.100 10.200 -9.922
3 16 8.100 10.200 -9.922 7.950 11.200 -10.023 9.192 17.000 -9.192
3 16 7.198 17.000 -10.525 7.125 16.350 -10.574 6.625 16.550 -10.908
3 16 6.625 16.550 -10.908 6.690 17.000 -10.865 7.198 17.000 -10.525
3 16 12.011 5.950 -4.975 12.011 4.000 -4.975 9.192 4.000 -9.192
3 16 9.192 4.000 -9.192 9.192 7.581 -9.192 12.011 5.950 -4.975
3 16 12.011 17.000 -4.975 12.011 6.500 -4.975 9.192 8.208 -9.192
3 16 9.192 8.208 -9.192 9.192 17.000 -9.192 12.011 17.000 -4.975
3 16 13.000 4.000 0.000 12.011 4.000 -4.975 12.011 5.950 -4.975
3 16 13.000 4.000 0.000 12.011 5.950 -4.975 12.011 6.500 -4.975
3 16 12.011 6.500 -4.975 13.000 17.000 0.000 13.000 4.000 0.000
3 16 12.011 6.500 -4.975 12.011 17.000 -4.975 13.000 17.000 0.000
3 16 -3.794 20.695 -9.159 -7.010 20.695 -7.010 -5.657 21.000 -5.657
3 16 -5.657 21.000 -5.657 -3.062 21.000 -7.391 -3.794 20.695 -9.159
3 16 -7.010 20.695 -7.010 -3.794 20.695 -9.159 -4.414 19.828 -10.658
3 16 -4.414 19.828 -10.658 -8.157 19.828 -8.157 -7.010 20.695 -7.010
3 16 -4.414 19.828 -10.658 -4.830 18.531 -11.659 -8.923 18.531 -8.923
3 16 -8.923 18.531 -8.923 -8.157 19.828 -8.157 -4.414 19.828 -10.658
3 16 -3.062 21.000 -7.391 0.000 21.000 -8.000 0.000 20.695 -9.914
3 16 0.000 20.695 -9.914 -3.794 20.695 -9.159 -3.062 21.000 -7.391
3 16 0.000 19.828 -11.535 -4.414 19.828 -10.658 -3.794 20.695 -9.159
3 16 -3.794 20.695 -9.159 0.000 20.695 -9.914 0.000 19.828 -11.535
3 16 -0.260 18.531 -12.568 -4.830 18.531 -11.659 -4.414 19.828 -10.658
3 16 -4.414 19.828 -10.658 0.000 18.613 -12.551 -0.260 18.531 -12.568
3 16 0.000 18.613 -12.551 -4.414 19.828 -10.658 0.000 19.828 -11.535
3 16 3.794 20.695 -9.159 0.000 20.695 -9.914 0.000 21.000 -8.000
3 16 0.000 21.000 -8.000 3.062 21.000 -7.391 3.794 20.695 -9.159
3 16 4.414 19.828 -10.658 0.000 19.828 -11.535 0.000 20.695 -9.914
3 16 0.000 20.695 -9.914 3.794 20.695 -9.159 4.414 19.828 -10.658
3 16 0.000 18.613 -12.551 0.000 19.828 -11.535 0.150 18.650 -12.490
3 16 0.000 19.828 -11.535 4.414 19.828 -10.658 0.800 18.625 -12.382
3 16 0.800 18.625 -12.382 0.150 18.650 -12.490 0.000 19.828 -11.535
3 16 0.800 18.625 -12.382 4.414 19.828 -10.658 4.385 18.531 -11.748
3 16 4.385 18.531 -11.748 1.067 18.531 -12.407 0.800 18.625 -12.382
3 16 4.385 18.531 -11.748 4.414 19.828 -10.658 4.784 18.675 -11.548
3 16 7.010 20.695 -7.010 3.794 20.695 -9.159 3.062 21.000 -7.391
3 16 3.062 21.000 -7.391 5.657 21.000 -5.657 7.010 20.695 -7.010
3 16 3.794 20.695 -9.159 7.010 20.695 -7.010 8.157 19.828 -8.157
3 16 8.157 19.828 -8.157 4.414 19.828 -10.658 3.794 20.695 -9.159
3 16 4.784 18.675 -11.548 4.414 19.828 -10.658 5.050 18.775 -11.271
3 16 5.050 18.775 -11.271 4.414 19.828 -10.658 5.525 18.825 -10.905
3 16 5.950 18.825 -10.621 5.525 18.825 -10.905 4.414 19.828 -10.658
3 16 4.414 19.828 -10.658 8.157 19.828 -8.157 5.950 18.825 -10.621
3 16 6.300 18.725 -10.485 5.950 18.825 -10.621 8.157 19.828 -8.157
3 16 6.668 18.531 -10.431 6.300 18.725 -10.485 8.157 19.828 -8.157
3 16 8.157 19.828 -8.157 7.552 18.531 -9.839 6.668 18.531 -10.431
3 16 6.668 18.531 -10.431 6.494 18.531 -10.547 6.300 18.725 -10.485
3 16 8.923 18.531 -8.923 7.552 18.531 -9.839 8.157 19.828 -8.157
3 16 -8.923 18.531 -8.923 -6.025 17.300 -11.221 -6.068 17.000 -11.280
3 16 -6.068 17.000 -11.280 -9.192 17.000 -9.192 -8.923 18.531 -8.923
3 16 -6.025 17.300 -11.221 -8.923 18.531 -8.923 -5.700 17.900 -11.262
3 16 -5.700 17.900 -11.262 -8.923 18.531 -8.923 -5.325 18.275 -11.403
3 16 -5.325 18.275 -11.403 -8.923 18.531 -8.923 -4.830 18.531 -11.659
3 16 -5.575 17.325 -11.515 -5.300 17.950 -11.515 -4.975 17.000 -12.011
3 16 -4.975 17.000 -12.011 -5.634 17.000 -11.570 -5.575 17.325 -11.515
3 16 -4.975 17.000 -12.011 -5.300 17.950 -11.515 -4.830 18.531 -11.659
3 16 -4.913 17.000 -12.023 -4.975 17.000 -12.011 -4.900 17.275 -11.957
3 16 -4.625 18.075 -11.813 -4.830 18.531 -11.659 -4.225 18.325 -11.831
3 16 -0.175 17.875 -12.748 -0.225 18.100 -12.682 0.000 18.042 -12.741
3 16 0.000 18.042 -12.741 0.000 17.870 -12.784 -0.175 17.875 -12.748
3 16 -0.225 18.100 -12.682 -0.175 17.875 -12.748 -1.000 18.000 -12.552
3 16 -1.000 18.000 -12.552 -0.375 18.300 -12.602 -0.225 18.100 -12.682
3 16 -4.225 18.325 -11.831 -4.830 18.531 -11.659 -3.575 18.450 -11.929
3 16 -0.260 18.531 -12.568 -3.075 18.425 -12.034 -3.575 18.450 -11.929
3 16 -3.575 18.450 -11.929 -4.830 18.531 -11.659 -0.260 18.531 -12.568
3 16 -0.260 18.531 -12.568 -0.375 18.300 -12.602 -2.475 18.300 -12.185
3 16 -2.475 18.300 -12.185 -3.075 18.425 -12.034 -0.260 18.531 -12.568
3 16 -1.875 18.150 -12.341 -2.475 18.300 -12.185 -0.375 18.300 -12.602
3 16 -0.375 18.300 -12.602 -1.000 18.000 -12.552 -1.875 18.150 -12.341
3 16 -4.850 17.675 -11.868 -4.900 17.275 -11.957 -4.975 17.000 -12.011
3 16 -4.975 17.000 -12.011 -4.830 18.531 -11.659 -4.850 17.675 -11.868
3 16 -4.850 17.675 -11.868 -4.830 18.531 -11.659 -4.625 18.075 -11.813
3 16 0.775 17.850 -12.635 0.000 17.870 -12.784 0.125 18.025 -12.720
3 16 0.125 18.025 -12.720 0.800 18.025 -12.586 0.775 17.850 -12.635
3 16 1.700 17.900 -12.438 0.775 17.850 -12.635 0.800 18.025 -12.586
3 16 0.800 18.025 -12.586 1.375 18.125 -12.447 1.700 17.900 -12.438
3 16 1.700 17.900 -12.438 1.375 18.125 -12.447 1.700 18.200 -12.364
3 16 1.700 18.200 -12.364 2.375 18.000 -12.279 1.700 17.900 -12.438
3 16 3.125 18.150 -12.093 2.375 18.000 -12.279 1.700 18.200 -12.364
3 16 1.700 18.200 -12.364 3.850 18.375 -11.893 3.125 18.150 -12.093
3 16 4.385 18.531 -11.748 3.850 18.375 -11.893 1.225 18.475 -12.390
3 16 1.225 18.475 -12.390 1.067 18.531 -12.407 4.385 18.531 -11.748
3 16 1.700 18.200 -12.364 1.225 18.475 -12.390 3.850 18.375 -11.893
3 16 0.000 17.870 -12.784 0.000 18.042 -12.741 0.125 18.025 -12.720
3 16 6.668 18.531 -10.431 7.375 18.150 -10.070 6.575 18.450 -10.516
3 16 6.575 18.450 -10.516 6.494 18.531 -10.547 6.668 18.531 -10.431
3 16 7.375 18.150 -10.070 6.668 18.531 -10.431 7.552 18.531 -9.839
3 16 8.923 18.531 -8.923 7.575 18.050 -9.965 7.375 18.150 -10.070
3 16 7.375 18.150 -10.070 7.552 18.531 -9.839 8.923 18.531 -8.923
3 16 8.923 18.531 -8.923 9.192 17.000 -9.192 7.775 17.625 -9.956
3 16 7.775 17.625 -9.956 7.575 18.050 -9.965 8.923 18.531 -8.923
3 16 6.750 17.500 -10.678 6.700 18.075 -10.543 7.100 17.925 -10.319
3 16 7.100 17.925 -10.319 7.175 17.475 -10.401 6.750 17.500 -10.678
3 16 7.175 18.100 -10.218 7.100 17.925 -10.319 6.700 18.075 -10.543
3 16 6.700 18.075 -10.543 6.575 18.450 -10.516 7.175 18.100 -10.218
3 16 7.175 18.100 -10.218 6.575 18.450 -10.516 7.375 18.150 -10.070
3 16 7.175 17.475 -10.401 7.198 17.000 -10.525 6.690 17.000 -10.865
3 16 6.690 17.000 -10.865 6.750 17.500 -10.678 7.175 17.475 -10.401
3 16 9.192 17.000 -9.192 7.796 17.000 -10.125 7.775 17.625 -9.956
3 16 12.011 4.000 4.975 13.000 4.000 0.000 12.011 6.750 4.975
3 16 12.011 7.450 4.975 12.011 6.750 4.975 13.000 4.000 0.000
3 16 13.000 4.000 0.000 13.000 17.000 0.000 12.011 7.450 4.975
3 16 12.011 7.450 4.975 13.000 17.000 0.000 12.011 17.000 4.975
3 16 9.192 17.000 9.192 9.192 8.463 9.192 12.011 7.450 4.975
3 16 12.011 7.450 4.975 12.011 17.000 4.975 9.192 17.000 9.192
3 16 12.011 6.750 4.975 9.192 7.688 9.192 9.192 4.000 9.192
3 16 9.192 4.000 9.192 12.011 4.000 4.975 12.011 6.750 4.975
3 16 5.211 6.077 11.853 4.975 4.000 12.011 9.192 4.000 9.192
3 16 9.192 4.000 9.192 5.758 6.369 11.488 5.211 6.077 11.853
3 16 4.975 4.000 12.011 5.211 6.077 11.853 4.975 6.005 12.011
3 16 5.211 11.923 11.853 4.975 17.000 12.011 4.975 11.995 12.011
3 16 5.758 11.631 11.488 9.192 17.000 9.192 4.975 17.000 12.011
3 16 4.975 17.000 12.011 5.211 11.923 11.853 5.758 11.631 11.488
3 16 6.237 11.237 11.167 9.192 17.000 9.192 5.758 11.631 11.488
3 16 6.631 10.758 10.904 9.192 17.000 9.192 6.237 11.237 11.167
3 16 6.923 10.211 10.709 9.192 17.000 9.192 6.631 10.758 10.904
3 16 9.192 8.463 9.192 7.103 9.617 10.589 7.145 9.198 10.561
3 16 9.192 4.000 9.192 6.923 7.789 10.709 6.631 7.242 10.904
3 16 9.192 4.000 9.192 6.631 7.242 10.904 6.237 6.763 11.167
3 16 9.192 4.000 9.192 6.237 6.763 11.167 5.758 6.369 11.488
3 16 7.103 9.617 10.589 9.192 8.463 9.192 9.192 17.000 9.192
3 16 9.192 17.000 9.192 6.923 10.211 10.709 7.103 9.617 10.589
3 16 7.103 8.383 10.589 6.923 7.789 10.709 9.192 4.000 9.192
3 16 9.192 4.000 9.192 9.192 7.688 9.192 7.103 8.383 10.589
3 16 4.975 4.000 12.011 4.975 6.005 12.011 4.617 5.897 12.082
3 16 4.975 4.000 12.011 4.617 5.897 12.082 4.000 5.836 12.205
3 16 4.975 4.000 12.011 4.000 5.836 12.205 3.383 5.897 12.327
3 16 3.383 5.897 12.327 2.789 6.077 12.445 0.000 4.000 13.000
3 16 0.000 4.000 13.000 4.975 4.000 12.011 3.383 5.897 12.327
3 16 0.000 4.000 13.000 2.789 6.077 12.445 2.242 6.369 12.554
3 16 0.000 4.000 13.000 2.242 6.369 12.554 1.763 6.763 12.650
3 16 0.000 4.000 13.000 1.763 6.763 12.650 1.369 7.242 12.728
3 16 1.077 7.789 12.786 0.675 8.100 12.866 0.000 4.000 13.000
3 16 0.000 4.000 13.000 1.369 7.242 12.728 1.077 7.789 12.786
3 16 0.000 4.000 13.000 0.675 8.100 12.866 0.375 8.050 12.925
3 16 1.077 7.789 12.786 0.953 8.198 12.811 0.675 8.100 12.866
3 16 0.000 4.000 13.000 0.375 8.050 12.925 0.000 8.025 13.000
3 16 4.975 17.000 12.011 0.000 17.000 13.000 4.617 12.103 12.082
3 16 4.617 12.103 12.082 4.975 11.995 12.011 4.975 17.000 12.011
3 16 0.897 9.617 12.822 0.200 8.750 12.960 0.550 8.850 12.891
3 16 0.550 8.850 12.891 0.836 9.000 12.834 0.897 9.617 12.822
3 16 0.000 8.725 13.000 0.200 8.750 12.960 0.897 9.617 12.822
3 16 0.897 9.617 12.822 1.077 10.211 12.786 0.000 8.725 13.000
3 16 4.617 12.103 12.082 0.200 15.700 12.960 0.325 15.375 12.935
3 16 0.325 15.375 12.935 4.000 12.164 12.205 4.617 12.103 12.082
3 16 4.617 12.103 12.082 0.000 17.000 13.000 0.200 15.700 12.960
3 16 0.200 15.700 12.960 0.000 17.000 13.000 0.000 15.756 13.000
3 16 3.383 12.103 12.327 4.000 12.164 12.205 0.325 15.375 12.935
3 16 2.789 11.923 12.445 3.383 12.103 12.327 0.325 15.375 12.935
3 16 2.242 11.631 12.554 2.789 11.923 12.445 0.325 15.375 12.935
3 16 1.763 11.237 12.650 2.242 11.631 12.554 0.325 15.375 12.935
3 16 1.369 10.758 12.728 1.763 11.237 12.650 0.325 15.375 12.935
3 16 0.325 15.375 12.935 0.000 8.725 13.000 1.077 10.211 12.786
3 16 1.077 10.211 12.786 1.369 10.758 12.728 0.325 15.375 12.935
3 16 0.000 8.725 13.000 0.325 15.375 12.935 0.000 15.356 13.000
3 16 -4.975 4.000 12.011 -4.617 5.897 12.082 -4.975 6.005 12.011
3 16 -4.975 4.000 12.011 -4.000 5.836 12.205 -4.617 5.897 12.082
3 16 -4.975 4.000 12.011 -3.383 5.897 12.327 -4.000 5.836 12.205
3 16 0.000 4.000 13.000 -2.789 6.077 12.445 -3.383 5.897 12.327
3 16 -3.383 5.897 12.327 -4.975 4.000 12.011 0.000 4.000 13.000
3 16 0.000 4.000 13.000 -2.242 6.369 12.554 -2.789 6.077 12.445
3 16 0.000 4.000 13.000 -1.763 6.763 12.650 -2.242 6.369 12.554
3 16 0.000 4.000 13.000 -1.369 7.242 12.728 -1.763 6.763 12.650
3 16 0.000 4.000 13.000 -0.675 8.100 12.866 -1.077 7.789 12.786
3 16 -1.077 7.789 12.786 -1.369 7.242 12.728 0.000 4.000 13.000
3 16 0.000 4.000 13.000 -0.375 8.050 12.925 -0.675 8.100 12.866
3 16 -1.077 7.789 12.786 -0.675 8.100 12.866 -0.953 8.198 12.811
3 16 0.000 4.000 13.000 0.000 8.025 13.000 -0.375 8.050 12.925
3 16 -0.897 9.617 12.822 -0.836 9.000 12.834 -0.550 8.850 12.891
3 16 -0.550 8.850 12.891 -0.200 8.750 12.960 -0.897 9.617 12.822
3 16 0.000 8.725 13.000 -1.077 10.211 12.786 -0.897 9.617 12.822
3 16 -0.897 9.617 12.822 -0.200 8.750 12.960 0.000 8.725 13.000
3 16 0.000 15.756 13.000 0.000 17.000 13.000 -0.875 16.000 12.826
3 16 -0.875 16.000 12.826 0.000 17.000 13.000 -1.850 16.150 12.632
3 16 0.000 17.000 13.000 -4.975 17.000 12.011 -3.225 16.300 12.359
3 16 -3.225 16.300 12.359 -1.850 16.150 12.632 0.000 17.000 13.000
3 16 -3.225 16.300 12.359 -4.975 17.000 12.011 -4.175 16.375 12.170
3 16 -4.975 16.375 12.011 -4.175 16.375 12.170 -4.975 17.000 12.011
3 16 -0.550 15.325 12.891 -1.550 15.200 12.692 -1.369 10.758 12.728
3 16 -1.369 10.758 12.728 -1.077 10.211 12.786 -0.550 15.325 12.891
3 16 -1.550 15.200 12.692 -2.425 14.950 12.518 -1.763 11.237 12.650
3 16 -1.763 11.237 12.650 -1.369 10.758 12.728 -1.550 15.200 12.692
3 16 -1.763 11.237 12.650 -2.425 14.950 12.518 -2.242 11.631 12.554
3 16 -2.789 11.923 12.445 -2.242 11.631 12.554 -2.425 14.950 12.518
3 16 -2.425 14.950 12.518 -3.500 14.350 12.304 -2.789 11.923 12.445
3 16 -3.500 14.350 12.304 -4.650 13.650 12.075 -3.383 12.103 12.327
3 16 -3.383 12.103 12.327 -2.789 11.923 12.445 -3.500 14.350 12.304
3 16 -3.383 12.103 12.327 -4.650 13.650 12.075 -4.000 12.164 12.205
3 16 -4.650 13.650 12.075 -4.975 13.389 12.011 -4.617 12.103 12.082
3 16 -4.617 12.103 12.082 -4.000 12.164 12.205 -4.650 13.650 12.075
3 16 0.000 8.725 13.000 0.000 15.356 13.000 -0.550 15.325 12.891
3 16 -0.550 15.325 12.891 -1.077 10.211 12.786 0.000 8.725 13.000
3 16 -4.975 11.995 12.011 -4.617 12.103 12.082 -4.975 13.389 12.011
3 16 -4.975 4.000 12.011 -4.975 6.005 12.011 -5.211 6.077 11.853
3 16 -9.192 4.000 9.192 -6.631 7.242 10.904 -6.923 7.789 10.709
3 16 -9.192 4.000 9.192 -6.237 6.763 11.167 -6.631 7.242 10.904
3 16 -9.192 4.000 9.192 -5.758 6.369 11.488 -6.237 6.763 11.167
3 16 -5.211 6.077 11.853 -5.758 6.369 11.488 -9.192 4.000 9.192
3 16 -9.192 4.000 9.192 -4.975 4.000 12.011 -5.211 6.077 11.853
3 16 -9.192 17.000 9.192 -6.500 16.050 10.992 -5.825 16.300 11.443
3 16 -5.825 16.300 11.443 -4.975 17.000 12.011 -9.192 17.000 9.192
3 16 -7.000 15.700 10.657 -6.500 16.050 10.992 -9.192 17.000 9.192
3 16 -7.325 15.225 10.440 -7.000 15.700 10.657 -9.192 17.000 9.192
3 16 -7.575 14.525 10.273 -7.325 15.225 10.440 -9.192 17.000 9.192
3 16 -7.650 13.850 10.223 -7.575 14.525 10.273 -9.192 17.000 9.192
3 16 -5.800 12.725 11.459 -5.211 11.923 11.853 -4.975 11.995 12.011
3 16 -4.975 11.995 12.011 -4.975 13.389 12.011 -5.800 12.725 11.459
3 16 -6.275 12.400 11.142 -5.758 11.631 11.488 -5.211 11.923 11.853
3 16 -5.211 11.923 11.853 -5.800 12.725 11.459 -6.275 12.400 11.142
3 16 -6.575 12.250 10.942 -6.237 11.237 11.167 -5.758 11.631 11.488
3 16 -5.758 11.631 11.488 -6.275 12.400 11.142 -6.575 12.250 10.942
3 16 -6.825 12.225 10.774 -6.631 10.758 10.904 -6.237 11.237 11.167
3 16 -6.237 11.237 11.167 -6.575 12.250 10.942 -6.825 12.225 10.774
3 16 -7.100 12.300 10.591 -6.923 10.211 10.709 -6.631 10.758 10.904
3 16 -6.631 10.758 10.904 -6.825 12.225 10.774 -7.100 12.300 10.591
3 16 -7.103 9.617 10.589 -6.923 10.211 10.709 -7.100 12.300 10.591
3 16 -7.100 12.300 10.591 -7.300 12.425 10.457 -7.103 9.617 10.589
3 16 -7.103 9.617 10.589 -7.300 12.425 10.457 -7.475 12.650 10.340
3 16 -7.625 13.175 10.240 -7.650 13.850 10.223 -9.192 17.000 9.192
3 16 -7.625 13.175 10.240 -9.192 17.000 9.192 -7.103 9.617 10.589
3 16 -7.103 9.617 10.589 -7.475 12.650 10.340 -7.625 13.175 10.240
3 16 -9.192 7.688 9.192 -9.192 4.000 9.192 -6.923 7.789 10.709
3 16 -6.923 7.789 10.709 -7.103 8.383 10.589 -9.192 7.688 9.192
3 16 -7.103 9.617 10.589 -9.192 17.000 9.192 -9.192 8.463 9.192
3 16 -9.192 8.463 9.192 -7.145 9.198 10.561 -7.103 9.617 10.589
3 16 -5.825 16.300 11.443 -4.975 16.375 12.011 -4.975 17.000 12.011
3 16 -9.192 17.000 9.192 -12.011 17.000 4.975 -12.011 7.450 4.975
3 16 -12.011 7.450 4.975 -9.192 8.463 9.192 -9.192 17.000 9.192
3 16 -12.011 6.750 4.975 -12.011 4.000 4.975 -9.192 4.000 9.192
3 16 -9.192 4.000 9.192 -9.192 7.688 9.192 -12.011 6.750 4.975
3 16 -13.000 4.000 0.000 -12.011 4.000 4.975 -12.011 6.750 4.975
3 16 -13.000 4.000 0.000 -12.011 6.750 4.975 -12.011 7.450 4.975
3 16 -12.011 7.450 4.975 -13.000 17.000 0.000 -13.000 4.000 0.000
3 16 -12.011 7.450 4.975 -12.011 17.000 4.975 -13.000 17.000 0.000
3 0 -9.192 7.581 -9.192 -12.011 5.950 -4.975 -12.011 6.500 -4.975
3 0 -12.011 6.500 -4.975 -9.192 8.208 -9.192 -9.192 7.581 -9.192
3 484 -5.825 15.200 -11.443 -5.550 15.475 -11.627 -5.325 14.950 -11.777
3 484 -5.325 14.950 -11.777 -5.500 14.775 -11.660 -5.825 15.200 -11.443
3 484 -5.550 15.475 -11.627 -5.825 15.200 -11.443 -6.100 16.000 -11.259
3 484 -6.100 16.000 -11.259 -5.675 16.075 -11.543 -5.550 15.475 -11.627
3 484 -6.125 16.600 -11.242 -5.675 16.775 -11.543 -5.675 16.075 -11.543
3 484 -5.675 16.075 -11.543 -6.100 16.000 -11.259 -6.125 16.600 -11.242
3 80 -4.975 5.648 -12.011 -6.050 5.950 -11.292 -6.350 12.800 -11.092
3 80 -6.350 12.800 -11.092 -5.400 12.850 -11.727 -4.975 5.648 -12.011
3 80 -6.350 12.800 -11.092 -6.050 5.950 -11.292 -6.900 6.500 -10.724
3 80 -6.900 6.500 -10.724 -7.550 7.350 -10.290 -6.350 12.800 -11.092
3 80 -7.950 8.300 -10.023 -7.000 12.550 -10.657 -6.350 12.800 -11.092
3 80 -6.350 12.800 -11.092 -7.550 7.350 -10.290 -7.950 8.300 -10.023
3 80 -7.500 12.050 -10.323 -7.000 12.550 -10.657 -7.950 8.300 -10.023
3 80 -7.950 8.300 -10.023 -8.050 8.900 -9.956 -7.500 12.050 -10.323
3 80 -8.100 10.200 -9.922 -7.950 11.200 -10.023 -7.500 12.050 -10.323
3 80 -7.500 12.050 -10.323 -8.050 8.900 -9.956 -8.100 10.200 -9.922
3 0 -7.950 8.300 -10.023 -9.192 7.581 -9.192 -9.192 8.208 -9.192
3 0 -9.192 8.208 -9.192 -8.050 8.900 -9.956 -7.950 8.300 -10.023
3 484 -6.068 17.000 -11.280 -5.634 17.000 -11.570 -5.675 16.775 -11.543
3 484 -5.675 16.775 -11.543 -6.125 16.600 -11.242 -6.068 17.000 -11.280
3 80 -4.975 5.648 -12.011 -5.400 12.850 -11.727 -4.975 12.770 -12.011
3 0 0.000 5.750 -13.000 -2.300 5.800 -12.543 -1.650 6.100 -12.672
3 0 -1.200 6.500 -12.761 0.000 6.450 -13.000 0.000 5.750 -13.000
3 0 0.000 5.750 -13.000 -1.650 6.100 -12.672 -1.200 6.500 -12.761
3 0 -0.250 7.550 -12.950 -0.750 7.650 -12.851 -0.900 8.400 -12.821
3 0 -0.900 8.400 -12.821 -0.250 8.150 -12.950 -0.250 7.550 -12.950
3 0 -0.250 8.150 -12.950 0.000 8.106 -13.000 0.000 7.500 -13.000
3 0 0.000 7.500 -13.000 -0.250 7.550 -12.950 -0.250 8.150 -12.950
3 15 -3.175 14.150 -12.369 -3.550 14.800 -12.294 -2.325 14.800 -12.538
3 15 -2.325 14.800 -12.538 -2.475 14.250 -12.508 -3.175 14.150 -12.369
3 15 -2.475 14.250 -12.508 -2.475 13.550 -12.508 -2.800 13.750 -12.443
3 15 -2.800 13.750 -12.443 -3.175 14.150 -12.369 -2.475 14.250 -12.508
3 15 -1.600 13.625 -12.682 -2.125 13.500 -12.577 -2.150 14.150 -12.573
3 15 -2.150 14.150 -12.573 -2.025 14.750 -12.597 -1.600 13.625 -12.682
3 15 -1.475 14.825 -12.707 -0.900 13.725 -12.821 -1.600 13.625 -12.682
3 15 -1.600 13.625 -12.682 -2.025 14.750 -12.597 -1.475 14.825 -12.707
3 15 -0.900 13.725 -12.821 -1.475 14.825 -12.707 -0.625 14.750 -12.876
3 15 -0.625 14.750 -12.876 -0.500 13.750 -12.901 -0.900 13.725 -12.821
3 15 0.000 14.575 -13.000 -0.100 13.650 -12.980 -0.500 13.750 -12.901
3 15 -0.500 13.750 -12.901 -0.625 14.750 -12.876 0.000 14.575 -13.000
3 15 -0.975 17.000 -12.806 0.000 16.375 -13.000 -0.825 16.450 -12.836
3 15 -0.825 16.450 -12.836 -1.125 16.525 -12.776 -0.975 17.000 -12.806
3 0 -2.150 14.150 -12.573 -2.125 13.500 -12.577 -2.475 13.550 -12.508
3 0 -2.475 13.550 -12.508 -2.475 14.250 -12.508 -2.150 14.150 -12.573
3 0 -2.025 14.750 -12.597 -2.150 14.150 -12.573 -2.475 14.250 -12.508
3 0 -2.475 14.250 -12.508 -2.325 14.800 -12.538 -2.025 14.750 -12.597
3 0 -3.175 14.150 -12.369 -3.600 13.625 -12.284 -4.075 14.350 -12.190
3 0 -4.075 14.350 -12.190 -3.550 14.800 -12.294 -3.175 14.150 -12.369
3 0 -2.800 13.750 -12.443 -3.075 13.175 -12.389 -3.600 13.625 -12.284
3 0 -3.600 13.625 -12.284 -3.175 14.150 -12.369 -2.800 13.750 -12.443
3 0 -2.475 13.550 -12.508 -2.500 12.900 -12.503 -3.075 13.175 -12.389
3 0 -3.075 13.175 -12.389 -2.800 13.750 -12.443 -2.475 13.550 -12.508
3 0 -2.125 13.500 -12.577 -1.950 12.850 -12.612 -2.500 12.900 -12.503
3 0 -2.500 12.900 -12.503 -2.475 13.550 -12.508 -2.125 13.500 -12.577
3 0 -1.475 12.850 -12.707 -1.950 12.850 -12.612 -2.125 13.500 -12.577
3 0 -2.125 13.500 -12.577 -1.600 13.625 -12.682 -1.475 12.850 -12.707
3 0 -0.975 12.925 -12.806 -1.475 12.850 -12.707 -1.600 13.625 -12.682
3 0 -1.600 13.625 -12.682 -0.900 13.725 -12.821 -0.975 12.925 -12.806
3 0 -0.500 13.000 -12.901 -0.975 12.925 -12.806 -0.900 13.725 -12.821
3 0 -0.900 13.725 -12.821 -0.500 13.750 -12.901 -0.500 13.000 -12.901
3 0 -0.500 13.000 -12.901 -0.500 13.750 -12.901 -0.100 13.650 -12.980
3 0 -0.100 13.650 -12.980 0.000 12.938 -13.000 -0.500 13.000 -12.901
3 0 -4.550 15.450 -12.095 -3.675 16.725 -12.269 -3.550 14.800 -12.294
3 0 -3.550 14.800 -12.294 -4.075 14.350 -12.190 -4.550 15.450 -12.095
3 0 -3.425 16.700 -12.319 -2.325 14.800 -12.538 -3.550 14.800 -12.294
3 0 -3.550 14.800 -12.294 -3.675 16.725 -12.269 -3.425 16.700 -12.319
3 0 -2.600 16.650 -12.483 -2.025 14.750 -12.597 -2.325 14.800 -12.538
3 0 -2.325 14.800 -12.538 -3.425 16.700 -12.319 -2.600 16.650 -12.483
3 0 -2.025 14.750 -12.597 -2.600 16.650 -12.483 -1.450 16.575 -12.712
3 0 -1.450 16.575 -12.712 -1.475 14.825 -12.707 -2.025 14.750 -12.597
3 0 -1.125 16.525 -12.776 -0.625 14.750 -12.876 -1.475 14.825 -12.707
3 0 -1.475 14.825 -12.707 -1.450 16.575 -12.712 -1.125 16.525 -12.776
3 0 -0.625 14.750 -12.876 -1.125 16.525 -12.776 -0.825 16.450 -12.836
3 0 0.000 16.375 -13.000 0.000 14.575 -13.000 -0.625 14.750 -12.876
3 0 -0.625 14.750 -12.876 -0.825 16.450 -12.836 0.000 16.375 -13.000
3 0 -4.550 15.450 -12.095 -4.800 16.300 -12.046 -4.500 16.650 -12.105
3 0 -4.500 16.650 -12.105 -3.675 16.725 -12.269 -4.550 15.450 -12.095
3 80 -4.975 5.648 -12.011 -4.975 12.770 -12.011 -4.600 12.700 -12.085
3 80 -4.600 12.700 -12.085 -3.700 12.250 -12.264 -4.975 5.648 -12.011
3 80 -4.975 5.648 -12.011 -3.700 12.250 -12.264 -2.700 11.500 -12.463
3 80 -2.700 11.500 -12.463 -1.800 10.450 -12.642 -4.975 5.648 -12.011
3 80 -4.975 5.648 -12.011 -1.800 10.450 -12.642 -1.250 9.350 -12.751
3 80 -4.975 5.648 -12.011 -1.250 9.350 -12.751 -2.300 5.800 -12.543
3 80 -2.300 5.800 -12.543 -3.450 5.600 -12.314 -4.975 5.648 -12.011
3 80 -1.250 9.350 -12.751 -1.200 6.500 -12.761 -1.650 6.100 -12.672
3 80 -1.650 6.100 -12.672 -2.300 5.800 -12.543 -1.250 9.350 -12.751
3 80 -1.200 6.500 -12.761 -1.250 9.350 -12.751 -0.900 8.400 -12.821
3 80 -0.900 8.400 -12.821 -0.900 6.900 -12.821 -1.200 6.500 -12.761
3 80 -0.900 6.900 -12.821 -0.900 8.400 -12.821 -0.750 7.650 -12.851
3 80 -0.750 7.650 -12.851 -0.775 7.200 -12.846 -0.900 6.900 -12.821
3 0 0.000 12.938 -13.000 -0.100 13.650 -12.980 0.000 14.575 -13.000
3 15 -4.566 17.000 -12.092 -3.660 17.000 -12.272 -3.675 16.725 -12.269
3 15 -3.675 16.725 -12.269 -4.500 16.650 -12.105 -4.566 17.000 -12.092
3 15 -2.600 16.650 -12.483 -3.425 16.700 -12.319 -3.425 17.000 -12.319
3 15 -3.425 17.000 -12.319 -1.296 17.000 -12.742 -2.600 16.650 -12.483
3 15 -1.450 16.575 -12.712 -2.600 16.650 -12.483 -1.296 17.000 -12.742
3 0 -1.125 16.525 -12.776 -1.450 16.575 -12.712 -1.296 17.000 -12.742
3 0 -1.296 17.000 -12.742 -0.975 17.000 -12.806 -1.125 16.525 -12.776
3 0 -3.425 17.000 -12.319 -3.425 16.700 -12.319 -3.675 16.725 -12.269
3 0 -3.675 16.725 -12.269 -3.660 17.000 -12.272 -3.425 17.000 -12.319
3 0 -4.500 16.650 -12.105 -4.800 16.300 -12.046 -4.913 17.000 -12.023
3 0 -4.913 17.000 -12.023 -4.566 17.000 -12.092 -4.500 16.650 -12.105
3 15 0.000 16.375 -13.000 -0.975 17.000 -12.806 0.000 17.000 -13.000
3 0 0.000 5.750 -13.000 1.650 6.100 -12.672 2.300 5.800 -12.543
3 0 0.000 5.750 -13.000 0.000 6.450 -13.000 1.200 6.500 -12.761
3 0 1.200 6.500 -12.761 1.650 6.100 -12.672 0.000 5.750 -13.000
3 0 0.175 8.075 -12.965 0.525 7.525 -12.896 0.000 7.500 -13.000
3 0 0.000 7.500 -13.000 0.000 8.106 -13.000 0.175 8.075 -12.965
3 0 0.525 7.525 -12.896 0.175 8.075 -12.965 0.575 8.100 -12.886
3 0 0.575 8.100 -12.886 0.750 7.650 -12.851 0.525 7.525 -12.896
3 0 0.525 7.525 -12.896 0.750 7.650 -12.851 0.750 7.552 -12.851
3 0 0.750 7.650 -12.851 0.575 8.100 -12.886 0.852 8.162 -12.831
3 15 1.075 14.525 -12.786 0.875 13.275 -12.826 0.250 13.525 -12.950
3 15 0.250 13.525 -12.950 0.325 14.550 -12.935 1.075 14.525 -12.786
3 15 1.900 14.375 -12.622 1.750 12.925 -12.652 0.875 13.275 -12.826
3 15 0.875 13.275 -12.826 1.075 14.525 -12.786 1.900 14.375 -12.622
3 15 2.700 14.125 -12.463 2.250 12.850 -12.553 1.750 12.925 -12.652
3 15 1.750 12.925 -12.652 1.900 14.375 -12.622 2.700 14.125 -12.463
3 15 2.250 12.850 -12.553 2.700 14.125 -12.463 2.650 12.875 -12.473
3 15 3.025 14.000 -12.399 3.550 14.000 -12.294 3.750 13.300 -12.254
3 15 3.750 13.300 -12.254 3.025 12.975 -12.399 3.025 14.000 -12.399
3 15 3.750 13.300 -12.254 3.550 14.000 -12.294 3.900 13.950 -12.225
3 15 3.900 13.950 -12.225 4.150 13.725 -12.175 3.750 13.300 -12.254
3 15 1.475 16.350 -12.707 0.000 16.375 -13.000 0.000 17.000 -13.000
3 15 0.000 17.000 -13.000 1.550 16.925 -12.692 1.475 16.350 -12.707
3 15 1.875 16.925 -12.627 1.907 17.000 -12.621 2.600 16.225 -12.483
3 15 2.600 16.225 -12.483 1.775 16.350 -12.647 1.875 16.925 -12.627
3 15 4.975 16.108 -12.011 4.800 16.125 -12.046 4.975 16.625 -12.011
3 0 2.650 12.875 -12.473 2.700 14.125 -12.463 3.025 14.000 -12.399
3 0 3.025 14.000 -12.399 3.025 12.975 -12.399 2.650 12.875 -12.473
3 0 1.775 16.350 -12.647 1.475 16.350 -12.707 1.550 16.925 -12.692
3 0 1.550 16.925 -12.692 1.875 16.925 -12.627 1.775 16.350 -12.647
3 0 1.875 16.925 -12.627 1.550 16.925 -12.692 1.575 17.000 -12.687
3 0 1.575 17.000 -12.687 1.907 17.000 -12.621 1.875 16.925 -12.627
3 0 4.975 16.625 -12.011 4.800 16.125 -12.046 4.500 16.125 -12.105
3 0 4.500 16.125 -12.105 4.700 16.750 -12.065 4.975 16.625 -12.011
3 0 0.450 12.725 -12.911 0.000 12.938 -13.000 0.250 13.525 -12.950
3 0 0.250 13.525 -12.950 0.875 13.275 -12.826 0.450 12.725 -12.911
3 0 0.875 13.275 -12.826 1.575 12.175 -12.687 1.025 12.375 -12.796
3 0 1.025 12.375 -12.796 0.450 12.725 -12.911 0.875 13.275 -12.826
3 0 1.750 12.925 -12.652 2.200 12.125 -12.563 1.575 12.175 -12.687
3 0 1.575 12.175 -12.687 0.875 13.275 -12.826 1.750 12.925 -12.652
3 0 2.650 12.875 -12.473 3.025 12.975 -12.399 3.375 12.450 -12.329
3 0 3.375 12.450 -12.329 2.825 12.225 -12.438 2.650 12.875 -12.473
3 0 3.025 12.975 -12.399 3.750 13.300 -12.254 3.975 12.775 -12.210
3 0 3.975 12.775 -12.210 3.375 12.450 -12.329 3.025 12.975 -12.399
3 0 3.750 13.300 -12.254 4.150 13.725 -12.175 4.600 13.275 -12.085
3 0 4.600 13.275 -12.085 3.975 12.775 -12.210 3.750 13.300 -12.254
3 0 0.325 14.550 -12.935 0.000 14.575 -13.000 0.000 16.375 -13.000
3 0 0.000 16.375 -13.000 1.475 16.350 -12.707 0.325 14.550 -12.935
3 0 1.075 14.525 -12.786 0.325 14.550 -12.935 1.475 16.350 -12.707
3 0 1.475 16.350 -12.707 1.775 16.350 -12.647 1.075 14.525 -12.786
3 0 1.900 14.375 -12.622 1.075 14.525 -12.786 1.775 16.350 -12.647
3 0 1.775 16.350 -12.647 2.600 16.225 -12.483 1.900 14.375 -12.622
3 0 2.700 14.125 -12.463 1.900 14.375 -12.622 2.600 16.225 -12.483
3 0 2.600 16.225 -12.483 3.525 16.125 -12.299 2.700 14.125 -12.463
3 0 3.525 16.125 -12.299 3.550 14.000 -12.294 3.025 14.000 -12.399
3 0 3.025 14.000 -12.399 2.700 14.125 -12.463 3.525 16.125 -12.299
3 0 4.500 16.125 -12.105 3.900 13.950 -12.225 3.550 14.000 -12.294
3 0 3.550 14.000 -12.294 3.525 16.125 -12.299 4.500 16.125 -12.105
3 0 4.800 16.125 -12.046 4.150 13.725 -12.175 3.900 13.950 -12.225
3 0 3.900 13.950 -12.225 4.500 16.125 -12.105 4.800 16.125 -12.046
3 0 4.150 13.725 -12.175 4.800 16.125 -12.046 4.975 16.108 -12.011
3 0 4.975 16.108 -12.011 4.975 13.630 -12.011 4.150 13.725 -12.175
3 0 1.750 12.925 -12.652 2.250 12.850 -12.553 2.825 12.225 -12.438
3 0 2.825 12.225 -12.438 2.200 12.125 -12.563 1.750 12.925 -12.652
3 0 2.825 12.225 -12.438 2.250 12.850 -12.553 2.650 12.875 -12.473
3 80 4.600 12.700 -12.085 4.975 12.770 -12.011 4.975 5.648 -12.011
3 80 4.975 5.648 -12.011 3.700 12.250 -12.264 4.600 12.700 -12.085
3 80 3.700 12.250 -12.264 4.975 5.648 -12.011 3.450 5.600 -12.314
3 80 3.450 5.600 -12.314 2.700 11.500 -12.463 3.700 12.250 -12.264
3 80 1.800 10.450 -12.642 2.700 11.500 -12.463 3.450 5.600 -12.314
3 80 3.450 5.600 -12.314 1.250 9.350 -12.751 1.800 10.450 -12.642
3 80 0.900 8.400 -12.821 1.250 9.350 -12.751 3.450 5.600 -12.314
3 80 3.450 5.600 -12.314 0.852 8.162 -12.831 0.900 8.400 -12.821
3 80 0.750 7.650 -12.851 0.852 8.162 -12.831 3.450 5.600 -12.314
3 80 3.450 5.600 -12.314 0.750 7.552 -12.851 0.750 7.650 -12.851
3 80 0.775 7.200 -12.846 0.750 7.552 -12.851 3.450 5.600 -12.314
3 80 3.450 5.600 -12.314 0.900 6.900 -12.821 0.775 7.200 -12.846
3 80 1.200 6.500 -12.761 0.900 6.900 -12.821 3.450 5.600 -12.314
3 80 3.450 5.600 -12.314 1.650 6.100 -12.672 1.200 6.500 -12.761
3 80 3.450 5.600 -12.314 2.300 5.800 -12.543 1.650 6.100 -12.672
3 0 0.325 14.550 -12.935 0.250 13.525 -12.950 0.000 12.938 -13.000
3 0 0.000 12.938 -13.000 0.000 14.575 -13.000 0.325 14.550 -12.935
3 0 4.975 17.000 -12.011 4.975 16.625 -12.011 4.700 16.750 -12.065
3 0 4.700 16.750 -12.065 4.752 17.000 -12.055 4.975 17.000 -12.011
3 0 4.600 13.275 -12.085 4.150 13.725 -12.175 4.975 13.630 -12.011
3 15 1.550 16.925 -12.692 0.000 17.000 -13.000 1.575 17.000 -12.687
3 15 4.700 16.750 -12.065 2.600 16.225 -12.483 1.907 17.000 -12.621
3 15 1.907 17.000 -12.621 4.752 17.000 -12.055 4.700 16.750 -12.065
3 15 4.700 16.750 -12.065 4.500 16.125 -12.105 3.525 16.125 -12.299
3 15 3.525 16.125 -12.299 2.600 16.225 -12.483 4.700 16.750 -12.065
3 0 7.950 8.300 -10.023 8.050 8.900 -9.956 9.192 8.208 -9.192
3 0 9.192 8.208 -9.192 9.192 7.581 -9.192 7.950 8.300 -10.023
3 15 4.975 16.625 -12.011 5.725 16.100 -11.510 5.325 16.075 -11.777
3 15 5.325 16.075 -11.777 4.975 16.108 -12.011 4.975 16.625 -12.011
3 15 6.025 16.300 -11.309 5.725 16.100 -11.510 4.975 16.625 -12.011
3 15 4.975 16.625 -12.011 6.225 16.675 -11.175 6.025 16.300 -11.309
3 0 4.975 16.625 -12.011 4.975 17.000 -12.011 5.044 17.000 -11.964
3 0 5.725 16.100 -11.510 6.175 15.275 -11.209 5.700 14.475 -11.526
3 0 5.700 14.475 -11.526 5.325 16.075 -11.777 5.725 16.100 -11.510
3 0 6.025 16.300 -11.309 6.500 16.100 -10.992 6.175 15.275 -11.209
3 0 6.175 15.275 -11.209 5.725 16.100 -11.510 6.025 16.300 -11.309
3 0 6.500 16.100 -10.992 6.025 16.300 -11.309 6.225 16.675 -11.175
3 0 6.225 16.675 -11.175 6.625 16.550 -10.908 6.500 16.100 -10.992
3 484 7.125 16.350 -10.574 7.700 16.375 -10.190 7.450 15.650 -10.357
3 484 7.450 15.650 -10.357 6.925 15.625 -10.708 7.125 16.350 -10.574
3 484 6.925 15.625 -10.708 7.450 15.650 -10.357 7.125 15.025 -10.574
3 484 7.125 15.025 -10.574 6.750 15.025 -10.825 6.925 15.625 -10.708
3 484 6.750 15.025 -10.825 7.125 15.025 -10.574 6.900 14.625 -10.724
3 484 6.900 14.625 -10.724 6.350 13.950 -11.092 6.750 15.025 -10.825
3 80 6.050 5.950 -11.292 4.975 5.648 -12.011 4.975 12.770 -12.011
3 80 4.975 12.770 -12.011 5.400 12.850 -11.727 6.050 5.950 -11.292
3 80 6.350 12.800 -11.092 6.900 6.500 -10.724 6.050 5.950 -11.292
3 80 6.050 5.950 -11.292 5.400 12.850 -11.727 6.350 12.800 -11.092
3 80 7.550 7.350 -10.290 6.900 6.500 -10.724 6.350 12.800 -11.092
3 80 6.350 12.800 -11.092 7.950 8.300 -10.023 7.550 7.350 -10.290
3 80 7.950 8.300 -10.023 6.350 12.800 -11.092 7.000 12.550 -10.657
3 80 7.000 12.550 -10.657 7.500 12.050 -10.323 7.950 8.300 -10.023
3 80 8.050 8.900 -9.956 7.950 8.300 -10.023 7.500 12.050 -10.323
3 80 7.500 12.050 -10.323 7.950 11.200 -10.023 8.050 8.900 -9.956
3 80 8.050 8.900 -9.956 7.950 11.200 -10.023 8.100 10.200 -9.922
3 0 4.975 13.630 -12.011 4.975 16.108 -12.011 5.325 16.075 -11.777
3 0 5.325 16.075 -11.777 5.700 14.475 -11.526 4.975 13.630 -12.011
3 0 6.299 17.000 -11.126 6.690 17.000 -10.865 6.625 16.550 -10.908
3 0 6.625 16.550 -10.908 6.225 16.675 -11.175 6.299 17.000 -11.126
3 484 7.700 16.375 -10.190 7.125 16.350 -10.574 7.198 17.000 -10.525
3 484 7.198 17.000 -10.525 7.796 17.000 -10.125 7.700 16.375 -10.190
3 15 5.044 17.000 -11.964 6.299 17.000 -11.126 6.225 16.675 -11.175
3 15 6.225 16.675 -11.175 4.975 16.625 -12.011 5.044 17.000 -11.964
3 0 12.011 6.500 -4.975 12.011 5.950 -4.975 9.192 7.581 -9.192
3 0 9.192 7.581 -9.192 9.192 8.208 -9.192 12.011 6.500 -4.975
3 484 0.000 18.531 -12.619 -0.260 18.531 -12.568 0.000 18.613 -12.551
3 484 0.000 18.531 -12.619 0.000 18.613 -12.551 0.150 18.650 -12.490
3 484 0.150 18.650 -12.490 0.800 18.625 -12.382 0.000 18.531 -12.619
3 484 1.067 18.531 -12.407 0.000 18.531 -12.619 0.800 18.625 -12.382
3 0 4.830 18.531 -11.659 4.385 18.531 -11.748 4.784 18.675 -11.548
3 0 5.050 18.775 -11.271 6.494 18.531 -10.547 4.830 18.531 -11.659
3 0 4.830 18.531 -11.659 4.784 18.675 -11.548 5.050 18.775 -11.271
3 0 6.300 18.725 -10.485 6.494 18.531 -10.547 5.050 18.775 -11.271
3 0 5.050 18.775 -11.271 5.950 18.825 -10.621 6.300 18.725 -10.485
3 0 5.050 18.775 -11.271 5.525 18.825 -10.905 5.950 18.825 -10.621
3 484 -5.700 17.900 -11.262 -5.300 17.950 -11.515 -5.575 17.325 -11.515
3 484 -5.575 17.325 -11.515 -6.025 17.300 -11.221 -5.700 17.900 -11.262
3 484 -5.325 18.275 -11.403 -4.830 18.531 -11.659 -5.300 17.950 -11.515
3 484 -5.300 17.950 -11.515 -5.700 17.900 -11.262 -5.325 18.275 -11.403
3 484 -5.634 17.000 -11.570 -6.068 17.000 -11.280 -6.025 17.300 -11.221
3 484 -6.025 17.300 -11.221 -5.575 17.325 -11.515 -5.634 17.000 -11.570
3 15 -3.650 17.175 -12.231 -4.350 17.675 -11.967 -3.950 17.900 -11.991
3 15 -3.950 17.900 -11.991 -3.550 17.600 -12.145 -3.650 17.175 -12.231
3 15 -3.550 17.600 -12.145 -3.950 17.900 -11.991 -3.625 17.975 -12.037
3 15 -3.625 17.975 -12.037 -3.400 17.925 -12.094 -3.550 17.600 -12.145
3 15 -2.675 17.750 -12.282 -2.250 17.650 -12.391 -3.425 17.150 -12.282
3 15 -3.425 17.150 -12.282 -3.350 17.525 -12.203 -2.675 17.750 -12.282
3 15 -3.350 17.525 -12.203 -3.150 17.875 -12.156 -2.675 17.750 -12.282
3 15 -0.925 17.375 -12.723 0.000 17.300 -12.925 0.000 17.000 -13.000
3 15 0.000 17.000 -13.000 -0.975 17.000 -12.806 -0.925 17.375 -12.723
3 0 -3.350 17.525 -12.203 -3.425 17.150 -12.282 -3.650 17.175 -12.231
3 0 -3.650 17.175 -12.231 -3.550 17.600 -12.145 -3.350 17.525 -12.203
3 0 -1.225 17.400 -12.657 -0.925 17.375 -12.723 -0.975 17.000 -12.806
3 0 -0.975 17.000 -12.806 -1.296 17.000 -12.742 -1.225 17.400 -12.657
3 0 -0.175 17.875 -12.748 0.000 17.870 -12.784 0.000 17.300 -12.925
3 0 0.000 17.300 -12.925 -0.925 17.375 -12.723 -0.175 17.875 -12.748
3 0 -0.925 17.375 -12.723 -1.225 17.400 -12.657 -1.000 18.000 -12.552
3 0 -1.000 18.000 -12.552 -0.175 17.875 -12.748 -0.925 17.375 -12.723
3 0 -1.725 17.475 -12.539 -1.875 18.150 -12.341 -1.000 18.000 -12.552
3 0 -1.000 18.000 -12.552 -1.225 17.400 -12.657 -1.725 17.475 -12.539
3 0 -2.250 17.650 -12.391 -2.475 18.300 -12.185 -1.875 18.150 -12.341
3 0 -1.875 18.150 -12.341 -1.725 17.475 -12.539 -2.250 17.650 -12.391
3 0 -2.475 18.300 -12.185 -2.250 17.650 -12.391 -2.675 17.750 -12.282
3 0 -2.675 17.750 -12.282 -3.150 17.875 -12.156 -2.475 18.300 -12.185
3 0 -3.400 17.925 -12.094 -3.150 17.875 -12.156 -3.350 17.525 -12.203
3 0 -3.350 17.525 -12.203 -3.550 17.600 -12.145 -3.400 17.925 -12.094
3 0 -4.525 17.450 -11.988 -4.900 17.275 -11.957 -4.850 17.675 -11.868
3 0 -4.850 17.675 -11.868 -4.350 17.675 -11.967 -4.525 17.450 -11.988
3 0 -4.625 18.075 -11.813 -3.950 17.900 -11.991 -4.350 17.675 -11.967
3 0 -4.350 17.675 -11.967 -4.850 17.675 -11.868 -4.625 18.075 -11.813
3 0 -3.950 17.900 -11.991 -4.625 18.075 -11.813 -4.225 18.325 -11.831
3 0 -4.225 18.325 -11.831 -3.625 17.975 -12.037 -3.950 17.900 -11.991
3 0 -3.575 18.450 -11.929 -3.400 17.925 -12.094 -3.625 17.975 -12.037
3 0 -3.625 17.975 -12.037 -4.225 18.325 -11.831 -3.575 18.450 -11.929
3 0 -3.075 18.425 -12.034 -3.150 17.875 -12.156 -3.400 17.925 -12.094
3 0 -3.400 17.925 -12.094 -3.575 18.450 -11.929 -3.075 18.425 -12.034
3 0 -3.150 17.875 -12.156 -3.075 18.425 -12.034 -2.475 18.300 -12.185
3 484 -0.225 18.100 -12.682 -0.375 18.300 -12.602 -0.260 18.531 -12.568
3 484 -0.260 18.531 -12.568 0.000 18.531 -12.619 -0.225 18.100 -12.682
3 484 0.000 18.042 -12.741 -0.225 18.100 -12.682 0.000 18.531 -12.619
3 15 -3.660 17.000 -12.272 -4.566 17.000 -12.092 -4.525 17.450 -11.988
3 15 -3.650 17.175 -12.231 -3.660 17.000 -12.272 -4.525 17.450 -11.988
3 15 -4.525 17.450 -11.988 -4.350 17.675 -11.967 -3.650 17.175 -12.231
3 15 -1.296 17.000 -12.742 -3.425 17.000 -12.319 -3.425 17.150 -12.282
3 15 -1.296 17.000 -12.742 -3.425 17.150 -12.282 -1.725 17.475 -12.539
3 15 -1.725 17.475 -12.539 -1.225 17.400 -12.657 -1.296 17.000 -12.742
3 15 -3.425 17.150 -12.282 -2.250 17.650 -12.391 -1.725 17.475 -12.539
3 0 -3.425 17.150 -12.282 -3.425 17.000 -12.319 -3.660 17.000 -12.272
3 0 -3.660 17.000 -12.272 -3.650 17.175 -12.231 -3.425 17.150 -12.282
3 0 -4.566 17.000 -12.092 -4.913 17.000 -12.023 -4.900 17.275 -11.957
3 0 -4.900 17.275 -11.957 -4.525 17.450 -11.988 -4.566 17.000 -12.092
3 15 2.900 17.475 -12.305 3.825 17.675 -12.072 4.825 17.350 -11.954
3 15 4.825 17.350 -11.954 4.752 17.000 -12.055 2.900 17.475 -12.305
3 15 4.825 17.350 -11.954 3.825 17.675 -12.072 4.375 17.850 -11.919
3 15 4.825 17.350 -11.954 4.375 17.850 -11.919 4.874 18.064 -11.766
3 0 3.850 18.375 -11.893 4.375 17.850 -11.919 3.825 17.675 -12.072
3 0 3.825 17.675 -12.072 3.125 18.150 -12.093 3.850 18.375 -11.893
3 0 3.125 18.150 -12.093 3.825 17.675 -12.072 2.900 17.475 -12.305
3 0 2.900 17.475 -12.305 2.375 18.000 -12.279 3.125 18.150 -12.093
3 0 2.375 18.000 -12.279 2.900 17.475 -12.305 2.075 17.400 -12.488
3 0 2.075 17.400 -12.488 1.700 17.900 -12.438 2.375 18.000 -12.279
3 0 1.700 17.375 -12.569 1.700 17.900 -12.438 2.075 17.400 -12.488
3 0 0.975 17.300 -12.732 0.775 17.850 -12.635 1.700 17.900 -12.438
3 0 1.700 17.900 -12.438 1.700 17.375 -12.569 0.975 17.300 -12.732
3 0 0.000 17.300 -12.925 0.000 17.870 -12.784 0.775 17.850 -12.635
3 0 0.775 17.850 -12.635 0.975 17.300 -12.732 0.000 17.300 -12.925
3 484 1.225 18.475 -12.390 1.375 18.125 -12.447 0.800 18.025 -12.586
3 484 0.800 18.025 -12.586 1.067 18.531 -12.407 1.225 18.475 -12.390
3 484 1.375 18.125 -12.447 1.225 18.475 -12.390 1.700 18.200 -12.364
3 484 0.000 18.531 -12.619 0.800 18.025 -12.586 0.125 18.025 -12.720
3 484 0.125 18.025 -12.720 0.000 18.042 -12.741 0.000 18.531 -12.619
3 484 0.800 18.025 -12.586 0.000 18.531 -12.619 1.067 18.531 -12.407
3 0 4.385 18.531 -11.748 4.830 18.531 -11.659 4.375 17.850 -11.919
3 0 4.375 17.850 -11.919 3.850 18.375 -11.893 4.385 18.531 -11.748
3 0 4.375 17.850 -11.919 4.830 18.531 -11.659 4.874 18.064 -11.766
3 0 4.975 17.000 -12.011 4.752 17.000 -12.055 4.825 17.350 -11.954
3 0 4.975 17.000 -12.011 4.825 17.350 -11.954 4.874 18.064 -11.766
3 0 1.907 17.000 -12.621 1.575 17.000 -12.687 1.700 17.375 -12.569
3 0 1.700 17.375 -12.569 2.075 17.400 -12.488 1.907 17.000 -12.621
3 15 0.000 17.000 -13.000 0.000 17.300 -12.925 0.975 17.300 -12.732
3 15 1.575 17.000 -12.687 0.000 17.000 -13.000 0.975 17.300 -12.732
3 15 0.975 17.300 -12.732 1.700 17.375 -12.569 1.575 17.000 -12.687
3 15 2.900 17.475 -12.305 4.752 17.000 -12.055 1.907 17.000 -12.621
3 15 1.907 17.000 -12.621 2.075 17.400 -12.488 2.900 17.475 -12.305
3 15 5.150 18.175 -11.549 5.675 18.275 -11.169 6.350 17.225 -11.026
3 15 6.350 17.225 -11.026 5.100 17.300 -11.839 5.150 18.175 -11.549
3 15 6.125 18.200 -10.891 6.300 18.100 -10.803 6.350 17.225 -11.026
3 15 6.350 17.225 -11.026 5.675 18.275 -11.169 6.125 18.200 -10.891
3 0 6.350 17.225 -11.026 6.750 17.500 -10.678 6.690 17.000 -10.865
3 0 6.690 17.000 -10.865 6.299 17.000 -11.126 6.350 17.225 -11.026
3 0 6.300 18.100 -10.803 6.700 18.075 -10.543 6.750 17.500 -10.678
3 0 6.750 17.500 -10.678 6.350 17.225 -11.026 6.300 18.100 -10.803
3 0 6.575 18.450 -10.516 6.700 18.075 -10.543 6.300 18.100 -10.803
3 0 6.300 18.100 -10.803 6.125 18.200 -10.891 6.575 18.450 -10.516
3 484 7.575 18.050 -9.965 7.100 17.925 -10.319 7.175 18.100 -10.218
3 484 7.175 18.100 -10.218 7.375 18.150 -10.070 7.575 18.050 -9.965
3 484 7.775 17.625 -9.956 7.175 17.475 -10.401 7.100 17.925 -10.319
3 484 7.100 17.925 -10.319 7.575 18.050 -9.965 7.775 17.625 -9.956
3 0 6.575 18.450 -10.516 6.125 18.200 -10.891 5.675 18.275 -11.169
3 0 5.675 18.275 -11.169 6.494 18.531 -10.547 6.575 18.450 -10.516
3 0 5.675 18.275 -11.169 5.150 18.175 -11.549 4.830 18.531 -11.659
3 0 4.830 18.531 -11.659 6.494 18.531 -10.547 5.675 18.275 -11.169
3 0 4.874 18.064 -11.766 4.830 18.531 -11.659 5.150 18.175 -11.549
3 0 5.150 18.175 -11.549 5.100 17.300 -11.839 4.874 18.064 -11.766
3 0 5.044 17.000 -11.964 4.975 17.000 -12.011 4.874 18.064 -11.766
3 0 4.874 18.064 -11.766 5.100 17.300 -11.839 5.044 17.000 -11.964
3 484 7.775 17.625 -9.956 7.796 17.000 -10.125 7.198 17.000 -10.525
3 484 7.198 17.000 -10.525 7.175 17.475 -10.401 7.775 17.625 -9.956
3 15 6.299 17.000 -11.126 5.044 17.000 -11.964 5.100 17.300 -11.839
3 15 5.100 17.300 -11.839 6.350 17.225 -11.026 6.299 17.000 -11.126
3 0 12.011 7.450 4.975 9.192 8.463 9.192 9.192 7.688 9.192
3 0 9.192 7.688 9.192 12.011 6.750 4.975 12.011 7.450 4.975
3 0 6.506 9.000 10.988 6.458 8.511 11.020 7.103 8.383 10.589
3 0 7.103 8.383 10.589 7.145 9.198 10.561 6.506 9.000 10.988
3 0 6.315 9.959 11.115 6.458 9.489 11.020 7.103 9.617 10.589
3 0 7.103 9.617 10.589 6.923 10.211 10.709 6.315 9.959 11.115
3 0 6.923 10.211 10.709 6.631 10.758 10.904 6.084 10.392 11.270
3 0 6.084 10.392 11.270 6.315 9.959 11.115 6.923 10.211 10.709
3 0 5.772 10.772 11.478 6.084 10.392 11.270 6.631 10.758 10.904
3 0 6.631 10.758 10.904 6.237 11.237 11.167 5.772 10.772 11.478
3 0 6.237 11.237 11.167 5.758 11.631 11.488 5.392 11.084 11.732
3 0 5.392 11.084 11.732 5.772 10.772 11.478 6.237 11.237 11.167
3 0 5.392 6.916 11.732 4.975 6.693 12.011 5.211 6.077 11.853
3 0 5.211 6.077 11.853 5.758 6.369 11.488 5.392 6.916 11.732
3 0 5.758 6.369 11.488 6.237 6.763 11.167 5.772 7.228 11.478
3 0 5.772 7.228 11.478 5.392 6.916 11.732 5.758 6.369 11.488
3 0 6.084 7.608 11.270 5.772 7.228 11.478 6.237 6.763 11.167
3 0 6.237 6.763 11.167 6.631 7.242 10.904 6.084 7.608 11.270
3 0 6.631 7.242 10.904 6.923 7.789 10.709 6.315 8.041 11.115
3 0 6.315 8.041 11.115 6.084 7.608 11.270 6.631 7.242 10.904
3 0 6.458 8.511 11.020 6.315 8.041 11.115 6.923 7.789 10.709
3 0 6.923 7.789 10.709 7.103 8.383 10.589 6.458 8.511 11.020
3 0 7.145 9.198 10.561 7.103 9.617 10.589 6.458 9.489 11.020
3 0 6.458 9.489 11.020 6.506 9.000 10.988 7.145 9.198 10.561
3 0 9.192 8.463 9.192 7.145 9.198 10.561 7.103 8.383 10.589
3 0 7.103 8.383 10.589 9.192 7.688 9.192 9.192 8.463 9.192
3 0 4.975 6.005 12.011 5.211 6.077 11.853 4.975 6.693 12.011
3 0 5.392 11.084 11.732 5.758 11.631 11.488 5.211 11.923 11.853
3 0 4.975 11.307 12.011 5.392 11.084 11.732 5.211 11.923 11.853
3 0 5.211 11.923 11.853 4.975 11.995 12.011 4.975 11.307 12.011
3 15 4.975 11.307 12.011 4.975 6.693 12.011 5.392 6.916 11.732
3 15 5.392 6.916 11.732 5.392 11.084 11.732 4.975 11.307 12.011
3 15 5.392 6.916 11.732 5.772 7.228 11.478 5.772 10.772 11.478
3 15 5.772 10.772 11.478 5.392 11.084 11.732 5.392 6.916 11.732
3 15 5.772 10.772 11.478 5.772 7.228 11.478 6.084 7.608 11.270
3 15 6.084 7.608 11.270 6.084 10.392 11.270 5.772 10.772 11.478
3 15 6.084 7.608 11.270 6.315 8.041 11.115 6.315 9.959 11.115
3 15 6.315 9.959 11.115 6.084 10.392 11.270 6.084 7.608 11.270
3 15 6.315 9.959 11.115 6.315 8.041 11.115 6.458 8.511 11.020
3 15 6.458 8.511 11.020 6.458 9.489 11.020 6.315 9.959 11.115
3 15 6.458 8.511 11.020 6.506 9.000 10.988 6.458 9.489 11.020
3 0 4.000 11.506 12.205 4.489 11.458 12.107 4.617 12.103 12.082
3 0 4.617 12.103 12.082 4.000 12.164 12.205 4.000 11.506 12.205
3 0 4.000 12.164 12.205 3.383 12.103 12.327 3.511 11.458 12.302
3 0 3.511 11.458 12.302 4.000 11.506 12.205 4.000 12.164 12.205
3 0 3.383 12.103 12.327 2.789 11.923 12.445 3.041 11.315 12.395
3 0 3.041 11.315 12.395 3.511 11.458 12.302 3.383 12.103 12.327
3 0 2.789 11.923 12.445 2.242 11.631 12.554 2.608 11.084 12.482
3 0 2.608 11.084 12.482 3.041 11.315 12.395 2.789 11.923 12.445
3 0 2.242 11.631 12.554 1.763 11.237 12.650 2.228 10.772 12.557
3 0 2.228 10.772 12.557 2.608 11.084 12.482 2.242 11.631 12.554
3 0 1.763 11.237 12.650 1.369 10.758 12.728 1.916 10.392 12.619
3 0 1.916 10.392 12.619 2.228 10.772 12.557 1.763 11.237 12.650
3 0 1.369 10.758 12.728 1.077 10.211 12.786 1.685 9.959 12.665
3 0 1.685 9.959 12.665 1.916 10.392 12.619 1.369 10.758 12.728
3 0 1.077 10.211 12.786 0.897 9.617 12.822 1.542 9.489 12.693
3 0 1.542 9.489 12.693 1.685 9.959 12.665 1.077 10.211 12.786
3 0 0.897 9.617 12.822 0.836 9.000 12.834 1.494 9.000 12.703
3 0 1.494 9.000 12.703 1.542 9.489 12.693 0.897 9.617 12.822
3 0 1.077 7.789 12.786 1.369 7.242 12.728 1.916 7.608 12.619
3 0 1.916 7.608 12.619 1.685 8.041 12.665 1.077 7.789 12.786
3 0 1.369 7.242 12.728 1.763 6.763 12.650 2.228 7.228 12.557
3 0 2.228 7.228 12.557 1.916 7.608 12.619 1.369 7.242 12.728
3 0 2.608 6.916 12.482 2.228 7.228 12.557 1.763 6.763 12.650
3 0 1.763 6.763 12.650 2.242 6.369 12.554 2.608 6.916 12.482
3 0 3.041 6.685 12.395 2.608 6.916 12.482 2.242 6.369 12.554
3 0 2.242 6.369 12.554 2.789 6.077 12.445 3.041 6.685 12.395
3 0 3.511 6.542 12.302 3.041 6.685 12.395 2.789 6.077 12.445
3 0 2.789 6.077 12.445 3.383 5.897 12.327 3.511 6.542 12.302
3 0 4.000 6.494 12.205 3.511 6.542 12.302 3.383 5.897 12.327
3 0 3.383 5.897 12.327 4.000 5.836 12.205 4.000 6.494 12.205
3 0 4.489 6.542 12.107 4.000 6.494 12.205 4.000 5.836 12.205
3 0 4.000 5.836 12.205 4.617 5.897 12.082 4.489 6.542 12.107
3 15 4.156 8.261 12.174 4.194 8.450 12.166 4.156 8.639 12.174
3 15 4.156 8.639 12.174 4.049 8.799 12.195 4.156 8.261 12.174
3 15 4.049 8.799 12.195 3.889 7.994 12.227 4.049 8.101 12.195
3 15 4.049 8.101 12.195 4.156 8.261 12.174 4.049 8.799 12.195
3 15 3.889 7.994 12.227 4.049 8.799 12.195 3.889 8.906 12.227
3 15 3.889 8.906 12.227 3.700 8.944 12.264 3.889 7.994 12.227
3 15 3.700 8.944 12.264 3.511 7.994 12.302 3.700 7.956 12.264
3 15 3.700 7.956 12.264 3.889 7.994 12.227 3.700 8.944 12.264
3 15 3.511 7.994 12.302 3.700 8.944 12.264 3.511 8.906 12.302
3 15 3.511 8.906 12.302 3.351 8.799 12.334 3.511 7.994 12.302
3 15 3.351 8.799 12.334 3.244 8.261 12.355 3.351 8.101 12.334
3 15 3.351 8.101 12.334 3.511 7.994 12.302 3.351 8.799 12.334
3 15 3.244 8.261 12.355 3.351 8.799 12.334 3.244 8.639 12.355
3 15 3.244 8.639 12.355 3.206 8.450 12.363 3.244 8.261 12.355
3 0 3.700 7.956 12.264 3.750 7.500 12.254 4.199 7.610 12.165
3 0 4.199 7.610 12.165 3.889 7.994 12.227 3.700 7.956 12.264
3 0 3.700 7.956 12.264 3.511 7.994 12.302 3.302 7.610 12.344
3 0 3.302 7.610 12.344 3.750 7.500 12.254 3.700 7.956 12.264
3 0 3.511 7.994 12.302 3.351 8.101 12.334 2.921 7.925 12.419
3 0 2.921 7.925 12.419 3.302 7.610 12.344 3.511 7.994 12.302
3 0 2.921 7.925 12.419 3.351 8.101 12.334 3.244 8.261 12.355
3 0 3.244 8.261 12.355 2.667 8.395 12.470 2.921 7.925 12.419
3 0 3.206 8.450 12.363 2.578 8.950 12.487 2.667 8.395 12.470
3 0 2.667 8.395 12.470 3.244 8.261 12.355 3.206 8.450 12.363
3 0 2.578 8.950 12.487 3.206 8.450 12.363 3.244 8.639 12.355
3 0 3.244 8.639 12.355 2.667 9.505 12.470 2.578 8.950 12.487
3 0 3.351 8.799 12.334 2.921 9.975 12.419 2.667 9.505 12.470
3 0 2.667 9.505 12.470 3.244 8.639 12.355 3.351 8.799 12.334
3 0 2.921 9.975 12.419 3.351 8.799 12.334 3.511 8.906 12.302
3 0 3.511 8.906 12.302 3.302 10.290 12.344 2.921 9.975 12.419
3 0 3.302 10.290 12.344 3.511 8.906 12.302 3.700 8.944 12.264
3 0 3.700 8.944 12.264 3.750 10.400 12.254 3.302 10.290 12.344
3 0 4.199 10.290 12.165 3.750 10.400 12.254 3.700 8.944 12.264
3 0 3.700 8.944 12.264 3.889 8.906 12.227 4.199 10.290 12.165
3 0 4.579 9.975 12.090 4.199 10.290 12.165 3.889 8.906 12.227
3 0 3.889 8.906 12.227 4.049 8.799 12.195 4.579 9.975 12.090
3 0 4.833 9.505 12.039 4.579 9.975 12.090 4.049 8.799 12.195
3 0 4.049 8.799 12.195 4.922 8.950 12.021 4.833 9.505 12.039
3 0 4.922 8.950 12.021 4.049 8.799 12.195 4.156 8.639 12.174
3 0 4.156 8.639 12.174 4.833 8.395 12.039 4.922 8.950 12.021
3 0 4.194 8.450 12.166 4.579 7.925 12.090 4.833 8.395 12.039
3 0 4.833 8.395 12.039 4.156 8.639 12.174 4.194 8.450 12.166
3 0 4.156 8.261 12.174 4.199 7.610 12.165 4.579 7.925 12.090
3 0 4.579 7.925 12.090 4.194 8.450 12.166 4.156 8.261 12.174
3 0 4.199 7.610 12.165 4.156 8.261 12.174 4.049 8.101 12.195
3 0 4.199 7.610 12.165 4.049 8.101 12.195 3.889 7.994 12.227
3 15 4.000 6.494 12.205 4.489 6.542 12.107 4.199 7.610 12.165
3 15 4.199 7.610 12.165 3.750 7.500 12.254 4.000 6.494 12.205
3 15 3.750 7.500 12.254 3.041 6.685 12.395 3.511 6.542 12.302
3 15 3.511 6.542 12.302 4.000 6.494 12.205 3.750 7.500 12.254
3 15 3.302 7.610 12.344 2.608 6.916 12.482 3.041 6.685 12.395
3 15 3.041 6.685 12.395 3.750 7.500 12.254 3.302 7.610 12.344
3 15 2.608 6.916 12.482 3.302 7.610 12.344 2.921 7.925 12.419
3 15 2.921 7.925 12.419 2.228 7.228 12.557 2.608 6.916 12.482
3 15 2.921 7.925 12.419 2.667 8.395 12.470 1.916 7.608 12.619
3 15 1.916 7.608 12.619 2.228 7.228 12.557 2.921 7.925 12.419
3 15 2.667 8.395 12.470 1.542 8.511 12.693 1.685 8.041 12.665
3 15 1.685 8.041 12.665 1.916 7.608 12.619 2.667 8.395 12.470
3 15 2.578 8.950 12.487 1.494 9.000 12.703 1.542 8.511 12.693
3 15 1.542 8.511 12.693 2.667 8.395 12.470 2.578 8.950 12.487
3 15 2.667 9.505 12.470 1.542 9.489 12.693 1.494 9.000 12.703
3 15 1.494 9.000 12.703 2.578 8.950 12.487 2.667 9.505 12.470
3 15 1.685 9.959 12.665 1.542 9.489 12.693 2.667 9.505 12.470
3 15 2.667 9.505 12.470 2.921 9.975 12.419 1.685 9.959 12.665
3 15 1.916 10.392 12.619 1.685 9.959 12.665 2.921 9.975 12.419
3 15 2.921 9.975 12.419 2.228 10.772 12.557 1.916 10.392 12.619
3 15 3.302 10.290 12.344 2.608 11.084 12.482 2.228 10.772 12.557
3 15 2.228 10.772 12.557 2.921 9.975 12.419 3.302 10.290 12.344
3 15 3.041 11.315 12.395 2.608 11.084 12.482 3.302 10.290 12.344
3 15 3.302 10.290 12.344 3.750 10.400 12.254 3.041 11.315 12.395
3 15 3.750 10.400 12.254 4.000 11.506 12.205 3.511 11.458 12.302
3 15 3.511 11.458 12.302 3.041 11.315 12.395 3.750 10.400 12.254
3 15 4.000 11.506 12.205 3.750 10.400 12.254 4.199 10.290 12.165
3 15 4.199 10.290 12.165 4.489 11.458 12.107 4.000 11.506 12.205
3 0 0.550 8.850 12.891 0.200 8.750 12.960 0.375 8.050 12.925
3 0 0.375 8.050 12.925 0.675 8.100 12.866 0.550 8.850 12.891
3 0 0.000 8.025 13.000 0.375 8.050 12.925 0.200 8.750 12.960
3 0 0.200 8.750 12.960 0.000 8.725 13.000 0.000 8.025 13.000
3 0 0.953 8.198 12.811 1.077 7.789 12.786 1.685 8.041 12.665
3 0 1.685 8.041 12.665 1.542 8.511 12.693 0.953 8.198 12.811
3 0 0.836 9.000 12.834 0.953 8.198 12.811 1.542 8.511 12.693
3 0 1.542 8.511 12.693 1.494 9.000 12.703 0.836 9.000 12.834
3 0 0.550 8.850 12.891 0.675 8.100 12.866 0.953 8.198 12.811
3 0 0.953 8.198 12.811 0.836 9.000 12.834 0.550 8.850 12.891
3 0 0.200 15.700 12.960 0.000 15.756 13.000 0.000 15.356 13.000
3 0 0.000 15.356 13.000 0.325 15.375 12.935 0.200 15.700 12.960
3 0 4.489 6.542 12.107 4.617 5.897 12.082 4.975 6.005 12.011
3 0 4.975 6.005 12.011 4.975 6.693 12.011 4.489 6.542 12.107
3 0 4.489 11.458 12.107 4.975 11.307 12.011 4.975 11.995 12.011
3 0 4.975 11.995 12.011 4.617 12.103 12.082 4.489 11.458 12.107
3 15 4.975 6.693 12.011 4.975 11.307 12.011 4.922 8.950 12.021
3 15 4.922 8.950 12.021 4.975 11.307 12.011 4.833 9.505 12.039
3 15 4.975 11.307 12.011 4.489 11.458 12.107 4.579 9.975 12.090
3 15 4.579 9.975 12.090 4.833 9.505 12.039 4.975 11.307 12.011
3 15 4.579 9.975 12.090 4.489 11.458 12.107 4.199 10.290 12.165
3 15 4.975 6.693 12.011 4.922 8.950 12.021 4.833 8.395 12.039
3 15 4.579 7.925 12.090 4.489 6.542 12.107 4.975 6.693 12.011
3 15 4.975 6.693 12.011 4.833 8.395 12.039 4.579 7.925 12.090
3 15 4.489 6.542 12.107 4.579 7.925 12.090 4.199 7.610 12.165
3 0 -4.000 11.506 12.205 -4.000 12.164 12.205 -4.617 12.103 12.082
3 0 -4.617 12.103 12.082 -4.489 11.458 12.107 -4.000 11.506 12.205
3 0 -4.000 12.164 12.205 -4.000 11.506 12.205 -3.511 11.458 12.302
3 0 -3.511 11.458 12.302 -3.383 12.103 12.327 -4.000 12.164 12.205
3 0 -3.041 11.315 12.395 -2.789 11.923 12.445 -3.383 12.103 12.327
3 0 -3.383 12.103 12.327 -3.511 11.458 12.302 -3.041 11.315 12.395
3 0 -2.789 11.923 12.445 -3.041 11.315 12.395 -2.608 11.084 12.482
3 0 -2.608 11.084 12.482 -2.242 11.631 12.554 -2.789 11.923 12.445
3 0 -2.228 10.772 12.557 -1.763 11.237 12.650 -2.242 11.631 12.554
3 0 -2.242 11.631 12.554 -2.608 11.084 12.482 -2.228 10.772 12.557
3 0 -1.763 11.237 12.650 -2.228 10.772 12.557 -1.916 10.392 12.619
3 0 -1.916 10.392 12.619 -1.369 10.758 12.728 -1.763 11.237 12.650
3 0 -1.369 10.758 12.728 -1.916 10.392 12.619 -1.685 9.959 12.665
3 0 -1.685 9.959 12.665 -1.077 10.211 12.786 -1.369 10.758 12.728
3 0 -1.077 10.211 12.786 -1.685 9.959 12.665 -1.542 9.489 12.693
3 0 -1.542 9.489 12.693 -0.897 9.617 12.822 -1.077 10.211 12.786
3 0 -1.494 9.000 12.703 -0.836 9.000 12.834 -0.897 9.617 12.822
3 0 -0.897 9.617 12.822 -1.542 9.489 12.693 -1.494 9.000 12.703
3 0 -0.836 9.000 12.834 -1.494 9.000 12.703 -1.542 8.511 12.693
3 0 -1.542 8.511 12.693 -0.953 8.198 12.811 -0.836 9.000 12.834
3 0 -1.916 7.608 12.619 -1.369 7.242 12.728 -1.077 7.789 12.786
3 0 -1.077 7.789 12.786 -1.685 8.041 12.665 -1.916 7.608 12.619
3 0 -1.369 7.242 12.728 -1.916 7.608 12.619 -2.228 7.228 12.557
3 0 -2.228 7.228 12.557 -1.763 6.763 12.650 -1.369 7.242 12.728
3 0 -2.608 6.916 12.482 -2.242 6.369 12.554 -1.763 6.763 12.650
3 0 -1.763 6.763 12.650 -2.228 7.228 12.557 -2.608 6.916 12.482
3 0 -3.041 6.685 12.395 -2.789 6.077 12.445 -2.242 6.369 12.554
3 0 -2.242 6.369 12.554 -2.608 6.916 12.482 -3.041 6.685 12.395
3 0 -3.511 6.542 12.302 -3.383 5.897 12.327 -2.789 6.077 12.445
3 0 -2.789 6.077 12.445 -3.041 6.685 12.395 -3.511 6.542 12.302
3 0 -4.000 6.494 12.205 -4.000 5.836 12.205 -3.383 5.897 12.327
3 0 -3.383 5.897 12.327 -3.511 6.542 12.302 -4.000 6.494 12.205
3 0 -4.489 6.542 12.107 -4.617 5.897 12.082 -4.000 5.836 12.205
3 0 -4.000 5.836 12.205 -4.000 6.494 12.205 -4.489 6.542 12.107
3 15 -4.156 8.261 12.174 -4.049 8.799 12.195 -4.156 8.639 12.174
3 15 -4.156 8.639 12.174 -4.194 8.450 12.166 -4.156 8.261 12.174
3 15 -4.049 8.101 12.195 -3.889 7.994 12.227 -4.049 8.799 12.195
3 15 -4.049 8.799 12.195 -4.156 8.261 12.174 -4.049 8.101 12.195
3 15 -3.889 7.994 12.227 -3.700 8.944 12.264 -3.889 8.906 12.227
3 15 -3.889 8.906 12.227 -4.049 8.799 12.195 -3.889 7.994 12.227
3 15 -3.700 7.956 12.264 -3.511 7.994 12.302 -3.700 8.944 12.264
3 15 -3.700 8.944 12.264 -3.889 7.994 12.227 -3.700 7.956 12.264
3 15 -3.511 7.994 12.302 -3.351 8.799 12.334 -3.511 8.906 12.302
3 15 -3.511 8.906 12.302 -3.700 8.944 12.264 -3.511 7.994 12.302
3 15 -3.351 8.799 12.334 -3.511 7.994 12.302 -3.351 8.101 12.334
3 15 -3.351 8.101 12.334 -3.244 8.261 12.355 -3.351 8.799 12.334
3 15 -3.244 8.261 12.355 -3.206 8.450 12.363 -3.244 8.639 12.355
3 15 -3.244 8.639 12.355 -3.351 8.799 12.334 -3.244 8.261 12.355
3 0 -4.199 7.610 12.165 -3.750 7.500 12.254 -3.700 7.956 12.264
3 0 -3.700 7.956 12.264 -3.889 7.994 12.227 -4.199 7.610 12.165
3 0 -3.302 7.610 12.344 -3.511 7.994 12.302 -3.700 7.956 12.264
3 0 -3.700 7.956 12.264 -3.750 7.500 12.254 -3.302 7.610 12.344
3 0 -3.511 7.994 12.302 -3.302 7.610 12.344 -2.921 7.925 12.419
3 0 -2.921 7.925 12.419 -3.351 8.101 12.334 -3.511 7.994 12.302
3 0 -2.921 7.925 12.419 -2.667 8.395 12.470 -3.244 8.261 12.355
3 0 -3.244 8.261 12.355 -3.351 8.101 12.334 -2.921 7.925 12.419
3 0 -3.206 8.450 12.363 -3.244 8.261 12.355 -2.667 8.395 12.470
3 0 -2.667 8.395 12.470 -2.578 8.950 12.487 -3.206 8.450 12.363
3 0 -2.578 8.950 12.487 -2.667 9.505 12.470 -3.244 8.639 12.355
3 0 -3.244 8.639 12.355 -3.206 8.450 12.363 -2.578 8.950 12.487
3 0 -3.351 8.799 12.334 -3.244 8.639 12.355 -2.667 9.505 12.470
3 0 -2.667 9.505 12.470 -2.921 9.975 12.419 -3.351 8.799 12.334
3 0 -3.511 8.906 12.302 -3.351 8.799 12.334 -2.921 9.975 12.419
3 0 -2.921 9.975 12.419 -3.302 10.290 12.344 -3.511 8.906 12.302
3 0 -3.700 8.944 12.264 -3.511 8.906 12.302 -3.302 10.290 12.344
3 0 -3.302 10.290 12.344 -3.750 10.400 12.254 -3.700 8.944 12.264
3 0 -4.199 10.290 12.165 -3.889 8.906 12.227 -3.700 8.944 12.264
3 0 -3.700 8.944 12.264 -3.750 10.400 12.254 -4.199 10.290 12.165
3 0 -4.579 9.975 12.090 -4.049 8.799 12.195 -3.889 8.906 12.227
3 0 -3.889 8.906 12.227 -4.199 10.290 12.165 -4.579 9.975 12.090
3 0 -4.833 9.505 12.039 -4.922 8.950 12.021 -4.049 8.799 12.195
3 0 -4.049 8.799 12.195 -4.579 9.975 12.090 -4.833 9.505 12.039
3 0 -4.922 8.950 12.021 -4.833 8.395 12.039 -4.156 8.639 12.174
3 0 -4.156 8.639 12.174 -4.049 8.799 12.195 -4.922 8.950 12.021
3 0 -4.194 8.450 12.166 -4.156 8.639 12.174 -4.833 8.395 12.039
3 0 -4.833 8.395 12.039 -4.579 7.925 12.090 -4.194 8.450 12.166
3 0 -4.579 7.925 12.090 -4.199 7.610 12.165 -4.156 8.261 12.174
3 0 -4.156 8.261 12.174 -4.194 8.450 12.166 -4.579 7.925 12.090
3 0 -4.199 7.610 12.165 -4.049 8.101 12.195 -4.156 8.261 12.174
3 0 -4.199 7.610 12.165 -3.889 7.994 12.227 -4.049 8.101 12.195
3 15 -4.000 6.494 12.205 -3.511 6.542 12.302 -3.750 7.500 12.254
3 15 -3.750 7.500 12.254 -4.199 7.610 12.165 -4.000 6.494 12.205
3 15 -3.750 7.500 12.254 -3.511 6.542 12.302 -3.041 6.685 12.395
3 15 -3.041 6.685 12.395 -3.302 7.610 12.344 -3.750 7.500 12.254
3 15 -2.608 6.916 12.482 -2.921 7.925 12.419 -3.302 7.610 12.344
3 15 -3.302 7.610 12.344 -3.041 6.685 12.395 -2.608 6.916 12.482
3 15 -2.921 7.925 12.419 -2.608 6.916 12.482 -2.228 7.228 12.557
3 15 -2.228 7.228 12.557 -1.916 7.608 12.619 -2.921 7.925 12.419
3 15 -1.916 7.608 12.619 -1.685 8.041 12.665 -2.667 8.395 12.470
3 15 -2.667 8.395 12.470 -2.921 7.925 12.419 -1.916 7.608 12.619
3 15 -1.542 8.511 12.693 -2.578 8.950 12.487 -2.667 8.395 12.470
3 15 -2.667 8.395 12.470 -1.685 8.041 12.665 -1.542 8.511 12.693
3 15 -1.494 9.000 12.703 -2.667 9.505 12.470 -2.578 8.950 12.487
3 15 -2.578 8.950 12.487 -1.542 8.511 12.693 -1.494 9.000 12.703
3 15 -2.667 9.505 12.470 -1.494 9.000 12.703 -1.542 9.489 12.693
3 15 -1.542 9.489 12.693 -1.685 9.959 12.665 -2.667 9.505 12.470
3 15 -1.685 9.959 12.665 -1.916 10.392 12.619 -2.921 9.975 12.419
3 15 -2.921 9.975 12.419 -2.667 9.505 12.470 -1.685 9.959 12.665
3 15 -2.921 9.975 12.419 -1.916 10.392 12.619 -2.228 10.772 12.557
3 15 -2.228 10.772 12.557 -3.302 10.290 12.344 -2.921 9.975 12.419
3 15 -2.608 11.084 12.482 -3.041 11.315 12.395 -3.302 10.290 12.344
3 15 -3.302 10.290 12.344 -2.228 10.772 12.557 -2.608 11.084 12.482
3 15 -3.041 11.315 12.395 -3.511 11.458 12.302 -3.750 10.400 12.254
3 15 -3.750 10.400 12.254 -3.302 10.290 12.344 -3.041 11.315 12.395
3 15 -4.000 11.506 12.205 -4.199 10.290 12.165 -3.750 10.400 12.254
3 15 -3.750 10.400 12.254 -3.511 11.458 12.302 -4.000 11.506 12.205
3 15 -4.199 10.290 12.165 -4.000 11.506 12.205 -4.489 11.458 12.107
3 0 -0.375 8.050 12.925 -0.200 8.750 12.960 -0.550 8.850 12.891
3 0 -0.550 8.850 12.891 -0.675 8.100 12.866 -0.375 8.050 12.925
3 0 0.000 8.025 13.000 0.000 8.725 13.000 -0.200 8.750 12.960
3 0 -0.200 8.750 12.960 -0.375 8.050 12.925 0.000 8.025 13.000
3 0 -1.685 8.041 12.665 -1.077 7.789 12.786 -0.953 8.198 12.811
3 0 -0.953 8.198 12.811 -1.542 8.511 12.693 -1.685 8.041 12.665
3 0 -0.550 8.850 12.891 -0.836 9.000 12.834 -0.953 8.198 12.811
3 0 -0.953 8.198 12.811 -0.675 8.100 12.866 -0.550 8.850 12.891
3 15 -3.550 15.225 12.294 -2.800 15.575 12.443 -4.100 15.775 12.185
3 15 -4.450 14.600 12.115 -3.550 15.225 12.294 -4.100 15.775 12.185
3 15 -4.100 15.775 12.185 -4.975 15.775 12.011 -4.450 14.600 12.115
3 0 -0.875 16.000 12.826 -1.850 16.150 12.632 -1.550 15.200 12.692
3 0 -1.550 15.200 12.692 -0.550 15.325 12.891 -0.875 16.000 12.826
3 0 -2.800 15.575 12.443 -2.425 14.950 12.518 -1.550 15.200 12.692
3 0 -1.550 15.200 12.692 -1.850 16.150 12.632 -2.800 15.575 12.443
3 0 -3.550 15.225 12.294 -3.500 14.350 12.304 -2.425 14.950 12.518
3 0 -2.425 14.950 12.518 -2.800 15.575 12.443 -3.550 15.225 12.294
3 0 -4.450 14.600 12.115 -4.650 13.650 12.075 -3.500 14.350 12.304
3 0 -3.500 14.350 12.304 -3.550 15.225 12.294 -4.450 14.600 12.115
3 0 -3.225 16.300 12.359 -4.175 16.375 12.170 -4.100 15.775 12.185
3 0 -4.100 15.775 12.185 -2.800 15.575 12.443 -3.225 16.300 12.359
3 0 -2.800 15.575 12.443 -1.850 16.150 12.632 -3.225 16.300 12.359
3 0 -4.975 14.227 12.011 -4.975 13.389 12.011 -4.650 13.650 12.075
3 0 -4.650 13.650 12.075 -4.450 14.600 12.115 -4.975 14.227 12.011
3 0 -4.175 16.375 12.170 -4.975 16.375 12.011 -4.975 15.775 12.011
3 0 -4.975 15.775 12.011 -4.100 15.775 12.185 -4.175 16.375 12.170
3 0 -0.875 16.000 12.826 -0.550 15.325 12.891 0.000 15.356 13.000
3 0 0.000 15.356 13.000 0.000 15.756 13.000 -0.875 16.000 12.826
3 0 -4.975 11.995 12.011 -4.975 11.307 12.011 -4.489 11.458 12.107
3 0 -4.489 11.458 12.107 -4.617 12.103 12.082 -4.975 11.995 12.011
3 0 -4.489 6.542 12.107 -4.975 6.693 12.011 -4.975 6.005 12.011
3 0 -4.975 6.005 12.011 -4.617 5.897 12.082 -4.489 6.542 12.107
3 15 -4.975 14.227 12.011 -4.450 14.600 12.115 -4.975 15.775 12.011
3 15 -4.579 9.975 12.090 -4.199 10.290 12.165 -4.489 11.458 12.107
3 15 -4.489 11.458 12.107 -4.975 11.307 12.011 -4.579 9.975 12.090
3 15 -4.833 9.505 12.039 -4.579 9.975 12.090 -4.975 11.307 12.011
3 15 -4.922 8.950 12.021 -4.833 9.505 12.039 -4.975 11.307 12.011
3 15 -4.199 7.610 12.165 -4.975 6.693 12.011 -4.489 6.542 12.107
3 15 -4.489 6.542 12.107 -4.000 6.494 12.205 -4.199 7.610 12.165
3 15 -4.975 6.693 12.011 -4.199 7.610 12.165 -4.579 7.925 12.090
3 15 -4.975 6.693 12.011 -4.579 7.925 12.090 -4.833 8.395 12.039
3 15 -4.975 6.693 12.011 -4.833 8.395 12.039 -4.922 8.950 12.021
3 15 -4.975 6.693 12.011 -4.922 8.950 12.021 -4.975 11.307 12.011
3 0 -7.103 8.383 10.589 -6.458 8.511 11.020 -6.506 9.000 10.988
3 0 -6.506 9.000 10.988 -7.145 9.198 10.561 -7.103 8.383 10.589
3 0 -6.315 9.959 11.115 -6.923 10.211 10.709 -7.103 9.617 10.589
3 0 -7.103 9.617 10.589 -6.458 9.489 11.020 -6.315 9.959 11.115
3 0 -6.084 10.392 11.270 -6.631 10.758 10.904 -6.923 10.211 10.709
3 0 -6.923 10.211 10.709 -6.315 9.959 11.115 -6.084 10.392 11.270
3 0 -5.772 10.772 11.478 -6.237 11.237 11.167 -6.631 10.758 10.904
3 0 -6.631 10.758 10.904 -6.084 10.392 11.270 -5.772 10.772 11.478
3 0 -6.237 11.237 11.167 -5.772 10.772 11.478 -5.392 11.084 11.732
3 0 -5.392 11.084 11.732 -5.758 11.631 11.488 -6.237 11.237 11.167
3 0 -5.392 6.916 11.732 -5.758 6.369 11.488 -5.211 6.077 11.853
3 0 -5.211 6.077 11.853 -4.975 6.005 12.011 -5.392 6.916 11.732
3 0 -5.758 6.369 11.488 -5.392 6.916 11.732 -5.772 7.228 11.478
3 0 -5.772 7.228 11.478 -6.237 6.763 11.167 -5.758 6.369 11.488
3 0 -6.084 7.608 11.270 -6.631 7.242 10.904 -6.237 6.763 11.167
3 0 -6.237 6.763 11.167 -5.772 7.228 11.478 -6.084 7.608 11.270
3 0 -6.631 7.242 10.904 -6.084 7.608 11.270 -6.315 8.041 11.115
3 0 -6.315 8.041 11.115 -6.923 7.789 10.709 -6.631 7.242 10.904
3 0 -6.923 7.789 10.709 -6.315 8.041 11.115 -6.458 8.511 11.020
3 0 -6.458 8.511 11.020 -7.103 8.383 10.589 -6.923 7.789 10.709
3 0 -7.145 9.198 10.561 -6.506 9.000 10.988 -6.458 9.489 11.020
3 0 -6.458 9.489 11.020 -7.103 9.617 10.589 -7.145 9.198 10.561
3 15 -5.700 15.650 11.526 -6.300 15.450 11.125 -5.400 13.925 11.727
3 15 -5.400 13.925 11.727 -4.975 14.227 12.011 -5.700 15.650 11.526
3 15 -6.750 15.100 10.825 -6.975 14.725 10.674 -5.400 13.925 11.727
3 15 -5.400 13.925 11.727 -6.300 15.450 11.125 -6.750 15.100 10.825
3 15 -7.150 14.200 10.557 -7.225 13.675 10.507 -5.400 13.925 11.727
3 15 -5.400 13.925 11.727 -6.975 14.725 10.674 -7.150 14.200 10.557
3 15 -7.225 13.675 10.507 -6.475 13.025 11.008 -6.175 13.200 11.209
3 15 -6.175 13.200 11.209 -5.400 13.925 11.727 -7.225 13.675 10.507
3 15 -7.225 13.675 10.507 -7.100 13.050 10.591 -6.875 13.025 10.741
3 15 -6.875 13.025 10.741 -6.475 13.025 11.008 -7.225 13.675 10.507
3 15 -7.100 13.050 10.591 -7.225 13.675 10.507 -7.225 13.250 10.507
3 0 -5.400 13.925 11.727 -6.175 13.200 11.209 -5.800 12.725 11.459
3 0 -5.800 12.725 11.459 -4.975 13.389 12.011 -5.400 13.925 11.727
3 0 -6.275 12.400 11.142 -5.800 12.725 11.459 -6.175 13.200 11.209
3 0 -6.175 13.200 11.209 -6.475 13.025 11.008 -6.275 12.400 11.142
3 0 -6.475 13.025 11.008 -6.825 12.225 10.774 -6.575 12.250 10.942
3 0 -6.575 12.250 10.942 -6.275 12.400 11.142 -6.475 13.025 11.008
3 0 -6.825 12.225 10.774 -6.475 13.025 11.008 -6.875 13.025 10.741
3 0 -6.875 13.025 10.741 -7.100 12.300 10.591 -6.825 12.225 10.774
3 0 -6.875 13.025 10.741 -7.100 13.050 10.591 -7.300 12.425 10.457
3 0 -7.300 12.425 10.457 -7.100 12.300 10.591 -6.875 13.025 10.741
3 0 -7.100 13.050 10.591 -7.225 13.250 10.507 -7.475 12.650 10.340
3 0 -7.475 12.650 10.340 -7.300 12.425 10.457 -7.100 13.050 10.591
3 0 -7.225 13.250 10.507 -7.225 13.675 10.507 -7.625 13.175 10.240
3 0 -7.625 13.175 10.240 -7.475 12.650 10.340 -7.225 13.250 10.507
3 0 -7.650 13.850 10.223 -7.625 13.175 10.240 -7.225 13.675 10.507
3 0 -7.225 13.675 10.507 -7.150 14.200 10.557 -7.650 13.850 10.223
3 0 -7.150 14.200 10.557 -6.975 14.725 10.674 -7.575 14.525 10.273
3 0 -7.575 14.525 10.273 -7.650 13.850 10.223 -7.150 14.200 10.557
3 0 -7.325 15.225 10.440 -7.575 14.525 10.273 -6.975 14.725 10.674
3 0 -6.975 14.725 10.674 -6.750 15.100 10.825 -7.325 15.225 10.440
3 0 -6.750 15.100 10.825 -6.300 15.450 11.125 -7.000 15.700 10.657
3 0 -7.000 15.700 10.657 -7.325 15.225 10.440 -6.750 15.100 10.825
3 0 -6.500 16.050 10.992 -7.000 15.700 10.657 -6.300 15.450 11.125
3 0 -6.300 15.450 11.125 -5.700 15.650 11.526 -6.500 16.050 10.992
3 0 -5.825 16.300 11.443 -6.500 16.050 10.992 -5.700 15.650 11.526
3 0 -5.700 15.650 11.526 -4.975 15.775 12.011 -5.825 16.300 11.443
3 0 -9.192 8.463 9.192 -9.192 7.688 9.192 -7.103 8.383 10.589
3 0 -7.103 8.383 10.589 -7.145 9.198 10.561 -9.192 8.463 9.192
3 0 -4.975 13.389 12.011 -4.975 14.227 12.011 -5.400 13.925 11.727
3 0 -4.975 15.775 12.011 -4.975 16.375 12.011 -5.825 16.300 11.443
3 0 -4.975 11.307 12.011 -4.975 11.995 12.011 -5.211 11.923 11.853
3 0 -4.975 11.307 12.011 -5.211 11.923 11.853 -5.758 11.631 11.488
3 0 -5.758 11.631 11.488 -5.392 11.084 11.732 -4.975 11.307 12.011
3 0 -4.975 6.005 12.011 -4.975 6.693 12.011 -5.392 6.916 11.732
3 15 -4.975 14.227 12.011 -4.975 15.775 12.011 -5.700 15.650 11.526
3 15 -5.392 11.084 11.732 -5.392 6.916 11.732 -4.975 6.693 12.011
3 15 -4.975 6.693 12.011 -4.975 11.307 12.011 -5.392 11.084 11.732
3 15 -5.392 11.084 11.732 -5.772 10.772 11.478 -5.772 7.228 11.478
3 15 -5.772 7.228 11.478 -5.392 6.916 11.732 -5.392 11.084 11.732
3 15 -6.084 10.392 11.270 -6.084 7.608 11.270 -5.772 7.228 11.478
3 15 -5.772 7.228 11.478 -5.772 10.772 11.478 -6.084 10.392 11.270
3 15 -6.084 10.392 11.270 -6.315 9.959 11.115 -6.315 8.041 11.115
3 15 -6.315 8.041 11.115 -6.084 7.608 11.270 -6.084 10.392 11.270
3 15 -6.458 9.489 11.020 -6.458 8.511 11.020 -6.315 8.041 11.115
3 15 -6.315 8.041 11.115 -6.315 9.959 11.115 -6.458 9.489 11.020
3 15 -6.458 8.511 11.020 -6.458 9.489 11.020 -6.506 9.000 10.988
3 0 -12.011 7.450 4.975 -12.011 6.750 4.975 -9.192 7.688 9.192
3 0 -9.192 7.688 9.192 -9.192 8.463 9.192 -12.011 7.450 4.975
1 16 0.0000 0.0000 0.0000 1.0000 0.0000 0.0000 0.0000 1.0000 0.0000 0.0000 0.0000 1.0000 s/3626cs02.dat
1 16 0.0000 4.0000 0.0000 0.0000 0.0000 -8.0000 0.0000 -6.4000 0.0000 -8.0000 0.0000 0.0000 t04o6250.dat
1 16 0.0000 4.0000 0.0000 8.0000 0.0000 0.0000 0.0000 -6.4000 0.0000 0.0000 0.0000 -8.0000 t04o6250.dat
1 16 0.0000 17.0000 0.0000 8.0000 0.0000 0.0000 0.0000 6.4000 0.0000 0.0000 0.0000 -8.0000 t08o6250.dat
1 16 0.0000 17.0000 0.0000 -8.0000 0.0000 0.0000 0.0000 6.4000 0.0000 0.0000 0.0000 -8.0000 t08o6250.dat
1 16 0.0000 17.0000 0.0000 -8.0000 0.0000 0.0000 0.0000 6.4000 0.0000 0.0000 0.0000 8.0000 t04o6250.dat
1 16 0.0000 17.0000 0.0000 8.0000 0.0000 0.0000 0.0000 6.4000 0.0000 0.0000 0.0000 8.0000 t04o6250.dat
1 16 0.0000 4.0000 0.0000 0.0000 0.0000 8.0000 0.0000 -6.4000 0.0000 8.0000 0.0000 0.0000 t04o6250.dat
1 16 0.0000 4.0000 0.0000 -8.0000 0.0000 0.0000 0.0000 -6.4000 0.0000 0.0000 0.0000 8.0000 t04o6250.dat
