0 FILE 3626cph4.dat
0 Minifigure, Head Reddish Brown Eyebrows, Dark Orange Spots, Medium Nougat Goatee Stubble Pattern - Hollow Stud
0 Name:  3626cph4.dat
0 Author:  
0 BL_Item_No 3626cpb2483
0 BFC CERTIFY CCW
3 16 -9.192 4.000 -9.192 -9.192 17.000 -9.192 -6.250 7.650 -11.159
3 16 -5.750 7.000 -11.493 -4.975 4.000 -12.011 -9.192 4.000 -9.192
3 16 -9.192 4.000 -9.192 -6.250 7.650 -11.159 -5.750 7.000 -11.493
3 16 -4.975 4.000 -12.011 -5.750 7.000 -11.493 -5.300 6.650 -11.794
3 16 -4.975 4.000 -12.011 -5.300 6.650 -11.794 -4.975 6.557 -12.011
3 16 -9.192 17.000 -9.192 -4.975 17.000 -12.011 -5.350 7.400 -11.760
3 16 -5.350 7.400 -11.760 -6.250 7.650 -11.159 -9.192 17.000 -9.192
3 16 -4.975 7.353 -12.011 -5.350 7.400 -11.760 -4.975 17.000 -12.011
3 16 0.000 4.000 -13.000 -0.450 5.644 -12.911 -0.234 5.734 -12.954
3 16 -1.575 16.600 -12.687 -1.800 16.900 -12.642 -1.267 17.000 -12.748
3 16 -1.267 17.000 -12.748 -0.625 16.700 -12.876 -1.575 16.600 -12.687
3 16 -1.800 16.900 -12.642 -1.575 16.600 -12.687 -2.250 16.450 -12.553
3 16 -2.250 16.450 -12.553 -3.584 16.466 -12.287 -1.800 16.900 -12.642
3 16 -4.016 16.466 -12.201 -4.975 17.000 -12.011 -3.800 16.556 -12.244
3 16 -3.584 16.466 -12.287 -3.800 16.556 -12.244 -1.800 16.900 -12.642
3 16 -1.800 16.900 -12.642 -3.800 16.556 -12.244 -4.975 17.000 -12.011
3 16 -4.975 17.000 -12.011 -1.689 17.000 -12.664 -1.800 16.900 -12.642
3 16 -0.625 16.700 -12.876 -1.267 17.000 -12.748 0.000 17.000 -13.000
3 16 0.000 17.000 -13.000 0.000 16.725 -13.000 -0.625 16.700 -12.876
3 16 0.000 4.000 -13.000 -0.234 5.734 -12.954 -0.144 5.950 -12.971
3 16 0.000 4.000 -13.000 -0.144 5.950 -12.971 0.000 7.450 -13.000
3 16 -0.144 5.950 -12.971 -0.234 6.166 -12.954 0.000 7.450 -13.000
3 16 0.000 7.450 -13.000 -0.234 6.166 -12.954 -0.450 6.256 -12.911
3 16 -0.450 6.256 -12.911 -0.050 7.600 -12.990 0.000 7.450 -13.000
3 16 -0.450 6.256 -12.911 -0.200 7.850 -12.960 -0.050 7.600 -12.990
3 16 -0.450 6.256 -12.911 -0.666 6.166 -12.868 -0.500 8.150 -12.901
3 16 -0.500 8.150 -12.901 -0.200 7.850 -12.960 -0.450 6.256 -12.911
3 16 -0.666 6.166 -12.868 -1.500 7.350 -12.702 -0.900 8.350 -12.821
3 16 -0.900 8.350 -12.821 -0.500 8.150 -12.901 -0.666 6.166 -12.868
3 16 -0.900 8.350 -12.821 -1.500 7.350 -12.702 -1.600 7.800 -12.682
3 16 -1.600 7.800 -12.682 -1.350 8.550 -12.732 -0.900 8.350 -12.821
3 16 -1.600 7.800 -12.682 -1.800 8.150 -12.642 -1.350 8.550 -12.732
3 16 -4.975 4.000 -12.011 -4.975 6.557 -12.011 -4.600 6.550 -12.085
3 16 -4.975 4.000 -12.011 -4.600 6.550 -12.085 -4.250 6.650 -12.155
3 16 -4.975 4.000 -12.011 -4.250 6.650 -12.155 -3.750 6.800 -12.254
3 16 -0.756 5.950 -12.850 -4.975 4.000 -12.011 -3.750 6.800 -12.254
3 16 -3.750 6.800 -12.254 -3.150 7.100 -12.374 -0.756 5.950 -12.850
3 16 -4.975 4.000 -12.011 -0.756 5.950 -12.850 -0.666 5.734 -12.868
3 16 -0.450 5.644 -12.911 0.000 4.000 -13.000 -4.975 4.000 -12.011
3 16 -4.975 4.000 -12.011 -0.666 5.734 -12.868 -0.450 5.644 -12.911
3 16 -0.756 5.950 -12.850 -3.150 7.100 -12.374 -2.550 7.350 -12.493
3 16 -0.756 5.950 -12.850 -2.550 7.350 -12.493 -2.050 7.400 -12.592
3 16 -2.050 7.400 -12.592 -1.500 7.350 -12.702 -0.756 5.950 -12.850
3 16 -0.756 5.950 -12.850 -1.500 7.350 -12.702 -0.666 6.166 -12.868
3 16 -2.700 16.150 -12.463 -3.494 16.250 -12.305 -3.584 16.466 -12.287
3 16 -3.584 16.466 -12.287 -2.250 16.450 -12.553 -2.700 16.150 -12.463
3 16 -3.000 15.775 -12.404 -3.584 16.034 -12.287 -3.494 16.250 -12.305
3 16 -3.494 16.250 -12.305 -2.700 16.150 -12.463 -3.000 15.775 -12.404
3 16 -3.000 15.775 -12.404 -3.050 15.475 -12.394 -3.800 15.944 -12.244
3 16 -3.800 15.944 -12.244 -3.584 16.034 -12.287 -3.000 15.775 -12.404
3 16 -3.050 15.475 -12.394 -3.500 14.900 -12.304 -3.950 15.050 -12.215
3 16 -3.950 15.050 -12.215 -3.800 15.944 -12.244 -3.050 15.475 -12.394
3 16 -3.500 14.900 -12.304 -3.050 15.475 -12.394 -3.000 15.200 -12.404
3 16 -3.300 14.600 -12.344 -3.500 14.900 -12.304 -3.000 15.200 -12.404
3 16 -3.000 15.200 -12.404 -2.800 15.000 -12.443 -3.300 14.600 -12.344
3 16 -2.800 15.000 -12.443 -2.325 14.700 -12.538 -2.850 14.450 -12.433
3 16 -2.850 14.450 -12.433 -3.300 14.600 -12.344 -2.800 15.000 -12.443
3 16 -2.325 14.700 -12.538 -2.100 14.100 -12.582 -2.550 14.250 -12.493
3 16 -2.550 14.250 -12.493 -2.850 14.450 -12.433 -2.325 14.700 -12.538
3 16 -1.750 14.550 -12.652 -1.750 14.050 -12.652 -2.100 14.100 -12.582
3 16 -2.100 14.100 -12.582 -2.325 14.700 -12.538 -1.750 14.550 -12.652
3 16 -1.300 13.950 -12.742 -1.750 14.050 -12.652 -1.750 14.550 -12.652
3 16 -1.750 14.550 -12.652 -1.050 14.500 -12.791 -1.300 13.950 -12.742
3 16 0.000 14.500 -13.000 -1.250 13.300 -12.751 -1.300 13.950 -12.742
3 16 -1.300 13.950 -12.742 -1.050 14.500 -12.791 0.000 14.500 -13.000
3 16 -1.750 14.050 -12.652 -1.550 13.350 -12.692 -2.050 13.500 -12.592
3 16 -2.050 13.500 -12.592 -2.100 14.100 -12.582 -1.750 14.050 -12.652
3 16 -2.550 14.250 -12.493 -2.350 13.550 -12.533 -2.850 13.850 -12.433
3 16 -2.850 13.850 -12.433 -2.850 14.450 -12.433 -2.550 14.250 -12.493
3 16 -3.300 14.600 -12.344 -3.150 13.900 -12.374 -3.450 14.200 -12.314
3 16 -3.450 14.200 -12.314 -3.500 14.900 -12.304 -3.300 14.600 -12.344
3 16 -4.106 16.250 -12.184 -4.975 17.000 -12.011 -4.016 16.466 -12.201
3 16 -4.344 13.500 -12.136 -4.434 13.716 -12.118 -3.800 14.300 -12.244
3 16 -3.800 14.300 -12.244 -3.450 14.200 -12.314 -4.344 13.500 -12.136
3 16 -3.150 13.900 -12.374 -3.500 11.850 -12.304 -4.344 13.500 -12.136
3 16 -4.344 13.500 -12.136 -3.450 14.200 -12.314 -3.150 13.900 -12.374
3 16 -3.500 11.850 -12.304 -3.150 13.900 -12.374 -2.850 13.850 -12.433
3 16 -2.850 13.850 -12.433 -2.350 13.550 -12.533 -3.500 11.850 -12.304
3 16 -2.350 13.550 -12.533 -2.050 13.500 -12.592 -3.000 11.750 -12.404
3 16 -3.000 11.750 -12.404 -3.500 11.850 -12.304 -2.350 13.550 -12.533
3 16 -2.050 13.500 -12.592 -1.550 13.350 -12.692 -2.650 11.600 -12.473
3 16 -2.650 11.600 -12.473 -3.000 11.750 -12.404 -2.050 13.500 -12.592
3 16 -1.550 13.350 -12.692 -1.250 13.300 -12.751 -2.350 11.300 -12.533
3 16 -2.350 11.300 -12.533 -2.650 11.600 -12.473 -1.550 13.350 -12.692
3 16 -3.800 14.300 -12.244 -4.434 13.716 -12.118 -4.650 13.806 -12.075
3 16 -4.650 13.806 -12.075 -3.950 15.050 -12.215 -3.800 14.300 -12.244
3 16 -3.950 15.050 -12.215 -4.650 13.806 -12.075 -4.016 16.034 -12.201
3 16 -4.016 16.034 -12.201 -3.800 15.944 -12.244 -3.950 15.050 -12.215
3 16 -4.650 13.806 -12.075 -4.106 16.250 -12.184 -4.016 16.034 -12.201
3 16 -4.650 13.806 -12.075 -4.866 13.716 -12.032 -4.975 17.000 -12.011
3 16 -4.975 17.000 -12.011 -4.106 16.250 -12.184 -4.650 13.806 -12.075
3 16 -4.956 13.500 -12.015 -4.975 17.000 -12.011 -4.866 13.716 -12.032
3 16 -3.500 11.850 -12.304 -4.000 11.750 -12.205 -4.434 13.284 -12.118
3 16 -4.434 13.284 -12.118 -4.344 13.500 -12.136 -3.500 11.850 -12.304
3 16 -4.000 11.750 -12.205 -4.650 13.194 -12.075 -4.434 13.284 -12.118
3 16 -4.450 11.450 -12.115 -4.866 13.284 -12.032 -4.650 13.194 -12.075
3 16 -4.650 13.194 -12.075 -4.000 11.750 -12.205 -4.450 11.450 -12.115
3 16 -3.800 11.500 -12.244 -3.760 11.161 -12.252 -4.193 10.830 -12.166
3 16 -4.193 10.830 -12.166 -4.450 11.450 -12.115 -3.800 11.500 -12.244
3 16 -3.250 11.277 -12.354 -3.760 11.161 -12.252 -3.800 11.500 -12.244
3 16 -3.800 11.500 -12.244 -3.200 11.450 -12.364 -3.250 11.277 -12.354
3 16 -2.740 11.161 -12.455 -3.250 11.277 -12.354 -3.200 11.450 -12.364
3 16 -3.200 11.450 -12.364 -2.600 11.200 -12.483 -2.740 11.161 -12.455
3 16 -2.600 11.200 -12.483 -2.150 10.900 -12.573 -2.307 10.830 -12.541
3 16 -2.307 10.830 -12.541 -2.740 11.161 -12.455 -2.600 11.200 -12.483
3 16 -2.019 10.334 -12.599 -2.307 10.830 -12.541 -2.150 10.900 -12.573
3 16 -4.000 7.600 -12.205 -4.550 7.400 -12.095 -4.193 8.670 -12.166
3 16 -4.193 8.670 -12.166 -3.760 8.339 -12.252 -4.000 7.600 -12.205
3 16 -3.760 8.339 -12.252 -3.250 8.223 -12.354 -3.350 7.950 -12.334
3 16 -3.350 7.950 -12.334 -4.000 7.600 -12.205 -3.760 8.339 -12.252
3 16 -3.350 7.950 -12.334 -3.250 8.223 -12.354 -2.740 8.339 -12.455
3 16 -2.740 8.339 -12.455 -2.900 8.150 -12.423 -3.350 7.950 -12.334
3 16 -2.900 8.150 -12.423 -2.740 8.339 -12.455 -2.400 8.300 -12.523
3 16 -2.307 8.670 -12.541 -2.050 8.300 -12.592 -2.400 8.300 -12.523
3 16 -2.400 8.300 -12.523 -2.740 8.339 -12.455 -2.307 8.670 -12.541
3 16 -1.350 8.550 -12.732 -1.800 8.150 -12.642 -2.050 8.300 -12.592
3 16 -2.050 8.300 -12.592 -2.307 8.670 -12.541 -1.350 8.550 -12.732
3 16 -1.350 8.550 -12.732 -2.307 8.670 -12.541 -2.019 9.166 -12.599
3 16 -2.019 9.166 -12.599 -0.650 8.600 -12.871 -1.350 8.550 -12.732
3 16 -0.650 8.600 -12.871 -2.019 9.166 -12.599 -1.917 9.750 -12.619
3 16 -0.650 8.600 -12.871 -1.917 9.750 -12.619 -2.019 10.334 -12.599
3 16 -1.250 13.300 -12.751 0.000 14.500 -13.000 -0.650 8.600 -12.871
3 16 -0.650 8.600 -12.871 -2.019 10.334 -12.599 -1.250 13.300 -12.751
3 16 -0.250 8.450 -12.950 -0.650 8.600 -12.871 0.000 14.500 -13.000
3 16 0.000 8.242 -13.000 -0.250 8.450 -12.950 0.000 14.500 -13.000
3 16 -2.150 10.900 -12.573 -2.350 11.300 -12.533 -1.250 13.300 -12.751
3 16 -2.019 10.334 -12.599 -2.150 10.900 -12.573 -1.250 13.300 -12.751
3 16 -4.975 7.353 -12.011 -4.482 9.166 -12.109 -4.193 8.670 -12.166
3 16 -4.193 8.670 -12.166 -4.550 7.400 -12.095 -4.975 7.353 -12.011
3 16 -4.975 7.353 -12.011 -4.583 9.750 -12.089 -4.482 9.166 -12.109
3 16 -4.482 10.334 -12.109 -4.450 11.450 -12.115 -4.193 10.830 -12.166
3 16 -4.482 10.334 -12.109 -4.583 9.750 -12.089 -4.866 13.284 -12.032
3 16 -4.866 13.284 -12.032 -4.450 11.450 -12.115 -4.482 10.334 -12.109
3 16 -4.975 7.353 -12.011 -4.956 13.500 -12.015 -4.866 13.284 -12.032
3 16 -4.866 13.284 -12.032 -4.583 9.750 -12.089 -4.975 7.353 -12.011
3 16 -4.975 7.353 -12.011 -4.975 17.000 -12.011 -4.956 13.500 -12.015
3 16 1.950 16.850 -12.612 2.250 16.450 -12.553 1.575 16.600 -12.687
3 16 1.575 16.600 -12.687 1.550 16.950 -12.692 1.950 16.850 -12.612
3 16 0.625 16.700 -12.876 0.000 16.725 -13.000 0.000 17.000 -13.000
3 16 0.000 17.000 -13.000 1.325 17.000 -12.737 0.625 16.700 -12.876
3 16 1.325 17.000 -12.737 1.550 16.950 -12.692 1.575 16.600 -12.687
3 16 1.575 16.600 -12.687 0.625 16.700 -12.876 1.325 17.000 -12.737
3 16 0.000 4.000 -13.000 0.000 7.450 -13.000 0.050 7.300 -12.990
3 16 0.000 4.000 -13.000 0.050 7.300 -12.990 0.150 7.550 -12.970
3 16 0.150 7.550 -12.970 1.500 7.350 -12.702 0.000 4.000 -13.000
3 16 0.150 7.550 -12.970 0.150 7.850 -12.970 1.600 7.800 -12.682
3 16 1.600 7.800 -12.682 1.500 7.350 -12.702 0.150 7.550 -12.970
3 16 0.150 7.850 -12.970 0.000 8.242 -13.000 1.800 8.150 -12.642
3 16 1.800 8.150 -12.642 1.600 7.800 -12.682 0.150 7.850 -12.970
3 16 2.019 9.166 -12.599 1.800 8.150 -12.642 0.000 8.242 -13.000
3 16 0.000 8.242 -13.000 1.917 9.750 -12.619 2.019 9.166 -12.599
3 16 2.050 8.300 -12.592 1.800 8.150 -12.642 2.019 9.166 -12.599
3 16 2.019 9.166 -12.599 2.307 8.670 -12.541 2.050 8.300 -12.592
3 16 2.400 8.300 -12.523 2.050 8.300 -12.592 2.307 8.670 -12.541
3 16 2.307 8.670 -12.541 2.740 8.339 -12.455 2.400 8.300 -12.523
3 16 2.740 8.339 -12.455 3.250 8.223 -12.354 2.900 8.150 -12.423
3 16 2.900 8.150 -12.423 2.400 8.300 -12.523 2.740 8.339 -12.455
3 16 3.350 7.950 -12.334 2.900 8.150 -12.423 3.250 8.223 -12.354
3 16 3.350 7.950 -12.334 3.250 8.223 -12.354 3.760 8.339 -12.252
3 16 3.760 8.339 -12.252 4.193 8.670 -12.166 4.000 7.600 -12.205
3 16 4.000 7.600 -12.205 3.350 7.950 -12.334 3.760 8.339 -12.252
3 16 4.193 8.670 -12.166 4.482 9.166 -12.109 4.550 7.400 -12.095
3 16 4.550 7.400 -12.095 4.000 7.600 -12.205 4.193 8.670 -12.166
3 16 4.975 7.353 -12.011 4.550 7.400 -12.095 4.482 9.166 -12.109
3 16 4.482 9.166 -12.109 4.583 9.750 -12.089 4.975 7.353 -12.011
3 16 0.000 4.000 -13.000 1.500 7.350 -12.702 2.050 7.400 -12.592
3 16 2.050 7.400 -12.592 2.550 7.350 -12.493 0.000 4.000 -13.000
3 16 0.000 4.000 -13.000 2.550 7.350 -12.493 3.150 7.100 -12.374
3 16 3.750 6.800 -12.254 4.975 4.000 -12.011 0.000 4.000 -13.000
3 16 0.000 4.000 -13.000 3.150 7.100 -12.374 3.750 6.800 -12.254
3 16 4.975 4.000 -12.011 3.750 6.800 -12.254 4.250 6.650 -12.155
3 16 4.975 4.000 -12.011 4.250 6.650 -12.155 4.600 6.550 -12.085
3 16 4.975 4.000 -12.011 4.600 6.550 -12.085 4.975 6.557 -12.011
3 16 0.000 8.242 -13.000 0.000 14.500 -13.000 1.250 13.300 -12.751
3 16 1.250 13.300 -12.751 1.917 9.750 -12.619 0.000 8.242 -13.000
3 16 1.917 9.750 -12.619 1.250 13.300 -12.751 2.019 10.334 -12.599
3 16 2.150 10.900 -12.573 2.019 10.334 -12.599 1.250 13.300 -12.751
3 16 1.250 13.300 -12.751 1.550 13.350 -12.692 2.150 10.900 -12.573
3 16 2.350 11.300 -12.533 2.150 10.900 -12.573 1.550 13.350 -12.692
3 16 1.550 13.350 -12.692 2.050 13.500 -12.592 2.350 11.300 -12.533
3 16 2.650 11.600 -12.473 2.350 11.300 -12.533 2.050 13.500 -12.592
3 16 2.050 13.500 -12.592 2.350 13.550 -12.533 2.650 11.600 -12.473
3 16 3.000 11.750 -12.404 2.650 11.600 -12.473 2.350 13.550 -12.533
3 16 2.350 13.550 -12.533 2.850 13.850 -12.433 3.000 11.750 -12.404
3 16 3.000 11.750 -12.404 2.850 13.850 -12.433 3.150 13.900 -12.374
3 16 3.150 13.900 -12.374 3.500 11.850 -12.304 3.000 11.750 -12.404
3 16 3.450 14.200 -12.314 3.800 14.300 -12.244 3.500 11.850 -12.304
3 16 3.500 11.850 -12.304 3.150 13.900 -12.374 3.450 14.200 -12.314
3 16 4.000 11.750 -12.205 3.500 11.850 -12.304 3.800 14.300 -12.244
3 16 3.800 14.300 -12.244 4.975 14.266 -12.011 4.975 13.329 -12.011
3 16 4.975 13.329 -12.011 4.000 11.750 -12.205 3.800 14.300 -12.244
3 16 4.975 13.329 -12.011 4.975 13.113 -12.011 4.000 11.750 -12.205
3 16 4.000 11.750 -12.205 4.975 13.113 -12.011 4.975 12.596 -12.011
3 16 4.975 12.596 -12.011 4.450 11.450 -12.115 4.000 11.750 -12.205
3 16 4.975 12.596 -12.011 4.975 12.385 -12.011 4.450 11.450 -12.115
3 16 2.019 10.334 -12.599 2.150 10.900 -12.573 2.307 10.830 -12.541
3 16 2.600 11.200 -12.483 2.740 11.161 -12.455 2.307 10.830 -12.541
3 16 2.307 10.830 -12.541 2.150 10.900 -12.573 2.600 11.200 -12.483
3 16 2.740 11.161 -12.455 2.600 11.200 -12.483 3.200 11.450 -12.364
3 16 3.200 11.450 -12.364 3.250 11.277 -12.354 2.740 11.161 -12.455
3 16 3.800 11.500 -12.244 3.760 11.161 -12.252 3.250 11.277 -12.354
3 16 3.250 11.277 -12.354 3.200 11.450 -12.364 3.800 11.500 -12.244
3 16 4.450 11.450 -12.115 4.193 10.830 -12.166 3.760 11.161 -12.252
3 16 3.760 11.161 -12.252 3.800 11.500 -12.244 4.450 11.450 -12.115
3 16 4.482 10.334 -12.109 4.193 10.830 -12.166 4.450 11.450 -12.115
3 16 4.450 11.450 -12.115 4.975 12.385 -12.011 4.975 11.636 -12.011
3 16 4.975 11.636 -12.011 4.482 10.334 -12.109 4.450 11.450 -12.115
3 16 4.482 10.334 -12.109 4.975 11.636 -12.011 4.975 11.048 -12.011
3 16 4.975 11.048 -12.011 4.583 9.750 -12.089 4.482 10.334 -12.109
3 16 4.583 9.750 -12.089 4.975 11.048 -12.011 4.975 7.353 -12.011
3 16 1.750 14.050 -12.652 2.100 14.100 -12.582 2.050 13.500 -12.592
3 16 2.050 13.500 -12.592 1.550 13.350 -12.692 1.750 14.050 -12.652
3 16 2.550 14.250 -12.493 2.850 14.450 -12.433 2.850 13.850 -12.433
3 16 2.850 13.850 -12.433 2.350 13.550 -12.533 2.550 14.250 -12.493
3 16 3.150 13.900 -12.374 3.300 14.600 -12.344 3.500 14.900 -12.304
3 16 3.500 14.900 -12.304 3.450 14.200 -12.314 3.150 13.900 -12.374
3 16 0.000 14.500 -13.000 1.050 14.500 -12.791 1.300 13.950 -12.742
3 16 1.300 13.950 -12.742 1.250 13.300 -12.751 0.000 14.500 -13.000
3 16 1.750 14.550 -12.652 1.750 14.050 -12.652 1.300 13.950 -12.742
3 16 1.300 13.950 -12.742 1.050 14.500 -12.791 1.750 14.550 -12.652
3 16 2.100 14.100 -12.582 1.750 14.050 -12.652 1.750 14.550 -12.652
3 16 1.750 14.550 -12.652 2.325 14.700 -12.538 2.100 14.100 -12.582
3 16 2.550 14.250 -12.493 2.100 14.100 -12.582 2.325 14.700 -12.538
3 16 2.325 14.700 -12.538 2.850 14.450 -12.433 2.550 14.250 -12.493
3 16 2.850 14.450 -12.433 2.325 14.700 -12.538 2.800 15.000 -12.443
3 16 2.800 15.000 -12.443 3.300 14.600 -12.344 2.850 14.450 -12.433
3 16 3.500 14.900 -12.304 3.300 14.600 -12.344 2.800 15.000 -12.443
3 16 2.800 15.000 -12.443 3.000 15.200 -12.404 3.500 14.900 -12.304
3 16 3.950 15.050 -12.215 3.500 14.900 -12.304 3.000 15.200 -12.404
3 16 3.000 15.200 -12.404 3.050 15.475 -12.394 3.950 15.050 -12.215
3 16 4.975 17.000 -12.011 3.950 15.050 -12.215 3.050 15.475 -12.394
3 16 3.050 15.475 -12.394 3.000 15.775 -12.404 4.975 17.000 -12.011
3 16 4.975 14.536 -12.011 3.950 15.050 -12.215 4.975 17.000 -12.011
3 16 3.950 15.050 -12.215 4.975 14.536 -12.011 4.975 14.266 -12.011
3 16 4.975 14.266 -12.011 3.800 14.300 -12.244 3.950 15.050 -12.215
3 16 1.950 16.850 -12.612 1.843 17.000 -12.634 4.975 17.000 -12.011
3 16 4.975 17.000 -12.011 2.700 16.150 -12.463 2.250 16.450 -12.553
3 16 2.250 16.450 -12.553 1.950 16.850 -12.612 4.975 17.000 -12.011
3 16 3.000 15.775 -12.404 2.700 16.150 -12.463 4.975 17.000 -12.011
3 16 5.300 6.650 -11.794 9.192 4.000 -9.192 4.975 4.000 -12.011
3 16 4.975 4.000 -12.011 4.975 6.557 -12.011 5.300 6.650 -11.794
3 16 9.192 4.000 -9.192 5.300 6.650 -11.794 5.750 7.000 -11.493
3 16 6.066 14.466 -11.281 5.850 14.556 -11.426 4.975 17.000 -12.011
3 16 4.975 17.000 -12.011 9.192 17.000 -9.192 6.066 14.466 -11.281
3 16 6.156 14.250 -11.222 6.066 14.466 -11.281 9.192 17.000 -9.192
3 16 9.192 4.000 -9.192 5.750 7.000 -11.493 6.250 7.650 -11.159
3 16 9.192 4.000 -9.192 6.250 7.650 -11.159 6.066 14.034 -11.281
3 16 6.066 14.034 -11.281 6.156 14.250 -11.222 9.192 4.000 -9.192
3 16 9.192 4.000 -9.192 6.156 14.250 -11.222 9.192 17.000 -9.192
3 16 6.250 7.650 -11.159 5.350 7.400 -11.760 5.850 13.944 -11.426
3 16 5.850 13.944 -11.426 6.066 14.034 -11.281 6.250 7.650 -11.159
3 16 5.634 14.466 -11.571 4.975 17.000 -12.011 5.850 14.556 -11.426
3 16 4.975 17.000 -12.011 5.634 14.466 -11.571 5.544 14.250 -11.631
3 16 5.544 14.250 -11.631 4.975 14.536 -12.011 4.975 17.000 -12.011
3 16 4.975 13.329 -12.011 4.975 14.266 -12.011 5.544 14.250 -11.631
3 16 5.634 14.034 -11.571 4.975 13.113 -12.011 4.975 13.329 -12.011
3 16 4.975 13.329 -12.011 5.544 14.250 -11.631 5.634 14.034 -11.571
3 16 4.975 12.596 -12.011 4.975 13.113 -12.011 5.634 14.034 -11.571
3 16 5.850 13.944 -11.426 4.975 12.385 -12.011 4.975 12.596 -12.011
3 16 4.975 12.596 -12.011 5.634 14.034 -11.571 5.850 13.944 -11.426
3 16 4.975 11.636 -12.011 4.975 12.385 -12.011 5.850 13.944 -11.426
3 16 4.975 11.048 -12.011 4.975 11.636 -12.011 5.850 13.944 -11.426
3 16 4.975 7.353 -12.011 4.975 11.048 -12.011 5.850 13.944 -11.426
3 16 5.850 13.944 -11.426 5.350 7.400 -11.760 4.975 7.353 -12.011
3 16 4.975 14.266 -12.011 4.975 14.536 -12.011 5.544 14.250 -11.631
3 16 -3.794 20.695 -9.159 -7.010 20.695 -7.010 -5.657 21.000 -5.657
3 16 -5.657 21.000 -5.657 -3.062 21.000 -7.391 -3.794 20.695 -9.159
3 16 -4.414 19.828 -10.658 -8.157 19.828 -8.157 -7.010 20.695 -7.010
3 16 -7.010 20.695 -7.010 -3.794 20.695 -9.159 -4.414 19.828 -10.658
3 16 -4.830 18.531 -11.659 -8.923 18.531 -8.923 -8.157 19.828 -8.157
3 16 -8.157 19.828 -8.157 -4.414 19.828 -10.658 -4.830 18.531 -11.659
3 16 -3.062 21.000 -7.391 0.000 21.000 -8.000 0.000 20.695 -9.914
3 16 0.000 20.695 -9.914 -3.794 20.695 -9.159 -3.062 21.000 -7.391
3 16 0.000 19.828 -11.535 -4.414 19.828 -10.658 -3.794 20.695 -9.159
3 16 -3.794 20.695 -9.159 0.000 20.695 -9.914 0.000 19.828 -11.535
3 16 -3.901 18.531 -11.844 -4.830 18.531 -11.659 -3.850 18.700 -11.713
3 16 -3.850 18.700 -11.713 -4.830 18.531 -11.659 -4.414 19.828 -10.658
3 16 -4.414 19.828 -10.658 -3.650 19.150 -11.376 -3.850 18.700 -11.713
3 16 -3.500 18.650 -11.824 -3.000 18.750 -11.840 -3.055 18.531 -12.012
3 16 -3.055 18.531 -12.012 -3.536 18.531 -11.916 -3.500 18.650 -11.824
3 16 -3.000 18.750 -11.840 -3.500 18.650 -11.824 -3.300 19.100 -11.488
3 16 -3.300 19.100 -11.488 -2.850 19.150 -11.535 -3.000 18.750 -11.840
3 16 -2.650 18.700 -11.951 -2.200 18.750 -11.999 -2.255 18.531 -12.171
3 16 -2.255 18.531 -12.171 -2.692 18.531 -12.084 -2.650 18.700 -11.951
3 16 -2.200 18.750 -11.999 -2.650 18.700 -11.951 -2.500 19.100 -11.647
3 16 -2.500 19.100 -11.647 -2.050 19.150 -11.694 -2.200 18.750 -11.999
3 16 -1.700 19.100 -11.806 -1.200 19.150 -11.863 -1.350 18.800 -12.126
3 16 -1.350 18.800 -12.126 -1.850 18.700 -12.110 -1.700 19.100 -11.806
3 16 -0.600 18.800 -12.275 -1.000 18.750 -12.237 -0.850 19.100 -11.975
3 16 -0.850 19.100 -11.975 -0.450 19.150 -12.012 -0.600 18.800 -12.275
3 16 -4.414 19.828 -10.658 -2.850 19.150 -11.535 -3.300 19.100 -11.488
3 16 -3.300 19.100 -11.488 -3.650 19.150 -11.376 -4.414 19.828 -10.658
3 16 -2.050 19.150 -11.694 -2.500 19.100 -11.647 -2.850 19.150 -11.535
3 16 -2.850 19.150 -11.535 -4.414 19.828 -10.658 -2.050 19.150 -11.694
3 16 0.000 19.828 -11.535 -1.700 19.100 -11.806 -2.050 19.150 -11.694
3 16 -2.050 19.150 -11.694 -4.414 19.828 -10.658 0.000 19.828 -11.535
3 16 -1.700 19.100 -11.806 0.000 19.828 -11.535 -1.200 19.150 -11.863
3 16 -0.850 19.100 -11.975 -1.200 19.150 -11.863 0.000 19.828 -11.535
3 16 0.000 19.828 -11.535 -0.450 19.150 -12.012 -0.850 19.100 -11.975
3 16 -0.100 19.100 -12.124 -0.450 19.150 -12.012 0.000 19.828 -11.535
3 16 -1.427 18.531 -12.336 -1.892 18.531 -12.243 -1.850 18.700 -12.110
3 16 -1.850 18.700 -12.110 -1.350 18.800 -12.126 -1.427 18.531 -12.336
3 16 -0.677 18.531 -12.485 -1.063 18.531 -12.408 -1.000 18.750 -12.237
3 16 -1.000 18.750 -12.237 -0.600 18.800 -12.275 -0.677 18.531 -12.485
3 16 -0.250 18.750 -12.386 -0.100 19.100 -12.124 0.000 18.531 -12.619
3 16 0.000 18.531 -12.619 -0.313 18.531 -12.557 -0.250 18.750 -12.386
3 16 0.000 18.531 -12.619 -0.100 19.100 -12.124 0.000 19.828 -11.535
3 16 0.000 21.000 -8.000 3.062 21.000 -7.391 3.794 20.695 -9.159
3 16 3.794 20.695 -9.159 0.000 20.695 -9.914 0.000 21.000 -8.000
3 16 0.000 20.695 -9.914 3.794 20.695 -9.159 4.414 19.828 -10.658
3 16 4.414 19.828 -10.658 0.000 19.828 -11.535 0.000 20.695 -9.914
3 16 0.850 19.100 -11.975 1.000 18.750 -12.237 0.600 18.800 -12.275
3 16 0.600 18.800 -12.275 0.450 19.150 -12.012 0.850 19.100 -11.975
3 16 1.700 19.100 -11.806 1.850 18.700 -12.110 1.350 18.800 -12.126
3 16 1.350 18.800 -12.126 1.200 19.150 -11.863 1.700 19.100 -11.806
3 16 2.500 19.100 -11.647 2.650 18.700 -11.951 2.200 18.750 -11.999
3 16 2.200 18.750 -11.999 2.050 19.150 -11.694 2.500 19.100 -11.647
3 16 3.300 19.100 -11.488 3.500 18.650 -11.824 3.000 18.750 -11.840
3 16 3.000 18.750 -11.840 2.850 19.150 -11.535 3.300 19.100 -11.488
3 16 4.830 18.531 -11.659 3.901 18.531 -11.844 3.850 18.700 -11.713
3 16 4.414 19.828 -10.658 4.830 18.531 -11.659 3.850 18.700 -11.713
3 16 3.850 18.700 -11.713 3.650 19.150 -11.376 4.414 19.828 -10.658
3 16 0.100 19.100 -12.124 0.000 19.828 -11.535 0.450 19.150 -12.012
3 16 0.850 19.100 -11.975 0.450 19.150 -12.012 0.000 19.828 -11.535
3 16 0.000 19.828 -11.535 1.200 19.150 -11.863 0.850 19.100 -11.975
3 16 1.700 19.100 -11.806 1.200 19.150 -11.863 0.000 19.828 -11.535
3 16 2.050 19.150 -11.694 1.700 19.100 -11.806 0.000 19.828 -11.535
3 16 0.000 19.828 -11.535 4.414 19.828 -10.658 2.050 19.150 -11.694
3 16 4.414 19.828 -10.658 2.850 19.150 -11.535 2.500 19.100 -11.647
3 16 2.500 19.100 -11.647 2.050 19.150 -11.694 4.414 19.828 -10.658
3 16 0.000 18.531 -12.619 0.000 19.828 -11.535 0.100 19.100 -12.124
3 16 0.000 18.531 -12.619 0.100 19.100 -12.124 0.250 18.750 -12.386
3 16 0.250 18.750 -12.386 0.313 18.531 -12.557 0.000 18.531 -12.619
3 16 1.000 18.750 -12.237 1.063 18.531 -12.408 0.677 18.531 -12.485
3 16 0.677 18.531 -12.485 0.600 18.800 -12.275 1.000 18.750 -12.237
3 16 1.427 18.531 -12.336 1.350 18.800 -12.126 1.850 18.700 -12.110
3 16 1.850 18.700 -12.110 1.892 18.531 -12.243 1.427 18.531 -12.336
3 16 2.650 18.700 -11.951 2.692 18.531 -12.084 2.255 18.531 -12.171
3 16 2.255 18.531 -12.171 2.200 18.750 -11.999 2.650 18.700 -11.951
3 16 3.500 18.650 -11.824 3.536 18.531 -11.916 3.055 18.531 -12.012
3 16 3.055 18.531 -12.012 3.000 18.750 -11.840 3.500 18.650 -11.824
3 16 4.414 19.828 -10.658 3.650 19.150 -11.376 3.300 19.100 -11.488
3 16 3.300 19.100 -11.488 2.850 19.150 -11.535 4.414 19.828 -10.658
3 16 7.010 20.695 -7.010 3.794 20.695 -9.159 3.062 21.000 -7.391
3 16 3.062 21.000 -7.391 5.657 21.000 -5.657 7.010 20.695 -7.010
3 16 8.157 19.828 -8.157 4.414 19.828 -10.658 3.794 20.695 -9.159
3 16 3.794 20.695 -9.159 7.010 20.695 -7.010 8.157 19.828 -8.157
3 16 8.923 18.531 -8.923 4.830 18.531 -11.659 4.414 19.828 -10.658
3 16 4.414 19.828 -10.658 8.157 19.828 -8.157 8.923 18.531 -8.923
3 16 -4.975 17.000 -12.011 -9.192 17.000 -9.192 -8.923 18.531 -8.923
3 16 -8.923 18.531 -8.923 -4.830 18.531 -11.659 -4.975 17.000 -12.011
3 16 -1.300 17.350 -12.654 -1.689 17.000 -12.664 -2.750 18.300 -12.130
3 16 -2.750 18.300 -12.130 -2.300 18.350 -12.207 -1.300 17.350 -12.654
3 16 -1.950 18.300 -12.289 -0.650 17.650 -12.709 -1.300 17.350 -12.654
3 16 -1.300 17.350 -12.654 -2.300 18.350 -12.207 -1.950 18.300 -12.289
3 16 -1.450 18.450 -12.351 -1.100 18.400 -12.433 -0.650 17.650 -12.709
3 16 -0.650 17.650 -12.709 -1.950 18.300 -12.289 -1.450 18.450 -12.351
3 16 -0.700 18.450 -12.500 -0.350 18.400 -12.582 -0.650 17.650 -12.709
3 16 -0.650 17.650 -12.709 -1.100 18.400 -12.433 -0.700 18.450 -12.500
3 16 -0.350 17.100 -12.906 0.000 17.100 -12.975 0.000 17.000 -13.000
3 16 0.000 17.000 -13.000 -1.000 17.050 -12.789 -0.350 17.100 -12.906
3 16 -4.830 18.531 -11.659 -3.901 18.531 -11.844 -4.000 18.200 -11.906
3 16 -4.000 18.200 -11.906 -4.975 17.000 -12.011 -4.830 18.531 -11.659
3 16 -3.100 18.350 -12.048 -3.650 18.150 -11.988 -3.536 18.531 -11.916
3 16 -3.536 18.531 -11.916 -3.055 18.531 -12.012 -3.100 18.350 -12.048
3 16 -2.300 18.350 -12.207 -2.750 18.300 -12.130 -2.692 18.531 -12.084
3 16 -2.692 18.531 -12.084 -2.255 18.531 -12.171 -2.300 18.350 -12.207
3 16 -1.450 18.450 -12.351 -1.950 18.300 -12.289 -1.892 18.531 -12.243
3 16 -1.892 18.531 -12.243 -1.427 18.531 -12.336 -1.450 18.450 -12.351
3 16 0.000 17.000 -13.000 -1.267 17.000 -12.748 -1.000 17.050 -12.789
3 16 -3.650 18.150 -11.988 -1.689 17.000 -12.664 -4.975 17.000 -12.011
3 16 -4.975 17.000 -12.011 -4.000 18.200 -11.906 -3.650 18.150 -11.988
3 16 -1.689 17.000 -12.664 -3.650 18.150 -11.988 -3.100 18.350 -12.048
3 16 -3.100 18.350 -12.048 -2.750 18.300 -12.130 -1.689 17.000 -12.664
3 16 -1.063 18.531 -12.408 -0.677 18.531 -12.485 -0.700 18.450 -12.500
3 16 -0.700 18.450 -12.500 -1.100 18.400 -12.433 -1.063 18.531 -12.408
3 16 -0.350 18.400 -12.582 -0.313 18.531 -12.557 0.000 18.531 -12.619
3 16 0.000 17.696 -12.827 -0.650 17.650 -12.709 -0.350 18.400 -12.582
3 16 -0.350 18.400 -12.582 0.000 18.531 -12.619 0.000 17.696 -12.827
3 16 0.800 17.650 -12.679 0.350 18.400 -12.582 0.700 18.450 -12.500
3 16 0.700 18.450 -12.500 1.100 18.400 -12.433 0.800 17.650 -12.679
3 16 1.400 17.450 -12.610 0.800 17.650 -12.679 1.100 18.400 -12.433
3 16 1.100 18.400 -12.433 1.450 18.450 -12.351 1.400 17.450 -12.610
3 16 1.950 18.300 -12.289 1.400 17.450 -12.610 1.450 18.450 -12.351
3 16 1.450 18.450 -12.351 1.892 18.531 -12.243 1.950 18.300 -12.289
3 16 1.950 18.300 -12.289 2.300 18.350 -12.207 1.700 17.200 -12.612
3 16 1.700 17.200 -12.612 1.400 17.450 -12.610 1.950 18.300 -12.289
3 16 3.100 18.350 -12.048 3.884 17.616 -12.075 3.794 17.400 -12.146
3 16 3.794 17.400 -12.146 2.750 18.300 -12.130 3.100 18.350 -12.048
3 16 3.884 17.616 -12.075 3.100 18.350 -12.048 3.650 18.150 -11.988
3 16 4.100 17.706 -12.009 3.884 17.616 -12.075 3.650 18.150 -11.988
3 16 3.650 18.150 -11.988 4.000 18.200 -11.906 4.100 17.706 -12.009
3 16 4.830 18.531 -11.659 4.316 17.616 -11.989 4.100 17.706 -12.009
3 16 4.100 17.706 -12.009 4.000 18.200 -11.906 4.830 18.531 -11.659
3 16 4.830 18.531 -11.659 4.975 17.000 -12.011 4.406 17.400 -12.024
3 16 4.406 17.400 -12.024 4.316 17.616 -11.989 4.830 18.531 -11.659
3 16 4.975 17.000 -12.011 4.316 17.184 -12.096 4.406 17.400 -12.024
3 16 4.975 17.000 -12.011 4.100 17.094 -12.161 4.316 17.184 -12.096
3 16 0.000 18.531 -12.619 0.313 18.531 -12.557 0.350 18.400 -12.582
3 16 0.350 18.400 -12.582 0.000 17.696 -12.827 0.000 18.531 -12.619
3 16 4.000 18.200 -11.906 3.901 18.531 -11.844 4.830 18.531 -11.659
3 16 0.000 17.000 -13.000 0.000 17.100 -12.975 0.400 17.100 -12.896
3 16 0.400 17.100 -12.896 1.100 17.050 -12.769 0.000 17.000 -13.000
3 16 1.325 17.000 -12.737 0.000 17.000 -13.000 1.100 17.050 -12.769
3 16 1.843 17.000 -12.634 1.700 17.200 -12.612 2.300 18.350 -12.207
3 16 1.843 17.000 -12.634 2.300 18.350 -12.207 2.750 18.300 -12.130
3 16 2.750 18.300 -12.130 3.794 17.400 -12.146 1.843 17.000 -12.634
3 16 1.843 17.000 -12.634 3.794 17.400 -12.146 3.884 17.184 -12.182
3 16 1.843 17.000 -12.634 3.884 17.184 -12.182 4.100 17.094 -12.161
3 16 4.975 17.000 -12.011 1.843 17.000 -12.634 4.100 17.094 -12.161
3 16 1.063 18.531 -12.408 1.100 18.400 -12.433 0.700 18.450 -12.500
3 16 0.700 18.450 -12.500 0.677 18.531 -12.485 1.063 18.531 -12.408
3 16 1.450 18.450 -12.351 1.427 18.531 -12.336 1.892 18.531 -12.243
3 16 2.692 18.531 -12.084 2.750 18.300 -12.130 2.300 18.350 -12.207
3 16 2.300 18.350 -12.207 2.255 18.531 -12.171 2.692 18.531 -12.084
3 16 3.536 18.531 -11.916 3.650 18.150 -11.988 3.100 18.350 -12.048
3 16 3.100 18.350 -12.048 3.055 18.531 -12.012 3.536 18.531 -11.916
3 16 0.800 17.650 -12.679 0.000 17.696 -12.827 0.350 18.400 -12.582
3 16 8.923 18.531 -8.923 9.192 17.000 -9.192 4.975 17.000 -12.011
3 16 4.975 17.000 -12.011 4.830 18.531 -11.659 8.923 18.531 -8.923
3 70 -5.750 7.000 -11.493 -6.250 7.650 -11.159 -5.350 7.400 -11.760
3 70 -5.350 7.400 -11.760 -4.975 7.353 -12.011 -5.300 6.650 -11.794
3 70 -5.300 6.650 -11.794 -5.750 7.000 -11.493 -5.350 7.400 -11.760
3 70 -4.975 6.557 -12.011 -5.300 6.650 -11.794 -4.975 7.353 -12.011
3 15 -3.874 9.388 -12.230 -3.739 9.589 -12.257 -3.300 9.150 -12.344
3 15 -3.300 9.150 -12.344 -3.921 9.150 -12.220 -3.874 9.388 -12.230
3 15 -3.538 9.724 -12.297 -3.300 9.771 -12.344 -3.300 9.150 -12.344
3 15 -3.300 9.150 -12.344 -3.739 9.589 -12.257 -3.538 9.724 -12.297
3 15 -3.062 9.724 -12.391 -2.861 9.589 -12.431 -3.300 9.150 -12.344
3 15 -3.300 9.150 -12.344 -3.300 9.771 -12.344 -3.062 9.724 -12.391
3 15 -2.726 9.388 -12.458 -2.679 9.150 -12.467 -3.300 9.150 -12.344
3 15 -3.300 9.150 -12.344 -2.861 9.589 -12.431 -2.726 9.388 -12.458
3 15 -2.726 8.912 -12.458 -2.861 8.711 -12.431 -3.300 9.150 -12.344
3 15 -3.300 9.150 -12.344 -2.679 9.150 -12.467 -2.726 8.912 -12.458
3 15 -3.062 8.576 -12.391 -3.300 8.529 -12.344 -3.300 9.150 -12.344
3 15 -3.300 9.150 -12.344 -2.861 8.711 -12.431 -3.062 8.576 -12.391
3 15 -3.538 8.576 -12.297 -3.739 8.711 -12.257 -3.300 9.150 -12.344
3 15 -3.300 9.150 -12.344 -3.300 8.529 -12.344 -3.538 8.576 -12.297
3 15 -3.300 9.150 -12.344 -3.739 8.711 -12.257 -3.874 8.912 -12.230
3 15 -3.874 8.912 -12.230 -3.921 9.150 -12.220 -3.300 9.150 -12.344
3 0 -3.250 8.223 -12.354 -3.300 8.529 -12.344 -3.062 8.576 -12.391
3 0 -3.062 8.576 -12.391 -2.740 8.339 -12.455 -3.250 8.223 -12.354
3 0 -2.740 8.339 -12.455 -3.062 8.576 -12.391 -2.861 8.711 -12.431
3 0 -2.307 8.670 -12.541 -2.740 8.339 -12.455 -2.861 8.711 -12.431
3 0 -2.861 8.711 -12.431 -2.726 8.912 -12.458 -2.307 8.670 -12.541
3 0 -2.019 9.166 -12.599 -2.307 8.670 -12.541 -2.726 8.912 -12.458
3 0 -2.726 8.912 -12.458 -2.679 9.150 -12.467 -2.019 9.166 -12.599
3 0 -2.019 9.166 -12.599 -2.679 9.150 -12.467 -2.726 9.388 -12.458
3 0 -2.726 9.388 -12.458 -1.917 9.750 -12.619 -2.019 9.166 -12.599
3 0 -2.861 9.589 -12.431 -2.019 10.334 -12.599 -1.917 9.750 -12.619
3 0 -1.917 9.750 -12.619 -2.726 9.388 -12.458 -2.861 9.589 -12.431
3 0 -2.019 10.334 -12.599 -2.861 9.589 -12.431 -3.062 9.724 -12.391
3 0 -3.062 9.724 -12.391 -2.307 10.830 -12.541 -2.019 10.334 -12.599
3 0 -3.062 9.724 -12.391 -3.300 9.771 -12.344 -2.740 11.161 -12.455
3 0 -2.740 11.161 -12.455 -2.307 10.830 -12.541 -3.062 9.724 -12.391
3 0 -3.250 11.277 -12.354 -2.740 11.161 -12.455 -3.300 9.771 -12.344
3 0 -3.300 9.771 -12.344 -3.760 11.161 -12.252 -3.250 11.277 -12.354
3 0 -3.538 9.724 -12.297 -4.193 10.830 -12.166 -3.760 11.161 -12.252
3 0 -3.760 11.161 -12.252 -3.300 9.771 -12.344 -3.538 9.724 -12.297
3 0 -3.538 9.724 -12.297 -3.739 9.589 -12.257 -4.482 10.334 -12.109
3 0 -4.482 10.334 -12.109 -4.193 10.830 -12.166 -3.538 9.724 -12.297
3 0 -3.739 9.589 -12.257 -3.874 9.388 -12.230 -4.583 9.750 -12.089
3 0 -4.583 9.750 -12.089 -4.482 10.334 -12.109 -3.739 9.589 -12.257
3 0 -3.874 9.388 -12.230 -3.921 9.150 -12.220 -4.482 9.166 -12.109
3 0 -4.482 9.166 -12.109 -4.583 9.750 -12.089 -3.874 9.388 -12.230
3 0 -3.921 9.150 -12.220 -3.874 8.912 -12.230 -4.193 8.670 -12.166
3 0 -4.193 8.670 -12.166 -4.482 9.166 -12.109 -3.921 9.150 -12.220
3 0 -3.739 8.711 -12.257 -3.760 8.339 -12.252 -4.193 8.670 -12.166
3 0 -4.193 8.670 -12.166 -3.874 8.912 -12.230 -3.739 8.711 -12.257
3 0 -3.538 8.576 -12.297 -3.250 8.223 -12.354 -3.760 8.339 -12.252
3 0 -3.760 8.339 -12.252 -3.739 8.711 -12.257 -3.538 8.576 -12.297
3 0 -3.250 8.223 -12.354 -3.538 8.576 -12.297 -3.300 8.529 -12.344
3 70 -3.750 6.800 -12.254 -4.250 6.650 -12.155 -4.550 7.400 -12.095
3 70 -4.550 7.400 -12.095 -4.000 7.600 -12.205 -3.750 6.800 -12.254
3 70 -4.000 7.600 -12.205 -3.350 7.950 -12.334 -3.150 7.100 -12.374
3 70 -3.150 7.100 -12.374 -3.750 6.800 -12.254 -4.000 7.600 -12.205
3 70 -3.350 7.950 -12.334 -2.900 8.150 -12.423 -2.550 7.350 -12.493
3 70 -2.550 7.350 -12.493 -3.150 7.100 -12.374 -3.350 7.950 -12.334
3 70 -2.550 7.350 -12.493 -2.900 8.150 -12.423 -2.400 8.300 -12.523
3 70 -2.050 7.400 -12.592 -2.550 7.350 -12.493 -2.400 8.300 -12.523
3 70 -2.400 8.300 -12.523 -2.050 8.300 -12.592 -2.050 7.400 -12.592
3 70 -1.800 8.150 -12.642 -1.600 7.800 -12.682 -2.050 7.400 -12.592
3 70 -2.050 7.400 -12.592 -2.050 8.300 -12.592 -1.800 8.150 -12.642
3 70 -1.500 7.350 -12.702 -2.050 7.400 -12.592 -1.600 7.800 -12.682
3 0 -3.000 15.200 -12.404 -3.050 15.475 -12.394 -2.200 15.450 -12.563
3 0 -2.200 15.450 -12.563 -2.100 15.250 -12.582 -3.000 15.200 -12.404
3 0 -2.100 15.250 -12.582 -2.325 14.700 -12.538 -2.800 15.000 -12.443
3 0 -2.800 15.000 -12.443 -3.000 15.200 -12.404 -2.100 15.250 -12.582
3 0 -1.850 15.150 -12.632 -1.750 14.550 -12.652 -2.325 14.700 -12.538
3 0 -2.325 14.700 -12.538 -2.100 15.250 -12.582 -1.850 15.150 -12.632
3 0 -1.450 15.075 -12.712 -1.050 14.500 -12.791 -1.750 14.550 -12.652
3 0 -1.750 14.550 -12.652 -1.850 15.150 -12.632 -1.450 15.075 -12.712
3 0 -2.200 15.450 -12.563 -3.050 15.475 -12.394 -3.000 15.775 -12.404
3 0 -2.175 15.650 -12.568 -2.200 15.450 -12.563 -3.000 15.775 -12.404
3 0 -3.000 15.775 -12.404 -2.700 16.150 -12.463 -2.175 15.650 -12.568
3 0 -1.900 15.850 -12.622 -2.175 15.650 -12.568 -2.700 16.150 -12.463
3 0 -2.700 16.150 -12.463 -2.250 16.450 -12.553 -1.900 15.850 -12.622
3 0 -1.450 15.925 -12.712 -1.900 15.850 -12.622 -2.250 16.450 -12.553
3 0 -2.250 16.450 -12.553 -1.575 16.600 -12.687 -1.450 15.925 -12.712
3 0 0.000 15.950 -13.000 -1.450 15.925 -12.712 -1.575 16.600 -12.687
3 0 -1.575 16.600 -12.687 -0.625 16.700 -12.876 0.000 15.950 -13.000
3 0 0.000 15.950 -13.000 -0.625 16.700 -12.876 0.000 16.725 -13.000
3 0 0.000 15.050 -13.000 0.000 14.500 -13.000 -1.050 14.500 -12.791
3 0 -1.050 14.500 -12.791 -1.450 15.075 -12.712 0.000 15.050 -13.000
3 15 -2.100 15.250 -12.582 -2.200 15.450 -12.563 -2.175 15.650 -12.568
3 15 -1.900 15.850 -12.622 -1.850 15.150 -12.632 -2.100 15.250 -12.582
3 15 -2.100 15.250 -12.582 -2.175 15.650 -12.568 -1.900 15.850 -12.622
3 15 -1.450 15.925 -12.712 -1.450 15.075 -12.712 -1.850 15.150 -12.632
3 15 -1.850 15.150 -12.632 -1.900 15.850 -12.622 -1.450 15.925 -12.712
3 15 0.000 15.950 -13.000 0.000 15.050 -13.000 -1.450 15.075 -12.712
3 15 -1.450 15.075 -12.712 -1.450 15.925 -12.712 0.000 15.950 -13.000
3 484 -0.450 5.950 -12.911 -0.666 5.734 -12.868 -0.756 5.950 -12.850
3 484 -0.756 5.950 -12.850 -0.666 6.166 -12.868 -0.450 5.950 -12.911
3 484 -0.450 6.256 -12.911 -0.234 6.166 -12.954 -0.450 5.950 -12.911
3 484 -0.450 5.950 -12.911 -0.666 6.166 -12.868 -0.450 6.256 -12.911
3 484 -0.144 5.950 -12.971 -0.234 5.734 -12.954 -0.450 5.950 -12.911
3 484 -0.450 5.950 -12.911 -0.234 6.166 -12.954 -0.144 5.950 -12.971
3 484 -0.450 5.644 -12.911 -0.666 5.734 -12.868 -0.450 5.950 -12.911
3 484 -0.450 5.950 -12.911 -0.234 5.734 -12.954 -0.450 5.644 -12.911
3 484 -4.650 13.500 -12.075 -4.866 13.284 -12.032 -4.956 13.500 -12.015
3 484 -4.956 13.500 -12.015 -4.866 13.716 -12.032 -4.650 13.500 -12.075
3 484 -4.650 13.806 -12.075 -4.434 13.716 -12.118 -4.650 13.500 -12.075
3 484 -4.650 13.500 -12.075 -4.866 13.716 -12.032 -4.650 13.806 -12.075
3 484 -4.344 13.500 -12.136 -4.434 13.284 -12.118 -4.650 13.500 -12.075
3 484 -4.650 13.500 -12.075 -4.434 13.716 -12.118 -4.344 13.500 -12.136
3 484 -4.650 13.194 -12.075 -4.866 13.284 -12.032 -4.650 13.500 -12.075
3 484 -4.650 13.500 -12.075 -4.434 13.284 -12.118 -4.650 13.194 -12.075
3 484 -3.800 16.250 -12.244 -4.016 16.034 -12.201 -4.106 16.250 -12.184
3 484 -4.106 16.250 -12.184 -4.016 16.466 -12.201 -3.800 16.250 -12.244
3 484 -3.800 16.556 -12.244 -3.584 16.466 -12.287 -3.800 16.250 -12.244
3 484 -3.800 16.250 -12.244 -4.016 16.466 -12.201 -3.800 16.556 -12.244
3 484 -3.494 16.250 -12.305 -3.584 16.034 -12.287 -3.800 16.250 -12.244
3 484 -3.800 16.250 -12.244 -3.584 16.466 -12.287 -3.494 16.250 -12.305
3 484 -3.800 15.944 -12.244 -4.016 16.034 -12.201 -3.800 16.250 -12.244
3 484 -3.800 16.250 -12.244 -3.584 16.034 -12.287 -3.800 15.944 -12.244
3 484 -3.800 11.500 -12.244 -4.450 11.450 -12.115 -4.000 11.750 -12.205
3 484 -4.000 11.750 -12.205 -3.500 11.850 -12.304 -3.800 11.500 -12.244
3 484 -2.600 11.200 -12.483 -3.200 11.450 -12.364 -2.650 11.600 -12.473
3 484 -2.650 11.600 -12.473 -2.350 11.300 -12.533 -2.600 11.200 -12.483
3 484 -2.150 10.900 -12.573 -2.600 11.200 -12.483 -2.350 11.300 -12.533
3 484 -3.500 11.850 -12.304 -3.000 11.750 -12.404 -3.200 11.450 -12.364
3 484 -3.200 11.450 -12.364 -3.800 11.500 -12.244 -3.500 11.850 -12.304
3 484 -3.200 11.450 -12.364 -3.000 11.750 -12.404 -2.650 11.600 -12.473
3 484 -0.900 8.350 -12.821 -1.350 8.550 -12.732 -0.650 8.600 -12.871
3 484 -0.500 8.150 -12.901 -0.900 8.350 -12.821 -0.650 8.600 -12.871
3 484 -0.650 8.600 -12.871 -0.250 8.450 -12.950 -0.500 8.150 -12.901
3 484 -0.500 8.150 -12.901 -0.250 8.450 -12.950 0.000 8.242 -13.000
3 484 0.000 8.242 -13.000 -0.200 7.850 -12.960 -0.500 8.150 -12.901
3 484 -1.800 16.900 -12.642 -1.689 17.000 -12.664 -1.267 17.000 -12.748
3 84 -3.500 14.900 -12.304 -3.450 14.200 -12.314 -3.800 14.300 -12.244
3 84 -3.800 14.300 -12.244 -3.950 15.050 -12.215 -3.500 14.900 -12.304
3 84 -2.850 14.450 -12.433 -2.850 13.850 -12.433 -3.150 13.900 -12.374
3 84 -3.150 13.900 -12.374 -3.300 14.600 -12.344 -2.850 14.450 -12.433
3 84 -2.100 14.100 -12.582 -2.050 13.500 -12.592 -2.350 13.550 -12.533
3 84 -2.350 13.550 -12.533 -2.550 14.250 -12.493 -2.100 14.100 -12.582
3 84 -1.300 13.950 -12.742 -1.250 13.300 -12.751 -1.550 13.350 -12.692
3 84 -1.550 13.350 -12.692 -1.750 14.050 -12.652 -1.300 13.950 -12.742
3 70 -4.550 7.400 -12.095 -4.600 6.550 -12.085 -4.975 6.557 -12.011
3 70 -4.975 6.557 -12.011 -4.975 7.353 -12.011 -4.550 7.400 -12.095
3 70 -4.600 6.550 -12.085 -4.550 7.400 -12.095 -4.250 6.650 -12.155
3 484 -0.050 7.600 -12.990 -0.200 7.850 -12.960 0.000 8.242 -13.000
3 484 0.000 7.450 -13.000 -0.050 7.600 -12.990 0.000 8.242 -13.000
3 15 3.874 9.388 -12.230 3.921 9.150 -12.220 3.300 9.150 -12.344
3 15 3.300 9.150 -12.344 3.739 9.589 -12.257 3.874 9.388 -12.230
3 15 3.300 9.150 -12.344 3.300 9.771 -12.344 3.538 9.724 -12.297
3 15 3.538 9.724 -12.297 3.739 9.589 -12.257 3.300 9.150 -12.344
3 15 3.062 9.724 -12.391 3.300 9.771 -12.344 3.300 9.150 -12.344
3 15 3.300 9.150 -12.344 2.861 9.589 -12.431 3.062 9.724 -12.391
3 15 3.300 9.150 -12.344 2.679 9.150 -12.467 2.726 9.388 -12.458
3 15 2.726 9.388 -12.458 2.861 9.589 -12.431 3.300 9.150 -12.344
3 15 3.300 9.150 -12.344 2.861 8.711 -12.431 2.726 8.912 -12.458
3 15 2.726 8.912 -12.458 2.679 9.150 -12.467 3.300 9.150 -12.344
3 15 3.300 9.150 -12.344 3.300 8.529 -12.344 3.062 8.576 -12.391
3 15 3.062 8.576 -12.391 2.861 8.711 -12.431 3.300 9.150 -12.344
3 15 3.538 8.576 -12.297 3.300 8.529 -12.344 3.300 9.150 -12.344
3 15 3.300 9.150 -12.344 3.739 8.711 -12.257 3.538 8.576 -12.297
3 15 3.874 8.912 -12.230 3.739 8.711 -12.257 3.300 9.150 -12.344
3 15 3.300 9.150 -12.344 3.921 9.150 -12.220 3.874 8.912 -12.230
3 0 3.062 8.576 -12.391 3.300 8.529 -12.344 3.250 8.223 -12.354
3 0 3.250 8.223 -12.354 2.740 8.339 -12.455 3.062 8.576 -12.391
3 0 2.740 8.339 -12.455 2.861 8.711 -12.431 3.062 8.576 -12.391
3 0 2.307 8.670 -12.541 2.726 8.912 -12.458 2.861 8.711 -12.431
3 0 2.861 8.711 -12.431 2.740 8.339 -12.455 2.307 8.670 -12.541
3 0 2.726 8.912 -12.458 2.307 8.670 -12.541 2.019 9.166 -12.599
3 0 2.019 9.166 -12.599 2.679 9.150 -12.467 2.726 8.912 -12.458
3 0 2.019 9.166 -12.599 1.917 9.750 -12.619 2.726 9.388 -12.458
3 0 2.726 9.388 -12.458 2.679 9.150 -12.467 2.019 9.166 -12.599
3 0 2.861 9.589 -12.431 2.726 9.388 -12.458 1.917 9.750 -12.619
3 0 1.917 9.750 -12.619 2.019 10.334 -12.599 2.861 9.589 -12.431
3 0 3.062 9.724 -12.391 2.861 9.589 -12.431 2.019 10.334 -12.599
3 0 2.019 10.334 -12.599 2.307 10.830 -12.541 3.062 9.724 -12.391
3 0 3.062 9.724 -12.391 2.307 10.830 -12.541 2.740 11.161 -12.455
3 0 2.740 11.161 -12.455 3.300 9.771 -12.344 3.062 9.724 -12.391
3 0 3.250 11.277 -12.354 3.760 11.161 -12.252 3.300 9.771 -12.344
3 0 3.300 9.771 -12.344 2.740 11.161 -12.455 3.250 11.277 -12.354
3 0 3.538 9.724 -12.297 3.300 9.771 -12.344 3.760 11.161 -12.252
3 0 3.760 11.161 -12.252 4.193 10.830 -12.166 3.538 9.724 -12.297
3 0 4.482 10.334 -12.109 3.739 9.589 -12.257 3.538 9.724 -12.297
3 0 3.538 9.724 -12.297 4.193 10.830 -12.166 4.482 10.334 -12.109
3 0 4.583 9.750 -12.089 3.874 9.388 -12.230 3.739 9.589 -12.257
3 0 3.739 9.589 -12.257 4.482 10.334 -12.109 4.583 9.750 -12.089
3 0 4.482 9.166 -12.109 3.921 9.150 -12.220 3.874 9.388 -12.230
3 0 3.874 9.388 -12.230 4.583 9.750 -12.089 4.482 9.166 -12.109
3 0 4.193 8.670 -12.166 3.874 8.912 -12.230 3.921 9.150 -12.220
3 0 3.921 9.150 -12.220 4.482 9.166 -12.109 4.193 8.670 -12.166
3 0 4.193 8.670 -12.166 3.760 8.339 -12.252 3.739 8.711 -12.257
3 0 3.739 8.711 -12.257 3.874 8.912 -12.230 4.193 8.670 -12.166
3 0 3.760 8.339 -12.252 3.250 8.223 -12.354 3.538 8.576 -12.297
3 0 3.538 8.576 -12.297 3.739 8.711 -12.257 3.760 8.339 -12.252
3 0 3.250 8.223 -12.354 3.300 8.529 -12.344 3.538 8.576 -12.297
3 70 3.750 6.800 -12.254 4.000 7.600 -12.205 4.550 7.400 -12.095
3 70 4.550 7.400 -12.095 4.250 6.650 -12.155 3.750 6.800 -12.254
3 70 4.000 7.600 -12.205 3.750 6.800 -12.254 3.150 7.100 -12.374
3 70 3.150 7.100 -12.374 3.350 7.950 -12.334 4.000 7.600 -12.205
3 70 2.550 7.350 -12.493 2.900 8.150 -12.423 3.350 7.950 -12.334
3 70 3.350 7.950 -12.334 3.150 7.100 -12.374 2.550 7.350 -12.493
3 70 2.550 7.350 -12.493 2.400 8.300 -12.523 2.900 8.150 -12.423
3 70 2.050 7.400 -12.592 2.050 8.300 -12.592 2.400 8.300 -12.523
3 70 2.400 8.300 -12.523 2.550 7.350 -12.493 2.050 7.400 -12.592
3 70 2.050 7.400 -12.592 1.600 7.800 -12.682 1.800 8.150 -12.642
3 70 1.800 8.150 -12.642 2.050 8.300 -12.592 2.050 7.400 -12.592
3 70 1.500 7.350 -12.702 1.600 7.800 -12.682 2.050 7.400 -12.592
3 0 2.200 15.450 -12.563 3.050 15.475 -12.394 3.000 15.200 -12.404
3 0 3.000 15.200 -12.404 2.100 15.250 -12.582 2.200 15.450 -12.563
3 0 2.100 15.250 -12.582 3.000 15.200 -12.404 2.800 15.000 -12.443
3 0 2.800 15.000 -12.443 2.325 14.700 -12.538 2.100 15.250 -12.582
3 0 2.325 14.700 -12.538 1.750 14.550 -12.652 1.850 15.150 -12.632
3 0 1.850 15.150 -12.632 2.100 15.250 -12.582 2.325 14.700 -12.538
3 0 1.450 15.075 -12.712 1.850 15.150 -12.632 1.750 14.550 -12.652
3 0 1.750 14.550 -12.652 1.050 14.500 -12.791 1.450 15.075 -12.712
3 0 2.200 15.450 -12.563 3.000 15.775 -12.404 3.050 15.475 -12.394
3 0 3.000 15.775 -12.404 2.200 15.450 -12.563 2.175 15.650 -12.568
3 0 2.175 15.650 -12.568 2.700 16.150 -12.463 3.000 15.775 -12.404
3 0 1.900 15.850 -12.622 2.250 16.450 -12.553 2.700 16.150 -12.463
3 0 2.700 16.150 -12.463 2.175 15.650 -12.568 1.900 15.850 -12.622
3 0 1.450 15.925 -12.712 1.575 16.600 -12.687 2.250 16.450 -12.553
3 0 2.250 16.450 -12.553 1.900 15.850 -12.622 1.450 15.925 -12.712
3 0 0.000 15.950 -13.000 0.625 16.700 -12.876 1.575 16.600 -12.687
3 0 1.575 16.600 -12.687 1.450 15.925 -12.712 0.000 15.950 -13.000
3 0 0.000 15.950 -13.000 0.000 16.725 -13.000 0.625 16.700 -12.876
3 0 0.000 15.050 -13.000 1.450 15.075 -12.712 1.050 14.500 -12.791
3 0 1.050 14.500 -12.791 0.000 14.500 -13.000 0.000 15.050 -13.000
3 15 2.100 15.250 -12.582 2.175 15.650 -12.568 2.200 15.450 -12.563
3 15 2.100 15.250 -12.582 1.850 15.150 -12.632 1.900 15.850 -12.622
3 15 1.900 15.850 -12.622 2.175 15.650 -12.568 2.100 15.250 -12.582
3 15 1.850 15.150 -12.632 1.450 15.075 -12.712 1.450 15.925 -12.712
3 15 1.450 15.925 -12.712 1.900 15.850 -12.622 1.850 15.150 -12.632
3 15 1.450 15.075 -12.712 0.000 15.050 -13.000 0.000 15.950 -13.000
3 15 0.000 15.950 -13.000 1.450 15.925 -12.712 1.450 15.075 -12.712
3 484 3.800 11.500 -12.244 3.500 11.850 -12.304 4.000 11.750 -12.205
3 484 4.000 11.750 -12.205 4.450 11.450 -12.115 3.800 11.500 -12.244
3 484 2.650 11.600 -12.473 3.200 11.450 -12.364 2.600 11.200 -12.483
3 484 2.600 11.200 -12.483 2.350 11.300 -12.533 2.650 11.600 -12.473
3 484 2.150 10.900 -12.573 2.350 11.300 -12.533 2.600 11.200 -12.483
3 484 3.200 11.450 -12.364 3.000 11.750 -12.404 3.500 11.850 -12.304
3 484 3.500 11.850 -12.304 3.800 11.500 -12.244 3.200 11.450 -12.364
3 484 3.200 11.450 -12.364 2.650 11.600 -12.473 3.000 11.750 -12.404
3 484 0.150 7.550 -12.970 0.050 7.300 -12.990 0.000 7.450 -13.000
3 484 0.000 7.450 -13.000 0.150 7.850 -12.970 0.150 7.550 -12.970
3 484 1.550 16.950 -12.692 1.325 17.000 -12.737 1.535 17.000 -12.695
3 484 1.580 17.000 -12.686 1.950 16.850 -12.612 1.550 16.950 -12.692
3 484 1.550 16.950 -12.692 1.535 17.000 -12.695 1.580 17.000 -12.686
3 484 1.950 16.850 -12.612 1.580 17.000 -12.686 1.843 17.000 -12.634
3 84 3.800 14.300 -12.244 3.450 14.200 -12.314 3.500 14.900 -12.304
3 84 3.500 14.900 -12.304 3.950 15.050 -12.215 3.800 14.300 -12.244
3 84 2.850 14.450 -12.433 3.300 14.600 -12.344 3.150 13.900 -12.374
3 84 3.150 13.900 -12.374 2.850 13.850 -12.433 2.850 14.450 -12.433
3 84 2.350 13.550 -12.533 2.050 13.500 -12.592 2.100 14.100 -12.582
3 84 2.100 14.100 -12.582 2.550 14.250 -12.493 2.350 13.550 -12.533
3 84 1.550 13.350 -12.692 1.250 13.300 -12.751 1.300 13.950 -12.742
3 84 1.300 13.950 -12.742 1.750 14.050 -12.652 1.550 13.350 -12.692
3 70 4.600 6.550 -12.085 4.250 6.650 -12.155 4.550 7.400 -12.095
3 70 4.975 7.353 -12.011 4.975 6.557 -12.011 4.600 6.550 -12.085
3 70 4.600 6.550 -12.085 4.550 7.400 -12.095 4.975 7.353 -12.011
3 484 0.000 7.450 -13.000 0.000 8.242 -13.000 0.150 7.850 -12.970
3 70 5.750 7.000 -11.493 5.300 6.650 -11.794 5.350 7.400 -11.760
3 70 5.350 7.400 -11.760 6.250 7.650 -11.159 5.750 7.000 -11.493
3 484 5.850 14.250 -11.426 5.634 14.034 -11.571 5.544 14.250 -11.631
3 484 5.544 14.250 -11.631 5.634 14.466 -11.571 5.850 14.250 -11.426
3 484 5.850 14.556 -11.426 6.066 14.466 -11.281 5.850 14.250 -11.426
3 484 5.850 14.250 -11.426 5.634 14.466 -11.571 5.850 14.556 -11.426
3 484 6.156 14.250 -11.222 6.066 14.034 -11.281 5.850 14.250 -11.426
3 484 5.850 14.250 -11.426 6.066 14.466 -11.281 6.156 14.250 -11.222
3 484 5.850 13.944 -11.426 5.634 14.034 -11.571 5.850 14.250 -11.426
3 484 5.850 14.250 -11.426 6.066 14.034 -11.281 5.850 13.944 -11.426
3 70 4.975 7.353 -12.011 5.350 7.400 -11.760 5.300 6.650 -11.794
3 70 5.300 6.650 -11.794 4.975 6.557 -12.011 4.975 7.353 -12.011
3 84 -0.450 19.150 -12.012 -0.100 19.100 -12.124 -0.250 18.750 -12.386
3 84 -0.250 18.750 -12.386 -0.600 18.800 -12.275 -0.450 19.150 -12.012
3 84 -0.313 18.531 -12.557 -0.432 18.531 -12.533 -0.600 18.800 -12.275
3 84 -0.600 18.800 -12.275 -0.250 18.750 -12.386 -0.313 18.531 -12.557
3 84 -0.432 18.531 -12.533 -0.677 18.531 -12.485 -0.600 18.800 -12.275
3 84 -1.200 19.150 -11.863 -0.850 19.100 -11.975 -1.000 18.750 -12.237
3 84 -1.000 18.750 -12.237 -1.350 18.800 -12.126 -1.200 19.150 -11.863
3 84 -1.350 18.800 -12.126 -1.000 18.750 -12.237 -1.063 18.531 -12.408
3 84 -1.063 18.531 -12.408 -1.182 18.531 -12.384 -1.350 18.800 -12.126
3 84 -1.182 18.531 -12.384 -1.427 18.531 -12.336 -1.350 18.800 -12.126
3 84 -1.850 18.700 -12.110 -2.200 18.750 -11.999 -2.050 19.150 -11.694
3 84 -2.050 19.150 -11.694 -1.700 19.100 -11.806 -1.850 18.700 -12.110
3 84 -2.200 18.750 -11.999 -1.850 18.700 -12.110 -1.892 18.531 -12.243
3 84 -1.892 18.531 -12.243 -2.078 18.531 -12.206 -2.200 18.750 -11.999
3 84 -2.078 18.531 -12.206 -2.255 18.531 -12.171 -2.200 18.750 -11.999
3 84 -2.850 19.150 -11.535 -2.500 19.100 -11.647 -2.650 18.700 -11.951
3 84 -2.650 18.700 -11.951 -3.000 18.750 -11.840 -2.850 19.150 -11.535
3 84 -3.000 18.750 -11.840 -2.650 18.700 -11.951 -2.692 18.531 -12.084
3 84 -2.692 18.531 -12.084 -2.878 18.531 -12.047 -3.000 18.750 -11.840
3 84 -2.878 18.531 -12.047 -3.055 18.531 -12.012 -3.000 18.750 -11.840
3 84 -3.650 19.150 -11.376 -3.300 19.100 -11.488 -3.500 18.650 -11.824
3 84 -3.500 18.650 -11.824 -3.850 18.700 -11.713 -3.650 19.150 -11.376
3 84 -3.536 18.531 -11.916 -3.789 18.531 -11.866 -3.850 18.700 -11.713
3 84 -3.850 18.700 -11.713 -3.500 18.650 -11.824 -3.536 18.531 -11.916
3 84 -3.789 18.531 -11.866 -3.901 18.531 -11.844 -3.850 18.700 -11.713
3 84 0.250 18.750 -12.386 0.100 19.100 -12.124 0.450 19.150 -12.012
3 84 0.450 19.150 -12.012 0.600 18.800 -12.275 0.250 18.750 -12.386
3 84 0.250 18.750 -12.386 0.600 18.800 -12.275 0.432 18.531 -12.533
3 84 0.432 18.531 -12.533 0.313 18.531 -12.557 0.250 18.750 -12.386
3 84 0.677 18.531 -12.485 0.432 18.531 -12.533 0.600 18.800 -12.275
3 84 1.200 19.150 -11.863 1.350 18.800 -12.126 1.000 18.750 -12.237
3 84 1.000 18.750 -12.237 0.850 19.100 -11.975 1.200 19.150 -11.863
3 84 1.182 18.531 -12.384 1.000 18.750 -12.237 1.350 18.800 -12.126
3 84 1.350 18.800 -12.126 1.427 18.531 -12.336 1.182 18.531 -12.384
3 84 1.182 18.531 -12.384 1.063 18.531 -12.408 1.000 18.750 -12.237
3 84 1.850 18.700 -12.110 1.700 19.100 -11.806 2.050 19.150 -11.694
3 84 2.050 19.150 -11.694 2.200 18.750 -11.999 1.850 18.700 -12.110
3 84 1.850 18.700 -12.110 2.200 18.750 -11.999 2.078 18.531 -12.206
3 84 2.078 18.531 -12.206 1.892 18.531 -12.243 1.850 18.700 -12.110
3 84 2.255 18.531 -12.171 2.078 18.531 -12.206 2.200 18.750 -11.999
3 84 2.650 18.700 -11.951 2.500 19.100 -11.647 2.850 19.150 -11.535
3 84 2.850 19.150 -11.535 3.000 18.750 -11.840 2.650 18.700 -11.951
3 84 2.878 18.531 -12.047 2.692 18.531 -12.084 2.650 18.700 -11.951
3 84 3.000 18.750 -11.840 3.055 18.531 -12.012 2.878 18.531 -12.047
3 84 2.878 18.531 -12.047 2.650 18.700 -11.951 3.000 18.750 -11.840
3 84 3.500 18.650 -11.824 3.300 19.100 -11.488 3.650 19.150 -11.376
3 84 3.650 19.150 -11.376 3.850 18.700 -11.713 3.500 18.650 -11.824
3 84 3.500 18.650 -11.824 3.850 18.700 -11.713 3.789 18.531 -11.866
3 84 3.789 18.531 -11.866 3.536 18.531 -11.916 3.500 18.650 -11.824
3 84 3.901 18.531 -11.844 3.789 18.531 -11.866 3.850 18.700 -11.713
3 484 -1.267 17.000 -12.748 -1.689 17.000 -12.664 -1.300 17.350 -12.654
3 484 -1.300 17.350 -12.654 -1.000 17.050 -12.789 -1.267 17.000 -12.748
3 484 -1.000 17.050 -12.789 -1.300 17.350 -12.654 -0.650 17.650 -12.709
3 484 -0.650 17.650 -12.709 -0.350 17.100 -12.906 -1.000 17.050 -12.789
3 84 -0.350 18.400 -12.582 -0.432 18.531 -12.533 -0.313 18.531 -12.557
3 84 -0.350 18.400 -12.582 -0.700 18.450 -12.500 -0.677 18.531 -12.485
3 84 -0.677 18.531 -12.485 -0.432 18.531 -12.533 -0.350 18.400 -12.582
3 84 -1.100 18.400 -12.433 -1.182 18.531 -12.384 -1.063 18.531 -12.408
3 84 -1.100 18.400 -12.433 -1.450 18.450 -12.351 -1.427 18.531 -12.336
3 84 -1.427 18.531 -12.336 -1.182 18.531 -12.384 -1.100 18.400 -12.433
3 84 -1.950 18.300 -12.289 -2.078 18.531 -12.206 -1.892 18.531 -12.243
3 84 -2.255 18.531 -12.171 -2.078 18.531 -12.206 -1.950 18.300 -12.289
3 84 -1.950 18.300 -12.289 -2.300 18.350 -12.207 -2.255 18.531 -12.171
3 84 -2.750 18.300 -12.130 -2.878 18.531 -12.047 -2.692 18.531 -12.084
3 84 -2.750 18.300 -12.130 -3.100 18.350 -12.048 -3.055 18.531 -12.012
3 84 -3.055 18.531 -12.012 -2.878 18.531 -12.047 -2.750 18.300 -12.130
3 84 -3.650 18.150 -11.988 -3.789 18.531 -11.866 -3.536 18.531 -11.916
3 84 -3.650 18.150 -11.988 -4.000 18.200 -11.906 -3.901 18.531 -11.844
3 84 -3.901 18.531 -11.844 -3.789 18.531 -11.866 -3.650 18.150 -11.988
3 484 0.000 17.696 -12.827 0.000 17.100 -12.975 -0.350 17.100 -12.906
3 484 -0.350 17.100 -12.906 -0.650 17.650 -12.709 0.000 17.696 -12.827
3 484 3.794 17.400 -12.146 3.884 17.616 -12.075 4.100 17.400 -12.085
3 484 4.100 17.400 -12.085 3.884 17.184 -12.182 3.794 17.400 -12.146
3 484 4.100 17.400 -12.085 3.884 17.616 -12.075 4.100 17.706 -12.009
3 484 4.316 17.616 -11.989 4.406 17.400 -12.024 4.100 17.400 -12.085
3 484 4.100 17.400 -12.085 4.100 17.706 -12.009 4.316 17.616 -11.989
3 484 4.316 17.184 -12.096 4.100 17.094 -12.161 4.100 17.400 -12.085
3 484 4.100 17.400 -12.085 4.406 17.400 -12.024 4.316 17.184 -12.096
3 484 4.100 17.094 -12.161 3.884 17.184 -12.182 4.100 17.400 -12.085
3 484 1.100 17.050 -12.769 0.400 17.100 -12.896 0.800 17.650 -12.679
3 484 0.800 17.650 -12.679 1.400 17.450 -12.610 1.100 17.050 -12.769
3 484 1.100 17.050 -12.769 1.400 17.450 -12.610 1.535 17.000 -12.695
3 484 1.535 17.000 -12.695 1.325 17.000 -12.737 1.100 17.050 -12.769
3 484 1.400 17.450 -12.610 1.700 17.200 -12.612 1.580 17.000 -12.686
3 484 1.580 17.000 -12.686 1.535 17.000 -12.695 1.400 17.450 -12.610
3 484 1.843 17.000 -12.634 1.580 17.000 -12.686 1.700 17.200 -12.612
3 84 0.432 18.531 -12.533 0.700 18.450 -12.500 0.350 18.400 -12.582
3 84 0.350 18.400 -12.582 0.313 18.531 -12.557 0.432 18.531 -12.533
3 84 0.700 18.450 -12.500 0.432 18.531 -12.533 0.677 18.531 -12.485
3 84 1.100 18.400 -12.433 1.063 18.531 -12.408 1.182 18.531 -12.384
3 84 1.450 18.450 -12.351 1.100 18.400 -12.433 1.182 18.531 -12.384
3 84 1.182 18.531 -12.384 1.427 18.531 -12.336 1.450 18.450 -12.351
3 84 1.950 18.300 -12.289 1.892 18.531 -12.243 2.078 18.531 -12.206
3 84 2.078 18.531 -12.206 2.300 18.350 -12.207 1.950 18.300 -12.289
3 84 2.300 18.350 -12.207 2.078 18.531 -12.206 2.255 18.531 -12.171
3 84 2.750 18.300 -12.130 2.692 18.531 -12.084 2.878 18.531 -12.047
3 84 3.100 18.350 -12.048 2.750 18.300 -12.130 2.878 18.531 -12.047
3 84 2.878 18.531 -12.047 3.055 18.531 -12.012 3.100 18.350 -12.048
3 84 3.789 18.531 -11.866 4.000 18.200 -11.906 3.650 18.150 -11.988
3 84 3.650 18.150 -11.988 3.536 18.531 -11.916 3.789 18.531 -11.866
3 84 4.000 18.200 -11.906 3.789 18.531 -11.866 3.901 18.531 -11.844
3 484 0.400 17.100 -12.896 0.000 17.100 -12.975 0.000 17.696 -12.827
3 484 0.000 17.696 -12.827 0.800 17.650 -12.679 0.400 17.100 -12.896
1 16 0.0000 0.0000 0.0000 1.0000 0.0000 0.0000 0.0000 1.0000 0.0000 0.0000 0.0000 1.0000 s/3626cs01.dat
1 16 0.0000 4.0000 0.0000 13.0000 0.0000 0.0000 0.0000 13.0000 0.0000 0.0000 0.0000 -13.0000 1-8cyli.dat
1 16 0.0000 4.0000 0.0000 -13.0000 0.0000 0.0000 0.0000 13.0000 0.0000 0.0000 0.0000 -13.0000 1-8cyli.dat
1 16 0.0000 4.0000 0.0000 0.0000 0.0000 -8.0000 0.0000 -6.4000 0.0000 -8.0000 0.0000 0.0000 t04o6250.dat
1 16 0.0000 4.0000 0.0000 8.0000 0.0000 0.0000 0.0000 -6.4000 0.0000 0.0000 0.0000 -8.0000 t04o6250.dat
1 16 0.0000 17.0000 0.0000 8.0000 0.0000 0.0000 0.0000 6.4000 0.0000 0.0000 0.0000 -8.0000 t08o6250.dat
1 16 0.0000 17.0000 0.0000 -8.0000 0.0000 0.0000 0.0000 6.4000 0.0000 0.0000 0.0000 -8.0000 t08o6250.dat
