0 FILE 3660oldpb01.dat
0 Slope, Inverted 45 2 x 2 with Round Bottom Tube with Black 'L-393' on Yellow Background Pattern (Sticker) - Set 393-1
0 Name:  3660oldpb01.dat
0 Author:  
0 BL_Item_No 3660oldpb01
0 BFC CERTIFY CCW
1 16 0.0000 0.0000 0.0000 1.0000 0.0000 0.0000 0.0000 1.0000 0.0000 0.0000 0.0000 1.0000 3660.dat
3 0 16.379 16.400 10.250 13.500 14.020 10.250 13.500 7.450 10.250
3 0 13.500 7.450 10.250 16.379 7.450 10.250 16.379 16.400 10.250
3 0 16.379 16.400 10.250 9.600 16.400 10.250 9.600 14.020 10.250
3 0 9.600 14.020 10.250 13.500 14.020 10.250 16.379 16.400 10.250
3 0 6.770 15.160 10.250 4.720 13.880 10.250 7.200 13.490 10.250
3 0 7.200 13.490 10.250 7.090 14.390 10.250 6.770 15.160 10.250
3 0 6.770 15.160 10.250 6.240 15.800 10.250 5.530 16.270 10.250
3 0 5.530 16.270 10.250 4.490 14.280 10.250 6.770 15.160 10.250
3 0 7.200 13.310 10.250 7.200 13.490 10.250 4.720 13.880 10.250
3 0 4.720 13.880 10.250 4.820 13.310 10.250 7.200 13.310 10.250
3 0 4.490 14.280 10.250 5.530 16.270 10.250 4.670 16.550 10.250
3 0 4.670 16.550 10.250 4.110 14.520 10.250 4.490 14.280 10.250
3 0 4.670 16.550 10.250 3.660 16.650 10.250 3.580 14.600 10.250
3 0 3.580 14.600 10.250 4.110 14.520 10.250 4.670 16.550 10.250
3 0 4.720 13.880 10.250 6.770 15.160 10.250 4.490 14.280 10.250
3 0 4.120 12.620 10.250 3.900 12.620 10.250 3.330 11.060 10.250
3 0 3.330 11.060 10.250 3.940 11.110 10.250 4.120 12.620 10.250
3 0 3.900 12.620 10.250 3.250 12.670 10.250 2.890 10.890 10.250
3 0 2.890 10.890 10.250 3.330 11.060 10.250 3.900 12.620 10.250
3 0 6.980 10.370 10.250 4.640 10.370 10.250 4.550 9.950 10.250
3 0 4.550 9.950 10.250 6.860 9.540 10.250 6.980 10.370 10.250
3 0 6.860 9.540 10.250 4.550 9.950 10.250 6.000 8.230 10.250
3 0 6.000 8.230 10.250 6.530 8.830 10.250 6.860 9.540 10.250
3 0 5.290 7.780 10.250 6.000 8.230 10.250 4.550 9.950 10.250
3 0 4.550 9.950 10.250 4.330 9.650 10.250 5.290 7.780 10.250
3 0 3.940 11.110 10.250 4.120 11.110 10.250 4.120 12.620 10.250
3 0 3.510 9.410 10.250 4.440 7.520 10.250 5.290 7.780 10.250
3 0 5.290 7.780 10.250 3.980 9.470 10.250 3.510 9.410 10.250
3 0 4.440 7.520 10.250 3.510 9.410 10.250 2.510 7.500 10.250
3 0 2.510 7.500 10.250 3.450 7.430 10.250 4.440 7.520 10.250
3 0 5.290 7.780 10.250 4.330 9.650 10.250 3.980 9.470 10.250
3 0 3.580 14.600 10.250 3.660 16.650 10.250 2.560 16.560 10.250
3 0 2.560 16.560 10.250 3.110 14.530 10.250 3.580 14.600 10.250
3 0 2.770 14.340 10.250 3.110 14.530 10.250 2.560 16.560 10.250
3 0 2.560 16.560 10.250 1.640 16.290 10.250 2.770 14.340 10.250
3 0 2.770 14.340 10.250 0.900 15.850 10.250 0.350 15.240 10.250
3 0 0.350 15.240 10.250 2.550 14.020 10.250 2.770 14.340 10.250
3 0 3.250 12.670 10.250 2.820 12.840 10.250 1.090 11.670 10.250
3 0 1.090 11.670 10.250 2.890 10.890 10.250 3.250 12.670 10.250
3 0 2.820 12.840 10.250 2.570 13.140 10.250 0.570 11.970 10.250
3 0 0.570 11.970 10.250 1.090 11.670 10.250 2.820 12.840 10.250
3 0 0.350 15.240 10.250 0.020 14.500 10.250 2.480 13.580 10.250
3 0 2.480 13.580 10.250 2.550 14.020 10.250 0.350 15.240 10.250
3 0 2.570 13.140 10.250 2.480 13.580 10.250 -0.020 12.940 10.250
3 0 -0.020 12.940 10.250 0.200 12.390 10.250 2.570 13.140 10.250
3 0 -0.020 12.940 10.250 2.480 13.580 10.250 0.020 14.500 10.250
3 0 0.020 14.500 10.250 -0.090 13.620 10.250 -0.020 12.940 10.250
3 0 2.770 14.340 10.250 1.640 16.290 10.250 0.900 15.850 10.250
3 0 0.570 11.970 10.250 2.570 13.140 10.250 0.200 12.390 10.250
3 0 2.630 10.610 10.250 2.890 10.890 10.250 1.090 11.670 10.250
3 0 2.630 10.610 10.250 1.090 11.670 10.250 0.670 11.370 10.250
3 0 0.670 11.370 10.250 2.540 10.220 10.250 2.630 10.610 10.250
3 0 1.030 8.120 10.250 1.710 7.740 10.250 2.510 7.500 10.250
3 0 2.510 7.500 10.250 2.790 9.620 10.250 1.030 8.120 10.250
3 0 2.540 10.220 10.250 0.530 8.640 10.250 1.030 8.120 10.250
3 0 1.030 8.120 10.250 2.790 9.620 10.250 2.540 10.220 10.250
3 0 2.510 7.500 10.250 3.510 9.410 10.250 2.790 9.620 10.250
3 0 0.370 10.980 10.250 0.190 10.520 10.250 0.130 9.971 10.250
3 0 0.130 9.971 10.250 2.540 10.220 10.250 0.370 10.980 10.250
3 0 0.530 8.640 10.250 2.540 10.220 10.250 0.130 9.971 10.250
3 0 0.130 9.971 10.250 0.230 9.250 10.250 0.530 8.640 10.250
3 0 2.540 10.220 10.250 0.670 11.370 10.250 0.370 10.980 10.250
3 0 -1.590 15.500 10.250 -3.350 14.110 10.250 -0.970 14.200 10.250
3 0 -0.970 14.200 10.250 -1.210 14.910 10.250 -1.590 15.500 10.250
3 0 -1.620 12.640 10.250 -3.440 11.050 10.250 -0.890 11.370 10.250
3 0 -0.890 11.370 10.250 -1.170 12.070 10.250 -1.620 12.640 10.250
3 0 -1.620 12.640 10.250 -2.230 13.080 10.250 -2.960 13.340 10.250
3 0 -2.960 13.340 10.250 -3.670 11.430 10.250 -1.620 12.640 10.250
3 0 -1.590 15.500 10.250 -2.120 15.990 10.250 -3.730 14.630 10.250
3 0 -3.730 14.630 10.250 -3.350 14.110 10.250 -1.590 15.500 10.250
3 0 -2.770 16.340 10.250 -3.530 16.550 10.250 -4.380 14.820 10.250
3 0 -4.380 14.820 10.250 -3.730 14.630 10.250 -2.770 16.340 10.250
3 0 -3.530 16.550 10.250 -4.400 16.620 10.250 -4.950 14.690 10.250
3 0 -4.950 14.690 10.250 -4.380 14.820 10.250 -3.530 16.550 10.250
3 0 -4.400 13.380 10.250 -4.030 11.660 10.250 -2.960 13.340 10.250
3 0 -2.960 13.340 10.250 -3.820 13.420 10.250 -4.400 13.380 10.250
3 0 -3.730 14.630 10.250 -2.120 15.990 10.250 -2.770 16.340 10.250
3 0 -0.910 9.660 10.250 -3.440 10.080 10.250 -1.760 8.270 10.250
3 0 -1.760 8.270 10.250 -1.230 8.900 10.250 -0.910 9.660 10.250
3 0 -0.910 9.660 10.250 -0.800 10.560 10.250 -0.890 11.370 10.250
3 0 -0.890 11.370 10.250 -3.370 10.560 10.250 -0.910 9.660 10.250
3 0 -1.760 8.270 10.250 -3.670 9.710 10.250 -3.360 7.530 10.250
3 0 -3.360 7.530 10.250 -2.480 7.810 10.250 -1.760 8.270 10.250
3 0 -3.440 11.050 10.250 -1.620 12.640 10.250 -3.670 11.430 10.250
3 0 -0.910 9.660 10.250 -3.370 10.560 10.250 -3.440 10.080 10.250
3 0 -3.670 9.710 10.250 -4.040 9.470 10.250 -4.400 7.440 10.250
3 0 -4.400 7.440 10.250 -3.360 7.530 10.250 -3.670 9.710 10.250
3 0 -1.760 8.270 10.250 -3.440 10.080 10.250 -3.670 9.710 10.250
3 0 -3.370 10.560 10.250 -0.890 11.370 10.250 -3.440 11.050 10.250
3 0 -3.670 11.430 10.250 -2.960 13.340 10.250 -4.030 11.660 10.250
3 0 -4.400 16.620 10.250 -5.550 16.490 10.250 -6.510 16.080 10.250
3 0 -6.510 16.080 10.250 -4.950 14.690 10.250 -4.400 16.620 10.250
3 0 -4.950 14.690 10.250 -6.510 16.080 10.250 -7.300 15.400 10.250
3 0 -7.300 15.400 10.250 -5.360 14.310 10.250 -4.950 14.690 10.250
3 0 -4.400 13.380 10.250 -4.920 13.260 10.250 -5.380 13.060 10.250
3 0 -5.380 13.060 10.250 -4.500 11.740 10.250 -4.400 13.380 10.250
3 0 -5.360 14.310 10.250 -7.300 15.400 10.250 -7.880 14.490 10.250
3 0 -7.880 14.490 10.250 -5.630 13.680 10.250 -5.360 14.310 10.250
3 0 -5.630 13.680 10.250 -8.230 13.350 10.250 -8.350 12.010 10.250
3 0 -8.350 12.010 10.250 -5.760 12.790 10.250 -5.630 13.680 10.250
3 0 -8.230 13.350 10.250 -5.630 13.680 10.250 -7.880 14.490 10.250
3 0 -8.350 12.010 10.250 -5.590 11.050 10.250 -5.350 11.420 10.250
3 0 -5.350 11.420 10.250 -5.760 12.790 10.250 -8.350 12.010 10.250
3 0 -5.760 12.790 10.250 -4.980 11.660 10.250 -4.500 11.740 10.250
3 0 -4.500 11.740 10.250 -5.380 13.060 10.250 -5.760 12.790 10.250
3 0 -5.350 11.420 10.250 -4.980 11.660 10.250 -5.760 12.790 10.250
3 0 -5.600 7.560 10.250 -4.400 7.440 10.250 -4.040 9.470 10.250
3 0 -4.040 9.470 10.250 -4.510 9.390 10.250 -5.600 7.560 10.250
3 0 -4.510 9.390 10.250 -4.990 9.470 10.250 -6.580 7.950 10.250
3 0 -6.580 7.950 10.250 -5.600 7.560 10.250 -4.510 9.390 10.250
3 0 -4.990 9.470 10.250 -5.360 9.710 10.250 -7.350 8.590 10.250
3 0 -7.350 8.590 10.250 -6.580 7.950 10.250 -4.990 9.470 10.250
3 0 -5.360 9.710 10.250 -5.590 10.080 10.250 -7.900 9.480 10.250
3 0 -7.900 9.480 10.250 -7.350 8.590 10.250 -5.360 9.710 10.250
3 0 -5.590 10.080 10.250 -5.670 10.580 10.250 -8.240 10.620 10.250
3 0 -8.240 10.620 10.250 -7.900 9.480 10.250 -5.590 10.080 10.250
3 0 -5.670 10.580 10.250 -5.590 11.050 10.250 -8.350 12.010 10.250
3 0 -8.350 12.010 10.250 -8.240 10.620 10.250 -5.670 10.580 10.250
3 0 -4.030 11.660 10.250 -4.400 13.380 10.250 -4.500 11.740 10.250
3 0 -9.580 15.160 10.250 -11.630 13.880 10.250 -9.160 13.490 10.250
3 0 -9.160 13.490 10.250 -9.260 14.390 10.250 -9.580 15.160 10.250
3 0 -9.580 15.160 10.250 -10.110 15.800 10.250 -10.830 16.270 10.250
3 0 -10.830 16.270 10.250 -11.860 14.280 10.250 -9.580 15.160 10.250
3 0 -9.160 13.310 10.250 -9.160 13.490 10.250 -11.630 13.880 10.250
3 0 -11.630 13.880 10.250 -11.540 13.310 10.250 -9.160 13.310 10.250
3 0 -11.860 14.280 10.250 -10.830 16.270 10.250 -11.690 16.550 10.250
3 0 -11.690 16.550 10.250 -12.240 14.520 10.250 -11.860 14.280 10.250
3 0 -11.690 16.550 10.250 -12.700 16.650 10.250 -12.780 14.600 10.250
3 0 -12.780 14.600 10.250 -12.240 14.520 10.250 -11.690 16.550 10.250
3 0 -11.630 13.880 10.250 -9.580 15.160 10.250 -11.860 14.280 10.250
3 0 -12.240 12.620 10.250 -12.450 12.620 10.250 -13.030 11.060 10.250
3 0 -13.030 11.060 10.250 -12.410 11.110 10.250 -12.240 12.620 10.250
3 0 -12.450 12.620 10.250 -13.100 12.670 10.250 -13.460 10.890 10.250
3 0 -13.460 10.890 10.250 -13.030 11.060 10.250 -12.450 12.620 10.250
3 0 -9.370 10.370 10.250 -11.710 10.370 10.250 -11.810 9.950 10.250
3 0 -11.810 9.950 10.250 -9.490 9.540 10.250 -9.370 10.370 10.250
3 0 -9.490 9.540 10.250 -11.810 9.950 10.250 -10.360 8.230 10.250
3 0 -10.360 8.230 10.250 -9.820 8.830 10.250 -9.490 9.540 10.250
3 0 -11.070 7.780 10.250 -10.360 8.230 10.250 -11.810 9.950 10.250
3 0 -11.810 9.950 10.250 -12.030 9.650 10.250 -11.070 7.780 10.250
3 0 -12.410 11.110 10.250 -12.240 11.110 10.250 -12.240 12.620 10.250
3 0 -12.840 9.410 10.250 -11.920 7.520 10.250 -11.070 7.780 10.250
3 0 -11.070 7.780 10.250 -12.370 9.470 10.250 -12.840 9.410 10.250
3 0 -11.920 7.520 10.250 -12.840 9.410 10.250 -13.840 7.500 10.250
3 0 -13.840 7.500 10.250 -12.900 7.430 10.250 -11.920 7.520 10.250
3 0 -11.070 7.780 10.250 -12.030 9.650 10.250 -12.370 9.470 10.250
3 0 -12.780 14.600 10.250 -12.700 16.650 10.250 -13.790 16.560 10.250
3 0 -13.790 16.560 10.250 -13.240 14.530 10.250 -12.780 14.600 10.250
3 0 -13.590 14.340 10.250 -13.240 14.530 10.250 -13.790 16.560 10.250
3 0 -13.790 16.560 10.250 -14.710 16.290 10.250 -13.590 14.340 10.250
3 0 -13.590 14.340 10.250 -15.460 15.850 10.250 -16.010 15.240 10.250
3 0 -16.010 15.240 10.250 -13.800 14.020 10.250 -13.590 14.340 10.250
3 0 -13.100 12.670 10.250 -13.540 12.840 10.250 -15.260 11.670 10.250
3 0 -15.260 11.670 10.250 -13.460 10.890 10.250 -13.100 12.670 10.250
3 0 -13.540 12.840 10.250 -13.790 13.140 10.250 -15.790 11.970 10.250
3 0 -15.790 11.970 10.250 -15.260 11.670 10.250 -13.540 12.840 10.250
3 0 -16.010 15.240 10.250 -16.340 14.500 10.250 -13.870 13.580 10.250
3 0 -13.870 13.580 10.250 -13.800 14.020 10.250 -16.010 15.240 10.250
3 0 -13.790 13.140 10.250 -13.870 13.580 10.250 -16.379 12.940 10.250
3 0 -16.379 12.940 10.250 -16.160 12.390 10.250 -13.790 13.140 10.250
3 0 -16.379 12.940 10.250 -13.870 13.580 10.250 -16.340 14.500 10.250
3 0 -16.340 14.500 10.250 -16.450 13.620 10.250 -16.379 12.940 10.250
3 0 -13.590 14.340 10.250 -14.710 16.290 10.250 -15.460 15.850 10.250
3 0 -15.790 11.970 10.250 -13.790 13.140 10.250 -16.160 12.390 10.250
3 0 -13.730 10.610 10.250 -13.460 10.890 10.250 -15.260 11.670 10.250
3 0 -13.730 10.610 10.250 -15.260 11.670 10.250 -15.680 11.370 10.250
3 0 -15.680 11.370 10.250 -13.810 10.220 10.250 -13.730 10.610 10.250
3 0 -15.320 8.120 10.250 -14.650 7.740 10.250 -13.840 7.500 10.250
3 0 -13.840 7.500 10.250 -13.570 9.620 10.250 -15.320 8.120 10.250
3 0 -13.810 10.220 10.250 -15.820 8.640 10.250 -15.320 8.120 10.250
3 0 -15.320 8.120 10.250 -13.570 9.620 10.250 -13.810 10.220 10.250
3 0 -13.840 7.500 10.250 -12.840 9.410 10.250 -13.570 9.620 10.250
3 0 -15.990 10.980 10.250 -16.170 10.520 10.250 -16.230 9.971 10.250
3 0 -16.230 9.971 10.250 -13.810 10.220 10.250 -15.990 10.980 10.250
3 0 -15.820 8.640 10.250 -13.810 10.220 10.250 -16.230 9.971 10.250
3 0 -16.230 9.971 10.250 -16.120 9.250 10.250 -15.820 8.640 10.250
3 0 -13.810 10.220 10.250 -15.680 11.370 10.250 -15.990 10.980 10.250
3 0 11.360 10.880 10.250 11.360 12.630 10.250 7.520 12.630 10.250
3 0 7.520 12.630 10.250 7.520 10.880 10.250 11.360 10.880 10.250
3 14 16.379 16.400 10.250 16.379 7.450 10.250 19.000 5.000 10.250
3 14 19.000 5.000 10.250 19.000 19.000 10.250 16.379 16.400 10.250
3 14 16.379 16.400 10.250 19.000 19.000 10.250 4.670 16.550 10.250
3 14 4.670 16.550 10.250 9.600 16.400 10.250 16.379 16.400 10.250
3 14 6.770 15.160 10.250 9.600 16.400 10.250 6.240 15.800 10.250
3 14 5.530 16.270 10.250 9.600 16.400 10.250 4.670 16.550 10.250
3 14 4.670 16.550 10.250 19.000 19.000 10.250 -19.000 19.000 10.250
3 14 -19.000 19.000 10.250 3.660 16.650 10.250 4.670 16.550 10.250
3 14 3.580 14.600 10.250 3.900 12.620 10.250 4.720 13.880 10.250
3 14 4.720 13.880 10.250 4.110 14.520 10.250 3.580 14.600 10.250
3 14 3.110 14.530 10.250 3.250 12.670 10.250 3.900 12.620 10.250
3 14 3.900 12.620 10.250 3.580 14.600 10.250 3.110 14.530 10.250
3 14 6.240 15.800 10.250 9.600 16.400 10.250 5.530 16.270 10.250
3 14 3.660 16.650 10.250 -19.000 19.000 10.250 -3.530 16.550 10.250
3 14 -3.530 16.550 10.250 2.560 16.560 10.250 3.660 16.650 10.250
3 14 7.520 12.630 10.250 7.200 13.310 10.250 6.980 10.370 10.250
3 14 6.980 10.370 10.250 7.520 10.880 10.250 7.520 12.630 10.250
3 14 4.720 13.880 10.250 3.900 12.620 10.250 4.120 12.620 10.250
3 14 4.120 12.620 10.250 4.820 13.310 10.250 4.720 13.880 10.250
3 14 4.720 13.880 10.250 4.490 14.280 10.250 4.110 14.520 10.250
3 14 7.200 13.310 10.250 4.820 13.310 10.250 4.120 11.110 10.250
3 14 4.120 11.110 10.250 6.980 10.370 10.250 7.200 13.310 10.250
3 14 4.120 11.110 10.250 4.820 13.310 10.250 4.120 12.620 10.250
3 14 2.560 16.560 10.250 -2.770 16.340 10.250 -2.120 15.990 10.250
3 14 -2.120 15.990 10.250 1.640 16.290 10.250 2.560 16.560 10.250
3 14 1.640 16.290 10.250 -2.120 15.990 10.250 -1.590 15.500 10.250
3 14 -1.590 15.500 10.250 0.900 15.850 10.250 1.640 16.290 10.250
3 14 2.770 14.340 10.250 2.550 14.020 10.250 2.480 13.580 10.250
3 14 2.480 13.580 10.250 3.110 14.530 10.250 2.770 14.340 10.250
3 14 0.900 15.850 10.250 -1.590 15.500 10.250 -1.210 14.910 10.250
3 14 -1.210 14.910 10.250 0.350 15.240 10.250 0.900 15.850 10.250
3 14 -2.770 16.340 10.250 2.560 16.560 10.250 -3.530 16.550 10.250
3 14 0.350 15.240 10.250 -1.210 14.910 10.250 -0.970 14.200 10.250
3 14 -0.970 14.200 10.250 0.020 14.500 10.250 0.350 15.240 10.250
3 14 3.250 12.670 10.250 2.480 13.580 10.250 2.570 13.140 10.250
3 14 2.570 13.140 10.250 2.820 12.840 10.250 3.250 12.670 10.250
3 14 0.200 12.390 10.250 -0.020 12.940 10.250 -1.620 12.640 10.250
3 14 -1.620 12.640 10.250 -1.170 12.070 10.250 0.200 12.390 10.250
3 14 -0.090 13.620 10.250 -0.970 14.200 10.250 -2.230 13.080 10.250
3 14 -2.230 13.080 10.250 -1.620 12.640 10.250 -0.090 13.620 10.250
3 14 -0.970 14.200 10.250 -3.350 14.110 10.250 -2.960 13.340 10.250
3 14 -2.960 13.340 10.250 -2.230 13.080 10.250 -0.970 14.200 10.250
3 14 -1.620 12.640 10.250 -0.020 12.940 10.250 -0.090 13.620 10.250
3 14 -0.090 13.620 10.250 0.020 14.500 10.250 -0.970 14.200 10.250
3 14 -2.960 13.340 10.250 -3.350 14.110 10.250 -3.730 14.630 10.250
3 14 -3.730 14.630 10.250 -3.820 13.420 10.250 -2.960 13.340 10.250
3 14 3.250 12.670 10.250 3.110 14.530 10.250 2.480 13.580 10.250
3 14 11.360 10.880 10.250 7.520 10.880 10.250 6.980 10.370 10.250
3 14 6.980 10.370 10.250 6.860 9.540 10.250 11.360 10.880 10.250
3 14 6.980 10.370 10.250 4.120 11.110 10.250 3.940 11.110 10.250
3 14 3.940 11.110 10.250 4.640 10.370 10.250 6.980 10.370 10.250
3 14 4.330 9.650 10.250 4.550 9.950 10.250 3.940 11.110 10.250
3 14 3.940 11.110 10.250 3.980 9.470 10.250 4.330 9.650 10.250
3 14 4.550 9.950 10.250 4.640 10.370 10.250 3.940 11.110 10.250
3 14 3.940 11.110 10.250 3.330 11.060 10.250 3.510 9.410 10.250
3 14 3.510 9.410 10.250 3.980 9.470 10.250 3.940 11.110 10.250
3 14 2.630 10.610 10.250 2.540 10.220 10.250 3.510 9.410 10.250
3 14 3.510 9.410 10.250 2.890 10.890 10.250 2.630 10.610 10.250
3 14 3.510 9.410 10.250 3.330 11.060 10.250 2.890 10.890 10.250
3 14 6.000 8.230 10.250 13.500 7.450 10.250 11.360 10.880 10.250
3 14 11.360 10.880 10.250 6.530 8.830 10.250 6.000 8.230 10.250
3 14 19.000 5.000 10.250 16.379 7.450 10.250 13.500 7.450 10.250
3 14 19.000 5.000 10.250 13.500 7.450 10.250 6.000 8.230 10.250
3 14 6.000 8.230 10.250 5.290 7.780 10.250 19.000 5.000 10.250
3 14 6.530 8.830 10.250 11.360 10.880 10.250 6.860 9.540 10.250
3 14 4.440 7.520 10.250 3.450 7.430 10.250 -19.000 5.000 10.250
3 14 -19.000 5.000 10.250 19.000 5.000 10.250 4.440 7.520 10.250
3 14 19.000 5.000 10.250 5.290 7.780 10.250 4.440 7.520 10.250
3 14 3.510 9.410 10.250 2.540 10.220 10.250 2.790 9.620 10.250
3 14 13.500 7.450 10.250 13.500 14.020 10.250 11.360 12.630 10.250
3 14 11.360 12.630 10.250 11.360 10.880 10.250 13.500 7.450 10.250
3 14 0.670 11.370 10.250 1.090 11.670 10.250 0.570 11.970 10.250
3 14 0.670 11.370 10.250 0.570 11.970 10.250 -0.890 11.370 10.250
3 14 -0.890 11.370 10.250 0.370 10.980 10.250 0.670 11.370 10.250
3 14 0.190 10.520 10.250 0.370 10.980 10.250 -0.890 11.370 10.250
3 14 -0.890 11.370 10.250 -0.800 10.560 10.250 0.190 10.520 10.250
3 14 0.190 10.520 10.250 -0.800 10.560 10.250 -0.910 9.660 10.250
3 14 -0.910 9.660 10.250 0.130 9.971 10.250 0.190 10.520 10.250
3 14 0.570 11.970 10.250 0.200 12.390 10.250 -1.170 12.070 10.250
3 14 -1.170 12.070 10.250 -0.890 11.370 10.250 0.570 11.970 10.250
3 14 -3.440 11.050 10.250 -4.500 11.740 10.250 -5.670 10.580 10.250
3 14 -5.670 10.580 10.250 -3.370 10.560 10.250 -3.440 11.050 10.250
3 14 -3.670 9.710 10.250 -3.440 10.080 10.250 -4.510 9.390 10.250
3 14 -4.510 9.390 10.250 -4.040 9.470 10.250 -3.670 9.710 10.250
3 14 -3.440 10.080 10.250 -3.370 10.560 10.250 -5.670 10.580 10.250
3 14 -5.670 10.580 10.250 -4.510 9.390 10.250 -3.440 10.080 10.250
3 14 0.130 9.971 10.250 -0.910 9.660 10.250 -1.230 8.900 10.250
3 14 -1.230 8.900 10.250 0.230 9.250 10.250 0.130 9.971 10.250
3 14 0.230 9.250 10.250 -1.230 8.900 10.250 -1.760 8.270 10.250
3 14 -1.760 8.270 10.250 0.530 8.640 10.250 0.230 9.250 10.250
3 14 1.030 8.120 10.250 -2.480 7.810 10.250 -3.360 7.530 10.250
3 14 -3.360 7.530 10.250 1.710 7.740 10.250 1.030 8.120 10.250
3 14 1.710 7.740 10.250 -3.360 7.530 10.250 -19.000 5.000 10.250
3 14 -19.000 5.000 10.250 2.510 7.500 10.250 1.710 7.740 10.250
3 14 0.530 8.640 10.250 -1.760 8.270 10.250 -2.480 7.810 10.250
3 14 -2.480 7.810 10.250 1.030 8.120 10.250 0.530 8.640 10.250
3 14 -19.000 5.000 10.250 3.450 7.430 10.250 2.510 7.500 10.250
3 14 -3.670 11.430 10.250 -4.030 11.660 10.250 -4.500 11.740 10.250
3 14 -4.500 11.740 10.250 -3.440 11.050 10.250 -3.670 11.430 10.250
3 14 -11.690 16.550 10.250 -10.830 16.270 10.250 -6.510 16.080 10.250
3 14 -6.510 16.080 10.250 -5.550 16.490 10.250 -11.690 16.550 10.250
3 14 -3.730 14.630 10.250 -4.380 14.820 10.250 -4.950 14.690 10.250
3 14 -4.950 14.690 10.250 -4.400 13.380 10.250 -3.730 14.630 10.250
3 14 -7.300 15.400 10.250 -6.510 16.080 10.250 -10.830 16.270 10.250
3 14 -10.830 16.270 10.250 -10.110 15.800 10.250 -7.300 15.400 10.250
3 14 -10.110 15.800 10.250 -9.580 15.160 10.250 -7.880 14.490 10.250
3 14 -7.880 14.490 10.250 -7.300 15.400 10.250 -10.110 15.800 10.250
3 14 -9.580 15.160 10.250 -9.260 14.390 10.250 -8.230 13.350 10.250
3 14 -8.230 13.350 10.250 -7.880 14.490 10.250 -9.580 15.160 10.250
3 14 -4.400 16.620 10.250 -19.000 19.000 10.250 -11.690 16.550 10.250
3 14 -11.690 16.550 10.250 -5.550 16.490 10.250 -4.400 16.620 10.250
3 14 -4.400 13.380 10.250 -3.820 13.420 10.250 -3.730 14.630 10.250
3 14 -4.950 14.690 10.250 -5.360 14.310 10.250 -4.920 13.260 10.250
3 14 -4.920 13.260 10.250 -4.400 13.380 10.250 -4.950 14.690 10.250
3 14 -5.360 14.310 10.250 -5.630 13.680 10.250 -5.380 13.060 10.250
3 14 -5.380 13.060 10.250 -4.920 13.260 10.250 -5.360 14.310 10.250
3 14 -5.760 12.790 10.250 -5.380 13.060 10.250 -5.630 13.680 10.250
3 14 -9.160 13.490 10.250 -9.160 13.310 10.250 -8.350 12.010 10.250
3 14 -8.350 12.010 10.250 -8.230 13.350 10.250 -9.160 13.490 10.250
3 14 -8.350 12.010 10.250 -9.160 13.310 10.250 -11.540 13.310 10.250
3 14 -11.540 13.310 10.250 -9.370 10.370 10.250 -8.350 12.010 10.250
3 14 -8.230 13.350 10.250 -9.260 14.390 10.250 -9.160 13.490 10.250
3 14 -11.690 16.550 10.250 -19.000 19.000 10.250 -12.700 16.650 10.250
3 14 -12.240 14.520 10.250 -12.780 14.600 10.250 -13.100 12.670 10.250
3 14 -13.100 12.670 10.250 -12.450 12.620 10.250 -12.240 14.520 10.250
3 14 -12.780 14.600 10.250 -13.240 14.530 10.250 -13.870 13.580 10.250
3 14 -13.870 13.580 10.250 -13.100 12.670 10.250 -12.780 14.600 10.250
3 14 -13.590 14.340 10.250 -13.800 14.020 10.250 -13.870 13.580 10.250
3 14 -13.870 13.580 10.250 -13.240 14.530 10.250 -13.590 14.340 10.250
3 14 -14.710 16.290 10.250 -13.790 16.560 10.250 -19.000 19.000 10.250
3 14 -13.790 16.560 10.250 -12.700 16.650 10.250 -19.000 19.000 10.250
3 14 -15.460 15.850 10.250 -14.710 16.290 10.250 -19.000 19.000 10.250
3 14 -16.010 15.240 10.250 -15.460 15.850 10.250 -19.000 19.000 10.250
3 14 -16.340 14.500 10.250 -16.010 15.240 10.250 -19.000 19.000 10.250
3 14 -16.340 14.500 10.250 -19.000 19.000 10.250 -19.000 5.000 10.250
3 14 -19.000 5.000 10.250 -16.450 13.620 10.250 -16.340 14.500 10.250
3 14 -11.860 14.280 10.250 -12.240 14.520 10.250 -12.450 12.620 10.250
3 14 -12.450 12.620 10.250 -11.630 13.880 10.250 -11.860 14.280 10.250
3 14 -13.100 12.670 10.250 -13.870 13.580 10.250 -13.790 13.140 10.250
3 14 -13.790 13.140 10.250 -13.540 12.840 10.250 -13.100 12.670 10.250
3 14 -12.240 12.620 10.250 -11.540 13.310 10.250 -11.630 13.880 10.250
3 14 -11.630 13.880 10.250 -12.450 12.620 10.250 -12.240 12.620 10.250
3 14 -16.160 12.390 10.250 -16.379 12.940 10.250 -16.230 9.971 10.250
3 14 -16.230 9.971 10.250 -16.170 10.520 10.250 -16.160 12.390 10.250
3 14 -16.450 13.620 10.250 -19.000 5.000 10.250 -16.230 9.971 10.250
3 14 -16.230 9.971 10.250 -16.379 12.940 10.250 -16.450 13.620 10.250
3 14 -12.240 12.620 10.250 -12.240 11.110 10.250 -9.370 10.370 10.250
3 14 -9.370 10.370 10.250 -11.540 13.310 10.250 -12.240 12.620 10.250
3 14 -3.530 16.550 10.250 -19.000 19.000 10.250 -4.400 16.620 10.250
3 14 -4.500 11.740 10.250 -4.980 11.660 10.250 -5.590 11.050 10.250
3 14 -5.590 11.050 10.250 -5.670 10.580 10.250 -4.500 11.740 10.250
3 14 -5.590 11.050 10.250 -4.980 11.660 10.250 -5.350 11.420 10.250
3 14 -5.360 9.710 10.250 -4.990 9.470 10.250 -4.510 9.390 10.250
3 14 -4.510 9.390 10.250 -5.590 10.080 10.250 -5.360 9.710 10.250
3 14 -9.370 10.370 10.250 -12.240 11.110 10.250 -12.410 11.110 10.250
3 14 -12.410 11.110 10.250 -11.710 10.370 10.250 -9.370 10.370 10.250
3 14 -8.240 10.620 10.250 -9.370 10.370 10.250 -9.490 9.540 10.250
3 14 -9.490 9.540 10.250 -7.900 9.480 10.250 -8.240 10.620 10.250
3 14 -11.710 10.370 10.250 -12.410 11.110 10.250 -12.370 9.470 10.250
3 14 -12.370 9.470 10.250 -11.810 9.950 10.250 -11.710 10.370 10.250
3 14 -9.370 10.370 10.250 -8.240 10.620 10.250 -8.350 12.010 10.250
3 14 -4.510 9.390 10.250 -5.670 10.580 10.250 -5.590 10.080 10.250
3 14 -5.600 7.560 10.250 -6.580 7.950 10.250 -10.360 8.230 10.250
3 14 -10.360 8.230 10.250 -11.070 7.780 10.250 -5.600 7.560 10.250
3 14 -4.400 7.440 10.250 -5.600 7.560 10.250 -11.920 7.520 10.250
3 14 -11.920 7.520 10.250 -19.000 5.000 10.250 -4.400 7.440 10.250
3 14 -9.490 9.540 10.250 -9.820 8.830 10.250 -7.350 8.590 10.250
3 14 -7.350 8.590 10.250 -7.900 9.480 10.250 -9.490 9.540 10.250
3 14 -9.820 8.830 10.250 -10.360 8.230 10.250 -6.580 7.950 10.250
3 14 -6.580 7.950 10.250 -7.350 8.590 10.250 -9.820 8.830 10.250
3 14 -11.920 7.520 10.250 -5.600 7.560 10.250 -11.070 7.780 10.250
3 14 -12.410 11.110 10.250 -13.030 11.060 10.250 -12.840 9.410 10.250
3 14 -12.840 9.410 10.250 -12.370 9.470 10.250 -12.410 11.110 10.250
3 14 -13.730 10.610 10.250 -13.810 10.220 10.250 -12.840 9.410 10.250
3 14 -12.840 9.410 10.250 -13.460 10.890 10.250 -13.730 10.610 10.250
3 14 -12.840 9.410 10.250 -13.030 11.060 10.250 -13.460 10.890 10.250
3 14 -15.680 11.370 10.250 -15.260 11.670 10.250 -15.790 11.970 10.250
3 14 -15.680 11.370 10.250 -15.790 11.970 10.250 -16.160 12.390 10.250
3 14 -16.160 12.390 10.250 -15.990 10.980 10.250 -15.680 11.370 10.250
3 14 -16.170 10.520 10.250 -15.990 10.980 10.250 -16.160 12.390 10.250
3 14 -12.370 9.470 10.250 -12.030 9.650 10.250 -11.810 9.950 10.250
3 14 -12.840 9.410 10.250 -13.810 10.220 10.250 -13.570 9.620 10.250
3 14 -19.000 5.000 10.250 -11.920 7.520 10.250 -12.900 7.430 10.250
3 14 -19.000 5.000 10.250 -15.820 8.640 10.250 -16.120 9.250 10.250
3 14 -19.000 5.000 10.250 -15.320 8.120 10.250 -15.820 8.640 10.250
3 14 -19.000 5.000 10.250 -13.840 7.500 10.250 -14.650 7.740 10.250
3 14 -19.000 5.000 10.250 -14.650 7.740 10.250 -15.320 8.120 10.250
3 14 -19.000 5.000 10.250 -12.900 7.430 10.250 -13.840 7.500 10.250
3 14 -19.000 5.000 10.250 -16.120 9.250 10.250 -16.230 9.971 10.250
3 14 -19.000 5.000 10.250 -3.360 7.530 10.250 -4.400 7.440 10.250
3 14 13.500 14.020 10.250 9.600 14.020 10.250 7.520 12.630 10.250
3 14 7.520 12.630 10.250 11.360 12.630 10.250 13.500 14.020 10.250
3 14 7.200 13.490 10.250 7.200 13.310 10.250 7.520 12.630 10.250
3 14 7.520 12.630 10.250 9.600 14.020 10.250 7.200 13.490 10.250
3 14 7.200 13.490 10.250 9.600 14.020 10.250 9.600 16.400 10.250
3 14 9.600 16.400 10.250 7.090 14.390 10.250 7.200 13.490 10.250
3 14 7.090 14.390 10.250 9.600 16.400 10.250 6.770 15.160 10.250
1 16 0.0000 12.0000 10.2500 -19.0000 0.0000 0.0000 0.0000 0.0000 -7.0000 0.0000 -0.2500 0.0000 box5-12.dat
