0 FILE 3755pb04.dat
0 Brick 1 x 3 x 5 with Numbered Scale Pattern (Sticker) - Set 4565
0 Name:  3755pb04.dat
0 Author:  
0 BL_Item_No 3755pb04
0 BFC CERTIFY CCW
1 16 0.0000 0.0000 0.0000 1.0000 0.0000 0.0000 0.0000 1.0000 0.0000 0.0000 0.0000 1.0000 3755.dat
3 16 -15.170 75.280 -10.250 -17.550 75.120 -10.250 -13.880 93.600 -10.250
3 16 -15.170 75.280 -10.250 -13.880 93.600 -10.250 -12.790 75.120 -10.250
3 16 -12.790 75.120 -10.250 -13.880 93.600 -10.250 -10.470 74.660 -10.250
3 16 -13.880 93.600 -10.250 -17.550 75.120 -10.250 -19.880 74.660 -10.250
3 16 -12.370 48.830 -10.250 -17.970 48.830 -10.250 -17.970 50.900 -10.250
3 16 -17.970 50.900 -10.250 -12.370 50.900 -10.250 -12.370 48.830 -10.250
3 16 15.820 37.830 -10.250 10.200 40.310 -10.250 10.550 41.030 -10.250
3 16 10.550 41.030 -10.250 16.919 38.580 -10.250 15.820 37.830 -10.250
3 16 16.919 33.971 -10.250 15.210 36.460 -10.250 15.820 37.830 -10.250
3 16 15.820 37.830 -10.250 16.919 38.580 -10.250 16.919 33.971 -10.250
3 16 15.210 36.460 -10.250 16.919 33.971 -10.250 16.919 32.980 -10.250
3 16 7.470 34.790 -10.250 15.210 36.460 -10.250 16.919 32.980 -10.250
3 16 16.919 32.980 -10.250 10.970 27.150 -10.250 7.470 34.790 -10.250
3 16 15.210 36.460 -10.250 7.470 34.790 -10.250 9.530 38.970 -10.250
3 16 7.470 34.790 -10.250 10.970 27.150 -10.250 9.730 27.030 -10.250
3 16 9.730 27.030 -10.250 4.730 30.680 -10.250 7.470 34.790 -10.250
3 16 10.970 27.150 -10.250 16.919 32.980 -10.250 12.930 27.150 -10.250
3 16 14.890 27.150 -10.250 12.930 27.150 -10.250 16.919 32.980 -10.250
3 16 16.919 32.980 -10.250 21.001 32.980 -10.250 14.890 27.150 -10.250
3 16 12.930 21.550 -10.250 14.890 21.550 -10.250 29.000 1.000 -10.250
3 16 29.000 1.000 -10.250 5.610 14.188 -10.250 12.930 21.550 -10.250
3 16 5.610 14.188 -10.250 5.610 17.100 -10.250 10.970 21.550 -10.250
3 16 10.970 21.550 -10.250 12.930 21.550 -10.250 5.610 14.188 -10.250
3 16 10.970 27.150 -10.250 10.970 25.453 -10.250 8.850 25.810 -10.250
3 16 8.850 25.810 -10.250 9.730 27.030 -10.250 10.970 27.150 -10.250
3 16 10.970 21.550 -10.250 5.610 17.100 -10.250 3.465 17.100 -10.250
3 16 3.465 17.100 -10.250 10.970 25.453 -10.250 10.970 21.550 -10.250
3 16 10.970 25.453 -10.250 3.465 17.100 -10.250 1.530 17.730 -10.250
3 16 1.530 17.730 -10.250 8.850 25.810 -10.250 10.970 25.453 -10.250
3 16 8.850 25.810 -10.250 1.530 17.730 -10.250 -2.620 22.330 -10.250
3 16 -2.620 22.330 -10.250 -0.980 23.770 -10.250 8.850 25.810 -10.250
3 16 5.610 11.500 -10.250 5.610 14.188 -10.250 29.000 1.000 -10.250
3 16 -3.500 2.250 -10.250 -3.500 5.061 -10.250 5.610 11.500 -10.250
3 16 5.610 11.500 -10.250 29.000 1.000 -10.250 -3.500 2.250 -10.250
3 16 5.610 11.500 -10.250 -3.500 5.061 -10.250 3.583 11.500 -10.250
3 16 -3.500 5.061 -10.250 -3.500 7.850 -10.250 1.690 11.500 -10.250
3 16 1.690 11.500 -10.250 3.583 11.500 -10.250 -3.500 5.061 -10.250
3 16 -5.460 7.850 -10.250 1.690 13.421 -10.250 1.690 11.500 -10.250
3 16 1.690 11.500 -10.250 -3.500 7.850 -10.250 -5.460 7.850 -10.250
3 16 1.690 17.100 -10.250 1.530 17.730 -10.250 3.465 17.100 -10.250
3 16 0.420 16.730 -10.250 1.530 17.730 -10.250 1.690 17.100 -10.250
3 16 1.690 17.100 -10.250 1.690 13.421 -10.250 0.420 16.730 -10.250
3 16 -8.420 10.340 -10.250 0.420 16.730 -10.250 1.690 13.421 -10.250
3 16 1.690 13.421 -10.250 -5.460 7.850 -10.250 -8.420 10.340 -10.250
3 16 0.420 16.730 -10.250 -8.420 10.340 -10.250 -6.210 19.180 -10.250
3 16 -6.210 19.180 -10.250 -3.750 21.340 -10.250 0.420 16.730 -10.250
3 16 -6.210 19.180 -10.250 -8.420 10.340 -10.250 -11.460 15.680 -10.250
3 16 -7.420 7.850 -10.250 -9.720 9.590 -10.250 -8.420 10.340 -10.250
3 16 -8.420 10.340 -10.250 -5.460 7.850 -10.250 -7.420 7.850 -10.250
3 16 -9.112 2.250 -10.250 -7.420 5.050 -10.250 -7.420 2.250 -10.250
3 16 -7.420 2.250 -10.250 -8.000 1.000 -10.250 -9.112 2.250 -10.250
3 16 -9.112 7.850 -10.250 -7.420 7.850 -10.250 -7.420 5.050 -10.250
3 16 -7.420 5.050 -10.250 -9.112 2.250 -10.250 -9.112 7.850 -10.250
3 16 -7.420 7.850 -10.250 -9.112 7.850 -10.250 -9.720 9.590 -10.250
3 16 -9.720 9.590 -10.250 -9.112 7.850 -10.250 -10.210 7.850 -10.250
3 16 -3.440 41.090 -10.250 -6.390 36.670 -10.250 -8.170 42.830 -10.250
3 16 -8.170 42.830 -10.250 -8.170 48.830 -10.250 -1.090 45.850 -10.250
3 16 -1.090 45.850 -10.250 -3.440 41.090 -10.250 -8.170 42.830 -10.250
3 16 0.620 50.880 -10.250 -1.090 45.850 -10.250 -8.170 48.830 -10.250
3 16 -8.170 48.830 -10.250 -8.170 52.700 -10.250 0.620 50.880 -10.250
3 16 0.620 50.880 -10.250 -8.170 52.700 -10.250 -7.400 53.200 -10.250
3 16 0.620 50.880 -10.250 -7.400 53.200 -10.250 -6.850 53.620 -10.250
3 16 0.620 50.880 -10.250 -6.850 53.620 -10.250 -6.200 54.340 -10.250
3 16 0.620 50.880 -10.250 -6.200 54.340 -10.250 -5.980 54.760 -10.250
3 16 -5.980 54.760 -10.250 1.650 56.090 -10.250 0.620 50.880 -10.250
3 16 -5.980 54.760 -10.250 -3.940 70.480 -10.250 1.960 60.500 -10.250
3 16 1.960 60.500 -10.250 1.650 56.090 -10.250 -5.980 54.760 -10.250
3 16 1.960 60.500 -10.250 -3.940 70.480 -10.250 1.960 62.000 -10.250
3 16 -3.940 70.480 -10.250 0.620 71.900 -10.250 1.650 66.690 -10.250
3 16 1.650 66.690 -10.250 1.960 62.000 -10.250 -3.940 70.480 -10.250
3 16 0.620 71.900 -10.250 -3.940 70.480 -10.250 -4.390 71.530 -10.250
3 16 -1.090 76.930 -10.250 0.620 71.900 -10.250 -4.390 71.530 -10.250
3 16 -4.390 71.530 -10.250 -6.070 72.840 -10.250 -1.090 76.930 -10.250
3 16 -6.070 72.840 -10.250 -8.200 73.890 -10.250 -3.440 81.690 -10.250
3 16 -3.440 81.690 -10.250 -1.090 76.930 -10.250 -6.070 72.840 -10.250
3 16 -6.390 86.110 -10.250 -3.440 81.690 -10.250 -8.200 73.890 -10.250
3 16 -8.200 73.890 -10.250 -10.470 74.660 -10.250 -6.390 86.110 -10.250
3 16 -10.470 74.660 -10.250 -13.880 93.600 -10.250 -9.890 90.100 -10.250
3 16 -9.890 90.100 -10.250 -6.390 86.110 -10.250 -10.470 74.660 -10.250
3 16 3.900 29.430 -10.250 8.850 25.810 -10.250 3.610 29.000 -10.250
3 16 -0.980 23.770 -10.250 3.610 29.000 -10.250 8.850 25.810 -10.250
3 16 -11.548 7.850 -10.250 -13.490 16.120 -10.250 -9.720 9.590 -10.250
3 16 -9.720 9.590 -10.250 -10.210 7.850 -10.250 -11.548 7.850 -10.250
3 16 -13.490 16.120 -10.250 -29.000 1.000 -10.250 -19.100 25.840 -10.250
3 16 -8.760 112.740 -10.250 -8.180 112.300 -10.250 -9.480 113.050 -10.250
3 16 -8.180 112.300 -10.250 -8.760 112.740 -10.250 -6.800 112.740 -10.250
3 16 0.630 105.870 -10.250 -3.540 101.250 -10.250 -8.180 112.300 -10.250
3 16 -8.180 112.300 -10.250 -6.800 112.740 -10.250 0.630 105.870 -10.250
3 16 -8.180 112.300 -10.250 -3.540 101.250 -10.250 -6.210 103.600 -10.250
3 16 -8.180 112.300 -10.250 -6.210 103.600 -10.250 -11.230 106.950 -10.250
3 16 2.382 105.705 -10.250 2.382 104.916 -10.250 1.740 104.860 -10.250
3 16 1.740 104.860 -10.250 0.630 105.870 -10.250 2.382 105.705 -10.250
3 16 2.382 105.705 -10.250 0.630 105.870 -10.250 2.382 109.530 -10.250
3 16 0.630 105.870 -10.250 -6.800 112.740 -10.250 -4.840 112.740 -10.250
3 16 -4.840 112.740 -10.250 2.382 109.530 -10.250 0.630 105.870 -10.250
3 16 4.818 109.530 -10.250 3.720 109.530 -10.250 -4.840 115.551 -10.250
3 16 -4.840 115.551 -10.250 -4.840 118.340 -10.250 4.818 109.530 -10.250
3 16 -4.840 115.551 -10.250 3.720 109.530 -10.250 2.382 109.530 -10.250
3 16 2.382 109.530 -10.250 -4.840 112.740 -10.250 -4.840 115.551 -10.250
3 16 -8.760 115.540 -10.250 -8.760 112.740 -10.250 -9.480 113.050 -10.250
3 16 -25.950 71.530 -10.250 -18.850 96.820 -10.250 -17.560 96.060 -10.250
3 16 -17.560 96.060 -10.250 -24.270 72.840 -10.250 -25.950 71.530 -10.250
3 16 -24.270 72.840 -10.250 -17.560 96.060 -10.250 -22.140 73.890 -10.250
3 16 -13.880 93.600 -10.250 -19.880 74.660 -10.250 -22.140 73.890 -10.250
3 16 -22.140 73.890 -10.250 -17.560 96.060 -10.250 -13.880 93.600 -10.250
3 16 -9.890 32.680 -10.250 -15.170 42.830 -10.250 -8.170 42.830 -10.250
3 16 -8.170 42.830 -10.250 -6.390 36.670 -10.250 -9.890 32.680 -10.250
3 16 -9.890 32.680 -10.250 -13.880 29.180 -10.250 -22.170 42.830 -10.250
3 16 -22.170 42.830 -10.250 -15.170 42.830 -10.250 -9.890 32.680 -10.250
3 16 -11.548 2.250 -10.250 -29.000 1.000 -10.250 -11.548 3.236 -10.250
3 16 -10.014 2.250 -10.250 -9.112 2.250 -10.250 -8.000 1.000 -10.250
3 16 -8.000 1.000 -10.250 -29.000 1.000 -10.250 -11.548 2.250 -10.250
3 16 -11.548 2.250 -10.250 -10.014 2.250 -10.250 -8.000 1.000 -10.250
3 16 -11.548 4.025 -10.250 -11.548 3.236 -10.250 -29.000 1.000 -10.250
3 16 -11.548 7.850 -10.250 -11.548 4.025 -10.250 -29.000 1.000 -10.250
3 16 -29.000 1.000 -10.250 -13.490 16.120 -10.250 -11.548 7.850 -10.250
3 16 -17.790 26.570 -10.250 -19.100 25.840 -10.250 -22.170 42.830 -10.250
3 16 -22.170 42.830 -10.250 -13.880 29.180 -10.250 -17.790 26.570 -10.250
3 16 -5.460 2.250 -10.250 -8.000 1.000 -10.250 -7.420 2.250 -10.250
3 16 -3.500 2.250 -10.250 29.000 1.000 -10.250 -8.000 1.000 -10.250
3 16 -8.000 1.000 -10.250 -5.460 2.250 -10.250 -3.500 2.250 -10.250
3 16 26.475 58.230 -10.250 26.475 61.853 -10.250 29.000 60.000 -10.250
3 16 25.090 45.610 -10.250 25.090 49.306 -10.250 29.000 60.000 -10.250
3 16 29.000 60.000 -10.250 29.000 1.000 -10.250 25.090 45.610 -10.250
3 16 29.000 60.000 -10.250 25.090 49.306 -10.250 25.090 51.210 -10.250
3 16 25.090 51.210 -10.250 26.475 58.230 -10.250 29.000 60.000 -10.250
3 16 26.475 58.230 -10.250 25.090 51.210 -10.250 26.240 58.230 -10.250
3 16 23.186 51.210 -10.250 23.014 58.230 -10.250 26.240 58.230 -10.250
3 16 26.240 58.230 -10.250 25.090 51.210 -10.250 23.186 51.210 -10.250
3 16 23.186 51.210 -10.250 21.170 51.210 -10.250 22.465 58.230 -10.250
3 16 22.465 58.230 -10.250 23.014 58.230 -10.250 23.186 51.210 -10.250
3 16 22.465 58.230 -10.250 21.170 51.210 -10.250 19.530 49.660 -10.250
3 16 19.530 49.660 -10.250 20.700 60.500 -10.250 22.465 58.230 -10.250
3 16 20.700 60.500 -10.250 20.700 62.000 -10.250 22.465 62.167 -10.250
3 16 22.465 62.167 -10.250 22.465 58.230 -10.250 20.700 60.500 -10.250
3 16 22.465 62.167 -10.250 20.700 62.000 -10.250 22.465 63.830 -10.250
3 16 21.186 70.950 -10.250 22.465 63.830 -10.250 20.700 62.000 -10.250
3 16 20.700 62.000 -10.250 14.140 68.330 -10.250 21.186 70.950 -10.250
3 16 22.465 63.830 -10.250 21.186 70.950 -10.250 23.314 70.950 -10.250
3 16 24.386 63.830 -10.250 22.465 63.830 -10.250 23.314 70.950 -10.250
3 16 23.314 70.950 -10.250 24.742 70.950 -10.250 24.386 63.830 -10.250
3 16 24.742 70.950 -10.250 25.414 70.950 -10.250 26.475 63.830 -10.250
3 16 26.475 63.830 -10.250 24.386 63.830 -10.250 24.742 70.950 -10.250
3 16 26.475 63.830 -10.250 29.000 75.000 -10.250 29.000 60.000 -10.250
3 16 29.000 60.000 -10.250 26.475 61.853 -10.250 26.475 63.830 -10.250
3 16 25.414 74.388 -10.250 25.414 75.301 -10.250 29.000 75.000 -10.250
3 16 25.414 70.950 -10.250 25.414 74.388 -10.250 29.000 75.000 -10.250
3 16 29.000 75.000 -10.250 26.475 63.830 -10.250 25.414 70.950 -10.250
3 16 29.000 75.000 -10.250 25.414 75.301 -10.250 25.414 76.550 -10.250
3 16 25.414 76.550 -10.250 29.000 92.000 -10.250 29.000 75.000 -10.250
3 16 25.414 76.550 -10.250 24.742 76.550 -10.250 21.100 82.990 -10.250
3 16 21.100 82.990 -10.250 29.000 92.000 -10.250 25.414 76.550 -10.250
3 16 24.742 76.550 -10.250 23.611 76.550 -10.250 19.140 82.990 -10.250
3 16 19.140 82.990 -10.250 21.100 82.990 -10.250 24.742 76.550 -10.250
3 16 19.140 82.990 -10.250 23.611 76.550 -10.250 21.186 76.550 -10.250
3 16 17.180 82.990 -10.250 19.140 82.990 -10.250 21.186 76.550 -10.250
3 16 21.186 76.550 -10.250 12.790 75.160 -10.250 17.180 82.990 -10.250
3 16 19.280 74.320 -10.250 21.186 76.550 -10.250 21.186 75.301 -10.250
3 16 21.186 74.299 -10.250 19.590 72.850 -10.250 19.280 74.320 -10.250
3 16 19.280 74.320 -10.250 21.186 75.301 -10.250 21.186 74.299 -10.250
3 16 19.590 72.850 -10.250 21.186 74.299 -10.250 21.186 70.950 -10.250
3 16 20.700 62.000 -10.250 14.560 62.000 -10.250 14.140 68.330 -10.250
3 16 19.590 72.850 -10.250 21.186 70.950 -10.250 14.140 68.330 -10.250
3 16 14.140 68.330 -10.250 13.500 71.550 -10.250 19.590 72.850 -10.250
3 16 19.280 74.320 -10.250 13.210 73.020 -10.250 12.790 75.160 -10.250
3 16 12.790 75.160 -10.250 21.186 76.550 -10.250 19.280 74.320 -10.250
3 16 12.790 75.160 -10.250 10.550 81.750 -10.250 15.940 84.700 -10.250
3 16 15.940 84.700 -10.250 17.180 82.990 -10.250 12.790 75.160 -10.250
3 16 10.550 81.750 -10.250 10.320 82.210 -10.250 15.940 84.700 -10.250
3 16 15.940 84.700 -10.250 15.330 86.070 -10.250 17.180 86.776 -10.250
3 16 17.180 86.776 -10.250 17.180 82.990 -10.250 15.940 84.700 -10.250
3 16 14.428 95.805 -10.250 14.428 99.680 -10.250 29.000 92.000 -10.250
3 16 29.000 92.000 -10.250 21.100 88.590 -10.250 14.428 95.805 -10.250
3 16 14.428 99.680 -10.250 14.366 99.680 -10.250 4.818 109.530 -10.250
3 16 4.818 109.530 -10.250 17.000 101.000 -10.250 14.428 99.680 -10.250
3 16 4.818 109.530 -10.250 14.366 99.680 -10.250 10.452 99.680 -10.250
3 16 10.452 99.680 -10.250 4.818 103.930 -10.250 4.818 109.530 -10.250
3 16 9.900 95.530 -10.250 10.452 99.680 -10.250 10.452 94.080 -10.250
3 16 10.452 94.080 -10.250 7.470 87.990 -10.250 4.880 91.870 -10.250
3 16 4.880 91.870 -10.250 9.900 95.530 -10.250 10.452 94.080 -10.250
3 16 15.330 86.070 -10.250 10.452 94.080 -10.250 17.180 88.590 -10.250
3 16 17.180 88.590 -10.250 17.180 86.776 -10.250 15.330 86.070 -10.250
3 16 17.180 88.590 -10.250 10.452 94.080 -10.250 12.530 94.080 -10.250
3 16 17.180 88.590 -10.250 12.530 94.080 -10.250 14.428 94.080 -10.250
3 16 14.428 94.080 -10.250 19.140 88.590 -10.250 17.180 88.590 -10.250
3 16 15.330 86.070 -10.250 9.660 83.560 -10.250 7.470 87.990 -10.250
3 16 7.470 87.990 -10.250 10.452 94.080 -10.250 15.330 86.070 -10.250
3 16 14.428 94.080 -10.250 14.428 95.805 -10.250 21.100 88.590 -10.250
3 16 21.100 88.590 -10.250 19.140 88.590 -10.250 14.428 94.080 -10.250
3 16 21.100 86.815 -10.250 21.100 88.590 -10.250 29.000 92.000 -10.250
3 16 21.100 82.990 -10.250 21.100 86.815 -10.250 29.000 92.000 -10.250
3 16 17.000 101.000 -10.250 29.000 119.000 -10.250 29.000 92.000 -10.250
3 16 14.428 99.680 -10.250 17.000 101.000 -10.250 29.000 92.000 -10.250
3 16 29.000 119.000 -10.250 17.000 101.000 -10.250 4.818 109.530 -10.250
3 16 4.818 109.530 -10.250 -4.840 118.340 -10.250 29.000 119.000 -10.250
3 16 9.020 96.740 -10.250 4.818 103.930 -10.250 10.452 99.680 -10.250
3 16 10.452 99.680 -10.250 9.900 95.530 -10.250 9.020 96.740 -10.250
3 16 4.818 103.930 -10.250 9.020 96.740 -10.250 3.610 93.780 -10.250
3 16 3.610 93.780 -10.250 -0.980 99.010 -10.250 4.818 103.930 -10.250
3 16 3.610 93.780 -10.250 9.020 96.740 -10.250 4.050 93.110 -10.250
3 16 -0.980 99.010 -10.250 -2.410 100.260 -10.250 1.740 104.860 -10.250
3 16 1.740 104.860 -10.250 2.382 103.930 -10.250 -0.980 99.010 -10.250
3 16 1.740 104.860 -10.250 2.382 104.916 -10.250 2.382 103.930 -10.250
3 16 -0.980 99.010 -10.250 2.382 103.930 -10.250 3.916 103.930 -10.250
3 16 -0.980 99.010 -10.250 3.916 103.930 -10.250 4.818 103.930 -10.250
3 16 19.530 49.660 -10.250 13.450 50.960 -10.250 14.140 54.450 -10.250
3 16 14.140 54.450 -10.250 20.700 60.500 -10.250 19.530 49.660 -10.250
3 16 20.700 60.500 -10.250 14.140 54.450 -10.250 14.560 60.500 -10.250
3 16 21.170 48.528 -10.250 19.530 49.660 -10.250 21.170 51.210 -10.250
3 16 21.170 48.528 -10.250 21.170 45.610 -10.250 19.220 48.190 -10.250
3 16 19.220 48.190 -10.250 19.530 49.660 -10.250 21.170 48.528 -10.250
3 16 21.170 45.610 -10.250 17.731 38.580 -10.250 16.919 38.580 -10.250
3 16 16.919 38.580 -10.250 19.220 48.190 -10.250 21.170 45.610 -10.250
3 16 21.170 45.610 -10.250 18.940 38.580 -10.250 17.731 38.580 -10.250
3 16 21.170 45.610 -10.250 23.304 45.610 -10.250 21.001 38.580 -10.250
3 16 21.001 38.580 -10.250 18.940 38.580 -10.250 21.170 45.610 -10.250
3 16 21.001 38.580 -10.250 23.304 45.610 -10.250 25.090 45.610 -10.250
3 16 25.090 45.610 -10.250 21.001 33.842 -10.250 21.001 38.580 -10.250
3 16 21.001 32.980 -10.250 21.001 33.842 -10.250 25.090 45.610 -10.250
3 16 25.090 45.610 -10.250 29.000 1.000 -10.250 21.001 32.980 -10.250
3 16 29.000 1.000 -10.250 14.890 25.453 -10.250 14.890 27.150 -10.250
3 16 14.890 27.150 -10.250 21.001 32.980 -10.250 29.000 1.000 -10.250
3 16 14.890 25.453 -10.250 29.000 1.000 -10.250 14.890 21.550 -10.250
3 16 19.220 48.190 -10.250 16.919 38.580 -10.250 10.550 41.030 -10.250
3 16 10.550 41.030 -10.250 12.790 47.620 -10.250 19.220 48.190 -10.250
3 16 12.790 47.620 -10.250 13.160 49.480 -10.250 19.220 48.190 -10.250
3 16 -7.000 119.000 -10.250 -6.800 118.340 -10.250 -8.760 118.340 -10.250
3 16 -8.760 118.340 -10.250 -29.000 119.000 -10.250 -7.000 119.000 -10.250
3 16 -4.840 118.340 -10.250 -6.800 118.340 -10.250 -7.000 119.000 -10.250
3 16 -7.000 119.000 -10.250 29.000 119.000 -10.250 -4.840 118.340 -10.250
3 16 -9.480 113.050 -10.250 -29.000 119.000 -10.250 -8.760 118.340 -10.250
3 16 -8.760 118.340 -10.250 -8.760 115.540 -10.250 -9.480 113.050 -10.250
3 16 -29.000 119.000 -10.250 -9.480 113.050 -10.250 -18.850 96.820 -10.250
3 16 -29.000 69.800 -10.250 -29.000 119.000 -10.250 -18.850 96.820 -10.250
3 16 -29.000 69.800 -10.250 -18.850 96.820 -10.250 -25.950 71.530 -10.250
3 16 -25.950 71.530 -10.250 -26.400 70.480 -10.250 -29.000 69.800 -10.250
3 16 -24.360 54.760 -10.250 -24.150 54.340 -10.250 -29.000 53.000 -10.250
3 16 -29.000 69.800 -10.250 -26.400 70.480 -10.250 -24.360 54.760 -10.250
3 16 -24.360 54.760 -10.250 -29.000 53.000 -10.250 -29.000 69.800 -10.250
3 16 -29.000 53.000 -10.250 -22.940 53.200 -10.250 -22.170 52.700 -10.250
3 16 -22.170 52.700 -10.250 -22.170 48.830 -10.250 -29.000 53.000 -10.250
3 16 -22.940 53.200 -10.250 -29.000 53.000 -10.250 -23.490 53.620 -10.250
3 16 -24.150 54.340 -10.250 -23.490 53.620 -10.250 -29.000 53.000 -10.250
3 16 -22.170 48.830 -10.250 -22.170 42.830 -10.250 -29.000 53.000 -10.250
3 16 -29.000 1.000 -10.250 -29.000 53.000 -10.250 -22.170 42.830 -10.250
3 16 -22.170 42.830 -10.250 -19.100 25.840 -10.250 -29.000 1.000 -10.250
3 0 -24.270 72.840 -10.250 -19.420 71.180 -10.250 -26.400 70.480 -10.250
3 0 -26.400 70.480 -10.250 -25.950 71.530 -10.250 -24.270 72.840 -10.250
3 0 -9.200 71.180 -10.250 -10.470 74.660 -10.250 -8.200 73.890 -10.250
3 0 -8.200 73.890 -10.250 -6.070 72.840 -10.250 -9.200 71.180 -10.250
3 0 -4.390 71.530 -10.250 -3.940 70.480 -10.250 -9.200 71.180 -10.250
3 0 -9.200 71.180 -10.250 -6.070 72.840 -10.250 -4.390 71.530 -10.250
3 0 -24.360 54.760 -10.250 -26.400 70.480 -10.250 -22.790 56.000 -10.250
3 0 -22.790 56.000 -10.250 -24.150 54.340 -10.250 -24.360 54.760 -10.250
3 0 3.360 60.500 -10.250 3.040 55.910 -10.250 1.650 56.090 -10.250
3 0 1.650 56.090 -10.250 1.960 60.500 -10.250 3.360 60.500 -10.250
3 0 1.970 50.520 -10.250 0.620 50.880 -10.250 1.650 56.090 -10.250
3 0 1.650 56.090 -10.250 2.220 51.800 -10.250 1.970 50.520 -10.250
3 0 2.510 53.270 -10.250 2.220 51.800 -10.250 1.650 56.090 -10.250
3 0 1.650 56.090 -10.250 3.040 55.910 -10.250 2.510 53.270 -10.250
3 0 1.970 50.520 -10.250 0.200 45.320 -10.250 -1.090 45.850 -10.250
3 0 -1.090 45.850 -10.250 0.620 50.880 -10.250 1.970 50.520 -10.250
3 0 -2.230 40.390 -10.250 -3.440 41.090 -10.250 -1.090 45.850 -10.250
3 0 -1.090 45.850 -10.250 -0.670 43.540 -10.250 -2.230 40.390 -10.250
3 0 -1.090 45.850 -10.250 0.200 45.320 -10.250 -0.010 44.880 -10.250
3 0 -0.010 44.880 -10.250 -0.670 43.540 -10.250 -1.090 45.850 -10.250
3 0 -5.160 35.990 -10.250 -6.390 36.670 -10.250 -3.440 41.090 -10.250
3 0 -3.440 41.090 -10.250 -4.330 37.240 -10.250 -5.160 35.990 -10.250
3 0 -3.440 41.090 -10.250 -2.230 40.390 -10.250 -4.330 37.240 -10.250
3 0 -5.160 35.990 -10.250 -8.900 31.690 -10.250 -9.890 32.680 -10.250
3 0 -9.890 32.680 -10.250 -6.390 36.670 -10.250 -5.160 35.990 -10.250
3 0 -13.030 28.070 -10.250 -13.880 29.180 -10.250 -9.890 32.680 -10.250
3 0 -9.890 32.680 -10.250 -11.220 29.660 -10.250 -13.030 28.070 -10.250
3 0 -10.100 30.640 -10.250 -11.220 29.660 -10.250 -9.890 32.680 -10.250
3 0 -9.890 32.680 -10.250 -8.900 31.690 -10.250 -10.100 30.640 -10.250
3 0 -13.030 28.070 -10.250 -17.100 25.350 -10.250 -17.790 26.570 -10.250
3 0 -17.790 26.570 -10.250 -13.880 29.180 -10.250 -13.030 28.070 -10.250
3 0 -16.870 97.270 -10.250 -13.030 94.710 -10.250 -13.880 93.600 -10.250
3 0 -13.880 93.600 -10.250 -17.560 96.060 -10.250 -16.870 97.270 -10.250
3 0 -8.900 91.090 -10.250 -9.890 90.100 -10.250 -13.880 93.600 -10.250
3 0 -13.880 93.600 -10.250 -9.880 91.950 -10.250 -8.900 91.090 -10.250
3 0 -13.880 93.600 -10.250 -11.010 92.940 -10.250 -9.880 91.950 -10.250
3 0 -13.880 93.600 -10.250 -13.030 94.710 -10.250 -11.010 92.940 -10.250
3 0 -8.900 91.090 -10.250 -5.280 86.960 -10.250 -6.390 86.110 -10.250
3 0 -6.390 86.110 -10.250 -9.890 90.100 -10.250 -8.900 91.090 -10.250
3 0 -2.230 82.390 -10.250 -3.440 81.690 -10.250 -6.390 86.110 -10.250
3 0 -6.390 86.110 -10.250 -4.180 85.310 -10.250 -2.230 82.390 -10.250
3 0 -5.010 86.560 -10.250 -4.180 85.310 -10.250 -6.390 86.110 -10.250
3 0 -6.390 86.110 -10.250 -5.280 86.960 -10.250 -5.010 86.560 -10.250
3 0 0.110 77.650 -10.250 -1.090 76.930 -10.250 -3.440 81.690 -10.250
3 0 -3.440 81.690 -10.250 -0.550 78.990 -10.250 0.110 77.650 -10.250
3 0 -3.440 81.690 -10.250 -2.230 82.390 -10.250 -0.550 78.990 -10.250
3 0 0.110 77.650 -10.250 1.970 72.260 -10.250 0.620 71.900 -10.250
3 0 0.620 71.900 -10.250 -1.090 76.930 -10.250 0.110 77.650 -10.250
3 0 3.040 66.870 -10.250 1.650 66.690 -10.250 0.620 71.900 -10.250
3 0 0.620 71.900 -10.250 2.570 69.230 -10.250 3.040 66.870 -10.250
3 0 2.280 70.710 -10.250 2.570 69.230 -10.250 0.620 71.900 -10.250
3 0 0.620 71.900 -10.250 1.970 72.260 -10.250 2.280 70.710 -10.250
3 0 3.040 66.870 -10.250 3.360 62.000 -10.250 1.960 62.000 -10.250
3 0 1.960 62.000 -10.250 1.650 66.690 -10.250 3.040 66.870 -10.250
3 0 14.140 54.450 -10.250 12.750 54.630 -10.250 13.160 60.500 -10.250
3 0 13.160 60.500 -10.250 14.560 60.500 -10.250 14.140 54.450 -10.250
3 0 12.790 47.620 -10.250 12.080 51.240 -10.250 12.750 54.630 -10.250
3 0 12.750 54.630 -10.250 13.160 49.480 -10.250 12.790 47.620 -10.250
3 0 13.450 50.960 -10.250 13.160 49.480 -10.250 12.750 54.630 -10.250
3 0 12.750 54.630 -10.250 14.140 54.450 -10.250 13.450 50.960 -10.250
3 0 12.790 47.620 -10.250 11.790 49.770 -10.250 12.080 51.240 -10.250
3 0 12.790 47.620 -10.250 11.430 47.980 -10.250 11.790 49.770 -10.250
3 0 10.550 41.030 -10.250 9.260 41.570 -10.250 11.430 47.980 -10.250
3 0 11.430 47.980 -10.250 12.790 47.620 -10.250 10.550 41.030 -10.250
3 0 7.470 34.790 -10.250 8.920 40.880 -10.250 9.260 41.570 -10.250
3 0 9.260 41.570 -10.250 9.530 38.970 -10.250 7.470 34.790 -10.250
3 0 10.200 40.310 -10.250 9.530 38.970 -10.250 9.260 41.570 -10.250
3 0 9.260 41.570 -10.250 10.550 41.030 -10.250 10.200 40.310 -10.250
3 0 7.470 34.790 -10.250 8.260 39.540 -10.250 8.920 40.880 -10.250
3 0 6.260 35.490 -10.250 8.260 39.540 -10.250 7.470 34.790 -10.250
3 0 7.470 34.790 -10.250 4.730 30.680 -10.250 6.260 35.490 -10.250
3 0 3.610 29.000 -10.250 3.600 31.500 -10.250 6.260 35.490 -10.250
3 0 6.260 35.490 -10.250 3.900 29.430 -10.250 3.610 29.000 -10.250
3 0 4.730 30.680 -10.250 3.900 29.430 -10.250 6.260 35.490 -10.250
3 0 3.610 29.000 -10.250 2.770 30.260 -10.250 3.600 31.500 -10.250
3 0 -0.980 23.770 -10.250 -1.970 24.760 -10.250 2.770 30.260 -10.250
3 0 2.770 30.260 -10.250 3.610 29.000 -10.250 -0.980 23.770 -10.250
3 0 -1.970 24.760 -10.250 -3.750 21.340 -10.250 -6.210 19.180 -10.250
3 0 -6.210 19.180 -10.250 -3.560 23.370 -10.250 -1.970 24.760 -10.250
3 0 -6.210 19.180 -10.250 -4.680 22.380 -10.250 -3.560 23.370 -10.250
3 0 -2.620 22.330 -10.250 -3.750 21.340 -10.250 -1.970 24.760 -10.250
3 0 -1.970 24.760 -10.250 -0.980 23.770 -10.250 -2.620 22.330 -10.250
3 0 -6.210 19.180 -10.250 -7.060 20.290 -10.250 -4.680 22.380 -10.250
3 0 -11.460 15.680 -10.250 -12.170 16.880 -10.250 -7.060 20.290 -10.250
3 0 -7.060 20.290 -10.250 -6.210 19.180 -10.250 -11.460 15.680 -10.250
3 0 -6.210 103.600 -10.250 -7.060 102.490 -10.250 -11.940 105.740 -10.250
3 0 -11.940 105.740 -10.250 -11.230 106.950 -10.250 -6.210 103.600 -10.250
3 0 -0.980 99.010 -10.250 -4.470 100.210 -10.250 -7.060 102.490 -10.250
3 0 -7.060 102.490 -10.250 -2.410 100.260 -10.250 -0.980 99.010 -10.250
3 0 -7.060 102.490 -10.250 -3.540 101.250 -10.250 -2.410 100.260 -10.250
3 0 -7.060 102.490 -10.250 -6.210 103.600 -10.250 -3.540 101.250 -10.250
3 0 -3.340 99.220 -10.250 -4.470 100.210 -10.250 -0.980 99.010 -10.250
3 0 -0.980 99.010 -10.250 -1.970 98.020 -10.250 -3.340 99.220 -10.250
3 0 3.610 93.780 -10.250 2.500 92.930 -10.250 -1.970 98.020 -10.250
3 0 -1.970 98.020 -10.250 -0.980 99.010 -10.250 3.610 93.780 -10.250
3 0 7.470 87.990 -10.250 2.920 92.300 -10.250 2.500 92.930 -10.250
3 0 2.500 92.930 -10.250 4.880 91.870 -10.250 7.470 87.990 -10.250
3 0 2.500 92.930 -10.250 4.050 93.110 -10.250 4.880 91.870 -10.250
3 0 2.500 92.930 -10.250 3.610 93.780 -10.250 4.050 93.110 -10.250
3 0 3.760 91.040 -10.250 2.920 92.300 -10.250 7.470 87.990 -10.250
3 0 6.260 87.290 -10.250 3.760 91.040 -10.250 7.470 87.990 -10.250
3 0 7.470 87.990 -10.250 9.660 83.560 -10.250 6.260 87.290 -10.250
3 0 6.260 87.290 -10.250 10.320 82.210 -10.250 10.550 81.750 -10.250
3 0 10.550 81.750 -10.250 8.380 82.990 -10.250 6.260 87.290 -10.250
3 0 6.260 87.290 -10.250 9.660 83.560 -10.250 10.320 82.210 -10.250
3 0 9.050 81.650 -10.250 8.380 82.990 -10.250 10.550 81.750 -10.250
3 0 10.550 81.750 -10.250 9.260 81.210 -10.250 9.050 81.650 -10.250
3 0 12.790 75.160 -10.250 11.430 74.800 -10.250 9.260 81.210 -10.250
3 0 9.260 81.210 -10.250 10.550 81.750 -10.250 12.790 75.160 -10.250
3 0 14.140 68.330 -10.250 11.840 72.730 -10.250 11.430 74.800 -10.250
3 0 11.430 74.800 -10.250 13.500 71.550 -10.250 14.140 68.330 -10.250
3 0 11.430 74.800 -10.250 13.210 73.020 -10.250 13.500 71.550 -10.250
3 0 11.430 74.800 -10.250 12.790 75.160 -10.250 13.210 73.020 -10.250
3 0 12.140 71.260 -10.250 11.840 72.730 -10.250 14.140 68.330 -10.250
3 0 14.140 68.330 -10.250 12.750 68.150 -10.250 12.140 71.260 -10.250
3 0 14.560 62.000 -10.250 13.160 62.000 -10.250 12.750 68.150 -10.250
3 0 12.750 68.150 -10.250 14.140 68.330 -10.250 14.560 62.000 -10.250
3 0 -15.170 58.200 -10.250 -17.370 58.080 -10.250 -17.810 60.580 -10.250
3 0 -17.810 60.580 -10.250 -14.800 60.580 -10.250 -15.170 58.200 -10.250
3 0 -14.800 60.580 -10.250 -12.000 60.580 -10.250 -12.970 58.080 -10.250
3 0 -12.970 58.080 -10.250 -15.170 58.200 -10.250 -14.800 60.580 -10.250
3 0 -12.970 58.080 -10.250 -12.000 60.580 -10.250 -9.200 60.580 -10.250
3 0 -9.200 60.580 -10.250 -10.810 57.640 -10.250 -12.970 58.080 -10.250
3 0 -9.040 56.940 -10.250 -10.810 57.640 -10.250 -9.200 60.580 -10.250
3 0 -9.040 56.940 -10.250 -9.200 60.580 -10.250 -7.550 56.000 -10.250
3 0 -3.940 70.480 -10.250 -9.200 63.380 -10.250 -9.200 68.380 -10.250
3 0 -9.200 71.180 -10.250 -3.940 70.480 -10.250 -9.200 68.380 -10.250
3 0 -10.470 74.660 -10.250 -9.200 71.180 -10.250 -12.000 71.180 -10.250
3 0 -12.000 71.180 -10.250 -12.790 75.120 -10.250 -10.470 74.660 -10.250
3 0 -12.790 75.120 -10.250 -12.000 71.180 -10.250 -14.800 71.180 -10.250
3 0 -14.800 71.180 -10.250 -15.170 75.280 -10.250 -12.790 75.120 -10.250
3 0 -17.810 71.180 -10.250 -14.800 68.380 -10.250 -14.800 63.380 -10.250
3 0 -14.800 63.380 -10.250 -17.810 60.580 -10.250 -17.810 71.180 -10.250
3 0 -17.810 60.580 -10.250 -14.800 63.380 -10.250 -14.800 60.580 -10.250
3 0 -17.810 71.180 -10.250 -17.550 75.120 -10.250 -15.170 75.280 -10.250
3 0 -15.170 75.280 -10.250 -14.800 71.180 -10.250 -17.810 71.180 -10.250
3 0 -17.550 75.120 -10.250 -17.810 71.180 -10.250 -19.420 71.180 -10.250
3 0 -19.420 71.180 -10.250 -19.880 74.660 -10.250 -17.550 75.120 -10.250
3 0 -22.140 73.890 -10.250 -19.880 74.660 -10.250 -19.420 71.180 -10.250
3 0 -19.420 71.180 -10.250 -24.270 72.840 -10.250 -22.140 73.890 -10.250
3 0 -21.740 63.940 -10.250 -26.400 70.480 -10.250 -19.420 71.180 -10.250
3 0 -19.420 71.180 -10.250 -19.420 63.940 -10.250 -21.740 63.940 -10.250
3 0 -19.420 60.580 -10.250 -17.810 60.580 -10.250 -17.370 58.080 -10.250
3 0 -17.370 58.080 -10.250 -19.530 57.640 -10.250 -19.420 60.580 -10.250
3 0 -21.740 62.570 -10.250 -20.760 62.430 -10.250 -19.530 57.640 -10.250
3 0 -19.530 57.640 -10.250 -21.300 56.940 -10.250 -21.740 62.570 -10.250
3 0 -21.740 62.570 -10.250 -21.300 56.940 -10.250 -22.790 56.000 -10.250
3 0 -22.790 56.000 -10.250 -26.400 70.480 -10.250 -21.740 63.940 -10.250
3 0 -21.740 63.940 -10.250 -21.740 62.570 -10.250 -22.790 56.000 -10.250
3 0 -19.530 57.640 -10.250 -20.760 62.430 -10.250 -20.030 62.030 -10.250
3 0 -20.030 62.030 -10.250 -19.420 60.580 -10.250 -19.530 57.640 -10.250
3 0 -20.030 62.030 -10.250 -19.560 61.360 -10.250 -19.420 60.580 -10.250
3 0 -14.800 71.180 -10.250 -14.800 68.380 -10.250 -17.810 71.180 -10.250
3 0 -10.600 63.380 -10.250 -13.400 63.380 -10.250 -13.400 68.380 -10.250
3 0 -13.400 68.380 -10.250 -10.600 68.380 -10.250 -10.600 63.380 -10.250
3 0 -9.200 63.380 -10.250 -3.940 70.480 -10.250 -7.550 56.000 -10.250
3 0 -7.550 56.000 -10.250 -9.200 60.580 -10.250 -9.200 63.380 -10.250
3 0 -5.980 54.760 -10.250 -6.200 54.340 -10.250 -7.550 56.000 -10.250
3 0 -7.550 56.000 -10.250 -3.940 70.480 -10.250 -5.980 54.760 -10.250
3 0 -13.150 56.960 -10.250 -11.040 56.600 -10.250 -12.370 50.900 -10.250
3 0 -12.370 50.900 -10.250 -15.170 57.050 -10.250 -13.150 56.960 -10.250
3 0 -12.370 50.900 -10.250 -11.040 56.600 -10.250 -9.340 55.940 -10.250
3 0 -8.240 55.260 -10.250 -8.170 52.700 -10.250 -12.370 50.900 -10.250
3 0 -12.370 50.900 -10.250 -9.340 55.940 -10.250 -8.240 55.260 -10.250
3 0 -8.240 55.260 -10.250 -6.850 53.620 -10.250 -7.400 53.200 -10.250
3 0 -7.400 53.200 -10.250 -8.170 52.700 -10.250 -8.240 55.260 -10.250
3 0 -12.370 50.900 -10.250 -8.170 52.700 -10.250 -9.570 48.830 -10.250
3 0 -9.570 48.830 -10.250 -12.370 48.830 -10.250 -12.370 50.900 -10.250
3 0 -9.570 48.830 -10.250 -8.170 52.700 -10.250 -8.170 48.830 -10.250
3 0 -17.970 50.900 -10.250 -17.190 56.960 -10.250 -15.170 57.050 -10.250
3 0 -15.170 57.050 -10.250 -12.370 50.900 -10.250 -17.970 50.900 -10.250
3 0 -19.300 56.600 -10.250 -17.190 56.960 -10.250 -17.970 50.900 -10.250
3 0 -17.970 50.900 -10.250 -21.000 55.940 -10.250 -19.300 56.600 -10.250
3 0 -17.970 50.900 -10.250 -22.170 52.700 -10.250 -22.100 55.260 -10.250
3 0 -22.100 55.260 -10.250 -21.000 55.940 -10.250 -17.970 50.900 -10.250
3 0 -22.940 53.200 -10.250 -23.490 53.620 -10.250 -22.100 55.260 -10.250
3 0 -22.100 55.260 -10.250 -22.170 52.700 -10.250 -22.940 53.200 -10.250
3 0 -17.970 50.900 -10.250 -17.970 48.830 -10.250 -20.770 48.830 -10.250
3 0 -20.770 48.830 -10.250 -22.170 52.700 -10.250 -17.970 50.900 -10.250
3 0 -22.170 52.700 -10.250 -20.770 48.830 -10.250 -22.170 48.830 -10.250
3 0 3.360 62.000 -10.250 13.160 62.000 -10.250 13.160 60.500 -10.250
3 0 13.160 60.500 -10.250 3.360 60.500 -10.250 3.360 62.000 -10.250
3 0 13.160 60.500 -10.250 13.160 62.000 -10.250 14.560 62.000 -10.250
3 0 14.560 62.000 -10.250 14.560 60.500 -10.250 13.160 60.500 -10.250
3 0 14.560 60.500 -10.250 14.560 62.000 -10.250 20.700 62.000 -10.250
3 0 20.700 62.000 -10.250 20.700 60.500 -10.250 14.560 60.500 -10.250
3 0 3.360 60.500 -10.250 1.960 60.500 -10.250 1.960 62.000 -10.250
3 0 1.960 62.000 -10.250 3.360 62.000 -10.250 3.360 60.500 -10.250
3 0 2.280 70.710 -10.250 11.840 72.730 -10.250 12.140 71.260 -10.250
3 0 12.140 71.260 -10.250 2.570 69.230 -10.250 2.280 70.710 -10.250
3 0 13.500 71.550 -10.250 13.210 73.020 -10.250 19.280 74.320 -10.250
3 0 19.280 74.320 -10.250 19.590 72.850 -10.250 13.500 71.550 -10.250
3 0 -0.550 78.990 -10.250 8.380 82.990 -10.250 9.050 81.650 -10.250
3 0 9.050 81.650 -10.250 0.110 77.650 -10.250 -0.550 78.990 -10.250
3 0 10.320 82.210 -10.250 9.660 83.560 -10.250 15.330 86.070 -10.250
3 0 15.330 86.070 -10.250 15.940 84.700 -10.250 10.320 82.210 -10.250
3 0 -5.010 86.560 -10.250 2.920 92.300 -10.250 3.760 91.040 -10.250
3 0 3.760 91.040 -10.250 -4.180 85.310 -10.250 -5.010 86.560 -10.250
3 0 4.880 91.870 -10.250 4.050 93.110 -10.250 9.020 96.740 -10.250
3 0 9.020 96.740 -10.250 9.900 95.530 -10.250 4.880 91.870 -10.250
3 0 -11.010 92.940 -10.250 -4.470 100.210 -10.250 -3.340 99.220 -10.250
3 0 -3.340 99.220 -10.250 -9.880 91.950 -10.250 -11.010 92.940 -10.250
3 0 -2.410 100.260 -10.250 -3.540 101.250 -10.250 0.630 105.870 -10.250
3 0 0.630 105.870 -10.250 1.740 104.860 -10.250 -2.410 100.260 -10.250
3 0 -18.850 96.820 -10.250 -9.480 113.050 -10.250 -11.940 105.740 -10.250
3 0 -11.940 105.740 -10.250 -16.870 97.270 -10.250 -18.850 96.820 -10.250
3 0 -9.480 113.050 -10.250 -8.180 112.300 -10.250 -11.230 106.950 -10.250
3 0 -11.230 106.950 -10.250 -11.940 105.740 -10.250 -9.480 113.050 -10.250
3 0 -18.850 96.820 -10.250 -16.870 97.270 -10.250 -17.560 96.060 -10.250
3 0 2.510 53.270 -10.250 12.080 51.240 -10.250 11.790 49.770 -10.250
3 0 11.790 49.770 -10.250 2.220 51.800 -10.250 2.510 53.270 -10.250
3 0 13.160 49.480 -10.250 13.450 50.960 -10.250 19.530 49.660 -10.250
3 0 19.530 49.660 -10.250 19.220 48.190 -10.250 13.160 49.480 -10.250
3 0 -0.010 44.880 -10.250 8.920 40.880 -10.250 8.260 39.540 -10.250
3 0 8.260 39.540 -10.250 -0.670 43.540 -10.250 -0.010 44.880 -10.250
3 0 9.530 38.970 -10.250 10.200 40.310 -10.250 15.820 37.830 -10.250
3 0 15.820 37.830 -10.250 15.210 36.460 -10.250 9.530 38.970 -10.250
3 0 -4.330 37.240 -10.250 3.600 31.500 -10.250 2.770 30.260 -10.250
3 0 2.770 30.260 -10.250 -5.160 35.990 -10.250 -4.330 37.240 -10.250
3 0 3.900 29.430 -10.250 4.730 30.680 -10.250 9.730 27.030 -10.250
3 0 9.730 27.030 -10.250 8.850 25.810 -10.250 3.900 29.430 -10.250
3 0 -10.100 30.640 -10.250 -3.560 23.370 -10.250 -4.680 22.380 -10.250
3 0 -4.680 22.380 -10.250 -11.220 29.660 -10.250 -10.100 30.640 -10.250
3 0 -3.750 21.340 -10.250 -2.620 22.330 -10.250 1.530 17.730 -10.250
3 0 1.530 17.730 -10.250 0.420 16.730 -10.250 -3.750 21.340 -10.250
3 0 -17.100 25.350 -10.250 -12.170 16.880 -10.250 -13.490 16.120 -10.250
3 0 -13.490 16.120 -10.250 -19.100 25.840 -10.250 -17.100 25.350 -10.250
3 0 -13.490 16.120 -10.250 -12.170 16.880 -10.250 -11.460 15.680 -10.250
3 0 -13.490 16.120 -10.250 -11.460 15.680 -10.250 -8.420 10.340 -10.250
3 0 -8.420 10.340 -10.250 -9.720 9.590 -10.250 -13.490 16.120 -10.250
3 0 -17.100 25.350 -10.250 -19.100 25.840 -10.250 -17.790 26.570 -10.250
3 2 6.260 35.490 -10.250 3.600 31.500 -10.250 -4.330 37.240 -10.250
3 2 -4.330 37.240 -10.250 -2.230 40.390 -10.250 6.260 35.490 -10.250
3 2 6.260 35.490 -10.250 -2.230 40.390 -10.250 -0.670 43.540 -10.250
3 2 -0.670 43.540 -10.250 8.260 39.540 -10.250 6.260 35.490 -10.250
3 2 12.080 51.240 -10.250 2.510 53.270 -10.250 3.040 55.910 -10.250
3 2 3.040 55.910 -10.250 12.750 54.630 -10.250 12.080 51.240 -10.250
3 2 12.750 54.630 -10.250 3.040 55.910 -10.250 3.360 60.500 -10.250
3 2 3.360 60.500 -10.250 13.160 60.500 -10.250 12.750 54.630 -10.250
3 2 0.110 77.650 -10.250 9.050 81.650 -10.250 9.260 81.210 -10.250
3 2 9.260 81.210 -10.250 11.430 74.800 -10.250 1.970 72.260 -10.250
3 2 1.970 72.260 -10.250 0.110 77.650 -10.250 9.260 81.210 -10.250
3 2 11.430 74.800 -10.250 11.840 72.730 -10.250 2.280 70.710 -10.250
3 2 2.280 70.710 -10.250 1.970 72.260 -10.250 11.430 74.800 -10.250
3 2 -5.010 86.560 -10.250 -5.280 86.960 -10.250 2.500 92.930 -10.250
3 2 2.500 92.930 -10.250 2.920 92.300 -10.250 -5.010 86.560 -10.250
3 2 2.500 92.930 -10.250 -5.280 86.960 -10.250 -8.900 91.090 -10.250
3 2 -8.900 91.090 -10.250 -1.970 98.020 -10.250 2.500 92.930 -10.250
3 2 -1.970 98.020 -10.250 -8.900 91.090 -10.250 -9.880 91.950 -10.250
3 2 -9.880 91.950 -10.250 -3.340 99.220 -10.250 -1.970 98.020 -10.250
3 4 -7.060 20.290 -10.250 -12.170 16.880 -10.250 -17.100 25.350 -10.250
3 4 -17.100 25.350 -10.250 -13.030 28.070 -10.250 -7.060 20.290 -10.250
3 4 -4.680 22.380 -10.250 -7.060 20.290 -10.250 -13.030 28.070 -10.250
3 4 -13.030 28.070 -10.250 -11.220 29.660 -10.250 -4.680 22.380 -10.250
3 4 -3.560 23.370 -10.250 -10.100 30.640 -10.250 -8.900 31.690 -10.250
3 4 -8.900 31.690 -10.250 -1.970 24.760 -10.250 -3.560 23.370 -10.250
3 4 -1.970 24.760 -10.250 -8.900 31.690 -10.250 -5.160 35.990 -10.250
3 4 -5.160 35.990 -10.250 2.770 30.260 -10.250 -1.970 24.760 -10.250
3 7 -15.170 58.200 -10.250 -15.170 57.050 -10.250 -17.190 56.960 -10.250
3 7 -17.190 56.960 -10.250 -17.370 58.080 -10.250 -15.170 58.200 -10.250
3 7 -17.370 58.080 -10.250 -17.190 56.960 -10.250 -19.300 56.600 -10.250
3 7 -19.300 56.600 -10.250 -19.530 57.640 -10.250 -17.370 58.080 -10.250
3 7 -19.530 57.640 -10.250 -19.300 56.600 -10.250 -21.000 55.940 -10.250
3 7 -21.000 55.940 -10.250 -21.300 56.940 -10.250 -19.530 57.640 -10.250
3 7 -21.300 56.940 -10.250 -21.000 55.940 -10.250 -22.100 55.260 -10.250
3 7 -22.100 55.260 -10.250 -22.790 56.000 -10.250 -21.300 56.940 -10.250
3 7 -22.790 56.000 -10.250 -22.100 55.260 -10.250 -23.490 53.620 -10.250
3 7 -23.490 53.620 -10.250 -24.150 54.340 -10.250 -22.790 56.000 -10.250
3 7 -6.850 53.620 -10.250 -8.240 55.260 -10.250 -7.550 56.000 -10.250
3 7 -7.550 56.000 -10.250 -6.200 54.340 -10.250 -6.850 53.620 -10.250
3 7 -15.170 58.200 -10.250 -12.970 58.080 -10.250 -13.150 56.960 -10.250
3 7 -13.150 56.960 -10.250 -15.170 57.050 -10.250 -15.170 58.200 -10.250
3 7 -12.970 58.080 -10.250 -10.810 57.640 -10.250 -11.040 56.600 -10.250
3 7 -11.040 56.600 -10.250 -13.150 56.960 -10.250 -12.970 58.080 -10.250
3 7 -10.810 57.640 -10.250 -9.040 56.940 -10.250 -9.340 55.940 -10.250
3 7 -9.340 55.940 -10.250 -11.040 56.600 -10.250 -10.810 57.640 -10.250
3 7 -9.040 56.940 -10.250 -7.550 56.000 -10.250 -8.240 55.260 -10.250
3 7 -8.240 55.260 -10.250 -9.340 55.940 -10.250 -9.040 56.940 -10.250
3 14 -4.470 100.210 -10.250 -11.010 92.940 -10.250 -13.030 94.710 -10.250
3 14 -13.030 94.710 -10.250 -7.060 102.490 -10.250 -4.470 100.210 -10.250
3 14 -7.060 102.490 -10.250 -13.030 94.710 -10.250 -16.870 97.270 -10.250
3 14 -16.870 97.270 -10.250 -11.940 105.740 -10.250 -7.060 102.490 -10.250
3 14 6.260 87.290 -10.250 -2.230 82.390 -10.250 -4.180 85.310 -10.250
3 14 -4.180 85.310 -10.250 3.760 91.040 -10.250 6.260 87.290 -10.250
3 14 -0.550 78.990 -10.250 -2.230 82.390 -10.250 6.260 87.290 -10.250
3 14 6.260 87.290 -10.250 8.380 82.990 -10.250 -0.550 78.990 -10.250
3 14 12.140 71.260 -10.250 12.750 68.150 -10.250 3.040 66.870 -10.250
3 14 3.040 66.870 -10.250 2.570 69.230 -10.250 12.140 71.260 -10.250
3 14 12.750 68.150 -10.250 13.160 62.000 -10.250 3.360 62.000 -10.250
3 14 3.360 62.000 -10.250 3.040 66.870 -10.250 12.750 68.150 -10.250
3 14 0.200 45.320 -10.250 9.260 41.570 -10.250 8.920 40.880 -10.250
3 14 8.920 40.880 -10.250 -0.010 44.880 -10.250 0.200 45.320 -10.250
3 14 11.430 47.980 -10.250 9.260 41.570 -10.250 0.200 45.320 -10.250
3 14 0.200 45.320 -10.250 1.970 50.520 -10.250 11.430 47.980 -10.250
3 14 2.220 51.800 -10.250 11.790 49.770 -10.250 11.430 47.980 -10.250
3 14 11.430 47.980 -10.250 1.970 50.520 -10.250 2.220 51.800 -10.250
3 15 -19.420 63.940 -10.250 -20.760 62.430 -10.250 -21.740 62.570 -10.250
3 15 -21.740 62.570 -10.250 -21.740 63.940 -10.250 -19.420 63.940 -10.250
3 15 -20.760 62.430 -10.250 -19.420 63.940 -10.250 -20.030 62.030 -10.250
3 15 -17.810 60.580 -10.250 -19.560 61.360 -10.250 -20.030 62.030 -10.250
3 15 -20.030 62.030 -10.250 -19.420 63.940 -10.250 -17.810 60.580 -10.250
3 15 -19.560 61.360 -10.250 -17.810 60.580 -10.250 -19.420 60.580 -10.250
3 15 -19.420 63.940 -10.250 -19.420 71.180 -10.250 -17.810 71.180 -10.250
3 15 -17.810 71.180 -10.250 -17.810 60.580 -10.250 -19.420 63.940 -10.250
3 15 -13.400 63.380 -10.250 -14.800 63.380 -10.250 -14.800 68.380 -10.250
3 15 -14.800 68.380 -10.250 -13.400 68.380 -10.250 -13.400 63.380 -10.250
3 15 -9.200 63.380 -10.250 -10.600 63.380 -10.250 -10.600 68.380 -10.250
3 15 -10.600 68.380 -10.250 -9.200 68.380 -10.250 -9.200 63.380 -10.250
1 16 0.0000 60.0000 -10.2500 0.0000 0.0000 29.0000 59.0000 0.0000 0.0000 0.0000 0.2500 0.0000 box5-12.dat
1 0 -15.1700 48.8300 -10.2500 1.4000 0.0000 0.0000 0.0000 0.0000 -1.2000 0.0000 1.0000 0.0000 2-4ring4.dat
1 0 -15.1700 48.8300 -10.2500 2.8000 0.0000 0.0000 0.0000 0.0000 -2.4000 0.0000 1.0000 0.0000 2-4ring1.dat
1 0 -12.0000 63.3800 -10.2500 1.4000 0.0000 0.0000 0.0000 0.0000 -1.4000 0.0000 1.0000 0.0000 2-4chrd.dat
1 0 -12.0000 63.3800 -10.2500 2.8000 0.0000 0.0000 0.0000 0.0000 -2.8000 0.0000 1.0000 0.0000 2-4ndis.dat
1 0 -12.0000 68.3800 -10.2500 -1.4000 0.0000 0.0000 0.0000 0.0000 1.4000 0.0000 1.0000 0.0000 2-4chrd.dat
1 0 -12.0000 68.3800 -10.2500 -2.8000 0.0000 0.0000 0.0000 0.0000 2.8000 0.0000 1.0000 0.0000 2-4ndis.dat
1 15 -12.0000 63.3800 -10.2500 1.4000 0.0000 0.0000 0.0000 0.0000 -1.4000 0.0000 1.0000 0.0000 2-4ring1.dat
1 15 -12.0000 68.3800 -10.2500 -1.4000 0.0000 0.0000 0.0000 0.0000 1.4000 0.0000 1.0000 0.0000 2-4ring1.dat
1 16 -15.1700 48.8300 -10.2500 7.0000 0.0000 0.0000 0.0000 0.0000 -6.0000 0.0000 1.0000 0.0000 2-4ndis.dat
1 16 -10.3300 5.0500 -10.2500 5.6000 0.0000 0.0000 0.0000 0.0000 -5.6000 0.0000 1.0000 0.0000 type-swiss721bt-bold-n1.dat
3 16 -6.292 5.050 -10.250 -4.628 5.050 -10.250 -4.673 4.199 -10.250
3 16 -4.673 4.199 -10.250 -6.247 4.199 -10.250 -6.292 5.050 -10.250
3 16 -7.420 7.850 -10.250 -6.325 7.676 -10.250 -6.667 7.458 -10.250
3 16 -7.420 2.250 -10.250 -6.325 2.424 -10.250 -5.928 2.295 -10.250
3 16 -3.500 2.250 -10.250 -5.460 2.250 -10.250 -5.004 2.295 -10.250
3 16 -3.500 2.250 -10.250 -4.264 2.648 -10.250 -3.984 2.956 -10.250
3 16 -3.500 2.250 -10.250 -3.772 3.353 -10.250 -3.615 3.835 -10.250
3 16 -7.420 2.250 -10.250 -5.928 2.295 -10.250 -5.460 2.250 -10.250
3 16 -3.500 2.250 -10.250 -3.615 3.835 -10.250 -3.576 4.221 -10.250
3 16 -3.500 2.250 -10.250 -5.004 2.295 -10.250 -4.600 2.429 -10.250
3 16 -3.500 2.250 -10.250 -4.600 2.429 -10.250 -4.264 2.648 -10.250
3 16 -3.500 2.250 -10.250 -3.984 2.956 -10.250 -3.772 3.353 -10.250
3 16 -5.460 3.163 -10.250 -5.844 3.275 -10.250 -6.101 3.616 -10.250
3 16 -6.101 3.616 -10.250 -4.824 3.616 -10.250 -5.460 3.163 -10.250
3 16 -3.500 2.250 -10.250 -3.576 4.221 -10.250 -3.500 5.061 -10.250
3 16 -3.500 7.850 -10.250 -4.595 7.676 -10.250 -4.998 7.805 -10.250
3 16 -3.500 7.850 -10.250 -4.253 7.458 -10.250 -4.595 7.676 -10.250
3 16 -3.500 7.850 -10.250 -3.766 6.764 -10.250 -3.979 7.156 -10.250
3 16 -3.500 7.850 -10.250 -3.500 5.061 -10.250 -3.615 6.288 -10.250
3 16 -3.500 7.850 -10.250 -3.979 7.156 -10.250 -4.253 7.458 -10.250
3 16 -3.500 7.850 -10.250 -3.615 6.288 -10.250 -3.766 6.764 -10.250
3 16 -3.500 7.850 -10.250 -4.998 7.805 -10.250 -5.460 7.850 -10.250
3 16 -7.420 7.850 -10.250 -5.460 7.850 -10.250 -6.325 7.676 -10.250
3 16 -7.420 7.850 -10.250 -7.344 5.896 -10.250 -7.420 5.050 -10.250
3 16 -7.420 2.250 -10.250 -7.420 5.050 -10.250 -7.305 3.824 -10.250
3 16 -7.420 7.850 -10.250 -7.305 6.282 -10.250 -7.344 5.896 -10.250
3 16 -4.824 3.616 -10.250 -6.101 3.616 -10.250 -6.247 4.199 -10.250
3 16 -6.247 4.199 -10.250 -4.673 4.199 -10.250 -4.824 3.616 -10.250
3 16 -7.420 2.250 -10.250 -7.305 3.824 -10.250 -7.154 3.342 -10.250
3 16 -4.824 3.616 -10.250 -5.088 3.275 -10.250 -5.460 3.163 -10.250
3 16 -7.420 7.850 -10.250 -7.154 6.764 -10.250 -7.305 6.282 -10.250
3 16 -7.420 2.250 -10.250 -7.154 3.342 -10.250 -6.941 2.950 -10.250
3 16 -6.247 5.912 -10.250 -6.101 6.500 -10.250 -4.824 6.495 -10.250
3 16 -4.824 6.495 -10.250 -4.673 5.907 -10.250 -6.247 5.912 -10.250
3 16 -5.460 6.948 -10.250 -4.824 6.495 -10.250 -6.101 6.500 -10.250
3 16 -6.101 6.500 -10.250 -5.844 6.836 -10.250 -5.460 6.948 -10.250
3 16 -5.460 6.948 -10.250 -5.088 6.836 -10.250 -4.824 6.495 -10.250
3 16 -7.420 7.850 -10.250 -6.941 7.156 -10.250 -7.154 6.764 -10.250
3 16 -7.420 2.250 -10.250 -6.941 2.950 -10.250 -6.667 2.642 -10.250
3 16 -7.420 7.850 -10.250 -6.667 7.458 -10.250 -6.941 7.156 -10.250
3 16 -6.292 5.050 -10.250 -6.247 5.912 -10.250 -4.673 5.907 -10.250
3 16 -4.673 5.907 -10.250 -4.628 5.050 -10.250 -6.292 5.050 -10.250
3 16 -7.420 2.250 -10.250 -6.667 2.642 -10.250 -6.325 2.424 -10.250
3 0 -5.088 6.836 -10.250 -4.998 7.805 -10.250 -4.595 7.676 -10.250
3 0 -4.595 7.676 -10.250 -4.253 7.458 -10.250 -5.088 6.836 -10.250
3 0 -5.088 3.275 -10.250 -4.264 2.648 -10.250 -4.600 2.429 -10.250
3 0 -4.600 2.429 -10.250 -5.004 2.295 -10.250 -5.088 3.275 -10.250
3 0 -4.264 2.648 -10.250 -5.088 3.275 -10.250 -4.824 3.616 -10.250
3 0 -4.824 3.616 -10.250 -3.984 2.956 -10.250 -4.264 2.648 -10.250
3 0 -7.420 5.050 -10.250 -6.292 5.050 -10.250 -6.247 4.199 -10.250
3 0 -6.247 4.199 -10.250 -7.305 3.824 -10.250 -7.420 5.050 -10.250
3 0 -7.344 5.896 -10.250 -6.247 5.912 -10.250 -6.292 5.050 -10.250
3 0 -6.292 5.050 -10.250 -7.420 5.050 -10.250 -7.344 5.896 -10.250
3 0 -6.667 2.642 -10.250 -6.941 2.950 -10.250 -6.101 3.616 -10.250
3 0 -6.101 3.616 -10.250 -5.844 3.275 -10.250 -6.667 2.642 -10.250
3 0 -6.101 3.616 -10.250 -6.941 2.950 -10.250 -7.154 3.342 -10.250
3 0 -4.253 7.458 -10.250 -3.979 7.156 -10.250 -4.824 6.495 -10.250
3 0 -4.824 6.495 -10.250 -5.088 6.836 -10.250 -4.253 7.458 -10.250
3 0 -7.305 3.824 -10.250 -6.247 4.199 -10.250 -6.101 3.616 -10.250
3 0 -6.101 3.616 -10.250 -7.154 3.342 -10.250 -7.305 3.824 -10.250
3 0 -3.772 3.353 -10.250 -3.984 2.956 -10.250 -4.824 3.616 -10.250
3 0 -4.824 3.616 -10.250 -3.615 3.835 -10.250 -3.772 3.353 -10.250
3 0 -6.101 6.500 -10.250 -6.941 7.156 -10.250 -6.667 7.458 -10.250
3 0 -6.667 7.458 -10.250 -5.844 6.836 -10.250 -6.101 6.500 -10.250
3 0 -7.305 6.282 -10.250 -6.101 6.500 -10.250 -6.247 5.912 -10.250
3 0 -6.247 5.912 -10.250 -7.344 5.896 -10.250 -7.305 6.282 -10.250
3 0 -7.154 6.764 -10.250 -6.941 7.156 -10.250 -6.101 6.500 -10.250
3 0 -6.101 6.500 -10.250 -7.305 6.282 -10.250 -7.154 6.764 -10.250
3 0 -4.673 5.907 -10.250 -4.824 6.495 -10.250 -3.615 6.288 -10.250
3 0 -3.615 6.288 -10.250 -3.500 5.061 -10.250 -4.673 5.907 -10.250
3 0 -3.766 6.764 -10.250 -3.615 6.288 -10.250 -4.824 6.495 -10.250
3 0 -4.824 6.495 -10.250 -3.979 7.156 -10.250 -3.766 6.764 -10.250
3 0 -5.844 3.275 -10.250 -5.928 2.295 -10.250 -6.325 2.424 -10.250
3 0 -6.325 2.424 -10.250 -6.667 2.642 -10.250 -5.844 3.275 -10.250
3 0 -4.673 4.199 -10.250 -3.576 4.221 -10.250 -3.615 3.835 -10.250
3 0 -3.615 3.835 -10.250 -4.824 3.616 -10.250 -4.673 4.199 -10.250
3 0 -5.460 2.250 -10.250 -5.928 2.295 -10.250 -5.460 3.163 -10.250
3 0 -5.460 3.163 -10.250 -5.004 2.295 -10.250 -5.460 2.250 -10.250
3 0 -4.673 5.907 -10.250 -3.500 5.061 -10.250 -4.628 5.050 -10.250
3 0 -4.628 5.050 -10.250 -3.500 5.061 -10.250 -3.576 4.221 -10.250
3 0 -3.576 4.221 -10.250 -4.673 4.199 -10.250 -4.628 5.050 -10.250
3 0 -5.460 3.163 -10.250 -5.928 2.295 -10.250 -5.844 3.275 -10.250
3 0 -6.325 7.676 -10.250 -5.460 7.850 -10.250 -5.844 6.836 -10.250
3 0 -5.844 6.836 -10.250 -6.667 7.458 -10.250 -6.325 7.676 -10.250
3 0 -5.088 3.275 -10.250 -5.004 2.295 -10.250 -5.460 3.163 -10.250
3 0 -5.460 7.850 -10.250 -4.998 7.805 -10.250 -5.460 6.948 -10.250
3 0 -5.460 6.948 -10.250 -5.844 6.836 -10.250 -5.460 7.850 -10.250
3 0 -5.460 6.948 -10.250 -4.998 7.805 -10.250 -5.088 6.836 -10.250
3 16 1.690 11.500 -10.250 2.810 11.634 -10.250 3.583 11.500 -10.250
3 16 2.995 12.648 -10.250 2.838 12.962 -10.250 3.583 12.390 -10.250
3 16 3.583 12.390 -10.250 3.252 12.452 -10.250 2.995 12.648 -10.250
3 16 3.583 12.390 -10.250 2.838 12.962 -10.250 4.227 12.659 -10.250
3 16 4.227 12.659 -10.250 3.952 12.458 -10.250 3.583 12.390 -10.250
3 16 3.969 16.148 -10.250 4.232 15.879 -10.250 3.454 15.196 -10.250
3 16 3.454 15.196 -10.250 3.600 16.238 -10.250 3.969 16.148 -10.250
3 16 4.232 15.879 -10.250 4.406 15.437 -10.250 4.036 15.095 -10.250
3 16 4.036 15.095 -10.250 3.454 15.196 -10.250 4.232 15.879 -10.250
3 16 4.406 12.984 -10.250 4.227 12.659 -10.250 2.838 12.962 -10.250
3 16 3.975 14.261 -10.250 4.238 14.076 -10.250 4.412 13.785 -10.250
3 16 4.412 13.785 -10.250 3.622 14.317 -10.250 3.975 14.261 -10.250
3 16 2.838 13.774 -10.250 3.622 14.317 -10.250 4.412 13.785 -10.250
3 16 4.412 13.785 -10.250 4.468 13.398 -10.250 2.838 13.774 -10.250
3 16 2.782 13.382 -10.250 4.468 13.398 -10.250 4.406 12.984 -10.250
3 16 4.406 12.984 -10.250 2.838 12.962 -10.250 2.782 13.382 -10.250
3 16 4.468 13.398 -10.250 2.782 13.382 -10.250 2.838 13.774 -10.250
3 16 4.479 14.815 -10.250 4.036 15.095 -10.250 4.406 15.437 -10.250
3 16 1.690 11.500 -10.250 1.690 13.421 -10.250 1.808 12.642 -10.250
3 16 1.824 15.717 -10.250 1.802 14.149 -10.250 1.690 13.421 -10.250
3 16 1.690 13.421 -10.250 1.690 17.100 -10.250 1.824 15.717 -10.250
3 16 1.690 17.100 -10.250 1.970 16.294 -10.250 1.824 15.717 -10.250
3 16 2.166 14.714 -10.250 1.802 14.149 -10.250 1.824 15.717 -10.250
3 16 1.690 11.500 -10.250 1.808 12.642 -10.250 2.200 12.032 -10.250
3 16 5.610 11.500 -10.250 3.583 11.500 -10.250 4.059 11.545 -10.250
3 16 5.610 11.500 -10.250 5.330 12.570 -10.250 5.492 13.029 -10.250
3 16 5.610 11.500 -10.250 4.059 11.545 -10.250 4.468 11.674 -10.250
3 16 1.690 17.100 -10.250 2.312 16.730 -10.250 1.970 16.294 -10.250
3 16 5.610 11.500 -10.250 4.468 11.674 -10.250 4.815 11.886 -10.250
3 16 5.610 11.500 -10.250 4.815 11.886 -10.250 5.106 12.189 -10.250
3 16 5.610 11.500 -10.250 5.106 12.189 -10.250 5.330 12.570 -10.250
3 16 1.690 11.500 -10.250 2.200 12.032 -10.250 2.485 11.797 -10.250
3 16 5.610 11.500 -10.250 5.492 13.029 -10.250 5.610 14.188 -10.250
3 16 5.610 17.100 -10.250 5.308 15.941 -10.250 5.067 16.355 -10.250
3 16 5.610 17.100 -10.250 4.759 16.680 -10.250 4.389 16.915 -10.250
3 16 5.610 17.100 -10.250 5.610 14.188 -10.250 5.588 14.854 -10.250
3 16 5.610 17.100 -10.250 5.067 16.355 -10.250 4.759 16.680 -10.250
3 16 5.610 17.100 -10.250 3.964 17.055 -10.250 3.465 17.100 -10.250
3 16 5.610 17.100 -10.250 5.481 15.437 -10.250 5.308 15.941 -10.250
3 16 5.610 17.100 -10.250 5.588 14.854 -10.250 5.481 15.437 -10.250
3 16 5.610 17.100 -10.250 4.389 16.915 -10.250 3.964 17.055 -10.250
3 16 1.690 11.500 -10.250 2.485 11.797 -10.250 2.810 11.634 -10.250
3 16 1.690 17.100 -10.250 2.816 17.010 -10.250 2.312 16.730 -10.250
3 16 1.824 15.717 -10.250 2.928 15.717 -10.250 2.732 15.073 -10.250
3 16 2.732 15.073 -10.250 2.166 14.714 -10.250 1.824 15.717 -10.250
3 16 2.838 13.774 -10.250 3.000 14.070 -10.250 3.264 14.255 -10.250
3 16 3.264 14.255 -10.250 3.622 14.317 -10.250 2.838 13.774 -10.250
3 16 1.690 17.100 -10.250 3.465 17.100 -10.250 2.816 17.010 -10.250
3 16 2.928 15.717 -10.250 3.000 15.946 -10.250 3.454 15.196 -10.250
3 16 3.454 15.196 -10.250 2.732 15.073 -10.250 2.928 15.717 -10.250
3 16 3.000 15.946 -10.250 3.129 16.109 -10.250 3.454 15.196 -10.250
3 16 3.454 15.196 -10.250 3.129 16.109 -10.250 3.331 16.204 -10.250
3 16 3.331 16.204 -10.250 3.600 16.238 -10.250 3.454 15.196 -10.250
3 0 3.583 11.500 -10.250 2.810 11.634 -10.250 3.252 12.452 -10.250
3 0 3.252 12.452 -10.250 3.583 12.390 -10.250 3.583 11.500 -10.250
3 0 3.465 17.100 -10.250 3.964 17.055 -10.250 3.600 16.238 -10.250
3 0 3.600 16.238 -10.250 3.331 16.204 -10.250 3.465 17.100 -10.250
3 0 3.969 16.148 -10.250 3.600 16.238 -10.250 3.964 17.055 -10.250
3 0 3.964 17.055 -10.250 4.389 16.915 -10.250 3.969 16.148 -10.250
3 0 3.622 14.317 -10.250 3.454 15.196 -10.250 4.036 15.095 -10.250
3 0 3.583 12.390 -10.250 3.952 12.458 -10.250 4.059 11.545 -10.250
3 0 4.059 11.545 -10.250 3.583 11.500 -10.250 3.583 12.390 -10.250
3 0 3.952 12.458 -10.250 4.227 12.659 -10.250 4.468 11.674 -10.250
3 0 4.468 11.674 -10.250 4.059 11.545 -10.250 3.952 12.458 -10.250
3 0 4.412 13.785 -10.250 4.238 14.076 -10.250 4.479 14.815 -10.250
3 0 4.479 14.815 -10.250 5.610 14.188 -10.250 4.412 13.785 -10.250
3 0 3.975 14.261 -10.250 4.479 14.815 -10.250 4.238 14.076 -10.250
3 0 4.036 15.095 -10.250 4.479 14.815 -10.250 3.975 14.261 -10.250
3 0 3.975 14.261 -10.250 3.622 14.317 -10.250 4.036 15.095 -10.250
3 0 4.759 16.680 -10.250 4.232 15.879 -10.250 3.969 16.148 -10.250
3 0 3.969 16.148 -10.250 4.389 16.915 -10.250 4.759 16.680 -10.250
3 0 4.815 11.886 -10.250 4.468 11.674 -10.250 4.227 12.659 -10.250
3 0 4.227 12.659 -10.250 5.106 12.189 -10.250 4.815 11.886 -10.250
3 0 4.232 15.879 -10.250 4.759 16.680 -10.250 5.067 16.355 -10.250
3 0 5.067 16.355 -10.250 5.308 15.941 -10.250 4.232 15.879 -10.250
3 0 4.406 12.984 -10.250 5.330 12.570 -10.250 5.106 12.189 -10.250
3 0 5.106 12.189 -10.250 4.227 12.659 -10.250 4.406 12.984 -10.250
3 0 5.308 15.941 -10.250 5.481 15.437 -10.250 4.406 15.437 -10.250
3 0 4.406 15.437 -10.250 4.232 15.879 -10.250 5.308 15.941 -10.250
3 0 4.479 14.815 -10.250 4.406 15.437 -10.250 5.481 15.437 -10.250
3 0 5.481 15.437 -10.250 5.588 14.854 -10.250 4.479 14.815 -10.250
3 0 4.406 12.984 -10.250 4.468 13.398 -10.250 5.492 13.029 -10.250
3 0 5.492 13.029 -10.250 5.330 12.570 -10.250 4.406 12.984 -10.250
3 0 4.479 14.815 -10.250 5.588 14.854 -10.250 5.610 14.188 -10.250
3 0 5.610 14.188 -10.250 5.492 13.029 -10.250 4.468 13.398 -10.250
3 0 4.468 13.398 -10.250 4.412 13.785 -10.250 5.610 14.188 -10.250
3 0 2.200 12.032 -10.250 1.808 12.642 -10.250 2.838 12.962 -10.250
3 0 2.838 12.962 -10.250 2.995 12.648 -10.250 2.200 12.032 -10.250
3 0 2.782 13.382 -10.250 2.838 12.962 -10.250 1.808 12.642 -10.250
3 0 1.808 12.642 -10.250 1.690 13.421 -10.250 2.782 13.382 -10.250
3 0 1.690 13.421 -10.250 1.802 14.149 -10.250 2.838 13.774 -10.250
3 0 2.838 13.774 -10.250 2.782 13.382 -10.250 1.690 13.421 -10.250
3 0 2.928 15.717 -10.250 1.824 15.717 -10.250 1.970 16.294 -10.250
3 0 1.970 16.294 -10.250 3.000 15.946 -10.250 2.928 15.717 -10.250
3 0 2.166 14.714 -10.250 3.000 14.070 -10.250 2.838 13.774 -10.250
3 0 2.838 13.774 -10.250 1.802 14.149 -10.250 2.166 14.714 -10.250
3 0 3.000 14.070 -10.250 2.166 14.714 -10.250 2.732 15.073 -10.250
3 0 2.732 15.073 -10.250 3.264 14.255 -10.250 3.000 14.070 -10.250
3 0 2.312 16.730 -10.250 3.129 16.109 -10.250 3.000 15.946 -10.250
3 0 3.000 15.946 -10.250 1.970 16.294 -10.250 2.312 16.730 -10.250
3 0 2.816 17.010 -10.250 3.129 16.109 -10.250 2.312 16.730 -10.250
3 0 3.252 12.452 -10.250 2.810 11.634 -10.250 2.485 11.797 -10.250
3 0 2.995 12.648 -10.250 3.252 12.452 -10.250 2.485 11.797 -10.250
3 0 2.485 11.797 -10.250 2.200 12.032 -10.250 2.995 12.648 -10.250
3 0 3.331 16.204 -10.250 3.129 16.109 -10.250 2.816 17.010 -10.250
3 0 2.816 17.010 -10.250 3.465 17.100 -10.250 3.331 16.204 -10.250
3 0 3.264 14.255 -10.250 2.732 15.073 -10.250 3.454 15.196 -10.250
3 0 3.454 15.196 -10.250 3.622 14.317 -10.250 3.264 14.255 -10.250
3 16 13.238 22.468 -10.250 13.680 23.084 -10.250 13.630 22.810 -10.250
3 16 13.630 22.810 -10.250 13.479 22.603 -10.250 13.238 22.468 -10.250
3 16 13.720 25.078 -10.250 13.540 24.815 -10.250 13.272 24.647 -10.250
3 16 13.272 24.647 -10.250 13.781 25.414 -10.250 13.720 25.078 -10.250
3 16 10.970 27.150 -10.250 11.099 26.164 -10.250 10.970 25.453 -10.250
3 16 11.020 25.022 -10.250 11.121 23.045 -10.250 10.970 21.550 -10.250
3 16 10.970 21.550 -10.250 10.970 25.453 -10.250 11.020 25.022 -10.250
3 16 13.277 26.187 -10.250 13.546 26.019 -10.250 13.720 25.761 -10.250
3 16 13.720 25.761 -10.250 13.781 25.414 -10.250 13.277 26.187 -10.250
3 16 11.155 23.398 -10.250 11.121 23.045 -10.250 11.020 25.022 -10.250
3 16 11.020 25.022 -10.250 11.160 24.669 -10.250 11.155 23.398 -10.250
3 16 12.930 26.243 -10.250 13.781 25.414 -10.250 12.930 24.585 -10.250
3 16 12.930 24.585 -10.250 12.068 25.414 -10.250 12.930 26.243 -10.250
3 16 12.930 26.243 -10.250 13.277 26.187 -10.250 13.781 25.414 -10.250
3 16 13.781 25.414 -10.250 13.272 24.647 -10.250 12.930 24.585 -10.250
3 16 10.970 21.550 -10.250 11.121 23.045 -10.250 11.239 22.418 -10.250
3 16 11.272 23.689 -10.250 11.155 23.398 -10.250 11.160 24.669 -10.250
3 16 11.160 24.669 -10.250 11.407 24.372 -10.250 11.272 23.689 -10.250
3 16 11.468 23.930 -10.250 11.272 23.689 -10.250 11.407 24.372 -10.250
3 16 10.970 27.150 -10.250 11.485 26.702 -10.250 11.099 26.164 -10.250
3 16 14.358 23.941 -10.250 14.084 24.137 -10.250 14.425 24.356 -10.250
3 16 10.970 21.550 -10.250 11.239 22.418 -10.250 11.597 21.948 -10.250
3 16 11.765 24.137 -10.250 11.468 23.930 -10.250 11.407 24.372 -10.250
3 16 14.425 24.356 -10.250 14.677 24.647 -10.250 14.565 23.695 -10.250
3 16 14.565 23.695 -10.250 14.358 23.941 -10.250 14.425 24.356 -10.250
3 16 10.970 27.150 -10.250 12.096 27.038 -10.250 11.485 26.702 -10.250
3 16 14.677 24.647 -10.250 14.834 25.011 -10.250 14.688 23.398 -10.250
3 16 14.688 23.398 -10.250 14.565 23.695 -10.250 14.677 24.647 -10.250
3 16 14.728 23.045 -10.250 14.688 23.398 -10.250 14.834 25.011 -10.250
3 16 14.890 21.550 -10.250 12.930 21.550 -10.250 13.675 21.651 -10.250
3 16 14.890 21.550 -10.250 14.728 23.045 -10.250 14.834 25.011 -10.250
3 16 14.834 25.011 -10.250 14.890 25.453 -10.250 14.890 21.550 -10.250
3 16 14.890 21.550 -10.250 13.675 21.651 -10.250 14.246 21.948 -10.250
3 16 14.890 21.550 -10.250 14.246 21.948 -10.250 14.604 22.418 -10.250
3 16 14.890 21.550 -10.250 14.604 22.418 -10.250 14.728 23.045 -10.250
3 16 10.970 21.550 -10.250 11.597 21.948 -10.250 12.168 21.651 -10.250
3 16 14.890 27.150 -10.250 14.756 26.159 -10.250 14.364 26.696 -10.250
3 16 14.890 27.150 -10.250 14.890 25.453 -10.250 14.756 26.159 -10.250
3 16 14.890 27.150 -10.250 13.742 27.038 -10.250 12.930 27.150 -10.250
3 16 14.890 27.150 -10.250 14.364 26.696 -10.250 13.742 27.038 -10.250
3 16 12.364 22.608 -10.250 12.202 22.816 -10.250 12.152 23.084 -10.250
3 16 12.152 23.084 -10.250 12.611 22.474 -10.250 12.364 22.608 -10.250
3 16 12.560 26.187 -10.250 12.068 25.414 -10.250 12.124 25.767 -10.250
3 16 12.124 25.767 -10.250 12.292 26.030 -10.250 12.560 26.187 -10.250
3 16 12.124 25.084 -10.250 12.068 25.414 -10.250 12.577 24.647 -10.250
3 16 12.577 24.647 -10.250 12.303 24.820 -10.250 12.124 25.084 -10.250
3 16 12.594 23.695 -10.250 12.152 23.084 -10.250 12.202 23.359 -10.250
3 16 12.202 23.359 -10.250 12.353 23.566 -10.250 12.594 23.695 -10.250
3 16 12.611 22.474 -10.250 12.152 23.084 -10.250 12.594 23.695 -10.250
3 16 12.594 23.695 -10.250 12.930 23.740 -10.250 12.611 22.474 -10.250
3 16 10.970 21.550 -10.250 12.168 21.651 -10.250 12.930 21.550 -10.250
3 16 10.970 27.150 -10.250 12.930 27.150 -10.250 12.096 27.038 -10.250
3 16 12.068 25.414 -10.250 12.930 24.585 -10.250 12.577 24.647 -10.250
3 16 12.068 25.414 -10.250 12.560 26.187 -10.250 12.930 26.243 -10.250
3 16 12.930 23.740 -10.250 13.238 22.468 -10.250 12.924 22.424 -10.250
3 16 12.924 22.424 -10.250 12.611 22.474 -10.250 12.930 23.740 -10.250
3 16 13.249 23.695 -10.250 13.680 23.084 -10.250 13.238 22.468 -10.250
3 16 13.238 22.468 -10.250 12.930 23.740 -10.250 13.249 23.695 -10.250
3 16 13.636 23.359 -10.250 13.680 23.084 -10.250 13.249 23.695 -10.250
3 16 13.249 23.695 -10.250 13.490 23.566 -10.250 13.636 23.359 -10.250
3 0 12.930 27.150 -10.250 13.742 27.038 -10.250 13.277 26.187 -10.250
3 0 13.277 26.187 -10.250 12.930 26.243 -10.250 12.930 27.150 -10.250
3 0 13.249 23.695 -10.250 13.272 24.647 -10.250 14.084 24.137 -10.250
3 0 14.084 24.137 -10.250 13.490 23.566 -10.250 13.249 23.695 -10.250
3 0 13.636 23.359 -10.250 13.490 23.566 -10.250 14.084 24.137 -10.250
3 0 14.084 24.137 -10.250 14.358 23.941 -10.250 13.636 23.359 -10.250
3 0 14.084 24.137 -10.250 13.272 24.647 -10.250 13.540 24.815 -10.250
3 0 13.540 24.815 -10.250 14.425 24.356 -10.250 14.084 24.137 -10.250
3 0 13.479 22.603 -10.250 13.630 22.810 -10.250 14.246 21.948 -10.250
3 0 14.246 21.948 -10.250 13.675 21.651 -10.250 13.479 22.603 -10.250
3 0 13.742 27.038 -10.250 14.364 26.696 -10.250 13.546 26.019 -10.250
3 0 13.546 26.019 -10.250 13.277 26.187 -10.250 13.742 27.038 -10.250
3 0 14.425 24.356 -10.250 13.540 24.815 -10.250 13.720 25.078 -10.250
3 0 13.720 25.078 -10.250 14.677 24.647 -10.250 14.425 24.356 -10.250
3 0 13.636 23.359 -10.250 14.358 23.941 -10.250 14.565 23.695 -10.250
3 0 14.565 23.695 -10.250 14.688 23.398 -10.250 13.636 23.359 -10.250
3 0 14.604 22.418 -10.250 14.246 21.948 -10.250 13.630 22.810 -10.250
3 0 13.630 22.810 -10.250 14.728 23.045 -10.250 14.604 22.418 -10.250
3 0 11.020 25.022 -10.250 10.970 25.453 -10.250 12.068 25.414 -10.250
3 0 12.068 25.414 -10.250 12.124 25.084 -10.250 11.020 25.022 -10.250
3 0 10.970 25.453 -10.250 11.099 26.164 -10.250 12.124 25.767 -10.250
3 0 12.124 25.767 -10.250 12.068 25.414 -10.250 10.970 25.453 -10.250
3 0 14.688 23.398 -10.250 14.728 23.045 -10.250 13.680 23.084 -10.250
3 0 13.680 23.084 -10.250 13.636 23.359 -10.250 14.688 23.398 -10.250
3 0 12.124 25.767 -10.250 11.099 26.164 -10.250 11.485 26.702 -10.250
3 0 11.485 26.702 -10.250 12.292 26.030 -10.250 12.124 25.767 -10.250
3 0 13.680 23.084 -10.250 14.728 23.045 -10.250 13.630 22.810 -10.250
3 0 14.364 26.696 -10.250 14.756 26.159 -10.250 13.720 25.761 -10.250
3 0 13.720 25.761 -10.250 13.546 26.019 -10.250 14.364 26.696 -10.250
3 0 11.160 24.669 -10.250 11.020 25.022 -10.250 12.124 25.084 -10.250
3 0 12.124 25.084 -10.250 11.407 24.372 -10.250 11.160 24.669 -10.250
3 0 13.720 25.078 -10.250 13.781 25.414 -10.250 14.834 25.011 -10.250
3 0 14.834 25.011 -10.250 14.677 24.647 -10.250 13.720 25.078 -10.250
3 0 14.890 25.453 -10.250 14.834 25.011 -10.250 13.781 25.414 -10.250
3 0 13.781 25.414 -10.250 13.720 25.761 -10.250 14.890 25.453 -10.250
3 0 11.155 23.398 -10.250 12.202 23.359 -10.250 12.152 23.084 -10.250
3 0 12.152 23.084 -10.250 11.121 23.045 -10.250 11.155 23.398 -10.250
3 0 13.720 25.761 -10.250 14.756 26.159 -10.250 14.890 25.453 -10.250
3 0 12.202 23.359 -10.250 11.468 23.930 -10.250 11.765 24.137 -10.250
3 0 11.765 24.137 -10.250 12.353 23.566 -10.250 12.202 23.359 -10.250
3 0 12.202 23.359 -10.250 11.155 23.398 -10.250 11.272 23.689 -10.250
3 0 11.272 23.689 -10.250 11.468 23.930 -10.250 12.202 23.359 -10.250
3 0 11.121 23.045 -10.250 12.152 23.084 -10.250 12.202 22.816 -10.250
3 0 12.202 22.816 -10.250 11.239 22.418 -10.250 11.121 23.045 -10.250
3 0 12.292 26.030 -10.250 11.485 26.702 -10.250 12.096 27.038 -10.250
3 0 12.096 27.038 -10.250 12.560 26.187 -10.250 12.292 26.030 -10.250
3 0 12.303 24.820 -10.250 11.765 24.137 -10.250 11.407 24.372 -10.250
3 0 11.407 24.372 -10.250 12.124 25.084 -10.250 12.303 24.820 -10.250
3 0 12.168 21.651 -10.250 11.597 21.948 -10.250 12.364 22.608 -10.250
3 0 12.364 22.608 -10.250 12.611 22.474 -10.250 12.168 21.651 -10.250
3 0 12.202 22.816 -10.250 12.364 22.608 -10.250 11.597 21.948 -10.250
3 0 11.597 21.948 -10.250 11.239 22.418 -10.250 12.202 22.816 -10.250
3 0 12.577 24.647 -10.250 12.594 23.695 -10.250 11.765 24.137 -10.250
3 0 11.765 24.137 -10.250 12.303 24.820 -10.250 12.577 24.647 -10.250
3 0 12.353 23.566 -10.250 11.765 24.137 -10.250 12.594 23.695 -10.250
3 0 12.930 21.550 -10.250 12.168 21.651 -10.250 12.611 22.474 -10.250
3 0 12.611 22.474 -10.250 12.924 22.424 -10.250 12.930 21.550 -10.250
3 0 12.930 24.585 -10.250 12.930 23.740 -10.250 12.594 23.695 -10.250
3 0 12.594 23.695 -10.250 12.577 24.647 -10.250 12.930 24.585 -10.250
3 0 12.930 27.150 -10.250 12.930 26.243 -10.250 12.560 26.187 -10.250
3 0 12.560 26.187 -10.250 12.096 27.038 -10.250 12.930 27.150 -10.250
3 0 12.930 21.550 -10.250 12.924 22.424 -10.250 13.238 22.468 -10.250
3 0 13.238 22.468 -10.250 13.675 21.651 -10.250 12.930 21.550 -10.250
3 0 12.930 24.585 -10.250 13.272 24.647 -10.250 13.249 23.695 -10.250
3 0 13.249 23.695 -10.250 12.930 23.740 -10.250 12.930 24.585 -10.250
3 0 13.479 22.603 -10.250 13.675 21.651 -10.250 13.238 22.468 -10.250
3 16 21.001 38.580 -10.250 21.001 33.842 -10.250 20.749 34.167 -10.250
3 16 20.161 34.923 -10.250 19.540 36.066 -10.250 21.001 38.580 -10.250
3 16 21.001 38.580 -10.250 20.749 34.167 -10.250 20.161 34.923 -10.250
3 16 21.001 38.580 -10.250 19.540 36.066 -10.250 19.136 37.275 -10.250
3 16 19.136 37.275 -10.250 18.940 38.580 -10.250 21.001 38.580 -10.250
3 16 16.919 38.580 -10.250 17.731 38.580 -10.250 17.904 37.404 -10.250
3 16 16.919 33.971 -10.250 16.919 38.580 -10.250 17.904 37.404 -10.250
3 16 17.904 37.404 -10.250 18.302 36.239 -10.250 16.919 33.971 -10.250
3 16 18.918 35.091 -10.250 19.752 33.971 -10.250 16.919 33.971 -10.250
3 16 18.302 36.239 -10.250 18.918 35.091 -10.250 16.919 33.971 -10.250
3 0 21.001 32.980 -10.250 16.919 32.980 -10.250 21.001 33.842 -10.250
3 0 18.940 38.580 -10.250 19.136 37.275 -10.250 17.904 37.404 -10.250
3 0 17.904 37.404 -10.250 17.731 38.580 -10.250 18.940 38.580 -10.250
3 0 18.302 36.239 -10.250 17.904 37.404 -10.250 19.136 37.275 -10.250
3 0 19.136 37.275 -10.250 19.540 36.066 -10.250 18.302 36.239 -10.250
3 0 16.919 32.980 -10.250 16.919 33.971 -10.250 19.752 33.971 -10.250
3 0 19.752 33.971 -10.250 21.001 33.842 -10.250 16.919 32.980 -10.250
3 0 19.540 36.066 -10.250 20.161 34.923 -10.250 18.918 35.091 -10.250
3 0 18.918 35.091 -10.250 18.302 36.239 -10.250 19.540 36.066 -10.250
3 0 19.752 33.971 -10.250 18.918 35.091 -10.250 20.161 34.923 -10.250
3 0 20.161 34.923 -10.250 20.749 34.167 -10.250 19.752 33.971 -10.250
3 0 19.752 33.971 -10.250 20.749 34.167 -10.250 21.001 33.842 -10.250
3 16 22.307 49.328 -10.250 22.368 49.743 -10.250 23.987 49.328 -10.250
3 16 23.987 49.328 -10.250 22.363 48.942 -10.250 22.307 49.328 -10.250
3 16 21.170 48.528 -10.250 21.170 51.210 -10.250 21.293 49.692 -10.250
3 16 21.170 45.610 -10.250 21.170 48.528 -10.250 21.304 47.279 -10.250
3 16 21.170 51.210 -10.250 21.456 50.152 -10.250 21.293 49.692 -10.250
3 16 21.170 45.610 -10.250 21.304 47.279 -10.250 21.472 46.780 -10.250
3 16 21.170 51.210 -10.250 21.680 50.532 -10.250 21.456 50.152 -10.250
3 16 24.048 47.637 -10.250 24.944 47.010 -10.250 23.852 47.010 -10.250
3 16 23.852 47.010 -10.250 23.332 47.520 -10.250 24.048 47.637 -10.250
3 16 24.048 47.637 -10.250 24.614 48.007 -10.250 24.944 47.010 -10.250
3 16 21.170 45.610 -10.250 21.472 46.780 -10.250 21.713 46.366 -10.250
3 16 21.170 51.210 -10.250 21.965 50.829 -10.250 21.680 50.532 -10.250
3 16 24.614 48.007 -10.250 24.972 48.572 -10.250 24.944 47.010 -10.250
3 16 25.090 45.610 -10.250 23.953 45.705 -10.250 24.463 45.985 -10.250
3 16 25.090 45.610 -10.250 24.463 45.985 -10.250 24.804 46.433 -10.250
3 16 21.170 45.610 -10.250 21.713 46.366 -10.250 22.021 46.036 -10.250
3 16 25.090 45.610 -10.250 23.304 45.610 -10.250 23.953 45.705 -10.250
3 16 25.090 45.610 -10.250 24.804 46.433 -10.250 24.944 47.010 -10.250
3 16 25.090 49.306 -10.250 25.090 45.610 -10.250 24.944 47.010 -10.250
3 16 24.944 47.010 -10.250 24.972 48.572 -10.250 25.090 49.306 -10.250
3 16 25.090 51.210 -10.250 24.284 50.919 -10.250 23.959 51.081 -10.250
3 16 25.090 51.210 -10.250 24.799 50.404 -10.250 24.569 50.689 -10.250
3 16 25.090 51.210 -10.250 24.961 50.079 -10.250 24.799 50.404 -10.250
3 16 25.090 51.210 -10.250 24.569 50.689 -10.250 24.284 50.919 -10.250
3 16 25.090 51.210 -10.250 23.959 51.081 -10.250 23.186 51.210 -10.250
3 16 25.090 51.210 -10.250 25.090 49.306 -10.250 24.961 50.079 -10.250
3 16 21.170 51.210 -10.250 22.307 51.042 -10.250 21.965 50.829 -10.250
3 16 21.170 45.610 -10.250 22.021 46.036 -10.250 22.385 45.800 -10.250
3 16 21.170 51.210 -10.250 22.716 51.171 -10.250 22.307 51.042 -10.250
3 16 22.548 46.836 -10.250 22.374 47.279 -10.250 22.749 47.615 -10.250
3 16 22.749 47.615 -10.250 23.332 47.520 -10.250 22.548 46.836 -10.250
3 16 22.296 47.906 -10.250 22.749 47.615 -10.250 22.374 47.279 -10.250
3 16 22.800 48.466 -10.250 22.536 48.645 -10.250 22.363 48.942 -10.250
3 16 22.363 48.942 -10.250 23.147 48.404 -10.250 22.800 48.466 -10.250
3 16 21.170 45.610 -10.250 22.385 45.800 -10.250 22.816 45.660 -10.250
3 16 21.170 51.210 -10.250 23.186 51.210 -10.250 22.716 51.171 -10.250
3 16 21.170 45.610 -10.250 22.816 45.660 -10.250 23.304 45.610 -10.250
3 16 22.816 46.573 -10.250 22.548 46.836 -10.250 23.332 47.520 -10.250
3 16 23.332 47.520 -10.250 23.169 46.484 -10.250 22.816 46.573 -10.250
3 16 23.332 47.520 -10.250 23.640 46.618 -10.250 23.438 46.517 -10.250
3 16 23.438 46.517 -10.250 23.169 46.484 -10.250 23.332 47.520 -10.250
3 16 23.186 50.336 -10.250 23.522 50.269 -10.250 23.774 50.068 -10.250
3 16 23.774 50.068 -10.250 23.931 49.748 -10.250 23.186 50.336 -10.250
3 16 23.332 47.520 -10.250 23.852 47.010 -10.250 23.774 46.786 -10.250
3 16 23.774 46.786 -10.250 23.640 46.618 -10.250 23.332 47.520 -10.250
3 16 23.505 48.466 -10.250 23.147 48.404 -10.250 23.931 48.942 -10.250
3 16 23.931 48.942 -10.250 23.768 48.645 -10.250 23.505 48.466 -10.250
3 16 23.931 48.942 -10.250 23.147 48.404 -10.250 22.363 48.942 -10.250
3 16 22.363 48.942 -10.250 23.987 49.328 -10.250 23.931 48.942 -10.250
3 16 23.186 50.336 -10.250 23.931 49.748 -10.250 22.548 50.062 -10.250
3 16 22.548 50.062 -10.250 22.822 50.269 -10.250 23.186 50.336 -10.250
3 16 22.368 49.743 -10.250 22.548 50.062 -10.250 23.931 49.748 -10.250
3 16 23.931 49.748 -10.250 23.987 49.328 -10.250 22.368 49.743 -10.250
3 0 24.048 47.637 -10.250 23.505 48.466 -10.250 23.768 48.645 -10.250
3 0 23.768 48.645 -10.250 24.614 48.007 -10.250 24.048 47.637 -10.250
3 0 23.505 48.466 -10.250 24.048 47.637 -10.250 23.332 47.520 -10.250
3 0 23.332 47.520 -10.250 23.147 48.404 -10.250 23.505 48.466 -10.250
3 0 23.522 50.269 -10.250 23.959 51.081 -10.250 24.284 50.919 -10.250
3 0 24.284 50.919 -10.250 23.774 50.068 -10.250 23.522 50.269 -10.250
3 0 23.640 46.618 -10.250 24.463 45.985 -10.250 23.953 45.705 -10.250
3 0 23.953 45.705 -10.250 23.438 46.517 -10.250 23.640 46.618 -10.250
3 0 24.463 45.985 -10.250 23.640 46.618 -10.250 23.774 46.786 -10.250
3 0 23.774 46.786 -10.250 24.804 46.433 -10.250 24.463 45.985 -10.250
3 0 24.614 48.007 -10.250 23.768 48.645 -10.250 23.931 48.942 -10.250
3 0 23.931 48.942 -10.250 24.972 48.572 -10.250 24.614 48.007 -10.250
3 0 23.931 49.748 -10.250 23.774 50.068 -10.250 24.799 50.404 -10.250
3 0 24.799 50.404 -10.250 24.961 50.079 -10.250 23.931 49.748 -10.250
3 0 24.569 50.689 -10.250 24.799 50.404 -10.250 23.774 50.068 -10.250
3 0 23.774 50.068 -10.250 24.284 50.919 -10.250 24.569 50.689 -10.250
3 0 23.852 47.010 -10.250 24.944 47.010 -10.250 24.804 46.433 -10.250
3 0 24.804 46.433 -10.250 23.774 46.786 -10.250 23.852 47.010 -10.250
3 0 24.961 50.079 -10.250 25.090 49.306 -10.250 23.987 49.328 -10.250
3 0 23.987 49.328 -10.250 23.931 49.748 -10.250 24.961 50.079 -10.250
3 0 25.090 49.306 -10.250 24.972 48.572 -10.250 23.931 48.942 -10.250
3 0 23.931 48.942 -10.250 23.987 49.328 -10.250 25.090 49.306 -10.250
3 0 22.536 48.645 -10.250 22.296 47.906 -10.250 21.170 48.528 -10.250
3 0 21.170 48.528 -10.250 21.293 49.692 -10.250 22.363 48.942 -10.250
3 0 22.363 48.942 -10.250 22.536 48.645 -10.250 21.170 48.528 -10.250
3 0 22.307 49.328 -10.250 22.363 48.942 -10.250 21.293 49.692 -10.250
3 0 22.368 49.743 -10.250 22.307 49.328 -10.250 21.293 49.692 -10.250
3 0 21.293 49.692 -10.250 21.456 50.152 -10.250 22.368 49.743 -10.250
3 0 22.368 49.743 -10.250 21.456 50.152 -10.250 21.680 50.532 -10.250
3 0 21.680 50.532 -10.250 22.548 50.062 -10.250 22.368 49.743 -10.250
3 0 22.296 47.906 -10.250 22.374 47.279 -10.250 21.304 47.279 -10.250
3 0 21.304 47.279 -10.250 21.170 48.528 -10.250 22.296 47.906 -10.250
3 0 21.304 47.279 -10.250 22.374 47.279 -10.250 21.472 46.780 -10.250
3 0 21.472 46.780 -10.250 22.374 47.279 -10.250 22.548 46.836 -10.250
3 0 22.548 46.836 -10.250 21.713 46.366 -10.250 21.472 46.780 -10.250
3 0 22.021 46.036 -10.250 21.713 46.366 -10.250 22.548 46.836 -10.250
3 0 22.548 46.836 -10.250 22.816 46.573 -10.250 22.021 46.036 -10.250
3 0 22.548 50.062 -10.250 21.680 50.532 -10.250 21.965 50.829 -10.250
3 0 21.965 50.829 -10.250 22.307 51.042 -10.250 22.548 50.062 -10.250
3 0 22.800 48.466 -10.250 22.749 47.615 -10.250 22.296 47.906 -10.250
3 0 22.296 47.906 -10.250 22.536 48.645 -10.250 22.800 48.466 -10.250
3 0 22.385 45.800 -10.250 22.021 46.036 -10.250 22.816 46.573 -10.250
3 0 22.816 46.573 -10.250 22.816 45.660 -10.250 22.385 45.800 -10.250
3 0 22.307 51.042 -10.250 22.716 51.171 -10.250 22.822 50.269 -10.250
3 0 22.822 50.269 -10.250 22.548 50.062 -10.250 22.307 51.042 -10.250
3 0 22.749 47.615 -10.250 22.800 48.466 -10.250 23.147 48.404 -10.250
3 0 23.147 48.404 -10.250 23.332 47.520 -10.250 22.749 47.615 -10.250
3 0 22.716 51.171 -10.250 23.186 51.210 -10.250 23.186 50.336 -10.250
3 0 23.186 50.336 -10.250 22.822 50.269 -10.250 22.716 51.171 -10.250
3 0 23.169 46.484 -10.250 23.304 45.610 -10.250 22.816 45.660 -10.250
3 0 22.816 45.660 -10.250 22.816 46.573 -10.250 23.169 46.484 -10.250
3 0 23.304 45.610 -10.250 23.169 46.484 -10.250 23.438 46.517 -10.250
3 0 23.438 46.517 -10.250 23.953 45.705 -10.250 23.304 45.610 -10.250
3 0 23.522 50.269 -10.250 23.186 50.336 -10.250 23.186 51.210 -10.250
3 0 23.186 51.210 -10.250 23.959 51.081 -10.250 23.522 50.269 -10.250
3 16 25.372 60.134 -10.250 25.965 60.515 -10.250 26.240 59.182 -10.250
3 16 22.465 63.830 -10.250 24.386 63.830 -10.250 23.613 63.718 -10.250
3 16 24.403 60.907 -10.250 23.977 61.008 -10.250 23.664 61.293 -10.250
3 16 23.664 61.293 -10.250 25.265 61.489 -10.250 24.403 60.907 -10.250
3 16 26.240 59.182 -10.250 25.965 60.515 -10.250 26.346 61.108 -10.250
3 16 26.346 61.108 -10.250 26.475 58.230 -10.250 26.240 59.182 -10.250
3 16 26.475 58.230 -10.250 26.240 58.230 -10.250 26.240 59.182 -10.250
3 16 22.465 63.830 -10.250 22.622 62.861 -10.250 22.465 62.167 -10.250
3 16 26.475 58.230 -10.250 26.346 61.108 -10.250 26.475 61.853 -10.250
3 16 26.475 63.830 -10.250 26.475 61.853 -10.250 26.335 62.665 -10.250
3 16 26.475 63.830 -10.250 25.607 63.528 -10.250 25.248 63.696 -10.250
3 16 24.616 60.005 -10.250 23.804 59.182 -10.250 24.089 60.078 -10.250
3 16 26.475 63.830 -10.250 26.335 62.665 -10.250 26.161 63.001 -10.250
3 16 26.475 63.830 -10.250 25.248 63.696 -10.250 24.386 63.830 -10.250
3 16 26.475 63.830 -10.250 26.161 63.001 -10.250 25.915 63.292 -10.250
3 16 26.475 63.830 -10.250 25.915 63.292 -10.250 25.607 63.528 -10.250
3 16 22.650 61.232 -10.250 23.014 58.230 -10.250 22.465 58.230 -10.250
3 16 22.465 58.230 -10.250 22.465 62.167 -10.250 22.650 61.232 -10.250
3 16 26.240 59.182 -10.250 23.804 59.182 -10.250 24.616 60.005 -10.250
3 16 24.616 60.005 -10.250 25.372 60.134 -10.250 26.240 59.182 -10.250
3 16 22.465 63.830 -10.250 23.014 63.388 -10.250 22.622 62.861 -10.250
3 16 22.650 61.232 -10.250 22.465 62.167 -10.250 23.563 62.167 -10.250
3 16 23.563 62.167 -10.250 23.664 61.293 -10.250 22.650 61.232 -10.250
3 16 25.265 61.489 -10.250 25.080 61.176 -10.250 24.789 60.974 -10.250
3 16 24.789 60.974 -10.250 24.403 60.907 -10.250 25.265 61.489 -10.250
3 16 22.465 63.830 -10.250 23.613 63.718 -10.250 23.014 63.388 -10.250
3 16 24.795 62.867 -10.250 25.086 62.665 -10.250 25.265 62.346 -10.250
3 16 25.265 62.346 -10.250 24.386 62.928 -10.250 24.795 62.867 -10.250
3 16 24.386 62.928 -10.250 25.265 62.346 -10.250 23.563 62.167 -10.250
3 16 23.563 62.167 -10.250 24.061 62.878 -10.250 24.386 62.928 -10.250
3 16 23.563 62.167 -10.250 25.327 61.904 -10.250 25.265 61.489 -10.250
3 16 25.265 61.489 -10.250 23.664 61.293 -10.250 23.563 62.167 -10.250
3 16 23.563 62.167 -10.250 25.265 62.346 -10.250 25.327 61.904 -10.250
3 16 24.061 62.878 -10.250 23.563 62.167 -10.250 23.636 62.492 -10.250
3 16 23.636 62.492 -10.250 23.809 62.732 -10.250 24.061 62.878 -10.250
3 16 23.804 59.182 -10.250 23.664 60.308 -10.250 24.089 60.078 -10.250
3 0 24.386 63.830 -10.250 24.386 62.928 -10.250 24.061 62.878 -10.250
3 0 24.061 62.878 -10.250 23.613 63.718 -10.250 24.386 63.830 -10.250
3 0 23.977 61.008 -10.250 24.403 60.907 -10.250 24.089 60.078 -10.250
3 0 24.089 60.078 -10.250 23.664 60.308 -10.250 23.977 61.008 -10.250
3 0 25.265 61.489 -10.250 26.346 61.108 -10.250 25.965 60.515 -10.250
3 0 25.965 60.515 -10.250 25.080 61.176 -10.250 25.265 61.489 -10.250
3 0 25.265 61.489 -10.250 25.327 61.904 -10.250 26.475 61.853 -10.250
3 0 26.475 61.853 -10.250 26.346 61.108 -10.250 25.265 61.489 -10.250
3 0 26.335 62.665 -10.250 26.475 61.853 -10.250 25.327 61.904 -10.250
3 0 25.327 61.904 -10.250 25.265 62.346 -10.250 26.335 62.665 -10.250
3 0 24.403 60.907 -10.250 24.789 60.974 -10.250 24.616 60.005 -10.250
3 0 24.616 60.005 -10.250 24.089 60.078 -10.250 24.403 60.907 -10.250
3 0 23.804 59.182 -10.250 26.240 59.182 -10.250 26.240 58.230 -10.250
3 0 26.240 58.230 -10.250 23.014 58.230 -10.250 23.804 59.182 -10.250
3 0 25.086 62.665 -10.250 24.795 62.867 -10.250 25.248 63.696 -10.250
3 0 25.248 63.696 -10.250 25.607 63.528 -10.250 25.086 62.665 -10.250
3 0 24.386 63.830 -10.250 25.248 63.696 -10.250 24.795 62.867 -10.250
3 0 24.795 62.867 -10.250 24.386 62.928 -10.250 24.386 63.830 -10.250
3 0 23.636 62.492 -10.250 22.622 62.861 -10.250 23.014 63.388 -10.250
3 0 23.014 63.388 -10.250 23.809 62.732 -10.250 23.636 62.492 -10.250
3 0 22.622 62.861 -10.250 23.636 62.492 -10.250 23.563 62.167 -10.250
3 0 23.563 62.167 -10.250 22.465 62.167 -10.250 22.622 62.861 -10.250
3 0 23.014 58.230 -10.250 22.650 61.232 -10.250 23.664 60.308 -10.250
3 0 23.664 60.308 -10.250 23.804 59.182 -10.250 23.014 58.230 -10.250
3 0 25.372 60.134 -10.250 24.789 60.974 -10.250 25.080 61.176 -10.250
3 0 25.080 61.176 -10.250 25.965 60.515 -10.250 25.372 60.134 -10.250
3 0 24.789 60.974 -10.250 25.372 60.134 -10.250 24.616 60.005 -10.250
3 0 23.664 61.293 -10.250 23.977 61.008 -10.250 23.664 60.308 -10.250
3 0 23.664 60.308 -10.250 22.650 61.232 -10.250 23.664 61.293 -10.250
3 0 25.086 62.665 -10.250 25.607 63.528 -10.250 25.915 63.292 -10.250
3 0 25.915 63.292 -10.250 26.161 63.001 -10.250 25.086 62.665 -10.250
3 0 23.613 63.718 -10.250 24.061 62.878 -10.250 23.809 62.732 -10.250
3 0 23.809 62.732 -10.250 23.014 63.388 -10.250 23.613 63.718 -10.250
3 0 25.265 62.346 -10.250 25.086 62.665 -10.250 26.161 63.001 -10.250
3 0 26.161 63.001 -10.250 26.335 62.665 -10.250 25.265 62.346 -10.250
1 16 23.3000 73.7500 -10.2500 5.6000 0.0000 0.0000 0.0000 0.0000 -5.6000 0.0000 1.0000 0.0000 type-swiss721bt-bold-n4.dat
1 16 19.1400 85.7900 -10.2500 5.6000 0.0000 0.0000 0.0000 0.0000 -5.6000 0.0000 1.0000 0.0000 type-swiss721bt-bold-n3.dat
1 16 12.4400 96.8800 -10.2500 5.6000 0.0000 0.0000 0.0000 0.0000 -5.6000 0.0000 1.0000 0.0000 type-swiss721bt-bold-n2.dat
1 16 3.6000 106.7300 -10.2500 5.6000 0.0000 0.0000 0.0000 0.0000 -5.6000 0.0000 1.0000 0.0000 type-swiss721bt-bold-n1.dat
3 16 -7.632 115.540 -10.250 -5.968 115.540 -10.250 -6.013 114.689 -10.250
3 16 -6.013 114.689 -10.250 -7.587 114.689 -10.250 -7.632 115.540 -10.250
3 16 -8.760 118.340 -10.250 -7.665 118.166 -10.250 -8.007 117.948 -10.250
3 16 -8.760 112.740 -10.250 -7.665 112.914 -10.250 -7.268 112.785 -10.250
3 16 -4.840 112.740 -10.250 -6.800 112.740 -10.250 -6.344 112.785 -10.250
3 16 -4.840 112.740 -10.250 -5.604 113.138 -10.250 -5.324 113.446 -10.250
3 16 -4.840 112.740 -10.250 -5.112 113.843 -10.250 -4.955 114.325 -10.250
3 16 -8.760 112.740 -10.250 -7.268 112.785 -10.250 -6.800 112.740 -10.250
3 16 -4.840 112.740 -10.250 -4.955 114.325 -10.250 -4.916 114.711 -10.250
3 16 -4.840 112.740 -10.250 -6.344 112.785 -10.250 -5.940 112.919 -10.250
3 16 -4.840 112.740 -10.250 -5.940 112.919 -10.250 -5.604 113.138 -10.250
3 16 -4.840 112.740 -10.250 -5.324 113.446 -10.250 -5.112 113.843 -10.250
3 16 -6.800 113.653 -10.250 -7.184 113.765 -10.250 -7.441 114.106 -10.250
3 16 -7.441 114.106 -10.250 -6.164 114.106 -10.250 -6.800 113.653 -10.250
3 16 -4.840 112.740 -10.250 -4.916 114.711 -10.250 -4.840 115.551 -10.250
3 16 -4.840 118.340 -10.250 -5.935 118.166 -10.250 -6.338 118.295 -10.250
3 16 -4.840 118.340 -10.250 -5.593 117.948 -10.250 -5.935 118.166 -10.250
3 16 -4.840 118.340 -10.250 -5.106 117.254 -10.250 -5.319 117.646 -10.250
3 16 -4.840 118.340 -10.250 -4.840 115.551 -10.250 -4.955 116.778 -10.250
3 16 -4.840 118.340 -10.250 -5.319 117.646 -10.250 -5.593 117.948 -10.250
3 16 -4.840 118.340 -10.250 -4.955 116.778 -10.250 -5.106 117.254 -10.250
3 16 -4.840 118.340 -10.250 -6.338 118.295 -10.250 -6.800 118.340 -10.250
3 16 -8.760 118.340 -10.250 -6.800 118.340 -10.250 -7.665 118.166 -10.250
3 16 -8.760 118.340 -10.250 -8.684 116.386 -10.250 -8.760 115.540 -10.250
3 16 -8.760 112.740 -10.250 -8.760 115.540 -10.250 -8.645 114.314 -10.250
3 16 -8.760 118.340 -10.250 -8.645 116.772 -10.250 -8.684 116.386 -10.250
3 16 -6.164 114.106 -10.250 -7.441 114.106 -10.250 -7.587 114.689 -10.250
3 16 -7.587 114.689 -10.250 -6.013 114.689 -10.250 -6.164 114.106 -10.250
3 16 -8.760 112.740 -10.250 -8.645 114.314 -10.250 -8.494 113.832 -10.250
3 16 -6.164 114.106 -10.250 -6.428 113.765 -10.250 -6.800 113.653 -10.250
3 16 -8.760 118.340 -10.250 -8.494 117.254 -10.250 -8.645 116.772 -10.250
3 16 -8.760 112.740 -10.250 -8.494 113.832 -10.250 -8.281 113.440 -10.250
3 16 -7.587 116.402 -10.250 -7.441 116.990 -10.250 -6.164 116.985 -10.250
3 16 -6.164 116.985 -10.250 -6.013 116.397 -10.250 -7.587 116.402 -10.250
3 16 -6.800 117.438 -10.250 -6.164 116.985 -10.250 -7.441 116.990 -10.250
3 16 -7.441 116.990 -10.250 -7.184 117.326 -10.250 -6.800 117.438 -10.250
3 16 -6.800 117.438 -10.250 -6.428 117.326 -10.250 -6.164 116.985 -10.250
3 16 -8.760 118.340 -10.250 -8.281 117.646 -10.250 -8.494 117.254 -10.250
3 16 -8.760 112.740 -10.250 -8.281 113.440 -10.250 -8.007 113.132 -10.250
3 16 -8.760 118.340 -10.250 -8.007 117.948 -10.250 -8.281 117.646 -10.250
3 16 -7.632 115.540 -10.250 -7.587 116.402 -10.250 -6.013 116.397 -10.250
3 16 -6.013 116.397 -10.250 -5.968 115.540 -10.250 -7.632 115.540 -10.250
3 16 -8.760 112.740 -10.250 -8.007 113.132 -10.250 -7.665 112.914 -10.250
3 0 -6.428 117.326 -10.250 -6.338 118.295 -10.250 -5.935 118.166 -10.250
3 0 -5.935 118.166 -10.250 -5.593 117.948 -10.250 -6.428 117.326 -10.250
3 0 -6.428 113.765 -10.250 -5.604 113.138 -10.250 -5.940 112.919 -10.250
3 0 -5.940 112.919 -10.250 -6.344 112.785 -10.250 -6.428 113.765 -10.250
3 0 -5.604 113.138 -10.250 -6.428 113.765 -10.250 -6.164 114.106 -10.250
3 0 -6.164 114.106 -10.250 -5.324 113.446 -10.250 -5.604 113.138 -10.250
3 0 -8.760 115.540 -10.250 -7.632 115.540 -10.250 -7.587 114.689 -10.250
3 0 -7.587 114.689 -10.250 -8.645 114.314 -10.250 -8.760 115.540 -10.250
3 0 -8.684 116.386 -10.250 -7.587 116.402 -10.250 -7.632 115.540 -10.250
3 0 -7.632 115.540 -10.250 -8.760 115.540 -10.250 -8.684 116.386 -10.250
3 0 -8.007 113.132 -10.250 -8.281 113.440 -10.250 -7.441 114.106 -10.250
3 0 -7.441 114.106 -10.250 -7.184 113.765 -10.250 -8.007 113.132 -10.250
3 0 -7.441 114.106 -10.250 -8.281 113.440 -10.250 -8.494 113.832 -10.250
3 0 -5.593 117.948 -10.250 -5.319 117.646 -10.250 -6.164 116.985 -10.250
3 0 -6.164 116.985 -10.250 -6.428 117.326 -10.250 -5.593 117.948 -10.250
3 0 -8.645 114.314 -10.250 -7.587 114.689 -10.250 -7.441 114.106 -10.250
3 0 -7.441 114.106 -10.250 -8.494 113.832 -10.250 -8.645 114.314 -10.250
3 0 -5.112 113.843 -10.250 -5.324 113.446 -10.250 -6.164 114.106 -10.250
3 0 -6.164 114.106 -10.250 -4.955 114.325 -10.250 -5.112 113.843 -10.250
3 0 -7.441 116.990 -10.250 -8.281 117.646 -10.250 -8.007 117.948 -10.250
3 0 -8.007 117.948 -10.250 -7.184 117.326 -10.250 -7.441 116.990 -10.250
3 0 -8.645 116.772 -10.250 -7.441 116.990 -10.250 -7.587 116.402 -10.250
3 0 -7.587 116.402 -10.250 -8.684 116.386 -10.250 -8.645 116.772 -10.250
3 0 -8.494 117.254 -10.250 -8.281 117.646 -10.250 -7.441 116.990 -10.250
3 0 -7.441 116.990 -10.250 -8.645 116.772 -10.250 -8.494 117.254 -10.250
3 0 -6.013 116.397 -10.250 -6.164 116.985 -10.250 -4.955 116.778 -10.250
3 0 -4.955 116.778 -10.250 -4.840 115.551 -10.250 -6.013 116.397 -10.250
3 0 -5.106 117.254 -10.250 -4.955 116.778 -10.250 -6.164 116.985 -10.250
3 0 -6.164 116.985 -10.250 -5.319 117.646 -10.250 -5.106 117.254 -10.250
3 0 -7.184 113.765 -10.250 -7.268 112.785 -10.250 -7.665 112.914 -10.250
3 0 -7.665 112.914 -10.250 -8.007 113.132 -10.250 -7.184 113.765 -10.250
3 0 -6.013 114.689 -10.250 -4.916 114.711 -10.250 -4.955 114.325 -10.250
3 0 -4.955 114.325 -10.250 -6.164 114.106 -10.250 -6.013 114.689 -10.250
3 0 -6.800 112.740 -10.250 -7.268 112.785 -10.250 -6.800 113.653 -10.250
3 0 -6.800 113.653 -10.250 -6.344 112.785 -10.250 -6.800 112.740 -10.250
3 0 -6.013 116.397 -10.250 -4.840 115.551 -10.250 -5.968 115.540 -10.250
3 0 -5.968 115.540 -10.250 -4.840 115.551 -10.250 -4.916 114.711 -10.250
3 0 -4.916 114.711 -10.250 -6.013 114.689 -10.250 -5.968 115.540 -10.250
3 0 -6.800 113.653 -10.250 -7.268 112.785 -10.250 -7.184 113.765 -10.250
3 0 -7.665 118.166 -10.250 -6.800 118.340 -10.250 -7.184 117.326 -10.250
3 0 -7.184 117.326 -10.250 -8.007 117.948 -10.250 -7.665 118.166 -10.250
3 0 -6.428 113.765 -10.250 -6.344 112.785 -10.250 -6.800 113.653 -10.250
3 0 -6.800 118.340 -10.250 -6.338 118.295 -10.250 -6.800 117.438 -10.250
3 0 -6.800 117.438 -10.250 -7.184 117.326 -10.250 -6.800 118.340 -10.250
3 0 -6.800 117.438 -10.250 -6.338 118.295 -10.250 -6.428 117.326 -10.250
1 16 -15.1700 48.8300 -10.2500 2.8000 0.0000 0.0000 0.0000 0.0000 -2.4000 0.0000 1.0000 0.0000 2-4chrd.dat
