0 FILE 3821pb010.dat
0 Door 1 x 3 x 1 Right with Number 16 Pattern (Sticker) - Set 6634
0 Name:  3821pb010.dat
0 Author:  
0 BL_Item_No 3821pb010
0 BFC CERTIFY CCW
1 16 0.0000 0.0000 0.0000 1.0000 0.0000 0.0000 0.0000 1.0000 0.0000 0.0000 0.0000 1.0000 3821.dat
3 16 -10.250 1.000 33.000 -10.250 4.000 19.100 -10.250 4.000 7.900
3 16 -10.250 4.000 7.900 -10.250 1.000 3.000 -10.250 1.000 33.000
3 16 -10.250 4.000 7.900 -10.250 20.000 7.900 -10.250 23.000 3.000
3 16 -10.250 23.000 3.000 -10.250 1.000 3.000 -10.250 4.000 7.900
3 16 -10.250 20.000 7.900 -10.250 20.000 19.100 -10.250 23.000 33.000
3 16 -10.250 23.000 33.000 -10.250 23.000 3.000 -10.250 20.000 7.900
3 16 -10.250 20.000 19.100 -10.250 20.000 21.020 -10.250 23.000 33.000
3 16 -10.250 20.000 19.100 -10.250 4.000 19.100 -10.250 4.000 21.020
3 16 -10.250 4.000 21.020 -10.250 20.000 21.020 -10.250 20.000 19.100
3 16 -10.250 1.000 33.000 -10.250 4.000 21.020 -10.250 4.000 19.100
3 16 -10.250 20.000 21.020 -10.250 20.000 27.980 -10.250 23.000 33.000
3 16 -10.250 20.000 27.980 -10.250 4.000 27.980 -10.250 1.000 33.000
3 16 -10.250 1.000 33.000 -10.250 23.000 33.000 -10.250 20.000 27.980
3 16 -10.250 1.000 33.000 -10.250 4.000 27.980 -10.250 4.000 21.020
1 16 -10.2500 12.0000 18.0000 0.0000 0.2500 0.0000 0.0000 0.0000 -11.0000 -15.0000 0.0000 0.0000 box5-12.dat
1 16 -10.2500 12.0000 24.5000 0.0000 1.0000 0.0000 0.0000 0.0000 -16.0000 -16.0000 0.0000 0.0000 type-swiss721bt-bold-n1.dat
1 16 -10.2500 12.0000 13.5000 0.0000 1.0000 0.0000 0.0000 0.0000 -16.0000 -16.0000 0.0000 0.0000 type-swiss721bt-bold-n6.dat
