0 FILE 3846p4x.dat
0 Minifigure, Shield Triangular with Crown on Light Purple Background with Gold Border Pattern
0 Name:  3846p4x.dat
0 Author:  
0 BL_Item_No 3846pb060
0 BFC CERTIFY CCW
1 16 0.0000 0.0000 0.0000 1.0000 0.0000 0.0000 0.0000 1.0000 0.0000 0.0000 0.0000 1.0000 s/3846s01.dat
3 69 -11.000 -1.000 -10.000 -10.000 -0.800 -10.000 -14.700 -8.700 -10.000
3 69 -14.700 -8.700 -10.000 -16.200 -8.000 -10.000 -11.000 -1.000 -10.000
3 69 -14.700 -8.700 -10.000 -10.000 -0.800 -10.000 -7.100 0.900 -10.000
3 69 -7.100 0.900 -10.000 -5.600 -5.600 -10.000 -14.700 -8.700 -10.000
3 69 -14.700 -8.700 -10.000 -5.600 -5.600 -10.000 0.000 -11.000 -10.000
3 69 0.000 -11.000 -10.000 -14.000 -9.400 -10.000 -14.700 -8.700 -10.000
3 69 0.000 -11.000 -10.000 -13.700 -11.000 -10.000 -14.000 -9.400 -10.000
3 69 0.000 -11.000 -10.000 -5.600 -5.600 -10.000 -4.300 -5.300 -10.000
3 69 0.000 -11.000 -10.000 -4.300 -5.300 -10.000 0.000 -0.600 -10.000
3 69 -16.200 -8.000 -10.000 -16.200 -2.400 -10.000 -15.300 3.500 -10.000
3 69 -15.300 3.500 -10.000 -11.000 -1.000 -10.000 -16.200 -8.000 -10.000
3 69 -11.000 -1.000 -10.000 -15.300 3.500 -10.000 -13.700 8.900 -10.000
3 69 -13.700 8.900 -10.000 -10.500 2.200 -10.000 -11.000 -1.000 -10.000
3 69 -10.500 2.200 -10.000 -13.700 8.900 -10.000 -10.300 7.500 -10.000
3 69 -10.300 7.500 -10.000 -13.700 8.900 -10.000 -10.037 9.300 -10.000
3 69 -10.037 9.300 -10.000 -13.700 8.900 -10.000 -10.200 16.400 -10.000
3 69 -10.200 16.400 -10.000 -9.273 10.677 -10.000 -10.037 9.300 -10.000
3 69 -9.273 10.677 -10.000 -10.200 16.400 -10.000 -7.500 20.300 -10.000
3 69 -7.500 20.300 -10.000 -7.097 11.845 -10.000 -9.273 10.677 -10.000
3 69 -7.097 11.845 -10.000 -7.500 20.300 -10.000 -1.800 26.000 -10.000
3 69 -1.800 26.000 -10.000 -3.841 12.625 -10.000 -7.097 11.845 -10.000
3 69 -1.800 26.000 -10.000 -1.100 25.300 -10.000 0.000 12.899 -10.000
3 69 0.000 12.899 -10.000 -3.841 12.625 -10.000 -1.800 26.000 -10.000
3 69 0.000 12.899 -10.000 -1.100 25.300 -10.000 0.000 24.900 -10.000
3 72 -17.739 -11.539 -10.000 -18.070 -11.870 -10.000 -18.472 -10.900 -10.000
3 72 -18.472 -10.900 -10.000 -18.004 -10.900 -10.000 -17.739 -11.539 -10.000
3 72 -18.004 -10.900 -10.000 -18.472 -10.900 -10.000 -18.070 -9.930 -10.000
3 72 -18.070 -9.930 -10.000 -17.739 -10.261 -10.000 -18.004 -10.900 -10.000
3 72 -17.739 -10.261 -10.000 -18.070 -9.930 -10.000 -17.100 -9.528 -10.000
3 72 -17.100 -9.528 -10.000 -17.100 -9.996 -10.000 -17.739 -10.261 -10.000
3 72 -17.100 -9.996 -10.000 -17.100 -9.528 -10.000 -16.130 -9.930 -10.000
3 72 -16.130 -9.930 -10.000 -16.461 -10.261 -10.000 -17.100 -9.996 -10.000
3 72 -16.461 -10.261 -10.000 -16.130 -9.930 -10.000 -15.728 -10.900 -10.000
3 72 -15.728 -10.900 -10.000 -16.196 -10.900 -10.000 -16.461 -10.261 -10.000
3 72 -16.196 -10.900 -10.000 -15.728 -10.900 -10.000 -16.130 -11.870 -10.000
3 72 -16.130 -11.870 -10.000 -16.461 -11.539 -10.000 -16.196 -10.900 -10.000
3 72 -16.461 -11.539 -10.000 -16.130 -11.870 -10.000 -17.100 -12.272 -10.000
3 72 -17.100 -12.272 -10.000 -17.100 -11.804 -10.000 -16.461 -11.539 -10.000
3 72 -17.100 -11.804 -10.000 -17.100 -12.272 -10.000 -18.070 -11.870 -10.000
3 72 -18.070 -11.870 -10.000 -17.739 -11.539 -10.000 -17.100 -11.804 -10.000
3 72 -0.639 27.361 -10.000 -0.970 27.030 -10.000 -1.372 28.000 -10.000
3 72 -1.372 28.000 -10.000 -0.904 28.000 -10.000 -0.639 27.361 -10.000
3 72 -0.904 28.000 -10.000 -1.372 28.000 -10.000 -0.970 28.970 -10.000
3 72 -0.970 28.970 -10.000 -0.639 28.639 -10.000 -0.904 28.000 -10.000
3 72 -0.639 28.639 -10.000 -0.970 28.970 -10.000 0.000 29.372 -10.000
3 72 0.000 29.372 -10.000 0.000 28.904 -10.000 -0.639 28.639 -10.000
3 72 0.000 27.096 -10.000 0.000 26.628 -10.000 -0.970 27.030 -10.000
3 72 -0.970 27.030 -10.000 -0.639 27.361 -10.000 0.000 27.096 -10.000
3 72 -9.273 7.923 -10.000 -10.037 9.300 -10.000 -9.273 10.677 -10.000
3 72 -9.273 10.677 -10.000 0.000 9.300 -10.000 -9.273 7.923 -10.000
3 72 -9.273 10.677 -10.000 -7.097 11.845 -10.000 -3.841 12.625 -10.000
3 72 -3.841 12.625 -10.000 0.000 9.300 -10.000 -9.273 10.677 -10.000
3 72 0.000 9.300 -10.000 -3.841 12.625 -10.000 0.000 12.899 -10.000
3 72 0.000 5.701 -10.000 -3.841 5.975 -10.000 -7.097 6.755 -10.000
3 72 -7.097 6.755 -10.000 0.000 9.300 -10.000 0.000 5.701 -10.000
3 72 -7.097 6.755 -10.000 -9.273 7.923 -10.000 0.000 9.300 -10.000
3 72 -7.649 3.451 -10.000 -8.000 4.300 -10.000 -7.649 5.149 -10.000
3 72 -7.649 5.149 -10.000 -6.800 4.300 -10.000 -7.649 3.451 -10.000
3 72 -7.649 5.149 -10.000 -6.800 5.500 -10.000 -5.951 5.149 -10.000
3 72 -5.951 5.149 -10.000 -6.800 4.300 -10.000 -7.649 5.149 -10.000
3 72 -5.951 5.149 -10.000 -5.600 4.300 -10.000 -5.951 3.451 -10.000
3 72 -5.951 3.451 -10.000 -6.800 4.300 -10.000 -5.951 5.149 -10.000
3 72 -5.951 3.451 -10.000 -6.800 3.100 -10.000 -7.649 3.451 -10.000
3 72 -7.649 3.451 -10.000 -6.800 4.300 -10.000 -5.951 3.451 -10.000
3 72 -0.977 2.023 -10.000 -1.381 3.000 -10.000 -0.977 3.977 -10.000
3 72 -0.977 3.977 -10.000 0.000 3.000 -10.000 -0.977 2.023 -10.000
3 72 0.000 3.000 -10.000 -0.977 3.977 -10.000 0.000 4.381 -10.000
3 72 0.000 1.619 -10.000 -0.977 2.023 -10.000 0.000 3.000 -10.000
3 82 -20.000 -14.000 -10.000 -18.070 -11.870 -10.000 -17.100 -12.272 -10.000
3 82 -20.000 -14.000 -10.000 -18.472 -10.900 -10.000 -18.070 -11.870 -10.000
3 82 -20.000 -14.000 -10.000 -17.100 -12.272 -10.000 -16.130 -11.870 -10.000
3 82 -16.130 -11.870 -10.000 0.000 -14.000 -10.000 -20.000 -14.000 -10.000
3 82 0.000 -14.000 -10.000 -16.130 -11.870 -10.000 -13.700 -11.000 -10.000
3 82 -13.700 -11.000 -10.000 0.000 -11.000 -10.000 0.000 -14.000 -10.000
3 82 -16.130 -11.870 -10.000 -15.728 -10.900 -10.000 -14.000 -9.400 -10.000
3 82 -14.000 -9.400 -10.000 -13.700 -11.000 -10.000 -16.130 -11.870 -10.000
3 82 -15.728 -10.900 -10.000 -16.130 -9.930 -10.000 -14.700 -8.700 -10.000
3 82 -14.700 -8.700 -10.000 -14.000 -9.400 -10.000 -15.728 -10.900 -10.000
3 82 -14.700 -8.700 -10.000 -16.130 -9.930 -10.000 -17.100 -9.528 -10.000
3 82 -17.100 -9.528 -10.000 -16.200 -8.000 -10.000 -14.700 -8.700 -10.000
3 82 -16.200 -8.000 -10.000 -17.100 -9.528 -10.000 -18.070 -9.930 -10.000
3 82 -18.070 -9.930 -10.000 -20.000 -4.000 -10.000 -16.200 -8.000 -10.000
3 82 -18.070 -9.930 -10.000 -18.472 -10.900 -10.000 -20.000 -14.000 -10.000
3 82 -20.000 -14.000 -10.000 -20.000 -4.000 -10.000 -18.070 -9.930 -10.000
3 82 -16.200 -8.000 -10.000 -20.000 -4.000 -10.000 -18.720 6.030 -10.000
3 82 -18.720 6.030 -10.000 -16.200 -2.400 -10.000 -16.200 -8.000 -10.000
3 82 -16.200 -2.400 -10.000 -18.720 6.030 -10.000 -14.930 15.680 -10.000
3 82 -14.930 15.680 -10.000 -15.300 3.500 -10.000 -16.200 -2.400 -10.000
3 82 -15.300 3.500 -10.000 -14.930 15.680 -10.000 -13.700 8.900 -10.000
3 82 -13.700 8.900 -10.000 -14.930 15.680 -10.000 -8.760 24.570 -10.000
3 82 -8.760 24.570 -10.000 -10.200 16.400 -10.000 -13.700 8.900 -10.000
3 82 -10.200 16.400 -10.000 -8.760 24.570 -10.000 -7.500 20.300 -10.000
3 82 -7.500 20.300 -10.000 -8.760 24.570 -10.000 -1.372 28.000 -10.000
3 82 -1.372 28.000 -10.000 -1.800 26.000 -10.000 -7.500 20.300 -10.000
3 82 0.000 24.900 -10.000 -1.100 25.300 -10.000 -0.970 27.030 -10.000
3 82 -0.970 27.030 -10.000 0.000 26.628 -10.000 0.000 24.900 -10.000
3 82 -1.100 25.300 -10.000 -1.800 26.000 -10.000 -1.372 28.000 -10.000
3 82 -1.372 28.000 -10.000 -0.970 27.030 -10.000 -1.100 25.300 -10.000
3 82 -0.970 28.970 -10.000 0.000 32.370 -10.000 0.000 29.372 -10.000
3 82 0.000 32.370 -10.000 -0.970 28.970 -10.000 -1.372 28.000 -10.000
3 82 -1.372 28.000 -10.000 -8.760 24.570 -10.000 0.000 32.370 -10.000
3 226 -10.037 9.300 -10.000 -9.273 7.923 -10.000 -10.500 2.200 -10.000
3 226 -10.500 2.200 -10.000 -10.300 7.500 -10.000 -10.037 9.300 -10.000
3 226 -10.500 2.200 -10.000 -9.273 7.923 -10.000 -7.649 5.149 -10.000
3 226 -7.649 5.149 -10.000 -8.000 4.300 -10.000 -10.500 2.200 -10.000
3 226 -8.000 4.300 -10.000 -7.649 3.451 -10.000 -7.100 0.900 -10.000
3 226 -7.100 0.900 -10.000 -10.500 2.200 -10.000 -8.000 4.300 -10.000
3 226 -7.100 0.900 -10.000 -10.000 -0.800 -10.000 -11.000 -1.000 -10.000
3 226 -11.000 -1.000 -10.000 -10.500 2.200 -10.000 -7.100 0.900 -10.000
3 226 -6.800 5.500 -10.000 -7.649 5.149 -10.000 -9.273 7.923 -10.000
3 226 -9.273 7.923 -10.000 -7.097 6.755 -10.000 -6.800 5.500 -10.000
3 226 -6.800 5.500 -10.000 -7.097 6.755 -10.000 -3.841 5.975 -10.000
3 226 -3.841 5.975 -10.000 -5.951 5.149 -10.000 -6.800 5.500 -10.000
3 226 -5.951 5.149 -10.000 -3.841 5.975 -10.000 -1.381 3.000 -10.000
3 226 -1.381 3.000 -10.000 -5.600 4.300 -10.000 -5.951 5.149 -10.000
3 226 -1.381 3.000 -10.000 -3.841 5.975 -10.000 -0.977 3.977 -10.000
3 226 -3.841 5.975 -10.000 0.000 5.701 -10.000 0.000 4.381 -10.000
3 226 0.000 4.381 -10.000 -0.977 3.977 -10.000 -3.841 5.975 -10.000
3 226 -7.100 0.900 -10.000 -7.649 3.451 -10.000 -6.800 3.100 -10.000
3 226 -6.800 3.100 -10.000 -5.951 3.451 -10.000 -0.977 2.023 -10.000
3 226 -0.977 2.023 -10.000 -7.100 0.900 -10.000 -6.800 3.100 -10.000
3 226 -0.977 2.023 -10.000 -5.951 3.451 -10.000 -5.600 4.300 -10.000
3 226 -5.600 4.300 -10.000 -1.381 3.000 -10.000 -0.977 2.023 -10.000
3 226 -7.100 0.900 -10.000 0.000 -0.600 -10.000 -4.300 -5.300 -10.000
3 226 -4.300 -5.300 -10.000 -5.600 -5.600 -10.000 -7.100 0.900 -10.000
3 226 0.000 -0.600 -10.000 -7.100 0.900 -10.000 -0.977 2.023 -10.000
3 226 -0.977 2.023 -10.000 0.000 1.619 -10.000 0.000 -0.600 -10.000
3 82 0.000 27.096 -10.000 -0.639 27.361 -10.000 -0.639 28.639 -10.000
3 82 -0.639 28.639 -10.000 0.000 28.904 -10.000 0.000 27.096 -10.000
3 82 -0.639 27.361 -10.000 -0.904 28.000 -10.000 -0.639 28.639 -10.000
3 82 -17.100 -11.804 -10.000 -17.739 -11.539 -10.000 -17.739 -10.261 -10.000
3 82 -17.739 -10.261 -10.000 -17.100 -9.996 -10.000 -17.100 -11.804 -10.000
3 82 -17.739 -11.539 -10.000 -18.004 -10.900 -10.000 -17.739 -10.261 -10.000
3 82 -17.100 -9.996 -10.000 -16.461 -10.261 -10.000 -16.196 -10.900 -10.000
3 82 -16.196 -10.900 -10.000 -17.100 -11.804 -10.000 -17.100 -9.996 -10.000
3 82 -17.100 -11.804 -10.000 -16.196 -10.900 -10.000 -16.461 -11.539 -10.000
3 69 14.700 -8.700 -10.000 10.000 -0.800 -10.000 11.000 -1.000 -10.000
3 69 11.000 -1.000 -10.000 16.200 -8.000 -10.000 14.700 -8.700 -10.000
3 69 7.100 0.900 -10.000 10.000 -0.800 -10.000 14.700 -8.700 -10.000
3 69 14.700 -8.700 -10.000 5.600 -5.600 -10.000 7.100 0.900 -10.000
3 69 0.000 -11.000 -10.000 5.600 -5.600 -10.000 14.700 -8.700 -10.000
3 69 14.700 -8.700 -10.000 14.000 -9.400 -10.000 0.000 -11.000 -10.000
3 69 14.000 -9.400 -10.000 13.700 -11.000 -10.000 0.000 -11.000 -10.000
3 69 4.300 -5.300 -10.000 5.600 -5.600 -10.000 0.000 -11.000 -10.000
3 69 0.000 -0.600 -10.000 4.300 -5.300 -10.000 0.000 -11.000 -10.000
3 69 15.300 3.500 -10.000 16.200 -2.400 -10.000 16.200 -8.000 -10.000
3 69 16.200 -8.000 -10.000 11.000 -1.000 -10.000 15.300 3.500 -10.000
3 69 13.700 8.900 -10.000 15.300 3.500 -10.000 11.000 -1.000 -10.000
3 69 11.000 -1.000 -10.000 10.500 2.200 -10.000 13.700 8.900 -10.000
3 69 10.300 7.500 -10.000 13.700 8.900 -10.000 10.500 2.200 -10.000
3 69 10.037 9.300 -10.000 13.700 8.900 -10.000 10.300 7.500 -10.000
3 69 10.200 16.400 -10.000 13.700 8.900 -10.000 10.037 9.300 -10.000
3 69 10.037 9.300 -10.000 9.273 10.677 -10.000 10.200 16.400 -10.000
3 69 7.500 20.300 -10.000 10.200 16.400 -10.000 9.273 10.677 -10.000
3 69 9.273 10.677 -10.000 7.097 11.845 -10.000 7.500 20.300 -10.000
3 69 1.800 26.000 -10.000 7.500 20.300 -10.000 7.097 11.845 -10.000
3 69 7.097 11.845 -10.000 3.841 12.625 -10.000 1.800 26.000 -10.000
3 69 0.000 12.899 -10.000 1.100 25.300 -10.000 1.800 26.000 -10.000
3 69 1.800 26.000 -10.000 3.841 12.625 -10.000 0.000 12.899 -10.000
3 69 0.000 24.900 -10.000 1.100 25.300 -10.000 0.000 12.899 -10.000
3 72 18.472 -10.900 -10.000 18.070 -11.870 -10.000 17.739 -11.539 -10.000
3 72 17.739 -11.539 -10.000 18.004 -10.900 -10.000 18.472 -10.900 -10.000
3 72 18.070 -9.930 -10.000 18.472 -10.900 -10.000 18.004 -10.900 -10.000
3 72 18.004 -10.900 -10.000 17.739 -10.261 -10.000 18.070 -9.930 -10.000
3 72 17.100 -9.528 -10.000 18.070 -9.930 -10.000 17.739 -10.261 -10.000
3 72 17.739 -10.261 -10.000 17.100 -9.996 -10.000 17.100 -9.528 -10.000
3 72 16.130 -9.930 -10.000 17.100 -9.528 -10.000 17.100 -9.996 -10.000
3 72 17.100 -9.996 -10.000 16.461 -10.261 -10.000 16.130 -9.930 -10.000
3 72 15.728 -10.900 -10.000 16.130 -9.930 -10.000 16.461 -10.261 -10.000
3 72 16.461 -10.261 -10.000 16.196 -10.900 -10.000 15.728 -10.900 -10.000
3 72 16.130 -11.870 -10.000 15.728 -10.900 -10.000 16.196 -10.900 -10.000
3 72 16.196 -10.900 -10.000 16.461 -11.539 -10.000 16.130 -11.870 -10.000
3 72 17.100 -12.272 -10.000 16.130 -11.870 -10.000 16.461 -11.539 -10.000
3 72 16.461 -11.539 -10.000 17.100 -11.804 -10.000 17.100 -12.272 -10.000
3 72 18.070 -11.870 -10.000 17.100 -12.272 -10.000 17.100 -11.804 -10.000
3 72 17.100 -11.804 -10.000 17.739 -11.539 -10.000 18.070 -11.870 -10.000
3 72 1.372 28.000 -10.000 0.970 27.030 -10.000 0.639 27.361 -10.000
3 72 0.639 27.361 -10.000 0.904 28.000 -10.000 1.372 28.000 -10.000
3 72 0.970 28.970 -10.000 1.372 28.000 -10.000 0.904 28.000 -10.000
3 72 0.904 28.000 -10.000 0.639 28.639 -10.000 0.970 28.970 -10.000
3 72 0.000 29.372 -10.000 0.970 28.970 -10.000 0.639 28.639 -10.000
3 72 0.639 28.639 -10.000 0.000 28.904 -10.000 0.000 29.372 -10.000
3 72 0.970 27.030 -10.000 0.000 26.628 -10.000 0.000 27.096 -10.000
3 72 0.000 27.096 -10.000 0.639 27.361 -10.000 0.970 27.030 -10.000
3 72 9.273 10.677 -10.000 10.037 9.300 -10.000 9.273 7.923 -10.000
3 72 9.273 7.923 -10.000 0.000 9.300 -10.000 9.273 10.677 -10.000
3 72 3.841 12.625 -10.000 7.097 11.845 -10.000 9.273 10.677 -10.000
3 72 9.273 10.677 -10.000 0.000 9.300 -10.000 3.841 12.625 -10.000
3 72 0.000 12.899 -10.000 3.841 12.625 -10.000 0.000 9.300 -10.000
3 72 7.097 6.755 -10.000 3.841 5.975 -10.000 0.000 5.701 -10.000
3 72 0.000 5.701 -10.000 0.000 9.300 -10.000 7.097 6.755 -10.000
3 72 0.000 9.300 -10.000 9.273 7.923 -10.000 7.097 6.755 -10.000
3 72 7.649 5.149 -10.000 8.000 4.300 -10.000 7.649 3.451 -10.000
3 72 7.649 3.451 -10.000 6.800 4.300 -10.000 7.649 5.149 -10.000
3 72 5.951 5.149 -10.000 6.800 5.500 -10.000 7.649 5.149 -10.000
3 72 7.649 5.149 -10.000 6.800 4.300 -10.000 5.951 5.149 -10.000
3 72 5.951 3.451 -10.000 5.600 4.300 -10.000 5.951 5.149 -10.000
3 72 5.951 5.149 -10.000 6.800 4.300 -10.000 5.951 3.451 -10.000
3 72 7.649 3.451 -10.000 6.800 3.100 -10.000 5.951 3.451 -10.000
3 72 5.951 3.451 -10.000 6.800 4.300 -10.000 7.649 3.451 -10.000
3 72 0.977 3.977 -10.000 1.381 3.000 -10.000 0.977 2.023 -10.000
3 72 0.977 2.023 -10.000 0.000 3.000 -10.000 0.977 3.977 -10.000
3 72 0.000 4.381 -10.000 0.977 3.977 -10.000 0.000 3.000 -10.000
3 72 0.000 3.000 -10.000 0.977 2.023 -10.000 0.000 1.619 -10.000
3 82 17.100 -12.272 -10.000 18.070 -11.870 -10.000 20.000 -14.000 -10.000
3 82 18.070 -11.870 -10.000 18.472 -10.900 -10.000 20.000 -14.000 -10.000
3 82 16.130 -11.870 -10.000 17.100 -12.272 -10.000 20.000 -14.000 -10.000
3 82 20.000 -14.000 -10.000 0.000 -14.000 -10.000 16.130 -11.870 -10.000
3 82 13.700 -11.000 -10.000 16.130 -11.870 -10.000 0.000 -14.000 -10.000
3 82 0.000 -14.000 -10.000 0.000 -11.000 -10.000 13.700 -11.000 -10.000
3 82 14.000 -9.400 -10.000 15.728 -10.900 -10.000 16.130 -11.870 -10.000
3 82 16.130 -11.870 -10.000 13.700 -11.000 -10.000 14.000 -9.400 -10.000
3 82 14.700 -8.700 -10.000 16.130 -9.930 -10.000 15.728 -10.900 -10.000
3 82 15.728 -10.900 -10.000 14.000 -9.400 -10.000 14.700 -8.700 -10.000
3 82 17.100 -9.528 -10.000 16.130 -9.930 -10.000 14.700 -8.700 -10.000
3 82 14.700 -8.700 -10.000 16.200 -8.000 -10.000 17.100 -9.528 -10.000
3 82 18.070 -9.930 -10.000 17.100 -9.528 -10.000 16.200 -8.000 -10.000
3 82 16.200 -8.000 -10.000 20.000 -4.000 -10.000 18.070 -9.930 -10.000
3 82 20.000 -14.000 -10.000 18.472 -10.900 -10.000 18.070 -9.930 -10.000
3 82 18.070 -9.930 -10.000 20.000 -4.000 -10.000 20.000 -14.000 -10.000
3 82 18.720 6.030 -10.000 20.000 -4.000 -10.000 16.200 -8.000 -10.000
3 82 16.200 -8.000 -10.000 16.200 -2.400 -10.000 18.720 6.030 -10.000
3 82 14.930 15.680 -10.000 18.720 6.030 -10.000 16.200 -2.400 -10.000
3 82 16.200 -2.400 -10.000 15.300 3.500 -10.000 14.930 15.680 -10.000
3 82 13.700 8.900 -10.000 14.930 15.680 -10.000 15.300 3.500 -10.000
3 82 8.760 24.570 -10.000 14.930 15.680 -10.000 13.700 8.900 -10.000
3 82 13.700 8.900 -10.000 10.200 16.400 -10.000 8.760 24.570 -10.000
3 82 7.500 20.300 -10.000 8.760 24.570 -10.000 10.200 16.400 -10.000
3 82 1.372 28.000 -10.000 8.760 24.570 -10.000 7.500 20.300 -10.000
3 82 7.500 20.300 -10.000 1.800 26.000 -10.000 1.372 28.000 -10.000
3 82 0.970 27.030 -10.000 1.100 25.300 -10.000 0.000 24.900 -10.000
3 82 0.000 24.900 -10.000 0.000 26.628 -10.000 0.970 27.030 -10.000
3 82 1.372 28.000 -10.000 1.800 26.000 -10.000 1.100 25.300 -10.000
3 82 1.100 25.300 -10.000 0.970 27.030 -10.000 1.372 28.000 -10.000
3 82 0.000 29.372 -10.000 0.000 32.370 -10.000 0.970 28.970 -10.000
3 82 1.372 28.000 -10.000 0.970 28.970 -10.000 0.000 32.370 -10.000
3 82 0.000 32.370 -10.000 8.760 24.570 -10.000 1.372 28.000 -10.000
3 226 10.500 2.200 -10.000 9.273 7.923 -10.000 10.037 9.300 -10.000
3 226 10.037 9.300 -10.000 10.300 7.500 -10.000 10.500 2.200 -10.000
3 226 7.649 5.149 -10.000 9.273 7.923 -10.000 10.500 2.200 -10.000
3 226 10.500 2.200 -10.000 8.000 4.300 -10.000 7.649 5.149 -10.000
3 226 7.100 0.900 -10.000 7.649 3.451 -10.000 8.000 4.300 -10.000
3 226 8.000 4.300 -10.000 10.500 2.200 -10.000 7.100 0.900 -10.000
3 226 11.000 -1.000 -10.000 10.000 -0.800 -10.000 7.100 0.900 -10.000
3 226 7.100 0.900 -10.000 10.500 2.200 -10.000 11.000 -1.000 -10.000
3 226 9.273 7.923 -10.000 7.649 5.149 -10.000 6.800 5.500 -10.000
3 226 6.800 5.500 -10.000 7.097 6.755 -10.000 9.273 7.923 -10.000
3 226 3.841 5.975 -10.000 7.097 6.755 -10.000 6.800 5.500 -10.000
3 226 6.800 5.500 -10.000 5.951 5.149 -10.000 3.841 5.975 -10.000
3 226 1.381 3.000 -10.000 3.841 5.975 -10.000 5.951 5.149 -10.000
3 226 5.951 5.149 -10.000 5.600 4.300 -10.000 1.381 3.000 -10.000
3 226 0.977 3.977 -10.000 3.841 5.975 -10.000 1.381 3.000 -10.000
3 226 0.000 4.381 -10.000 0.000 5.701 -10.000 3.841 5.975 -10.000
3 226 3.841 5.975 -10.000 0.977 3.977 -10.000 0.000 4.381 -10.000
3 226 6.800 3.100 -10.000 7.649 3.451 -10.000 7.100 0.900 -10.000
3 226 0.977 2.023 -10.000 5.951 3.451 -10.000 6.800 3.100 -10.000
3 226 6.800 3.100 -10.000 7.100 0.900 -10.000 0.977 2.023 -10.000
3 226 5.600 4.300 -10.000 5.951 3.451 -10.000 0.977 2.023 -10.000
3 226 0.977 2.023 -10.000 1.381 3.000 -10.000 5.600 4.300 -10.000
3 226 4.300 -5.300 -10.000 0.000 -0.600 -10.000 7.100 0.900 -10.000
3 226 7.100 0.900 -10.000 5.600 -5.600 -10.000 4.300 -5.300 -10.000
3 226 0.977 2.023 -10.000 7.100 0.900 -10.000 0.000 -0.600 -10.000
3 226 0.000 -0.600 -10.000 0.000 1.619 -10.000 0.977 2.023 -10.000
3 82 0.639 28.639 -10.000 0.639 27.361 -10.000 0.000 27.096 -10.000
3 82 0.000 27.096 -10.000 0.000 28.904 -10.000 0.639 28.639 -10.000
3 82 0.639 28.639 -10.000 0.904 28.000 -10.000 0.639 27.361 -10.000
3 82 17.739 -10.261 -10.000 17.739 -11.539 -10.000 17.100 -11.804 -10.000
3 82 17.100 -11.804 -10.000 17.100 -9.996 -10.000 17.739 -10.261 -10.000
3 82 17.739 -10.261 -10.000 18.004 -10.900 -10.000 17.739 -11.539 -10.000
3 82 16.196 -10.900 -10.000 16.461 -10.261 -10.000 17.100 -9.996 -10.000
3 82 17.100 -9.996 -10.000 17.100 -11.804 -10.000 16.196 -10.900 -10.000
3 82 16.461 -11.539 -10.000 16.196 -10.900 -10.000 17.100 -11.804 -10.000
