0 FILE 4150pb015.dat
0 Tile, Round 2 x 2 with Black Stripes on Light Gray Background Pattern (Sticker) - Set 5542
0 Name:  4150pb015.dat
0 Author:  
0 BL_Item_No 4150pb015
0 BFC CERTIFY CCW
1 16 0.0000 0.0000 0.0000 1.0000 0.0000 0.0000 0.0000 1.0000 0.0000 0.0000 0.0000 1.0000 4150.dat
3 0 3.102 -0.250 15.228 0.000 -0.250 15.510 -3.102 -0.250 15.228
3 0 -15.034 -0.250 3.102 -15.216 -0.250 1.284 15.216 -0.250 1.284
3 0 15.216 -0.250 1.284 15.034 -0.250 3.102 -15.034 -0.250 3.102
3 0 -13.554 -0.250 7.238 -14.240 -0.250 5.520 14.240 -0.250 5.520
3 0 14.240 -0.250 5.520 13.554 -0.250 7.238 -13.554 -0.250 7.238
3 0 -10.328 -0.250 11.574 -12.008 -0.250 9.806 12.008 -0.250 9.806
3 0 12.008 -0.250 9.806 10.328 -0.250 11.574 -10.328 -0.250 11.574
3 0 -3.102 -0.250 15.228 -4.796 -0.250 14.776 4.796 -0.250 14.776
3 0 4.796 -0.250 14.776 3.102 -0.250 15.228 -3.102 -0.250 15.228
3 0 6.577 -0.250 14.059 -6.577 -0.250 14.059 -7.708 -0.250 13.442
3 0 -7.708 -0.250 13.442 7.708 -0.250 13.442 6.577 -0.250 14.059
3 0 6.577 -0.250 14.059 4.796 -0.250 14.776 -4.796 -0.250 14.776
3 0 -4.796 -0.250 14.776 -6.577 -0.250 14.059 6.577 -0.250 14.059
3 0 -3.102 -0.250 -15.228 0.000 -0.250 -15.510 3.102 -0.250 -15.228
3 0 15.034 -0.250 -3.102 15.216 -0.250 -1.284 -15.216 -0.250 -1.284
3 0 -15.216 -0.250 -1.284 -15.034 -0.250 -3.102 15.034 -0.250 -3.102
3 0 13.554 -0.250 -7.238 14.240 -0.250 -5.520 -14.240 -0.250 -5.520
3 0 -14.240 -0.250 -5.520 -13.554 -0.250 -7.238 13.554 -0.250 -7.238
3 0 10.328 -0.250 -11.574 12.008 -0.250 -9.806 -12.008 -0.250 -9.806
3 0 -12.008 -0.250 -9.806 -10.328 -0.250 -11.574 10.328 -0.250 -11.574
3 0 3.102 -0.250 -15.228 4.796 -0.250 -14.776 -4.796 -0.250 -14.776
3 0 -4.796 -0.250 -14.776 -3.102 -0.250 -15.228 3.102 -0.250 -15.228
3 0 -6.577 -0.250 -14.059 -4.796 -0.250 -14.776 4.796 -0.250 -14.776
3 0 4.796 -0.250 -14.776 6.577 -0.250 -14.059 -6.577 -0.250 -14.059
3 7 -15.216 -0.250 1.284 -15.216 -0.250 -1.284 15.216 -0.250 -1.284
3 7 15.216 -0.250 -1.284 15.216 -0.250 1.284 -15.216 -0.250 1.284
3 7 -14.240 -0.250 5.520 -15.034 -0.250 3.102 15.034 -0.250 3.102
3 7 15.034 -0.250 3.102 14.240 -0.250 5.520 -14.240 -0.250 5.520
3 7 -12.008 -0.250 9.806 -13.554 -0.250 7.238 13.554 -0.250 7.238
3 7 13.554 -0.250 7.238 12.008 -0.250 9.806 -12.008 -0.250 9.806
3 7 -7.708 -0.250 13.442 -10.328 -0.250 11.574 10.328 -0.250 11.574
3 7 10.328 -0.250 11.574 7.708 -0.250 13.442 -7.708 -0.250 13.442
3 7 7.708 -0.250 13.442 12.728 -0.250 12.728 0.000 -0.250 18.000
3 7 0.000 -0.250 18.000 6.577 -0.250 14.059 7.708 -0.250 13.442
3 7 6.577 -0.250 14.059 0.000 -0.250 18.000 4.796 -0.250 14.776
3 7 3.102 -0.250 15.228 4.796 -0.250 14.776 0.000 -0.250 18.000
3 7 0.000 -0.250 18.000 0.000 -0.250 15.510 3.102 -0.250 15.228
3 7 7.708 -0.250 13.442 10.328 -0.250 11.574 12.728 -0.250 12.728
3 7 12.728 -0.250 12.728 10.328 -0.250 11.574 12.008 -0.250 9.806
3 7 12.728 -0.250 12.728 12.008 -0.250 9.806 13.554 -0.250 7.238
3 7 13.554 -0.250 7.238 14.240 -0.250 5.520 18.000 -0.250 0.000
3 7 18.000 -0.250 0.000 12.728 -0.250 12.728 13.554 -0.250 7.238
3 7 14.240 -0.250 5.520 15.034 -0.250 3.102 18.000 -0.250 0.000
3 7 15.034 -0.250 3.102 15.216 -0.250 1.284 18.000 -0.250 0.000
3 7 15.216 -0.250 1.284 15.216 -0.250 -1.284 18.000 -0.250 0.000
3 7 18.000 -0.250 0.000 15.216 -0.250 -1.284 15.034 -0.250 -3.102
3 7 18.000 -0.250 0.000 15.034 -0.250 -3.102 14.240 -0.250 -5.520
3 7 14.240 -0.250 -5.520 13.554 -0.250 -7.238 12.728 -0.250 -12.728
3 7 12.728 -0.250 -12.728 18.000 -0.250 0.000 14.240 -0.250 -5.520
3 7 13.554 -0.250 -7.238 12.008 -0.250 -9.806 12.728 -0.250 -12.728
3 7 12.008 -0.250 -9.806 10.328 -0.250 -11.574 12.728 -0.250 -12.728
3 7 4.796 -0.250 -14.776 3.102 -0.250 -15.228 0.000 -0.250 -18.000
3 7 3.102 -0.250 -15.228 0.000 -0.250 -15.510 0.000 -0.250 -18.000
3 7 -4.796 -0.250 14.776 -3.102 -0.250 15.228 0.000 -0.250 18.000
3 7 0.000 -0.250 15.510 0.000 -0.250 18.000 -3.102 -0.250 15.228
3 7 0.000 -0.250 18.000 -6.577 -0.250 14.059 -4.796 -0.250 14.776
3 7 -7.708 -0.250 13.442 -6.577 -0.250 14.059 0.000 -0.250 18.000
3 7 0.000 -0.250 18.000 -12.728 -0.250 12.728 -7.708 -0.250 13.442
3 7 -10.328 -0.250 11.574 -7.708 -0.250 13.442 -12.728 -0.250 12.728
3 7 -10.328 -0.250 11.574 -12.728 -0.250 12.728 -12.008 -0.250 9.806
3 7 -12.008 -0.250 9.806 -12.728 -0.250 12.728 -13.554 -0.250 7.238
3 7 -13.554 -0.250 7.238 -12.728 -0.250 12.728 -18.000 -0.250 0.000
3 7 -18.000 -0.250 0.000 -14.240 -0.250 5.520 -13.554 -0.250 7.238
3 7 -15.034 -0.250 3.102 -14.240 -0.250 5.520 -18.000 -0.250 0.000
3 7 -15.216 -0.250 1.284 -15.034 -0.250 3.102 -18.000 -0.250 0.000
3 7 -15.216 -0.250 -1.284 -15.216 -0.250 1.284 -18.000 -0.250 0.000
3 7 -15.216 -0.250 -1.284 -18.000 -0.250 0.000 -15.034 -0.250 -3.102
3 7 -15.034 -0.250 -3.102 -18.000 -0.250 0.000 -14.240 -0.250 -5.520
3 7 -14.240 -0.250 -5.520 -18.000 -0.250 0.000 -12.728 -0.250 -12.728
3 7 -12.728 -0.250 -12.728 -13.554 -0.250 -7.238 -14.240 -0.250 -5.520
3 7 -12.008 -0.250 -9.806 -13.554 -0.250 -7.238 -12.728 -0.250 -12.728
3 7 -10.328 -0.250 -11.574 -12.008 -0.250 -9.806 -12.728 -0.250 -12.728
3 7 -10.328 -0.250 -11.574 -12.728 -0.250 -12.728 -6.577 -0.250 -14.059
3 7 -3.102 -0.250 -15.228 -4.796 -0.250 -14.776 0.000 -0.250 -18.000
3 7 0.000 -0.250 -15.510 -3.102 -0.250 -15.228 0.000 -0.250 -18.000
3 7 6.577 -0.250 -14.059 4.796 -0.250 -14.776 0.000 -0.250 -18.000
3 7 0.000 -0.250 -18.000 12.728 -0.250 -12.728 6.577 -0.250 -14.059
3 7 10.328 -0.250 -11.574 6.577 -0.250 -14.059 12.728 -0.250 -12.728
3 7 14.240 -0.250 -5.520 15.034 -0.250 -3.102 -15.034 -0.250 -3.102
3 7 -15.034 -0.250 -3.102 -14.240 -0.250 -5.520 14.240 -0.250 -5.520
3 7 12.008 -0.250 -9.806 13.554 -0.250 -7.238 -13.554 -0.250 -7.238
3 7 -13.554 -0.250 -7.238 -12.008 -0.250 -9.806 12.008 -0.250 -9.806
3 7 6.577 -0.250 -14.059 10.328 -0.250 -11.574 -10.328 -0.250 -11.574
3 7 -10.328 -0.250 -11.574 -6.577 -0.250 -14.059 6.577 -0.250 -14.059
3 7 -4.796 -0.250 -14.776 -6.577 -0.250 -14.059 -12.728 -0.250 -12.728
3 7 -12.728 -0.250 -12.728 0.000 -0.250 -18.000 -4.796 -0.250 -14.776
1 16 0.0000 0.0000 0.0000 18.0000 0.0000 0.0000 0.0000 -0.2500 0.0000 0.0000 0.0000 18.0000 4-4cylc3.dat
1 7 0.0000 -0.2500 0.0000 18.0000 0.0000 0.0000 0.0000 1.0000 0.0000 0.0000 0.0000 18.0000 1-8chrd.dat
1 7 0.0000 -0.2500 0.0000 18.0000 0.0000 0.0000 0.0000 1.0000 0.0000 0.0000 0.0000 -18.0000 1-8chrd.dat
1 7 0.0000 -0.2500 0.0000 0.0000 0.0000 18.0000 0.0000 1.0000 0.0000 18.0000 0.0000 0.0000 1-8chrd.dat
1 7 0.0000 -0.2500 0.0000 0.0000 0.0000 18.0000 0.0000 1.0000 0.0000 -18.0000 0.0000 0.0000 1-8chrd.dat
1 7 0.0000 -0.2500 0.0000 -18.0000 0.0000 0.0000 0.0000 1.0000 0.0000 0.0000 0.0000 -18.0000 1-8chrd.dat
1 7 0.0000 -0.2500 0.0000 -18.0000 0.0000 0.0000 0.0000 1.0000 0.0000 0.0000 0.0000 18.0000 1-8chrd.dat
1 7 0.0000 -0.2500 0.0000 0.0000 0.0000 -18.0000 0.0000 1.0000 0.0000 -18.0000 0.0000 0.0000 1-8chrd.dat
1 7 0.0000 -0.2500 0.0000 0.0000 0.0000 -18.0000 0.0000 1.0000 0.0000 18.0000 0.0000 0.0000 1-8chrd.dat
