0 FILE 4215apb03.dat
0 Panel 1 x 4 x 3 - Solid Studs with Large Bill & Coins Pattern (Sticker) - Set 1490
0 Name:  4215apb03.dat
0 Author:  
0 BL_Item_No 4215apb03
0 BFC CERTIFY CCW
1 16 0.0000 0.0000 0.0000 1.0000 0.0000 0.0000 0.0000 1.0000 0.0000 0.0000 0.0000 1.0000 4215a.dat
3 0 35.000 1.000 10.250 30.000 4.000 10.250 -30.000 4.000 10.250
3 0 -30.000 4.000 10.250 -35.000 1.000 10.250 35.000 1.000 10.250
3 0 -35.000 1.000 10.250 -30.000 4.000 10.250 -32.000 4.000 10.250
3 0 -35.000 1.000 10.250 -32.000 4.000 10.250 -32.000 6.000 10.250
3 0 -32.000 6.000 10.250 -32.000 66.000 10.250 -35.000 71.000 10.250
3 0 -35.000 71.000 10.250 -35.000 1.000 10.250 -32.000 6.000 10.250
3 0 -32.000 66.000 10.250 -32.000 68.000 10.250 -35.000 71.000 10.250
3 0 -32.000 68.000 10.250 -30.000 68.000 10.250 -35.000 71.000 10.250
3 0 -30.000 68.000 10.250 30.000 68.000 10.250 35.000 71.000 10.250
3 0 35.000 71.000 10.250 -35.000 71.000 10.250 -30.000 68.000 10.250
3 0 30.000 68.000 10.250 32.000 68.000 10.250 35.000 71.000 10.250
3 0 32.000 66.000 10.250 35.000 71.000 10.250 32.000 68.000 10.250
3 0 32.000 66.000 10.250 32.000 6.000 10.250 35.000 1.000 10.250
3 0 35.000 1.000 10.250 35.000 71.000 10.250 32.000 66.000 10.250
3 0 35.000 1.000 10.250 32.000 6.000 10.250 32.000 4.000 10.250
3 0 35.000 1.000 10.250 32.000 4.000 10.250 30.000 4.000 10.250
1 16 0.0000 36.0000 10.2500 -35.0000 0.0000 0.0000 0.0000 0.0000 -35.0000 0.0000 -0.2500 0.0000 box5-12.dat
3 0 -0.500 55.300 10.250 5.500 55.300 10.250 2.250 57.150 10.250
3 0 2.250 57.150 10.250 0.780 56.370 10.250 -0.500 55.300 10.250
3 0 2.250 57.150 10.250 5.500 55.300 10.250 5.500 57.800 10.250
3 0 5.500 57.800 10.250 3.840 57.640 10.250 2.250 57.150 10.250
3 0 5.500 57.800 10.250 5.500 55.300 10.250 8.750 57.150 10.250
3 0 8.750 57.150 10.250 7.160 57.640 10.250 5.500 57.800 10.250
3 0 5.500 55.300 10.250 11.500 55.300 10.250 8.750 57.150 10.250
3 0 11.500 55.300 10.250 12.000 59.500 10.250 8.750 57.150 10.250
3 0 12.000 59.500 10.250 11.500 55.300 10.250 11.500 49.300 10.250
3 0 11.500 49.300 10.250 13.350 52.550 10.250 12.000 59.500 10.250
3 0 13.350 52.550 10.250 11.500 49.300 10.250 14.000 49.300 10.250
3 0 14.000 49.300 10.250 13.840 50.960 10.250 13.350 52.550 10.250
3 0 11.500 49.300 10.250 11.500 43.300 10.250 13.430 38.620 10.250
3 0 13.430 38.620 10.250 14.000 49.300 10.250 11.500 49.300 10.250
3 0 11.500 43.300 10.250 5.500 43.300 10.250 7.160 40.960 10.250
3 0 7.160 40.960 10.250 8.100 41.200 10.250 11.500 43.300 10.250
3 0 7.160 40.960 10.250 5.500 43.300 10.250 -0.500 43.300 10.250
3 0 -0.500 43.300 10.250 5.500 40.800 10.250 7.160 40.960 10.250
3 0 -0.500 43.300 10.250 -0.500 49.300 10.250 -2.350 46.050 10.250
3 0 -2.350 46.050 10.250 -1.570 44.580 10.250 -0.500 43.300 10.250
3 0 -0.500 49.300 10.250 -1.100 49.600 10.250 -4.800 47.640 10.250
3 0 -4.800 47.640 10.250 -2.350 46.050 10.250 -0.500 49.300 10.250
3 0 -0.500 49.300 10.250 -0.500 55.300 10.250 -1.100 54.700 10.250
3 0 -1.100 54.700 10.250 -1.100 49.600 10.250 -0.500 49.300 10.250
3 0 -1.100 54.700 10.250 -0.500 55.300 10.250 -0.210 58.700 10.250
3 0 -0.210 58.700 10.250 -1.100 59.800 10.250 -1.100 54.700 10.250
3 0 -0.210 58.700 10.250 -0.500 55.300 10.250 0.780 56.370 10.250
3 0 0.780 56.370 10.250 0.450 57.460 10.250 -0.210 58.700 10.250
3 0 -1.100 59.800 10.250 -2.200 60.690 10.250 -3.440 61.350 10.250
3 0 -3.440 61.350 10.250 -6.200 59.800 10.250 -1.100 59.800 10.250
3 0 -3.440 61.350 10.250 -4.800 61.760 10.250 -6.200 61.900 10.250
3 0 -6.200 61.900 10.250 -6.200 59.800 10.250 -3.440 61.350 10.250
3 0 -6.200 61.900 10.250 -7.600 61.760 10.250 -8.960 61.350 10.250
3 0 -8.960 61.350 10.250 -6.200 59.800 10.250 -6.200 61.900 10.250
3 0 -8.960 61.350 10.250 -10.200 60.690 10.250 -11.300 59.800 10.250
3 0 -11.300 59.800 10.250 -6.200 59.800 10.250 -8.960 61.350 10.250
3 0 -11.300 59.800 10.250 -12.190 58.700 10.250 -12.850 57.460 10.250
3 0 -12.850 57.460 10.250 -11.300 54.700 10.250 -11.300 59.800 10.250
3 0 -12.850 57.460 10.250 -13.260 56.100 10.250 -13.400 54.700 10.250
3 0 -13.400 54.700 10.250 -11.300 54.700 10.250 -12.850 57.460 10.250
3 0 -13.400 54.700 10.250 -13.260 53.300 10.250 -12.850 51.940 10.250
3 0 -12.850 51.940 10.250 -11.300 54.700 10.250 -13.400 54.700 10.250
3 0 -12.850 51.940 10.250 -12.190 50.700 10.250 -11.300 49.600 10.250
3 0 -11.300 49.600 10.250 -11.300 54.700 10.250 -12.850 51.940 10.250
3 0 -11.300 49.600 10.250 -10.200 48.710 10.250 -8.960 48.050 10.250
3 0 -8.960 48.050 10.250 -6.200 49.600 10.250 -11.300 49.600 10.250
3 0 -8.960 48.050 10.250 -7.600 47.640 10.250 -6.200 47.500 10.250
3 0 -6.200 47.500 10.250 -6.200 49.600 10.250 -8.960 48.050 10.250
3 0 -6.200 47.500 10.250 -4.800 47.640 10.250 -1.100 49.600 10.250
3 0 -1.100 49.600 10.250 -6.200 49.600 10.250 -6.200 47.500 10.250
3 0 -14.800 34.100 10.250 -13.550 36.040 10.250 -13.210 37.150 10.250
3 0 -13.210 37.150 10.250 -14.800 38.300 10.250 -14.800 34.100 10.250
3 0 -13.210 37.150 10.250 -13.100 38.300 10.250 -13.800 41.100 10.250
3 0 -13.800 41.100 10.250 -14.800 38.300 10.250 -13.210 37.150 10.250
3 0 -14.800 42.500 10.250 -14.800 38.300 10.250 -13.800 41.100 10.250
3 0 -13.800 41.100 10.250 -14.090 41.580 10.250 -14.800 42.500 10.250
3 0 -2.350 46.050 10.250 -4.800 47.640 10.250 -13.800 41.100 10.250
3 0 -13.800 41.100 10.250 -13.100 38.300 10.250 -2.350 46.050 10.250
3 0 -14.800 42.500 10.250 -15.720 43.210 10.250 -16.740 43.750 10.250
3 0 -16.740 43.750 10.250 -19.000 42.500 10.250 -14.800 42.500 10.250
3 0 -16.740 43.750 10.250 -17.850 44.090 10.250 -19.000 44.200 10.250
3 0 -19.000 44.200 10.250 -19.000 42.500 10.250 -16.740 43.750 10.250
3 0 -19.000 44.200 10.250 -20.150 44.090 10.250 -21.260 43.750 10.250
3 0 -21.260 43.750 10.250 -19.000 42.500 10.250 -19.000 44.200 10.250
3 0 -21.260 43.750 10.250 -22.280 43.210 10.250 -23.200 42.500 10.250
3 0 -23.200 42.500 10.250 -19.000 42.500 10.250 -21.260 43.750 10.250
3 0 -23.200 42.500 10.250 -23.910 41.580 10.250 -24.450 40.560 10.250
3 0 -24.450 40.560 10.250 -23.200 38.300 10.250 -23.200 42.500 10.250
3 0 -24.450 40.560 10.250 -24.790 39.450 10.250 -24.900 38.300 10.250
3 0 -24.900 38.300 10.250 -23.200 38.300 10.250 -24.450 40.560 10.250
3 0 -24.900 38.300 10.250 -24.790 37.150 10.250 -24.450 36.040 10.250
3 0 -24.450 36.040 10.250 -23.200 38.300 10.250 -24.900 38.300 10.250
3 0 -24.450 36.040 10.250 -23.910 35.020 10.250 -23.200 34.100 10.250
3 0 -23.200 34.100 10.250 -23.200 38.300 10.250 -24.450 36.040 10.250
3 0 -23.200 34.100 10.250 -21.260 32.850 10.250 -20.150 32.510 10.250
3 0 -20.150 32.510 10.250 -19.000 34.100 10.250 -23.200 34.100 10.250
3 0 -20.150 32.510 10.250 -19.000 32.400 10.250 -14.800 34.100 10.250
3 0 -14.800 34.100 10.250 -19.000 34.100 10.250 -20.150 32.510 10.250
3 27 14.410 37.150 10.250 13.430 38.620 10.250 10.950 36.950 10.250
3 27 10.950 36.950 10.250 14.260 37.050 10.250 14.410 37.150 10.250
3 27 13.170 36.160 10.250 14.260 37.050 10.250 10.950 36.950 10.250
3 27 12.800 33.420 10.250 12.460 34.430 10.250 10.950 36.950 10.250
3 27 10.950 36.950 10.250 11.130 32.300 10.250 12.800 33.420 10.250
3 27 12.460 34.430 10.250 12.580 35.320 10.250 10.950 36.950 10.250
3 27 12.580 35.320 10.250 13.170 36.160 10.250 10.950 36.950 10.250
3 27 0.090 37.250 10.250 -1.280 38.930 10.250 -1.870 38.190 10.250
3 27 -1.870 38.190 10.250 -2.230 37.360 10.250 0.090 37.250 10.250
3 27 4.520 30.650 10.250 3.770 28.460 10.250 4.670 28.470 10.250
3 27 4.670 28.470 10.250 5.580 28.730 10.250 4.520 30.650 10.250
3 27 3.770 28.460 10.250 4.520 30.650 10.250 3.610 30.950 10.250
3 27 3.610 30.950 10.250 2.870 28.680 10.250 3.770 28.460 10.250
3 27 6.630 36.840 10.250 4.540 35.430 10.250 5.520 33.800 10.250
3 27 5.520 33.800 10.250 7.950 34.420 10.250 6.630 36.840 10.250
3 27 5.440 38.310 10.250 3.390 36.980 10.250 4.540 35.430 10.250
3 27 4.540 35.430 10.250 6.630 36.840 10.250 5.440 38.310 10.250
3 27 8.230 31.440 10.250 8.360 32.350 10.250 5.970 32.540 10.250
3 27 5.970 32.540 10.250 5.920 31.590 10.250 8.230 31.440 10.250
3 27 8.360 32.350 10.250 8.260 33.340 10.250 5.520 33.800 10.250
3 27 5.520 33.800 10.250 5.970 32.540 10.250 8.360 32.350 10.250
3 27 -2.230 37.360 10.250 -2.360 36.460 10.250 0.020 36.290 10.250
3 27 0.020 36.290 10.250 0.090 37.250 10.250 -2.230 37.360 10.250
3 27 8.260 33.340 10.250 7.950 34.420 10.250 5.520 33.800 10.250
3 27 1.980 29.150 10.250 2.870 28.680 10.250 3.610 30.950 10.250
3 27 3.610 30.950 10.250 1.090 29.850 10.250 1.980 29.150 10.250
3 27 2.380 37.890 10.250 3.130 40.150 10.250 2.240 40.360 10.250
3 27 2.240 40.360 10.250 1.490 38.190 10.250 2.380 37.890 10.250
3 27 4.890 38.980 10.250 2.380 37.890 10.250 3.390 36.980 10.250
3 27 3.390 36.980 10.250 5.440 38.310 10.250 4.890 38.980 10.250
3 27 4.010 39.680 10.250 3.130 40.150 10.250 2.380 37.890 10.250
3 27 2.380 37.890 10.250 4.890 38.980 10.250 4.010 39.680 10.250
3 27 0.480 35.010 10.250 0.020 36.290 10.250 -1.960 34.400 10.250
3 27 -1.960 34.400 10.250 -0.650 31.981 10.250 0.480 35.010 10.250
3 27 -2.270 35.470 10.250 -1.960 34.400 10.250 0.020 36.290 10.250
3 27 0.020 36.290 10.250 -2.360 36.460 10.250 -2.270 35.470 10.250
3 27 5.920 31.590 10.250 7.290 29.880 10.250 7.870 30.610 10.250
3 27 7.870 30.610 10.250 8.230 31.440 10.250 5.920 31.590 10.250
3 27 2.600 31.840 10.250 0.540 30.520 10.250 1.090 29.850 10.250
3 27 1.090 29.850 10.250 3.610 30.950 10.250 2.600 31.840 10.250
3 27 6.480 29.210 10.250 7.290 29.880 10.250 5.350 30.900 10.250
3 27 5.350 30.900 10.250 5.580 28.730 10.250 6.480 29.210 10.250
3 27 -0.650 31.981 10.250 1.460 33.370 10.250 0.480 35.010 10.250
3 27 1.460 33.370 10.250 -0.650 31.981 10.250 0.540 30.520 10.250
3 27 0.540 30.520 10.250 2.600 31.840 10.250 1.460 33.370 10.250
3 27 7.290 29.880 10.250 5.920 31.590 10.250 5.350 30.900 10.250
3 27 1.340 40.340 10.250 -0.480 39.590 10.250 1.490 38.190 10.250
3 27 1.490 38.190 10.250 2.240 40.360 10.250 1.340 40.340 10.250
3 27 5.580 28.730 10.250 5.350 30.900 10.250 4.520 30.650 10.250
3 27 -0.480 39.590 10.250 -1.280 38.930 10.250 0.640 37.920 10.250
3 27 0.640 37.920 10.250 1.490 38.190 10.250 -0.480 39.590 10.250
3 27 0.090 37.250 10.250 0.640 37.920 10.250 -1.280 38.930 10.250
3 27 -7.810 31.850 10.250 -9.180 33.530 10.250 -9.770 32.790 10.250
3 27 -9.770 32.790 10.250 -10.130 31.960 10.250 -7.810 31.850 10.250
3 27 -3.380 25.250 10.250 -4.130 23.060 10.250 -3.230 23.070 10.250
3 27 -3.230 23.070 10.250 -2.320 23.330 10.250 -3.380 25.250 10.250
3 27 -4.130 23.060 10.250 -3.380 25.250 10.250 -4.290 25.550 10.250
3 27 -4.290 25.550 10.250 -5.030 23.280 10.250 -4.130 23.060 10.250
3 27 -1.270 31.440 10.250 -3.360 30.030 10.250 -2.380 28.400 10.250
3 27 -2.380 28.400 10.250 0.050 29.020 10.250 -1.270 31.440 10.250
3 27 -2.460 32.910 10.250 -4.510 31.580 10.250 -3.360 30.030 10.250
3 27 -3.360 30.030 10.250 -1.270 31.440 10.250 -2.460 32.910 10.250
3 27 0.330 26.040 10.250 0.460 26.950 10.250 -1.930 27.140 10.250
3 27 -1.930 27.140 10.250 -1.980 26.190 10.250 0.330 26.040 10.250
3 27 0.460 26.950 10.250 0.360 27.940 10.250 -2.380 28.400 10.250
3 27 -2.380 28.400 10.250 -1.930 27.140 10.250 0.460 26.950 10.250
3 27 -10.130 31.960 10.250 -10.260 31.060 10.250 -7.880 30.890 10.250
3 27 -7.880 30.890 10.250 -7.810 31.850 10.250 -10.130 31.960 10.250
3 27 0.360 27.940 10.250 0.050 29.020 10.250 -2.380 28.400 10.250
3 27 -5.920 23.750 10.250 -5.030 23.280 10.250 -4.290 25.550 10.250
3 27 -4.290 25.550 10.250 -6.810 24.450 10.250 -5.920 23.750 10.250
3 27 -5.520 32.490 10.250 -4.770 34.750 10.250 -5.660 34.960 10.250
3 27 -5.660 34.960 10.250 -6.410 32.790 10.250 -5.520 32.490 10.250
3 27 -3.010 33.580 10.250 -5.520 32.490 10.250 -4.510 31.580 10.250
3 27 -4.510 31.580 10.250 -2.460 32.910 10.250 -3.010 33.580 10.250
3 27 -3.890 34.280 10.250 -4.770 34.750 10.250 -5.520 32.490 10.250
3 27 -5.520 32.490 10.250 -3.010 33.580 10.250 -3.890 34.280 10.250
3 27 -7.420 29.610 10.250 -7.880 30.890 10.250 -9.860 29.000 10.250
3 27 -9.860 29.000 10.250 -8.550 26.580 10.250 -7.420 29.610 10.250
3 27 -10.170 30.070 10.250 -9.860 29.000 10.250 -7.880 30.890 10.250
3 27 -7.880 30.890 10.250 -10.260 31.060 10.250 -10.170 30.070 10.250
3 27 -1.980 26.190 10.250 -0.610 24.480 10.250 -0.030 25.210 10.250
3 27 -0.030 25.210 10.250 0.330 26.040 10.250 -1.980 26.190 10.250
3 27 -5.300 26.440 10.250 -7.360 25.120 10.250 -6.810 24.450 10.250
3 27 -6.810 24.450 10.250 -4.290 25.550 10.250 -5.300 26.440 10.250
3 27 -1.420 23.810 10.250 -0.610 24.480 10.250 -2.550 25.500 10.250
3 27 -2.550 25.500 10.250 -2.320 23.330 10.250 -1.420 23.810 10.250
3 27 -8.550 26.580 10.250 -6.440 27.970 10.250 -7.420 29.610 10.250
3 27 -6.440 27.970 10.250 -8.550 26.580 10.250 -7.360 25.120 10.250
3 27 -7.360 25.120 10.250 -5.300 26.440 10.250 -6.440 27.970 10.250
3 27 -0.610 24.480 10.250 -1.980 26.190 10.250 -2.550 25.500 10.250
3 27 -6.560 34.940 10.250 -8.380 34.190 10.250 -6.410 32.790 10.250
3 27 -6.410 32.790 10.250 -5.660 34.960 10.250 -6.560 34.940 10.250
3 27 -2.320 23.330 10.250 -2.550 25.500 10.250 -3.380 25.250 10.250
3 27 -8.380 34.190 10.250 -9.180 33.530 10.250 -7.260 32.520 10.250
3 27 -7.260 32.520 10.250 -6.410 32.790 10.250 -8.380 34.190 10.250
3 27 -7.810 31.850 10.250 -7.260 32.520 10.250 -9.180 33.530 10.250
3 27 11.130 32.300 10.250 10.950 36.950 10.250 7.160 40.960 10.250
3 27 7.160 40.960 10.250 5.500 40.800 10.250 11.130 32.300 10.250
3 27 10.950 36.950 10.250 8.100 41.200 10.250 7.160 40.960 10.250
3 27 -2.350 46.050 10.250 -13.100 38.300 10.250 -13.210 37.150 10.250
3 27 -13.210 37.150 10.250 -1.570 44.580 10.250 -2.350 46.050 10.250
3 27 -13.550 36.040 10.250 -1.570 44.580 10.250 -13.210 37.150 10.250
3 27 14.000 49.300 10.250 23.800 36.300 10.250 26.000 36.000 10.250
3 27 26.000 36.000 10.250 13.840 50.960 10.250 14.000 49.300 10.250
3 27 26.000 36.000 10.250 13.350 52.550 10.250 13.840 50.960 10.250
3 27 23.800 36.300 10.250 -9.600 14.100 10.250 -10.000 12.000 10.250
3 27 -10.000 12.000 10.250 26.000 36.000 10.250 23.800 36.300 10.250
3 27 -9.600 14.100 10.250 -21.400 30.700 10.250 -23.500 31.000 10.250
3 27 -23.500 31.000 10.250 -10.000 12.000 10.250 -9.600 14.100 10.250
3 27 -23.500 31.000 10.250 -21.400 30.700 10.250 -20.150 32.510 10.250
3 27 -20.150 32.510 10.250 -21.260 32.850 10.250 -23.500 31.000 10.250
3 27 -21.400 30.700 10.250 -19.000 32.400 10.250 -20.150 32.510 10.250
3 0 14.410 37.150 10.250 23.800 36.300 10.250 14.000 49.300 10.250
3 0 14.000 49.300 10.250 13.430 38.620 10.250 14.410 37.150 10.250
3 0 13.430 38.620 10.250 11.500 43.300 10.250 8.100 41.200 10.250
3 0 8.100 41.200 10.250 10.950 36.950 10.250 13.430 38.620 10.250
3 0 14.410 37.150 10.250 14.260 37.050 10.250 13.170 36.160 10.250
3 0 13.170 36.160 10.250 23.800 36.300 10.250 14.410 37.150 10.250
3 0 13.170 36.160 10.250 12.580 35.320 10.250 12.460 34.430 10.250
3 0 12.460 34.430 10.250 23.800 36.300 10.250 13.170 36.160 10.250
3 0 12.800 33.420 10.250 23.800 36.300 10.250 12.460 34.430 10.250
3 0 11.130 32.300 10.250 23.800 36.300 10.250 12.800 33.420 10.250
3 0 11.130 32.300 10.250 7.870 30.610 10.250 7.290 29.880 10.250
3 0 7.290 29.880 10.250 23.800 36.300 10.250 11.130 32.300 10.250
3 0 7.290 29.880 10.250 6.480 29.210 10.250 -9.600 14.100 10.250
3 0 -9.600 14.100 10.250 23.800 36.300 10.250 7.290 29.880 10.250
3 0 6.480 29.210 10.250 -0.610 24.480 10.250 -1.420 23.810 10.250
3 0 -1.420 23.810 10.250 -9.600 14.100 10.250 6.480 29.210 10.250
3 0 -9.600 14.100 10.250 -1.420 23.810 10.250 -2.320 23.330 10.250
3 0 -9.600 14.100 10.250 -2.320 23.330 10.250 -3.230 23.070 10.250
3 0 -9.600 14.100 10.250 -3.230 23.070 10.250 -4.130 23.060 10.250
3 0 -9.600 14.100 10.250 -4.130 23.060 10.250 -5.030 23.280 10.250
3 0 -9.600 14.100 10.250 -5.030 23.280 10.250 -5.920 23.750 10.250
3 0 -9.600 14.100 10.250 -5.920 23.750 10.250 -6.810 24.450 10.250
3 0 -9.600 14.100 10.250 -6.810 24.450 10.250 -7.360 25.120 10.250
3 0 -7.360 25.120 10.250 -8.550 26.580 10.250 -21.400 30.700 10.250
3 0 -21.400 30.700 10.250 -9.600 14.100 10.250 -7.360 25.120 10.250
3 0 -8.550 26.580 10.250 -9.860 29.000 10.250 -21.400 30.700 10.250
3 0 -9.860 29.000 10.250 -10.170 30.070 10.250 -21.400 30.700 10.250
3 0 -10.170 30.070 10.250 -10.260 31.060 10.250 -19.000 32.400 10.250
3 0 -19.000 32.400 10.250 -21.400 30.700 10.250 -10.170 30.070 10.250
3 0 -10.260 31.060 10.250 -10.130 31.960 10.250 -14.800 34.100 10.250
3 0 -14.800 34.100 10.250 -19.000 32.400 10.250 -10.260 31.060 10.250
3 0 -10.130 31.960 10.250 -9.770 32.790 10.250 -13.550 36.040 10.250
3 0 -13.550 36.040 10.250 -14.800 34.100 10.250 -10.130 31.960 10.250
3 0 -9.770 32.790 10.250 -9.180 33.530 10.250 -13.550 36.040 10.250
3 0 -9.180 33.530 10.250 -8.380 34.190 10.250 -13.550 36.040 10.250
3 0 -8.380 34.190 10.250 -6.560 34.940 10.250 -2.230 37.360 10.250
3 0 -2.230 37.360 10.250 -13.550 36.040 10.250 -8.380 34.190 10.250
3 0 -2.230 37.360 10.250 -6.560 34.940 10.250 -5.660 34.960 10.250
3 0 -5.660 34.960 10.250 -2.360 36.460 10.250 -2.230 37.360 10.250
3 0 -5.660 34.960 10.250 -4.770 34.750 10.250 -2.270 35.470 10.250
3 0 -2.270 35.470 10.250 -2.360 36.460 10.250 -5.660 34.960 10.250
3 0 -4.770 34.750 10.250 -3.890 34.280 10.250 -1.960 34.400 10.250
3 0 -1.960 34.400 10.250 -2.270 35.470 10.250 -4.770 34.750 10.250
3 0 -3.010 33.580 10.250 -1.960 34.400 10.250 -3.890 34.280 10.250
3 0 -3.010 33.580 10.250 -2.460 32.910 10.250 -0.650 31.981 10.250
3 0 -0.650 31.981 10.250 -1.960 34.400 10.250 -3.010 33.580 10.250
3 0 -2.460 32.910 10.250 -1.270 31.440 10.250 0.540 30.520 10.250
3 0 0.540 30.520 10.250 -0.650 31.981 10.250 -2.460 32.910 10.250
3 0 -1.270 31.440 10.250 0.050 29.020 10.250 1.090 29.850 10.250
3 0 1.090 29.850 10.250 0.540 30.520 10.250 -1.270 31.440 10.250
3 0 0.050 29.020 10.250 0.360 27.940 10.250 1.980 29.150 10.250
3 0 1.980 29.150 10.250 1.090 29.850 10.250 0.050 29.020 10.250
3 0 0.360 27.940 10.250 0.460 26.950 10.250 2.870 28.680 10.250
3 0 2.870 28.680 10.250 1.980 29.150 10.250 0.360 27.940 10.250
3 0 0.460 26.950 10.250 0.330 26.040 10.250 3.770 28.460 10.250
3 0 3.770 28.460 10.250 2.870 28.680 10.250 0.460 26.950 10.250
3 0 0.330 26.040 10.250 -0.030 25.210 10.250 4.670 28.470 10.250
3 0 4.670 28.470 10.250 3.770 28.460 10.250 0.330 26.040 10.250
3 0 -0.030 25.210 10.250 -0.610 24.480 10.250 5.580 28.730 10.250
3 0 5.580 28.730 10.250 4.670 28.470 10.250 -0.030 25.210 10.250
3 0 -0.610 24.480 10.250 6.480 29.210 10.250 5.580 28.730 10.250
3 0 -2.550 25.500 10.250 -1.980 26.190 10.250 -1.930 27.140 10.250
3 0 -1.930 27.140 10.250 -3.380 25.250 10.250 -2.550 25.500 10.250
3 0 -3.380 25.250 10.250 -1.930 27.140 10.250 -2.380 28.400 10.250
3 0 -2.380 28.400 10.250 -4.290 25.550 10.250 -3.380 25.250 10.250
3 0 -4.290 25.550 10.250 -2.380 28.400 10.250 -3.360 30.030 10.250
3 0 -3.360 30.030 10.250 -5.300 26.440 10.250 -4.290 25.550 10.250
3 0 -5.300 26.440 10.250 -3.360 30.030 10.250 -4.510 31.580 10.250
3 0 -4.510 31.580 10.250 -6.440 27.970 10.250 -5.300 26.440 10.250
3 0 -6.440 27.970 10.250 -4.510 31.580 10.250 -5.520 32.490 10.250
3 0 -5.520 32.490 10.250 -7.420 29.610 10.250 -6.440 27.970 10.250
3 0 -7.420 29.610 10.250 -5.520 32.490 10.250 -6.410 32.790 10.250
3 0 -6.410 32.790 10.250 -7.880 30.890 10.250 -7.420 29.610 10.250
3 0 -7.880 30.890 10.250 -6.410 32.790 10.250 -7.260 32.520 10.250
3 0 -7.260 32.520 10.250 -7.810 31.850 10.250 -7.880 30.890 10.250
3 0 -13.550 36.040 10.250 -2.230 37.360 10.250 -1.870 38.190 10.250
3 0 -13.550 36.040 10.250 -1.870 38.190 10.250 -1.280 38.930 10.250
3 0 -1.280 38.930 10.250 -0.480 39.590 10.250 -0.500 43.300 10.250
3 0 -0.500 43.300 10.250 -13.550 36.040 10.250 -1.280 38.930 10.250
3 0 -13.550 36.040 10.250 -0.500 43.300 10.250 -1.570 44.580 10.250
3 0 -0.480 39.590 10.250 1.340 40.340 10.250 -0.500 43.300 10.250
3 0 1.340 40.340 10.250 2.240 40.360 10.250 5.500 40.800 10.250
3 0 5.500 40.800 10.250 -0.500 43.300 10.250 1.340 40.340 10.250
3 0 3.130 40.150 10.250 5.500 40.800 10.250 2.240 40.360 10.250
3 0 4.010 39.680 10.250 5.500 40.800 10.250 3.130 40.150 10.250
3 0 4.890 38.980 10.250 5.500 40.800 10.250 4.010 39.680 10.250
3 0 5.440 38.310 10.250 5.500 40.800 10.250 4.890 38.980 10.250
3 0 5.440 38.310 10.250 6.630 36.840 10.250 11.130 32.300 10.250
3 0 11.130 32.300 10.250 5.500 40.800 10.250 5.440 38.310 10.250
3 0 11.130 32.300 10.250 6.630 36.840 10.250 7.950 34.420 10.250
3 0 11.130 32.300 10.250 7.950 34.420 10.250 8.260 33.340 10.250
3 0 11.130 32.300 10.250 8.260 33.340 10.250 8.360 32.350 10.250
3 0 8.230 31.440 10.250 11.130 32.300 10.250 8.360 32.350 10.250
3 0 7.870 30.610 10.250 11.130 32.300 10.250 8.230 31.440 10.250
3 0 5.350 30.900 10.250 5.920 31.590 10.250 5.970 32.540 10.250
3 0 5.970 32.540 10.250 4.520 30.650 10.250 5.350 30.900 10.250
3 0 4.520 30.650 10.250 5.970 32.540 10.250 5.520 33.800 10.250
3 0 5.520 33.800 10.250 3.610 30.950 10.250 4.520 30.650 10.250
3 0 3.610 30.950 10.250 5.520 33.800 10.250 4.540 35.430 10.250
3 0 4.540 35.430 10.250 2.600 31.840 10.250 3.610 30.950 10.250
3 0 2.600 31.840 10.250 4.540 35.430 10.250 3.390 36.980 10.250
3 0 3.390 36.980 10.250 1.460 33.370 10.250 2.600 31.840 10.250
3 0 1.460 33.370 10.250 3.390 36.980 10.250 2.380 37.890 10.250
3 0 2.380 37.890 10.250 0.480 35.010 10.250 1.460 33.370 10.250
3 0 0.480 35.010 10.250 2.380 37.890 10.250 1.490 38.190 10.250
3 0 1.490 38.190 10.250 0.020 36.290 10.250 0.480 35.010 10.250
3 0 0.020 36.290 10.250 1.490 38.190 10.250 0.640 37.920 10.250
3 0 0.640 37.920 10.250 0.090 37.250 10.250 0.020 36.290 10.250
3 0 26.000 36.000 10.250 30.000 35.500 10.250 12.000 59.500 10.250
3 0 12.000 59.500 10.250 13.350 52.550 10.250 26.000 36.000 10.250
3 0 26.000 36.000 10.250 -10.000 12.000 10.250 -10.500 8.000 10.250
3 0 -10.500 8.000 10.250 30.000 35.500 10.250 26.000 36.000 10.250
3 0 -10.000 12.000 10.250 -23.500 31.000 10.250 -27.000 31.500 10.250
3 0 -27.000 31.500 10.250 -10.500 8.000 10.250 -10.000 12.000 10.250
3 0 -27.000 31.500 10.250 -23.500 31.000 10.250 -21.260 32.850 10.250
3 0 -21.260 32.850 10.250 -23.200 34.100 10.250 -27.000 31.500 10.250
3 15 32.000 6.000 10.250 -10.500 8.000 10.250 -30.000 4.000 10.250
3 15 -30.000 4.000 10.250 30.000 4.000 10.250 32.000 6.000 10.250
3 15 -30.000 4.000 10.250 -10.500 8.000 10.250 -27.000 31.500 10.250
3 15 -27.000 31.500 10.250 -32.000 6.000 10.250 -30.000 4.000 10.250
3 15 -32.000 6.000 10.250 -27.000 31.500 10.250 -32.000 66.000 10.250
3 15 -32.000 66.000 10.250 -27.000 31.500 10.250 -24.790 37.150 10.250
3 15 -24.790 37.150 10.250 -24.900 38.300 10.250 -32.000 66.000 10.250
3 15 -27.000 31.500 10.250 -24.450 36.040 10.250 -24.790 37.150 10.250
3 15 -27.000 31.500 10.250 -23.910 35.020 10.250 -24.450 36.040 10.250
3 15 -27.000 31.500 10.250 -23.200 34.100 10.250 -23.910 35.020 10.250
3 15 -24.900 38.300 10.250 -24.790 39.450 10.250 -32.000 66.000 10.250
3 15 -24.790 39.450 10.250 -24.450 40.560 10.250 -32.000 66.000 10.250
3 15 -24.450 40.560 10.250 -23.910 41.580 10.250 -32.000 66.000 10.250
3 15 -23.910 41.580 10.250 -23.200 42.500 10.250 -32.000 66.000 10.250
3 15 -23.200 42.500 10.250 -22.280 43.210 10.250 -32.000 66.000 10.250
3 15 -22.280 43.210 10.250 -21.260 43.750 10.250 -32.000 66.000 10.250
3 15 -21.260 43.750 10.250 -20.150 44.090 10.250 -32.000 66.000 10.250
3 15 -20.150 44.090 10.250 -19.000 44.200 10.250 -13.400 54.700 10.250
3 15 -13.400 54.700 10.250 -32.000 66.000 10.250 -20.150 44.090 10.250
3 15 -13.400 54.700 10.250 -19.000 44.200 10.250 -17.850 44.090 10.250
3 15 -17.850 44.090 10.250 -13.260 53.300 10.250 -13.400 54.700 10.250
3 15 -13.260 53.300 10.250 -17.850 44.090 10.250 -16.740 43.750 10.250
3 15 -16.740 43.750 10.250 -12.850 51.940 10.250 -13.260 53.300 10.250
3 15 -12.850 51.940 10.250 -16.740 43.750 10.250 -15.720 43.210 10.250
3 15 -15.720 43.210 10.250 -12.190 50.700 10.250 -12.850 51.940 10.250
3 15 -12.190 50.700 10.250 -15.720 43.210 10.250 -14.800 42.500 10.250
3 15 -14.800 42.500 10.250 -11.300 49.600 10.250 -12.190 50.700 10.250
3 15 -11.300 49.600 10.250 -14.800 42.500 10.250 -14.090 41.580 10.250
3 15 -14.090 41.580 10.250 -10.200 48.710 10.250 -11.300 49.600 10.250
3 15 -10.200 48.710 10.250 -14.090 41.580 10.250 -13.800 41.100 10.250
3 15 -13.800 41.100 10.250 -8.960 48.050 10.250 -10.200 48.710 10.250
3 15 -13.800 41.100 10.250 -7.600 47.640 10.250 -8.960 48.050 10.250
3 15 -13.800 41.100 10.250 -6.200 47.500 10.250 -7.600 47.640 10.250
3 15 -13.800 41.100 10.250 -4.800 47.640 10.250 -6.200 47.500 10.250
3 15 -32.000 66.000 10.250 -13.400 54.700 10.250 -13.260 56.100 10.250
3 15 -13.260 56.100 10.250 -30.000 68.000 10.250 -32.000 66.000 10.250
3 15 -13.260 56.100 10.250 -12.850 57.460 10.250 -30.000 68.000 10.250
3 15 -12.850 57.460 10.250 -12.190 58.700 10.250 -30.000 68.000 10.250
3 15 -12.190 58.700 10.250 -11.300 59.800 10.250 -30.000 68.000 10.250
3 15 -11.300 59.800 10.250 -10.200 60.690 10.250 -30.000 68.000 10.250
3 15 -10.200 60.690 10.250 -8.960 61.350 10.250 -30.000 68.000 10.250
3 15 -8.960 61.350 10.250 -7.600 61.760 10.250 -30.000 68.000 10.250
3 15 -7.600 61.760 10.250 -6.200 61.900 10.250 30.000 68.000 10.250
3 15 30.000 68.000 10.250 -30.000 68.000 10.250 -7.600 61.760 10.250
3 15 -4.800 61.760 10.250 30.000 68.000 10.250 -6.200 61.900 10.250
3 15 -3.440 61.350 10.250 30.000 68.000 10.250 -4.800 61.760 10.250
3 15 -2.200 60.690 10.250 30.000 68.000 10.250 -3.440 61.350 10.250
3 15 -2.200 60.690 10.250 -1.100 59.800 10.250 12.000 59.500 10.250
3 15 12.000 59.500 10.250 30.000 68.000 10.250 -2.200 60.690 10.250
3 15 12.000 59.500 10.250 -1.100 59.800 10.250 3.840 57.640 10.250
3 15 3.840 57.640 10.250 5.500 57.800 10.250 12.000 59.500 10.250
3 15 -1.100 59.800 10.250 -0.210 58.700 10.250 2.250 57.150 10.250
3 15 2.250 57.150 10.250 3.840 57.640 10.250 -1.100 59.800 10.250
3 15 2.250 57.150 10.250 -0.210 58.700 10.250 0.450 57.460 10.250
3 15 0.780 56.370 10.250 2.250 57.150 10.250 0.450 57.460 10.250
3 15 7.160 57.640 10.250 12.000 59.500 10.250 5.500 57.800 10.250
3 15 8.750 57.150 10.250 12.000 59.500 10.250 7.160 57.640 10.250
3 15 30.000 68.000 10.250 12.000 59.500 10.250 30.000 35.500 10.250
3 15 30.000 35.500 10.250 32.000 66.000 10.250 30.000 68.000 10.250
3 15 32.000 6.000 10.250 32.000 66.000 10.250 30.000 35.500 10.250
3 15 32.000 6.000 10.250 30.000 35.500 10.250 -10.500 8.000 10.250
1 14 5.5000 49.3000 10.2500 -6.0000 0.0000 0.0000 0.0000 0.0000 -6.0000 0.0000 -1.0000 0.0000 4-4disc.dat
1 14 -6.2000 54.7000 10.2500 -5.1000 0.0000 0.0000 0.0000 0.0000 -5.1000 0.0000 -1.0000 0.0000 4-4disc.dat
1 14 -19.0000 38.3000 10.2500 -4.2000 0.0000 0.0000 0.0000 0.0000 -4.2000 0.0000 -1.0000 0.0000 4-4disc.dat
1 0 5.5000 49.3000 10.2500 -6.0000 0.0000 0.0000 0.0000 0.0000 -6.0000 0.0000 -1.0000 0.0000 4-4ndis.dat
1 0 -6.2000 54.7000 10.2500 -5.1000 0.0000 0.0000 0.0000 0.0000 -5.1000 0.0000 -1.0000 0.0000 4-4ndis.dat
1 0 -19.0000 38.3000 10.2500 -4.2000 0.0000 0.0000 0.0000 0.0000 -4.2000 0.0000 -1.0000 0.0000 4-4ndis.dat
1 15 -30.0000 6.0000 10.2500 -2.0000 0.0000 0.0000 0.0000 0.0000 -2.0000 0.0000 -1.0000 0.0000 1-4chrd.dat
1 15 30.0000 6.0000 10.2500 0.0000 0.0000 2.0000 -2.0000 0.0000 0.0000 0.0000 -1.0000 0.0000 1-4chrd.dat
1 15 30.0000 66.0000 10.2500 2.0000 0.0000 0.0000 0.0000 0.0000 2.0000 0.0000 -1.0000 0.0000 1-4chrd.dat
1 15 -30.0000 66.0000 10.2500 0.0000 0.0000 -2.0000 2.0000 0.0000 0.0000 0.0000 -1.0000 0.0000 1-4chrd.dat
1 0 -30.0000 6.0000 10.2500 -2.0000 0.0000 0.0000 0.0000 0.0000 -2.0000 0.0000 -1.0000 0.0000 1-4ndis.dat
1 0 30.0000 6.0000 10.2500 0.0000 0.0000 2.0000 -2.0000 0.0000 0.0000 0.0000 -1.0000 0.0000 1-4ndis.dat
1 0 30.0000 66.0000 10.2500 2.0000 0.0000 0.0000 0.0000 0.0000 2.0000 0.0000 -1.0000 0.0000 1-4ndis.dat
1 0 -30.0000 66.0000 10.2500 0.0000 0.0000 -2.0000 2.0000 0.0000 0.0000 0.0000 -1.0000 0.0000 1-4ndis.dat
