0 FILE 4215apb05.dat
0 Panel 1 x 4 x 3 - Solid Studs with Small Box and Arrows Pattern (Sticker) - Set 6377
0 Name:  4215apb05.dat
0 Author:  
0 BL_Item_No 4215apb05
0 BFC CERTIFY CCW
1 16 0.0000 0.0000 0.0000 1.0000 0.0000 0.0000 0.0000 1.0000 0.0000 0.0000 0.0000 1.0000 4215a.dat
3 14 -0.400 44.400 10.250 -11.400 40.200 10.250 -11.400 29.800 10.250
3 14 -11.400 29.800 10.250 -0.400 33.400 10.250 -0.400 44.400 10.250
3 14 -10.800 29.200 10.250 0.000 27.400 10.250 10.800 29.200 10.250
3 14 10.800 29.200 10.250 0.000 32.600 10.250 -10.800 29.200 10.250
3 0 0.000 27.400 10.250 -10.800 29.200 10.250 -12.100 28.900 10.250
3 0 -12.100 28.900 10.250 0.000 26.700 10.250 0.000 27.400 10.250
3 0 -12.100 28.900 10.250 -10.800 29.200 10.250 0.000 32.600 10.250
3 0 0.000 32.600 10.250 -11.400 29.800 10.250 -12.100 28.900 10.250
3 0 -11.400 29.800 10.250 0.000 32.600 10.250 0.400 33.400 10.250
3 0 0.400 33.400 10.250 -0.400 33.400 10.250 -11.400 29.800 10.250
3 0 -11.400 29.800 10.250 -11.400 40.200 10.250 -12.100 40.700 10.250
3 0 -12.100 40.700 10.250 -12.100 28.900 10.250 -11.400 29.800 10.250
3 0 -11.400 40.200 10.250 -0.400 44.400 10.250 0.000 45.300 10.250
3 0 0.000 45.300 10.250 -12.100 40.700 10.250 -11.400 40.200 10.250
3 14 -17.000 31.000 10.250 -17.000 41.000 10.250 -26.000 41.000 10.250
3 14 -26.000 41.000 10.250 -26.000 31.000 10.250 -17.000 31.000 10.250
3 14 -26.000 29.000 10.250 -26.000 31.000 10.250 -32.000 36.000 10.250
3 14 -26.000 31.000 10.250 -26.000 41.000 10.250 -32.000 36.000 10.250
3 14 -32.000 36.000 10.250 -26.000 41.000 10.250 -26.000 43.000 10.250
3 0 -17.000 31.000 10.250 -26.000 31.000 10.250 -25.000 30.000 10.250
3 0 -25.000 30.000 10.250 -16.000 30.000 10.250 -17.000 31.000 10.250
3 0 -26.000 31.000 10.250 -26.000 29.000 10.250 -25.000 26.500 10.250
3 0 -25.000 26.500 10.250 -25.000 30.000 10.250 -26.000 31.000 10.250
3 0 -25.000 26.500 10.250 -26.000 29.000 10.250 -32.000 36.000 10.250
3 0 -32.000 36.000 10.250 -33.500 36.000 10.250 -25.000 26.500 10.250
3 0 -32.000 36.000 10.250 -26.000 43.000 10.250 -25.000 45.500 10.250
3 0 -25.000 45.500 10.250 -33.500 36.000 10.250 -32.000 36.000 10.250
3 0 -25.000 45.500 10.250 -26.000 43.000 10.250 -26.000 41.000 10.250
3 0 -26.000 41.000 10.250 -25.000 42.000 10.250 -25.000 45.500 10.250
3 0 -26.000 41.000 10.250 -17.000 41.000 10.250 -16.000 42.000 10.250
3 0 -16.000 42.000 10.250 -25.000 42.000 10.250 -26.000 41.000 10.250
3 0 -17.000 41.000 10.250 -17.000 31.000 10.250 -16.000 30.000 10.250
3 0 -16.000 30.000 10.250 -16.000 42.000 10.250 -17.000 41.000 10.250
3 14 0.400 44.400 10.250 0.400 33.400 10.250 11.400 29.800 10.250
3 14 11.400 29.800 10.250 11.400 40.200 10.250 0.400 44.400 10.250
3 0 0.000 27.400 10.250 0.000 26.700 10.250 12.100 28.900 10.250
3 0 12.100 28.900 10.250 10.800 29.200 10.250 0.000 27.400 10.250
3 0 12.100 28.900 10.250 11.400 29.800 10.250 0.000 32.600 10.250
3 0 0.000 32.600 10.250 10.800 29.200 10.250 12.100 28.900 10.250
3 0 11.400 29.800 10.250 0.400 33.400 10.250 0.000 32.600 10.250
3 0 11.400 29.800 10.250 12.100 28.900 10.250 12.100 40.700 10.250
3 0 12.100 40.700 10.250 11.400 40.200 10.250 11.400 29.800 10.250
3 0 11.400 40.200 10.250 12.100 40.700 10.250 0.000 45.300 10.250
3 0 0.000 45.300 10.250 0.400 44.400 10.250 11.400 40.200 10.250
3 14 17.000 31.000 10.250 26.000 31.000 10.250 26.000 41.000 10.250
3 14 26.000 41.000 10.250 17.000 41.000 10.250 17.000 31.000 10.250
3 14 26.000 29.000 10.250 32.000 36.000 10.250 26.000 31.000 10.250
3 14 26.000 31.000 10.250 32.000 36.000 10.250 26.000 41.000 10.250
3 14 32.000 36.000 10.250 26.000 43.000 10.250 26.000 41.000 10.250
3 0 17.000 31.000 10.250 16.000 30.000 10.250 25.000 30.000 10.250
3 0 25.000 30.000 10.250 26.000 31.000 10.250 17.000 31.000 10.250
3 0 26.000 31.000 10.250 25.000 30.000 10.250 25.000 26.500 10.250
3 0 25.000 26.500 10.250 26.000 29.000 10.250 26.000 31.000 10.250
3 0 25.000 26.500 10.250 33.500 36.000 10.250 32.000 36.000 10.250
3 0 32.000 36.000 10.250 26.000 29.000 10.250 25.000 26.500 10.250
3 0 32.000 36.000 10.250 33.500 36.000 10.250 25.000 45.500 10.250
3 0 25.000 45.500 10.250 26.000 43.000 10.250 32.000 36.000 10.250
3 0 25.000 45.500 10.250 25.000 42.000 10.250 26.000 41.000 10.250
3 0 26.000 41.000 10.250 26.000 43.000 10.250 25.000 45.500 10.250
3 0 26.000 41.000 10.250 25.000 42.000 10.250 16.000 42.000 10.250
3 0 16.000 42.000 10.250 17.000 41.000 10.250 26.000 41.000 10.250
3 0 17.000 41.000 10.250 16.000 42.000 10.250 16.000 30.000 10.250
3 0 16.000 30.000 10.250 17.000 31.000 10.250 17.000 41.000 10.250
3 0 0.400 33.400 10.250 0.400 44.400 10.250 -0.400 44.400 10.250
3 0 -0.400 44.400 10.250 -0.400 33.400 10.250 0.400 33.400 10.250
3 0 -0.400 44.400 10.250 0.400 44.400 10.250 0.000 45.300 10.250
3 15 -39.000 25.000 10.250 39.000 25.000 10.250 25.000 26.500 10.250
3 15 25.000 26.500 10.250 0.000 26.700 10.250 -39.000 25.000 10.250
3 15 39.000 25.000 10.250 33.500 36.000 10.250 25.000 26.500 10.250
3 15 39.000 25.000 10.250 39.000 47.000 10.250 33.500 36.000 10.250
3 15 33.500 36.000 10.250 39.000 47.000 10.250 25.000 45.500 10.250
3 15 25.000 45.500 10.250 39.000 47.000 10.250 -39.000 47.000 10.250
3 15 -39.000 47.000 10.250 0.000 45.300 10.250 25.000 45.500 10.250
3 15 25.000 45.500 10.250 0.000 45.300 10.250 16.000 42.000 10.250
3 15 16.000 42.000 10.250 25.000 42.000 10.250 25.000 45.500 10.250
3 15 12.100 40.700 10.250 16.000 42.000 10.250 0.000 45.300 10.250
3 15 16.000 42.000 10.250 12.100 40.700 10.250 12.100 28.900 10.250
3 15 12.100 28.900 10.250 16.000 30.000 10.250 16.000 42.000 10.250
3 15 16.000 30.000 10.250 12.100 28.900 10.250 25.000 26.500 10.250
3 15 25.000 26.500 10.250 25.000 30.000 10.250 16.000 30.000 10.250
3 15 25.000 26.500 10.250 12.100 28.900 10.250 0.000 26.700 10.250
3 15 0.000 45.300 10.250 -39.000 47.000 10.250 -25.000 45.500 10.250
3 15 -33.500 36.000 10.250 -25.000 45.500 10.250 -39.000 47.000 10.250
3 15 -39.000 25.000 10.250 -33.500 36.000 10.250 -39.000 47.000 10.250
3 15 -39.000 25.000 10.250 -25.000 26.500 10.250 -33.500 36.000 10.250
3 15 -39.000 25.000 10.250 0.000 26.700 10.250 -25.000 26.500 10.250
3 15 0.000 26.700 10.250 -12.100 28.900 10.250 -25.000 30.000 10.250
3 15 -25.000 30.000 10.250 -25.000 26.500 10.250 0.000 26.700 10.250
3 15 -12.100 28.900 10.250 -16.000 30.000 10.250 -25.000 30.000 10.250
3 15 -12.100 28.900 10.250 -12.100 40.700 10.250 -16.000 42.000 10.250
3 15 -16.000 42.000 10.250 -16.000 30.000 10.250 -12.100 28.900 10.250
3 15 -12.100 40.700 10.250 0.000 45.300 10.250 -16.000 42.000 10.250
3 15 -16.000 42.000 10.250 0.000 45.300 10.250 -25.000 45.500 10.250
3 15 -25.000 45.500 10.250 -25.000 42.000 10.250 -16.000 42.000 10.250
1 16 0.0000 36.0000 10.2500 -39.0000 0.0000 0.0000 0.0000 0.0000 -11.0000 0.0000 -0.2500 0.0000 box5-12.dat
