0 FILE 4215apb11L.dat
0 Panel 1 x 4 x 3 - Solid Studs with Lego Logo Pattern Upper Left (Sticker) - Set 6692
0 Name:  4215apb11L.dat
0 Author:  
0 BL_Item_No 4215apb11L
0 BFC CERTIFY CCW
1 16 0.0000 0.0000 0.0000 1.0000 0.0000 0.0000 0.0000 1.0000 0.0000 0.0000 0.0000 1.0000 4215a.dat
3 4 -11.000 1.000 10.250 39.000 1.000 10.250 37.352 15.600 10.250
3 4 37.352 15.600 10.250 -9.352 15.600 10.250 -11.000 1.000 10.250
3 4 37.352 15.600 10.250 39.000 1.000 10.250 39.000 51.000 10.250
3 4 39.000 51.000 10.250 37.352 36.400 10.250 37.352 15.600 10.250
3 4 37.352 36.400 10.250 39.000 51.000 10.250 -11.000 51.000 10.250
3 4 -11.000 51.000 10.250 -9.352 36.400 10.250 37.352 36.400 10.250
3 4 -9.352 36.400 10.250 -11.000 51.000 10.250 -11.000 1.000 10.250
3 4 -11.000 1.000 10.250 -9.352 15.600 10.250 -9.352 36.400 10.250
1 16 14.0000 26.0000 10.2500 -25.0000 0.0000 0.0000 0.0000 0.0000 -25.0000 0.0000 -0.2500 0.0000 box5-12.dat
3 15 28.508 28.388 10.250 28.286 32.798 10.250 27.479 32.423 10.250
3 15 27.479 32.423 10.250 27.569 28.342 10.250 28.508 28.388 10.250
3 15 27.569 28.342 10.250 27.479 32.423 10.250 26.581 31.875 10.250
3 15 26.581 31.875 10.250 26.506 28.521 10.250 27.569 28.342 10.250
3 15 26.506 28.521 10.250 26.581 31.875 10.250 26.013 31.121 10.250
3 15 26.013 31.121 10.250 25.799 29.167 10.250 26.506 28.521 10.250
3 15 25.799 29.167 10.250 26.013 31.121 10.250 25.699 30.177 10.250
3 15 28.286 32.798 10.250 28.508 28.388 10.250 30.005 33.207 10.250
3 15 30.005 33.207 10.250 29.133 33.049 10.250 28.286 32.798 10.250
3 15 30.005 33.207 10.250 28.508 28.388 10.250 31.764 33.318 10.250
3 15 31.764 33.318 10.250 30.885 33.291 10.250 30.005 33.207 10.250
3 15 31.764 33.318 10.250 28.508 28.388 10.250 32.678 27.401 10.250
3 15 32.678 27.401 10.250 32.985 33.153 10.250 31.764 33.318 10.250
3 15 32.678 27.401 10.250 33.087 28.490 10.250 33.653 32.238 10.250
3 15 33.653 32.238 10.250 32.985 33.153 10.250 32.678 27.401 10.250
3 15 33.087 28.490 10.250 33.681 29.924 10.250 33.831 31.088 10.250
3 15 33.831 31.088 10.250 33.653 32.238 10.250 33.087 28.490 10.250
3 15 32.678 27.401 10.250 28.508 28.388 10.250 31.744 25.298 10.250
3 15 31.744 25.298 10.250 32.221 26.343 10.250 32.678 27.401 10.250
3 15 28.508 28.388 10.250 27.553 26.389 10.250 31.278 24.235 10.250
3 15 31.278 24.235 10.250 31.744 25.298 10.250 28.508 28.388 10.250
3 15 27.553 26.389 10.250 26.597 24.388 10.250 30.496 22.608 10.250
3 15 30.496 22.608 10.250 31.278 24.235 10.250 27.553 26.389 10.250
3 15 30.496 22.608 10.250 26.597 24.388 10.250 25.642 22.389 10.250
3 15 25.642 22.389 10.250 29.788 21.202 10.250 30.496 22.608 10.250
3 15 29.264 20.281 10.250 29.788 21.202 10.250 25.642 22.389 10.250
3 15 29.264 20.281 10.250 25.642 22.389 10.250 24.664 20.222 10.250
3 15 24.664 20.222 10.250 28.762 19.390 10.250 29.264 20.281 10.250
3 15 28.762 19.390 10.250 24.664 20.222 10.250 24.424 19.440 10.250
3 15 24.424 19.440 10.250 28.207 18.735 10.250 28.762 19.390 10.250
3 15 28.207 18.735 10.250 24.424 19.440 10.250 24.576 18.634 10.250
3 15 24.576 18.634 10.250 27.527 18.240 10.250 28.207 18.735 10.250
3 15 27.527 18.240 10.250 24.576 18.634 10.250 25.230 18.138 10.250
3 15 25.230 18.138 10.250 26.749 18.009 10.250 27.527 18.240 10.250
3 15 25.939 17.989 10.250 26.749 18.009 10.250 25.230 18.138 10.250
3 15 14.858 21.739 10.250 17.036 18.025 10.250 16.441 22.665 10.250
3 15 16.441 22.665 10.250 15.574 22.364 10.250 14.858 21.739 10.250
3 15 17.036 18.025 10.250 17.902 18.044 10.250 17.355 22.783 10.250
3 15 17.355 22.783 10.250 16.441 22.665 10.250 17.036 18.025 10.250
3 15 17.902 18.044 10.250 18.815 18.248 10.250 18.381 22.791 10.250
3 15 18.381 22.791 10.250 17.355 22.783 10.250 17.902 18.044 10.250
3 15 18.815 18.248 10.250 19.685 18.679 10.250 20.350 19.312 10.250
3 15 20.350 19.312 10.250 18.381 22.791 10.250 18.815 18.248 10.250
3 15 20.350 19.312 10.250 21.032 20.333 10.250 21.646 21.427 10.250
3 15 21.646 21.427 10.250 18.381 22.791 10.250 20.350 19.312 10.250
3 15 18.381 22.791 10.250 21.646 21.427 10.250 22.203 22.541 10.250
3 15 22.203 22.541 10.250 18.707 23.648 10.250 18.381 22.791 10.250
3 15 22.203 22.541 10.250 22.725 23.683 10.250 20.282 27.626 10.250
3 15 20.282 27.626 10.250 18.707 23.648 10.250 22.203 22.541 10.250
3 15 18.707 23.648 10.250 20.282 27.626 10.250 19.253 27.526 10.250
3 15 19.253 27.526 10.250 17.933 23.784 10.250 18.707 23.648 10.250
3 15 19.253 27.526 10.250 18.254 27.281 10.250 17.216 24.132 10.250
3 15 17.216 24.132 10.250 17.933 23.784 10.250 19.253 27.526 10.250
3 15 18.254 27.281 10.250 17.526 26.480 10.250 16.868 24.915 10.250
3 15 16.868 24.915 10.250 17.216 24.132 10.250 18.254 27.281 10.250
3 15 16.868 24.915 10.250 17.526 26.480 10.250 17.095 25.750 10.250
3 15 22.725 23.683 10.250 23.217 24.833 10.250 23.684 25.992 10.250
3 15 23.684 25.992 10.250 20.282 27.626 10.250 22.725 23.683 10.250
3 15 23.684 25.992 10.250 24.141 27.172 10.250 20.684 28.461 10.250
3 15 20.684 28.461 10.250 20.282 27.626 10.250 23.684 25.992 10.250
3 15 24.141 27.172 10.250 24.597 28.357 10.250 20.862 33.324 10.250
3 15 20.862 33.324 10.250 20.684 28.461 10.250 24.141 27.172 10.250
3 15 20.862 33.324 10.250 24.597 28.357 10.250 24.902 29.331 10.250
3 15 24.902 29.331 10.250 21.780 33.476 10.250 20.862 33.324 10.250
3 15 21.780 33.476 10.250 24.902 29.331 10.250 25.132 30.336 10.250
3 15 25.132 30.336 10.250 22.691 33.528 10.250 21.780 33.476 10.250
3 15 22.691 33.528 10.250 25.132 30.336 10.250 25.230 31.365 10.250
3 15 25.230 31.365 10.250 23.608 33.504 10.250 22.691 33.528 10.250
3 15 23.608 33.504 10.250 25.230 31.365 10.250 25.076 32.377 10.250
3 15 25.076 32.377 10.250 24.482 33.168 10.250 23.608 33.504 10.250
3 15 20.684 28.461 10.250 20.862 33.324 10.250 19.982 33.053 10.250
3 15 19.982 33.053 10.250 19.823 28.363 10.250 20.684 28.461 10.250
3 15 19.982 33.053 10.250 19.148 32.628 10.250 18.934 28.355 10.250
3 15 18.934 28.355 10.250 19.823 28.363 10.250 19.982 33.053 10.250
3 15 19.148 32.628 10.250 18.234 31.953 10.250 17.899 28.556 10.250
3 15 17.899 28.556 10.250 18.934 28.355 10.250 19.148 32.628 10.250
3 15 18.234 31.953 10.250 17.658 31.159 10.250 17.378 29.357 10.250
3 15 17.378 29.357 10.250 17.899 28.556 10.250 18.234 31.953 10.250
3 15 17.378 29.357 10.250 17.658 31.159 10.250 17.331 30.202 10.250
3 15 17.036 18.025 10.250 14.858 21.739 10.250 14.505 21.057 10.250
3 15 14.505 21.057 10.250 16.344 18.061 10.250 17.036 18.025 10.250
3 15 16.344 18.061 10.250 14.505 21.057 10.250 14.255 20.349 10.250
3 15 14.255 20.349 10.250 15.658 18.169 10.250 16.344 18.061 10.250
3 15 15.658 18.169 10.250 14.255 20.349 10.250 14.174 19.573 10.250
3 15 14.174 19.573 10.250 14.999 18.398 10.250 15.658 18.169 10.250
3 15 14.999 18.398 10.250 14.174 19.573 10.250 14.433 18.854 10.250
3 15 8.207 18.118 10.250 8.901 18.044 10.250 9.626 22.102 10.250
3 15 9.626 22.102 10.250 9.148 22.063 10.250 8.207 18.118 10.250
3 15 8.901 18.044 10.250 9.626 18.101 10.250 10.370 18.287 10.250
3 15 10.370 18.287 10.250 9.626 22.102 10.250 8.901 18.044 10.250
3 15 9.626 22.102 10.250 10.370 18.287 10.250 11.118 18.602 10.250
3 15 11.118 18.602 10.250 10.175 22.391 10.250 9.626 22.102 10.250
3 15 10.175 22.391 10.250 11.118 18.602 10.250 11.859 19.039 10.250
3 15 11.859 19.039 10.250 10.759 22.908 10.250 10.175 22.391 10.250
3 15 11.859 19.039 10.250 12.580 19.590 10.250 13.269 20.247 10.250
3 15 13.269 20.247 10.250 10.759 22.908 10.250 11.859 19.039 10.250
3 15 10.759 22.908 10.250 13.269 20.247 10.250 13.913 20.998 10.250
3 15 13.913 20.998 10.250 11.339 23.618 10.250 10.759 22.908 10.250
3 15 13.913 20.998 10.250 14.503 21.828 10.250 11.874 24.475 10.250
3 15 11.874 24.475 10.250 11.339 23.618 10.250 13.913 20.998 10.250
3 15 14.503 21.828 10.250 15.026 22.725 10.250 12.328 25.418 10.250
3 15 12.328 25.418 10.250 11.874 24.475 10.250 14.503 21.828 10.250
3 15 15.026 22.725 10.250 15.477 23.674 10.250 12.669 26.383 10.250
3 15 12.669 26.383 10.250 12.328 25.418 10.250 15.026 22.725 10.250
3 15 15.477 23.674 10.250 15.961 24.774 10.250 16.291 25.776 10.250
3 15 16.291 25.776 10.250 12.669 26.383 10.250 15.477 23.674 10.250
3 15 12.669 26.383 10.250 16.291 25.776 10.250 16.502 26.780 10.250
3 15 16.502 26.780 10.250 12.876 27.305 10.250 12.669 26.383 10.250
3 15 12.876 27.305 10.250 16.502 26.780 10.250 16.643 27.767 10.250
3 15 16.643 27.767 10.250 12.933 28.122 10.250 12.876 27.305 10.250
3 15 16.643 27.767 10.250 16.635 28.722 10.250 12.837 28.776 10.250
3 15 12.837 28.776 10.250 12.933 28.122 10.250 16.643 27.767 10.250
3 15 16.635 28.722 10.250 16.529 29.629 10.250 16.328 30.469 10.250
3 15 16.328 30.469 10.250 12.837 28.776 10.250 16.635 28.722 10.250
3 15 12.837 28.776 10.250 16.328 30.469 10.250 16.034 31.231 10.250
3 15 16.034 31.231 10.250 12.595 29.223 10.250 12.837 28.776 10.250
3 15 16.034 31.231 10.250 15.654 31.902 10.250 15.141 32.467 10.250
3 15 15.141 32.467 10.250 12.595 29.223 10.250 16.034 31.231 10.250
3 15 15.141 32.467 10.250 14.531 32.919 10.250 12.223 29.435 10.250
3 15 12.223 29.435 10.250 12.595 29.223 10.250 15.141 32.467 10.250
3 15 14.531 32.919 10.250 13.932 33.252 10.250 13.162 33.384 10.250
3 15 13.162 33.384 10.250 12.223 29.435 10.250 14.531 32.919 10.250
3 15 13.162 33.384 10.250 12.468 33.416 10.250 11.743 33.360 10.250
3 15 11.743 33.360 10.250 12.223 29.435 10.250 13.162 33.384 10.250
3 15 12.223 29.435 10.250 11.743 33.360 10.250 11.000 33.173 10.250
3 15 11.000 33.173 10.250 11.745 29.397 10.250 12.223 29.435 10.250
3 15 11.000 33.173 10.250 10.299 32.718 10.250 11.195 29.106 10.250
3 15 11.195 29.106 10.250 11.745 29.397 10.250 11.000 33.173 10.250
3 15 10.299 32.718 10.250 9.599 32.197 10.250 8.957 31.596 10.250
3 15 8.957 31.596 10.250 11.195 29.106 10.250 10.299 32.718 10.250
3 15 8.957 31.596 10.250 8.375 30.921 10.250 7.859 30.191 10.250
3 15 7.859 30.191 10.250 11.195 29.106 10.250 8.957 31.596 10.250
3 15 11.195 29.106 10.250 7.859 30.191 10.250 7.401 29.412 10.250
3 15 7.401 29.412 10.250 10.844 28.702 10.250 11.195 29.106 10.250
3 15 10.596 28.272 10.250 10.844 28.702 10.250 7.401 29.412 10.250
3 15 10.596 28.272 10.250 7.401 29.412 10.250 6.996 28.514 10.250
3 15 6.996 28.514 10.250 10.396 27.715 10.250 10.596 28.272 10.250
3 15 6.996 28.514 10.250 6.703 27.697 10.250 6.504 26.850 10.250
3 15 6.504 26.850 10.250 10.396 27.715 10.250 6.996 28.514 10.250
3 15 6.504 26.850 10.250 6.466 25.976 10.250 6.726 25.140 10.250
3 15 6.726 25.140 10.250 10.396 27.715 10.250 6.504 26.850 10.250
3 15 6.726 25.140 10.250 7.339 24.577 10.250 7.990 24.367 10.250
3 15 7.990 24.367 10.250 10.396 27.715 10.250 6.726 25.140 10.250
3 15 7.990 24.367 10.250 8.729 24.317 10.250 9.372 24.334 10.250
3 15 9.372 24.334 10.250 10.396 27.715 10.250 7.990 24.367 10.250
3 15 9.372 24.334 10.250 10.008 24.452 10.250 10.590 24.774 10.250
3 15 10.590 24.774 10.250 10.396 27.715 10.250 9.372 24.334 10.250
3 15 10.590 24.774 10.250 10.973 25.230 10.250 10.993 27.574 10.250
3 15 10.993 27.574 10.250 10.396 27.715 10.250 10.590 24.774 10.250
3 15 10.973 25.230 10.250 11.325 25.799 10.250 11.438 27.104 10.250
3 15 11.438 27.104 10.250 10.993 27.574 10.250 10.973 25.230 10.250
3 15 11.325 25.799 10.250 11.529 26.434 10.250 11.438 27.104 10.250
3 15 9.148 22.063 10.250 8.776 22.275 10.250 7.555 18.323 10.250
3 15 7.555 18.323 10.250 8.207 18.118 10.250 9.148 22.063 10.250
3 15 7.555 18.323 10.250 8.776 22.275 10.250 6.354 19.128 10.250
3 15 6.354 19.128 10.250 6.956 18.656 10.250 7.555 18.323 10.250
3 15 8.776 22.275 10.250 8.533 22.722 10.250 5.895 19.761 10.250
3 15 5.895 19.761 10.250 6.354 19.128 10.250 8.776 22.275 10.250
3 15 5.895 19.761 10.250 8.533 22.722 10.250 8.350 23.135 10.250
3 15 8.350 23.135 10.250 5.541 20.479 10.250 5.895 19.761 10.250
3 15 8.350 23.135 10.250 7.965 23.739 10.250 5.338 21.256 10.250
3 15 5.338 21.256 10.250 5.541 20.479 10.250 8.350 23.135 10.250
3 15 5.338 21.256 10.250 7.965 23.739 10.250 7.347 24.008 10.250
3 15 7.347 24.008 10.250 5.346 22.071 10.250 5.338 21.256 10.250
3 15 5.346 22.071 10.250 7.347 24.008 10.250 6.699 23.870 10.250
3 15 6.699 23.870 10.250 5.614 22.827 10.250 5.346 22.071 10.250
3 15 5.614 22.827 10.250 6.699 23.870 10.250 6.096 23.429 10.250
3 15 -2.208 18.314 10.250 -1.520 18.226 10.250 -0.728 22.305 10.250
3 15 -0.728 22.305 10.250 -1.156 22.312 10.250 -2.208 18.314 10.250
3 15 -1.520 18.226 10.250 -0.800 18.270 10.250 -0.230 22.548 10.250
3 15 -0.230 22.548 10.250 -0.728 22.305 10.250 -1.520 18.226 10.250
3 15 -0.800 18.270 10.250 -0.062 18.444 10.250 0.683 18.749 10.250
3 15 0.683 18.749 10.250 -0.230 22.548 10.250 -0.800 18.270 10.250
3 15 0.683 18.749 10.250 1.421 19.179 10.250 2.140 19.723 10.250
3 15 2.140 19.723 10.250 -0.230 22.548 10.250 0.683 18.749 10.250
3 15 -0.230 22.548 10.250 2.140 19.723 10.250 2.827 20.375 10.250
3 15 2.827 20.375 10.250 0.305 23.027 10.250 -0.230 22.548 10.250
3 15 0.305 23.027 10.250 2.827 20.375 10.250 3.472 21.123 10.250
3 15 3.472 21.123 10.250 0.838 23.706 10.250 0.305 23.027 10.250
3 15 3.472 21.123 10.250 4.062 21.954 10.250 1.335 24.540 10.250
3 15 1.335 24.540 10.250 0.838 23.706 10.250 3.472 21.123 10.250
3 15 4.062 21.954 10.250 4.588 22.855 10.250 1.762 25.473 10.250
3 15 1.762 25.473 10.250 1.335 24.540 10.250 4.062 21.954 10.250
3 15 4.588 22.855 10.250 5.040 23.808 10.250 2.089 26.440 10.250
3 15 2.089 26.440 10.250 1.762 25.473 10.250 4.588 22.855 10.250
3 15 5.040 23.808 10.250 5.411 24.799 10.250 2.295 27.377 10.250
3 15 2.295 27.377 10.250 2.089 26.440 10.250 5.040 23.808 10.250
3 15 5.411 24.799 10.250 5.695 25.811 10.250 5.886 26.825 10.250
3 15 5.886 26.825 10.250 2.295 27.377 10.250 5.411 24.799 10.250
3 15 2.295 27.377 10.250 5.886 26.825 10.250 5.983 27.824 10.250
3 15 5.983 27.824 10.250 2.364 28.219 10.250 2.295 27.377 10.250
3 15 5.983 27.824 10.250 5.981 28.793 10.250 2.293 28.909 10.250
3 15 2.293 28.909 10.250 2.364 28.219 10.250 5.983 27.824 10.250
3 15 5.981 28.793 10.250 5.883 29.714 10.250 2.087 29.398 10.250
3 15 2.087 29.398 10.250 2.293 28.909 10.250 5.981 28.793 10.250
3 15 5.883 29.714 10.250 5.689 30.570 10.250 5.403 31.349 10.250
3 15 5.403 31.349 10.250 2.087 29.398 10.250 5.883 29.714 10.250
3 15 2.087 29.398 10.250 5.403 31.349 10.250 5.029 32.034 10.250
3 15 5.029 32.034 10.250 1.758 29.656 10.250 2.087 29.398 10.250
3 15 5.029 32.034 10.250 4.574 32.616 10.250 4.048 33.086 10.250
3 15 4.048 33.086 10.250 1.758 29.656 10.250 5.029 32.034 10.250
3 15 4.048 33.086 10.250 3.455 33.434 10.250 2.810 33.654 10.250
3 15 2.810 33.654 10.250 1.758 29.656 10.250 4.048 33.086 10.250
3 15 1.758 29.656 10.250 2.810 33.654 10.250 2.122 33.742 10.250
3 15 2.122 33.742 10.250 1.330 29.663 10.250 1.758 29.656 10.250
3 15 2.122 33.742 10.250 1.166 33.698 10.250 0.832 29.420 10.250
3 15 0.832 29.420 10.250 1.330 29.663 10.250 2.122 33.742 10.250
3 15 1.166 33.698 10.250 0.429 33.523 10.250 -0.316 33.219 10.250
3 15 -0.316 33.219 10.250 0.832 29.420 10.250 1.166 33.698 10.250
3 15 0.832 29.420 10.250 -0.316 33.219 10.250 -1.054 32.790 10.250
3 15 -1.054 32.790 10.250 0.298 28.941 10.250 0.832 29.420 10.250
3 15 -1.054 32.790 10.250 -1.773 32.245 10.250 -0.235 28.262 10.250
3 15 -0.235 28.262 10.250 0.298 28.941 10.250 -1.054 32.790 10.250
3 15 -1.773 32.245 10.250 -2.461 31.593 10.250 -3.105 30.844 10.250
3 15 -3.105 30.844 10.250 -0.235 28.262 10.250 -1.773 32.245 10.250
3 15 -3.105 30.844 10.250 -3.695 30.013 10.250 -4.220 29.113 10.250
3 15 -4.220 29.113 10.250 -0.235 28.262 10.250 -3.105 30.844 10.250
3 15 -0.235 28.262 10.250 -4.220 29.113 10.250 -4.673 28.160 10.250
3 15 -4.673 28.160 10.250 -0.734 27.428 10.250 -0.235 28.262 10.250
3 15 -0.734 27.428 10.250 -4.673 28.160 10.250 -5.044 27.168 10.250
3 15 -5.044 27.168 10.250 -1.159 26.494 10.250 -0.734 27.428 10.250
3 15 -1.159 26.494 10.250 -5.044 27.168 10.250 -5.328 26.157 10.250
3 15 -5.328 26.157 10.250 -1.487 25.527 10.250 -1.159 26.494 10.250
3 15 -1.487 25.527 10.250 -5.328 26.157 10.250 -5.519 25.143 10.250
3 15 -5.519 25.143 10.250 -1.692 24.590 10.250 -1.487 25.527 10.250
3 15 -1.692 24.590 10.250 -5.519 25.143 10.250 -5.616 24.143 10.250
3 15 -5.616 24.143 10.250 -1.763 23.748 10.250 -1.692 24.590 10.250
3 15 -5.616 24.143 10.250 -5.615 23.174 10.250 -1.691 23.060 10.250
3 15 -1.691 23.060 10.250 -1.763 23.748 10.250 -5.616 24.143 10.250
3 15 -5.615 23.174 10.250 -5.516 22.254 10.250 -1.485 22.570 10.250
3 15 -1.485 22.570 10.250 -1.691 23.060 10.250 -5.615 23.174 10.250
3 15 -5.516 22.254 10.250 -5.322 21.399 10.250 -5.036 20.619 10.250
3 15 -5.036 20.619 10.250 -1.485 22.570 10.250 -5.516 22.254 10.250
3 15 -5.036 20.619 10.250 -4.662 19.934 10.250 -4.208 19.351 10.250
3 15 -4.208 19.351 10.250 -1.485 22.570 10.250 -5.036 20.619 10.250
3 15 -1.485 22.570 10.250 -4.208 19.351 10.250 -3.680 18.882 10.250
3 15 -3.680 18.882 10.250 -1.156 22.312 10.250 -1.485 22.570 10.250
3 15 -3.680 18.882 10.250 -2.854 18.471 10.250 -2.208 18.314 10.250
3 15 -2.208 18.314 10.250 -1.156 22.312 10.250 -3.680 18.882 10.250
3 14 -0.801 23.660 10.250 -0.708 23.525 10.250 -0.532 23.504 10.250
3 14 -0.532 23.504 10.250 -0.272 23.639 10.250 -0.801 23.660 10.250
3 14 -0.750 24.024 10.250 -0.801 23.660 10.250 -0.272 23.639 10.250
3 14 -0.272 23.639 10.250 0.014 24.097 10.250 -0.750 24.024 10.250
3 14 -0.658 24.544 10.250 -0.750 24.024 10.250 0.014 24.097 10.250
3 14 0.014 24.097 10.250 0.342 24.648 10.250 -0.658 24.544 10.250
3 14 -0.498 25.272 10.250 -0.658 24.544 10.250 0.342 24.648 10.250
3 14 0.342 24.648 10.250 0.636 25.355 10.250 -0.498 25.272 10.250
3 14 -0.230 26.198 10.250 -0.498 25.272 10.250 0.636 25.355 10.250
3 14 0.636 25.355 10.250 0.972 26.146 10.250 -0.230 26.198 10.250
3 14 0.064 26.998 10.250 -0.230 26.198 10.250 0.972 26.146 10.250
3 14 0.972 26.146 10.250 1.257 27.071 10.250 0.064 26.998 10.250
3 14 0.535 27.882 10.250 0.064 26.998 10.250 1.257 27.071 10.250
3 14 1.257 27.071 10.250 1.450 27.914 10.250 0.535 27.882 10.250
3 14 0.820 28.413 10.250 0.535 27.882 10.250 1.450 27.914 10.250
3 14 1.450 27.914 10.250 1.501 28.402 10.250 0.820 28.413 10.250
3 14 1.089 28.704 10.250 0.820 28.413 10.250 1.501 28.402 10.250
3 14 1.501 28.402 10.250 1.207 28.766 10.250 1.089 28.704 10.250
3 14 1.207 28.766 10.250 1.501 28.402 10.250 1.450 28.673 10.250
3 14 1.854 36.005 10.250 0.308 35.797 10.250 1.198 35.058 10.250
3 14 1.198 35.058 10.250 2.559 35.142 10.250 1.854 36.005 10.250
3 14 3.542 35.776 10.250 1.854 36.005 10.250 2.559 35.142 10.250
3 14 2.559 35.142 10.250 3.912 34.830 10.250 3.542 35.776 10.250
3 14 3.912 34.830 10.250 5.054 34.206 10.250 4.903 35.225 10.250
3 14 4.903 35.225 10.250 3.542 35.776 10.250 3.912 34.830 10.250
3 14 4.903 35.225 10.250 5.054 34.206 10.250 5.827 34.538 10.250
3 14 5.760 33.519 10.250 6.415 33.748 10.250 5.827 34.538 10.250
3 14 5.827 34.538 10.250 5.054 34.206 10.250 5.760 33.519 10.250
3 14 6.280 32.698 10.250 6.961 33.062 10.250 6.415 33.748 10.250
3 14 6.415 33.748 10.250 5.760 33.519 10.250 6.280 32.698 10.250
3 14 6.961 33.062 10.250 6.280 32.698 10.250 6.700 31.845 10.250
3 14 6.700 31.845 10.250 7.095 31.824 10.250 6.961 33.062 10.250
3 14 7.515 32.510 10.250 7.700 33.706 10.250 6.961 33.062 10.250
3 14 6.961 33.062 10.250 7.095 31.824 10.250 7.515 32.510 10.250
3 14 7.700 33.706 10.250 7.515 32.510 10.250 8.775 33.748 10.250
3 14 8.775 33.748 10.250 8.725 34.684 10.250 7.700 33.706 10.250
3 14 9.514 34.226 10.250 9.968 35.246 10.250 8.725 34.684 10.250
3 14 8.725 34.684 10.250 8.775 33.748 10.250 9.514 34.226 10.250
3 14 9.968 35.246 10.250 9.514 34.226 10.250 10.884 34.726 10.250
3 14 10.884 34.726 10.250 11.320 35.599 10.250 9.968 35.246 10.250
3 14 12.026 34.830 10.250 12.463 35.662 10.250 11.320 35.599 10.250
3 14 11.320 35.599 10.250 10.884 34.726 10.250 12.026 34.830 10.250
3 14 13.252 34.830 10.250 13.916 35.641 10.250 12.463 35.662 10.250
3 14 12.463 35.662 10.250 12.026 34.830 10.250 13.252 34.830 10.250
3 14 14.445 34.642 10.250 15.235 35.204 10.250 13.916 35.641 10.250
3 14 13.916 35.641 10.250 13.252 34.830 10.250 14.445 34.642 10.250
3 14 15.235 35.204 10.250 14.445 34.642 10.250 15.352 34.206 10.250
3 14 15.352 34.206 10.250 16.293 34.497 10.250 15.235 35.204 10.250
3 14 16.293 34.497 10.250 15.352 34.206 10.250 16.226 33.478 10.250
3 14 16.226 33.478 10.250 16.948 33.686 10.250 16.293 34.497 10.250
3 14 16.780 32.760 10.250 17.116 32.739 10.250 16.948 33.686 10.250
3 14 16.948 33.686 10.250 16.226 33.478 10.250 16.780 32.760 10.250
3 14 17.578 34.102 10.250 16.948 33.686 10.250 17.116 32.739 10.250
3 14 17.116 32.739 10.250 17.864 33.478 10.250 17.578 34.102 10.250
3 14 18.502 34.705 10.250 17.578 34.102 10.250 17.864 33.478 10.250
3 14 17.864 33.478 10.250 19.074 34.143 10.250 18.502 34.705 10.250
3 14 19.544 34.996 10.250 18.502 34.705 10.250 19.074 34.143 10.250
3 14 19.074 34.143 10.250 20.300 34.455 10.250 19.544 34.996 10.250
3 14 20.686 35.329 10.250 19.544 34.996 10.250 20.300 34.455 10.250
3 14 20.300 34.455 10.250 21.652 34.663 10.250 20.686 35.329 10.250
3 14 22.207 35.433 10.250 20.686 35.329 10.250 21.652 34.663 10.250
3 14 21.652 34.663 10.250 22.644 34.746 10.250 22.207 35.433 10.250
3 14 23.568 35.495 10.250 22.207 35.433 10.250 22.644 34.746 10.250
3 14 22.644 34.746 10.250 24.273 34.601 10.250 23.568 35.495 10.250
3 14 25.138 35.204 10.250 23.568 35.495 10.250 24.273 34.601 10.250
3 14 24.273 34.601 10.250 25.491 34.143 10.250 25.138 35.204 10.250
3 14 26.079 34.601 10.250 25.138 35.204 10.250 25.491 34.143 10.250
3 14 25.491 34.143 10.250 26.079 33.436 10.250 26.079 34.601 10.250
3 14 26.079 33.436 10.250 26.634 33.374 10.250 26.314 34.247 10.250
3 14 26.314 34.247 10.250 26.079 34.601 10.250 26.079 33.436 10.250
3 14 27.121 34.663 10.250 26.314 34.247 10.250 26.634 33.374 10.250
3 14 26.634 33.374 10.250 27.524 33.873 10.250 27.121 34.663 10.250
3 14 28.389 35.204 10.250 27.121 34.663 10.250 27.524 33.873 10.250
3 14 27.524 33.873 10.250 28.792 34.372 10.250 28.389 35.204 10.250
3 14 29.683 35.474 10.250 28.389 35.204 10.250 28.792 34.372 10.250
3 14 28.792 34.372 10.250 30.338 34.705 10.250 29.683 35.474 10.250
3 14 30.338 34.705 10.250 31.564 34.726 10.250 30.926 35.495 10.250
3 14 30.926 35.495 10.250 29.683 35.474 10.250 30.338 34.705 10.250
3 14 32.295 35.454 10.250 30.926 35.495 10.250 31.564 34.726 10.250
3 14 31.564 34.726 10.250 32.665 34.538 10.250 32.295 35.454 10.250
3 14 33.404 35.266 10.250 32.295 35.454 10.250 32.665 34.538 10.250
3 14 32.665 34.538 10.250 33.785 34.143 10.250 33.404 35.266 10.250
3 14 34.647 34.497 10.250 33.404 35.266 10.250 33.785 34.143 10.250
3 14 33.785 34.143 10.250 34.614 33.457 10.250 34.647 34.497 10.250
3 14 34.614 33.457 10.250 35.176 32.448 10.250 35.344 33.540 10.250
3 14 35.344 33.540 10.250 34.647 34.497 10.250 34.614 33.457 10.250
3 14 35.731 32.094 10.250 35.344 33.540 10.250 35.176 32.448 10.250
3 14 35.176 32.448 10.250 35.281 31.221 10.250 35.731 32.094 10.250
3 14 35.281 31.221 10.250 35.034 29.619 10.250 35.832 30.784 10.250
3 14 35.832 30.784 10.250 35.731 32.094 10.250 35.281 31.221 10.250
3 14 35.034 29.619 10.250 34.437 27.841 10.250 35.428 28.683 10.250
3 14 35.428 28.683 10.250 35.832 30.784 10.250 35.034 29.619 10.250
3 14 34.849 26.926 10.250 35.428 28.683 10.250 34.437 27.841 10.250
3 14 34.437 27.841 10.250 33.874 26.462 10.250 34.849 26.926 10.250
3 14 33.874 26.462 10.250 33.186 24.773 10.250 34.160 25.272 10.250
3 14 34.160 25.272 10.250 34.849 26.926 10.250 33.874 26.462 10.250
3 14 33.253 23.202 10.250 34.160 25.272 10.250 33.186 24.773 10.250
3 14 33.186 24.773 10.250 32.060 22.370 10.250 33.253 23.202 10.250
3 14 32.060 22.370 10.250 31.010 20.374 10.250 32.110 20.977 10.250
3 14 32.110 20.977 10.250 33.253 23.202 10.250 32.060 22.370 10.250
3 14 30.556 18.408 10.250 32.110 20.977 10.250 31.010 20.374 10.250
3 14 31.010 20.374 10.250 29.431 18.054 10.250 30.556 18.408 10.250
3 14 29.431 18.054 10.250 28.238 17.285 10.250 29.246 16.994 10.250
3 14 29.246 16.994 10.250 30.556 18.408 10.250 29.431 18.054 10.250
3 14 28.238 17.285 10.250 27.238 17.077 10.250 28.188 16.453 10.250
3 14 28.188 16.453 10.250 29.246 16.994 10.250 28.238 17.285 10.250
3 14 27.238 17.077 10.250 26.197 16.986 10.250 27.003 16.328 10.250
3 14 27.003 16.328 10.250 28.188 16.453 10.250 27.238 17.077 10.250
3 14 25.710 16.307 10.250 27.003 16.328 10.250 26.197 16.986 10.250
3 14 26.197 16.986 10.250 25.038 17.077 10.250 25.710 16.307 10.250
3 14 25.038 17.077 10.250 23.484 17.035 10.250 24.357 16.578 10.250
3 14 24.357 16.578 10.250 25.710 16.307 10.250 25.038 17.077 10.250
3 14 23.484 17.035 10.250 25.038 17.077 10.250 23.656 17.722 10.250
3 14 23.656 17.722 10.250 22.744 18.034 10.250 23.484 17.035 10.250
3 14 22.744 18.034 10.250 23.656 17.722 10.250 23.198 18.741 10.250
3 14 23.198 18.741 10.250 22.526 19.032 10.250 22.744 18.034 10.250
3 14 22.526 19.032 10.250 23.198 18.741 10.250 23.349 20.290 10.250
3 14 23.349 20.290 10.250 22.812 20.956 10.250 22.526 19.032 10.250
3 14 22.812 20.956 10.250 23.349 20.290 10.250 23.920 21.559 10.250
3 14 23.920 21.559 10.250 23.635 22.682 10.250 22.812 20.956 10.250
3 14 23.635 22.682 10.250 23.920 21.559 10.250 26.298 26.634 10.250
3 14 26.298 26.634 10.250 25.626 27.425 10.250 23.635 22.682 10.250
3 14 26.298 26.634 10.250 26.264 27.175 10.250 26.012 27.466 10.250
3 14 26.012 27.466 10.250 25.626 27.425 10.250 26.298 26.634 10.250
3 14 22.526 19.032 10.250 22.812 20.956 10.250 21.703 18.949 10.250
3 14 21.703 18.949 10.250 21.484 17.784 10.250 22.526 19.032 10.250
3 14 21.484 17.784 10.250 21.703 18.949 10.250 20.770 18.179 10.250
3 14 20.770 18.179 10.250 20.350 17.098 10.250 21.484 17.784 10.250
3 14 20.350 17.098 10.250 20.770 18.179 10.250 19.611 17.472 10.250
3 14 19.611 17.472 10.250 18.973 16.598 10.250 20.350 17.098 10.250
3 14 18.973 16.598 10.250 19.611 17.472 10.250 18.318 17.056 10.250
3 14 18.318 17.056 10.250 17.746 16.349 10.250 18.973 16.598 10.250
3 14 17.746 16.349 10.250 18.318 17.056 10.250 17.032 17.077 10.250
3 14 17.032 17.077 10.250 16.579 16.328 10.250 17.746 16.349 10.250
3 14 16.579 16.328 10.250 17.032 17.077 10.250 16.058 17.118 10.250
3 14 16.058 17.118 10.250 15.319 16.453 10.250 16.579 16.328 10.250
3 14 15.319 16.453 10.250 16.058 17.118 10.250 14.848 17.285 10.250
3 14 14.848 17.285 10.250 14.092 16.765 10.250 15.319 16.453 10.250
3 14 14.092 16.765 10.250 14.848 17.285 10.250 13.656 17.846 10.250
3 14 13.656 17.846 10.250 13.387 17.264 10.250 14.092 16.765 10.250
3 14 13.387 17.264 10.250 13.656 17.846 10.250 13.034 18.616 10.250
3 14 13.034 18.616 10.250 12.664 18.699 10.250 13.387 17.264 10.250
3 14 13.387 17.264 10.250 12.664 18.699 10.250 12.900 17.909 10.250
3 14 12.345 17.472 10.250 12.900 17.909 10.250 12.664 18.699 10.250
3 14 12.664 18.699 10.250 11.959 17.971 10.250 12.345 17.472 10.250
3 14 11.371 17.035 10.250 12.345 17.472 10.250 11.959 17.971 10.250
3 14 11.959 17.971 10.250 10.968 17.493 10.250 11.371 17.035 10.250
3 14 10.186 16.661 10.250 11.371 17.035 10.250 10.968 17.493 10.250
3 14 10.968 17.493 10.250 9.733 17.222 10.250 10.186 16.661 10.250
3 14 9.094 16.515 10.250 10.186 16.661 10.250 9.733 17.222 10.250
3 14 9.733 17.222 10.250 8.523 17.160 10.250 9.094 16.515 10.250
3 14 7.784 16.557 10.250 9.094 16.515 10.250 8.523 17.160 10.250
3 14 8.523 17.160 10.250 7.297 17.347 10.250 7.784 16.557 10.250
3 14 6.331 17.035 10.250 7.784 16.557 10.250 7.297 17.347 10.250
3 14 7.297 17.347 10.250 6.112 17.846 10.250 6.331 17.035 10.250
3 14 5.340 17.763 10.250 6.331 17.035 10.250 6.112 17.846 10.250
3 14 6.112 17.846 10.250 5.407 18.595 10.250 5.340 17.763 10.250
3 14 5.407 18.595 10.250 4.382 18.793 10.250 4.777 18.294 10.250
3 14 4.777 18.294 10.250 5.340 17.763 10.250 5.407 18.595 10.250
3 14 4.710 19.438 10.250 5.407 18.595 10.250 4.525 19.833 10.250
3 14 4.710 19.438 10.250 4.525 19.833 10.250 4.088 19.802 10.250
3 14 4.710 19.438 10.250 4.088 19.802 10.250 4.382 18.793 10.250
3 14 4.382 18.793 10.250 5.407 18.595 10.250 4.710 19.438 10.250
3 14 3.542 19.042 10.250 3.592 17.898 10.250 4.382 18.793 10.250
3 14 4.382 18.793 10.250 4.088 19.802 10.250 3.542 19.042 10.250
3 14 3.592 17.898 10.250 3.542 19.042 10.250 2.769 18.325 10.250
3 14 2.769 18.325 10.250 2.685 17.295 10.250 3.592 17.898 10.250
3 14 1.786 17.784 10.250 1.568 16.765 10.250 2.685 17.295 10.250
3 14 2.685 17.295 10.250 2.769 18.325 10.250 1.786 17.784 10.250
3 14 1.568 16.765 10.250 1.786 17.784 10.250 0.888 17.389 10.250
3 14 0.888 17.389 10.250 0.652 16.432 10.250 1.568 16.765 10.250
3 14 0.652 16.432 10.250 0.888 17.389 10.250 0.199 17.181 10.250
3 14 -4.866 17.233 10.250 -4.295 17.815 10.250 -4.917 18.335 10.250
3 14 -4.917 18.335 10.250 -5.984 18.106 10.250 -4.866 17.233 10.250
3 14 -3.926 16.723 10.250 -3.455 17.482 10.250 -4.295 17.815 10.250
3 14 -4.295 17.815 10.250 -4.866 17.233 10.250 -3.926 16.723 10.250
3 14 -3.455 17.482 10.250 -3.926 16.723 10.250 -2.968 16.453 10.250
3 14 -2.968 16.453 10.250 -2.380 17.139 10.250 -3.455 17.482 10.250
3 14 -2.380 17.139 10.250 -2.968 16.453 10.250 -1.716 16.245 10.250
3 14 -1.716 16.245 10.250 -1.364 17.056 10.250 -2.380 17.139 10.250
3 14 -0.624 16.224 10.250 -0.288 17.087 10.250 -1.364 17.056 10.250
3 14 -1.364 17.056 10.250 -1.716 16.245 10.250 -0.624 16.224 10.250
3 14 -0.288 17.087 10.250 -0.624 16.224 10.250 0.652 16.432 10.250
3 14 0.652 16.432 10.250 0.199 17.181 10.250 -0.288 17.087 10.250
3 14 -0.582 34.611 10.250 1.198 35.058 10.250 0.308 35.797 10.250
3 14 0.308 35.797 10.250 -1.473 35.277 10.250 -0.582 34.611 10.250
3 14 -1.473 35.277 10.250 -2.951 34.299 10.250 -1.792 33.987 10.250
3 14 -1.792 33.987 10.250 -0.582 34.611 10.250 -1.473 35.277 10.250
3 14 -2.951 34.299 10.250 -4.203 33.051 10.250 -3.035 33.030 10.250
3 14 -3.035 33.030 10.250 -1.792 33.987 10.250 -2.951 34.299 10.250
3 14 -4.203 33.051 10.250 -5.211 31.606 10.250 -4.001 31.886 10.250
3 14 -4.001 31.886 10.250 -3.035 33.030 10.250 -4.203 33.051 10.250
3 14 -5.060 30.191 10.250 -4.001 31.886 10.250 -5.211 31.606 10.250
3 14 -5.211 31.606 10.250 -6.303 29.463 10.250 -5.060 30.191 10.250
3 14 -6.303 29.463 10.250 -7.218 27.394 10.250 -6.034 27.966 10.250
3 14 -6.034 27.966 10.250 -5.060 30.191 10.250 -6.303 29.463 10.250
3 14 -6.504 26.343 10.250 -6.034 27.966 10.250 -7.218 27.394 10.250
3 14 -7.218 27.394 10.250 -7.655 25.511 10.250 -6.504 26.343 10.250
3 14 -7.655 25.511 10.250 -7.773 23.910 10.250 -6.798 24.887 10.250
3 14 -6.798 24.887 10.250 -6.504 26.343 10.250 -7.655 25.511 10.250
3 14 -6.866 23.514 10.250 -6.798 24.887 10.250 -7.773 23.910 10.250
3 14 -7.773 23.910 10.250 -7.756 22.298 10.250 -6.866 23.514 10.250
3 14 -7.756 22.298 10.250 -7.386 20.530 10.250 -6.714 21.590 10.250
3 14 -6.714 21.590 10.250 -6.866 23.514 10.250 -7.756 22.298 10.250
3 14 -7.386 20.530 10.250 -6.731 18.990 10.250 -6.185 19.989 10.250
3 14 -6.185 19.989 10.250 -6.714 21.590 10.250 -7.386 20.530 10.250
3 14 -6.731 18.990 10.250 -5.984 18.106 10.250 -5.597 19.115 10.250
3 14 -5.597 19.115 10.250 -6.185 19.989 10.250 -6.731 18.990 10.250
3 14 -5.597 19.115 10.250 -5.984 18.106 10.250 -4.917 18.335 10.250
3 0 2.827 20.375 10.250 3.542 19.042 10.250 4.088 19.802 10.250
3 0 4.088 19.802 10.250 3.472 21.123 10.250 2.827 20.375 10.250
3 0 3.542 19.042 10.250 2.827 20.375 10.250 2.140 19.723 10.250
3 0 2.140 19.723 10.250 2.769 18.325 10.250 3.542 19.042 10.250
3 0 1.421 19.179 10.250 1.786 17.784 10.250 2.769 18.325 10.250
3 0 2.769 18.325 10.250 2.140 19.723 10.250 1.421 19.179 10.250
3 0 1.786 17.784 10.250 1.421 19.179 10.250 0.683 18.749 10.250
3 0 0.683 18.749 10.250 0.888 17.389 10.250 1.786 17.784 10.250
3 0 -0.062 18.444 10.250 0.199 17.181 10.250 0.888 17.389 10.250
3 0 0.888 17.389 10.250 0.683 18.749 10.250 -0.062 18.444 10.250
3 0 0.199 17.181 10.250 -0.062 18.444 10.250 -0.800 18.270 10.250
3 0 -0.800 18.270 10.250 -0.288 17.087 10.250 0.199 17.181 10.250
3 0 -0.288 17.087 10.250 -0.800 18.270 10.250 -1.520 18.226 10.250
3 0 -1.520 18.226 10.250 -1.364 17.056 10.250 -0.288 17.087 10.250
3 0 -1.364 17.056 10.250 -1.520 18.226 10.250 -2.208 18.314 10.250
3 0 -2.208 18.314 10.250 -2.380 17.139 10.250 -1.364 17.056 10.250
3 0 -2.854 18.471 10.250 -3.455 17.482 10.250 -2.380 17.139 10.250
3 0 -2.380 17.139 10.250 -2.208 18.314 10.250 -2.854 18.471 10.250
3 0 -3.455 17.482 10.250 -2.854 18.471 10.250 -3.680 18.882 10.250
3 0 -3.680 18.882 10.250 -4.295 17.815 10.250 -3.455 17.482 10.250
3 0 -4.208 19.351 10.250 -4.917 18.335 10.250 -4.295 17.815 10.250
3 0 -4.295 17.815 10.250 -3.680 18.882 10.250 -4.208 19.351 10.250
3 0 -4.917 18.335 10.250 -4.208 19.351 10.250 -4.662 19.934 10.250
3 0 -4.662 19.934 10.250 -5.597 19.115 10.250 -4.917 18.335 10.250
3 0 -5.036 20.619 10.250 -6.185 19.989 10.250 -5.597 19.115 10.250
3 0 -5.597 19.115 10.250 -4.662 19.934 10.250 -5.036 20.619 10.250
3 0 -6.185 19.989 10.250 -5.036 20.619 10.250 -5.322 21.399 10.250
3 0 -5.322 21.399 10.250 -6.714 21.590 10.250 -6.185 19.989 10.250
3 0 -6.714 21.590 10.250 -5.322 21.399 10.250 -5.516 22.254 10.250
3 0 -5.615 23.174 10.250 -6.866 23.514 10.250 -6.714 21.590 10.250
3 0 -6.714 21.590 10.250 -5.516 22.254 10.250 -5.615 23.174 10.250
3 0 -5.616 24.143 10.250 -6.798 24.887 10.250 -6.866 23.514 10.250
3 0 -6.866 23.514 10.250 -5.615 23.174 10.250 -5.616 24.143 10.250
3 0 -6.798 24.887 10.250 -5.616 24.143 10.250 -5.519 25.143 10.250
3 0 -5.519 25.143 10.250 -5.328 26.157 10.250 -6.504 26.343 10.250
3 0 -6.504 26.343 10.250 -6.798 24.887 10.250 -5.519 25.143 10.250
3 0 -5.044 27.168 10.250 -6.034 27.966 10.250 -6.504 26.343 10.250
3 0 -6.504 26.343 10.250 -5.328 26.157 10.250 -5.044 27.168 10.250
3 0 -6.034 27.966 10.250 -5.044 27.168 10.250 -4.673 28.160 10.250
3 0 -4.220 29.113 10.250 -5.060 30.191 10.250 -6.034 27.966 10.250
3 0 -6.034 27.966 10.250 -4.673 28.160 10.250 -4.220 29.113 10.250
3 0 -5.060 30.191 10.250 -4.220 29.113 10.250 -3.695 30.013 10.250
3 0 -3.695 30.013 10.250 -3.105 30.844 10.250 -4.001 31.886 10.250
3 0 -4.001 31.886 10.250 -5.060 30.191 10.250 -3.695 30.013 10.250
3 0 -3.105 30.844 10.250 -2.461 31.593 10.250 -3.035 33.030 10.250
3 0 -3.035 33.030 10.250 -4.001 31.886 10.250 -3.105 30.844 10.250
3 0 -3.035 33.030 10.250 -2.461 31.593 10.250 -1.773 32.245 10.250
3 0 -1.773 32.245 10.250 -1.792 33.987 10.250 -3.035 33.030 10.250
3 0 -1.054 32.790 10.250 -0.582 34.611 10.250 -1.792 33.987 10.250
3 0 -1.792 33.987 10.250 -1.773 32.245 10.250 -1.054 32.790 10.250
3 0 -0.582 34.611 10.250 -1.054 32.790 10.250 -0.316 33.219 10.250
3 0 -0.582 34.611 10.250 -0.316 33.219 10.250 0.429 33.523 10.250
3 0 0.429 33.523 10.250 1.166 33.698 10.250 1.198 35.058 10.250
3 0 1.198 35.058 10.250 -0.582 34.611 10.250 0.429 33.523 10.250
3 0 1.198 35.058 10.250 1.166 33.698 10.250 2.122 33.742 10.250
3 0 2.122 33.742 10.250 2.559 35.142 10.250 1.198 35.058 10.250
3 0 2.810 33.654 10.250 3.912 34.830 10.250 2.559 35.142 10.250
3 0 2.559 35.142 10.250 2.122 33.742 10.250 2.810 33.654 10.250
3 0 3.912 34.830 10.250 2.810 33.654 10.250 3.455 33.434 10.250
3 0 4.048 33.086 10.250 5.054 34.206 10.250 3.912 34.830 10.250
3 0 3.912 34.830 10.250 3.455 33.434 10.250 4.048 33.086 10.250
3 0 5.054 34.206 10.250 4.048 33.086 10.250 4.574 32.616 10.250
3 0 4.574 32.616 10.250 5.029 32.034 10.250 5.760 33.519 10.250
3 0 5.760 33.519 10.250 5.054 34.206 10.250 4.574 32.616 10.250
3 0 5.029 32.034 10.250 5.403 31.349 10.250 6.280 32.698 10.250
3 0 6.280 32.698 10.250 5.760 33.519 10.250 5.029 32.034 10.250
3 0 5.403 31.349 10.250 5.689 30.570 10.250 6.700 31.845 10.250
3 0 6.700 31.845 10.250 6.280 32.698 10.250 5.403 31.349 10.250
3 0 5.883 29.714 10.250 7.095 31.824 10.250 6.700 31.845 10.250
3 0 6.700 31.845 10.250 5.689 30.570 10.250 5.883 29.714 10.250
3 0 5.883 29.714 10.250 7.401 29.412 10.250 7.859 30.191 10.250
3 0 7.859 30.191 10.250 7.095 31.824 10.250 5.883 29.714 10.250
3 0 5.883 29.714 10.250 5.981 28.793 10.250 6.996 28.514 10.250
3 0 6.996 28.514 10.250 7.401 29.412 10.250 5.883 29.714 10.250
3 0 5.981 28.793 10.250 5.983 27.824 10.250 6.703 27.697 10.250
3 0 6.703 27.697 10.250 6.996 28.514 10.250 5.981 28.793 10.250
3 0 5.983 27.824 10.250 5.886 26.825 10.250 6.504 26.850 10.250
3 0 6.504 26.850 10.250 6.703 27.697 10.250 5.983 27.824 10.250
3 0 5.886 26.825 10.250 5.695 25.811 10.250 6.466 25.976 10.250
3 0 6.466 25.976 10.250 6.504 26.850 10.250 5.886 26.825 10.250
3 0 5.695 25.811 10.250 5.411 24.799 10.250 6.726 25.140 10.250
3 0 6.726 25.140 10.250 6.466 25.976 10.250 5.695 25.811 10.250
3 0 7.347 24.008 10.250 7.339 24.577 10.250 6.699 23.870 10.250
3 0 5.411 24.799 10.250 6.699 23.870 10.250 7.339 24.577 10.250
3 0 7.339 24.577 10.250 6.726 25.140 10.250 5.411 24.799 10.250
3 0 5.411 24.799 10.250 5.040 23.808 10.250 6.096 23.429 10.250
3 0 6.096 23.429 10.250 6.699 23.870 10.250 5.411 24.799 10.250
3 0 6.096 23.429 10.250 5.040 23.808 10.250 5.614 22.827 10.250
3 0 4.588 22.855 10.250 5.346 22.071 10.250 5.614 22.827 10.250
3 0 5.614 22.827 10.250 5.040 23.808 10.250 4.588 22.855 10.250
3 0 5.346 22.071 10.250 4.588 22.855 10.250 4.062 21.954 10.250
3 0 4.062 21.954 10.250 5.338 21.256 10.250 5.346 22.071 10.250
3 0 5.338 21.256 10.250 4.062 21.954 10.250 3.472 21.123 10.250
3 0 3.472 21.123 10.250 4.088 19.802 10.250 5.338 21.256 10.250
3 0 5.338 21.256 10.250 4.088 19.802 10.250 4.525 19.833 10.250
3 0 4.525 19.833 10.250 5.541 20.479 10.250 5.338 21.256 10.250
3 0 4.525 19.833 10.250 5.407 18.595 10.250 5.895 19.761 10.250
3 0 5.895 19.761 10.250 5.541 20.479 10.250 4.525 19.833 10.250
3 0 5.407 18.595 10.250 6.112 17.846 10.250 6.354 19.128 10.250
3 0 6.354 19.128 10.250 5.895 19.761 10.250 5.407 18.595 10.250
3 0 6.112 17.846 10.250 7.297 17.347 10.250 6.956 18.656 10.250
3 0 6.956 18.656 10.250 6.354 19.128 10.250 6.112 17.846 10.250
3 0 6.956 18.656 10.250 7.297 17.347 10.250 7.555 18.323 10.250
3 0 8.207 18.118 10.250 7.555 18.323 10.250 7.297 17.347 10.250
3 0 7.297 17.347 10.250 8.523 17.160 10.250 8.207 18.118 10.250
3 0 8.207 18.118 10.250 8.523 17.160 10.250 8.901 18.044 10.250
3 0 8.901 18.044 10.250 8.523 17.160 10.250 9.733 17.222 10.250
3 0 9.733 17.222 10.250 9.626 18.101 10.250 8.901 18.044 10.250
3 0 9.733 17.222 10.250 10.968 17.493 10.250 10.370 18.287 10.250
3 0 10.370 18.287 10.250 9.626 18.101 10.250 9.733 17.222 10.250
3 0 10.968 17.493 10.250 11.959 17.971 10.250 11.118 18.602 10.250
3 0 11.118 18.602 10.250 10.370 18.287 10.250 10.968 17.493 10.250
3 0 11.959 17.971 10.250 12.664 18.699 10.250 11.859 19.039 10.250
3 0 11.859 19.039 10.250 11.118 18.602 10.250 11.959 17.971 10.250
3 0 12.664 18.699 10.250 13.034 18.616 10.250 12.580 19.590 10.250
3 0 12.580 19.590 10.250 11.859 19.039 10.250 12.664 18.699 10.250
3 0 13.034 18.616 10.250 14.174 19.573 10.250 13.269 20.247 10.250
3 0 13.269 20.247 10.250 12.580 19.590 10.250 13.034 18.616 10.250
3 0 14.174 19.573 10.250 13.034 18.616 10.250 13.656 17.846 10.250
3 0 13.656 17.846 10.250 14.433 18.854 10.250 14.174 19.573 10.250
3 0 14.848 17.285 10.250 14.999 18.398 10.250 14.433 18.854 10.250
3 0 14.433 18.854 10.250 13.656 17.846 10.250 14.848 17.285 10.250
3 0 14.174 19.573 10.250 14.255 20.349 10.250 13.913 20.998 10.250
3 0 13.913 20.998 10.250 13.269 20.247 10.250 14.174 19.573 10.250
3 0 13.913 20.998 10.250 14.255 20.349 10.250 14.505 21.057 10.250
3 0 14.505 21.057 10.250 14.503 21.828 10.250 13.913 20.998 10.250
3 0 14.503 21.828 10.250 14.505 21.057 10.250 14.858 21.739 10.250
3 0 14.858 21.739 10.250 15.026 22.725 10.250 14.503 21.828 10.250
3 0 15.574 22.364 10.250 15.477 23.674 10.250 15.026 22.725 10.250
3 0 15.026 22.725 10.250 14.858 21.739 10.250 15.574 22.364 10.250
3 0 15.477 23.674 10.250 15.574 22.364 10.250 16.441 22.665 10.250
3 0 17.355 22.783 10.250 15.961 24.774 10.250 15.477 23.674 10.250
3 0 15.477 23.674 10.250 16.441 22.665 10.250 17.355 22.783 10.250
3 0 17.216 24.132 10.250 16.868 24.915 10.250 15.961 24.774 10.250
3 0 15.961 24.774 10.250 17.355 22.783 10.250 17.216 24.132 10.250
3 0 16.291 25.776 10.250 15.961 24.774 10.250 16.868 24.915 10.250
3 0 16.868 24.915 10.250 17.095 25.750 10.250 16.291 25.776 10.250
3 0 17.095 25.750 10.250 17.526 26.480 10.250 16.502 26.780 10.250
3 0 16.502 26.780 10.250 16.291 25.776 10.250 17.095 25.750 10.250
3 0 17.933 23.784 10.250 17.216 24.132 10.250 17.355 22.783 10.250
3 0 17.355 22.783 10.250 18.381 22.791 10.250 17.933 23.784 10.250
3 0 17.933 23.784 10.250 18.381 22.791 10.250 18.707 23.648 10.250
3 0 -0.532 23.504 10.250 -0.708 23.525 10.250 -0.728 22.305 10.250
3 0 -0.728 22.305 10.250 -0.230 22.548 10.250 -0.532 23.504 10.250
3 0 -0.708 23.525 10.250 -1.485 22.570 10.250 -1.156 22.312 10.250
3 0 -1.156 22.312 10.250 -0.728 22.305 10.250 -0.708 23.525 10.250
3 0 -1.485 22.570 10.250 -0.708 23.525 10.250 -0.801 23.660 10.250
3 0 -0.801 23.660 10.250 -1.691 23.060 10.250 -1.485 22.570 10.250
3 0 -0.801 23.660 10.250 -0.750 24.024 10.250 -1.763 23.748 10.250
3 0 -1.763 23.748 10.250 -1.691 23.060 10.250 -0.801 23.660 10.250
3 0 -0.750 24.024 10.250 -0.658 24.544 10.250 -1.692 24.590 10.250
3 0 -1.692 24.590 10.250 -1.763 23.748 10.250 -0.750 24.024 10.250
3 0 -0.658 24.544 10.250 -0.498 25.272 10.250 -1.487 25.527 10.250
3 0 -1.487 25.527 10.250 -1.692 24.590 10.250 -0.658 24.544 10.250
3 0 -0.498 25.272 10.250 -0.230 26.198 10.250 -1.159 26.494 10.250
3 0 -1.159 26.494 10.250 -1.487 25.527 10.250 -0.498 25.272 10.250
3 0 -0.230 26.198 10.250 0.064 26.998 10.250 -0.734 27.428 10.250
3 0 -0.734 27.428 10.250 -1.159 26.494 10.250 -0.230 26.198 10.250
3 0 0.064 26.998 10.250 0.535 27.882 10.250 -0.235 28.262 10.250
3 0 -0.235 28.262 10.250 -0.734 27.428 10.250 0.064 26.998 10.250
3 0 0.535 27.882 10.250 0.820 28.413 10.250 0.298 28.941 10.250
3 0 0.298 28.941 10.250 -0.235 28.262 10.250 0.535 27.882 10.250
3 0 0.820 28.413 10.250 1.089 28.704 10.250 0.832 29.420 10.250
3 0 0.832 29.420 10.250 0.298 28.941 10.250 0.820 28.413 10.250
3 0 1.207 28.766 10.250 1.330 29.663 10.250 0.832 29.420 10.250
3 0 0.832 29.420 10.250 1.089 28.704 10.250 1.207 28.766 10.250
3 0 1.330 29.663 10.250 1.207 28.766 10.250 1.450 28.673 10.250
3 0 1.450 28.673 10.250 1.758 29.656 10.250 1.330 29.663 10.250
3 0 1.450 28.673 10.250 1.501 28.402 10.250 2.087 29.398 10.250
3 0 2.087 29.398 10.250 1.758 29.656 10.250 1.450 28.673 10.250
3 0 1.501 28.402 10.250 2.364 28.219 10.250 2.293 28.909 10.250
3 0 2.293 28.909 10.250 2.087 29.398 10.250 1.501 28.402 10.250
3 0 2.364 28.219 10.250 1.501 28.402 10.250 1.450 27.914 10.250
3 0 1.450 27.914 10.250 2.295 27.377 10.250 2.364 28.219 10.250
3 0 2.295 27.377 10.250 1.450 27.914 10.250 1.257 27.071 10.250
3 0 1.257 27.071 10.250 2.089 26.440 10.250 2.295 27.377 10.250
3 0 0.972 26.146 10.250 1.762 25.473 10.250 2.089 26.440 10.250
3 0 2.089 26.440 10.250 1.257 27.071 10.250 0.972 26.146 10.250
3 0 1.762 25.473 10.250 0.972 26.146 10.250 0.636 25.355 10.250
3 0 0.636 25.355 10.250 0.342 24.648 10.250 1.762 25.473 10.250
3 0 0.342 24.648 10.250 0.838 23.706 10.250 1.335 24.540 10.250
3 0 1.335 24.540 10.250 1.762 25.473 10.250 0.342 24.648 10.250
3 0 0.838 23.706 10.250 0.342 24.648 10.250 0.014 24.097 10.250
3 0 0.014 24.097 10.250 0.305 23.027 10.250 0.838 23.706 10.250
3 0 -0.272 23.639 10.250 -0.230 22.548 10.250 0.305 23.027 10.250
3 0 0.305 23.027 10.250 0.014 24.097 10.250 -0.272 23.639 10.250
3 0 -0.230 22.548 10.250 -0.272 23.639 10.250 -0.532 23.504 10.250
3 0 7.095 31.824 10.250 7.859 30.191 10.250 8.375 30.921 10.250
3 0 8.375 30.921 10.250 8.957 31.596 10.250 7.515 32.510 10.250
3 0 7.515 32.510 10.250 7.095 31.824 10.250 8.375 30.921 10.250
3 0 8.957 31.596 10.250 9.599 32.197 10.250 8.775 33.748 10.250
3 0 8.775 33.748 10.250 7.515 32.510 10.250 8.957 31.596 10.250
3 0 9.599 32.197 10.250 10.299 32.718 10.250 9.514 34.226 10.250
3 0 9.514 34.226 10.250 8.775 33.748 10.250 9.599 32.197 10.250
3 0 10.299 32.718 10.250 11.000 33.173 10.250 10.884 34.726 10.250
3 0 10.884 34.726 10.250 9.514 34.226 10.250 10.299 32.718 10.250
3 0 11.000 33.173 10.250 11.743 33.360 10.250 12.026 34.830 10.250
3 0 12.026 34.830 10.250 10.884 34.726 10.250 11.000 33.173 10.250
3 0 12.026 34.830 10.250 11.743 33.360 10.250 12.468 33.416 10.250
3 0 12.468 33.416 10.250 13.252 34.830 10.250 12.026 34.830 10.250
3 0 13.252 34.830 10.250 12.468 33.416 10.250 13.162 33.384 10.250
3 0 13.932 33.252 10.250 14.445 34.642 10.250 13.252 34.830 10.250
3 0 13.252 34.830 10.250 13.162 33.384 10.250 13.932 33.252 10.250
3 0 14.531 32.919 10.250 15.352 34.206 10.250 14.445 34.642 10.250
3 0 14.445 34.642 10.250 13.932 33.252 10.250 14.531 32.919 10.250
3 0 15.141 32.467 10.250 16.226 33.478 10.250 15.352 34.206 10.250
3 0 15.352 34.206 10.250 14.531 32.919 10.250 15.141 32.467 10.250
3 0 15.654 31.902 10.250 16.780 32.760 10.250 16.226 33.478 10.250
3 0 16.226 33.478 10.250 15.141 32.467 10.250 15.654 31.902 10.250
3 0 15.654 31.902 10.250 16.034 31.231 10.250 17.116 32.739 10.250
3 0 17.116 32.739 10.250 16.780 32.760 10.250 15.654 31.902 10.250
3 0 16.328 30.469 10.250 17.331 30.202 10.250 17.658 31.159 10.250
3 0 17.658 31.159 10.250 16.034 31.231 10.250 16.328 30.469 10.250
3 0 17.331 30.202 10.250 16.328 30.469 10.250 16.529 29.629 10.250
3 0 16.529 29.629 10.250 17.378 29.357 10.250 17.331 30.202 10.250
3 0 16.635 28.722 10.250 17.899 28.556 10.250 17.378 29.357 10.250
3 0 17.378 29.357 10.250 16.529 29.629 10.250 16.635 28.722 10.250
3 0 17.899 28.556 10.250 16.635 28.722 10.250 16.643 27.767 10.250
3 0 16.643 27.767 10.250 17.526 26.480 10.250 17.899 28.556 10.250
3 0 17.526 26.480 10.250 16.643 27.767 10.250 16.502 26.780 10.250
3 0 17.899 28.556 10.250 17.526 26.480 10.250 18.254 27.281 10.250
3 0 18.254 27.281 10.250 19.253 27.526 10.250 18.934 28.355 10.250
3 0 18.934 28.355 10.250 17.899 28.556 10.250 18.254 27.281 10.250
3 0 19.253 27.526 10.250 20.282 27.626 10.250 19.823 28.363 10.250
3 0 19.823 28.363 10.250 18.934 28.355 10.250 19.253 27.526 10.250
3 0 19.823 28.363 10.250 20.282 27.626 10.250 20.684 28.461 10.250
3 0 17.658 31.159 10.250 17.864 33.478 10.250 17.116 32.739 10.250
3 0 17.116 32.739 10.250 16.034 31.231 10.250 17.658 31.159 10.250
3 0 18.234 31.953 10.250 19.074 34.143 10.250 17.864 33.478 10.250
3 0 17.864 33.478 10.250 17.658 31.159 10.250 18.234 31.953 10.250
3 0 19.074 34.143 10.250 18.234 31.953 10.250 19.148 32.628 10.250
3 0 19.982 33.053 10.250 20.300 34.455 10.250 19.074 34.143 10.250
3 0 19.074 34.143 10.250 19.148 32.628 10.250 19.982 33.053 10.250
3 0 20.300 34.455 10.250 19.982 33.053 10.250 20.862 33.324 10.250
3 0 20.862 33.324 10.250 21.780 33.476 10.250 21.652 34.663 10.250
3 0 21.652 34.663 10.250 20.300 34.455 10.250 20.862 33.324 10.250
3 0 21.780 33.476 10.250 22.691 33.528 10.250 22.644 34.746 10.250
3 0 22.644 34.746 10.250 21.652 34.663 10.250 21.780 33.476 10.250
3 0 22.691 33.528 10.250 23.608 33.504 10.250 24.273 34.601 10.250
3 0 24.273 34.601 10.250 22.644 34.746 10.250 22.691 33.528 10.250
3 0 24.482 33.168 10.250 25.491 34.143 10.250 24.273 34.601 10.250
3 0 24.273 34.601 10.250 23.608 33.504 10.250 24.482 33.168 10.250
3 0 25.491 34.143 10.250 24.482 33.168 10.250 25.076 32.377 10.250
3 0 25.076 32.377 10.250 26.079 33.436 10.250 25.491 34.143 10.250
3 0 25.230 31.365 10.250 26.013 31.121 10.250 26.079 33.436 10.250
3 0 26.079 33.436 10.250 25.076 32.377 10.250 25.230 31.365 10.250
3 0 26.013 31.121 10.250 25.230 31.365 10.250 25.132 30.336 10.250
3 0 25.132 30.336 10.250 25.699 30.177 10.250 26.013 31.121 10.250
3 0 24.902 29.331 10.250 25.799 29.167 10.250 25.699 30.177 10.250
3 0 25.699 30.177 10.250 25.132 30.336 10.250 24.902 29.331 10.250
3 0 25.799 29.167 10.250 24.902 29.331 10.250 24.597 28.357 10.250
3 0 24.597 28.357 10.250 25.626 27.425 10.250 25.799 29.167 10.250
3 0 25.626 27.425 10.250 24.597 28.357 10.250 24.141 27.172 10.250
3 0 25.626 27.425 10.250 24.141 27.172 10.250 23.684 25.992 10.250
3 0 23.684 25.992 10.250 23.217 24.833 10.250 23.635 22.682 10.250
3 0 23.635 22.682 10.250 25.626 27.425 10.250 23.684 25.992 10.250
3 0 23.635 22.682 10.250 23.217 24.833 10.250 22.725 23.683 10.250
3 0 22.203 22.541 10.250 22.812 20.956 10.250 23.635 22.682 10.250
3 0 23.635 22.682 10.250 22.725 23.683 10.250 22.203 22.541 10.250
3 0 22.812 20.956 10.250 22.203 22.541 10.250 21.646 21.427 10.250
3 0 21.032 20.333 10.250 21.703 18.949 10.250 22.812 20.956 10.250
3 0 22.812 20.956 10.250 21.646 21.427 10.250 21.032 20.333 10.250
3 0 21.703 18.949 10.250 21.032 20.333 10.250 20.350 19.312 10.250
3 0 20.350 19.312 10.250 20.770 18.179 10.250 21.703 18.949 10.250
3 0 19.685 18.679 10.250 19.611 17.472 10.250 20.770 18.179 10.250
3 0 20.770 18.179 10.250 20.350 19.312 10.250 19.685 18.679 10.250
3 0 19.611 17.472 10.250 19.685 18.679 10.250 18.815 18.248 10.250
3 0 18.815 18.248 10.250 18.318 17.056 10.250 19.611 17.472 10.250
3 0 18.318 17.056 10.250 18.815 18.248 10.250 17.902 18.044 10.250
3 0 17.902 18.044 10.250 17.032 17.077 10.250 18.318 17.056 10.250
3 0 17.032 17.077 10.250 17.902 18.044 10.250 17.036 18.025 10.250
3 0 17.036 18.025 10.250 16.058 17.118 10.250 17.032 17.077 10.250
3 0 16.058 17.118 10.250 17.036 18.025 10.250 16.344 18.061 10.250
3 0 16.058 17.118 10.250 16.344 18.061 10.250 15.658 18.169 10.250
3 0 15.658 18.169 10.250 14.999 18.398 10.250 14.848 17.285 10.250
3 0 14.848 17.285 10.250 16.058 17.118 10.250 15.658 18.169 10.250
3 0 7.965 23.739 10.250 7.990 24.367 10.250 7.339 24.577 10.250
3 0 7.339 24.577 10.250 7.347 24.008 10.250 7.965 23.739 10.250
3 0 7.965 23.739 10.250 8.350 23.135 10.250 8.729 24.317 10.250
3 0 8.729 24.317 10.250 7.990 24.367 10.250 7.965 23.739 10.250
3 0 8.350 23.135 10.250 8.533 22.722 10.250 9.372 24.334 10.250
3 0 9.372 24.334 10.250 8.729 24.317 10.250 8.350 23.135 10.250
3 0 9.372 24.334 10.250 8.533 22.722 10.250 8.776 22.275 10.250
3 0 8.776 22.275 10.250 9.148 22.063 10.250 9.372 24.334 10.250
3 0 9.372 24.334 10.250 9.148 22.063 10.250 9.626 22.102 10.250
3 0 9.626 22.102 10.250 10.008 24.452 10.250 9.372 24.334 10.250
3 0 10.008 24.452 10.250 9.626 22.102 10.250 10.175 22.391 10.250
3 0 10.175 22.391 10.250 10.759 22.908 10.250 10.008 24.452 10.250
3 0 10.759 22.908 10.250 11.339 23.618 10.250 10.590 24.774 10.250
3 0 10.590 24.774 10.250 10.008 24.452 10.250 10.759 22.908 10.250
3 0 11.339 23.618 10.250 11.874 24.475 10.250 10.973 25.230 10.250
3 0 10.973 25.230 10.250 10.590 24.774 10.250 11.339 23.618 10.250
3 0 11.874 24.475 10.250 12.328 25.418 10.250 11.325 25.799 10.250
3 0 11.325 25.799 10.250 10.973 25.230 10.250 11.874 24.475 10.250
3 0 12.328 25.418 10.250 12.669 26.383 10.250 11.529 26.434 10.250
3 0 11.529 26.434 10.250 11.325 25.799 10.250 12.328 25.418 10.250
3 0 12.669 26.383 10.250 12.876 27.305 10.250 11.438 27.104 10.250
3 0 11.438 27.104 10.250 11.529 26.434 10.250 12.669 26.383 10.250
3 0 11.438 27.104 10.250 12.876 27.305 10.250 12.933 28.122 10.250
3 0 12.933 28.122 10.250 10.993 27.574 10.250 11.438 27.104 10.250
3 0 10.993 27.574 10.250 12.933 28.122 10.250 12.837 28.776 10.250
3 0 12.837 28.776 10.250 12.595 29.223 10.250 10.993 27.574 10.250
3 0 10.993 27.574 10.250 12.595 29.223 10.250 12.223 29.435 10.250
3 0 12.223 29.435 10.250 11.745 29.397 10.250 10.993 27.574 10.250
3 0 11.195 29.106 10.250 10.844 28.702 10.250 10.993 27.574 10.250
3 0 10.993 27.574 10.250 11.745 29.397 10.250 11.195 29.106 10.250
3 0 10.993 27.574 10.250 10.844 28.702 10.250 10.596 28.272 10.250
3 0 10.596 28.272 10.250 10.396 27.715 10.250 10.993 27.574 10.250
3 0 26.012 27.466 10.250 26.506 28.521 10.250 25.799 29.167 10.250
3 0 25.799 29.167 10.250 25.626 27.425 10.250 26.012 27.466 10.250
3 0 26.506 28.521 10.250 26.012 27.466 10.250 26.264 27.175 10.250
3 0 26.264 27.175 10.250 27.569 28.342 10.250 26.506 28.521 10.250
3 0 26.264 27.175 10.250 26.298 26.634 10.250 27.553 26.389 10.250
3 0 27.553 26.389 10.250 27.569 28.342 10.250 26.264 27.175 10.250
3 0 26.298 26.634 10.250 23.920 21.559 10.250 26.597 24.388 10.250
3 0 26.597 24.388 10.250 27.553 26.389 10.250 26.298 26.634 10.250
3 0 26.597 24.388 10.250 23.920 21.559 10.250 25.642 22.389 10.250
3 0 25.642 22.389 10.250 23.920 21.559 10.250 24.664 20.222 10.250
3 0 27.569 28.342 10.250 27.553 26.389 10.250 28.508 28.388 10.250
3 0 26.581 31.875 10.250 26.634 33.374 10.250 26.079 33.436 10.250
3 0 26.079 33.436 10.250 26.013 31.121 10.250 26.581 31.875 10.250
3 0 26.634 33.374 10.250 26.581 31.875 10.250 27.479 32.423 10.250
3 0 27.479 32.423 10.250 27.524 33.873 10.250 26.634 33.374 10.250
3 0 28.286 32.798 10.250 28.792 34.372 10.250 27.524 33.873 10.250
3 0 27.524 33.873 10.250 27.479 32.423 10.250 28.286 32.798 10.250
3 0 28.792 34.372 10.250 28.286 32.798 10.250 29.133 33.049 10.250
3 0 29.133 33.049 10.250 30.338 34.705 10.250 28.792 34.372 10.250
3 0 30.338 34.705 10.250 29.133 33.049 10.250 30.005 33.207 10.250
3 0 30.338 34.705 10.250 30.005 33.207 10.250 30.885 33.291 10.250
3 0 30.885 33.291 10.250 31.764 33.318 10.250 31.564 34.726 10.250
3 0 31.564 34.726 10.250 30.338 34.705 10.250 30.885 33.291 10.250
3 0 31.764 33.318 10.250 32.985 33.153 10.250 32.665 34.538 10.250
3 0 32.665 34.538 10.250 31.564 34.726 10.250 31.764 33.318 10.250
3 0 32.985 33.153 10.250 33.653 32.238 10.250 33.785 34.143 10.250
3 0 33.785 34.143 10.250 32.665 34.538 10.250 32.985 33.153 10.250
3 0 33.653 32.238 10.250 33.831 31.088 10.250 34.614 33.457 10.250
3 0 34.614 33.457 10.250 33.785 34.143 10.250 33.653 32.238 10.250
3 0 33.831 31.088 10.250 35.281 31.221 10.250 35.176 32.448 10.250
3 0 35.176 32.448 10.250 34.614 33.457 10.250 33.831 31.088 10.250
3 0 33.681 29.924 10.250 35.034 29.619 10.250 35.281 31.221 10.250
3 0 35.281 31.221 10.250 33.831 31.088 10.250 33.681 29.924 10.250
3 0 35.034 29.619 10.250 33.681 29.924 10.250 33.087 28.490 10.250
3 0 33.087 28.490 10.250 34.437 27.841 10.250 35.034 29.619 10.250
3 0 32.678 27.401 10.250 33.874 26.462 10.250 34.437 27.841 10.250
3 0 34.437 27.841 10.250 33.087 28.490 10.250 32.678 27.401 10.250
3 0 33.874 26.462 10.250 32.678 27.401 10.250 32.221 26.343 10.250
3 0 32.221 26.343 10.250 33.186 24.773 10.250 33.874 26.462 10.250
3 0 33.186 24.773 10.250 32.221 26.343 10.250 31.744 25.298 10.250
3 0 31.744 25.298 10.250 31.278 24.235 10.250 33.186 24.773 10.250
3 0 31.278 24.235 10.250 30.496 22.608 10.250 32.060 22.370 10.250
3 0 32.060 22.370 10.250 33.186 24.773 10.250 31.278 24.235 10.250
3 0 30.496 22.608 10.250 29.788 21.202 10.250 31.010 20.374 10.250
3 0 31.010 20.374 10.250 32.060 22.370 10.250 30.496 22.608 10.250
3 0 29.788 21.202 10.250 29.264 20.281 10.250 29.431 18.054 10.250
3 0 29.431 18.054 10.250 31.010 20.374 10.250 29.788 21.202 10.250
3 0 29.431 18.054 10.250 29.264 20.281 10.250 28.762 19.390 10.250
3 0 28.207 18.735 10.250 28.238 17.285 10.250 29.431 18.054 10.250
3 0 29.431 18.054 10.250 28.762 19.390 10.250 28.207 18.735 10.250
3 0 27.527 18.240 10.250 27.238 17.077 10.250 28.238 17.285 10.250
3 0 28.238 17.285 10.250 28.207 18.735 10.250 27.527 18.240 10.250
3 0 27.238 17.077 10.250 27.527 18.240 10.250 26.749 18.009 10.250
3 0 26.749 18.009 10.250 25.939 17.989 10.250 26.197 16.986 10.250
3 0 26.197 16.986 10.250 27.238 17.077 10.250 26.749 18.009 10.250
3 0 25.939 17.989 10.250 25.230 18.138 10.250 25.038 17.077 10.250
3 0 25.038 17.077 10.250 26.197 16.986 10.250 25.939 17.989 10.250
3 0 25.230 18.138 10.250 24.576 18.634 10.250 23.656 17.722 10.250
3 0 23.656 17.722 10.250 25.038 17.077 10.250 25.230 18.138 10.250
3 0 24.576 18.634 10.250 24.424 19.440 10.250 23.198 18.741 10.250
3 0 23.198 18.741 10.250 23.656 17.722 10.250 24.576 18.634 10.250
3 0 23.198 18.741 10.250 24.424 19.440 10.250 23.349 20.290 10.250
3 0 23.349 20.290 10.250 24.424 19.440 10.250 24.664 20.222 10.250
3 0 24.664 20.222 10.250 23.920 21.559 10.250 23.349 20.290 10.250
3 4 9.800 15.600 10.250 10.186 16.661 10.250 9.094 16.515 10.250
3 4 -2.800 15.600 10.250 -1.716 16.245 10.250 -2.968 16.453 10.250
3 4 -3.926 16.723 10.250 -2.800 15.600 10.250 -2.968 16.453 10.250
3 4 3.920 15.600 10.250 -0.624 16.224 10.250 -1.716 16.245 10.250
3 4 -1.716 16.245 10.250 -2.800 15.600 10.250 3.920 15.600 10.250
3 4 -0.624 16.224 10.250 3.920 15.600 10.250 0.652 16.432 10.250
3 4 0.652 16.432 10.250 3.920 15.600 10.250 1.568 16.765 10.250
3 4 1.568 16.765 10.250 3.920 15.600 10.250 2.685 17.295 10.250
3 4 3.920 15.600 10.250 5.340 17.763 10.250 3.592 17.898 10.250
3 4 3.592 17.898 10.250 2.685 17.295 10.250 3.920 15.600 10.250
3 4 3.592 17.898 10.250 5.340 17.763 10.250 4.777 18.294 10.250
3 4 3.592 17.898 10.250 4.777 18.294 10.250 4.382 18.793 10.250
3 4 6.331 17.035 10.250 5.340 17.763 10.250 3.920 15.600 10.250
3 4 9.800 15.600 10.250 9.094 16.515 10.250 7.784 16.557 10.250
3 4 6.331 17.035 10.250 3.920 15.600 10.250 9.800 15.600 10.250
3 4 9.800 15.600 10.250 7.784 16.557 10.250 6.331 17.035 10.250
3 4 -9.352 20.800 10.250 -8.369 23.764 10.250 -9.352 36.400 10.250
3 4 -7.756 22.298 10.250 -8.369 23.764 10.250 -9.352 20.800 10.250
3 4 -9.352 20.800 10.250 -7.386 20.530 10.250 -7.756 22.298 10.250
3 4 -9.352 15.600 10.250 -8.688 16.630 10.250 -8.688 17.940 10.250
3 4 -9.352 15.600 10.250 -8.688 17.940 10.250 -8.688 19.250 10.250
3 4 -8.688 19.250 10.250 -9.352 20.800 10.250 -9.352 15.600 10.250
3 4 -7.630 19.250 10.250 -7.386 20.530 10.250 -9.352 20.800 10.250
3 4 -9.352 20.800 10.250 -8.688 19.250 10.250 -7.630 19.250 10.250
3 4 -7.386 20.530 10.250 -7.630 19.250 10.250 -7.225 19.151 10.250
3 4 -7.386 20.530 10.250 -7.225 19.151 10.250 -6.882 18.867 10.250
3 4 -6.882 18.867 10.250 -6.731 18.990 10.250 -7.386 20.530 10.250
3 4 -6.731 18.990 10.250 -6.882 18.867 10.250 -6.652 18.441 10.250
3 4 -6.652 18.441 10.250 -6.572 17.940 10.250 -5.984 18.106 10.250
3 4 -5.984 18.106 10.250 -6.731 18.990 10.250 -6.652 18.441 10.250
3 4 -6.572 16.630 10.250 -4.866 17.233 10.250 -5.984 18.106 10.250
3 4 -5.984 18.106 10.250 -6.572 17.940 10.250 -6.572 16.630 10.250
3 4 -4.866 17.233 10.250 -6.572 16.630 10.250 -2.800 15.600 10.250
3 4 -2.800 15.600 10.250 -3.926 16.723 10.250 -4.866 17.233 10.250
3 4 -9.352 15.600 10.250 -2.800 15.600 10.250 -6.572 16.630 10.250
3 4 -6.572 16.630 10.250 -7.630 16.630 10.250 -9.352 15.600 10.250
3 4 -9.352 15.600 10.250 -7.630 16.630 10.250 -8.688 16.630 10.250
3 4 -7.773 23.910 10.250 -8.369 23.764 10.250 -7.756 22.298 10.250
3 4 -8.369 23.764 10.250 -7.773 23.910 10.250 -7.655 25.511 10.250
3 4 -7.655 25.511 10.250 -7.218 27.394 10.250 -9.352 36.400 10.250
3 4 -9.352 36.400 10.250 -8.369 23.764 10.250 -7.655 25.511 10.250
3 4 -9.352 36.400 10.250 -7.218 27.394 10.250 -6.303 29.463 10.250
3 4 -9.352 36.400 10.250 -6.303 29.463 10.250 -5.211 31.606 10.250
3 4 -9.352 36.400 10.250 -5.211 31.606 10.250 -4.203 33.051 10.250
3 4 -9.352 36.400 10.250 -4.203 33.051 10.250 -2.951 34.299 10.250
3 4 -2.951 34.299 10.250 -1.473 35.277 10.250 -9.352 36.400 10.250
3 4 1.854 36.005 10.250 1.400 36.400 10.250 0.308 35.797 10.250
3 4 -9.352 36.400 10.250 -1.473 35.277 10.250 0.308 35.797 10.250
3 4 0.308 35.797 10.250 1.400 36.400 10.250 -9.352 36.400 10.250
3 4 1.854 36.005 10.250 3.542 35.776 10.250 7.280 36.400 10.250
3 4 7.280 36.400 10.250 1.400 36.400 10.250 1.854 36.005 10.250
3 4 7.280 36.400 10.250 3.542 35.776 10.250 4.903 35.225 10.250
3 4 7.280 36.400 10.250 4.903 35.225 10.250 5.827 34.538 10.250
3 4 6.415 33.748 10.250 6.961 33.062 10.250 7.280 36.400 10.250
3 4 7.280 36.400 10.250 5.827 34.538 10.250 6.415 33.748 10.250
3 4 7.700 33.706 10.250 8.725 34.684 10.250 7.280 36.400 10.250
3 4 7.280 36.400 10.250 6.961 33.062 10.250 7.700 33.706 10.250
3 4 7.280 36.400 10.250 8.725 34.684 10.250 9.968 35.246 10.250
3 4 7.280 36.400 10.250 9.968 35.246 10.250 11.320 35.599 10.250
3 4 15.235 35.204 10.250 16.940 36.400 10.250 13.916 35.641 10.250
3 4 12.463 35.662 10.250 13.916 35.641 10.250 16.940 36.400 10.250
3 4 12.463 35.662 10.250 16.940 36.400 10.250 7.280 36.400 10.250
3 4 7.280 36.400 10.250 11.320 35.599 10.250 12.463 35.662 10.250
3 4 16.940 36.400 10.250 15.235 35.204 10.250 16.293 34.497 10.250
3 4 16.948 33.686 10.250 17.578 34.102 10.250 16.940 36.400 10.250
3 4 16.940 36.400 10.250 16.293 34.497 10.250 16.948 33.686 10.250
3 4 16.940 36.400 10.250 17.578 34.102 10.250 18.502 34.705 10.250
3 4 25.138 35.204 10.250 26.600 36.400 10.250 23.568 35.495 10.250
3 4 22.207 35.433 10.250 23.568 35.495 10.250 26.600 36.400 10.250
3 4 22.207 35.433 10.250 26.600 36.400 10.250 16.940 36.400 10.250
3 4 16.940 36.400 10.250 20.686 35.329 10.250 22.207 35.433 10.250
3 4 16.940 36.400 10.250 18.502 34.705 10.250 19.544 34.996 10.250
3 4 19.544 34.996 10.250 20.686 35.329 10.250 16.940 36.400 10.250
3 4 26.600 36.400 10.250 25.138 35.204 10.250 26.079 34.601 10.250
3 4 34.647 34.497 10.250 37.352 36.400 10.250 33.404 35.266 10.250
3 4 30.926 35.495 10.250 32.295 35.454 10.250 37.352 36.400 10.250
3 4 37.352 36.400 10.250 26.600 36.400 10.250 30.926 35.495 10.250
3 4 37.352 36.400 10.250 32.295 35.454 10.250 33.404 35.266 10.250
3 4 30.926 35.495 10.250 26.600 36.400 10.250 29.683 35.474 10.250
3 4 29.683 35.474 10.250 26.600 36.400 10.250 28.389 35.204 10.250
3 4 28.389 35.204 10.250 26.600 36.400 10.250 27.121 34.663 10.250
3 4 26.314 34.247 10.250 27.121 34.663 10.250 26.600 36.400 10.250
3 4 26.600 36.400 10.250 26.079 34.601 10.250 26.314 34.247 10.250
3 4 37.352 36.400 10.250 34.647 34.497 10.250 35.344 33.540 10.250
3 4 35.731 32.094 10.250 37.352 36.400 10.250 35.344 33.540 10.250
3 4 10.186 16.661 10.250 9.800 15.600 10.250 11.371 17.035 10.250
3 4 9.800 15.600 10.250 16.100 15.600 10.250 12.345 17.472 10.250
3 4 12.345 17.472 10.250 11.371 17.035 10.250 9.800 15.600 10.250
3 4 12.900 17.909 10.250 12.345 17.472 10.250 13.387 17.264 10.250
3 4 16.100 15.600 10.250 14.092 16.765 10.250 12.345 17.472 10.250
3 4 12.345 17.472 10.250 14.092 16.765 10.250 13.387 17.264 10.250
3 4 15.319 16.453 10.250 14.092 16.765 10.250 16.100 15.600 10.250
3 4 15.319 16.453 10.250 16.100 15.600 10.250 16.579 16.328 10.250
3 4 16.579 16.328 10.250 16.100 15.600 10.250 17.746 16.349 10.250
3 4 24.080 15.600 10.250 18.973 16.598 10.250 17.746 16.349 10.250
3 4 17.746 16.349 10.250 16.100 15.600 10.250 24.080 15.600 10.250
3 4 18.973 16.598 10.250 24.080 15.600 10.250 20.350 17.098 10.250
3 4 20.350 17.098 10.250 24.080 15.600 10.250 21.484 17.784 10.250
3 4 21.484 17.784 10.250 22.744 18.034 10.250 22.526 19.032 10.250
3 4 24.080 15.600 10.250 23.484 17.035 10.250 22.744 18.034 10.250
3 4 22.744 18.034 10.250 21.484 17.784 10.250 24.080 15.600 10.250
3 4 23.484 17.035 10.250 24.080 15.600 10.250 24.357 16.578 10.250
3 4 24.357 16.578 10.250 24.080 15.600 10.250 25.710 16.307 10.250
3 4 25.710 16.307 10.250 24.080 15.600 10.250 27.003 16.328 10.250
3 4 37.352 15.600 10.250 28.188 16.453 10.250 27.003 16.328 10.250
3 4 27.003 16.328 10.250 24.080 15.600 10.250 37.352 15.600 10.250
3 4 28.188 16.453 10.250 37.352 15.600 10.250 29.246 16.994 10.250
3 4 29.246 16.994 10.250 37.352 15.600 10.250 30.556 18.408 10.250
3 4 30.556 18.408 10.250 37.352 15.600 10.250 32.110 20.977 10.250
3 4 33.253 23.202 10.250 32.110 20.977 10.250 37.352 15.600 10.250
3 4 35.428 28.683 10.250 37.352 15.600 10.250 35.832 30.784 10.250
3 4 35.832 30.784 10.250 37.352 15.600 10.250 37.352 36.400 10.250
3 4 37.352 36.400 10.250 35.731 32.094 10.250 35.832 30.784 10.250
3 4 35.428 28.683 10.250 34.849 26.926 10.250 37.352 15.600 10.250
3 4 37.352 15.600 10.250 34.849 26.926 10.250 34.160 25.272 10.250
3 4 37.352 15.600 10.250 34.160 25.272 10.250 33.253 23.202 10.250
1 0 -7.6300 17.9400 10.2500 -0.1512 0.0000 0.0000 0.0000 0.0000 -0.1872 0.0000 -1.0000 0.0000 s/777s09.dat
1 4 -7.6300 17.9400 10.2500 -0.1512 0.0000 0.0000 0.0000 0.0000 -0.1872 0.0000 -1.0000 0.0000 s/777s07.dat
1 4 -7.6300 17.9400 10.2500 0.0000 0.0000 -1.0584 1.3104 0.0000 0.0000 0.0000 -1.0000 0.0000 3-4ndis.dat
