0 FILE 4347pb01.dat
0 Window 1 x 4 x 5 with Fixed Glass and Blue Motorcycle and Red Circle Pattern (Sticker) - Set 6373
0 Name:  4347pb01.dat
0 Author:  
0 BL_Item_No 4347pb01
0 BFC CERTIFY CCW
1 16 0.0000 0.0000 0.0000 1.0000 0.0000 0.0000 0.0000 1.0000 0.0000 0.0000 0.0000 1.0000 4347c01.dat
3 1 -5.500 70.400 -6.250 -5.100 70.800 -6.250 -3.200 69.800 -6.250
3 1 -3.200 69.800 -6.250 -5.100 69.900 -6.250 -5.500 70.400 -6.250
3 1 -3.200 69.800 -6.250 -5.100 70.800 -6.250 -3.200 70.700 -6.250
3 1 -3.200 70.700 -6.250 -2.800 70.200 -6.250 -3.200 69.800 -6.250
3 1 -5.300 71.300 -6.250 -5.900 70.900 -6.250 -8.100 74.700 -6.250
3 1 -8.100 74.700 -6.250 -5.000 72.200 -6.250 -5.300 71.300 -6.250
3 1 -5.000 72.200 -6.250 -8.100 74.700 -6.250 -6.700 75.500 -6.250
3 1 -8.500 73.800 -6.250 -7.300 72.400 -6.250 -6.900 71.600 -6.250
3 1 -6.900 71.600 -6.250 -8.500 70.500 -6.250 -8.500 73.800 -6.250
3 1 -8.900 71.100 -6.250 -10.000 71.100 -6.250 -10.000 73.400 -6.250
3 1 -10.000 73.400 -6.250 -8.900 73.400 -6.250 -8.900 71.100 -6.250
3 1 -7.100 75.700 -6.250 -8.500 75.100 -6.250 -8.700 75.500 -6.250
3 1 -8.700 75.500 -6.250 -7.300 76.100 -6.250 -7.100 75.700 -6.250
3 1 -8.900 75.900 -6.250 -10.500 80.900 -6.250 -9.500 81.200 -6.250
3 1 -9.500 81.200 -6.250 -7.300 76.600 -6.250 -8.900 75.900 -6.250
3 1 -10.500 80.900 -6.250 -10.200 81.400 -6.250 -9.800 82.000 -6.250
3 1 -9.800 82.000 -6.250 -9.500 81.200 -6.250 -10.500 80.900 -6.250
3 1 -10.200 81.400 -6.250 -10.300 82.200 -6.250 -9.800 82.000 -6.250
3 1 -8.900 75.900 -6.250 -11.300 80.200 -6.250 -11.200 81.100 -6.250
3 1 -11.200 81.100 -6.250 -10.500 80.900 -6.250 -8.900 75.900 -6.250
3 1 -11.300 80.200 -6.250 -11.700 81.100 -6.250 -11.600 81.700 -6.250
3 1 -11.600 81.700 -6.250 -11.200 81.100 -6.250 -11.300 80.200 -6.250
3 1 -6.200 75.500 -6.250 -5.900 76.500 -6.250 -0.700 76.500 -6.250
3 1 -0.700 76.500 -6.250 -5.000 73.400 -6.250 -6.200 75.500 -6.250
3 1 -0.700 76.500 -6.250 0.000 75.000 -6.250 -3.200 73.400 -6.250
3 1 -3.200 73.400 -6.250 -5.000 73.400 -6.250 -0.700 76.500 -6.250
3 1 -3.200 73.400 -6.250 0.000 75.000 -6.250 -0.500 74.500 -6.250
3 1 -0.500 74.500 -6.250 -1.800 73.800 -6.250 -3.200 73.400 -6.250
3 1 -0.900 77.100 -6.250 -5.800 77.000 -6.250 -4.300 77.800 -6.250
3 1 -4.300 77.800 -6.250 -3.500 77.900 -6.250 -0.900 77.100 -6.250
3 1 -5.800 77.000 -6.250 -5.000 77.900 -6.250 -4.300 77.800 -6.250
3 1 -5.800 77.000 -6.250 -5.300 78.200 -6.250 -5.000 77.900 -6.250
3 1 -0.900 77.100 -6.250 -3.500 77.900 -6.250 -3.100 78.400 -6.250
3 1 -0.900 77.100 -6.250 -3.100 78.400 -6.250 -2.100 80.000 -6.250
3 1 -3.100 78.400 -6.250 -1.800 81.500 -6.250 -2.100 80.000 -6.250
3 1 -2.100 80.000 -6.250 -1.800 81.500 -6.250 -0.900 81.500 -6.250
3 1 -0.900 81.500 -6.250 -0.500 81.200 -6.250 -2.100 80.000 -6.250
3 1 -1.800 81.500 -6.250 -1.400 82.000 -6.250 -0.900 82.000 -6.250
3 1 -0.900 82.000 -6.250 -0.900 81.500 -6.250 -1.800 81.500 -6.250
3 1 0.300 75.600 -6.250 -1.500 79.800 -6.250 2.100 81.900 -6.250
3 1 2.100 81.900 -6.250 1.200 76.900 -6.250 0.300 75.600 -6.250
3 1 1.200 76.900 -6.250 2.100 81.900 -6.250 2.300 77.500 -6.250
3 1 3.400 77.500 -6.250 2.300 77.500 -6.250 2.100 81.900 -6.250
3 1 4.400 77.000 -6.250 3.400 77.500 -6.250 2.100 81.900 -6.250
3 1 -0.200 81.500 -6.250 -0.500 81.700 -6.250 -0.500 82.100 -6.250
3 1 -0.500 82.100 -6.250 0.100 81.700 -6.250 -0.200 81.500 -6.250
3 1 0.100 81.700 -6.250 -0.500 82.100 -6.250 -0.200 82.300 -6.250
3 1 -0.200 82.300 -6.250 0.100 82.100 -6.250 0.100 81.700 -6.250
3 1 0.500 81.600 -6.250 0.500 82.300 -6.250 1.700 82.300 -6.250
3 1 -4.700 78.300 -6.250 -5.100 78.800 -6.250 -3.500 78.800 -6.250
3 1 -3.500 78.800 -6.250 -3.900 78.300 -6.250 -4.700 78.300 -6.250
3 1 -5.100 78.800 -6.250 -3.500 82.600 -6.250 -2.200 81.900 -6.250
3 1 -2.200 81.900 -6.250 -3.500 78.800 -6.250 -5.100 78.800 -6.250
3 1 -3.500 82.600 -6.250 -2.900 83.400 -6.250 -1.600 82.400 -6.250
3 1 -1.600 82.400 -6.250 -2.200 81.900 -6.250 -3.500 82.600 -6.250
3 1 -2.900 83.400 -6.250 -2.000 83.900 -6.250 -0.900 82.600 -6.250
3 1 -0.900 82.600 -6.250 -1.600 82.400 -6.250 -2.900 83.400 -6.250
3 1 -0.900 82.600 -6.250 -2.000 83.900 -6.250 -0.900 83.200 -6.250
3 1 -0.500 83.200 -6.250 -0.900 83.200 -6.250 -2.000 83.900 -6.250
3 1 0.000 83.200 -6.250 -0.500 83.200 -6.250 -2.000 83.900 -6.250
3 1 0.000 83.200 -6.250 0.000 82.700 -6.250 -0.500 82.700 -6.250
3 1 -0.500 82.700 -6.250 -0.500 83.200 -6.250 0.000 83.200 -6.250
3 1 0.000 83.200 -6.250 -2.000 83.900 -6.250 13.100 83.900 -6.250
3 1 13.100 83.900 -6.250 0.500 83.200 -6.250 0.000 83.200 -6.250
3 1 0.500 83.200 -6.250 13.100 83.900 -6.250 13.100 82.700 -6.250
3 1 13.100 82.700 -6.250 0.500 82.700 -6.250 0.500 83.200 -6.250
3 1 2.500 82.300 -6.250 3.900 82.300 -6.250 5.100 79.900 -6.250
3 1 5.100 79.900 -6.250 3.600 79.900 -6.250 2.500 82.300 -6.250
3 1 5.300 76.400 -6.250 3.900 79.400 -6.250 5.300 79.500 -6.250
3 1 5.900 75.400 -6.250 5.900 78.000 -6.250 6.200 77.000 -6.250
3 1 5.900 75.400 -6.250 6.200 77.000 -6.250 6.700 76.200 -6.250
3 1 5.900 75.400 -6.250 6.700 76.200 -6.250 7.500 75.800 -6.250
3 1 5.900 75.400 -6.250 7.500 75.800 -6.250 8.500 75.900 -6.250
3 1 8.500 75.900 -6.250 14.300 75.400 -6.250 5.900 75.400 -6.250
3 1 14.300 75.400 -6.250 8.500 75.900 -6.250 9.200 76.400 -6.250
3 1 9.200 76.400 -6.250 9.600 77.000 -6.250 12.100 77.000 -6.250
3 1 12.100 77.000 -6.250 14.300 75.400 -6.250 9.200 76.400 -6.250
3 1 14.300 75.400 -6.250 12.100 77.000 -6.250 13.000 77.400 -6.250
3 1 14.300 75.400 -6.250 13.000 77.400 -6.250 13.600 78.000 -6.250
3 1 13.600 78.000 -6.250 14.000 78.900 -6.250 14.300 78.900 -6.250
3 1 14.300 78.900 -6.250 14.300 75.400 -6.250 13.600 78.000 -6.250
3 1 6.600 74.300 -6.250 6.600 75.000 -6.250 8.700 75.000 -6.250
3 1 8.700 75.000 -6.250 8.700 74.300 -6.250 6.600 74.300 -6.250
3 1 11.100 74.300 -6.250 11.100 75.000 -6.250 13.300 75.000 -6.250
3 1 13.300 75.000 -6.250 13.300 74.300 -6.250 11.100 74.300 -6.250
3 1 14.800 76.300 -6.250 14.800 78.300 -6.250 15.500 78.300 -6.250
3 1 15.500 78.300 -6.250 15.500 76.300 -6.250 14.800 76.300 -6.250
3 1 9.100 82.200 -6.250 10.800 82.200 -6.250 10.900 81.700 -6.250
3 1 10.900 81.700 -6.250 9.000 81.700 -6.250 9.100 82.200 -6.250
3 1 9.000 81.700 -6.250 10.900 81.700 -6.250 10.800 81.100 -6.250
3 1 10.800 81.100 -6.250 9.100 81.100 -6.250 9.000 81.700 -6.250
3 1 9.100 81.100 -6.250 10.800 81.100 -6.250 10.400 80.600 -6.250
3 1 10.400 80.600 -6.250 9.600 80.600 -6.250 9.100 81.100 -6.250
3 1 8.800 80.600 -6.250 9.200 80.200 -6.250 8.400 78.900 -6.250
3 1 8.400 78.900 -6.250 7.800 78.900 -6.250 8.800 80.600 -6.250
3 1 9.200 80.200 -6.250 9.800 80.000 -6.250 9.000 78.600 -6.250
3 1 9.000 78.600 -6.250 8.400 78.900 -6.250 9.200 80.200 -6.250
3 1 7.800 76.200 -6.250 7.000 76.500 -6.250 7.300 76.900 -6.250
3 1 7.300 76.900 -6.250 7.800 76.600 -6.250 7.800 76.200 -6.250
3 1 7.000 76.500 -6.250 6.600 77.200 -6.250 7.200 77.500 -6.250
3 1 7.200 77.500 -6.250 7.300 76.900 -6.250 7.000 76.500 -6.250
3 1 6.600 77.200 -6.250 6.600 78.000 -6.250 7.600 78.000 -6.250
3 1 7.600 78.000 -6.250 7.200 77.500 -6.250 6.600 77.200 -6.250
3 1 7.600 78.000 -6.250 6.600 78.000 -6.250 7.300 78.500 -6.250
3 1 7.600 78.000 -6.250 7.300 78.500 -6.250 8.500 78.500 -6.250
3 1 8.500 78.500 -6.250 8.300 78.000 -6.250 7.600 78.000 -6.250
3 1 8.500 78.500 -6.250 9.100 78.000 -6.250 8.700 77.500 -6.250
3 1 8.700 77.500 -6.250 8.300 78.000 -6.250 8.500 78.500 -6.250
3 1 9.100 78.000 -6.250 9.100 77.200 -6.250 8.800 76.600 -6.250
3 1 8.800 76.600 -6.250 8.700 77.500 -6.250 9.100 78.000 -6.250
3 1 8.800 76.600 -6.250 8.500 76.900 -6.250 8.700 77.500 -6.250
3 1 8.800 76.600 -6.250 7.800 76.200 -6.250 7.800 76.600 -6.250
3 1 7.800 76.600 -6.250 8.500 76.900 -6.250 8.800 76.600 -6.250
3 0 -11.100 79.000 -6.250 -10.700 77.000 -6.250 -12.420 77.340 -6.250
3 0 -12.420 77.340 -6.250 -11.660 79.190 -6.250 -11.100 79.000 -6.250
3 0 -11.660 79.190 -6.250 -12.420 77.340 -6.250 -13.880 78.320 -6.250
3 0 -13.880 78.320 -6.250 -12.470 79.730 -6.250 -11.660 79.190 -6.250
3 0 -12.470 79.730 -6.250 -13.880 78.320 -6.250 -14.860 79.780 -6.250
3 0 -14.860 79.780 -6.250 -13.010 80.540 -6.250 -12.470 79.730 -6.250
3 0 -13.010 80.540 -6.250 -14.860 79.780 -6.250 -15.200 81.500 -6.250
3 0 -15.200 81.500 -6.250 -13.200 81.500 -6.250 -13.010 80.540 -6.250
3 0 -13.200 81.500 -6.250 -15.200 81.500 -6.250 -14.860 83.220 -6.250
3 0 -14.860 83.220 -6.250 -13.010 82.460 -6.250 -13.200 81.500 -6.250
3 0 -13.010 82.460 -6.250 -14.860 83.220 -6.250 -13.880 84.680 -6.250
3 0 -13.880 84.680 -6.250 -12.470 83.270 -6.250 -13.010 82.460 -6.250
3 0 -12.470 83.270 -6.250 -13.880 84.680 -6.250 -12.420 85.660 -6.250
3 0 -12.420 85.660 -6.250 -11.660 83.810 -6.250 -12.470 83.270 -6.250
3 0 -11.660 83.810 -6.250 -12.420 85.660 -6.250 -10.700 86.000 -6.250
3 0 -10.700 86.000 -6.250 -10.700 84.000 -6.250 -11.660 83.810 -6.250
3 0 -10.700 84.000 -6.250 -10.700 86.000 -6.250 -8.980 85.660 -6.250
3 0 -8.980 85.660 -6.250 -9.740 83.810 -6.250 -10.700 84.000 -6.250
3 0 -9.740 83.810 -6.250 -8.980 85.660 -6.250 -7.520 84.680 -6.250
3 0 -7.520 84.680 -6.250 -8.930 83.270 -6.250 -9.740 83.810 -6.250
3 0 -8.930 83.270 -6.250 -7.520 84.680 -6.250 -6.540 83.220 -6.250
3 0 -6.540 83.220 -6.250 -8.390 82.460 -6.250 -8.930 83.270 -6.250
3 0 -8.390 82.460 -6.250 -6.540 83.220 -6.250 -6.200 81.500 -6.250
3 0 -6.200 81.500 -6.250 -8.200 81.500 -6.250 -8.390 82.460 -6.250
3 0 -8.200 81.500 -6.250 -6.200 81.500 -6.250 -6.540 79.780 -6.250
3 0 -6.540 79.780 -6.250 -8.390 80.540 -6.250 -8.200 81.500 -6.250
3 0 -6.540 79.780 -6.250 -7.520 78.320 -6.250 -8.600 80.300 -6.250
3 0 -8.600 80.300 -6.250 -8.390 80.540 -6.250 -6.540 79.780 -6.250
3 0 7.500 81.700 -6.250 7.690 80.740 -6.250 6.030 80.050 -6.250
3 0 6.030 80.050 -6.250 5.700 81.700 -6.250 7.500 81.700 -6.250
3 0 6.030 80.050 -6.250 7.690 80.740 -6.250 8.100 80.100 -6.250
3 0 8.100 80.100 -6.250 6.960 78.660 -6.250 6.030 80.050 -6.250
3 0 10.000 79.200 -6.250 10.960 79.390 -6.250 11.650 77.730 -6.250
3 0 11.650 77.730 -6.250 10.000 77.400 -6.250 10.000 79.200 -6.250
3 0 10.960 79.390 -6.250 11.770 79.930 -6.250 13.040 78.660 -6.250
3 0 13.040 78.660 -6.250 11.650 77.730 -6.250 10.960 79.390 -6.250
3 0 11.770 79.930 -6.250 12.310 80.740 -6.250 13.970 80.050 -6.250
3 0 13.970 80.050 -6.250 13.040 78.660 -6.250 11.770 79.930 -6.250
3 0 12.310 80.740 -6.250 12.500 81.700 -6.250 14.300 81.700 -6.250
3 0 14.300 81.700 -6.250 13.970 80.050 -6.250 12.310 80.740 -6.250
3 0 12.500 81.700 -6.250 13.100 82.700 -6.250 13.970 83.350 -6.250
3 0 13.970 83.350 -6.250 14.300 81.700 -6.250 12.500 81.700 -6.250
3 0 13.100 82.700 -6.250 13.100 83.900 -6.250 13.970 83.350 -6.250
3 0 13.970 83.350 -6.250 13.100 83.900 -6.250 11.650 85.670 -6.250
3 0 11.650 85.670 -6.250 13.040 84.740 -6.250 13.970 83.350 -6.250
3 0 11.650 85.670 -6.250 13.100 83.900 -6.250 8.350 85.670 -6.250
3 0 8.350 85.670 -6.250 10.000 86.000 -6.250 11.650 85.670 -6.250
3 0 8.350 85.670 -6.250 13.100 83.900 -6.250 6.500 84.300 -6.250
3 0 6.500 84.300 -6.250 6.960 84.740 -6.250 8.350 85.670 -6.250
3 0 6.500 84.300 -6.250 13.100 83.900 -6.250 -2.000 83.900 -6.250
3 0 -2.000 83.900 -6.250 -2.000 84.300 -6.250 6.500 84.300 -6.250
3 0 -2.000 84.300 -6.250 -2.000 83.900 -6.250 -2.900 83.400 -6.250
3 0 -2.900 83.400 -6.250 -3.000 84.100 -6.250 -2.000 84.300 -6.250
3 0 -3.000 84.100 -6.250 -2.900 83.400 -6.250 -3.500 82.600 -6.250
3 0 -3.500 82.600 -6.250 -3.800 83.300 -6.250 -3.000 84.100 -6.250
3 0 -3.500 82.600 -6.250 -5.100 78.800 -6.250 -6.700 76.300 -6.250
3 0 -6.700 76.300 -6.250 -3.800 83.300 -6.250 -3.500 82.600 -6.250
3 0 -5.100 78.800 -6.250 -5.300 78.200 -6.250 -5.800 77.000 -6.250
3 0 -5.800 77.000 -6.250 -6.700 76.300 -6.250 -5.100 78.800 -6.250
3 0 -5.800 77.000 -6.250 -5.900 76.500 -6.250 -6.200 75.500 -6.250
3 0 -6.200 75.500 -6.250 -6.700 76.300 -6.250 -5.800 77.000 -6.250
3 0 -6.200 75.500 -6.250 -6.700 75.500 -6.250 -7.100 75.700 -6.250
3 0 -7.100 75.700 -6.250 -6.700 76.300 -6.250 -6.200 75.500 -6.250
3 0 -7.100 75.700 -6.250 -7.300 76.100 -6.250 -7.300 76.600 -6.250
3 0 -7.300 76.600 -6.250 -6.700 76.300 -6.250 -7.100 75.700 -6.250
3 0 -6.700 76.300 -6.250 -7.300 76.600 -6.250 -8.600 80.300 -6.250
3 0 -8.600 80.300 -6.250 -7.520 78.320 -6.250 -6.700 76.300 -6.250
3 0 -7.300 76.600 -6.250 -9.500 81.200 -6.250 -9.100 81.400 -6.250
3 0 -9.100 81.400 -6.250 -8.600 80.300 -6.250 -7.300 76.600 -6.250
3 0 -9.500 81.200 -6.250 -9.800 82.000 -6.250 -9.500 82.400 -6.250
3 0 -9.500 82.400 -6.250 -9.100 81.400 -6.250 -9.500 81.200 -6.250
3 0 -9.500 82.400 -6.250 -9.800 82.000 -6.250 -10.300 82.200 -6.250
3 0 -10.300 82.200 -6.250 -10.200 82.700 -6.250 -9.500 82.400 -6.250
3 0 -10.200 82.700 -6.250 -10.300 82.200 -6.250 -10.900 81.900 -6.250
3 0 -10.900 81.900 -6.250 -10.700 82.600 -6.250 -10.200 82.700 -6.250
3 0 -10.300 82.200 -6.250 -10.200 81.400 -6.250 -10.500 80.900 -6.250
3 0 -10.500 80.900 -6.250 -10.900 81.900 -6.250 -10.300 82.200 -6.250
3 0 -10.500 80.900 -6.250 -11.200 81.100 -6.250 -11.600 81.700 -6.250
3 0 -11.600 81.700 -6.250 -10.900 81.900 -6.250 -10.500 80.900 -6.250
3 0 -10.900 81.900 -6.250 -11.600 81.700 -6.250 -12.100 82.200 -6.250
3 0 -12.100 82.200 -6.250 -11.600 82.300 -6.250 -10.900 81.900 -6.250
3 0 -12.100 82.200 -6.250 -11.600 81.700 -6.250 -11.700 81.100 -6.250
3 0 -11.700 81.100 -6.250 -12.200 81.500 -6.250 -12.100 82.200 -6.250
3 0 -12.200 81.500 -6.250 -11.700 81.100 -6.250 -11.300 80.200 -6.250
3 0 -11.300 80.200 -6.250 -12.000 80.600 -6.250 -12.200 81.500 -6.250
3 0 -11.100 79.000 -6.250 -12.000 80.600 -6.250 -11.300 80.200 -6.250
3 0 -11.300 80.200 -6.250 -10.100 77.100 -6.250 -10.700 77.000 -6.250
3 0 -10.700 77.000 -6.250 -11.100 79.000 -6.250 -11.300 80.200 -6.250
3 0 -11.300 80.200 -6.250 -8.900 75.900 -6.250 -8.700 75.500 -6.250
3 0 -8.700 75.500 -6.250 -10.100 77.100 -6.250 -11.300 80.200 -6.250
3 0 -8.700 75.500 -6.250 -8.900 75.900 -6.250 -7.300 76.600 -6.250
3 0 -7.300 76.600 -6.250 -7.300 76.100 -6.250 -8.700 75.500 -6.250
3 0 -8.700 75.500 -6.250 -8.500 75.100 -6.250 -8.800 74.700 -6.250
3 0 -8.800 74.700 -6.250 -10.100 77.100 -6.250 -8.700 75.500 -6.250
3 0 -8.500 75.100 -6.250 -8.100 74.700 -6.250 -8.500 73.800 -6.250
3 0 -8.500 73.800 -6.250 -8.800 74.700 -6.250 -8.500 75.100 -6.250
3 0 -8.800 74.700 -6.250 -8.500 73.800 -6.250 -8.900 73.400 -6.250
3 0 -8.900 73.400 -6.250 -8.900 73.900 -6.250 -8.800 74.700 -6.250
3 0 -8.900 73.400 -6.250 -10.000 73.400 -6.250 -10.500 73.900 -6.250
3 0 -10.500 73.900 -6.250 -8.900 73.900 -6.250 -8.900 73.400 -6.250
3 0 -10.000 73.400 -6.250 -10.000 71.100 -6.250 -10.500 70.800 -6.250
3 0 -10.500 70.800 -6.250 -10.500 73.900 -6.250 -10.000 73.400 -6.250
3 0 -10.500 70.800 -6.250 -10.000 71.100 -6.250 -8.900 71.100 -6.250
3 0 -8.900 71.100 -6.250 -9.300 70.700 -6.250 -10.500 70.800 -6.250
3 0 -8.900 71.100 -6.250 -8.500 70.500 -6.250 -9.300 69.900 -6.250
3 0 -9.300 69.900 -6.250 -9.300 70.700 -6.250 -8.900 71.100 -6.250
3 0 -9.300 69.900 -6.250 -8.500 70.500 -6.250 -6.900 71.600 -6.250
3 0 -6.900 71.600 -6.250 -8.200 69.900 -6.250 -9.300 69.900 -6.250
3 0 -8.200 69.900 -6.250 -6.900 71.600 -6.250 -6.500 70.900 -6.250
3 0 -6.500 70.900 -6.250 -6.900 71.600 -6.250 -7.300 72.400 -6.250
3 0 -7.300 72.400 -6.250 -5.900 70.900 -6.250 -6.500 70.900 -6.250
3 0 -5.900 70.900 -6.250 -7.300 72.400 -6.250 -8.500 73.800 -6.250
3 0 -8.500 73.800 -6.250 -8.100 74.700 -6.250 -5.900 70.900 -6.250
3 0 -8.500 75.100 -6.250 -7.100 75.700 -6.250 -6.700 75.500 -6.250
3 0 -6.700 75.500 -6.250 -8.100 74.700 -6.250 -8.500 75.100 -6.250
3 0 -5.900 70.900 -6.250 -5.500 70.400 -6.250 -5.900 69.900 -6.250
3 0 -5.900 69.900 -6.250 -6.500 70.900 -6.250 -5.900 70.900 -6.250
3 0 -5.500 70.400 -6.250 -5.100 69.900 -6.250 -5.300 69.400 -6.250
3 0 -5.300 69.400 -6.250 -5.900 69.900 -6.250 -5.500 70.400 -6.250
3 0 -5.100 69.900 -6.250 -3.200 69.800 -6.250 -3.000 69.300 -6.250
3 0 -3.000 69.300 -6.250 -5.300 69.400 -6.250 -5.100 69.900 -6.250
3 0 -3.000 69.300 -6.250 -3.200 69.800 -6.250 -2.800 70.200 -6.250
3 0 -2.800 70.200 -6.250 -2.500 69.600 -6.250 -3.000 69.300 -6.250
3 0 -2.500 69.600 -6.250 -2.800 70.200 -6.250 -2.600 70.900 -6.250
3 0 -2.600 70.900 -6.250 -2.300 70.100 -6.250 -2.500 69.600 -6.250
3 0 -2.800 70.200 -6.250 -3.200 70.700 -6.250 -3.200 71.200 -6.250
3 0 -3.200 71.200 -6.250 -2.600 70.900 -6.250 -2.800 70.200 -6.250
3 0 -3.200 71.200 -6.250 -3.200 70.700 -6.250 -5.100 70.800 -6.250
3 0 -5.100 70.800 -6.250 -4.700 71.200 -6.250 -3.200 71.200 -6.250
3 0 -4.700 71.200 -6.250 -5.100 70.800 -6.250 -5.900 70.900 -6.250
3 0 -5.900 70.900 -6.250 -5.300 71.300 -6.250 -4.700 71.200 -6.250
3 0 -5.500 70.400 -6.250 -5.900 70.900 -6.250 -5.100 70.800 -6.250
3 0 -5.300 71.300 -6.250 -5.000 72.200 -6.250 -4.500 72.300 -6.250
3 0 -4.500 72.300 -6.250 -4.700 71.200 -6.250 -5.300 71.300 -6.250
3 0 -5.000 72.200 -6.250 -4.900 73.100 -6.250 -4.500 72.300 -6.250
3 0 -4.900 73.100 -6.250 -5.000 72.200 -6.250 -6.700 75.500 -6.250
3 0 -6.700 75.500 -6.250 -5.000 73.400 -6.250 -4.900 73.100 -6.250
3 0 -5.000 73.400 -6.250 -3.200 73.400 -6.250 -2.700 73.100 -6.250
3 0 -2.700 73.100 -6.250 -4.900 73.100 -6.250 -5.000 73.400 -6.250
3 0 -3.200 73.400 -6.250 -1.800 73.800 -6.250 -1.100 73.600 -6.250
3 0 -1.100 73.600 -6.250 -2.700 73.100 -6.250 -3.200 73.400 -6.250
3 0 -1.800 73.800 -6.250 -0.500 74.500 -6.250 0.200 74.100 -6.250
3 0 0.200 74.100 -6.250 -1.100 73.600 -6.250 -1.800 73.800 -6.250
3 0 -0.500 74.500 -6.250 0.000 75.000 -6.250 0.800 75.000 -6.250
3 0 0.800 75.000 -6.250 0.200 74.100 -6.250 -0.500 74.500 -6.250
3 0 0.000 75.000 -6.250 0.300 75.600 -6.250 1.400 76.300 -6.250
3 0 1.400 76.300 -6.250 0.800 75.000 -6.250 0.000 75.000 -6.250
3 0 0.300 75.600 -6.250 1.200 76.900 -6.250 2.300 76.900 -6.250
3 0 2.300 76.900 -6.250 1.400 76.300 -6.250 0.300 75.600 -6.250
3 0 1.200 76.900 -6.250 2.300 77.500 -6.250 3.400 77.500 -6.250
3 0 3.400 77.500 -6.250 2.300 76.900 -6.250 1.200 76.900 -6.250
3 0 2.300 76.900 -6.250 3.400 77.500 -6.250 4.400 77.000 -6.250
3 0 4.400 77.000 -6.250 3.700 76.900 -6.250 2.300 76.900 -6.250
3 0 4.400 77.000 -6.250 5.300 76.400 -6.250 5.900 75.400 -6.250
3 0 5.900 75.400 -6.250 3.700 76.900 -6.250 4.400 77.000 -6.250
3 0 3.700 76.900 -6.250 5.900 75.400 -6.250 5.900 75.000 -6.250
3 0 5.900 75.000 -6.250 5.100 75.600 -6.250 3.700 76.900 -6.250
3 0 5.900 75.400 -6.250 6.600 75.000 -6.250 6.600 74.300 -6.250
3 0 6.600 74.300 -6.250 5.900 75.000 -6.250 5.900 75.400 -6.250
3 0 5.900 73.900 -6.250 5.900 75.000 -6.250 6.600 74.300 -6.250
3 0 6.600 74.300 -6.250 8.700 74.300 -6.250 9.500 73.900 -6.250
3 0 9.500 73.900 -6.250 5.900 73.900 -6.250 6.600 74.300 -6.250
3 0 8.700 74.300 -6.250 8.700 75.000 -6.250 9.500 75.000 -6.250
3 0 9.500 75.000 -6.250 9.500 73.900 -6.250 8.700 74.300 -6.250
3 0 9.500 75.000 -6.250 8.700 75.000 -6.250 5.900 75.400 -6.250
3 0 8.700 75.000 -6.250 6.600 75.000 -6.250 5.900 75.400 -6.250
3 0 10.400 75.000 -6.250 9.500 75.000 -6.250 5.900 75.400 -6.250
3 0 10.400 75.000 -6.250 5.900 75.400 -6.250 14.300 75.400 -6.250
3 0 14.300 75.400 -6.250 11.100 75.000 -6.250 10.400 75.000 -6.250
3 0 13.300 75.000 -6.250 11.100 75.000 -6.250 14.300 75.400 -6.250
3 0 14.300 75.400 -6.250 14.000 75.000 -6.250 13.300 74.300 -6.250
3 0 13.300 74.300 -6.250 13.300 75.000 -6.250 14.300 75.400 -6.250
3 0 14.000 73.900 -6.250 13.300 74.300 -6.250 14.000 75.000 -6.250
3 0 13.300 74.300 -6.250 14.000 73.900 -6.250 10.400 73.900 -6.250
3 0 10.400 73.900 -6.250 11.100 74.300 -6.250 13.300 74.300 -6.250
3 0 10.400 73.900 -6.250 10.400 75.000 -6.250 11.100 75.000 -6.250
3 0 11.100 75.000 -6.250 11.100 74.300 -6.250 10.400 73.900 -6.250
3 0 14.000 75.000 -6.250 14.300 75.400 -6.250 14.800 75.900 -6.250
3 0 14.800 75.900 -6.250 14.700 75.100 -6.250 14.000 75.000 -6.250
3 0 14.800 75.900 -6.250 14.300 75.400 -6.250 14.300 78.900 -6.250
3 0 14.300 78.900 -6.250 14.800 76.300 -6.250 14.800 75.900 -6.250
3 0 14.800 76.300 -6.250 15.500 76.300 -6.250 15.900 75.900 -6.250
3 0 15.900 75.900 -6.250 14.800 75.900 -6.250 14.800 76.300 -6.250
3 0 15.500 76.300 -6.250 15.500 78.300 -6.250 15.900 78.700 -6.250
3 0 15.900 78.700 -6.250 15.900 75.900 -6.250 15.500 76.300 -6.250
3 0 15.500 78.300 -6.250 14.800 78.300 -6.250 14.800 78.700 -6.250
3 0 14.800 78.700 -6.250 15.900 78.700 -6.250 15.500 78.300 -6.250
3 0 14.800 78.300 -6.250 14.300 78.900 -6.250 14.700 79.500 -6.250
3 0 14.700 79.500 -6.250 14.800 78.700 -6.250 14.800 78.300 -6.250
3 0 14.800 76.300 -6.250 14.300 78.900 -6.250 14.800 78.300 -6.250
3 0 14.300 78.900 -6.250 14.000 78.900 -6.250 13.900 79.500 -6.250
3 0 13.900 79.500 -6.250 14.700 79.500 -6.250 14.300 78.900 -6.250
3 0 13.900 79.500 -6.250 14.000 78.900 -6.250 13.600 78.000 -6.250
3 0 13.600 78.000 -6.250 13.300 78.400 -6.250 13.900 79.500 -6.250
3 0 13.600 78.000 -6.250 13.000 77.400 -6.250 12.500 77.700 -6.250
3 0 12.500 77.700 -6.250 13.300 78.400 -6.250 13.600 78.000 -6.250
3 0 13.000 77.400 -6.250 12.100 77.000 -6.250 11.500 77.400 -6.250
3 0 11.500 77.400 -6.250 12.500 77.700 -6.250 13.000 77.400 -6.250
3 0 11.500 77.400 -6.250 12.100 77.000 -6.250 9.600 77.000 -6.250
3 0 9.600 77.000 -6.250 10.500 77.300 -6.250 11.500 77.400 -6.250
3 0 9.100 77.200 -6.250 9.100 78.000 -6.250 9.700 79.200 -6.250
3 0 9.700 79.200 -6.250 10.000 77.400 -6.250 9.100 77.200 -6.250
3 0 9.100 78.000 -6.250 9.000 78.600 -6.250 9.800 80.000 -6.250
3 0 9.800 80.000 -6.250 9.700 79.200 -6.250 9.100 78.000 -6.250
3 0 9.700 79.200 -6.250 9.800 80.000 -6.250 10.200 80.100 -6.250
3 0 9.800 80.000 -6.250 9.600 80.600 -6.250 10.400 80.600 -6.250
3 0 10.400 80.600 -6.250 10.200 80.100 -6.250 9.800 80.000 -6.250
3 0 10.200 80.100 -6.250 10.400 80.600 -6.250 10.800 81.100 -6.250
3 0 10.800 81.100 -6.250 10.900 80.300 -6.250 10.200 80.100 -6.250
3 0 10.900 80.300 -6.250 10.800 81.100 -6.250 10.900 81.700 -6.250
3 0 10.900 81.700 -6.250 11.300 80.900 -6.250 10.900 80.300 -6.250
3 0 11.300 80.900 -6.250 10.900 81.700 -6.250 10.800 82.200 -6.250
3 0 10.800 82.200 -6.250 11.400 81.700 -6.250 11.300 80.900 -6.250
3 0 10.800 82.200 -6.250 11.400 82.200 -6.250 12.500 81.700 -6.250
3 0 12.500 81.700 -6.250 11.400 81.700 -6.250 10.800 82.200 -6.250
3 0 12.500 81.700 -6.250 11.400 82.200 -6.250 13.100 82.700 -6.250
3 0 11.400 82.200 -6.250 10.800 82.200 -6.250 13.100 82.700 -6.250
3 0 10.800 82.200 -6.250 9.100 82.200 -6.250 3.900 82.300 -6.250
3 0 3.900 82.300 -6.250 13.100 82.700 -6.250 10.800 82.200 -6.250
3 0 3.900 82.300 -6.250 9.100 82.200 -6.250 7.500 81.700 -6.250
3 0 7.500 81.700 -6.250 5.700 81.700 -6.250 3.900 82.300 -6.250
3 0 8.500 81.700 -6.250 7.500 81.700 -6.250 9.100 82.200 -6.250
3 0 9.000 81.700 -6.250 8.500 81.700 -6.250 9.100 82.200 -6.250
3 0 9.000 81.700 -6.250 9.100 81.100 -6.250 8.800 80.600 -6.250
3 0 8.800 80.600 -6.250 8.500 81.700 -6.250 9.000 81.700 -6.250
3 0 8.800 80.600 -6.250 9.100 81.100 -6.250 9.600 80.600 -6.250
3 0 9.600 80.600 -6.250 9.200 80.200 -6.250 8.800 80.600 -6.250
3 0 6.960 78.660 -6.250 8.100 80.100 -6.250 8.800 80.600 -6.250
3 0 8.800 80.600 -6.250 7.800 78.900 -6.250 6.960 78.660 -6.250
3 0 10.500 77.300 -6.250 9.600 77.000 -6.250 9.100 77.200 -6.250
3 0 9.100 77.200 -6.250 10.000 77.400 -6.250 10.500 77.300 -6.250
3 0 9.600 77.000 -6.250 9.200 76.400 -6.250 8.800 76.600 -6.250
3 0 8.800 76.600 -6.250 9.100 77.200 -6.250 9.600 77.000 -6.250
3 0 9.200 76.400 -6.250 8.500 75.900 -6.250 7.800 76.200 -6.250
3 0 7.800 76.200 -6.250 8.800 76.600 -6.250 9.200 76.400 -6.250
3 0 8.500 75.900 -6.250 7.500 75.800 -6.250 7.000 76.500 -6.250
3 0 7.000 76.500 -6.250 7.800 76.200 -6.250 8.500 75.900 -6.250
3 0 7.500 75.800 -6.250 6.700 76.200 -6.250 7.000 76.500 -6.250
3 0 7.000 76.500 -6.250 6.700 76.200 -6.250 6.200 77.000 -6.250
3 0 6.200 77.000 -6.250 6.600 77.200 -6.250 7.000 76.500 -6.250
3 0 6.600 77.200 -6.250 6.200 77.000 -6.250 6.300 78.300 -6.250
3 0 6.300 78.300 -6.250 6.600 78.000 -6.250 6.600 77.200 -6.250
3 0 6.300 78.300 -6.250 6.960 78.660 -6.250 7.300 78.500 -6.250
3 0 7.300 78.500 -6.250 6.600 78.000 -6.250 6.300 78.300 -6.250
3 0 6.960 78.660 -6.250 7.800 78.900 -6.250 8.400 78.900 -6.250
3 0 8.400 78.900 -6.250 7.300 78.500 -6.250 6.960 78.660 -6.250
3 0 7.300 78.500 -6.250 8.400 78.900 -6.250 9.000 78.600 -6.250
3 0 9.000 78.600 -6.250 8.500 78.500 -6.250 7.300 78.500 -6.250
3 0 9.100 78.000 -6.250 8.500 78.500 -6.250 9.000 78.600 -6.250
3 0 10.000 77.400 -6.250 9.700 79.200 -6.250 10.000 79.200 -6.250
3 0 8.100 80.100 -6.250 8.600 81.100 -6.250 8.800 80.600 -6.250
3 0 8.800 80.600 -6.250 8.600 81.100 -6.250 8.500 81.700 -6.250
3 0 6.200 77.000 -6.250 5.900 78.000 -6.250 6.300 78.300 -6.250
3 0 5.900 78.000 -6.250 5.300 79.500 -6.250 6.300 78.300 -6.250
3 0 5.300 79.500 -6.250 5.100 79.900 -6.250 4.700 81.600 -6.250
3 0 4.700 81.600 -6.250 6.300 78.300 -6.250 5.300 79.500 -6.250
3 0 5.100 79.900 -6.250 3.900 82.300 -6.250 4.700 81.600 -6.250
3 0 4.700 81.600 -6.250 3.900 82.300 -6.250 5.700 81.700 -6.250
3 0 13.100 82.700 -6.250 3.900 82.300 -6.250 2.500 82.300 -6.250
3 0 2.500 82.300 -6.250 0.500 82.700 -6.250 13.100 82.700 -6.250
3 0 2.500 82.300 -6.250 1.700 82.300 -6.250 0.500 82.700 -6.250
3 0 2.500 82.300 -6.250 2.100 81.900 -6.250 0.500 81.600 -6.250
3 0 0.500 81.600 -6.250 1.700 82.300 -6.250 2.500 82.300 -6.250
3 0 3.600 79.900 -6.250 2.100 81.900 -6.250 2.500 82.300 -6.250
3 0 3.600 79.900 -6.250 3.900 79.400 -6.250 4.400 77.000 -6.250
3 0 4.400 77.000 -6.250 2.100 81.900 -6.250 3.600 79.900 -6.250
3 0 3.600 79.900 -6.250 5.100 79.900 -6.250 5.300 79.500 -6.250
3 0 5.300 79.500 -6.250 3.900 79.400 -6.250 3.600 79.900 -6.250
3 0 5.300 76.400 -6.250 4.400 77.000 -6.250 3.900 79.400 -6.250
3 0 5.300 79.500 -6.250 5.900 78.000 -6.250 5.900 75.400 -6.250
3 0 5.900 75.400 -6.250 5.300 76.400 -6.250 5.300 79.500 -6.250
3 0 7.800 76.600 -6.250 7.300 76.900 -6.250 7.200 77.500 -6.250
3 0 7.200 77.500 -6.250 8.500 76.900 -6.250 7.800 76.600 -6.250
3 0 8.500 76.900 -6.250 7.200 77.500 -6.250 7.600 78.000 -6.250
3 0 7.600 78.000 -6.250 8.700 77.500 -6.250 8.500 76.900 -6.250
3 0 8.700 77.500 -6.250 7.600 78.000 -6.250 8.300 78.000 -6.250
3 0 0.500 81.600 -6.250 2.100 81.900 -6.250 -1.500 79.800 -6.250
3 0 -1.500 79.800 -6.250 -0.500 81.200 -6.250 0.500 81.600 -6.250
3 0 -0.500 81.200 -6.250 -0.200 81.500 -6.250 0.100 81.700 -6.250
3 0 0.100 81.700 -6.250 0.500 81.600 -6.250 -0.500 81.200 -6.250
3 0 0.100 81.700 -6.250 0.100 82.100 -6.250 0.500 82.300 -6.250
3 0 0.500 82.300 -6.250 0.500 81.600 -6.250 0.100 81.700 -6.250
3 0 0.100 82.100 -6.250 -0.200 82.300 -6.250 0.000 82.700 -6.250
3 0 0.000 82.700 -6.250 0.500 82.300 -6.250 0.100 82.100 -6.250
3 0 0.000 82.700 -6.250 0.500 82.700 -6.250 1.700 82.300 -6.250
3 0 1.700 82.300 -6.250 0.500 82.300 -6.250 0.000 82.700 -6.250
3 0 0.000 82.700 -6.250 0.000 83.200 -6.250 0.500 83.200 -6.250
3 0 0.500 83.200 -6.250 0.500 82.700 -6.250 0.000 82.700 -6.250
3 0 0.000 82.700 -6.250 -0.200 82.300 -6.250 -0.500 82.100 -6.250
3 0 -0.500 82.100 -6.250 -0.500 82.700 -6.250 0.000 82.700 -6.250
3 0 -0.500 82.100 -6.250 -0.900 82.000 -6.250 -0.900 82.600 -6.250
3 0 -0.900 82.600 -6.250 -0.500 82.700 -6.250 -0.500 82.100 -6.250
3 0 -0.900 82.600 -6.250 -0.900 83.200 -6.250 -0.500 83.200 -6.250
3 0 -0.500 83.200 -6.250 -0.500 82.700 -6.250 -0.900 82.600 -6.250
3 0 -0.900 82.000 -6.250 -1.400 82.000 -6.250 -1.600 82.400 -6.250
3 0 -1.600 82.400 -6.250 -0.900 82.600 -6.250 -0.900 82.000 -6.250
3 0 -1.600 82.400 -6.250 -1.400 82.000 -6.250 -1.800 81.500 -6.250
3 0 -1.800 81.500 -6.250 -2.200 81.900 -6.250 -1.600 82.400 -6.250
3 0 -2.200 81.900 -6.250 -1.800 81.500 -6.250 -3.100 78.400 -6.250
3 0 -3.100 78.400 -6.250 -3.500 78.800 -6.250 -2.200 81.900 -6.250
3 0 -3.100 78.400 -6.250 -3.500 77.900 -6.250 -3.900 78.300 -6.250
3 0 -3.900 78.300 -6.250 -3.500 78.800 -6.250 -3.100 78.400 -6.250
3 0 -3.500 77.900 -6.250 -4.300 77.800 -6.250 -4.700 78.300 -6.250
3 0 -4.700 78.300 -6.250 -3.900 78.300 -6.250 -3.500 77.900 -6.250
3 0 -4.300 77.800 -6.250 -5.000 77.900 -6.250 -5.300 78.200 -6.250
3 0 -5.300 78.200 -6.250 -4.700 78.300 -6.250 -4.300 77.800 -6.250
3 0 -5.300 78.200 -6.250 -5.100 78.800 -6.250 -4.700 78.300 -6.250
3 0 -1.500 79.800 -6.250 -2.100 80.000 -6.250 -0.500 81.200 -6.250
3 0 -2.100 80.000 -6.250 -1.500 79.800 -6.250 0.300 75.600 -6.250
3 0 0.300 75.600 -6.250 -0.900 77.100 -6.250 -2.100 80.000 -6.250
3 0 -0.900 77.100 -6.250 0.300 75.600 -6.250 0.000 75.000 -6.250
3 0 0.000 75.000 -6.250 -0.700 76.500 -6.250 -0.900 77.100 -6.250
3 0 -0.700 76.500 -6.250 -5.900 76.500 -6.250 -5.800 77.000 -6.250
3 0 -5.800 77.000 -6.250 -0.900 77.100 -6.250 -0.700 76.500 -6.250
3 0 -5.000 73.400 -6.250 -6.700 75.500 -6.250 -6.200 75.500 -6.250
3 4 -11.100 79.000 -6.250 -11.660 79.190 -6.250 -12.470 79.730 -6.250
3 4 -12.470 79.730 -6.250 -12.000 80.600 -6.250 -11.100 79.000 -6.250
3 4 -12.470 79.730 -6.250 -13.010 80.540 -6.250 -12.200 81.500 -6.250
3 4 -12.200 81.500 -6.250 -12.000 80.600 -6.250 -12.470 79.730 -6.250
3 4 -13.010 80.540 -6.250 -13.200 81.500 -6.250 -13.010 82.460 -6.250
3 4 -13.010 82.460 -6.250 -12.200 81.500 -6.250 -13.010 80.540 -6.250
3 4 -12.200 81.500 -6.250 -13.010 82.460 -6.250 -12.470 83.270 -6.250
3 4 -12.470 83.270 -6.250 -12.100 82.200 -6.250 -12.200 81.500 -6.250
3 4 -12.100 82.200 -6.250 -12.470 83.270 -6.250 -11.660 83.810 -6.250
3 4 -11.660 83.810 -6.250 -11.600 82.300 -6.250 -12.100 82.200 -6.250
3 4 -11.660 83.810 -6.250 -10.700 82.600 -6.250 -10.900 81.900 -6.250
3 4 -10.900 81.900 -6.250 -11.600 82.300 -6.250 -11.660 83.810 -6.250
3 4 -11.660 83.810 -6.250 -10.700 84.000 -6.250 -10.200 82.700 -6.250
3 4 -10.200 82.700 -6.250 -10.700 82.600 -6.250 -11.660 83.810 -6.250
3 4 -10.700 84.000 -6.250 -9.740 83.810 -6.250 -9.500 82.400 -6.250
3 4 -9.500 82.400 -6.250 -10.200 82.700 -6.250 -10.700 84.000 -6.250
3 4 -9.740 83.810 -6.250 -8.930 83.270 -6.250 -8.390 82.460 -6.250
3 4 -8.390 82.460 -6.250 -9.500 82.400 -6.250 -9.740 83.810 -6.250
3 4 -9.500 82.400 -6.250 -8.390 82.460 -6.250 -8.200 81.500 -6.250
3 4 -8.200 81.500 -6.250 -9.100 81.400 -6.250 -9.500 82.400 -6.250
3 4 -8.200 81.500 -6.250 -8.390 80.540 -6.250 -8.600 80.300 -6.250
3 4 -8.600 80.300 -6.250 -9.100 81.400 -6.250 -8.200 81.500 -6.250
3 4 8.100 80.100 -6.250 7.690 80.740 -6.250 7.500 81.700 -6.250
3 4 7.500 81.700 -6.250 8.600 81.100 -6.250 8.100 80.100 -6.250
3 4 8.600 81.100 -6.250 7.500 81.700 -6.250 8.500 81.700 -6.250
3 4 9.700 79.200 -6.250 10.200 80.100 -6.250 10.960 79.390 -6.250
3 4 10.960 79.390 -6.250 10.000 79.200 -6.250 9.700 79.200 -6.250
3 4 10.200 80.100 -6.250 10.900 80.300 -6.250 11.770 79.930 -6.250
3 4 11.770 79.930 -6.250 10.960 79.390 -6.250 10.200 80.100 -6.250
3 4 10.900 80.300 -6.250 11.300 80.900 -6.250 12.310 80.740 -6.250
3 4 12.310 80.740 -6.250 11.770 79.930 -6.250 10.900 80.300 -6.250
3 4 11.300 80.900 -6.250 11.400 81.700 -6.250 12.500 81.700 -6.250
3 4 12.500 81.700 -6.250 12.310 80.740 -6.250 11.300 80.900 -6.250
3 15 6.960 78.660 -6.250 6.300 78.300 -6.250 4.700 81.600 -6.250
3 15 4.700 81.600 -6.250 6.030 80.050 -6.250 6.960 78.660 -6.250
3 15 6.030 80.050 -6.250 4.700 81.600 -6.250 5.700 81.700 -6.250
3 15 0.000 62.900 -6.250 -6.544 64.201 -6.250 -5.300 69.400 -6.250
3 15 -5.300 69.400 -6.250 -3.000 69.300 -6.250 0.000 62.900 -6.250
3 15 -5.300 69.400 -6.250 -6.544 64.201 -6.250 -8.200 69.900 -6.250
3 15 -8.200 69.900 -6.250 -5.900 69.900 -6.250 -5.300 69.400 -6.250
3 15 -5.900 69.900 -6.250 -8.200 69.900 -6.250 -6.500 70.900 -6.250
3 15 -8.200 69.900 -6.250 -6.544 64.201 -6.250 -12.091 67.909 -6.250
3 15 -12.091 67.909 -6.250 -9.300 69.900 -6.250 -8.200 69.900 -6.250
3 15 -9.300 69.900 -6.250 -12.091 67.909 -6.250 -10.500 70.800 -6.250
3 15 -10.500 70.800 -6.250 -9.300 70.700 -6.250 -9.300 69.900 -6.250
3 15 -12.091 67.909 -6.250 -15.799 73.456 -6.250 -10.500 73.900 -6.250
3 15 -10.500 73.900 -6.250 -10.500 70.800 -6.250 -12.091 67.909 -6.250
3 15 -15.799 73.456 -6.250 -12.420 77.340 -6.250 -10.700 77.000 -6.250
3 15 -10.700 77.000 -6.250 -10.500 73.900 -6.250 -15.799 73.456 -6.250
3 15 -10.500 73.900 -6.250 -10.700 77.000 -6.250 -10.100 77.100 -6.250
3 15 -10.100 77.100 -6.250 -8.900 73.900 -6.250 -10.500 73.900 -6.250
3 15 -8.900 73.900 -6.250 -10.100 77.100 -6.250 -8.800 74.700 -6.250
3 15 -15.799 73.456 -6.250 -13.880 78.320 -6.250 -12.420 77.340 -6.250
3 15 -13.880 78.320 -6.250 -15.799 73.456 -6.250 -17.100 80.000 -6.250
3 15 -17.100 80.000 -6.250 -14.860 79.780 -6.250 -13.880 78.320 -6.250
3 15 -14.860 79.780 -6.250 -17.100 80.000 -6.250 -15.200 81.500 -6.250
3 15 -15.200 81.500 -6.250 -17.100 80.000 -6.250 -15.799 86.544 -6.250
3 15 -15.799 86.544 -6.250 -14.860 83.220 -6.250 -15.200 81.500 -6.250
3 15 -14.860 83.220 -6.250 -15.799 86.544 -6.250 -13.880 84.680 -6.250
3 15 -13.880 84.680 -6.250 -15.799 86.544 -6.250 -12.091 92.091 -6.250
3 15 -12.091 92.091 -6.250 -12.420 85.660 -6.250 -13.880 84.680 -6.250
3 15 -12.420 85.660 -6.250 -12.091 92.091 -6.250 -10.700 86.000 -6.250
3 15 -10.700 86.000 -6.250 -12.091 92.091 -6.250 -6.544 95.799 -6.250
3 15 -6.544 95.799 -6.250 -8.980 85.660 -6.250 -10.700 86.000 -6.250
3 15 -8.980 85.660 -6.250 -6.544 95.799 -6.250 -3.000 84.100 -6.250
3 15 -3.000 84.100 -6.250 -7.520 84.680 -6.250 -8.980 85.660 -6.250
3 15 -3.000 84.100 -6.250 -3.800 83.300 -6.250 -6.540 83.220 -6.250
3 15 -6.540 83.220 -6.250 -7.520 84.680 -6.250 -3.000 84.100 -6.250
3 15 -6.200 81.500 -6.250 -6.540 83.220 -6.250 -3.800 83.300 -6.250
3 15 -6.200 81.500 -6.250 -3.800 83.300 -6.250 -6.700 76.300 -6.250
3 15 -6.700 76.300 -6.250 -6.540 79.780 -6.250 -6.200 81.500 -6.250
3 15 -6.700 76.300 -6.250 -7.520 78.320 -6.250 -6.540 79.780 -6.250
3 15 -3.000 84.100 -6.250 -6.544 95.799 -6.250 0.000 97.100 -6.250
3 15 0.000 97.100 -6.250 -2.000 84.300 -6.250 -3.000 84.100 -6.250
3 15 -2.000 84.300 -6.250 0.000 97.100 -6.250 6.544 95.799 -6.250
3 15 6.544 95.799 -6.250 6.500 84.300 -6.250 -2.000 84.300 -6.250
3 15 6.500 84.300 -6.250 6.544 95.799 -6.250 6.960 84.740 -6.250
3 15 6.960 84.740 -6.250 6.544 95.799 -6.250 12.091 92.091 -6.250
3 15 12.091 92.091 -6.250 8.350 85.670 -6.250 6.960 84.740 -6.250
3 15 8.350 85.670 -6.250 12.091 92.091 -6.250 10.000 86.000 -6.250
3 15 10.000 86.000 -6.250 12.091 92.091 -6.250 15.799 86.544 -6.250
3 15 15.799 86.544 -6.250 11.650 85.670 -6.250 10.000 86.000 -6.250
3 15 13.040 84.740 -6.250 11.650 85.670 -6.250 15.799 86.544 -6.250
3 15 13.040 84.740 -6.250 15.799 86.544 -6.250 17.100 80.000 -6.250
3 15 17.100 80.000 -6.250 13.970 83.350 -6.250 13.040 84.740 -6.250
3 15 17.100 80.000 -6.250 14.300 81.700 -6.250 13.970 83.350 -6.250
3 15 14.300 81.700 -6.250 17.100 80.000 -6.250 14.700 79.500 -6.250
3 15 14.700 79.500 -6.250 13.970 80.050 -6.250 14.300 81.700 -6.250
3 15 14.700 79.500 -6.250 13.900 79.500 -6.250 13.970 80.050 -6.250
3 15 13.970 80.050 -6.250 13.900 79.500 -6.250 13.300 78.400 -6.250
3 15 13.300 78.400 -6.250 13.040 78.660 -6.250 13.970 80.050 -6.250
3 15 13.300 78.400 -6.250 12.500 77.700 -6.250 11.650 77.730 -6.250
3 15 11.650 77.730 -6.250 13.040 78.660 -6.250 13.300 78.400 -6.250
3 15 12.500 77.700 -6.250 11.500 77.400 -6.250 10.500 77.300 -6.250
3 15 10.500 77.300 -6.250 11.650 77.730 -6.250 12.500 77.700 -6.250
3 15 10.500 77.300 -6.250 10.000 77.400 -6.250 11.650 77.730 -6.250
3 15 14.700 79.500 -6.250 17.100 80.000 -6.250 15.900 78.700 -6.250
3 15 15.900 78.700 -6.250 14.800 78.700 -6.250 14.700 79.500 -6.250
3 15 15.900 75.900 -6.250 15.900 78.700 -6.250 17.100 80.000 -6.250
3 15 15.799 73.456 -6.250 15.900 75.900 -6.250 17.100 80.000 -6.250
3 15 15.900 75.900 -6.250 15.799 73.456 -6.250 14.700 75.100 -6.250
3 15 14.700 75.100 -6.250 14.800 75.900 -6.250 15.900 75.900 -6.250
3 15 14.700 75.100 -6.250 15.799 73.456 -6.250 14.000 73.900 -6.250
3 15 14.000 73.900 -6.250 14.000 75.000 -6.250 14.700 75.100 -6.250
3 15 15.799 73.456 -6.250 12.091 67.909 -6.250 10.400 73.900 -6.250
3 15 10.400 73.900 -6.250 14.000 73.900 -6.250 15.799 73.456 -6.250
3 15 12.091 67.909 -6.250 9.500 73.900 -6.250 9.500 75.000 -6.250
3 15 9.500 75.000 -6.250 10.400 73.900 -6.250 12.091 67.909 -6.250
3 15 10.400 73.900 -6.250 9.500 75.000 -6.250 10.400 75.000 -6.250
3 15 9.500 73.900 -6.250 12.091 67.909 -6.250 6.544 64.201 -6.250
3 15 6.544 64.201 -6.250 5.900 73.900 -6.250 9.500 73.900 -6.250
3 15 6.544 64.201 -6.250 0.200 74.100 -6.250 0.800 75.000 -6.250
3 15 0.800 75.000 -6.250 5.900 73.900 -6.250 6.544 64.201 -6.250
3 15 5.900 73.900 -6.250 0.800 75.000 -6.250 5.100 75.600 -6.250
3 15 5.100 75.600 -6.250 5.900 75.000 -6.250 5.900 73.900 -6.250
3 15 0.800 75.000 -6.250 1.400 76.300 -6.250 3.700 76.900 -6.250
3 15 3.700 76.900 -6.250 5.100 75.600 -6.250 0.800 75.000 -6.250
3 15 1.400 76.300 -6.250 2.300 76.900 -6.250 3.700 76.900 -6.250
3 15 0.200 74.100 -6.250 6.544 64.201 -6.250 -2.300 70.100 -6.250
3 15 -2.300 70.100 -6.250 -1.100 73.600 -6.250 0.200 74.100 -6.250
3 15 -2.300 70.100 -6.250 -2.600 70.900 -6.250 -2.700 73.100 -6.250
3 15 -2.700 73.100 -6.250 -1.100 73.600 -6.250 -2.300 70.100 -6.250
3 15 -2.600 70.900 -6.250 -3.200 71.200 -6.250 -4.500 72.300 -6.250
3 15 -4.500 72.300 -6.250 -2.700 73.100 -6.250 -2.600 70.900 -6.250
3 15 -4.500 72.300 -6.250 -4.900 73.100 -6.250 -2.700 73.100 -6.250
3 15 -3.200 71.200 -6.250 -4.700 71.200 -6.250 -4.500 72.300 -6.250
3 15 -2.300 70.100 -6.250 6.544 64.201 -6.250 0.000 62.900 -6.250
3 15 0.000 62.900 -6.250 -2.500 69.600 -6.250 -2.300 70.100 -6.250
3 15 0.000 62.900 -6.250 -3.000 69.300 -6.250 -2.500 69.600 -6.250
3 0 9.800 80.000 -6.250 9.200 80.200 -6.250 9.600 80.600 -6.250
3 0 -0.200 81.500 -6.250 -0.500 81.200 -6.250 -0.900 81.500 -6.250
3 0 -0.900 81.500 -6.250 -0.500 81.700 -6.250 -0.200 81.500 -6.250
3 0 -0.500 81.700 -6.250 -0.900 81.500 -6.250 -0.900 82.000 -6.250
3 0 -0.900 82.000 -6.250 -0.500 82.100 -6.250 -0.500 81.700 -6.250
3 0 -8.900 71.100 -6.250 -8.900 73.400 -6.250 -8.500 73.800 -6.250
3 0 -8.500 73.800 -6.250 -8.500 70.500 -6.250 -8.900 71.100 -6.250
1 16 0.0000 80.0000 -6.0000 22.0000 0.0000 0.0000 0.0000 0.0000 -22.0000 0.0000 -0.2500 0.0000 4-4cylc3.dat
1 4 0.0000 80.0000 -6.2500 1.9000 0.0000 0.0000 0.0000 0.0000 -1.9000 0.0000 1.0000 0.0000 4-4ring9.dat
1 15 0.0000 80.0000 -6.2500 1.0000 0.0000 0.0000 0.0000 0.0000 -1.0000 0.0000 1.0000 0.0000 4-4rin19.dat
1 15 0.0000 80.0000 -6.2500 2.0000 0.0000 0.0000 0.0000 0.0000 -2.0000 0.0000 1.0000 0.0000 4-4rin10.dat
1 15 0.0000 80.0000 -6.2500 17.1000 0.0000 0.0000 0.0000 0.0000 -17.1000 0.0000 1.0000 0.0000 4-4ering.dat
