0 FILE 4864apx7.dat
0 Panel 1 x 2 x 2 - Solid Studs with Red Bicycle and Black Line Pattern
0 Name:  4864apx7.dat
0 Author:  
0 BL_Item_No 4864apx7
0 BFC CERTIFY CCW
3 16 -0.200 21.100 10.000 0.100 21.100 10.000 0.300 21.300 10.000
3 16 0.300 21.300 10.000 0.000 21.400 10.000 -0.200 21.100 10.000
3 16 0.000 21.400 10.000 0.300 21.300 10.000 0.300 21.600 10.000
3 16 0.300 21.600 10.000 0.100 21.600 10.000 0.000 21.400 10.000
3 16 0.300 21.600 10.000 -0.100 22.900 10.000 -0.400 23.000 10.000
3 16 -0.400 23.000 10.000 0.100 21.600 10.000 0.300 21.600 10.000
3 16 -0.400 23.000 10.000 -0.100 22.900 10.000 0.200 23.200 10.000
3 16 0.200 23.200 10.000 -0.200 23.200 10.000 -0.400 23.000 10.000
3 16 -0.200 23.200 10.000 0.200 23.200 10.000 0.300 23.700 10.000
3 16 0.300 23.700 10.000 0.000 23.600 10.000 -0.200 23.200 10.000
3 16 0.000 23.600 10.000 0.300 23.700 10.000 0.200 24.200 10.000
3 16 0.200 24.200 10.000 0.000 24.000 10.000 0.000 23.600 10.000
3 16 0.000 24.000 10.000 0.200 24.200 10.000 -0.100 24.600 10.000
3 16 -0.100 24.600 10.000 -0.200 24.400 10.000 0.000 24.000 10.000
3 16 -0.200 24.400 10.000 -0.100 24.600 10.000 -0.400 24.900 10.000
3 16 -0.400 24.900 10.000 -0.500 24.600 10.000 -0.200 24.400 10.000
3 16 -0.500 24.600 10.000 -0.400 24.900 10.000 -0.900 25.000 10.000
3 16 -0.900 25.000 10.000 -0.900 24.700 10.000 -0.500 24.600 10.000
3 16 -0.900 24.700 10.000 -0.900 25.000 10.000 -1.400 24.900 10.000
3 16 -1.400 24.900 10.000 -1.400 24.600 10.000 -0.900 24.700 10.000
3 16 -1.400 24.900 10.000 -1.800 24.600 10.000 -1.800 24.200 10.000
3 16 -1.800 24.200 10.000 -1.400 24.600 10.000 -1.400 24.900 10.000
3 16 -1.800 24.600 10.000 -2.000 24.200 10.000 -1.900 23.700 10.000
3 16 -1.900 23.700 10.000 -1.800 24.200 10.000 -1.800 24.600 10.000
3 16 -2.100 23.700 10.000 -1.900 23.700 10.000 -2.000 24.200 10.000
3 16 -1.900 23.700 10.000 -2.100 23.700 10.000 -2.100 23.200 10.000
3 16 -2.100 23.200 10.000 -1.800 23.300 10.000 -1.900 23.700 10.000
3 16 -2.100 23.200 10.000 -1.800 22.900 10.000 -1.500 23.000 10.000
3 16 -1.500 23.000 10.000 -1.800 23.300 10.000 -2.100 23.200 10.000
3 16 -1.800 22.900 10.000 -1.500 22.700 10.000 -1.100 22.900 10.000
3 16 -1.100 22.900 10.000 -1.500 23.000 10.000 -1.800 22.900 10.000
3 16 -1.500 22.700 10.000 -0.900 22.600 10.000 -0.700 22.900 10.000
3 16 -0.700 22.900 10.000 -1.100 22.900 10.000 -1.500 22.700 10.000
3 16 -0.900 22.600 10.000 -0.500 21.400 10.000 -0.200 21.400 10.000
3 16 -0.200 21.400 10.000 -0.700 22.900 10.000 -0.900 22.600 10.000
3 16 -0.200 21.100 10.000 -0.200 21.400 10.000 -0.500 21.400 10.000
3 16 -0.200 21.100 10.000 0.000 21.400 10.000 -0.200 21.400 10.000
3 16 8.900 21.400 10.000 9.090 21.440 10.000 9.250 21.550 10.000
3 16 9.250 21.550 10.000 8.710 21.440 10.000 8.900 21.400 10.000
3 16 8.710 21.440 10.000 9.250 21.550 10.000 9.360 21.710 10.000
3 16 9.360 21.710 10.000 8.550 21.550 10.000 8.710 21.440 10.000
3 16 8.550 21.550 10.000 9.360 21.710 10.000 9.400 21.900 10.000
3 16 9.400 21.900 10.000 8.440 21.710 10.000 8.550 21.550 10.000
3 16 8.440 21.710 10.000 9.400 21.900 10.000 9.360 22.090 10.000
3 16 9.360 22.090 10.000 8.400 21.900 10.000 8.440 21.710 10.000
3 16 8.400 21.900 10.000 9.360 22.090 10.000 9.250 22.250 10.000
3 16 9.250 22.250 10.000 8.440 22.090 10.000 8.400 21.900 10.000
3 16 8.440 22.090 10.000 9.250 22.250 10.000 9.090 22.360 10.000
3 16 9.090 22.360 10.000 8.550 22.250 10.000 8.440 22.090 10.000
3 16 8.550 22.250 10.000 9.090 22.360 10.000 8.900 22.400 10.000
3 16 8.900 22.400 10.000 8.710 22.360 10.000 8.550 22.250 10.000
3 16 -10.100 21.400 10.000 -9.910 21.440 10.000 -9.750 21.550 10.000
3 16 -9.750 21.550 10.000 -10.290 21.440 10.000 -10.100 21.400 10.000
3 16 -10.290 21.440 10.000 -9.750 21.550 10.000 -9.640 21.710 10.000
3 16 -9.640 21.710 10.000 -10.450 21.550 10.000 -10.290 21.440 10.000
3 16 -10.450 21.550 10.000 -9.640 21.710 10.000 -9.600 21.900 10.000
3 16 -9.600 21.900 10.000 -10.560 21.710 10.000 -10.450 21.550 10.000
3 16 -10.560 21.710 10.000 -9.600 21.900 10.000 -9.640 22.090 10.000
3 16 -9.640 22.090 10.000 -10.600 21.900 10.000 -10.560 21.710 10.000
3 16 -10.600 21.900 10.000 -9.640 22.090 10.000 -9.750 22.250 10.000
3 16 -9.750 22.250 10.000 -10.560 22.090 10.000 -10.600 21.900 10.000
3 16 -10.560 22.090 10.000 -9.750 22.250 10.000 -9.910 22.360 10.000
3 16 -9.910 22.360 10.000 -10.450 22.250 10.000 -10.560 22.090 10.000
3 16 -10.450 22.250 10.000 -9.910 22.360 10.000 -10.100 22.400 10.000
3 16 -10.100 22.400 10.000 -10.290 22.360 10.000 -10.450 22.250 10.000
3 16 -2.500 15.900 10.000 -2.000 17.200 10.000 -1.100 21.900 10.000
3 16 -1.100 21.900 10.000 -6.100 15.200 10.000 -2.500 15.900 10.000
3 16 -2.000 17.200 10.000 -1.100 18.400 10.000 -1.100 21.900 10.000
3 16 -1.100 18.400 10.000 -0.200 19.100 10.000 -1.100 21.900 10.000
3 16 0.000 0.000 10.000 20.000 0.000 10.000 10.200 14.600 10.000
3 16 10.200 14.600 10.000 7.500 14.600 10.000 0.000 0.000 10.000
3 16 10.200 14.600 10.000 20.000 0.000 10.000 11.000 15.500 10.000
3 16 11.000 15.500 10.000 10.200 15.500 10.000 10.200 14.600 10.000
3 16 11.000 15.500 10.000 20.000 0.000 10.000 20.000 24.000 10.000
3 16 20.000 24.000 10.000 11.000 16.300 10.000 11.000 15.500 10.000
3 16 11.000 16.300 10.000 20.000 24.000 10.000 12.440 18.360 10.000
3 16 11.000 16.300 10.000 12.440 18.360 10.000 10.810 17.280 10.000
3 16 10.810 17.280 10.000 8.900 16.900 10.000 7.400 16.300 10.000
3 16 7.400 16.300 10.000 11.000 16.300 10.000 10.810 17.280 10.000
3 16 8.900 16.900 10.000 6.990 17.280 10.000 6.700 16.700 10.000
3 16 6.700 16.700 10.000 7.400 16.300 10.000 8.900 16.900 10.000
3 16 12.440 18.360 10.000 20.000 24.000 10.000 13.520 19.990 10.000
3 16 13.520 19.990 10.000 20.000 24.000 10.000 13.900 21.900 10.000
3 16 13.900 21.900 10.000 20.000 24.000 10.000 13.520 23.810 10.000
3 16 13.520 23.810 10.000 20.000 24.000 10.000 12.440 25.440 10.000
3 16 12.440 25.440 10.000 20.000 24.000 10.000 18.500 37.500 10.000
3 16 18.500 37.500 10.000 10.810 26.520 10.000 12.440 25.440 10.000
3 16 18.500 37.500 10.000 20.000 24.000 10.000 20.000 48.000 10.000
3 16 20.000 48.000 10.000 18.500 38.700 10.000 18.500 37.500 10.000
3 16 18.500 38.700 10.000 20.000 48.000 10.000 -20.000 48.000 10.000
3 16 -20.000 48.000 10.000 -18.500 38.700 10.000 18.500 38.700 10.000
3 16 -18.500 38.700 10.000 -20.000 48.000 10.000 -20.000 24.000 10.000
3 16 -20.000 24.000 10.000 -18.500 37.500 10.000 -18.500 38.700 10.000
3 16 -18.500 37.500 10.000 -20.000 24.000 10.000 -13.640 25.440 10.000
3 16 -13.640 25.440 10.000 -12.010 26.520 10.000 -18.500 37.500 10.000
3 16 -14.720 23.810 10.000 -13.640 25.440 10.000 -20.000 24.000 10.000
3 16 -15.100 21.900 10.000 -14.720 23.810 10.000 -20.000 24.000 10.000
3 16 -14.720 19.990 10.000 -15.100 21.900 10.000 -20.000 24.000 10.000
3 16 -14.720 19.990 10.000 -20.000 24.000 10.000 -20.000 0.000 10.000
3 16 -20.000 0.000 10.000 -13.640 18.360 10.000 -14.720 19.990 10.000
3 16 -13.640 18.360 10.000 -20.000 0.000 10.000 -10.100 15.600 10.000
3 16 -10.100 15.600 10.000 -12.010 17.280 10.000 -13.640 18.360 10.000
3 16 -20.000 0.000 10.000 -10.100 13.200 10.000 -10.100 15.600 10.000
3 16 -20.000 0.000 10.000 -9.300 13.200 10.000 -10.100 13.200 10.000
3 16 -20.000 0.000 10.000 -8.900 13.200 10.000 -9.300 13.200 10.000
3 16 -8.900 13.200 10.000 -20.000 0.000 10.000 -7.600 12.700 10.000
3 16 -7.600 12.700 10.000 -7.900 13.200 10.000 -8.900 13.200 10.000
3 16 -7.600 12.700 10.000 -20.000 0.000 10.000 -6.700 10.400 10.000
3 16 -6.700 10.400 10.000 -7.400 12.400 10.000 -7.600 12.700 10.000
3 16 -20.000 0.000 10.000 -6.500 10.000 10.000 -6.700 10.400 10.000
3 16 -6.500 10.000 10.000 -20.000 0.000 10.000 0.000 0.000 10.000
3 16 0.000 0.000 10.000 -6.100 9.900 10.000 -6.500 10.000 10.000
3 16 0.000 0.000 10.000 -4.600 9.900 10.000 -6.100 9.900 10.000
3 16 0.000 0.000 10.000 -4.200 10.000 10.000 -4.600 9.900 10.000
3 16 -4.200 10.000 10.000 0.000 0.000 10.000 7.500 14.600 10.000
3 16 7.500 14.600 10.000 -3.900 10.300 10.000 -4.200 10.000 10.000
3 16 6.990 17.280 10.000 5.800 16.000 10.000 5.900 15.500 10.000
3 16 5.900 15.500 10.000 6.700 16.700 10.000 6.990 17.280 10.000
3 16 6.990 17.280 10.000 7.500 18.000 10.000 9.200 20.600 10.000
3 16 9.200 20.600 10.000 5.800 16.000 10.000 6.990 17.280 10.000
3 16 7.500 18.000 10.000 8.900 17.700 10.000 10.510 18.020 10.000
3 16 10.510 18.020 10.000 9.200 20.600 10.000 7.500 18.000 10.000
3 16 9.200 20.600 10.000 10.510 18.020 10.000 11.870 18.930 10.000
3 16 11.870 18.930 10.000 9.240 21.070 10.000 9.200 20.600 10.000
3 16 9.240 21.070 10.000 11.870 18.930 10.000 12.780 20.290 10.000
3 16 12.780 20.290 10.000 9.540 21.260 10.000 9.240 21.070 10.000
3 16 9.540 21.260 10.000 12.780 20.290 10.000 13.100 21.900 10.000
3 16 13.100 21.900 10.000 9.730 21.560 10.000 9.540 21.260 10.000
3 16 9.730 21.560 10.000 13.100 21.900 10.000 12.780 23.510 10.000
3 16 12.780 23.510 10.000 9.800 21.900 10.000 9.730 21.560 10.000
3 16 9.800 21.900 10.000 12.780 23.510 10.000 11.870 24.870 10.000
3 16 11.870 24.870 10.000 9.730 22.240 10.000 9.800 21.900 10.000
3 16 9.730 22.240 10.000 11.870 24.870 10.000 10.510 25.780 10.000
3 16 10.510 25.780 10.000 9.540 22.540 10.000 9.730 22.240 10.000
3 16 9.540 22.540 10.000 10.510 25.780 10.000 8.900 26.100 10.000
3 16 8.900 26.100 10.000 9.240 22.730 10.000 9.540 22.540 10.000
3 16 9.240 22.730 10.000 8.900 26.100 10.000 7.290 25.780 10.000
3 16 7.290 25.780 10.000 8.900 22.800 10.000 9.240 22.730 10.000
3 16 8.900 22.800 10.000 7.290 25.780 10.000 8.300 22.800 10.000
3 16 8.300 22.800 10.000 8.560 22.730 10.000 8.900 22.800 10.000
3 16 8.560 22.730 10.000 8.300 22.800 10.000 8.000 22.600 10.000
3 16 8.000 22.600 10.000 8.260 22.540 10.000 8.560 22.730 10.000
3 16 8.260 22.540 10.000 8.000 22.600 10.000 7.800 22.200 10.000
3 16 7.800 22.200 10.000 8.070 22.240 10.000 8.260 22.540 10.000
3 16 8.070 22.240 10.000 7.800 22.200 10.000 7.800 21.600 10.000
3 16 7.800 21.600 10.000 8.000 21.900 10.000 8.070 22.240 10.000
3 16 8.000 21.900 10.000 7.800 21.600 10.000 7.900 21.100 10.000
3 16 7.900 21.100 10.000 8.070 21.560 10.000 8.000 21.900 10.000
3 16 8.070 21.560 10.000 7.900 21.100 10.000 8.300 20.800 10.000
3 16 8.300 20.800 10.000 8.260 21.260 10.000 8.070 21.560 10.000
3 16 8.260 21.260 10.000 8.300 20.800 10.000 8.700 20.600 10.000
3 16 8.700 20.600 10.000 8.560 21.070 10.000 8.260 21.260 10.000
3 16 8.560 21.070 10.000 8.700 20.600 10.000 9.200 20.600 10.000
3 16 9.200 20.600 10.000 8.900 21.000 10.000 8.560 21.070 10.000
3 16 9.200 20.600 10.000 9.240 21.070 10.000 8.900 21.000 10.000
3 16 7.290 25.780 10.000 5.930 24.870 10.000 5.120 23.610 10.000
3 16 5.120 23.610 10.000 8.300 22.800 10.000 7.290 25.780 10.000
3 16 8.300 22.800 10.000 5.120 23.610 10.000 4.280 23.810 10.000
3 16 4.280 23.810 10.000 1.500 24.100 10.000 8.300 22.800 10.000
3 16 1.500 24.100 10.000 4.280 23.810 10.000 1.900 25.900 10.000
3 16 1.900 25.900 10.000 1.500 25.900 10.000 1.500 24.100 10.000
3 16 4.280 23.810 10.000 5.360 25.440 10.000 1.900 26.600 10.000
3 16 1.900 26.600 10.000 1.900 25.900 10.000 4.280 23.810 10.000
3 16 5.360 25.440 10.000 6.990 26.520 10.000 18.500 37.500 10.000
3 16 18.500 37.500 10.000 1.900 26.600 10.000 5.360 25.440 10.000
3 16 10.810 26.520 10.000 18.500 37.500 10.000 8.900 26.900 10.000
3 16 6.990 26.520 10.000 8.900 26.900 10.000 18.500 37.500 10.000
3 16 1.900 26.600 10.000 18.500 37.500 10.000 -18.500 37.500 10.000
3 16 -18.500 37.500 10.000 0.300 26.600 10.000 1.900 26.600 10.000
3 16 0.300 26.600 10.000 -18.500 37.500 10.000 -10.100 26.900 10.000
3 16 -10.100 26.900 10.000 -8.189 26.520 10.000 0.300 26.600 10.000
3 16 -12.010 26.520 10.000 -10.100 26.900 10.000 -18.500 37.500 10.000
3 16 -8.189 26.520 10.000 -6.560 25.440 10.000 0.300 25.900 10.000
3 16 0.300 25.900 10.000 0.300 26.600 10.000 -8.189 26.520 10.000
3 16 0.300 25.900 10.000 -6.560 25.440 10.000 -1.700 25.200 10.000
3 16 -1.700 25.200 10.000 -1.100 25.400 10.000 0.300 25.900 10.000
3 16 -1.100 25.400 10.000 -0.500 25.300 10.000 0.700 25.900 10.000
3 16 0.700 25.900 10.000 0.300 25.900 10.000 -1.100 25.400 10.000
3 16 0.000 25.000 10.000 0.700 25.900 10.000 -0.500 25.300 10.000
3 16 0.400 24.700 10.000 0.700 25.900 10.000 0.000 25.000 10.000
3 16 0.700 24.400 10.000 0.700 25.900 10.000 0.400 24.700 10.000
3 16 -2.100 24.800 10.000 -1.700 25.200 10.000 -6.560 25.440 10.000
3 16 -2.100 24.800 10.000 -6.560 25.440 10.000 -5.480 23.810 10.000
3 16 -5.480 23.810 10.000 -2.400 24.300 10.000 -2.100 24.800 10.000
3 16 -2.400 24.300 10.000 -5.480 23.810 10.000 -5.100 21.900 10.000
3 16 -5.100 21.900 10.000 -2.500 23.600 10.000 -2.400 24.300 10.000
3 16 -2.500 23.600 10.000 -5.100 21.900 10.000 -5.480 19.990 10.000
3 16 -5.480 19.990 10.000 -2.400 23.000 10.000 -2.500 23.600 10.000
3 16 -2.400 23.000 10.000 -5.480 19.990 10.000 -6.560 18.360 10.000
3 16 -6.560 18.360 10.000 -7.100 16.700 10.000 -2.400 23.000 10.000
3 16 -7.100 16.700 10.000 -6.560 18.360 10.000 -7.400 17.800 10.000
3 16 -7.400 17.800 10.000 -7.300 17.000 10.000 -7.100 16.700 10.000
3 16 -7.300 17.000 10.000 -7.400 17.800 10.000 -7.600 18.600 10.000
3 16 -7.600 18.600 10.000 -9.000 21.500 10.000 -7.300 17.000 10.000
3 16 -7.600 18.600 10.000 -7.130 18.930 10.000 -6.220 20.290 10.000
3 16 -6.220 20.290 10.000 -9.000 21.500 10.000 -7.600 18.600 10.000
3 16 -6.220 20.290 10.000 -5.900 21.900 10.000 -9.200 21.900 10.000
3 16 -9.200 21.900 10.000 -9.000 21.500 10.000 -6.220 20.290 10.000
3 16 -5.900 21.900 10.000 -6.220 23.510 10.000 -9.270 22.240 10.000
3 16 -9.270 22.240 10.000 -9.200 21.900 10.000 -5.900 21.900 10.000
3 16 -6.220 23.510 10.000 -7.130 24.870 10.000 -9.460 22.540 10.000
3 16 -9.460 22.540 10.000 -9.270 22.240 10.000 -6.220 23.510 10.000
3 16 -7.130 24.870 10.000 -8.490 25.780 10.000 -9.760 22.730 10.000
3 16 -9.760 22.730 10.000 -9.460 22.540 10.000 -7.130 24.870 10.000
3 16 -8.490 25.780 10.000 -10.100 26.100 10.000 -10.100 22.800 10.000
3 16 -10.100 22.800 10.000 -9.760 22.730 10.000 -8.490 25.780 10.000
3 16 -10.100 26.100 10.000 -11.710 25.780 10.000 -10.440 22.730 10.000
3 16 -10.440 22.730 10.000 -10.100 22.800 10.000 -10.100 26.100 10.000
3 16 -11.710 25.780 10.000 -13.070 24.870 10.000 -10.740 22.540 10.000
3 16 -10.740 22.540 10.000 -10.440 22.730 10.000 -11.710 25.780 10.000
3 16 -13.070 24.870 10.000 -13.980 23.510 10.000 -10.930 22.240 10.000
3 16 -10.930 22.240 10.000 -10.740 22.540 10.000 -13.070 24.870 10.000
3 16 -13.980 23.510 10.000 -14.300 21.900 10.000 -11.000 21.900 10.000
3 16 -11.000 21.900 10.000 -10.930 22.240 10.000 -13.980 23.510 10.000
3 16 -14.300 21.900 10.000 -13.980 20.290 10.000 -10.930 21.560 10.000
3 16 -10.930 21.560 10.000 -11.000 21.900 10.000 -14.300 21.900 10.000
3 16 -13.980 20.290 10.000 -13.070 18.930 10.000 -10.740 21.260 10.000
3 16 -10.740 21.260 10.000 -10.930 21.560 10.000 -13.980 20.290 10.000
3 16 -10.740 21.260 10.000 -13.070 18.930 10.000 -11.710 18.020 10.000
3 16 -11.710 18.020 10.000 -10.600 20.800 10.000 -10.740 21.260 10.000
3 16 -11.710 18.020 10.000 -10.100 17.700 10.000 -9.700 17.800 10.000
3 16 -9.700 17.800 10.000 -10.600 20.800 10.000 -11.710 18.020 10.000
3 16 -10.740 21.260 10.000 -10.600 20.800 10.000 -10.300 20.700 10.000
3 16 -10.300 20.700 10.000 -10.440 21.070 10.000 -10.740 21.260 10.000
3 16 -10.440 21.070 10.000 -10.300 20.700 10.000 -9.900 20.700 10.000
3 16 -9.900 20.700 10.000 -10.100 21.000 10.000 -10.440 21.070 10.000
3 16 -10.100 21.000 10.000 -9.900 20.700 10.000 -9.500 20.800 10.000
3 16 -9.500 20.800 10.000 -9.760 21.070 10.000 -10.100 21.000 10.000
3 16 -9.760 21.070 10.000 -9.500 20.800 10.000 -9.200 21.100 10.000
3 16 -9.200 21.100 10.000 -9.460 21.260 10.000 -9.760 21.070 10.000
3 16 -9.460 21.260 10.000 -9.200 21.100 10.000 -9.000 21.500 10.000
3 16 -9.000 21.500 10.000 -9.270 21.560 10.000 -9.460 21.260 10.000
3 16 -9.000 21.500 10.000 -9.200 21.900 10.000 -9.270 21.560 10.000
3 16 -9.000 16.400 10.000 -10.600 20.800 10.000 -9.700 17.800 10.000
3 16 -9.000 16.400 10.000 -9.700 17.800 10.000 -9.500 17.000 10.000
3 16 -9.500 17.000 10.000 -9.300 15.600 10.000 -8.900 16.100 10.000
3 16 -8.900 16.100 10.000 -9.000 16.400 10.000 -9.500 17.000 10.000
3 16 -9.000 16.400 10.000 -8.900 16.100 10.000 -7.100 16.700 10.000
3 16 -7.100 16.700 10.000 -7.300 17.000 10.000 -9.000 16.400 10.000
3 16 -9.500 17.000 10.000 -10.100 16.900 10.000 -10.100 15.600 10.000
3 16 -10.100 15.600 10.000 -9.300 15.600 10.000 -9.500 17.000 10.000
3 16 -10.100 15.600 10.000 -10.100 16.900 10.000 -12.010 17.280 10.000
3 16 -9.300 13.200 10.000 -8.900 13.200 10.000 -8.900 16.100 10.000
3 16 -8.900 16.100 10.000 -9.300 15.600 10.000 -9.300 13.200 10.000
3 16 -7.400 12.400 10.000 -6.100 12.900 10.000 -6.100 13.400 10.000
3 16 -6.100 13.400 10.000 -7.600 12.700 10.000 -7.400 12.400 10.000
3 16 -6.100 13.400 10.000 -6.100 12.900 10.000 -5.500 11.400 10.000
3 16 -5.500 11.400 10.000 -1.300 14.400 10.000 -6.100 13.400 10.000
3 16 -5.500 11.400 10.000 -4.600 11.400 10.000 -0.900 14.500 10.000
3 16 -0.900 14.500 10.000 -1.300 14.400 10.000 -5.500 11.400 10.000
3 16 -4.200 11.300 10.000 -0.900 14.500 10.000 -4.600 11.400 10.000
3 16 -3.900 11.000 10.000 -0.900 14.500 10.000 -4.200 11.300 10.000
3 16 -3.900 11.000 10.000 -3.900 10.300 10.000 7.500 14.600 10.000
3 16 7.500 14.600 10.000 -0.900 14.500 10.000 -3.900 11.000 10.000
3 16 -0.900 14.500 10.000 7.500 14.600 10.000 7.500 15.500 10.000
3 16 7.500 15.500 10.000 5.900 15.500 10.000 -0.900 14.500 10.000
3 16 5.900 15.500 10.000 5.800 16.000 10.000 5.500 15.800 10.000
3 16 5.900 15.500 10.000 5.500 15.800 10.000 5.000 15.700 10.000
3 16 5.000 15.700 10.000 -0.500 14.800 10.000 -0.900 14.500 10.000
3 16 -0.900 14.500 10.000 5.900 15.500 10.000 5.000 15.700 10.000
3 16 -0.500 14.800 10.000 5.000 15.700 10.000 4.600 15.800 10.000
3 16 4.600 15.800 10.000 -0.400 15.200 10.000 -0.500 14.800 10.000
3 16 -0.400 15.200 10.000 4.600 15.800 10.000 4.400 16.000 10.000
3 16 4.400 16.000 10.000 -0.400 15.700 10.000 -0.400 15.200 10.000
3 16 -0.400 15.700 10.000 4.400 16.000 10.000 4.300 16.300 10.000
3 16 4.300 16.300 10.000 -0.600 15.900 10.000 -0.400 15.700 10.000
3 16 -0.600 15.900 10.000 4.300 16.300 10.000 4.300 16.600 10.000
3 16 4.300 16.600 10.000 -0.500 16.500 10.000 -0.600 15.900 10.000
3 16 -0.500 16.500 10.000 4.300 16.600 10.000 4.000 16.900 10.000
3 16 4.000 16.900 10.000 0.100 17.300 10.000 -0.500 16.500 10.000
3 16 0.100 17.300 10.000 4.000 16.900 10.000 3.500 17.400 10.000
3 16 3.500 17.400 10.000 1.100 17.900 10.000 0.100 17.300 10.000
3 16 1.100 17.900 10.000 3.500 17.400 10.000 3.000 17.700 10.000
3 16 3.000 17.700 10.000 2.300 17.900 10.000 1.100 17.900 10.000
3 16 4.300 16.600 10.000 4.400 16.900 10.000 4.000 16.900 10.000
3 16 4.000 16.900 10.000 4.400 16.900 10.000 5.200 18.600 10.000
3 16 5.200 18.600 10.000 4.900 18.200 10.000 4.000 16.900 10.000
3 16 5.200 18.600 10.000 4.400 16.900 10.000 7.400 21.200 10.000
3 16 7.400 21.200 10.000 5.700 19.200 10.000 5.200 18.600 10.000
3 16 5.700 19.200 10.000 7.400 21.200 10.000 4.900 21.400 10.000
3 16 4.900 21.400 10.000 5.020 20.290 10.000 5.700 19.200 10.000
3 16 4.900 21.400 10.000 7.400 21.200 10.000 0.500 22.600 10.000
3 16 0.500 22.600 10.000 4.000 21.600 10.000 4.900 21.400 10.000
3 16 0.500 22.600 10.000 1.500 19.600 10.000 2.600 19.500 10.000
3 16 2.600 19.500 10.000 4.000 21.600 10.000 0.500 22.600 10.000
3 16 4.000 21.600 10.000 2.600 19.500 10.000 3.400 19.200 10.000
3 16 3.400 19.200 10.000 4.280 19.990 10.000 4.000 21.600 10.000
3 16 3.400 19.200 10.000 4.200 18.800 10.000 5.200 18.600 10.000
3 16 5.200 18.600 10.000 4.280 19.990 10.000 3.400 19.200 10.000
3 16 4.900 18.200 10.000 5.200 18.600 10.000 4.200 18.800 10.000
3 0 18.500 37.500 10.000 18.500 38.700 10.000 -18.500 38.700 10.000
3 0 -18.500 38.700 10.000 -18.500 37.500 10.000 18.500 37.500 10.000
3 4 9.360 21.710 10.000 9.730 21.560 10.000 9.800 21.900 10.000
3 4 9.800 21.900 10.000 9.400 21.900 10.000 9.360 21.710 10.000
3 4 9.400 21.900 10.000 9.800 21.900 10.000 9.730 22.240 10.000
3 4 9.730 22.240 10.000 9.360 22.090 10.000 9.400 21.900 10.000
3 4 9.360 22.090 10.000 9.730 22.240 10.000 9.540 22.540 10.000
3 4 9.540 22.540 10.000 9.250 22.250 10.000 9.360 22.090 10.000
3 4 9.250 22.250 10.000 9.540 22.540 10.000 9.240 22.730 10.000
3 4 9.240 22.730 10.000 9.090 22.360 10.000 9.250 22.250 10.000
3 4 9.090 22.360 10.000 9.240 22.730 10.000 8.900 22.800 10.000
3 4 8.900 22.800 10.000 8.900 22.400 10.000 9.090 22.360 10.000
3 4 8.900 22.400 10.000 8.900 22.800 10.000 8.560 22.730 10.000
3 4 8.560 22.730 10.000 8.710 22.360 10.000 8.900 22.400 10.000
3 4 8.710 22.360 10.000 8.560 22.730 10.000 8.260 22.540 10.000
3 4 8.260 22.540 10.000 8.550 22.250 10.000 8.710 22.360 10.000
3 4 8.550 22.250 10.000 8.260 22.540 10.000 8.070 22.240 10.000
3 4 8.070 22.240 10.000 8.440 22.090 10.000 8.550 22.250 10.000
3 4 8.440 22.090 10.000 8.070 22.240 10.000 8.000 21.900 10.000
3 4 8.000 21.900 10.000 8.400 21.900 10.000 8.440 22.090 10.000
3 4 8.400 21.900 10.000 8.000 21.900 10.000 8.070 21.560 10.000
3 4 8.070 21.560 10.000 8.440 21.710 10.000 8.400 21.900 10.000
3 4 8.440 21.710 10.000 8.070 21.560 10.000 8.260 21.260 10.000
3 4 8.260 21.260 10.000 8.550 21.550 10.000 8.440 21.710 10.000
3 4 8.550 21.550 10.000 8.260 21.260 10.000 8.560 21.070 10.000
3 4 8.560 21.070 10.000 8.710 21.440 10.000 8.550 21.550 10.000
3 4 8.710 21.440 10.000 8.560 21.070 10.000 8.900 21.000 10.000
3 4 8.900 21.000 10.000 8.900 21.400 10.000 8.710 21.440 10.000
3 4 8.900 21.400 10.000 8.900 21.000 10.000 9.240 21.070 10.000
3 4 9.240 21.070 10.000 9.090 21.440 10.000 8.900 21.400 10.000
3 4 9.090 21.440 10.000 9.240 21.070 10.000 9.540 21.260 10.000
3 4 9.540 21.260 10.000 9.250 21.550 10.000 9.090 21.440 10.000
3 4 9.250 21.550 10.000 9.540 21.260 10.000 9.730 21.560 10.000
3 4 9.730 21.560 10.000 9.360 21.710 10.000 9.250 21.550 10.000
3 4 -9.640 21.710 10.000 -9.270 21.560 10.000 -9.200 21.900 10.000
3 4 -9.200 21.900 10.000 -9.600 21.900 10.000 -9.640 21.710 10.000
3 4 -9.600 21.900 10.000 -9.200 21.900 10.000 -9.270 22.240 10.000
3 4 -9.270 22.240 10.000 -9.640 22.090 10.000 -9.600 21.900 10.000
3 4 -9.640 22.090 10.000 -9.270 22.240 10.000 -9.460 22.540 10.000
3 4 -9.460 22.540 10.000 -9.750 22.250 10.000 -9.640 22.090 10.000
3 4 -9.750 22.250 10.000 -9.460 22.540 10.000 -9.760 22.730 10.000
3 4 -9.760 22.730 10.000 -9.910 22.360 10.000 -9.750 22.250 10.000
3 4 -9.910 22.360 10.000 -9.760 22.730 10.000 -10.100 22.800 10.000
3 4 -10.100 22.800 10.000 -10.100 22.400 10.000 -9.910 22.360 10.000
3 4 -10.100 22.400 10.000 -10.100 22.800 10.000 -10.440 22.730 10.000
3 4 -10.440 22.730 10.000 -10.290 22.360 10.000 -10.100 22.400 10.000
3 4 -10.290 22.360 10.000 -10.440 22.730 10.000 -10.740 22.540 10.000
3 4 -10.740 22.540 10.000 -10.450 22.250 10.000 -10.290 22.360 10.000
3 4 -10.450 22.250 10.000 -10.740 22.540 10.000 -10.930 22.240 10.000
3 4 -10.930 22.240 10.000 -10.560 22.090 10.000 -10.450 22.250 10.000
3 4 -10.560 22.090 10.000 -10.930 22.240 10.000 -11.000 21.900 10.000
3 4 -11.000 21.900 10.000 -10.600 21.900 10.000 -10.560 22.090 10.000
3 4 -10.600 21.900 10.000 -11.000 21.900 10.000 -10.930 21.560 10.000
3 4 -10.930 21.560 10.000 -10.560 21.710 10.000 -10.600 21.900 10.000
3 4 -10.560 21.710 10.000 -10.930 21.560 10.000 -10.740 21.260 10.000
3 4 -10.740 21.260 10.000 -10.450 21.550 10.000 -10.560 21.710 10.000
3 4 -10.450 21.550 10.000 -10.740 21.260 10.000 -10.440 21.070 10.000
3 4 -10.440 21.070 10.000 -10.290 21.440 10.000 -10.450 21.550 10.000
3 4 -10.290 21.440 10.000 -10.440 21.070 10.000 -10.100 21.000 10.000
3 4 -10.100 21.000 10.000 -10.100 21.400 10.000 -10.290 21.440 10.000
3 4 -10.100 21.400 10.000 -10.100 21.000 10.000 -9.760 21.070 10.000
3 4 -9.760 21.070 10.000 -9.910 21.440 10.000 -10.100 21.400 10.000
3 4 -9.910 21.440 10.000 -9.760 21.070 10.000 -9.460 21.260 10.000
3 4 -9.460 21.260 10.000 -9.750 21.550 10.000 -9.910 21.440 10.000
3 4 -9.750 21.550 10.000 -9.460 21.260 10.000 -9.270 21.560 10.000
3 4 -9.270 21.560 10.000 -9.640 21.710 10.000 -9.750 21.550 10.000
3 4 11.000 15.500 10.000 11.000 16.300 10.000 7.400 16.300 10.000
3 4 7.400 16.300 10.000 10.200 15.500 10.000 11.000 15.500 10.000
3 4 7.400 16.300 10.000 7.500 15.500 10.000 10.200 14.600 10.000
3 4 10.200 14.600 10.000 10.200 15.500 10.000 7.400 16.300 10.000
3 4 7.500 14.600 10.000 10.200 14.600 10.000 7.500 15.500 10.000
3 4 7.500 15.500 10.000 7.400 16.300 10.000 6.700 16.700 10.000
3 4 6.700 16.700 10.000 5.900 15.500 10.000 7.500 15.500 10.000
3 4 5.000 15.700 10.000 5.500 15.800 10.000 5.800 16.000 10.000
3 4 5.800 16.000 10.000 4.600 15.800 10.000 5.000 15.700 10.000
3 4 4.600 15.800 10.000 5.800 16.000 10.000 4.300 16.300 10.000
3 4 4.300 16.300 10.000 4.400 16.000 10.000 4.600 15.800 10.000
3 4 4.300 16.300 10.000 5.800 16.000 10.000 4.400 16.900 10.000
3 4 4.400 16.900 10.000 4.300 16.600 10.000 4.300 16.300 10.000
3 4 5.800 16.000 10.000 9.200 20.600 10.000 8.700 20.600 10.000
3 4 8.700 20.600 10.000 4.400 16.900 10.000 5.800 16.000 10.000
3 4 4.400 16.900 10.000 8.700 20.600 10.000 8.300 20.800 10.000
3 4 8.300 20.800 10.000 7.900 21.100 10.000 7.400 21.200 10.000
3 4 7.400 21.200 10.000 4.400 16.900 10.000 8.300 20.800 10.000
3 4 7.900 21.100 10.000 7.800 21.600 10.000 0.500 22.600 10.000
3 4 0.500 22.600 10.000 7.400 21.200 10.000 7.900 21.100 10.000
3 4 7.800 21.600 10.000 7.800 22.200 10.000 1.500 24.100 10.000
3 4 1.500 24.100 10.000 0.500 22.600 10.000 7.800 21.600 10.000
3 4 7.800 22.200 10.000 8.000 22.600 10.000 1.500 24.100 10.000
3 4 8.000 22.600 10.000 8.300 22.800 10.000 1.500 24.100 10.000
3 4 0.500 22.600 10.000 1.500 24.100 10.000 1.500 25.900 10.000
3 4 1.500 25.900 10.000 0.700 24.400 10.000 0.500 22.600 10.000
3 4 0.700 24.400 10.000 1.500 25.900 10.000 0.700 25.900 10.000
3 4 1.500 25.900 10.000 1.900 26.600 10.000 0.300 26.600 10.000
3 4 0.300 26.600 10.000 0.700 25.900 10.000 1.500 25.900 10.000
3 4 0.300 25.900 10.000 0.700 25.900 10.000 0.300 26.600 10.000
3 4 1.500 25.900 10.000 1.900 25.900 10.000 1.900 26.600 10.000
3 4 0.700 24.400 10.000 0.300 23.700 10.000 0.200 23.200 10.000
3 4 0.200 23.200 10.000 0.500 22.600 10.000 0.700 24.400 10.000
3 4 0.200 23.200 10.000 -0.100 22.900 10.000 1.500 19.600 10.000
3 4 1.500 19.600 10.000 0.500 22.600 10.000 0.200 23.200 10.000
3 4 0.300 23.700 10.000 0.700 24.400 10.000 0.400 24.700 10.000
3 4 0.400 24.700 10.000 0.200 24.200 10.000 0.300 23.700 10.000
3 4 0.200 24.200 10.000 0.400 24.700 10.000 0.000 25.000 10.000
3 4 0.000 25.000 10.000 -0.100 24.600 10.000 0.200 24.200 10.000
3 4 -0.100 24.600 10.000 0.000 25.000 10.000 -0.500 25.300 10.000
3 4 -0.500 25.300 10.000 -0.400 24.900 10.000 -0.100 24.600 10.000
3 4 -0.400 24.900 10.000 -0.500 25.300 10.000 -1.100 25.400 10.000
3 4 -1.100 25.400 10.000 -0.900 25.000 10.000 -0.400 24.900 10.000
3 4 -0.900 25.000 10.000 -1.100 25.400 10.000 -1.700 25.200 10.000
3 4 -1.700 25.200 10.000 -1.400 24.900 10.000 -0.900 25.000 10.000
3 4 -1.400 24.900 10.000 -1.700 25.200 10.000 -2.100 24.800 10.000
3 4 -2.100 24.800 10.000 -1.800 24.600 10.000 -1.400 24.900 10.000
3 4 -1.800 24.600 10.000 -2.100 24.800 10.000 -2.400 24.300 10.000
3 4 -2.400 24.300 10.000 -2.000 24.200 10.000 -1.800 24.600 10.000
3 4 -2.000 24.200 10.000 -2.400 24.300 10.000 -2.500 23.600 10.000
3 4 -2.500 23.600 10.000 -2.100 23.700 10.000 -2.000 24.200 10.000
3 4 -2.100 23.700 10.000 -2.500 23.600 10.000 -2.400 23.000 10.000
3 4 -2.400 23.000 10.000 -2.100 23.200 10.000 -2.100 23.700 10.000
3 4 -2.100 23.200 10.000 -2.400 23.000 10.000 -1.100 21.900 10.000
3 4 -1.100 21.900 10.000 -1.800 22.900 10.000 -2.100 23.200 10.000
3 4 -1.100 21.900 10.000 -1.500 22.700 10.000 -1.800 22.900 10.000
3 4 -1.500 22.700 10.000 -1.100 21.900 10.000 -0.500 21.400 10.000
3 4 -0.500 21.400 10.000 -0.900 22.600 10.000 -1.500 22.700 10.000
3 4 -1.100 21.900 10.000 -0.200 19.100 10.000 -0.200 21.100 10.000
3 4 -0.200 21.100 10.000 -0.500 21.400 10.000 -1.100 21.900 10.000
3 4 1.500 19.600 10.000 -0.100 22.900 10.000 0.300 21.600 10.000
3 4 1.500 19.600 10.000 0.300 21.600 10.000 0.300 21.300 10.000
3 4 0.300 21.300 10.000 0.100 21.100 10.000 -0.200 19.100 10.000
3 4 -0.200 19.100 10.000 1.500 19.600 10.000 0.300 21.300 10.000
3 4 -0.200 19.100 10.000 0.100 21.100 10.000 -0.200 21.100 10.000
3 4 0.000 21.400 10.000 0.100 21.600 10.000 -0.400 23.000 10.000
3 4 -0.400 23.000 10.000 -0.200 21.400 10.000 0.000 21.400 10.000
3 4 -0.200 21.400 10.000 -0.400 23.000 10.000 -0.700 22.900 10.000
3 4 -0.400 23.000 10.000 -0.200 23.200 10.000 -1.100 22.900 10.000
3 4 -1.100 22.900 10.000 -0.700 22.900 10.000 -0.400 23.000 10.000
3 4 -0.200 23.200 10.000 0.000 23.600 10.000 -1.500 23.000 10.000
3 4 -1.500 23.000 10.000 -1.100 22.900 10.000 -0.200 23.200 10.000
3 4 0.000 23.600 10.000 0.000 24.000 10.000 -1.800 23.300 10.000
3 4 -1.800 23.300 10.000 -1.500 23.000 10.000 0.000 23.600 10.000
3 4 0.000 24.000 10.000 -0.200 24.400 10.000 -1.900 23.700 10.000
3 4 -1.900 23.700 10.000 -1.800 23.300 10.000 0.000 24.000 10.000
3 4 -0.200 24.400 10.000 -0.500 24.600 10.000 -1.800 24.200 10.000
3 4 -1.800 24.200 10.000 -1.900 23.700 10.000 -0.200 24.400 10.000
3 4 -0.500 24.600 10.000 -0.900 24.700 10.000 -1.400 24.600 10.000
3 4 -1.400 24.600 10.000 -1.800 24.200 10.000 -0.500 24.600 10.000
3 4 -0.200 19.100 10.000 1.100 17.900 10.000 2.300 17.900 10.000
3 4 2.300 17.900 10.000 1.500 19.600 10.000 -0.200 19.100 10.000
3 4 1.500 19.600 10.000 2.300 17.900 10.000 3.000 17.700 10.000
3 4 3.000 17.700 10.000 2.600 19.500 10.000 1.500 19.600 10.000
3 4 2.600 19.500 10.000 3.000 17.700 10.000 3.500 17.400 10.000
3 4 3.500 17.400 10.000 3.400 19.200 10.000 2.600 19.500 10.000
3 4 3.400 19.200 10.000 3.500 17.400 10.000 4.000 16.900 10.000
3 4 4.000 16.900 10.000 4.200 18.800 10.000 3.400 19.200 10.000
3 4 4.000 16.900 10.000 4.900 18.200 10.000 4.200 18.800 10.000
3 4 1.100 17.900 10.000 -0.200 19.100 10.000 -1.100 18.400 10.000
3 4 -1.100 18.400 10.000 0.100 17.300 10.000 1.100 17.900 10.000
3 4 0.100 17.300 10.000 -1.100 18.400 10.000 -2.000 17.200 10.000
3 4 -2.000 17.200 10.000 -0.500 16.500 10.000 0.100 17.300 10.000
3 4 -0.500 16.500 10.000 -2.000 17.200 10.000 -2.500 15.900 10.000
3 4 -2.500 15.900 10.000 -0.600 15.900 10.000 -0.500 16.500 10.000
3 4 -0.600 15.900 10.000 -2.500 15.900 10.000 -1.300 14.400 10.000
3 4 -1.300 14.400 10.000 -0.400 15.700 10.000 -0.600 15.900 10.000
3 4 -1.300 14.400 10.000 -0.900 14.500 10.000 -0.400 15.200 10.000
3 4 -0.400 15.200 10.000 -0.400 15.700 10.000 -1.300 14.400 10.000
3 4 -0.900 14.500 10.000 -0.500 14.800 10.000 -0.400 15.200 10.000
3 4 -2.500 15.900 10.000 -6.100 15.200 10.000 -6.100 13.400 10.000
3 4 -6.100 13.400 10.000 -1.300 14.400 10.000 -2.500 15.900 10.000
3 4 -6.100 13.400 10.000 -6.100 15.200 10.000 -7.900 13.200 10.000
3 4 -7.900 13.200 10.000 -7.600 12.700 10.000 -6.100 13.400 10.000
3 4 -6.100 15.200 10.000 -7.100 16.700 10.000 -8.900 16.100 10.000
3 4 -8.900 16.100 10.000 -7.900 13.200 10.000 -6.100 15.200 10.000
3 4 -8.900 13.200 10.000 -7.900 13.200 10.000 -8.900 16.100 10.000
3 4 -9.300 13.200 10.000 -9.300 15.600 10.000 -10.100 15.600 10.000
3 4 -10.100 15.600 10.000 -10.100 13.200 10.000 -9.300 13.200 10.000
3 4 -6.100 15.200 10.000 -1.100 21.900 10.000 -2.400 23.000 10.000
3 4 -2.400 23.000 10.000 -7.100 16.700 10.000 -6.100 15.200 10.000
3 4 -6.100 9.900 10.000 -4.600 9.900 10.000 -4.200 10.000 10.000
3 4 -4.200 10.000 10.000 -4.600 11.400 10.000 -6.100 9.900 10.000
3 4 -4.600 11.400 10.000 -4.200 10.000 10.000 -3.900 10.300 10.000
3 4 -3.900 10.300 10.000 -4.200 11.300 10.000 -4.600 11.400 10.000
3 4 -3.900 10.300 10.000 -3.900 11.000 10.000 -4.200 11.300 10.000
3 4 -4.600 11.400 10.000 -5.500 11.400 10.000 -6.500 10.000 10.000
3 4 -6.500 10.000 10.000 -6.100 9.900 10.000 -4.600 11.400 10.000
3 4 -6.500 10.000 10.000 -5.500 11.400 10.000 -6.100 12.900 10.000
3 4 -6.100 12.900 10.000 -6.700 10.400 10.000 -6.500 10.000 10.000
3 4 -6.700 10.400 10.000 -6.100 12.900 10.000 -7.400 12.400 10.000
3 4 -7.300 17.000 10.000 -9.000 21.500 10.000 -9.200 21.100 10.000
3 4 -9.200 21.100 10.000 -9.000 16.400 10.000 -7.300 17.000 10.000
3 4 -9.000 16.400 10.000 -9.200 21.100 10.000 -9.500 20.800 10.000
3 4 -9.000 16.400 10.000 -9.500 20.800 10.000 -9.900 20.700 10.000
3 4 -9.000 16.400 10.000 -9.900 20.700 10.000 -10.300 20.700 10.000
3 4 -9.000 16.400 10.000 -10.300 20.700 10.000 -10.600 20.800 10.000
3 0 12.780 20.290 10.000 13.520 19.990 10.000 13.900 21.900 10.000
3 0 13.900 21.900 10.000 13.100 21.900 10.000 12.780 20.290 10.000
3 0 13.100 21.900 10.000 13.900 21.900 10.000 13.520 23.810 10.000
3 0 13.520 23.810 10.000 12.780 23.510 10.000 13.100 21.900 10.000
3 0 12.780 23.510 10.000 13.520 23.810 10.000 12.440 25.440 10.000
3 0 12.440 25.440 10.000 11.870 24.870 10.000 12.780 23.510 10.000
3 0 11.870 24.870 10.000 12.440 25.440 10.000 10.810 26.520 10.000
3 0 10.810 26.520 10.000 10.510 25.780 10.000 11.870 24.870 10.000
3 0 10.510 25.780 10.000 10.810 26.520 10.000 8.900 26.900 10.000
3 0 8.900 26.900 10.000 8.900 26.100 10.000 10.510 25.780 10.000
3 0 8.900 26.100 10.000 8.900 26.900 10.000 6.990 26.520 10.000
3 0 6.990 26.520 10.000 7.290 25.780 10.000 8.900 26.100 10.000
3 0 7.290 25.780 10.000 6.990 26.520 10.000 5.360 25.440 10.000
3 0 5.360 25.440 10.000 5.930 24.870 10.000 7.290 25.780 10.000
3 0 5.930 24.870 10.000 5.360 25.440 10.000 4.280 23.810 10.000
3 0 4.280 23.810 10.000 5.120 23.610 10.000 5.930 24.870 10.000
3 0 6.990 17.280 10.000 8.900 16.900 10.000 10.510 18.020 10.000
3 0 10.510 18.020 10.000 8.900 17.700 10.000 6.990 17.280 10.000
3 0 8.900 16.900 10.000 10.810 17.280 10.000 11.870 18.930 10.000
3 0 11.870 18.930 10.000 10.510 18.020 10.000 8.900 16.900 10.000
3 0 10.810 17.280 10.000 12.440 18.360 10.000 12.780 20.290 10.000
3 0 12.780 20.290 10.000 11.870 18.930 10.000 10.810 17.280 10.000
3 0 12.440 18.360 10.000 13.520 19.990 10.000 12.780 20.290 10.000
3 0 6.990 17.280 10.000 8.900 17.700 10.000 7.500 18.000 10.000
3 0 4.280 19.990 10.000 5.200 18.600 10.000 5.700 19.200 10.000
3 0 5.700 19.200 10.000 5.020 20.290 10.000 4.280 19.990 10.000
3 0 4.280 19.990 10.000 5.020 20.290 10.000 4.900 21.400 10.000
3 0 4.900 21.400 10.000 4.000 21.600 10.000 4.280 19.990 10.000
3 0 -6.220 20.290 10.000 -5.480 19.990 10.000 -5.100 21.900 10.000
3 0 -5.100 21.900 10.000 -5.900 21.900 10.000 -6.220 20.290 10.000
3 0 -5.900 21.900 10.000 -5.100 21.900 10.000 -5.480 23.810 10.000
3 0 -5.480 23.810 10.000 -6.220 23.510 10.000 -5.900 21.900 10.000
3 0 -6.220 23.510 10.000 -5.480 23.810 10.000 -6.560 25.440 10.000
3 0 -6.560 25.440 10.000 -7.130 24.870 10.000 -6.220 23.510 10.000
3 0 -7.130 24.870 10.000 -6.560 25.440 10.000 -8.189 26.520 10.000
3 0 -8.189 26.520 10.000 -8.490 25.780 10.000 -7.130 24.870 10.000
3 0 -8.490 25.780 10.000 -8.189 26.520 10.000 -10.100 26.900 10.000
3 0 -10.100 26.900 10.000 -10.100 26.100 10.000 -8.490 25.780 10.000
3 0 -10.100 26.100 10.000 -10.100 26.900 10.000 -12.010 26.520 10.000
3 0 -12.010 26.520 10.000 -11.710 25.780 10.000 -10.100 26.100 10.000
3 0 -11.710 25.780 10.000 -12.010 26.520 10.000 -13.640 25.440 10.000
3 0 -13.640 25.440 10.000 -13.070 24.870 10.000 -11.710 25.780 10.000
3 0 -13.070 24.870 10.000 -13.640 25.440 10.000 -14.720 23.810 10.000
3 0 -14.720 23.810 10.000 -13.980 23.510 10.000 -13.070 24.870 10.000
3 0 -13.980 23.510 10.000 -14.720 23.810 10.000 -15.100 21.900 10.000
3 0 -15.100 21.900 10.000 -14.300 21.900 10.000 -13.980 23.510 10.000
3 0 -14.300 21.900 10.000 -15.100 21.900 10.000 -14.720 19.990 10.000
3 0 -14.720 19.990 10.000 -13.980 20.290 10.000 -14.300 21.900 10.000
3 0 -13.980 20.290 10.000 -14.720 19.990 10.000 -13.640 18.360 10.000
3 0 -13.640 18.360 10.000 -13.070 18.930 10.000 -13.980 20.290 10.000
3 0 -13.070 18.930 10.000 -13.640 18.360 10.000 -12.010 17.280 10.000
3 0 -12.010 17.280 10.000 -11.710 18.020 10.000 -13.070 18.930 10.000
3 0 -11.710 18.020 10.000 -12.010 17.280 10.000 -10.100 16.900 10.000
3 0 -10.100 16.900 10.000 -10.100 17.700 10.000 -11.710 18.020 10.000
3 0 -7.130 18.930 10.000 -6.560 18.360 10.000 -5.480 19.990 10.000
3 0 -5.480 19.990 10.000 -6.220 20.290 10.000 -7.130 18.930 10.000
3 0 -6.560 18.360 10.000 -7.130 18.930 10.000 -7.600 18.600 10.000
3 0 -7.600 18.600 10.000 -7.400 17.800 10.000 -6.560 18.360 10.000
3 0 -10.100 16.900 10.000 -9.500 17.000 10.000 -9.700 17.800 10.000
3 0 -9.700 17.800 10.000 -10.100 17.700 10.000 -10.100 16.900 10.000
1 16 0.0000 0.0000 0.0000 1.0000 0.0000 0.0000 0.0000 1.0000 0.0000 0.0000 0.0000 1.0000 s/4864s01.dat
1 16 10.0000 0.0000 0.0000 1.0000 0.0000 0.0000 0.0000 1.0000 0.0000 0.0000 0.0000 1.0000 stud.dat
1 16 -10.0000 0.0000 0.0000 1.0000 0.0000 0.0000 0.0000 1.0000 0.0000 0.0000 0.0000 1.0000 stud.dat
