0 FILE 49661pb01.dat
0 Duckling with Orange Beak Pattern
0 Name:  49661pb01.dat
0 Author:  
0 BL_Item_No 49661pb01
0 BFC CERTIFY CCW
1 16 0.0000 -5.5000 0.0000 1.0000 0.0000 0.0000 0.0000 -1.3750 0.0000 0.0000 0.0000 1.0000 stud4.dat
3 16 0.000 -5.500 8.770 2.502 -5.500 8.340 2.502 -5.500 -8.340
3 16 2.502 -5.500 -8.340 0.000 -5.500 -8.770 0.000 -5.500 8.770
3 16 2.502 -5.500 8.340 4.758 -5.500 7.095 4.758 -5.500 -7.095
3 16 4.758 -5.500 -7.095 2.502 -5.500 -8.340 2.502 -5.500 8.340
3 16 4.758 -5.500 7.095 6.549 -5.500 5.155 6.549 -5.500 -5.155
3 16 6.549 -5.500 -5.155 4.758 -5.500 -7.095 4.758 -5.500 7.095
3 16 6.549 -5.500 5.155 7.699 -5.500 2.710 7.699 -5.500 -2.710
3 16 7.699 -5.500 -2.710 6.549 -5.500 -5.155 6.549 -5.500 5.155
3 16 7.699 -5.500 -2.710 7.699 -5.500 2.710 8.095 -5.500 0.000
3 16 5.006 -17.110 -8.408 7.054 -16.716 -6.182 5.706 -17.763 -4.491
3 16 5.706 -17.763 -4.491 4.070 -17.993 -5.500 5.006 -17.110 -8.408
3 16 5.706 -17.763 -4.491 7.054 -16.716 -6.182 8.732 -16.471 -3.250
3 16 5.706 -17.763 -4.491 8.732 -16.471 -3.250 6.708 -17.663 -2.361
3 16 6.708 -17.663 -2.361 3.527 -18.357 -1.241 3.000 -18.357 -2.361
3 16 3.000 -18.357 -2.361 5.706 -17.763 -4.491 6.708 -17.663 -2.361
3 16 5.756 -16.784 8.050 7.315 -15.196 7.981 6.708 -14.163 10.003
3 16 5.706 -17.663 4.491 5.731 -17.224 6.271 4.146 -17.663 6.182
3 16 5.731 -17.224 6.271 5.756 -16.784 8.050 5.012 -17.428 7.402
3 16 5.012 -17.428 7.402 3.796 -17.975 7.043 4.146 -17.663 6.182
3 16 4.146 -17.663 6.182 5.731 -17.224 6.271 5.012 -17.428 7.402
3 16 1.663 -18.160 5.544 4.146 -17.663 6.182 3.796 -17.975 7.043
3 16 6.708 -14.163 10.003 7.315 -15.196 7.981 8.416 -14.163 8.152
3 16 3.796 -17.975 7.043 1.701 -18.428 6.352 1.663 -18.160 5.544
3 16 0.000 -18.309 5.288 1.663 -18.160 5.544 1.701 -18.428 6.352
3 16 0.000 -18.309 5.288 1.701 -18.428 6.352 0.000 -18.510 6.310
3 16 6.708 -17.663 2.361 5.706 -17.663 4.491 3.000 -18.357 2.361
3 16 3.000 -18.357 2.361 3.527 -18.357 1.241 6.708 -17.663 2.361
3 16 3.527 -18.357 1.241 3.000 -18.357 2.361 0.000 -18.500 0.000
3 16 5.706 -17.663 4.491 4.146 -17.663 6.182 2.180 -18.357 3.250
3 16 2.180 -18.357 3.250 3.000 -18.357 2.361 5.706 -17.663 4.491
3 16 3.000 -18.357 2.361 2.180 -18.357 3.250 0.000 -18.500 0.000
3 16 2.180 -18.357 3.250 1.663 -18.160 5.544 1.146 -18.357 3.821
3 16 2.180 -18.357 3.250 1.146 -18.357 3.821 0.000 -18.500 0.000
3 16 1.146 -18.357 3.821 1.663 -18.160 5.544 0.000 -18.357 4.017
3 16 1.146 -18.357 3.821 0.000 -18.357 4.017 0.000 -18.500 0.000
3 16 0.000 -18.309 5.288 0.000 -18.357 4.017 1.663 -18.160 5.544
3 16 1.663 -18.160 5.544 2.180 -18.357 3.250 4.146 -17.663 6.182
3 16 7.699 -5.500 -2.710 8.095 -5.500 0.000 9.708 -6.710 0.000
3 16 9.708 -6.710 0.000 9.233 -6.710 -3.250 7.699 -5.500 -2.710
3 16 9.708 -6.710 0.000 8.095 -5.500 0.000 7.699 -5.500 2.710
3 16 7.699 -5.500 2.710 9.233 -6.710 3.250 9.708 -6.710 0.000
3 16 6.549 -5.500 5.155 7.854 -6.710 6.182 9.233 -6.710 3.250
3 16 9.233 -6.710 3.250 7.699 -5.500 2.710 6.549 -5.500 5.155
3 16 7.854 -6.710 6.182 6.549 -5.500 5.155 4.758 -5.500 7.095
3 16 4.758 -5.500 7.095 5.706 -6.710 8.509 7.854 -6.710 6.182
3 16 5.706 -6.710 8.509 4.758 -5.500 7.095 2.502 -5.500 8.340
3 16 2.502 -5.500 8.340 3.000 -6.710 10.003 5.706 -6.710 8.509
3 16 5.706 -6.710 8.509 6.708 -9.219 10.003 9.233 -9.219 7.267
3 16 9.233 -9.219 7.267 7.854 -6.710 6.182 5.706 -6.710 8.509
3 16 0.000 -5.500 8.770 0.000 -6.710 10.517 3.000 -6.710 10.003
3 16 3.000 -6.710 10.003 2.502 -5.500 8.340 0.000 -5.500 8.770
3 16 6.708 -9.219 10.003 7.053 -12.000 10.517 9.708 -12.000 7.641
3 16 9.708 -12.000 7.641 9.233 -9.219 7.267 6.708 -9.219 10.003
3 16 6.708 -9.219 10.003 5.706 -6.710 8.509 3.000 -6.710 10.003
3 16 3.000 -6.710 10.003 3.527 -9.219 11.759 6.708 -9.219 10.003
3 16 3.527 -9.219 11.759 3.000 -6.710 10.003 0.000 -6.710 10.517
3 16 0.000 -6.710 10.517 0.000 -9.219 12.364 3.527 -9.219 11.759
3 16 7.053 -12.000 10.517 6.708 -9.219 10.003 3.527 -9.219 11.759
3 16 3.527 -9.219 11.759 3.708 -12.000 12.364 7.053 -12.000 10.517
3 16 0.000 -9.219 12.364 0.000 -12.000 13.000 3.708 -12.000 12.364
3 16 3.708 -12.000 12.364 3.527 -9.219 11.759 0.000 -9.219 12.364
3 16 0.000 -5.500 -8.770 2.502 -5.500 -8.340 3.000 -6.710 -10.003
3 16 3.000 -6.710 -10.003 0.000 -6.710 -10.517 0.000 -5.500 -8.770
3 16 3.527 -9.219 -11.759 0.000 -9.219 -12.364 0.000 -6.710 -10.517
3 16 0.000 -6.710 -10.517 3.000 -6.710 -10.003 3.527 -9.219 -11.759
3 16 2.502 -5.500 -8.340 4.758 -5.500 -7.095 5.706 -6.710 -8.509
3 16 5.706 -6.710 -8.509 3.000 -6.710 -10.003 2.502 -5.500 -8.340
3 16 6.708 -9.219 -10.003 3.527 -9.219 -11.759 3.000 -6.710 -10.003
3 16 3.000 -6.710 -10.003 5.706 -6.710 -8.509 6.708 -9.219 -10.003
3 16 7.854 -6.710 -6.182 5.706 -6.710 -8.509 4.758 -5.500 -7.095
3 16 4.758 -5.500 -7.095 6.549 -5.500 -5.155 7.854 -6.710 -6.182
3 16 9.233 -9.219 -7.267 6.708 -9.219 -10.003 5.706 -6.710 -8.509
3 16 5.706 -6.710 -8.509 7.854 -6.710 -6.182 9.233 -9.219 -7.267
3 16 6.549 -5.500 -5.155 7.699 -5.500 -2.710 9.233 -6.710 -3.250
3 16 9.233 -6.710 -3.250 7.854 -6.710 -6.182 6.549 -5.500 -5.155
3 16 7.854 -6.710 -6.182 9.233 -6.710 -3.250 10.854 -9.219 -3.821
3 16 10.854 -9.219 -3.821 9.233 -9.219 -7.267 7.854 -6.710 -6.182
3 16 3.708 -12.000 -12.364 0.000 -12.000 -13.000 0.000 -9.219 -12.364
3 16 0.000 -9.219 -12.364 3.527 -9.219 -11.759 3.708 -12.000 -12.364
3 16 3.527 -9.219 -11.759 6.708 -9.219 -10.003 7.053 -12.000 -10.517
3 16 7.053 -12.000 -10.517 3.708 -12.000 -12.364 3.527 -9.219 -11.759
3 16 6.708 -9.219 -10.003 9.233 -9.219 -7.267 9.708 -12.000 -7.641
3 16 9.708 -12.000 -7.641 7.053 -12.000 -10.517 6.708 -9.219 -10.003
3 16 9.233 -9.219 -7.267 10.854 -9.219 -3.821 11.413 -12.000 -4.017
3 16 11.413 -12.000 -4.017 9.708 -12.000 -7.641 9.233 -9.219 -7.267
3 16 0.000 -14.936 -12.364 0.000 -12.000 -13.000 3.708 -12.000 -12.364
3 16 3.708 -12.000 -12.364 3.527 -14.936 -11.759 0.000 -14.936 -12.364
3 16 7.053 -12.000 -10.517 6.708 -14.861 -10.003 3.527 -14.936 -11.759
3 16 3.527 -14.936 -11.759 3.708 -12.000 -12.364 7.053 -12.000 -10.517
3 16 9.708 -12.000 -7.641 9.233 -14.745 -7.268 6.708 -14.861 -10.003
3 16 6.708 -14.861 -10.003 7.053 -12.000 -10.517 9.708 -12.000 -7.641
3 16 11.413 -12.000 -4.017 10.855 -14.598 -3.821 9.233 -14.745 -7.268
3 16 9.233 -14.745 -7.268 9.708 -12.000 -7.641 11.413 -12.000 -4.017
3 16 0.000 -17.370 -10.480 0.000 -14.936 -12.364 3.527 -14.936 -11.759
3 16 3.527 -14.936 -11.759 3.000 -17.234 -10.002 0.000 -17.370 -10.480
3 16 5.006 -17.110 -8.408 6.708 -14.861 -10.003 9.233 -14.745 -7.268
3 16 9.233 -14.745 -7.268 7.054 -16.716 -6.182 5.006 -17.110 -8.408
3 16 3.000 -17.234 -10.002 3.527 -14.936 -11.759 6.708 -14.861 -10.003
3 16 6.708 -14.861 -10.003 5.006 -17.110 -8.408 3.000 -17.234 -10.002
3 16 8.732 -16.471 -3.250 7.054 -16.716 -6.182 9.233 -14.745 -7.268
3 16 9.233 -14.745 -7.268 10.855 -14.598 -3.821 8.732 -16.471 -3.250
3 16 10.616 -8.850 3.737 9.233 -6.710 3.250 10.543 -9.219 4.483
3 16 7.854 -6.710 6.182 9.233 -9.219 7.267 10.543 -9.219 4.483
3 16 10.543 -9.219 4.483 9.233 -6.710 3.250 7.854 -6.710 6.182
3 16 10.543 -9.219 4.483 9.233 -9.219 7.267 10.138 -9.876 5.671
3 16 10.138 -9.876 5.671 9.233 -9.219 7.267 9.799 -11.146 7.022
3 16 9.799 -11.146 7.022 9.233 -9.219 7.267 9.708 -12.000 7.641
3 16 9.259 -12.624 7.871 9.708 -12.000 7.641 7.053 -12.000 10.517
3 16 8.416 -14.163 8.152 9.259 -12.624 7.871 7.053 -12.000 10.517
3 16 7.053 -12.000 10.517 6.708 -14.163 10.003 8.416 -14.163 8.152
3 16 6.865 -17.141 4.138 5.706 -17.663 4.491 6.708 -17.663 2.361
3 16 6.865 -17.141 4.138 6.708 -17.663 2.361 7.333 -17.326 2.040
3 16 10.510 -8.290 1.860 10.663 -8.115 0.000 9.708 -6.710 0.000
3 16 9.708 -6.710 0.000 9.233 -6.710 3.250 10.510 -8.290 1.860
3 16 5.731 -17.224 6.271 6.984 -16.599 6.093 5.756 -16.784 8.050
3 16 5.756 -16.784 8.050 6.984 -16.599 6.093 7.315 -15.196 7.981
3 16 6.865 -17.141 4.138 6.984 -16.599 6.093 5.731 -17.224 6.271
3 16 5.731 -17.224 6.271 5.706 -17.663 4.491 6.865 -17.141 4.138
3 16 10.510 -8.290 1.860 9.233 -6.710 3.250 10.616 -8.850 3.737
3 16 3.527 -18.357 -1.241 3.708 -18.357 0.000 0.000 -18.500 0.000
3 16 7.053 -17.663 0.000 6.708 -17.663 2.361 3.527 -18.357 1.241
3 16 3.527 -18.357 1.241 3.708 -18.357 0.000 7.053 -17.663 0.000
3 16 3.708 -18.357 0.000 3.527 -18.357 1.241 0.000 -18.500 0.000
3 16 3.527 -18.357 -1.241 6.708 -17.663 -2.361 7.053 -17.663 0.000
3 16 7.053 -17.663 0.000 3.708 -18.357 0.000 3.527 -18.357 -1.241
3 16 7.053 -17.663 0.000 7.940 -17.146 0.000 7.333 -17.326 2.040
3 16 7.333 -17.326 2.040 6.708 -17.663 2.361 7.053 -17.663 0.000
3 16 6.708 -17.663 -2.361 8.732 -16.471 -3.250 7.940 -17.146 0.000
3 16 6.708 -17.663 -2.361 7.940 -17.146 0.000 7.053 -17.663 0.000
3 16 10.410 -8.290 -2.540 9.233 -6.710 -3.250 9.708 -6.710 0.000
3 16 9.708 -6.710 0.000 10.663 -8.115 0.000 10.410 -8.290 -2.540
3 16 9.233 -6.710 -3.250 10.410 -8.290 -2.540 10.854 -9.219 -3.821
3 16 0.000 -17.370 -10.480 3.000 -17.234 -10.002 1.558 -17.822 -9.260
3 16 1.558 -17.822 -9.260 0.000 -17.822 -9.570 0.000 -17.370 -10.480
3 16 1.558 -17.822 -9.260 3.000 -17.234 -10.002 2.878 -17.822 -8.378
3 16 2.878 -17.822 -8.378 3.000 -17.234 -10.002 5.006 -17.110 -8.408
3 16 3.760 -17.822 -7.058 2.878 -17.822 -8.378 5.006 -17.110 -8.408
3 16 4.070 -17.993 -5.500 3.760 -17.822 -7.058 5.006 -17.110 -8.408
3 16 4.070 -17.993 -5.500 5.706 -17.763 -4.491 3.700 -18.144 -3.967
3 16 3.700 -18.144 -3.967 5.706 -17.763 -4.491 3.000 -18.357 -2.361
3 16 3.700 -18.144 -3.967 3.000 -18.357 -2.361 2.790 -18.347 -2.710
3 16 2.790 -18.347 -2.710 3.000 -18.357 -2.361 1.558 -18.405 -1.740
3 16 0.000 -18.500 0.000 0.000 -18.405 -1.430 1.558 -18.405 -1.740
3 16 1.558 -18.405 -1.740 3.000 -18.357 -2.361 3.527 -18.357 -1.241
3 16 3.527 -18.357 -1.241 0.000 -18.500 0.000 1.558 -18.405 -1.740
3 16 10.855 -14.598 -3.821 11.413 -12.000 -4.017 12.215 -12.000 -0.148
3 16 10.855 -14.598 -3.821 11.413 -14.436 0.000 9.932 -16.115 0.052
3 16 11.407 -9.219 3.758 11.197 -8.886 3.512 11.033 -9.858 5.168
3 16 10.883 -8.114 -0.032 11.630 -9.219 -0.097 10.854 -9.219 -3.821
3 16 11.630 -9.219 -0.097 10.883 -8.114 -0.032 10.895 -8.275 1.627
3 16 11.630 -9.219 -0.097 10.895 -8.275 1.627 11.197 -8.886 3.512
3 16 11.197 -8.886 3.512 11.407 -9.219 3.758 11.630 -9.219 -0.097
3 16 12.215 -12.000 -0.148 11.630 -9.219 -0.097 11.407 -9.219 3.758
3 16 11.407 -9.219 3.758 11.980 -12.000 3.905 12.215 -12.000 -0.148
3 16 11.980 -12.000 3.905 11.407 -9.219 3.758 11.033 -9.858 5.168
3 16 11.033 -9.858 5.168 10.849 -11.124 6.443 11.980 -12.000 3.905
3 16 11.980 -12.000 3.905 10.849 -11.124 6.443 10.574 -12.598 7.259
3 16 10.574 -12.598 7.259 10.092 -14.163 7.333 11.407 -14.163 3.758
3 16 11.407 -14.163 3.758 11.980 -12.000 3.905 10.574 -12.598 7.259
3 16 10.092 -14.163 7.333 10.574 -12.598 7.259 9.897 -14.163 7.585
3 16 8.394 -15.558 7.485 8.624 -16.115 6.372 10.092 -14.163 7.333
3 16 10.092 -14.163 7.333 9.897 -14.163 7.585 8.394 -15.558 7.485
3 16 8.624 -16.115 6.372 8.394 -15.558 7.485 7.750 -16.599 6.359
3 16 8.624 -16.115 6.372 7.750 -16.599 6.359 7.460 -17.141 4.422
3 16 8.624 -16.115 6.372 7.460 -17.141 4.422 9.742 -16.115 3.331
3 16 9.742 -16.115 3.331 7.460 -17.141 4.422 7.744 -17.326 2.291
3 16 9.742 -16.115 3.331 7.744 -17.326 2.291 8.166 -17.141 0.148
3 16 9.742 -16.115 3.331 8.166 -17.141 0.148 9.932 -16.115 0.052
3 16 9.932 -16.115 0.052 8.166 -17.141 0.148 8.732 -16.471 -3.250
3 16 9.932 -16.115 0.052 8.732 -16.471 -3.250 10.855 -14.598 -3.821
3 16 9.932 -16.115 0.052 11.413 -14.436 0.000 11.407 -14.163 3.758
3 16 9.932 -16.115 0.052 11.407 -14.163 3.758 9.742 -16.115 3.331
3 16 10.092 -14.163 7.333 8.624 -16.115 6.372 9.742 -16.115 3.331
3 16 9.742 -16.115 3.331 11.407 -14.163 3.758 10.092 -14.163 7.333
3 16 11.413 -14.436 0.000 12.215 -12.000 -0.148 11.407 -14.163 3.758
3 16 11.407 -14.163 3.758 12.215 -12.000 -0.148 11.980 -12.000 3.905
3 16 12.215 -12.000 -0.148 11.413 -14.436 0.000 10.855 -14.598 -3.821
3 16 11.630 -9.219 -0.097 12.215 -12.000 -0.148 11.413 -12.000 -4.017
3 16 11.413 -12.000 -4.017 10.854 -9.219 -3.821 11.630 -9.219 -0.097
3 16 10.854 -9.219 -3.821 10.410 -8.290 -2.540 10.883 -8.114 -0.032
3 16 10.616 -8.850 3.737 11.197 -8.886 3.512 10.510 -8.290 1.860
3 16 10.510 -8.290 1.860 11.197 -8.886 3.512 10.895 -8.275 1.627
3 16 10.510 -8.290 1.860 10.895 -8.275 1.627 10.883 -8.114 -0.032
3 16 10.510 -8.290 1.860 10.883 -8.114 -0.032 10.663 -8.115 0.000
3 16 10.663 -8.115 0.000 10.883 -8.114 -0.032 10.410 -8.290 -2.540
3 16 11.197 -8.886 3.512 10.616 -8.850 3.737 10.543 -9.219 4.483
3 16 11.197 -8.886 3.512 10.543 -9.219 4.483 11.033 -9.858 5.168
3 16 11.033 -9.858 5.168 10.543 -9.219 4.483 10.138 -9.876 5.671
3 16 11.033 -9.858 5.168 10.138 -9.876 5.671 10.849 -11.124 6.443
3 16 10.849 -11.124 6.443 10.138 -9.876 5.671 9.799 -11.146 7.022
3 16 10.849 -11.124 6.443 9.799 -11.146 7.022 9.708 -12.000 7.641
3 16 9.708 -12.000 7.641 10.574 -12.598 7.259 10.849 -11.124 6.443
3 16 10.574 -12.598 7.259 9.708 -12.000 7.641 9.259 -12.624 7.871
3 16 10.574 -12.598 7.259 9.259 -12.624 7.871 9.897 -14.163 7.585
3 16 9.897 -14.163 7.585 9.259 -12.624 7.871 8.416 -14.163 8.152
3 16 9.897 -14.163 7.585 8.416 -14.163 8.152 8.394 -15.558 7.485
3 16 8.394 -15.558 7.485 7.315 -15.196 7.981 7.750 -16.599 6.359
3 16 7.750 -16.599 6.359 7.315 -15.196 7.981 6.984 -16.599 6.093
3 16 7.750 -16.599 6.359 6.984 -16.599 6.093 7.460 -17.141 4.422
3 16 7.460 -17.141 4.422 6.984 -16.599 6.093 6.865 -17.141 4.138
3 16 6.865 -17.141 4.138 7.333 -17.326 2.040 7.744 -17.326 2.291
3 16 7.744 -17.326 2.291 7.460 -17.141 4.422 6.865 -17.141 4.138
3 16 7.744 -17.326 2.291 7.333 -17.326 2.040 8.166 -17.141 0.148
3 16 8.166 -17.141 0.148 7.333 -17.326 2.040 7.940 -17.146 0.000
3 16 8.166 -17.141 0.148 7.940 -17.146 0.000 8.732 -16.471 -3.250
3 16 8.394 -15.558 7.485 8.416 -14.163 8.152 7.315 -15.196 7.981
3 16 0.000 -15.930 12.390 1.082 -15.482 12.390 0.000 -14.400 12.750
3 16 4.850 -16.409 10.190 3.530 -14.594 11.733 2.609 -17.009 11.370
3 16 2.609 -17.009 11.370 3.712 -18.112 10.190 4.850 -16.409 10.190
3 16 1.082 -15.482 12.390 2.609 -17.009 11.370 3.530 -14.594 11.733
3 16 5.081 -17.795 8.050 5.756 -16.784 8.050 5.645 -16.738 8.990
3 16 4.320 -18.720 8.990 4.405 -18.805 8.050 5.081 -17.795 8.050
3 16 5.081 -17.795 8.050 5.645 -16.738 8.990 4.320 -18.720 8.990
3 16 4.320 -18.720 8.990 5.645 -16.738 8.990 4.850 -16.409 10.190
3 16 4.850 -16.409 10.190 3.712 -18.112 10.190 4.320 -18.720 8.990
3 16 2.338 -20.045 8.990 4.320 -18.720 8.990 3.712 -18.112 10.190
3 16 3.712 -18.112 10.190 2.009 -19.250 10.190 2.338 -20.045 8.990
3 16 2.009 -19.250 10.190 3.712 -18.112 10.190 2.609 -17.009 11.370
3 16 2.609 -17.009 11.370 1.412 -17.809 11.370 2.009 -19.250 10.190
3 16 2.384 -20.156 8.050 2.185 -19.675 7.570 4.038 -18.438 7.570
3 16 4.038 -18.438 7.570 4.405 -18.805 8.050 2.384 -20.156 8.050
3 16 2.338 -20.045 8.990 2.384 -20.156 8.050 4.405 -18.805 8.050
3 16 4.405 -18.805 8.050 4.320 -18.720 8.990 2.338 -20.045 8.990
3 16 1.412 -17.809 11.370 2.609 -17.009 11.370 1.082 -15.482 12.390
3 16 1.082 -15.482 12.390 0.000 -15.930 12.390 1.412 -17.809 11.370
3 16 0.000 -20.630 8.050 0.000 -20.110 7.570 2.185 -19.675 7.570
3 16 2.185 -19.675 7.570 2.384 -20.156 8.050 0.000 -20.630 8.050
3 16 0.000 -20.510 8.990 0.000 -20.630 8.050 2.384 -20.156 8.050
3 16 2.384 -20.156 8.050 2.338 -20.045 8.990 0.000 -20.510 8.990
3 16 0.000 -19.350 7.210 0.000 -18.510 6.310 1.701 -18.428 6.352
3 16 1.701 -18.428 6.352 1.894 -18.973 7.210 0.000 -19.350 7.210
3 16 0.000 -20.110 7.570 0.000 -19.350 7.210 1.894 -18.973 7.210
3 16 1.894 -18.973 7.210 2.185 -19.675 7.570 0.000 -20.110 7.570
3 16 0.000 -15.930 12.390 0.000 -18.090 11.370 1.412 -17.809 11.370
3 16 0.000 -20.510 8.990 2.338 -20.045 8.990 2.009 -19.250 10.190
3 16 2.009 -19.250 10.190 0.000 -19.650 10.190 0.000 -20.510 8.990
3 16 0.000 -19.650 10.190 2.009 -19.250 10.190 1.412 -17.809 11.370
3 16 1.412 -17.809 11.370 0.000 -18.090 11.370 0.000 -19.650 10.190
3 16 0.000 -14.400 12.750 1.082 -15.482 12.390 3.708 -12.000 12.364
3 16 3.708 -12.000 12.364 0.000 -12.000 13.000 0.000 -14.400 12.750
3 16 3.530 -14.594 11.733 3.708 -12.000 12.364 1.082 -15.482 12.390
3 16 6.708 -14.163 10.003 3.530 -14.594 11.733 4.850 -16.409 10.190
3 16 3.530 -14.594 11.733 6.708 -14.163 10.003 3.708 -12.000 12.364
3 16 3.708 -12.000 12.364 6.708 -14.163 10.003 7.053 -12.000 10.517
3 16 4.850 -16.409 10.190 5.645 -16.738 8.990 6.708 -14.163 10.003
3 16 5.012 -17.428 7.402 5.756 -16.784 8.050 5.081 -17.795 8.050
3 16 3.796 -17.975 7.043 5.012 -17.428 7.402 4.038 -18.438 7.570
3 16 4.038 -18.438 7.570 2.185 -19.675 7.570 1.894 -18.973 7.210
3 16 3.796 -17.975 7.043 1.894 -18.973 7.210 1.701 -18.428 6.352
3 16 6.708 -14.163 10.003 5.645 -16.738 8.990 5.756 -16.784 8.050
3 16 4.038 -18.438 7.570 5.012 -17.428 7.402 5.081 -17.795 8.050
3 16 5.081 -17.795 8.050 4.405 -18.805 8.050 4.038 -18.438 7.570
3 16 1.894 -18.973 7.210 3.796 -17.975 7.043 4.038 -18.438 7.570
3 16 0.000 -19.395 -1.430 0.000 -20.050 -0.550 1.894 -20.050 -0.927
3 16 1.894 -20.050 -0.927 1.558 -19.378 -1.740 0.000 -19.395 -1.430
3 16 0.000 -25.000 1.500 0.000 -27.679 0.967 2.475 -27.679 0.475
3 16 2.475 -27.679 0.475 2.679 -25.000 0.967 0.000 -25.000 1.500
3 16 0.000 -27.679 0.967 0.000 -29.950 -0.550 1.894 -29.950 -0.927
3 16 1.894 -29.950 -0.927 2.475 -27.679 0.475 0.000 -27.679 0.967
3 16 1.025 -31.467 -3.025 0.000 -31.467 -2.821 0.000 -32.000 -5.500
3 16 1.894 -20.050 -0.927 2.475 -22.321 0.475 4.573 -22.321 -0.927
3 16 4.573 -22.321 -0.927 3.500 -20.050 -2.000 1.894 -20.050 -0.927
3 16 4.573 -27.679 -0.927 4.950 -25.000 -0.550 2.679 -25.000 0.967
3 16 2.679 -25.000 0.967 2.475 -27.679 0.475 4.573 -27.679 -0.927
3 16 1.894 -29.950 -0.927 1.025 -31.467 -3.025 1.894 -31.467 -3.606
3 16 1.894 -31.467 -3.606 3.500 -29.950 -2.000 1.894 -29.950 -0.927
3 16 1.894 -31.467 -3.606 1.025 -31.467 -3.025 0.000 -32.000 -5.500
3 16 3.500 -20.050 -2.000 4.573 -22.321 -0.927 5.975 -22.321 -3.025
3 16 5.975 -22.321 -3.025 4.573 -20.050 -3.606 3.500 -20.050 -2.000
3 16 4.950 -25.000 -0.550 4.573 -27.679 -0.927 5.975 -27.679 -3.025
3 16 5.975 -27.679 -3.025 6.467 -25.000 -2.821 4.950 -25.000 -0.550
3 16 3.500 -29.950 -2.000 1.894 -31.467 -3.606 2.475 -31.467 -4.475
3 16 2.475 -31.467 -4.475 4.573 -29.950 -3.606 3.500 -29.950 -2.000
3 16 2.475 -31.467 -4.475 1.894 -31.467 -3.606 0.000 -32.000 -5.500
3 16 3.760 -19.378 -3.943 4.573 -20.050 -3.606 4.950 -20.050 -5.500
3 16 4.950 -20.050 -5.500 4.070 -19.378 -5.500 3.760 -19.378 -3.943
3 16 7.000 -25.000 -5.500 6.467 -22.321 -5.500 5.975 -22.321 -3.025
3 16 5.975 -22.321 -3.025 6.467 -25.000 -2.821 7.000 -25.000 -5.500
3 16 5.975 -27.679 -3.025 4.573 -29.950 -3.606 4.950 -29.950 -5.500
3 16 4.950 -29.950 -5.500 6.467 -27.679 -5.500 5.975 -27.679 -3.025
3 16 2.679 -31.467 -5.500 2.475 -31.467 -4.475 0.000 -32.000 -5.500
3 16 0.000 -25.000 1.500 2.679 -25.000 0.967 2.475 -22.321 0.475
3 16 2.475 -22.321 0.475 0.000 -22.321 0.967 0.000 -25.000 1.500
3 16 1.894 -20.050 -0.927 0.000 -20.050 -0.550 0.000 -22.321 0.967
3 16 0.000 -22.321 0.967 2.475 -22.321 0.475 1.894 -20.050 -0.927
3 16 4.573 -22.321 -0.927 2.475 -22.321 0.475 2.679 -25.000 0.967
3 16 2.679 -25.000 0.967 4.950 -25.000 -0.550 4.573 -22.321 -0.927
3 16 1.894 -29.950 -0.927 3.500 -29.950 -2.000 4.573 -27.679 -0.927
3 16 4.573 -27.679 -0.927 2.475 -27.679 0.475 1.894 -29.950 -0.927
3 16 1.894 -29.950 -0.927 0.000 -29.950 -0.550 0.000 -31.467 -2.821
3 16 0.000 -31.467 -2.821 1.025 -31.467 -3.025 1.894 -29.950 -0.927
3 16 5.975 -22.321 -3.025 4.573 -22.321 -0.927 4.950 -25.000 -0.550
3 16 4.950 -25.000 -0.550 6.467 -25.000 -2.821 5.975 -22.321 -3.025
3 16 1.894 -20.050 -0.927 3.500 -20.050 -2.000 2.878 -19.378 -2.622
3 16 2.878 -19.378 -2.622 1.558 -19.378 -1.740 1.894 -20.050 -0.927
3 16 5.975 -27.679 -3.025 4.573 -27.679 -0.927 3.500 -29.950 -2.000
3 16 3.500 -29.950 -2.000 4.573 -29.950 -3.606 5.975 -27.679 -3.025
3 16 3.760 -19.378 -3.943 2.878 -19.378 -2.622 3.500 -20.050 -2.000
3 16 3.500 -20.050 -2.000 4.573 -20.050 -3.606 3.760 -19.378 -3.943
3 16 5.975 -27.679 -3.025 6.467 -27.679 -5.500 7.000 -25.000 -5.500
3 16 7.000 -25.000 -5.500 6.467 -25.000 -2.821 5.975 -27.679 -3.025
3 16 5.975 -22.321 -3.025 6.467 -22.321 -5.500 4.950 -20.050 -5.500
3 16 4.950 -20.050 -5.500 4.573 -20.050 -3.606 5.975 -22.321 -3.025
3 16 2.475 -31.467 -4.475 2.679 -31.467 -5.500 4.950 -29.950 -5.500
3 16 4.950 -29.950 -5.500 4.573 -29.950 -3.606 2.475 -31.467 -4.475
3 16 0.000 -19.378 -9.570 1.558 -19.378 -9.260 1.894 -20.050 -10.073
3 16 1.894 -20.050 -10.073 0.000 -20.050 -10.450 0.000 -19.378 -9.570
3 16 0.000 -31.467 -8.179 1.025 -31.467 -7.975 0.000 -32.000 -5.500
3 16 1.894 -29.950 -10.073 3.500 -29.950 -9.000 1.894 -31.467 -7.394
3 16 1.894 -31.467 -7.394 1.025 -31.467 -7.975 1.894 -29.950 -10.073
3 16 1.025 -31.467 -7.975 1.894 -31.467 -7.394 0.000 -32.000 -5.500
3 16 3.500 -29.950 -9.000 4.573 -29.950 -7.394 2.475 -31.467 -6.525
3 16 2.475 -31.467 -6.525 1.894 -31.467 -7.394 3.500 -29.950 -9.000
3 16 1.894 -31.467 -7.394 2.475 -31.467 -6.525 0.000 -32.000 -5.500
3 16 3.760 -19.378 -7.058 4.070 -19.378 -5.500 4.950 -20.050 -5.500
3 16 4.950 -20.050 -5.500 4.573 -20.050 -7.394 3.760 -19.378 -7.058
3 16 7.000 -25.000 -5.500 6.467 -25.000 -8.179 5.975 -22.321 -7.975
3 16 5.975 -22.321 -7.975 6.467 -22.321 -5.500 7.000 -25.000 -5.500
3 16 5.975 -27.679 -7.975 6.467 -27.679 -5.500 4.950 -29.950 -5.500
3 16 4.950 -29.950 -5.500 4.573 -29.950 -7.394 5.975 -27.679 -7.975
3 16 2.475 -31.467 -6.525 2.679 -31.467 -5.500 0.000 -32.000 -5.500
3 16 1.894 -29.950 -10.073 1.025 -31.467 -7.975 0.000 -31.467 -8.179
3 16 0.000 -31.467 -8.179 0.000 -29.950 -10.450 1.894 -29.950 -10.073
3 16 1.894 -20.050 -10.073 1.558 -19.378 -9.260 2.878 -19.378 -8.378
3 16 2.878 -19.378 -8.378 3.500 -20.050 -9.000 1.894 -20.050 -10.073
3 16 3.760 -19.378 -7.058 4.573 -20.050 -7.394 3.500 -20.050 -9.000
3 16 3.500 -20.050 -9.000 2.878 -19.378 -8.378 3.760 -19.378 -7.058
3 16 5.975 -27.679 -7.975 6.467 -25.000 -8.179 7.000 -25.000 -5.500
3 16 7.000 -25.000 -5.500 6.467 -27.679 -5.500 5.975 -27.679 -7.975
3 16 5.975 -22.321 -7.975 4.573 -20.050 -7.394 4.950 -20.050 -5.500
3 16 4.950 -20.050 -5.500 6.467 -22.321 -5.500 5.975 -22.321 -7.975
3 16 2.475 -31.467 -6.525 4.573 -29.950 -7.394 4.950 -29.950 -5.500
3 16 4.950 -29.950 -5.500 2.679 -31.467 -5.500 2.475 -31.467 -6.525
3 16 0.000 -18.900 -1.807 0.000 -19.395 -1.430 1.558 -19.378 -1.740
3 16 2.334 -20.893 -10.443 1.894 -20.050 -10.073 3.500 -20.050 -9.000
3 16 3.500 -20.050 -9.000 3.525 -21.220 -9.905 2.334 -20.893 -10.443
3 16 4.367 -21.885 -9.867 3.525 -21.220 -9.905 3.500 -20.050 -9.000
3 16 1.123 -20.632 -10.615 1.894 -20.050 -10.073 2.334 -20.893 -10.443
3 16 1.123 -20.632 -10.615 0.000 -20.622 -10.831 0.000 -20.050 -10.450
3 16 1.123 -20.632 -10.615 0.000 -20.050 -10.450 1.894 -20.050 -10.073
3 16 4.367 -21.885 -9.867 3.500 -20.050 -9.000 4.573 -20.050 -7.394
3 16 4.573 -20.050 -7.394 4.854 -22.321 -9.653 4.367 -21.885 -9.867
3 16 4.854 -22.321 -9.653 4.573 -20.050 -7.394 5.975 -22.321 -7.975
3 16 4.950 -25.000 -10.450 4.752 -23.595 -10.252 5.021 -23.500 -9.816
3 16 6.467 -25.000 -8.179 5.021 -23.500 -9.816 5.200 -23.000 -9.380
3 16 6.467 -25.000 -8.179 5.200 -23.000 -9.380 5.975 -22.321 -7.975
3 16 5.975 -22.321 -7.975 5.200 -23.000 -9.380 4.854 -22.321 -9.653
3 16 4.950 -25.000 -10.450 5.021 -23.500 -9.816 6.467 -25.000 -8.179
3 16 0.000 -18.600 -9.193 1.413 -18.600 -8.912 1.558 -19.378 -9.260
3 16 1.558 -19.378 -9.260 0.000 -19.378 -9.570 0.000 -18.600 -9.193
3 16 2.878 -19.378 -8.378 1.558 -19.378 -9.260 1.413 -18.600 -8.912
3 16 1.413 -18.600 -8.912 2.611 -18.600 -8.111 2.878 -19.378 -8.378
3 16 2.878 -19.378 -8.378 2.611 -18.600 -8.111 3.412 -18.600 -6.913
3 16 3.412 -18.600 -6.913 3.760 -19.378 -7.058 2.878 -19.378 -8.378
3 16 4.070 -19.378 -5.500 3.760 -19.378 -7.058 3.412 -18.600 -6.913
3 16 3.412 -18.600 -6.913 3.693 -18.700 -5.500 4.070 -19.378 -5.500
3 16 3.693 -18.700 -5.500 3.412 -18.700 -4.087 3.760 -19.378 -3.943
3 16 3.760 -19.378 -3.943 4.070 -19.378 -5.500 3.693 -18.700 -5.500
3 16 3.760 -19.378 -3.943 3.412 -18.700 -4.087 2.611 -18.750 -2.889
3 16 2.611 -18.750 -2.889 2.878 -19.378 -2.622 3.760 -19.378 -3.943
3 16 2.878 -19.378 -2.622 2.611 -18.750 -2.889 1.413 -18.850 -2.088
3 16 1.413 -18.850 -2.088 1.558 -19.378 -1.740 2.878 -19.378 -2.622
3 16 3.760 -17.822 -7.058 4.070 -17.993 -5.500 3.412 -18.600 -6.913
3 16 3.412 -18.600 -6.913 2.611 -18.600 -8.111 2.878 -17.822 -8.378
3 16 2.878 -17.822 -8.378 3.760 -17.822 -7.058 3.412 -18.600 -6.913
3 16 0.000 -17.822 -9.570 1.558 -17.822 -9.260 1.413 -18.600 -8.912
3 16 1.413 -18.600 -8.912 0.000 -18.600 -9.193 0.000 -17.822 -9.570
3 16 2.878 -17.822 -8.378 2.611 -18.600 -8.111 1.413 -18.600 -8.912
3 16 1.413 -18.600 -8.912 1.558 -17.822 -9.260 2.878 -17.822 -8.378
3 16 4.070 -17.993 -5.500 3.693 -18.700 -5.500 3.412 -18.600 -6.913
3 16 1.413 -18.850 -2.088 2.611 -18.750 -2.889 2.790 -18.347 -2.710
3 16 3.412 -18.700 -4.087 3.700 -18.144 -3.967 2.611 -18.750 -2.889
3 16 2.790 -18.347 -2.710 1.558 -18.405 -1.740 1.413 -18.850 -2.088
3 16 2.611 -18.750 -2.889 3.700 -18.144 -3.967 2.790 -18.347 -2.710
3 16 3.693 -18.700 -5.500 4.070 -17.993 -5.500 3.412 -18.700 -4.087
3 16 3.412 -18.700 -4.087 4.070 -17.993 -5.500 3.700 -18.144 -3.967
3 16 1.413 -18.850 -2.088 1.558 -18.405 -1.740 0.000 -18.405 -1.430
3 16 0.000 -18.405 -1.430 0.000 -18.900 -1.807 1.413 -18.850 -2.088
3 16 0.000 -18.900 -1.807 1.558 -19.378 -1.740 1.413 -18.850 -2.088
2 24 4.758 -5.500 -7.095 6.549 -5.500 -5.155
2 24 4.758 -5.500 -7.095 2.502 -5.500 -8.340
2 24 7.699 -5.500 -2.710 6.549 -5.500 -5.155
2 24 0.000 -5.500 -8.770 2.502 -5.500 -8.340
2 24 4.758 -5.500 7.095 2.502 -5.500 8.340
2 24 0.000 -5.500 8.770 2.502 -5.500 8.340
2 24 7.699 -5.500 2.710 6.549 -5.500 5.155
2 24 6.549 -5.500 5.155 4.758 -5.500 7.095
2 24 8.095 -5.500 0.000 7.699 -5.500 2.710
2 24 7.699 -5.500 -2.710 8.095 -5.500 0.000
2 24 9.897 -14.163 7.585 8.394 -15.558 7.485
2 24 8.394 -15.558 7.485 7.750 -16.599 6.359
2 24 7.460 -17.141 4.422 7.750 -16.599 6.359
2 24 7.460 -17.141 4.422 7.744 -17.326 2.291
2 24 7.744 -17.326 2.291 8.166 -17.141 0.148
2 24 8.166 -17.141 0.148 8.732 -16.471 -3.250
2 24 7.315 -15.196 7.981 6.984 -16.599 6.093
2 24 8.416 -14.163 8.152 9.259 -12.624 7.871
2 24 9.259 -12.624 7.871 9.708 -12.000 7.641
2 24 9.708 -12.000 7.641 9.799 -11.146 7.022
2 24 7.315 -15.196 7.981 8.416 -14.163 8.152
2 24 6.865 -17.141 4.138 6.984 -16.599 6.093
2 24 7.333 -17.326 2.040 6.865 -17.141 4.138
2 24 7.940 -17.146 0.000 7.333 -17.326 2.040
2 24 8.732 -16.471 -3.250 7.940 -17.146 0.000
2 24 10.895 -8.275 1.627 11.197 -8.886 3.512
2 24 11.197 -8.886 3.512 11.033 -9.858 5.168
2 24 11.033 -9.858 5.168 10.849 -11.124 6.443
2 24 10.849 -11.124 6.443 10.574 -12.598 7.259
2 24 10.574 -12.598 7.259 9.897 -14.163 7.585
2 24 9.799 -11.146 7.022 10.138 -9.876 5.671
2 24 10.138 -9.876 5.671 10.543 -9.219 4.483
2 24 10.543 -9.219 4.483 10.616 -8.850 3.737
2 24 10.616 -8.850 3.737 10.510 -8.290 1.860
2 24 10.883 -8.114 -0.032 10.410 -8.290 -2.540
2 24 10.883 -8.114 -0.032 10.895 -8.275 1.627
2 24 10.410 -8.290 -2.540 10.663 -8.115 0.000
2 24 10.510 -8.290 1.860 10.663 -8.115 0.000
3 16 -2.502 -5.500 -8.340 -2.502 -5.500 8.340 0.000 -5.500 8.770
3 16 0.000 -5.500 8.770 0.000 -5.500 -8.770 -2.502 -5.500 -8.340
3 16 -4.758 -5.500 -7.095 -4.758 -5.500 7.095 -2.502 -5.500 8.340
3 16 -2.502 -5.500 8.340 -2.502 -5.500 -8.340 -4.758 -5.500 -7.095
3 16 -6.549 -5.500 -5.155 -6.549 -5.500 5.155 -4.758 -5.500 7.095
3 16 -4.758 -5.500 7.095 -4.758 -5.500 -7.095 -6.549 -5.500 -5.155
3 16 -7.699 -5.500 -2.710 -7.699 -5.500 2.710 -6.549 -5.500 5.155
3 16 -6.549 -5.500 5.155 -6.549 -5.500 -5.155 -7.699 -5.500 -2.710
3 16 -8.095 -5.500 0.000 -7.699 -5.500 2.710 -7.699 -5.500 -2.710
3 16 -5.706 -17.763 -4.491 -7.054 -16.716 -6.182 -5.006 -17.110 -8.408
3 16 -5.006 -17.110 -8.408 -4.070 -17.993 -5.500 -5.706 -17.763 -4.491
3 16 -8.732 -16.471 -3.250 -7.054 -16.716 -6.182 -5.706 -17.763 -4.491
3 16 -6.708 -17.663 -2.361 -8.732 -16.471 -3.250 -5.706 -17.763 -4.491
3 16 -3.000 -18.357 -2.361 -3.527 -18.357 -1.241 -6.708 -17.663 -2.361
3 16 -6.708 -17.663 -2.361 -5.706 -17.763 -4.491 -3.000 -18.357 -2.361
3 16 -6.708 -14.163 10.003 -7.315 -15.196 7.981 -5.756 -16.784 8.050
3 16 -4.146 -17.663 6.182 -5.731 -17.224 6.271 -5.706 -17.663 4.491
3 16 -5.012 -17.428 7.402 -5.756 -16.784 8.050 -5.731 -17.224 6.271
3 16 -4.146 -17.663 6.182 -3.796 -17.975 7.043 -5.012 -17.428 7.402
3 16 -5.012 -17.428 7.402 -5.731 -17.224 6.271 -4.146 -17.663 6.182
3 16 -3.796 -17.975 7.043 -4.146 -17.663 6.182 -1.663 -18.160 5.544
3 16 -8.416 -14.163 8.152 -7.315 -15.196 7.981 -6.708 -14.163 10.003
3 16 -1.663 -18.160 5.544 -1.701 -18.428 6.352 -3.796 -17.975 7.043
3 16 -1.701 -18.428 6.352 -1.663 -18.160 5.544 0.000 -18.309 5.288
3 16 0.000 -18.510 6.310 -1.701 -18.428 6.352 0.000 -18.309 5.288
3 16 -3.000 -18.357 2.361 -5.706 -17.663 4.491 -6.708 -17.663 2.361
3 16 -6.708 -17.663 2.361 -3.527 -18.357 1.241 -3.000 -18.357 2.361
3 16 0.000 -18.500 0.000 -3.000 -18.357 2.361 -3.527 -18.357 1.241
3 16 -2.180 -18.357 3.250 -4.146 -17.663 6.182 -5.706 -17.663 4.491
3 16 -5.706 -17.663 4.491 -3.000 -18.357 2.361 -2.180 -18.357 3.250
3 16 0.000 -18.500 0.000 -2.180 -18.357 3.250 -3.000 -18.357 2.361
3 16 -1.146 -18.357 3.821 -1.663 -18.160 5.544 -2.180 -18.357 3.250
3 16 0.000 -18.500 0.000 -1.146 -18.357 3.821 -2.180 -18.357 3.250
3 16 0.000 -18.357 4.017 -1.663 -18.160 5.544 -1.146 -18.357 3.821
3 16 0.000 -18.500 0.000 0.000 -18.357 4.017 -1.146 -18.357 3.821
3 16 -1.663 -18.160 5.544 0.000 -18.357 4.017 0.000 -18.309 5.288
3 16 -4.146 -17.663 6.182 -2.180 -18.357 3.250 -1.663 -18.160 5.544
3 16 -9.708 -6.710 0.000 -8.095 -5.500 0.000 -7.699 -5.500 -2.710
3 16 -7.699 -5.500 -2.710 -9.233 -6.710 -3.250 -9.708 -6.710 0.000
3 16 -7.699 -5.500 2.710 -8.095 -5.500 0.000 -9.708 -6.710 0.000
3 16 -9.708 -6.710 0.000 -9.233 -6.710 3.250 -7.699 -5.500 2.710
3 16 -9.233 -6.710 3.250 -7.854 -6.710 6.182 -6.549 -5.500 5.155
3 16 -6.549 -5.500 5.155 -7.699 -5.500 2.710 -9.233 -6.710 3.250
3 16 -4.758 -5.500 7.095 -6.549 -5.500 5.155 -7.854 -6.710 6.182
3 16 -7.854 -6.710 6.182 -5.706 -6.710 8.509 -4.758 -5.500 7.095
3 16 -2.502 -5.500 8.340 -4.758 -5.500 7.095 -5.706 -6.710 8.509
3 16 -5.706 -6.710 8.509 -3.000 -6.710 10.003 -2.502 -5.500 8.340
3 16 -9.233 -9.219 7.267 -6.708 -9.219 10.003 -5.706 -6.710 8.509
3 16 -5.706 -6.710 8.509 -7.854 -6.710 6.182 -9.233 -9.219 7.267
3 16 -3.000 -6.710 10.003 0.000 -6.710 10.517 0.000 -5.500 8.770
3 16 0.000 -5.500 8.770 -2.502 -5.500 8.340 -3.000 -6.710 10.003
3 16 -9.708 -12.000 7.641 -7.053 -12.000 10.517 -6.708 -9.219 10.003
3 16 -6.708 -9.219 10.003 -9.233 -9.219 7.267 -9.708 -12.000 7.641
3 16 -3.000 -6.710 10.003 -5.706 -6.710 8.509 -6.708 -9.219 10.003
3 16 -6.708 -9.219 10.003 -3.527 -9.219 11.759 -3.000 -6.710 10.003
3 16 0.000 -6.710 10.517 -3.000 -6.710 10.003 -3.527 -9.219 11.759
3 16 -3.527 -9.219 11.759 0.000 -9.219 12.364 0.000 -6.710 10.517
3 16 -3.527 -9.219 11.759 -6.708 -9.219 10.003 -7.053 -12.000 10.517
3 16 -7.053 -12.000 10.517 -3.708 -12.000 12.364 -3.527 -9.219 11.759
3 16 -3.708 -12.000 12.364 0.000 -12.000 13.000 0.000 -9.219 12.364
3 16 0.000 -9.219 12.364 -3.527 -9.219 11.759 -3.708 -12.000 12.364
3 16 -3.000 -6.710 -10.003 -2.502 -5.500 -8.340 0.000 -5.500 -8.770
3 16 0.000 -5.500 -8.770 0.000 -6.710 -10.517 -3.000 -6.710 -10.003
3 16 0.000 -6.710 -10.517 0.000 -9.219 -12.364 -3.527 -9.219 -11.759
3 16 -3.527 -9.219 -11.759 -3.000 -6.710 -10.003 0.000 -6.710 -10.517
3 16 -5.706 -6.710 -8.509 -4.758 -5.500 -7.095 -2.502 -5.500 -8.340
3 16 -2.502 -5.500 -8.340 -3.000 -6.710 -10.003 -5.706 -6.710 -8.509
3 16 -3.000 -6.710 -10.003 -3.527 -9.219 -11.759 -6.708 -9.219 -10.003
3 16 -6.708 -9.219 -10.003 -5.706 -6.710 -8.509 -3.000 -6.710 -10.003
3 16 -4.758 -5.500 -7.095 -5.706 -6.710 -8.509 -7.854 -6.710 -6.182
3 16 -7.854 -6.710 -6.182 -6.549 -5.500 -5.155 -4.758 -5.500 -7.095
3 16 -5.706 -6.710 -8.509 -6.708 -9.219 -10.003 -9.233 -9.219 -7.267
3 16 -9.233 -9.219 -7.267 -7.854 -6.710 -6.182 -5.706 -6.710 -8.509
3 16 -9.233 -6.710 -3.250 -7.699 -5.500 -2.710 -6.549 -5.500 -5.155
3 16 -6.549 -5.500 -5.155 -7.854 -6.710 -6.182 -9.233 -6.710 -3.250
3 16 -10.854 -9.219 -3.821 -9.233 -6.710 -3.250 -7.854 -6.710 -6.182
3 16 -7.854 -6.710 -6.182 -9.233 -9.219 -7.267 -10.854 -9.219 -3.821
3 16 0.000 -9.219 -12.364 0.000 -12.000 -13.000 -3.708 -12.000 -12.364
3 16 -3.708 -12.000 -12.364 -3.527 -9.219 -11.759 0.000 -9.219 -12.364
3 16 -7.053 -12.000 -10.517 -6.708 -9.219 -10.003 -3.527 -9.219 -11.759
3 16 -3.527 -9.219 -11.759 -3.708 -12.000 -12.364 -7.053 -12.000 -10.517
3 16 -9.708 -12.000 -7.641 -9.233 -9.219 -7.267 -6.708 -9.219 -10.003
3 16 -6.708 -9.219 -10.003 -7.053 -12.000 -10.517 -9.708 -12.000 -7.641
3 16 -11.413 -12.000 -4.017 -10.854 -9.219 -3.821 -9.233 -9.219 -7.267
3 16 -9.233 -9.219 -7.267 -9.708 -12.000 -7.641 -11.413 -12.000 -4.017
3 16 -3.708 -12.000 -12.364 0.000 -12.000 -13.000 0.000 -14.936 -12.364
3 16 0.000 -14.936 -12.364 -3.527 -14.936 -11.759 -3.708 -12.000 -12.364
3 16 -3.527 -14.936 -11.759 -6.708 -14.861 -10.003 -7.053 -12.000 -10.517
3 16 -7.053 -12.000 -10.517 -3.708 -12.000 -12.364 -3.527 -14.936 -11.759
3 16 -6.708 -14.861 -10.003 -9.233 -14.745 -7.268 -9.708 -12.000 -7.641
3 16 -9.708 -12.000 -7.641 -7.053 -12.000 -10.517 -6.708 -14.861 -10.003
3 16 -9.233 -14.745 -7.268 -10.855 -14.598 -3.821 -11.413 -12.000 -4.017
3 16 -11.413 -12.000 -4.017 -9.708 -12.000 -7.641 -9.233 -14.745 -7.268
3 16 -3.527 -14.936 -11.759 0.000 -14.936 -12.364 0.000 -17.370 -10.480
3 16 0.000 -17.370 -10.480 -3.000 -17.234 -10.002 -3.527 -14.936 -11.759
3 16 -9.233 -14.745 -7.268 -6.708 -14.861 -10.003 -5.006 -17.110 -8.408
3 16 -5.006 -17.110 -8.408 -7.054 -16.716 -6.182 -9.233 -14.745 -7.268
3 16 -6.708 -14.861 -10.003 -3.527 -14.936 -11.759 -3.000 -17.234 -10.002
3 16 -3.000 -17.234 -10.002 -5.006 -17.110 -8.408 -6.708 -14.861 -10.003
3 16 -9.233 -14.745 -7.268 -7.054 -16.716 -6.182 -8.732 -16.471 -3.250
3 16 -8.732 -16.471 -3.250 -10.855 -14.598 -3.821 -9.233 -14.745 -7.268
3 16 -10.543 -9.219 4.483 -9.233 -6.710 3.250 -10.616 -8.850 3.737
3 16 -10.543 -9.219 4.483 -9.233 -9.219 7.267 -7.854 -6.710 6.182
3 16 -7.854 -6.710 6.182 -9.233 -6.710 3.250 -10.543 -9.219 4.483
3 16 -10.138 -9.876 5.671 -9.233 -9.219 7.267 -10.543 -9.219 4.483
3 16 -9.799 -11.146 7.022 -9.233 -9.219 7.267 -10.138 -9.876 5.671
3 16 -9.708 -12.000 7.641 -9.233 -9.219 7.267 -9.799 -11.146 7.022
3 16 -7.053 -12.000 10.517 -9.708 -12.000 7.641 -9.259 -12.624 7.871
3 16 -7.053 -12.000 10.517 -9.259 -12.624 7.871 -8.416 -14.163 8.152
3 16 -8.416 -14.163 8.152 -6.708 -14.163 10.003 -7.053 -12.000 10.517
3 16 -6.708 -17.663 2.361 -5.706 -17.663 4.491 -6.865 -17.141 4.138
3 16 -7.333 -17.326 2.040 -6.708 -17.663 2.361 -6.865 -17.141 4.138
3 16 -9.708 -6.710 0.000 -10.663 -8.115 0.000 -10.510 -8.290 1.860
3 16 -10.510 -8.290 1.860 -9.233 -6.710 3.250 -9.708 -6.710 0.000
3 16 -5.756 -16.784 8.050 -6.984 -16.599 6.093 -5.731 -17.224 6.271
3 16 -7.315 -15.196 7.981 -6.984 -16.599 6.093 -5.756 -16.784 8.050
3 16 -5.731 -17.224 6.271 -6.984 -16.599 6.093 -6.865 -17.141 4.138
3 16 -6.865 -17.141 4.138 -5.706 -17.663 4.491 -5.731 -17.224 6.271
3 16 -10.616 -8.850 3.737 -9.233 -6.710 3.250 -10.510 -8.290 1.860
3 16 0.000 -18.500 0.000 -3.708 -18.357 0.000 -3.527 -18.357 -1.241
3 16 -3.527 -18.357 1.241 -6.708 -17.663 2.361 -7.053 -17.663 0.000
3 16 -7.053 -17.663 0.000 -3.708 -18.357 0.000 -3.527 -18.357 1.241
3 16 0.000 -18.500 0.000 -3.527 -18.357 1.241 -3.708 -18.357 0.000
3 16 -7.053 -17.663 0.000 -6.708 -17.663 -2.361 -3.527 -18.357 -1.241
3 16 -3.527 -18.357 -1.241 -3.708 -18.357 0.000 -7.053 -17.663 0.000
3 16 -7.333 -17.326 2.040 -7.940 -17.146 0.000 -7.053 -17.663 0.000
3 16 -7.053 -17.663 0.000 -6.708 -17.663 2.361 -7.333 -17.326 2.040
3 16 -7.940 -17.146 0.000 -8.732 -16.471 -3.250 -6.708 -17.663 -2.361
3 16 -7.053 -17.663 0.000 -7.940 -17.146 0.000 -6.708 -17.663 -2.361
3 16 -9.708 -6.710 0.000 -9.233 -6.710 -3.250 -10.410 -8.290 -2.540
3 16 -10.410 -8.290 -2.540 -10.663 -8.115 0.000 -9.708 -6.710 0.000
3 16 -10.854 -9.219 -3.821 -10.410 -8.290 -2.540 -9.233 -6.710 -3.250
3 16 -1.558 -17.822 -9.260 -3.000 -17.234 -10.002 0.000 -17.370 -10.480
3 16 0.000 -17.370 -10.480 0.000 -17.822 -9.570 -1.558 -17.822 -9.260
3 16 -2.878 -17.822 -8.378 -3.000 -17.234 -10.002 -1.558 -17.822 -9.260
3 16 -5.006 -17.110 -8.408 -3.000 -17.234 -10.002 -2.878 -17.822 -8.378
3 16 -5.006 -17.110 -8.408 -2.878 -17.822 -8.378 -3.760 -17.822 -7.058
3 16 -5.006 -17.110 -8.408 -3.760 -17.822 -7.058 -4.070 -17.993 -5.500
3 16 -3.700 -18.144 -3.967 -5.706 -17.763 -4.491 -4.070 -17.993 -5.500
3 16 -3.000 -18.357 -2.361 -5.706 -17.763 -4.491 -3.700 -18.144 -3.967
3 16 -2.790 -18.347 -2.710 -3.000 -18.357 -2.361 -3.700 -18.144 -3.967
3 16 -1.558 -18.405 -1.740 -3.000 -18.357 -2.361 -2.790 -18.347 -2.710
3 16 -1.558 -18.405 -1.740 0.000 -18.405 -1.430 0.000 -18.500 0.000
3 16 -3.527 -18.357 -1.241 -3.000 -18.357 -2.361 -1.558 -18.405 -1.740
3 16 -1.558 -18.405 -1.740 0.000 -18.500 0.000 -3.527 -18.357 -1.241
3 16 -12.215 -12.000 -0.148 -11.413 -12.000 -4.017 -10.855 -14.598 -3.821
3 16 -9.932 -16.115 0.052 -11.413 -14.436 0.000 -10.855 -14.598 -3.821
3 16 -11.033 -9.858 5.168 -11.197 -8.886 3.512 -11.407 -9.219 3.758
3 16 -10.854 -9.219 -3.821 -11.630 -9.219 -0.097 -10.883 -8.114 -0.032
3 16 -10.895 -8.275 1.627 -10.883 -8.114 -0.032 -11.630 -9.219 -0.097
3 16 -11.197 -8.886 3.512 -10.895 -8.275 1.627 -11.630 -9.219 -0.097
3 16 -11.630 -9.219 -0.097 -11.407 -9.219 3.758 -11.197 -8.886 3.512
3 16 -11.407 -9.219 3.758 -11.630 -9.219 -0.097 -12.215 -12.000 -0.148
3 16 -12.215 -12.000 -0.148 -11.980 -12.000 3.905 -11.407 -9.219 3.758
3 16 -11.033 -9.858 5.168 -11.407 -9.219 3.758 -11.980 -12.000 3.905
3 16 -11.980 -12.000 3.905 -10.849 -11.124 6.443 -11.033 -9.858 5.168
3 16 -10.574 -12.598 7.259 -10.849 -11.124 6.443 -11.980 -12.000 3.905
3 16 -11.407 -14.163 3.758 -10.092 -14.163 7.333 -10.574 -12.598 7.259
3 16 -10.574 -12.598 7.259 -11.980 -12.000 3.905 -11.407 -14.163 3.758
3 16 -9.897 -14.163 7.585 -10.574 -12.598 7.259 -10.092 -14.163 7.333
3 16 -10.092 -14.163 7.333 -8.624 -16.115 6.372 -8.394 -15.558 7.485
3 16 -8.394 -15.558 7.485 -9.897 -14.163 7.585 -10.092 -14.163 7.333
3 16 -7.750 -16.599 6.359 -8.394 -15.558 7.485 -8.624 -16.115 6.372
3 16 -7.460 -17.141 4.422 -7.750 -16.599 6.359 -8.624 -16.115 6.372
3 16 -9.742 -16.115 3.331 -7.460 -17.141 4.422 -8.624 -16.115 6.372
3 16 -7.744 -17.326 2.291 -7.460 -17.141 4.422 -9.742 -16.115 3.331
3 16 -8.166 -17.141 0.148 -7.744 -17.326 2.291 -9.742 -16.115 3.331
3 16 -9.932 -16.115 0.052 -8.166 -17.141 0.148 -9.742 -16.115 3.331
3 16 -8.732 -16.471 -3.250 -8.166 -17.141 0.148 -9.932 -16.115 0.052
3 16 -10.855 -14.598 -3.821 -8.732 -16.471 -3.250 -9.932 -16.115 0.052
3 16 -11.407 -14.163 3.758 -11.413 -14.436 0.000 -9.932 -16.115 0.052
3 16 -9.742 -16.115 3.331 -11.407 -14.163 3.758 -9.932 -16.115 0.052
3 16 -9.742 -16.115 3.331 -8.624 -16.115 6.372 -10.092 -14.163 7.333
3 16 -10.092 -14.163 7.333 -11.407 -14.163 3.758 -9.742 -16.115 3.331
3 16 -11.407 -14.163 3.758 -12.215 -12.000 -0.148 -11.413 -14.436 0.000
3 16 -11.980 -12.000 3.905 -12.215 -12.000 -0.148 -11.407 -14.163 3.758
3 16 -10.855 -14.598 -3.821 -11.413 -14.436 0.000 -12.215 -12.000 -0.148
3 16 -11.413 -12.000 -4.017 -12.215 -12.000 -0.148 -11.630 -9.219 -0.097
3 16 -11.630 -9.219 -0.097 -10.854 -9.219 -3.821 -11.413 -12.000 -4.017
3 16 -10.883 -8.114 -0.032 -10.410 -8.290 -2.540 -10.854 -9.219 -3.821
3 16 -10.510 -8.290 1.860 -11.197 -8.886 3.512 -10.616 -8.850 3.737
3 16 -10.895 -8.275 1.627 -11.197 -8.886 3.512 -10.510 -8.290 1.860
3 16 -10.883 -8.114 -0.032 -10.895 -8.275 1.627 -10.510 -8.290 1.860
3 16 -10.663 -8.115 0.000 -10.883 -8.114 -0.032 -10.510 -8.290 1.860
3 16 -10.410 -8.290 -2.540 -10.883 -8.114 -0.032 -10.663 -8.115 0.000
3 16 -10.543 -9.219 4.483 -10.616 -8.850 3.737 -11.197 -8.886 3.512
3 16 -11.033 -9.858 5.168 -10.543 -9.219 4.483 -11.197 -8.886 3.512
3 16 -10.138 -9.876 5.671 -10.543 -9.219 4.483 -11.033 -9.858 5.168
3 16 -10.849 -11.124 6.443 -10.138 -9.876 5.671 -11.033 -9.858 5.168
3 16 -9.799 -11.146 7.022 -10.138 -9.876 5.671 -10.849 -11.124 6.443
3 16 -9.708 -12.000 7.641 -9.799 -11.146 7.022 -10.849 -11.124 6.443
3 16 -10.849 -11.124 6.443 -10.574 -12.598 7.259 -9.708 -12.000 7.641
3 16 -9.259 -12.624 7.871 -9.708 -12.000 7.641 -10.574 -12.598 7.259
3 16 -9.897 -14.163 7.585 -9.259 -12.624 7.871 -10.574 -12.598 7.259
3 16 -8.416 -14.163 8.152 -9.259 -12.624 7.871 -9.897 -14.163 7.585
3 16 -8.394 -15.558 7.485 -8.416 -14.163 8.152 -9.897 -14.163 7.585
3 16 -7.750 -16.599 6.359 -7.315 -15.196 7.981 -8.394 -15.558 7.485
3 16 -6.984 -16.599 6.093 -7.315 -15.196 7.981 -7.750 -16.599 6.359
3 16 -7.460 -17.141 4.422 -6.984 -16.599 6.093 -7.750 -16.599 6.359
3 16 -6.865 -17.141 4.138 -6.984 -16.599 6.093 -7.460 -17.141 4.422
3 16 -7.744 -17.326 2.291 -7.333 -17.326 2.040 -6.865 -17.141 4.138
3 16 -6.865 -17.141 4.138 -7.460 -17.141 4.422 -7.744 -17.326 2.291
3 16 -8.166 -17.141 0.148 -7.333 -17.326 2.040 -7.744 -17.326 2.291
3 16 -7.940 -17.146 0.000 -7.333 -17.326 2.040 -8.166 -17.141 0.148
3 16 -8.732 -16.471 -3.250 -7.940 -17.146 0.000 -8.166 -17.141 0.148
3 16 -7.315 -15.196 7.981 -8.416 -14.163 8.152 -8.394 -15.558 7.485
3 16 0.000 -14.400 12.750 -1.082 -15.482 12.390 0.000 -15.930 12.390
3 16 -2.609 -17.009 11.370 -3.530 -14.594 11.733 -4.850 -16.409 10.190
3 16 -4.850 -16.409 10.190 -3.712 -18.112 10.190 -2.609 -17.009 11.370
3 16 -3.530 -14.594 11.733 -2.609 -17.009 11.370 -1.082 -15.482 12.390
3 16 -5.645 -16.738 8.990 -5.756 -16.784 8.050 -5.081 -17.795 8.050
3 16 -5.081 -17.795 8.050 -4.405 -18.805 8.050 -4.320 -18.720 8.990
3 16 -4.320 -18.720 8.990 -5.645 -16.738 8.990 -5.081 -17.795 8.050
3 16 -4.850 -16.409 10.190 -5.645 -16.738 8.990 -4.320 -18.720 8.990
3 16 -4.320 -18.720 8.990 -3.712 -18.112 10.190 -4.850 -16.409 10.190
3 16 -3.712 -18.112 10.190 -4.320 -18.720 8.990 -2.338 -20.045 8.990
3 16 -2.338 -20.045 8.990 -2.009 -19.250 10.190 -3.712 -18.112 10.190
3 16 -2.609 -17.009 11.370 -3.712 -18.112 10.190 -2.009 -19.250 10.190
3 16 -2.009 -19.250 10.190 -1.412 -17.809 11.370 -2.609 -17.009 11.370
3 16 -4.038 -18.438 7.570 -2.185 -19.675 7.570 -2.384 -20.156 8.050
3 16 -2.384 -20.156 8.050 -4.405 -18.805 8.050 -4.038 -18.438 7.570
3 16 -4.405 -18.805 8.050 -2.384 -20.156 8.050 -2.338 -20.045 8.990
3 16 -2.338 -20.045 8.990 -4.320 -18.720 8.990 -4.405 -18.805 8.050
3 16 -1.082 -15.482 12.390 -2.609 -17.009 11.370 -1.412 -17.809 11.370
3 16 -1.412 -17.809 11.370 0.000 -15.930 12.390 -1.082 -15.482 12.390
3 16 -2.185 -19.675 7.570 0.000 -20.110 7.570 0.000 -20.630 8.050
3 16 0.000 -20.630 8.050 -2.384 -20.156 8.050 -2.185 -19.675 7.570
3 16 -2.384 -20.156 8.050 0.000 -20.630 8.050 0.000 -20.510 8.990
3 16 0.000 -20.510 8.990 -2.338 -20.045 8.990 -2.384 -20.156 8.050
3 16 -1.701 -18.428 6.352 0.000 -18.510 6.310 0.000 -19.350 7.210
3 16 0.000 -19.350 7.210 -1.894 -18.973 7.210 -1.701 -18.428 6.352
3 16 -1.894 -18.973 7.210 0.000 -19.350 7.210 0.000 -20.110 7.570
3 16 0.000 -20.110 7.570 -2.185 -19.675 7.570 -1.894 -18.973 7.210
3 16 -1.412 -17.809 11.370 0.000 -18.090 11.370 0.000 -15.930 12.390
3 16 -2.009 -19.250 10.190 -2.338 -20.045 8.990 0.000 -20.510 8.990
3 16 0.000 -20.510 8.990 0.000 -19.650 10.190 -2.009 -19.250 10.190
3 16 -1.412 -17.809 11.370 -2.009 -19.250 10.190 0.000 -19.650 10.190
3 16 0.000 -19.650 10.190 0.000 -18.090 11.370 -1.412 -17.809 11.370
3 16 -3.708 -12.000 12.364 -1.082 -15.482 12.390 0.000 -14.400 12.750
3 16 0.000 -14.400 12.750 0.000 -12.000 13.000 -3.708 -12.000 12.364
3 16 -1.082 -15.482 12.390 -3.708 -12.000 12.364 -3.530 -14.594 11.733
3 16 -4.850 -16.409 10.190 -3.530 -14.594 11.733 -6.708 -14.163 10.003
3 16 -3.708 -12.000 12.364 -6.708 -14.163 10.003 -3.530 -14.594 11.733
3 16 -7.053 -12.000 10.517 -6.708 -14.163 10.003 -3.708 -12.000 12.364
3 16 -6.708 -14.163 10.003 -5.645 -16.738 8.990 -4.850 -16.409 10.190
3 16 -5.081 -17.795 8.050 -5.756 -16.784 8.050 -5.012 -17.428 7.402
3 16 -4.038 -18.438 7.570 -5.012 -17.428 7.402 -3.796 -17.975 7.043
3 16 -1.894 -18.973 7.210 -2.185 -19.675 7.570 -4.038 -18.438 7.570
3 16 -1.701 -18.428 6.352 -1.894 -18.973 7.210 -3.796 -17.975 7.043
3 16 -5.756 -16.784 8.050 -5.645 -16.738 8.990 -6.708 -14.163 10.003
3 16 -5.081 -17.795 8.050 -5.012 -17.428 7.402 -4.038 -18.438 7.570
3 16 -4.038 -18.438 7.570 -4.405 -18.805 8.050 -5.081 -17.795 8.050
3 16 -4.038 -18.438 7.570 -3.796 -17.975 7.043 -1.894 -18.973 7.210
3 16 -1.894 -20.050 -0.927 0.000 -20.050 -0.550 0.000 -19.395 -1.430
3 16 0.000 -19.395 -1.430 -1.558 -19.378 -1.740 -1.894 -20.050 -0.927
3 16 -2.475 -27.679 0.475 0.000 -27.679 0.967 0.000 -25.000 1.500
3 16 0.000 -25.000 1.500 -2.679 -25.000 0.967 -2.475 -27.679 0.475
3 16 -1.894 -29.950 -0.927 0.000 -29.950 -0.550 0.000 -27.679 0.967
3 16 0.000 -27.679 0.967 -2.475 -27.679 0.475 -1.894 -29.950 -0.927
3 16 0.000 -32.000 -5.500 0.000 -31.467 -2.821 -1.025 -31.467 -3.025
3 16 -4.573 -22.321 -0.927 -2.475 -22.321 0.475 -1.894 -20.050 -0.927
3 16 -1.894 -20.050 -0.927 -3.500 -20.050 -2.000 -4.573 -22.321 -0.927
3 16 -2.679 -25.000 0.967 -4.950 -25.000 -0.550 -4.573 -27.679 -0.927
3 16 -4.573 -27.679 -0.927 -2.475 -27.679 0.475 -2.679 -25.000 0.967
3 16 -1.894 -31.467 -3.606 -1.025 -31.467 -3.025 -1.894 -29.950 -0.927
3 16 -1.894 -29.950 -0.927 -3.500 -29.950 -2.000 -1.894 -31.467 -3.606
3 16 0.000 -32.000 -5.500 -1.025 -31.467 -3.025 -1.894 -31.467 -3.606
3 16 -5.975 -22.321 -3.025 -4.573 -22.321 -0.927 -3.500 -20.050 -2.000
3 16 -3.500 -20.050 -2.000 -4.573 -20.050 -3.606 -5.975 -22.321 -3.025
3 16 -5.975 -27.679 -3.025 -4.573 -27.679 -0.927 -4.950 -25.000 -0.550
3 16 -4.950 -25.000 -0.550 -6.467 -25.000 -2.821 -5.975 -27.679 -3.025
3 16 -2.475 -31.467 -4.475 -1.894 -31.467 -3.606 -3.500 -29.950 -2.000
3 16 -3.500 -29.950 -2.000 -4.573 -29.950 -3.606 -2.475 -31.467 -4.475
3 16 0.000 -32.000 -5.500 -1.894 -31.467 -3.606 -2.475 -31.467 -4.475
3 16 -4.950 -20.050 -5.500 -4.573 -20.050 -3.606 -3.760 -19.378 -3.943
3 16 -3.760 -19.378 -3.943 -4.070 -19.378 -5.500 -4.950 -20.050 -5.500
3 16 -5.975 -22.321 -3.025 -6.467 -22.321 -5.500 -7.000 -25.000 -5.500
3 16 -7.000 -25.000 -5.500 -6.467 -25.000 -2.821 -5.975 -22.321 -3.025
3 16 -4.950 -29.950 -5.500 -4.573 -29.950 -3.606 -5.975 -27.679 -3.025
3 16 -5.975 -27.679 -3.025 -6.467 -27.679 -5.500 -4.950 -29.950 -5.500
3 16 0.000 -32.000 -5.500 -2.475 -31.467 -4.475 -2.679 -31.467 -5.500
3 16 -2.475 -22.321 0.475 -2.679 -25.000 0.967 0.000 -25.000 1.500
3 16 0.000 -25.000 1.500 0.000 -22.321 0.967 -2.475 -22.321 0.475
3 16 0.000 -22.321 0.967 0.000 -20.050 -0.550 -1.894 -20.050 -0.927
3 16 -1.894 -20.050 -0.927 -2.475 -22.321 0.475 0.000 -22.321 0.967
3 16 -2.679 -25.000 0.967 -2.475 -22.321 0.475 -4.573 -22.321 -0.927
3 16 -4.573 -22.321 -0.927 -4.950 -25.000 -0.550 -2.679 -25.000 0.967
3 16 -4.573 -27.679 -0.927 -3.500 -29.950 -2.000 -1.894 -29.950 -0.927
3 16 -1.894 -29.950 -0.927 -2.475 -27.679 0.475 -4.573 -27.679 -0.927
3 16 0.000 -31.467 -2.821 0.000 -29.950 -0.550 -1.894 -29.950 -0.927
3 16 -1.894 -29.950 -0.927 -1.025 -31.467 -3.025 0.000 -31.467 -2.821
3 16 -4.950 -25.000 -0.550 -4.573 -22.321 -0.927 -5.975 -22.321 -3.025
3 16 -5.975 -22.321 -3.025 -6.467 -25.000 -2.821 -4.950 -25.000 -0.550
3 16 -2.878 -19.378 -2.622 -3.500 -20.050 -2.000 -1.894 -20.050 -0.927
3 16 -1.894 -20.050 -0.927 -1.558 -19.378 -1.740 -2.878 -19.378 -2.622
3 16 -3.500 -29.950 -2.000 -4.573 -27.679 -0.927 -5.975 -27.679 -3.025
3 16 -5.975 -27.679 -3.025 -4.573 -29.950 -3.606 -3.500 -29.950 -2.000
3 16 -3.500 -20.050 -2.000 -2.878 -19.378 -2.622 -3.760 -19.378 -3.943
3 16 -3.760 -19.378 -3.943 -4.573 -20.050 -3.606 -3.500 -20.050 -2.000
3 16 -7.000 -25.000 -5.500 -6.467 -27.679 -5.500 -5.975 -27.679 -3.025
3 16 -5.975 -27.679 -3.025 -6.467 -25.000 -2.821 -7.000 -25.000 -5.500
3 16 -4.950 -20.050 -5.500 -6.467 -22.321 -5.500 -5.975 -22.321 -3.025
3 16 -5.975 -22.321 -3.025 -4.573 -20.050 -3.606 -4.950 -20.050 -5.500
3 16 -4.950 -29.950 -5.500 -2.679 -31.467 -5.500 -2.475 -31.467 -4.475
3 16 -2.475 -31.467 -4.475 -4.573 -29.950 -3.606 -4.950 -29.950 -5.500
3 16 -1.894 -20.050 -10.073 -1.558 -19.378 -9.260 0.000 -19.378 -9.570
3 16 0.000 -19.378 -9.570 0.000 -20.050 -10.450 -1.894 -20.050 -10.073
3 16 0.000 -32.000 -5.500 -1.025 -31.467 -7.975 0.000 -31.467 -8.179
3 16 -1.894 -31.467 -7.394 -3.500 -29.950 -9.000 -1.894 -29.950 -10.073
3 16 -1.894 -29.950 -10.073 -1.025 -31.467 -7.975 -1.894 -31.467 -7.394
3 16 0.000 -32.000 -5.500 -1.894 -31.467 -7.394 -1.025 -31.467 -7.975
3 16 -2.475 -31.467 -6.525 -4.573 -29.950 -7.394 -3.500 -29.950 -9.000
3 16 -3.500 -29.950 -9.000 -1.894 -31.467 -7.394 -2.475 -31.467 -6.525
3 16 0.000 -32.000 -5.500 -2.475 -31.467 -6.525 -1.894 -31.467 -7.394
3 16 -4.950 -20.050 -5.500 -4.070 -19.378 -5.500 -3.760 -19.378 -7.058
3 16 -3.760 -19.378 -7.058 -4.573 -20.050 -7.394 -4.950 -20.050 -5.500
3 16 -5.975 -22.321 -7.975 -6.467 -25.000 -8.179 -7.000 -25.000 -5.500
3 16 -7.000 -25.000 -5.500 -6.467 -22.321 -5.500 -5.975 -22.321 -7.975
3 16 -4.950 -29.950 -5.500 -6.467 -27.679 -5.500 -5.975 -27.679 -7.975
3 16 -5.975 -27.679 -7.975 -4.573 -29.950 -7.394 -4.950 -29.950 -5.500
3 16 0.000 -32.000 -5.500 -2.679 -31.467 -5.500 -2.475 -31.467 -6.525
3 16 0.000 -31.467 -8.179 -1.025 -31.467 -7.975 -1.894 -29.950 -10.073
3 16 -1.894 -29.950 -10.073 0.000 -29.950 -10.450 0.000 -31.467 -8.179
3 16 -2.878 -19.378 -8.378 -1.558 -19.378 -9.260 -1.894 -20.050 -10.073
3 16 -1.894 -20.050 -10.073 -3.500 -20.050 -9.000 -2.878 -19.378 -8.378
3 16 -3.500 -20.050 -9.000 -4.573 -20.050 -7.394 -3.760 -19.378 -7.058
3 16 -3.760 -19.378 -7.058 -2.878 -19.378 -8.378 -3.500 -20.050 -9.000
3 16 -7.000 -25.000 -5.500 -6.467 -25.000 -8.179 -5.975 -27.679 -7.975
3 16 -5.975 -27.679 -7.975 -6.467 -27.679 -5.500 -7.000 -25.000 -5.500
3 16 -4.950 -20.050 -5.500 -4.573 -20.050 -7.394 -5.975 -22.321 -7.975
3 16 -5.975 -22.321 -7.975 -6.467 -22.321 -5.500 -4.950 -20.050 -5.500
3 16 -4.950 -29.950 -5.500 -4.573 -29.950 -7.394 -2.475 -31.467 -6.525
3 16 -2.475 -31.467 -6.525 -2.679 -31.467 -5.500 -4.950 -29.950 -5.500
3 16 -1.558 -19.378 -1.740 0.000 -19.395 -1.430 0.000 -18.900 -1.807
3 16 -3.500 -20.050 -9.000 -1.894 -20.050 -10.073 -2.334 -20.893 -10.443
3 16 -2.334 -20.893 -10.443 -3.525 -21.220 -9.905 -3.500 -20.050 -9.000
3 16 -3.500 -20.050 -9.000 -3.525 -21.220 -9.905 -4.367 -21.885 -9.867
3 16 -2.334 -20.893 -10.443 -1.894 -20.050 -10.073 -1.123 -20.632 -10.615
3 16 0.000 -20.050 -10.450 0.000 -20.622 -10.831 -1.123 -20.632 -10.615
3 16 -1.894 -20.050 -10.073 0.000 -20.050 -10.450 -1.123 -20.632 -10.615
3 16 -4.573 -20.050 -7.394 -3.500 -20.050 -9.000 -4.367 -21.885 -9.867
3 16 -4.367 -21.885 -9.867 -4.854 -22.321 -9.653 -4.573 -20.050 -7.394
3 16 -5.975 -22.321 -7.975 -4.573 -20.050 -7.394 -4.854 -22.321 -9.653
3 16 -5.021 -23.500 -9.816 -4.752 -23.595 -10.252 -4.950 -25.000 -10.450
3 16 -5.200 -23.000 -9.380 -5.021 -23.500 -9.816 -6.467 -25.000 -8.179
3 16 -5.975 -22.321 -7.975 -5.200 -23.000 -9.380 -6.467 -25.000 -8.179
3 16 -4.854 -22.321 -9.653 -5.200 -23.000 -9.380 -5.975 -22.321 -7.975
3 16 -6.467 -25.000 -8.179 -5.021 -23.500 -9.816 -4.950 -25.000 -10.450
3 16 -1.558 -19.378 -9.260 -1.413 -18.600 -8.912 0.000 -18.600 -9.193
3 16 0.000 -18.600 -9.193 0.000 -19.378 -9.570 -1.558 -19.378 -9.260
3 16 -1.413 -18.600 -8.912 -1.558 -19.378 -9.260 -2.878 -19.378 -8.378
3 16 -2.878 -19.378 -8.378 -2.611 -18.600 -8.111 -1.413 -18.600 -8.912
3 16 -3.412 -18.600 -6.913 -2.611 -18.600 -8.111 -2.878 -19.378 -8.378
3 16 -2.878 -19.378 -8.378 -3.760 -19.378 -7.058 -3.412 -18.600 -6.913
3 16 -3.412 -18.600 -6.913 -3.760 -19.378 -7.058 -4.070 -19.378 -5.500
3 16 -4.070 -19.378 -5.500 -3.693 -18.700 -5.500 -3.412 -18.600 -6.913
3 16 -3.760 -19.378 -3.943 -3.412 -18.700 -4.087 -3.693 -18.700 -5.500
3 16 -3.693 -18.700 -5.500 -4.070 -19.378 -5.500 -3.760 -19.378 -3.943
3 16 -2.611 -18.750 -2.889 -3.412 -18.700 -4.087 -3.760 -19.378 -3.943
3 16 -3.760 -19.378 -3.943 -2.878 -19.378 -2.622 -2.611 -18.750 -2.889
3 16 -1.413 -18.850 -2.088 -2.611 -18.750 -2.889 -2.878 -19.378 -2.622
3 16 -2.878 -19.378 -2.622 -1.558 -19.378 -1.740 -1.413 -18.850 -2.088
3 16 -3.412 -18.600 -6.913 -4.070 -17.993 -5.500 -3.760 -17.822 -7.058
3 16 -2.878 -17.822 -8.378 -2.611 -18.600 -8.111 -3.412 -18.600 -6.913
3 16 -3.412 -18.600 -6.913 -3.760 -17.822 -7.058 -2.878 -17.822 -8.378
3 16 -1.413 -18.600 -8.912 -1.558 -17.822 -9.260 0.000 -17.822 -9.570
3 16 0.000 -17.822 -9.570 0.000 -18.600 -9.193 -1.413 -18.600 -8.912
3 16 -1.413 -18.600 -8.912 -2.611 -18.600 -8.111 -2.878 -17.822 -8.378
3 16 -2.878 -17.822 -8.378 -1.558 -17.822 -9.260 -1.413 -18.600 -8.912
3 16 -3.412 -18.600 -6.913 -3.693 -18.700 -5.500 -4.070 -17.993 -5.500
3 16 -2.790 -18.347 -2.710 -2.611 -18.750 -2.889 -1.413 -18.850 -2.088
3 16 -2.611 -18.750 -2.889 -3.700 -18.144 -3.967 -3.412 -18.700 -4.087
3 16 -1.413 -18.850 -2.088 -1.558 -18.405 -1.740 -2.790 -18.347 -2.710
3 16 -2.790 -18.347 -2.710 -3.700 -18.144 -3.967 -2.611 -18.750 -2.889
3 16 -3.412 -18.700 -4.087 -4.070 -17.993 -5.500 -3.693 -18.700 -5.500
3 16 -3.700 -18.144 -3.967 -4.070 -17.993 -5.500 -3.412 -18.700 -4.087
3 16 0.000 -18.405 -1.430 -1.558 -18.405 -1.740 -1.413 -18.850 -2.088
3 16 -1.413 -18.850 -2.088 0.000 -18.900 -1.807 0.000 -18.405 -1.430
3 16 -1.413 -18.850 -2.088 -1.558 -19.378 -1.740 0.000 -18.900 -1.807
2 24 -4.758 -5.500 -7.095 -6.549 -5.500 -5.155
2 24 -4.758 -5.500 -7.095 -2.502 -5.500 -8.340
2 24 -7.699 -5.500 -2.710 -6.549 -5.500 -5.155
2 24 0.000 -5.500 -8.770 -2.502 -5.500 -8.340
2 24 -4.758 -5.500 7.095 -2.502 -5.500 8.340
2 24 0.000 -5.500 8.770 -2.502 -5.500 8.340
2 24 -7.699 -5.500 2.710 -6.549 -5.500 5.155
2 24 -6.549 -5.500 5.155 -4.758 -5.500 7.095
2 24 -8.095 -5.500 0.000 -7.699 -5.500 2.710
2 24 -7.699 -5.500 -2.710 -8.095 -5.500 0.000
2 24 -9.897 -14.163 7.585 -8.394 -15.558 7.485
2 24 -8.394 -15.558 7.485 -7.750 -16.599 6.359
2 24 -7.460 -17.141 4.422 -7.750 -16.599 6.359
2 24 -7.460 -17.141 4.422 -7.744 -17.326 2.291
2 24 -7.744 -17.326 2.291 -8.166 -17.141 0.148
2 24 -8.166 -17.141 0.148 -8.732 -16.471 -3.250
2 24 -7.315 -15.196 7.981 -6.984 -16.599 6.093
2 24 -8.416 -14.163 8.152 -9.259 -12.624 7.871
2 24 -9.259 -12.624 7.871 -9.708 -12.000 7.641
2 24 -9.708 -12.000 7.641 -9.799 -11.146 7.022
2 24 -7.315 -15.196 7.981 -8.416 -14.163 8.152
2 24 -6.865 -17.141 4.138 -6.984 -16.599 6.093
2 24 -7.333 -17.326 2.040 -6.865 -17.141 4.138
2 24 -7.940 -17.146 0.000 -7.333 -17.326 2.040
2 24 -8.732 -16.471 -3.250 -7.940 -17.146 0.000
2 24 -10.895 -8.275 1.627 -11.197 -8.886 3.512
2 24 -11.197 -8.886 3.512 -11.033 -9.858 5.168
2 24 -11.033 -9.858 5.168 -10.849 -11.124 6.443
2 24 -10.849 -11.124 6.443 -10.574 -12.598 7.259
2 24 -10.574 -12.598 7.259 -9.897 -14.163 7.585
2 24 -9.799 -11.146 7.022 -10.138 -9.876 5.671
2 24 -10.138 -9.876 5.671 -10.543 -9.219 4.483
2 24 -10.543 -9.219 4.483 -10.616 -8.850 3.737
2 24 -10.616 -8.850 3.737 -10.510 -8.290 1.860
2 24 -10.883 -8.114 -0.032 -10.410 -8.290 -2.540
2 24 -10.883 -8.114 -0.032 -10.895 -8.275 1.627
2 24 -10.410 -8.290 -2.540 -10.663 -8.115 0.000
2 24 -10.510 -8.290 1.860 -10.663 -8.115 0.000
3 16 0.000 -27.679 -11.967 2.475 -27.679 -11.475 1.894 -29.950 -10.073
3 16 1.894 -29.950 -10.073 0.000 -29.950 -10.450 0.000 -27.679 -11.967
3 16 5.975 -27.679 -7.975 4.573 -29.950 -7.394 3.500 -29.950 -9.000
3 16 3.500 -29.950 -9.000 4.573 -27.679 -10.073 5.975 -27.679 -7.975
3 16 0.000 -27.679 -11.967 0.000 -26.674 -12.167 0.664 -26.400 -12.104
3 16 4.950 -25.000 -10.450 3.788 -24.000 -11.106 4.752 -23.595 -10.252
3 16 2.679 -25.000 -11.967 2.636 -24.432 -11.863 3.788 -24.000 -11.106
3 16 2.679 -25.000 -11.967 1.608 -25.000 -12.180 2.636 -24.432 -11.863
3 16 1.086 -26.000 -12.085 1.238 -25.300 -12.194 1.608 -25.000 -12.180
3 16 2.475 -27.679 -11.475 2.534 -26.909 -11.616 2.658 -27.289 -11.444
3 16 2.475 -27.679 -11.475 2.658 -27.289 -11.444 2.803 -27.536 -11.289
3 16 2.955 -27.679 -11.154 2.475 -27.679 -11.475 2.803 -27.536 -11.289
3 16 2.475 -27.679 -11.475 2.955 -27.679 -11.154 3.188 -27.804 -10.900
3 16 3.188 -27.804 -10.900 1.894 -29.950 -10.073 2.475 -27.679 -11.475
3 16 3.188 -27.804 -10.900 3.580 -27.874 -10.583 3.500 -29.950 -9.000
3 16 3.500 -29.950 -9.000 1.894 -29.950 -10.073 3.188 -27.804 -10.900
3 16 3.500 -29.950 -9.000 3.580 -27.874 -10.583 4.005 -27.826 -10.337
3 16 4.005 -27.826 -10.337 4.363 -27.679 -10.213 4.573 -27.679 -10.073
3 16 4.573 -27.679 -10.073 3.500 -29.950 -9.000 4.005 -27.826 -10.337
3 16 4.363 -27.679 -10.213 4.598 -27.491 -10.100 4.573 -27.679 -10.073
3 16 4.573 -27.679 -10.073 4.598 -27.491 -10.100 4.792 -27.157 -9.928
3 16 4.792 -27.157 -9.928 5.975 -27.679 -7.975 4.573 -27.679 -10.073
3 16 5.975 -27.679 -7.975 4.792 -27.157 -9.928 4.967 -26.727 -9.818
3 16 4.967 -26.727 -9.818 5.054 -26.184 -9.877 6.467 -25.000 -8.179
3 16 6.467 -25.000 -8.179 5.975 -27.679 -7.975 4.967 -26.727 -9.818
3 16 5.054 -26.184 -9.877 5.030 -25.701 -10.083 6.467 -25.000 -8.179
3 16 5.030 -25.701 -10.083 4.898 -25.366 -10.398 4.950 -25.000 -10.450
3 16 4.950 -25.000 -10.450 6.467 -25.000 -8.179 5.030 -25.701 -10.083
3 16 4.898 -25.366 -10.398 4.680 -25.119 -10.602 4.950 -25.000 -10.450
3 16 4.680 -25.119 -10.602 4.508 -25.000 -10.745 4.950 -25.000 -10.450
3 16 4.508 -25.000 -10.745 4.208 -24.866 -10.929 3.788 -24.000 -11.106
3 16 3.788 -24.000 -11.106 4.950 -25.000 -10.450 4.508 -25.000 -10.745
3 16 3.808 -24.881 -11.198 3.788 -24.000 -11.106 4.208 -24.866 -10.929
3 16 3.808 -24.881 -11.198 3.438 -25.000 -11.460 2.679 -25.000 -11.967
3 16 2.679 -25.000 -11.967 3.788 -24.000 -11.106 3.808 -24.881 -11.198
3 16 3.140 -25.176 -11.618 2.679 -25.000 -11.967 3.438 -25.000 -11.460
3 16 2.850 -25.441 -11.749 2.679 -25.000 -11.967 3.140 -25.176 -11.618
3 16 2.623 -25.734 -11.832 2.679 -25.000 -11.967 2.850 -25.441 -11.749
3 16 2.679 -25.000 -11.967 2.623 -25.734 -11.832 2.463 -26.156 -11.780
3 16 2.463 -26.156 -11.780 1.608 -25.000 -12.180 2.679 -25.000 -11.967
3 16 1.608 -25.000 -12.180 2.463 -26.156 -11.780 2.458 -26.574 -11.698
3 16 2.458 -26.574 -11.698 1.086 -26.000 -12.085 1.608 -25.000 -12.180
3 16 2.458 -26.574 -11.698 2.534 -26.909 -11.616 2.475 -27.679 -11.475
3 16 2.475 -27.679 -11.475 1.086 -26.000 -12.085 2.458 -26.574 -11.698
3 16 2.475 -27.679 -11.475 0.664 -26.400 -12.104 1.086 -26.000 -12.085
3 16 2.475 -27.679 -11.475 0.000 -27.679 -11.967 0.664 -26.400 -12.104
3 15 3.296 -27.034 -11.077 3.252 -26.812 -11.159 3.291 -26.615 -11.179
3 15 3.291 -26.615 -11.179 3.800 -26.800 -10.796 3.296 -27.034 -11.077
3 15 3.291 -26.615 -11.179 3.417 -26.427 -11.139 3.605 -26.301 -11.043
3 15 3.605 -26.301 -11.043 3.800 -26.800 -10.796 3.291 -26.615 -11.179
3 15 3.605 -26.301 -11.043 3.827 -26.257 -10.905 4.069 -26.294 -10.735
3 15 4.069 -26.294 -10.735 3.800 -26.800 -10.796 3.605 -26.301 -11.043
3 15 4.069 -26.294 -10.735 4.257 -26.420 -10.579 4.336 -26.578 -10.490
3 15 4.336 -26.578 -10.490 3.800 -26.800 -10.796 4.069 -26.294 -10.735
3 15 4.336 -26.578 -10.490 4.380 -26.800 -10.408 4.336 -27.022 -10.386
3 15 4.336 -27.022 -10.386 3.800 -26.800 -10.796 4.336 -26.578 -10.490
3 15 4.336 -27.022 -10.386 4.210 -27.210 -10.425 4.022 -27.336 -10.522
3 15 4.022 -27.336 -10.522 3.800 -26.800 -10.796 4.336 -27.022 -10.386
3 15 4.022 -27.336 -10.522 3.800 -27.380 -10.660 3.578 -27.336 -10.818
3 15 3.578 -27.336 -10.818 3.800 -26.800 -10.796 4.022 -27.336 -10.522
3 15 3.578 -27.336 -10.818 3.390 -27.210 -10.974 3.296 -27.034 -11.077
3 15 3.296 -27.034 -11.077 3.800 -26.800 -10.796 3.578 -27.336 -10.818
3 0 2.534 -26.909 -11.616 3.252 -26.812 -11.159 3.296 -27.034 -11.077
3 0 3.296 -27.034 -11.077 2.658 -27.289 -11.444 2.534 -26.909 -11.616
3 0 2.658 -27.289 -11.444 3.296 -27.034 -11.077 3.390 -27.210 -10.974
3 0 3.390 -27.210 -10.974 2.803 -27.536 -11.289 2.658 -27.289 -11.444
3 0 2.803 -27.536 -11.289 3.390 -27.210 -10.974 3.578 -27.336 -10.818
3 0 3.578 -27.336 -10.818 2.955 -27.679 -11.154 2.803 -27.536 -11.289
3 0 3.578 -27.336 -10.818 3.800 -27.380 -10.660 4.363 -27.679 -10.213
3 0 4.363 -27.679 -10.213 2.955 -27.679 -11.154 3.578 -27.336 -10.818
3 0 3.800 -27.380 -10.660 4.022 -27.336 -10.522 4.598 -27.491 -10.100
3 0 4.598 -27.491 -10.100 4.363 -27.679 -10.213 3.800 -27.380 -10.660
3 0 4.598 -27.491 -10.100 4.022 -27.336 -10.522 4.210 -27.210 -10.425
3 0 4.598 -27.491 -10.100 4.210 -27.210 -10.425 4.336 -27.022 -10.386
3 0 4.336 -27.022 -10.386 4.380 -26.800 -10.408 4.898 -25.366 -10.398
3 0 4.898 -25.366 -10.398 4.598 -27.491 -10.100 4.336 -27.022 -10.386
3 0 4.363 -27.679 -10.213 4.005 -27.826 -10.337 3.188 -27.804 -10.900
3 0 3.188 -27.804 -10.900 2.955 -27.679 -11.154 4.363 -27.679 -10.213
3 0 3.580 -27.874 -10.583 3.188 -27.804 -10.900 4.005 -27.826 -10.337
3 0 4.598 -27.491 -10.100 4.898 -25.366 -10.398 5.030 -25.701 -10.083
3 0 5.030 -25.701 -10.083 4.792 -27.157 -9.928 4.598 -27.491 -10.100
3 0 5.030 -25.701 -10.083 5.054 -26.184 -9.877 4.967 -26.727 -9.818
3 0 4.967 -26.727 -9.818 4.792 -27.157 -9.928 5.030 -25.701 -10.083
3 0 4.380 -26.800 -10.408 4.336 -26.578 -10.490 4.898 -25.366 -10.398
3 0 4.336 -26.578 -10.490 4.257 -26.420 -10.579 4.898 -25.366 -10.398
3 0 4.257 -26.420 -10.579 4.069 -26.294 -10.735 4.680 -25.119 -10.602
3 0 4.680 -25.119 -10.602 4.898 -25.366 -10.398 4.257 -26.420 -10.579
3 0 4.680 -25.119 -10.602 4.069 -26.294 -10.735 3.827 -26.257 -10.905
3 0 3.827 -26.257 -10.905 4.508 -25.000 -10.745 4.680 -25.119 -10.602
3 0 4.508 -25.000 -10.745 3.827 -26.257 -10.905 3.140 -25.176 -11.618
3 0 3.140 -25.176 -11.618 3.438 -25.000 -11.460 4.508 -25.000 -10.745
3 0 3.140 -25.176 -11.618 3.827 -26.257 -10.905 2.623 -25.734 -11.832
3 0 2.623 -25.734 -11.832 2.850 -25.441 -11.749 3.140 -25.176 -11.618
3 0 3.605 -26.301 -11.043 2.623 -25.734 -11.832 3.827 -26.257 -10.905
3 0 3.417 -26.427 -11.139 2.623 -25.734 -11.832 3.605 -26.301 -11.043
3 0 3.417 -26.427 -11.139 3.291 -26.615 -11.179 2.534 -26.909 -11.616
3 0 2.534 -26.909 -11.616 2.623 -25.734 -11.832 3.417 -26.427 -11.139
3 0 2.534 -26.909 -11.616 3.291 -26.615 -11.179 3.252 -26.812 -11.159
3 0 2.534 -26.909 -11.616 2.458 -26.574 -11.698 2.463 -26.156 -11.780
3 0 2.463 -26.156 -11.780 2.623 -25.734 -11.832 2.534 -26.909 -11.616
3 0 3.438 -25.000 -11.460 3.808 -24.881 -11.198 4.208 -24.866 -10.929
3 0 4.208 -24.866 -10.929 4.508 -25.000 -10.745 3.438 -25.000 -11.460
3 16 -1.894 -29.950 -10.073 -2.475 -27.679 -11.475 0.000 -27.679 -11.967
3 16 0.000 -27.679 -11.967 0.000 -29.950 -10.450 -1.894 -29.950 -10.073
3 16 -3.500 -29.950 -9.000 -4.573 -29.950 -7.394 -5.975 -27.679 -7.975
3 16 -5.975 -27.679 -7.975 -4.573 -27.679 -10.073 -3.500 -29.950 -9.000
3 16 -0.664 -26.400 -12.104 0.000 -26.674 -12.167 0.000 -27.679 -11.967
3 16 -4.752 -23.595 -10.252 -3.788 -24.000 -11.106 -4.950 -25.000 -10.450
3 16 -3.788 -24.000 -11.106 -2.636 -24.432 -11.863 -2.679 -25.000 -11.967
3 16 -2.636 -24.432 -11.863 -1.608 -25.000 -12.180 -2.679 -25.000 -11.967
3 16 -1.608 -25.000 -12.180 -1.238 -25.300 -12.194 -1.086 -26.000 -12.085
3 16 -2.658 -27.289 -11.444 -2.534 -26.909 -11.616 -2.475 -27.679 -11.475
3 16 -2.803 -27.536 -11.289 -2.658 -27.289 -11.444 -2.475 -27.679 -11.475
3 16 -2.803 -27.536 -11.289 -2.475 -27.679 -11.475 -2.955 -27.679 -11.154
3 16 -3.188 -27.804 -10.900 -2.955 -27.679 -11.154 -2.475 -27.679 -11.475
3 16 -2.475 -27.679 -11.475 -1.894 -29.950 -10.073 -3.188 -27.804 -10.900
3 16 -3.500 -29.950 -9.000 -3.580 -27.874 -10.583 -3.188 -27.804 -10.900
3 16 -3.188 -27.804 -10.900 -1.894 -29.950 -10.073 -3.500 -29.950 -9.000
3 16 -4.005 -27.826 -10.337 -3.580 -27.874 -10.583 -3.500 -29.950 -9.000
3 16 -4.573 -27.679 -10.073 -4.363 -27.679 -10.213 -4.005 -27.826 -10.337
3 16 -4.005 -27.826 -10.337 -3.500 -29.950 -9.000 -4.573 -27.679 -10.073
3 16 -4.573 -27.679 -10.073 -4.598 -27.491 -10.100 -4.363 -27.679 -10.213
3 16 -4.792 -27.157 -9.928 -4.598 -27.491 -10.100 -4.573 -27.679 -10.073
3 16 -4.573 -27.679 -10.073 -5.975 -27.679 -7.975 -4.792 -27.157 -9.928
3 16 -4.967 -26.727 -9.818 -4.792 -27.157 -9.928 -5.975 -27.679 -7.975
3 16 -6.467 -25.000 -8.179 -5.054 -26.184 -9.877 -4.967 -26.727 -9.818
3 16 -4.967 -26.727 -9.818 -5.975 -27.679 -7.975 -6.467 -25.000 -8.179
3 16 -6.467 -25.000 -8.179 -5.030 -25.701 -10.083 -5.054 -26.184 -9.877
3 16 -4.950 -25.000 -10.450 -4.898 -25.366 -10.398 -5.030 -25.701 -10.083
3 16 -5.030 -25.701 -10.083 -6.467 -25.000 -8.179 -4.950 -25.000 -10.450
3 16 -4.950 -25.000 -10.450 -4.680 -25.119 -10.602 -4.898 -25.366 -10.398
3 16 -4.950 -25.000 -10.450 -4.508 -25.000 -10.745 -4.680 -25.119 -10.602
3 16 -3.788 -24.000 -11.106 -4.208 -24.866 -10.929 -4.508 -25.000 -10.745
3 16 -4.508 -25.000 -10.745 -4.950 -25.000 -10.450 -3.788 -24.000 -11.106
3 16 -4.208 -24.866 -10.929 -3.788 -24.000 -11.106 -3.808 -24.881 -11.198
3 16 -2.679 -25.000 -11.967 -3.438 -25.000 -11.460 -3.808 -24.881 -11.198
3 16 -3.808 -24.881 -11.198 -3.788 -24.000 -11.106 -2.679 -25.000 -11.967
3 16 -3.438 -25.000 -11.460 -2.679 -25.000 -11.967 -3.140 -25.176 -11.618
3 16 -3.140 -25.176 -11.618 -2.679 -25.000 -11.967 -2.850 -25.441 -11.749
3 16 -2.850 -25.441 -11.749 -2.679 -25.000 -11.967 -2.623 -25.734 -11.832
3 16 -2.463 -26.156 -11.780 -2.623 -25.734 -11.832 -2.679 -25.000 -11.967
3 16 -2.679 -25.000 -11.967 -1.608 -25.000 -12.180 -2.463 -26.156 -11.780
3 16 -2.458 -26.574 -11.698 -2.463 -26.156 -11.780 -1.608 -25.000 -12.180
3 16 -1.608 -25.000 -12.180 -1.086 -26.000 -12.085 -2.458 -26.574 -11.698
3 16 -2.475 -27.679 -11.475 -2.534 -26.909 -11.616 -2.458 -26.574 -11.698
3 16 -2.458 -26.574 -11.698 -1.086 -26.000 -12.085 -2.475 -27.679 -11.475
3 16 -1.086 -26.000 -12.085 -0.664 -26.400 -12.104 -2.475 -27.679 -11.475
3 16 -0.664 -26.400 -12.104 0.000 -27.679 -11.967 -2.475 -27.679 -11.475
3 15 -3.291 -26.615 -11.179 -3.252 -26.812 -11.159 -3.296 -27.034 -11.077
3 15 -3.296 -27.034 -11.077 -3.800 -26.800 -10.796 -3.291 -26.615 -11.179
3 15 -3.605 -26.301 -11.043 -3.417 -26.427 -11.139 -3.291 -26.615 -11.179
3 15 -3.291 -26.615 -11.179 -3.800 -26.800 -10.796 -3.605 -26.301 -11.043
3 15 -4.069 -26.294 -10.735 -3.827 -26.257 -10.905 -3.605 -26.301 -11.043
3 15 -3.605 -26.301 -11.043 -3.800 -26.800 -10.796 -4.069 -26.294 -10.735
3 15 -4.336 -26.578 -10.490 -4.257 -26.420 -10.579 -4.069 -26.294 -10.735
3 15 -4.069 -26.294 -10.735 -3.800 -26.800 -10.796 -4.336 -26.578 -10.490
3 15 -4.336 -27.022 -10.386 -4.380 -26.800 -10.408 -4.336 -26.578 -10.490
3 15 -4.336 -26.578 -10.490 -3.800 -26.800 -10.796 -4.336 -27.022 -10.386
3 15 -4.022 -27.336 -10.522 -4.210 -27.210 -10.425 -4.336 -27.022 -10.386
3 15 -4.336 -27.022 -10.386 -3.800 -26.800 -10.796 -4.022 -27.336 -10.522
3 15 -3.578 -27.336 -10.818 -3.800 -27.380 -10.660 -4.022 -27.336 -10.522
3 15 -4.022 -27.336 -10.522 -3.800 -26.800 -10.796 -3.578 -27.336 -10.818
3 15 -3.296 -27.034 -11.077 -3.390 -27.210 -10.974 -3.578 -27.336 -10.818
3 15 -3.578 -27.336 -10.818 -3.800 -26.800 -10.796 -3.296 -27.034 -11.077
3 0 -3.296 -27.034 -11.077 -3.252 -26.812 -11.159 -2.534 -26.909 -11.616
3 0 -2.534 -26.909 -11.616 -2.658 -27.289 -11.444 -3.296 -27.034 -11.077
3 0 -3.390 -27.210 -10.974 -3.296 -27.034 -11.077 -2.658 -27.289 -11.444
3 0 -2.658 -27.289 -11.444 -2.803 -27.536 -11.289 -3.390 -27.210 -10.974
3 0 -3.578 -27.336 -10.818 -3.390 -27.210 -10.974 -2.803 -27.536 -11.289
3 0 -2.803 -27.536 -11.289 -2.955 -27.679 -11.154 -3.578 -27.336 -10.818
3 0 -4.363 -27.679 -10.213 -3.800 -27.380 -10.660 -3.578 -27.336 -10.818
3 0 -3.578 -27.336 -10.818 -2.955 -27.679 -11.154 -4.363 -27.679 -10.213
3 0 -4.598 -27.491 -10.100 -4.022 -27.336 -10.522 -3.800 -27.380 -10.660
3 0 -3.800 -27.380 -10.660 -4.363 -27.679 -10.213 -4.598 -27.491 -10.100
3 0 -4.210 -27.210 -10.425 -4.022 -27.336 -10.522 -4.598 -27.491 -10.100
3 0 -4.336 -27.022 -10.386 -4.210 -27.210 -10.425 -4.598 -27.491 -10.100
3 0 -4.898 -25.366 -10.398 -4.380 -26.800 -10.408 -4.336 -27.022 -10.386
3 0 -4.336 -27.022 -10.386 -4.598 -27.491 -10.100 -4.898 -25.366 -10.398
3 0 -3.188 -27.804 -10.900 -4.005 -27.826 -10.337 -4.363 -27.679 -10.213
3 0 -4.363 -27.679 -10.213 -2.955 -27.679 -11.154 -3.188 -27.804 -10.900
3 0 -4.005 -27.826 -10.337 -3.188 -27.804 -10.900 -3.580 -27.874 -10.583
3 0 -5.030 -25.701 -10.083 -4.898 -25.366 -10.398 -4.598 -27.491 -10.100
3 0 -4.598 -27.491 -10.100 -4.792 -27.157 -9.928 -5.030 -25.701 -10.083
3 0 -4.967 -26.727 -9.818 -5.054 -26.184 -9.877 -5.030 -25.701 -10.083
3 0 -5.030 -25.701 -10.083 -4.792 -27.157 -9.928 -4.967 -26.727 -9.818
3 0 -4.898 -25.366 -10.398 -4.336 -26.578 -10.490 -4.380 -26.800 -10.408
3 0 -4.898 -25.366 -10.398 -4.257 -26.420 -10.579 -4.336 -26.578 -10.490
3 0 -4.680 -25.119 -10.602 -4.069 -26.294 -10.735 -4.257 -26.420 -10.579
3 0 -4.257 -26.420 -10.579 -4.898 -25.366 -10.398 -4.680 -25.119 -10.602
3 0 -3.827 -26.257 -10.905 -4.069 -26.294 -10.735 -4.680 -25.119 -10.602
3 0 -4.680 -25.119 -10.602 -4.508 -25.000 -10.745 -3.827 -26.257 -10.905
3 0 -3.140 -25.176 -11.618 -3.827 -26.257 -10.905 -4.508 -25.000 -10.745
3 0 -4.508 -25.000 -10.745 -3.438 -25.000 -11.460 -3.140 -25.176 -11.618
3 0 -2.623 -25.734 -11.832 -3.827 -26.257 -10.905 -3.140 -25.176 -11.618
3 0 -3.140 -25.176 -11.618 -2.850 -25.441 -11.749 -2.623 -25.734 -11.832
3 0 -3.827 -26.257 -10.905 -2.623 -25.734 -11.832 -3.605 -26.301 -11.043
3 0 -3.605 -26.301 -11.043 -2.623 -25.734 -11.832 -3.417 -26.427 -11.139
3 0 -2.534 -26.909 -11.616 -3.291 -26.615 -11.179 -3.417 -26.427 -11.139
3 0 -3.417 -26.427 -11.139 -2.623 -25.734 -11.832 -2.534 -26.909 -11.616
3 0 -3.252 -26.812 -11.159 -3.291 -26.615 -11.179 -2.534 -26.909 -11.616
3 0 -2.463 -26.156 -11.780 -2.458 -26.574 -11.698 -2.534 -26.909 -11.616
3 0 -2.534 -26.909 -11.616 -2.623 -25.734 -11.832 -2.463 -26.156 -11.780
3 0 -4.208 -24.866 -10.929 -3.808 -24.881 -11.198 -3.438 -25.000 -11.460
3 0 -3.438 -25.000 -11.460 -4.508 -25.000 -10.745 -4.208 -24.866 -10.929
3 25 1.385 -21.220 -13.059 0.637 -20.635 -11.072 2.560 -21.220 -12.196
3 25 1.123 -20.632 -10.615 2.560 -21.220 -12.196 0.637 -20.635 -11.072
3 25 1.385 -21.220 -13.059 2.560 -21.220 -12.196 3.430 -22.200 -13.153
3 25 3.430 -22.200 -13.153 1.856 -22.200 -14.309 1.385 -21.220 -13.059
3 25 1.990 -23.000 -14.665 1.856 -22.200 -14.309 3.430 -22.200 -13.153
3 25 3.430 -22.200 -13.153 3.677 -23.000 -13.425 1.990 -23.000 -14.665
3 25 0.000 -20.635 -11.212 0.000 -20.622 -10.831 1.123 -20.632 -10.615
3 25 1.123 -20.632 -10.615 0.637 -20.635 -11.072 0.000 -20.635 -11.212
3 25 1.952 -23.500 -14.563 1.990 -23.000 -14.665 3.677 -23.000 -13.425
3 25 3.677 -23.000 -13.425 3.606 -23.500 -13.347 1.952 -23.500 -14.563
3 25 1.952 -23.500 -14.563 3.606 -23.500 -13.347 2.899 -24.000 -12.569
3 25 2.899 -24.000 -12.569 1.569 -24.000 -13.547 1.952 -23.500 -14.563
3 25 1.569 -24.000 -13.547 2.899 -24.000 -12.569 1.294 -24.530 -12.815
3 25 2.636 -24.432 -11.863 1.294 -24.530 -12.815 2.899 -24.000 -12.569
3 25 2.636 -24.432 -11.863 1.608 -25.000 -12.180 1.294 -24.530 -12.815
3 25 2.636 -24.432 -11.863 2.899 -24.000 -12.569 3.788 -24.000 -11.106
3 25 1.098 -25.300 -12.297 1.294 -24.530 -12.815 1.608 -25.000 -12.180
3 25 1.608 -25.000 -12.180 1.238 -25.300 -12.194 1.098 -25.300 -12.297
3 25 2.560 -21.220 -12.196 1.123 -20.632 -10.615 3.344 -21.220 -10.904
3 25 2.334 -20.893 -10.443 3.344 -21.220 -10.904 1.123 -20.632 -10.615
3 25 0.000 -26.674 -12.167 0.000 -26.000 -12.350 0.664 -26.400 -12.104
3 25 0.664 -26.400 -12.104 0.000 -26.000 -12.350 1.086 -26.000 -12.085
3 25 1.098 -25.300 -12.297 1.238 -25.300 -12.194 1.086 -26.000 -12.085
3 25 2.560 -21.220 -12.196 3.344 -21.220 -10.904 4.481 -22.200 -11.422
3 25 4.481 -22.200 -11.422 3.430 -22.200 -13.153 2.560 -21.220 -12.196
3 25 3.677 -23.000 -13.425 3.430 -22.200 -13.153 4.481 -22.200 -11.422
3 25 4.481 -22.200 -11.422 4.804 -23.000 -11.569 3.677 -23.000 -13.425
3 25 3.606 -23.500 -13.347 3.677 -23.000 -13.425 4.804 -23.000 -11.569
3 25 4.804 -23.000 -11.569 4.712 -23.500 -11.527 3.606 -23.500 -13.347
3 25 3.606 -23.500 -13.347 4.712 -23.500 -11.527 3.788 -24.000 -11.106
3 25 3.788 -24.000 -11.106 2.899 -24.000 -12.569 3.606 -23.500 -13.347
3 25 3.344 -21.220 -10.904 2.334 -20.893 -10.443 3.525 -21.220 -9.905
3 25 3.344 -21.220 -10.904 3.525 -21.220 -9.905 4.367 -21.885 -9.867
3 25 4.367 -21.885 -9.867 4.481 -22.200 -11.422 3.344 -21.220 -10.904
3 25 4.367 -21.885 -9.867 4.854 -22.321 -9.653 4.481 -22.200 -11.422
3 25 4.804 -23.000 -11.569 4.481 -22.200 -11.422 4.854 -22.321 -9.653
3 25 4.854 -22.321 -9.653 5.200 -23.000 -9.380 4.804 -23.000 -11.569
3 25 4.712 -23.500 -11.527 4.804 -23.000 -11.569 5.200 -23.000 -9.380
3 25 5.200 -23.000 -9.380 5.021 -23.500 -9.816 4.712 -23.500 -11.527
3 25 5.021 -23.500 -9.816 4.752 -23.595 -10.252 4.712 -23.500 -11.527
3 25 4.752 -23.595 -10.252 3.788 -24.000 -11.106 4.712 -23.500 -11.527
3 25 0.000 -20.635 -11.212 0.637 -20.635 -11.072 1.385 -21.220 -13.059
3 25 1.385 -21.220 -13.059 0.000 -21.220 -13.362 0.000 -20.635 -11.212
3 25 0.000 -21.220 -13.362 1.385 -21.220 -13.059 1.856 -22.200 -14.309
3 25 1.856 -22.200 -14.309 0.000 -22.200 -14.715 0.000 -21.220 -13.362
3 25 0.000 -23.000 -15.100 0.000 -22.200 -14.715 1.856 -22.200 -14.309
3 25 1.856 -22.200 -14.309 1.990 -23.000 -14.665 0.000 -23.000 -15.100
3 25 0.000 -23.500 -14.990 0.000 -23.000 -15.100 1.990 -23.000 -14.665
3 25 1.990 -23.000 -14.665 1.952 -23.500 -14.563 0.000 -23.500 -14.990
3 25 0.000 -23.500 -14.990 1.952 -23.500 -14.563 1.569 -24.000 -13.547
3 25 1.569 -24.000 -13.547 0.000 -24.000 -13.890 0.000 -23.500 -14.990
3 25 0.000 -24.000 -13.890 1.569 -24.000 -13.547 1.294 -24.530 -12.815
3 25 1.294 -24.530 -12.815 0.000 -24.530 -13.098 0.000 -24.000 -13.890
3 25 1.294 -24.530 -12.815 1.098 -25.300 -12.297 0.000 -25.300 -12.537
3 25 0.000 -25.300 -12.537 0.000 -24.530 -13.098 1.294 -24.530 -12.815
3 25 0.000 -26.000 -12.350 0.000 -25.300 -12.537 1.086 -26.000 -12.085
3 25 1.098 -25.300 -12.297 1.086 -26.000 -12.085 0.000 -25.300 -12.537
2 24 0.000 -20.622 -10.831 1.123 -20.632 -10.615
2 24 1.238 -25.300 -12.194 1.086 -26.000 -12.085
2 24 1.608 -25.000 -12.180 1.238 -25.300 -12.194
2 24 3.525 -21.220 -9.905 4.367 -21.885 -9.867
2 24 3.525 -21.220 -9.905 2.334 -20.893 -10.443
2 24 4.367 -21.885 -9.867 4.854 -22.321 -9.653
2 24 1.123 -20.632 -10.615 2.334 -20.893 -10.443
2 24 5.021 -23.500 -9.816 5.200 -23.000 -9.380
2 24 5.200 -23.000 -9.380 4.854 -22.321 -9.653
2 24 4.752 -23.595 -10.252 3.788 -24.000 -11.106
2 24 5.021 -23.500 -9.816 4.752 -23.595 -10.252
2 24 0.000 -26.674 -12.167 0.664 -26.400 -12.104
2 24 2.636 -24.432 -11.863 1.608 -25.000 -12.180
2 24 3.788 -24.000 -11.106 2.636 -24.432 -11.863
2 24 0.664 -26.400 -12.104 1.086 -26.000 -12.085
3 25 -2.560 -21.220 -12.196 -0.637 -20.635 -11.072 -1.385 -21.220 -13.059
3 25 -0.637 -20.635 -11.072 -2.560 -21.220 -12.196 -1.123 -20.632 -10.615
3 25 -3.430 -22.200 -13.153 -2.560 -21.220 -12.196 -1.385 -21.220 -13.059
3 25 -1.385 -21.220 -13.059 -1.856 -22.200 -14.309 -3.430 -22.200 -13.153
3 25 -3.430 -22.200 -13.153 -1.856 -22.200 -14.309 -1.990 -23.000 -14.665
3 25 -1.990 -23.000 -14.665 -3.677 -23.000 -13.425 -3.430 -22.200 -13.153
3 25 -1.123 -20.632 -10.615 0.000 -20.622 -10.831 0.000 -20.635 -11.212
3 25 0.000 -20.635 -11.212 -0.637 -20.635 -11.072 -1.123 -20.632 -10.615
3 25 -3.677 -23.000 -13.425 -1.990 -23.000 -14.665 -1.952 -23.500 -14.563
3 25 -1.952 -23.500 -14.563 -3.606 -23.500 -13.347 -3.677 -23.000 -13.425
3 25 -2.899 -24.000 -12.569 -3.606 -23.500 -13.347 -1.952 -23.500 -14.563
3 25 -1.952 -23.500 -14.563 -1.569 -24.000 -13.547 -2.899 -24.000 -12.569
3 25 -1.294 -24.530 -12.815 -2.899 -24.000 -12.569 -1.569 -24.000 -13.547
3 25 -2.899 -24.000 -12.569 -1.294 -24.530 -12.815 -2.636 -24.432 -11.863
3 25 -1.294 -24.530 -12.815 -1.608 -25.000 -12.180 -2.636 -24.432 -11.863
3 25 -3.788 -24.000 -11.106 -2.899 -24.000 -12.569 -2.636 -24.432 -11.863
3 25 -1.608 -25.000 -12.180 -1.294 -24.530 -12.815 -1.098 -25.300 -12.297
3 25 -1.098 -25.300 -12.297 -1.238 -25.300 -12.194 -1.608 -25.000 -12.180
3 25 -3.344 -21.220 -10.904 -1.123 -20.632 -10.615 -2.560 -21.220 -12.196
3 25 -1.123 -20.632 -10.615 -3.344 -21.220 -10.904 -2.334 -20.893 -10.443
3 25 -0.664 -26.400 -12.104 0.000 -26.000 -12.350 0.000 -26.674 -12.167
3 25 -1.086 -26.000 -12.085 0.000 -26.000 -12.350 -0.664 -26.400 -12.104
3 25 -1.086 -26.000 -12.085 -1.238 -25.300 -12.194 -1.098 -25.300 -12.297
3 25 -4.481 -22.200 -11.422 -3.344 -21.220 -10.904 -2.560 -21.220 -12.196
3 25 -2.560 -21.220 -12.196 -3.430 -22.200 -13.153 -4.481 -22.200 -11.422
3 25 -4.481 -22.200 -11.422 -3.430 -22.200 -13.153 -3.677 -23.000 -13.425
3 25 -3.677 -23.000 -13.425 -4.804 -23.000 -11.569 -4.481 -22.200 -11.422
3 25 -4.804 -23.000 -11.569 -3.677 -23.000 -13.425 -3.606 -23.500 -13.347
3 25 -3.606 -23.500 -13.347 -4.712 -23.500 -11.527 -4.804 -23.000 -11.569
3 25 -3.788 -24.000 -11.106 -4.712 -23.500 -11.527 -3.606 -23.500 -13.347
3 25 -3.606 -23.500 -13.347 -2.899 -24.000 -12.569 -3.788 -24.000 -11.106
3 25 -3.525 -21.220 -9.905 -2.334 -20.893 -10.443 -3.344 -21.220 -10.904
3 25 -4.367 -21.885 -9.867 -3.525 -21.220 -9.905 -3.344 -21.220 -10.904
3 25 -3.344 -21.220 -10.904 -4.481 -22.200 -11.422 -4.367 -21.885 -9.867
3 25 -4.481 -22.200 -11.422 -4.854 -22.321 -9.653 -4.367 -21.885 -9.867
3 25 -4.854 -22.321 -9.653 -4.481 -22.200 -11.422 -4.804 -23.000 -11.569
3 25 -4.804 -23.000 -11.569 -5.200 -23.000 -9.380 -4.854 -22.321 -9.653
3 25 -5.200 -23.000 -9.380 -4.804 -23.000 -11.569 -4.712 -23.500 -11.527
3 25 -4.712 -23.500 -11.527 -5.021 -23.500 -9.816 -5.200 -23.000 -9.380
3 25 -4.712 -23.500 -11.527 -4.752 -23.595 -10.252 -5.021 -23.500 -9.816
3 25 -4.712 -23.500 -11.527 -3.788 -24.000 -11.106 -4.752 -23.595 -10.252
3 25 -1.385 -21.220 -13.059 -0.637 -20.635 -11.072 0.000 -20.635 -11.212
3 25 0.000 -20.635 -11.212 0.000 -21.220 -13.362 -1.385 -21.220 -13.059
3 25 -1.856 -22.200 -14.309 -1.385 -21.220 -13.059 0.000 -21.220 -13.362
3 25 0.000 -21.220 -13.362 0.000 -22.200 -14.715 -1.856 -22.200 -14.309
3 25 -1.856 -22.200 -14.309 0.000 -22.200 -14.715 0.000 -23.000 -15.100
3 25 0.000 -23.000 -15.100 -1.990 -23.000 -14.665 -1.856 -22.200 -14.309
3 25 -1.990 -23.000 -14.665 0.000 -23.000 -15.100 0.000 -23.500 -14.990
3 25 0.000 -23.500 -14.990 -1.952 -23.500 -14.563 -1.990 -23.000 -14.665
3 25 -1.569 -24.000 -13.547 -1.952 -23.500 -14.563 0.000 -23.500 -14.990
3 25 0.000 -23.500 -14.990 0.000 -24.000 -13.890 -1.569 -24.000 -13.547
3 25 -1.294 -24.530 -12.815 -1.569 -24.000 -13.547 0.000 -24.000 -13.890
3 25 0.000 -24.000 -13.890 0.000 -24.530 -13.098 -1.294 -24.530 -12.815
3 25 0.000 -25.300 -12.537 -1.098 -25.300 -12.297 -1.294 -24.530 -12.815
3 25 -1.294 -24.530 -12.815 0.000 -24.530 -13.098 0.000 -25.300 -12.537
3 25 -1.086 -26.000 -12.085 0.000 -25.300 -12.537 0.000 -26.000 -12.350
3 25 0.000 -25.300 -12.537 -1.086 -26.000 -12.085 -1.098 -25.300 -12.297
2 24 0.000 -20.622 -10.831 -1.123 -20.632 -10.615
2 24 -1.238 -25.300 -12.194 -1.086 -26.000 -12.085
2 24 -1.608 -25.000 -12.180 -1.238 -25.300 -12.194
2 24 -3.525 -21.220 -9.905 -4.367 -21.885 -9.867
2 24 -3.525 -21.220 -9.905 -2.334 -20.893 -10.443
2 24 -4.367 -21.885 -9.867 -4.854 -22.321 -9.653
2 24 -1.123 -20.632 -10.615 -2.334 -20.893 -10.443
2 24 -5.021 -23.500 -9.816 -5.200 -23.000 -9.380
2 24 -5.200 -23.000 -9.380 -4.854 -22.321 -9.653
2 24 -4.752 -23.595 -10.252 -3.788 -24.000 -11.106
2 24 -5.021 -23.500 -9.816 -4.752 -23.595 -10.252
2 24 0.000 -26.674 -12.167 -0.664 -26.400 -12.104
2 24 -2.636 -24.432 -11.863 -1.608 -25.000 -12.180
2 24 -3.788 -24.000 -11.106 -2.636 -24.432 -11.863
2 24 -0.664 -26.400 -12.104 -1.086 -26.000 -12.085
