0 FILE 60601pb018.dat
0 Glass for Window 1 x 2 x 2 Flat Front with Pixelated Stay Puft Logo and 'PLAY' Pattern (Sticker) - Set 75827
0 Name:  60601pb018.dat
0 Author:  
0 BL_Item_No 60601pb018
0 BFC CERTIFY CCW
1 16 0.0000 0.0000 0.0000 1.0000 0.0000 0.0000 0.0000 1.0000 0.0000 0.0000 0.0000 1.0000 60601.dat
3 16 -14.000 34.500 -7.250 -14.000 8.500 -7.250 -14.000 8.500 -7.000
3 16 -14.000 8.500 -7.000 -14.000 34.500 -7.000 -14.000 34.500 -7.250
3 16 14.000 8.500 -7.250 14.000 34.500 -7.250 14.000 34.500 -7.000
3 16 14.000 34.500 -7.000 14.000 8.500 -7.000 14.000 8.500 -7.250
3 16 12.000 36.500 -7.250 -12.000 36.500 -7.250 -12.000 36.500 -7.000
3 16 -12.000 36.500 -7.000 12.000 36.500 -7.000 12.000 36.500 -7.250
3 16 -12.000 6.500 -7.250 12.000 6.500 -7.250 12.000 6.500 -7.000
3 16 12.000 6.500 -7.000 -12.000 6.500 -7.000 -12.000 6.500 -7.250
3 16 -12.000 36.500 -7.000 -14.000 34.500 -7.000 14.000 34.500 -7.000
3 16 14.000 34.500 -7.000 12.000 36.500 -7.000 -12.000 36.500 -7.000
3 16 -14.000 34.500 -7.000 -14.000 8.500 -7.000 14.000 8.500 -7.000
3 16 14.000 8.500 -7.000 14.000 34.500 -7.000 -14.000 34.500 -7.000
3 16 -14.000 8.500 -7.000 -12.000 6.500 -7.000 12.000 6.500 -7.000
3 16 12.000 6.500 -7.000 14.000 8.500 -7.000 -14.000 8.500 -7.000
3 0 -12.000 10.500 -7.250 -10.500 12.300 -7.250 -10.500 11.500 -7.250
3 0 -12.000 19.100 -7.250 -12.000 29.500 -7.250 -7.100 24.200 -7.250
3 0 -10.500 19.100 -7.250 -7.100 23.400 -7.250 -7.100 22.500 -7.250
3 0 -10.500 12.300 -7.250 -12.000 10.500 -7.250 -12.000 19.100 -7.250
3 0 -12.000 19.100 -7.250 -10.500 13.200 -7.250 -10.500 12.300 -7.250
3 0 -10.500 18.300 -7.250 -12.000 19.100 -7.250 -10.500 19.100 -7.250
3 0 -10.500 17.400 -7.250 -12.000 19.100 -7.250 -10.500 18.300 -7.250
3 0 -10.500 16.600 -7.250 -12.000 19.100 -7.250 -10.500 17.400 -7.250
3 0 -10.500 14.000 -7.250 -12.000 19.100 -7.250 -10.500 16.600 -7.250
3 0 -10.500 13.200 -7.250 -12.000 19.100 -7.250 -10.500 14.000 -7.250
3 0 -10.000 8.500 -7.250 -8.800 9.800 -7.250 -8.000 9.800 -7.250
3 0 -10.000 8.500 -7.250 -8.000 9.800 -7.250 -7.100 9.800 -7.250
3 0 -10.000 8.500 -7.250 -7.100 9.800 -7.250 -6.300 9.800 -7.250
3 0 -10.000 8.500 -7.250 -6.300 9.800 -7.250 -3.700 9.800 -7.250
3 0 -10.000 8.500 -7.250 -3.700 9.800 -7.250 -2.900 9.800 -7.250
3 0 -10.000 8.500 -7.250 -2.900 9.800 -7.250 -2.000 9.800 -7.250
3 0 -2.000 9.800 -7.250 -1.200 9.800 -7.250 10.000 8.500 -7.250
3 0 10.000 8.500 -7.250 -10.000 8.500 -7.250 -2.000 9.800 -7.250
3 0 -12.000 10.500 -7.250 -10.500 11.500 -7.250 -8.800 9.800 -7.250
3 0 -8.800 9.800 -7.250 -10.000 8.500 -7.250 -12.000 10.500 -7.250
3 0 -10.500 17.400 -7.250 -10.500 18.300 -7.250 -9.700 18.300 -7.250
3 0 -9.700 18.300 -7.250 -9.700 17.400 -7.250 -10.500 17.400 -7.250
3 0 -9.700 12.300 -7.250 -9.700 13.200 -7.250 -7.100 13.200 -7.250
3 0 -10.500 12.300 -7.250 -10.500 13.200 -7.250 -9.700 13.200 -7.250
3 0 -9.700 13.200 -7.250 -9.700 12.300 -7.250 -10.500 12.300 -7.250
3 0 -10.500 14.000 -7.250 -10.500 16.600 -7.250 -9.700 16.600 -7.250
3 0 -9.700 16.600 -7.250 -9.700 14.000 -7.250 -10.500 14.000 -7.250
3 0 -9.700 16.600 -7.250 -9.700 17.400 -7.250 -8.800 17.400 -7.250
3 0 -8.800 17.400 -7.250 -8.800 16.600 -7.250 -9.700 16.600 -7.250
3 0 -9.700 17.400 -7.250 -9.700 18.300 -7.250 -8.800 18.300 -7.250
3 0 -8.800 18.300 -7.250 -8.800 17.400 -7.250 -9.700 17.400 -7.250
3 0 -9.700 18.300 -7.250 -9.700 19.100 -7.250 -8.800 19.100 -7.250
3 0 -8.800 19.100 -7.250 -8.800 18.300 -7.250 -9.700 18.300 -7.250
3 0 -8.800 15.700 -7.250 -9.700 16.600 -7.250 -8.800 16.600 -7.250
3 0 -8.800 9.800 -7.250 -10.500 11.500 -7.250 -9.700 11.500 -7.250
3 0 -9.700 11.500 -7.250 -8.800 10.600 -7.250 -8.800 9.800 -7.250
3 0 -9.700 14.000 -7.250 -9.700 16.600 -7.250 -8.800 15.700 -7.250
3 0 -8.800 15.700 -7.250 -8.800 14.900 -7.250 -9.700 14.000 -7.250
3 0 -8.800 15.700 -7.250 -8.800 16.600 -7.250 -8.000 16.600 -7.250
3 0 -8.000 16.600 -7.250 -8.000 15.700 -7.250 -8.800 15.700 -7.250
3 0 -8.800 17.400 -7.250 -8.800 18.300 -7.250 -8.000 18.300 -7.250
3 0 -8.000 18.300 -7.250 -8.000 17.400 -7.250 -8.800 17.400 -7.250
3 0 -8.000 10.600 -7.250 -8.800 10.600 -7.250 -9.700 11.500 -7.250
3 0 -8.800 19.100 -7.250 -7.100 20.800 -7.250 -7.100 20.000 -7.250
3 0 -7.100 20.000 -7.250 -8.000 19.100 -7.250 -8.800 19.100 -7.250
3 0 -8.000 9.800 -7.250 -8.000 10.600 -7.250 -7.100 10.600 -7.250
3 0 -7.100 10.600 -7.250 -7.100 9.800 -7.250 -8.000 9.800 -7.250
3 0 -9.700 13.200 -7.250 -9.700 14.000 -7.250 -7.100 14.000 -7.250
3 0 -7.100 14.000 -7.250 -7.100 13.200 -7.250 -9.700 13.200 -7.250
3 0 -8.000 14.900 -7.250 -8.000 15.700 -7.250 -7.100 15.700 -7.250
3 0 -7.100 15.700 -7.250 -7.100 14.900 -7.250 -8.000 14.900 -7.250
3 0 -8.000 15.700 -7.250 -8.000 16.600 -7.250 -7.100 16.600 -7.250
3 0 -7.100 16.600 -7.250 -7.100 15.700 -7.250 -8.000 15.700 -7.250
3 0 -8.000 16.600 -7.250 -8.000 17.400 -7.250 -7.100 17.400 -7.250
3 0 -7.100 17.400 -7.250 -7.100 16.600 -7.250 -8.000 16.600 -7.250
3 0 -7.100 14.000 -7.250 -8.000 14.900 -7.250 -7.100 14.900 -7.250
3 0 -9.700 14.000 -7.250 -8.800 14.900 -7.250 -8.000 14.900 -7.250
3 0 -8.000 14.900 -7.250 -7.100 14.000 -7.250 -9.700 14.000 -7.250
3 0 -7.100 17.400 -7.250 -8.000 17.400 -7.250 -8.000 18.300 -7.250
3 0 -8.000 18.300 -7.250 -8.000 19.100 -7.250 -6.300 17.400 -7.250
3 0 -6.300 17.400 -7.250 -7.100 17.400 -7.250 -8.000 18.300 -7.250
3 0 -7.100 20.800 -7.250 -8.800 19.100 -7.250 -9.700 19.100 -7.250
3 0 -9.700 19.100 -7.250 -7.100 21.700 -7.250 -7.100 20.800 -7.250
3 0 -7.100 21.700 -7.250 -9.700 19.100 -7.250 -10.500 19.100 -7.250
3 0 -10.500 19.100 -7.250 -7.100 22.500 -7.250 -7.100 21.700 -7.250
3 0 -7.100 23.400 -7.250 -10.500 19.100 -7.250 -12.000 19.100 -7.250
3 0 -12.000 19.100 -7.250 -7.100 24.200 -7.250 -7.100 23.400 -7.250
3 0 -7.100 24.200 -7.250 -12.000 29.500 -7.250 -5.400 25.900 -7.250
3 0 -7.100 14.000 -7.250 -7.100 14.900 -7.250 -6.300 14.900 -7.250
3 0 -6.300 14.900 -7.250 -6.300 14.000 -7.250 -7.100 14.000 -7.250
3 0 -7.100 22.500 -7.250 -7.100 23.400 -7.250 -6.300 23.400 -7.250
3 0 -6.300 23.400 -7.250 -6.300 22.500 -7.250 -7.100 22.500 -7.250
3 0 -7.100 20.800 -7.250 -7.100 21.700 -7.250 -6.300 21.700 -7.250
3 0 -6.300 21.700 -7.250 -6.300 20.800 -7.250 -7.100 20.800 -7.250
3 0 -7.100 15.700 -7.250 -7.100 16.600 -7.250 -6.300 16.600 -7.250
3 0 -6.300 16.600 -7.250 -6.300 15.700 -7.250 -7.100 15.700 -7.250
3 0 -6.300 10.600 -7.250 -7.100 10.600 -7.250 -5.400 11.500 -7.250
3 0 -6.300 17.400 -7.250 -6.300 20.000 -7.250 -5.400 20.000 -7.250
3 0 -8.000 19.100 -7.250 -7.100 20.000 -7.250 -6.300 20.000 -7.250
3 0 -6.300 20.000 -7.250 -6.300 17.400 -7.250 -8.000 19.100 -7.250
3 0 -6.300 13.200 -7.250 -6.300 14.000 -7.250 -5.400 14.000 -7.250
3 0 -5.400 14.000 -7.250 -5.400 13.200 -7.250 -6.300 13.200 -7.250
3 0 -9.700 11.500 -7.250 -9.700 12.300 -7.250 -5.400 12.300 -7.250
3 0 -5.400 12.300 -7.250 -5.400 11.500 -7.250 -9.700 11.500 -7.250
3 0 -6.300 14.900 -7.250 -6.300 15.700 -7.250 -5.400 15.700 -7.250
3 0 -5.400 15.700 -7.250 -5.400 14.900 -7.250 -6.300 14.900 -7.250
3 0 -6.300 14.000 -7.250 -6.300 14.900 -7.250 -5.400 14.900 -7.250
3 0 -5.400 14.900 -7.250 -5.400 14.000 -7.250 -6.300 14.000 -7.250
3 0 -6.300 20.000 -7.250 -6.300 20.800 -7.250 -5.400 20.800 -7.250
3 0 -5.400 20.800 -7.250 -5.400 20.000 -7.250 -6.300 20.000 -7.250
3 0 -6.300 20.800 -7.250 -6.300 21.700 -7.250 -5.400 21.700 -7.250
3 0 -5.400 21.700 -7.250 -5.400 20.800 -7.250 -6.300 20.800 -7.250
3 0 -6.300 21.700 -7.250 -6.300 22.500 -7.250 -5.400 22.500 -7.250
3 0 -5.400 22.500 -7.250 -5.400 21.700 -7.250 -6.300 21.700 -7.250
3 0 -6.300 22.500 -7.250 -6.300 23.400 -7.250 -5.400 23.400 -7.250
3 0 -5.400 23.400 -7.250 -5.400 22.500 -7.250 -6.300 22.500 -7.250
3 0 -6.300 23.400 -7.250 -6.300 24.200 -7.250 -5.400 24.200 -7.250
3 0 -5.400 24.200 -7.250 -5.400 23.400 -7.250 -6.300 23.400 -7.250
3 0 -5.400 12.300 -7.250 -6.300 13.200 -7.250 -5.400 13.200 -7.250
3 0 -7.100 10.600 -7.250 -8.000 10.600 -7.250 -9.700 11.500 -7.250
3 0 -9.700 11.500 -7.250 -5.400 11.500 -7.250 -7.100 10.600 -7.250
3 0 -9.700 12.300 -7.250 -7.100 13.200 -7.250 -6.300 13.200 -7.250
3 0 -6.300 13.200 -7.250 -5.400 12.300 -7.250 -9.700 12.300 -7.250
3 0 -5.400 24.200 -7.250 -6.300 24.200 -7.250 -5.400 25.100 -7.250
3 0 -6.300 24.200 -7.250 -7.100 24.200 -7.250 -5.400 25.900 -7.250
3 0 -5.400 25.900 -7.250 -5.400 25.100 -7.250 -6.300 24.200 -7.250
3 0 -5.400 15.700 -7.250 -6.300 15.700 -7.250 -6.300 16.600 -7.250
3 0 -6.300 16.600 -7.250 -6.300 17.400 -7.250 -4.600 15.700 -7.250
3 0 -4.600 15.700 -7.250 -5.400 15.700 -7.250 -6.300 16.600 -7.250
3 0 -5.400 25.900 -7.250 -12.000 29.500 -7.250 -3.700 27.600 -7.250
3 0 -5.400 12.300 -7.250 -5.400 13.200 -7.250 -4.600 13.200 -7.250
3 0 -4.600 13.200 -7.250 -4.600 12.300 -7.250 -5.400 12.300 -7.250
3 0 -5.400 14.000 -7.250 -5.400 14.900 -7.250 -4.600 14.900 -7.250
3 0 -4.600 14.900 -7.250 -4.600 14.000 -7.250 -5.400 14.000 -7.250
3 0 -5.400 20.800 -7.250 -5.400 21.700 -7.250 -4.600 21.700 -7.250
3 0 -4.600 21.700 -7.250 -4.600 20.800 -7.250 -5.400 20.800 -7.250
3 0 -5.400 22.500 -7.250 -5.400 23.400 -7.250 -4.600 23.400 -7.250
3 0 -4.600 23.400 -7.250 -4.600 22.500 -7.250 -5.400 22.500 -7.250
3 0 -5.400 24.200 -7.250 -5.400 25.100 -7.250 -4.600 25.100 -7.250
3 0 -4.600 25.100 -7.250 -4.600 24.200 -7.250 -5.400 24.200 -7.250
3 0 -4.600 20.800 -7.250 -4.600 21.700 -7.250 -3.700 21.700 -7.250
3 0 -6.300 9.800 -7.250 -6.300 10.600 -7.250 -3.700 10.600 -7.250
3 0 -3.700 10.600 -7.250 -3.700 9.800 -7.250 -6.300 9.800 -7.250
3 0 -4.600 11.500 -7.250 -4.600 12.300 -7.250 -3.700 12.300 -7.250
3 0 -3.700 12.300 -7.250 -3.700 11.500 -7.250 -4.600 11.500 -7.250
3 0 -4.600 12.300 -7.250 -4.600 13.200 -7.250 -3.700 13.200 -7.250
3 0 -3.700 13.200 -7.250 -3.700 12.300 -7.250 -4.600 12.300 -7.250
3 0 -4.600 13.200 -7.250 -4.600 14.000 -7.250 -3.700 14.000 -7.250
3 0 -3.700 14.000 -7.250 -3.700 13.200 -7.250 -4.600 13.200 -7.250
3 0 -4.600 21.700 -7.250 -4.600 22.500 -7.250 -3.700 22.500 -7.250
3 0 -3.700 22.500 -7.250 -3.700 21.700 -7.250 -4.600 21.700 -7.250
3 0 -4.600 22.500 -7.250 -4.600 23.400 -7.250 -3.700 23.400 -7.250
3 0 -3.700 23.400 -7.250 -3.700 22.500 -7.250 -4.600 22.500 -7.250
3 0 -4.600 23.400 -7.250 -4.600 24.200 -7.250 -3.700 24.200 -7.250
3 0 -3.700 24.200 -7.250 -3.700 23.400 -7.250 -4.600 23.400 -7.250
3 0 -4.600 24.200 -7.250 -4.600 25.100 -7.250 -3.700 25.100 -7.250
3 0 -3.700 25.100 -7.250 -3.700 24.200 -7.250 -4.600 24.200 -7.250
3 0 -4.600 25.100 -7.250 -4.600 25.900 -7.250 -3.700 25.900 -7.250
3 0 -3.700 25.900 -7.250 -3.700 25.100 -7.250 -4.600 25.100 -7.250
3 0 -3.700 19.100 -7.250 -4.600 20.000 -7.250 -4.600 20.800 -7.250
3 0 -4.600 20.800 -7.250 -3.700 21.700 -7.250 -3.700 19.100 -7.250
3 0 -3.700 14.000 -7.250 -4.600 14.000 -7.250 -4.600 14.900 -7.250
3 0 -3.700 10.600 -7.250 -4.600 11.500 -7.250 -3.700 11.500 -7.250
3 0 -6.300 10.600 -7.250 -5.400 11.500 -7.250 -4.600 11.500 -7.250
3 0 -4.600 11.500 -7.250 -3.700 10.600 -7.250 -6.300 10.600 -7.250
3 0 -3.700 25.900 -7.250 -4.600 25.900 -7.250 -3.700 26.800 -7.250
3 0 -4.600 25.900 -7.250 -5.400 25.900 -7.250 -3.700 27.600 -7.250
3 0 -3.700 27.600 -7.250 -3.700 26.800 -7.250 -4.600 25.900 -7.250
3 0 -4.600 14.900 -7.250 -4.600 15.700 -7.250 -2.900 14.000 -7.250
3 0 -2.900 14.000 -7.250 -3.700 14.000 -7.250 -4.600 14.900 -7.250
3 0 -3.700 18.300 -7.250 -5.400 20.000 -7.250 -4.600 20.000 -7.250
3 0 -4.600 20.000 -7.250 -3.700 19.100 -7.250 -3.700 18.300 -7.250
3 0 -4.600 15.700 -7.250 -6.300 17.400 -7.250 -5.400 20.000 -7.250
3 0 -5.400 20.000 -7.250 -3.700 18.300 -7.250 -4.600 15.700 -7.250
3 0 -3.700 10.600 -7.250 -3.700 11.500 -7.250 -2.900 11.500 -7.250
3 0 -2.900 11.500 -7.250 -2.900 10.600 -7.250 -3.700 10.600 -7.250
3 0 -3.700 12.300 -7.250 -3.700 13.200 -7.250 -2.900 13.200 -7.250
3 0 -2.900 13.200 -7.250 -2.900 12.300 -7.250 -3.700 12.300 -7.250
3 0 -3.700 22.500 -7.250 -3.700 23.400 -7.250 -2.900 23.400 -7.250
3 0 -2.900 23.400 -7.250 -2.900 22.500 -7.250 -3.700 22.500 -7.250
3 0 -3.700 24.200 -7.250 -3.700 25.100 -7.250 -2.900 25.100 -7.250
3 0 -2.900 25.100 -7.250 -2.900 24.200 -7.250 -3.700 24.200 -7.250
3 0 -3.700 25.900 -7.250 -3.700 26.800 -7.250 -2.900 26.800 -7.250
3 0 -2.900 26.800 -7.250 -2.900 25.900 -7.250 -3.700 25.900 -7.250
3 0 -2.900 25.100 -7.250 -2.000 25.100 -7.250 -2.000 22.500 -7.250
3 0 -2.000 22.500 -7.250 -2.900 24.200 -7.250 -2.900 25.100 -7.250
3 0 -3.700 19.100 -7.250 -3.700 21.700 -7.250 -2.900 21.700 -7.250
3 0 -2.900 21.700 -7.250 -2.900 19.100 -7.250 -3.700 19.100 -7.250
3 0 -2.900 18.300 -7.250 -2.900 19.100 -7.250 -2.000 19.100 -7.250
3 0 -2.000 19.100 -7.250 -2.000 18.300 -7.250 -2.900 18.300 -7.250
3 0 -2.900 9.800 -7.250 -2.900 10.600 -7.250 -2.000 10.600 -7.250
3 0 -2.000 10.600 -7.250 -2.000 9.800 -7.250 -2.900 9.800 -7.250
3 0 -2.900 10.600 -7.250 -2.900 11.500 -7.250 -2.000 11.500 -7.250
3 0 -2.000 11.500 -7.250 -2.000 10.600 -7.250 -2.900 10.600 -7.250
3 0 -2.900 11.500 -7.250 -2.900 12.300 -7.250 -2.000 12.300 -7.250
3 0 -2.000 12.300 -7.250 -2.000 11.500 -7.250 -2.900 11.500 -7.250
3 0 -2.900 21.700 -7.250 -2.900 22.500 -7.250 -2.000 22.500 -7.250
3 0 -2.000 22.500 -7.250 -2.000 21.700 -7.250 -2.900 21.700 -7.250
3 0 -2.900 25.100 -7.250 -2.900 25.900 -7.250 -2.000 25.900 -7.250
3 0 -2.000 25.900 -7.250 -2.000 25.100 -7.250 -2.900 25.100 -7.250
3 0 -2.900 25.900 -7.250 -2.900 26.800 -7.250 -2.000 26.800 -7.250
3 0 -2.000 26.800 -7.250 -2.000 25.900 -7.250 -2.900 25.900 -7.250
3 0 -2.900 26.800 -7.250 -2.900 27.600 -7.250 -2.000 27.600 -7.250
3 0 -2.000 27.600 -7.250 -2.000 26.800 -7.250 -2.900 26.800 -7.250
3 0 -2.000 22.500 -7.250 -2.900 22.500 -7.250 -2.900 23.400 -7.250
3 0 -2.000 22.500 -7.250 -2.900 23.400 -7.250 -2.900 24.200 -7.250
3 0 -2.000 20.800 -7.250 -2.900 21.700 -7.250 -2.000 21.700 -7.250
3 0 -2.000 19.100 -7.250 -2.900 19.100 -7.250 -2.900 21.700 -7.250
3 0 -2.900 21.700 -7.250 -2.000 20.000 -7.250 -2.000 19.100 -7.250
3 0 -2.000 20.000 -7.250 -2.900 21.700 -7.250 -2.000 20.800 -7.250
3 0 -2.000 17.400 -7.250 -2.900 18.300 -7.250 -2.000 18.300 -7.250
3 0 -2.000 12.300 -7.250 -2.900 12.300 -7.250 -2.900 13.200 -7.250
3 0 -2.900 14.000 -7.250 -4.600 15.700 -7.250 -3.700 18.300 -7.250
3 0 -3.700 18.300 -7.250 -2.000 16.600 -7.250 -2.900 14.000 -7.250
3 0 -2.000 16.600 -7.250 -3.700 18.300 -7.250 -2.900 18.300 -7.250
3 0 -2.900 18.300 -7.250 -2.000 17.400 -7.250 -2.000 16.600 -7.250
3 0 -2.000 27.600 -7.250 -2.900 27.600 -7.250 0.000 29.500 -7.250
3 0 -2.000 10.600 -7.250 -2.000 11.500 -7.250 -1.200 11.500 -7.250
3 0 -1.200 11.500 -7.250 -1.200 10.600 -7.250 -2.000 10.600 -7.250
3 0 -2.000 17.400 -7.250 -2.000 18.300 -7.250 -1.200 18.300 -7.250
3 0 -1.200 18.300 -7.250 -1.200 17.400 -7.250 -2.000 17.400 -7.250
3 0 -2.000 19.100 -7.250 -2.000 20.000 -7.250 -1.200 20.000 -7.250
3 0 -1.200 20.000 -7.250 -1.200 19.100 -7.250 -2.000 19.100 -7.250
3 0 -2.000 20.800 -7.250 -2.000 21.700 -7.250 -1.200 21.700 -7.250
3 0 -1.200 21.700 -7.250 -1.200 20.800 -7.250 -2.000 20.800 -7.250
3 0 -2.000 25.900 -7.250 -2.000 26.800 -7.250 -1.200 26.800 -7.250
3 0 -1.200 26.800 -7.250 -1.200 25.900 -7.250 -2.000 25.900 -7.250
3 0 -1.200 25.900 -7.250 -1.200 26.800 -7.250 -0.300 26.800 -7.250
3 0 -2.000 22.500 -7.250 -2.000 25.100 -7.250 -1.200 25.100 -7.250
3 0 -1.200 25.100 -7.250 -1.200 22.500 -7.250 -2.000 22.500 -7.250
3 0 -2.000 12.300 -7.250 -2.900 13.200 -7.250 -0.300 13.200 -7.250
3 0 -0.300 13.200 -7.250 -1.200 12.300 -7.250 -2.000 12.300 -7.250
3 0 -1.200 10.600 -7.250 -1.200 11.500 -7.250 0.500 13.200 -7.250
3 0 -1.200 10.600 -7.250 0.500 13.200 -7.250 10.000 8.500 -7.250
3 0 10.000 8.500 -7.250 -1.200 9.800 -7.250 -1.200 10.600 -7.250
3 0 -1.200 27.600 -7.250 -2.000 27.600 -7.250 0.000 29.500 -7.250
3 0 -2.900 13.200 -7.250 -2.900 14.000 -7.250 -0.300 14.000 -7.250
3 0 -0.300 14.000 -7.250 -0.300 13.200 -7.250 -2.900 13.200 -7.250
3 0 -1.200 16.600 -7.250 -1.200 17.400 -7.250 -0.300 17.400 -7.250
3 0 -0.300 17.400 -7.250 -0.300 16.600 -7.250 -1.200 16.600 -7.250
3 0 -1.200 17.400 -7.250 -1.200 18.300 -7.250 -0.300 18.300 -7.250
3 0 -0.300 18.300 -7.250 -0.300 17.400 -7.250 -1.200 17.400 -7.250
3 0 -1.200 18.300 -7.250 -1.200 19.100 -7.250 -0.300 19.100 -7.250
3 0 -0.300 19.100 -7.250 -0.300 18.300 -7.250 -1.200 18.300 -7.250
3 0 -1.200 19.100 -7.250 -1.200 20.000 -7.250 -0.300 20.000 -7.250
3 0 -0.300 20.000 -7.250 -0.300 19.100 -7.250 -1.200 19.100 -7.250
3 0 -1.200 20.000 -7.250 -1.200 20.800 -7.250 -0.300 20.800 -7.250
3 0 -0.300 20.800 -7.250 -0.300 20.000 -7.250 -1.200 20.000 -7.250
3 0 -1.200 20.800 -7.250 -1.200 21.700 -7.250 -0.300 21.700 -7.250
3 0 -0.300 21.700 -7.250 -0.300 20.800 -7.250 -1.200 20.800 -7.250
3 0 -1.200 21.700 -7.250 -1.200 22.500 -7.250 -0.300 22.500 -7.250
3 0 -0.300 22.500 -7.250 -0.300 21.700 -7.250 -1.200 21.700 -7.250
3 0 -1.200 26.800 -7.250 -1.200 27.600 -7.250 -0.300 27.600 -7.250
3 0 -0.300 27.600 -7.250 -0.300 26.800 -7.250 -1.200 26.800 -7.250
3 0 -1.200 22.500 -7.250 -1.200 25.100 -7.250 0.500 26.800 -7.250
3 0 0.500 26.800 -7.250 -0.300 22.500 -7.250 -1.200 22.500 -7.250
3 0 -0.300 15.700 -7.250 -1.200 16.600 -7.250 -0.300 16.600 -7.250
3 0 -0.300 14.900 -7.250 -2.000 16.600 -7.250 -1.200 16.600 -7.250
3 0 -1.200 16.600 -7.250 -0.300 15.700 -7.250 -0.300 14.900 -7.250
3 0 -0.300 14.000 -7.250 -2.900 14.000 -7.250 -2.000 16.600 -7.250
3 0 -2.000 16.600 -7.250 -0.300 14.900 -7.250 -0.300 14.000 -7.250
3 0 -0.300 27.600 -7.250 -1.200 27.600 -7.250 0.000 29.500 -7.250
3 0 -2.900 27.600 -7.250 -3.700 27.600 -7.250 -12.000 29.500 -7.250
3 0 -12.000 29.500 -7.250 0.000 29.500 -7.250 -2.900 27.600 -7.250
3 0 -0.300 14.000 -7.250 -0.300 14.900 -7.250 0.500 14.900 -7.250
3 0 0.500 14.900 -7.250 0.500 14.000 -7.250 -0.300 14.000 -7.250
3 0 -0.300 15.700 -7.250 -0.300 16.600 -7.250 0.500 16.600 -7.250
3 0 0.500 16.600 -7.250 0.500 15.700 -7.250 -0.300 15.700 -7.250
3 0 -0.300 17.400 -7.250 -0.300 18.300 -7.250 0.500 18.300 -7.250
3 0 0.500 18.300 -7.250 0.500 17.400 -7.250 -0.300 17.400 -7.250
3 0 -0.300 19.100 -7.250 -0.300 20.000 -7.250 0.500 20.000 -7.250
3 0 0.500 20.000 -7.250 0.500 19.100 -7.250 -0.300 19.100 -7.250
3 0 -0.300 20.800 -7.250 -0.300 21.700 -7.250 0.500 21.700 -7.250
3 0 0.500 21.700 -7.250 0.500 20.800 -7.250 -0.300 20.800 -7.250
3 0 -1.200 25.100 -7.250 -1.200 25.900 -7.250 -0.300 26.800 -7.250
3 0 -0.300 26.800 -7.250 0.500 26.800 -7.250 -1.200 25.100 -7.250
3 0 0.500 22.500 -7.250 -0.300 22.500 -7.250 0.500 26.800 -7.250
3 0 -1.200 11.500 -7.250 -1.200 12.300 -7.250 -0.300 13.200 -7.250
3 0 -0.300 13.200 -7.250 0.500 13.200 -7.250 -1.200 11.500 -7.250
3 0 0.500 14.000 -7.250 0.500 14.900 -7.250 1.400 14.900 -7.250
3 0 0.500 27.600 -7.250 -0.300 27.600 -7.250 0.000 29.500 -7.250
3 0 0.500 20.000 -7.250 0.500 20.800 -7.250 1.400 20.800 -7.250
3 0 1.400 20.800 -7.250 1.400 20.000 -7.250 0.500 20.000 -7.250
3 0 0.500 21.700 -7.250 0.500 22.500 -7.250 1.400 22.500 -7.250
3 0 1.400 22.500 -7.250 1.400 21.700 -7.250 0.500 21.700 -7.250
3 0 0.500 14.900 -7.250 0.500 15.700 -7.250 1.400 15.700 -7.250
3 0 1.400 15.700 -7.250 1.400 14.900 -7.250 0.500 14.900 -7.250
3 0 0.500 15.700 -7.250 0.500 16.600 -7.250 1.400 16.600 -7.250
3 0 1.400 16.600 -7.250 1.400 15.700 -7.250 0.500 15.700 -7.250
3 0 0.500 16.600 -7.250 0.500 17.400 -7.250 1.400 17.400 -7.250
3 0 1.400 17.400 -7.250 1.400 16.600 -7.250 0.500 16.600 -7.250
3 0 0.500 17.400 -7.250 0.500 18.300 -7.250 1.400 18.300 -7.250
3 0 1.400 18.300 -7.250 1.400 17.400 -7.250 0.500 17.400 -7.250
3 0 0.500 18.300 -7.250 0.500 19.100 -7.250 1.400 19.100 -7.250
3 0 1.400 19.100 -7.250 1.400 18.300 -7.250 0.500 18.300 -7.250
3 0 0.500 19.100 -7.250 0.500 20.000 -7.250 1.400 20.000 -7.250
3 0 1.400 20.000 -7.250 1.400 19.100 -7.250 0.500 19.100 -7.250
3 0 0.500 20.800 -7.250 0.500 21.700 -7.250 1.400 21.700 -7.250
3 0 1.400 21.700 -7.250 1.400 20.800 -7.250 0.500 20.800 -7.250
3 0 0.500 26.800 -7.250 0.500 27.600 -7.250 1.400 27.600 -7.250
3 0 1.400 27.600 -7.250 1.400 26.800 -7.250 0.500 26.800 -7.250
3 0 0.500 22.500 -7.250 0.500 26.800 -7.250 1.400 26.800 -7.250
3 0 1.400 26.800 -7.250 1.400 22.500 -7.250 0.500 22.500 -7.250
3 0 1.400 27.600 -7.250 0.500 27.600 -7.250 0.000 29.500 -7.250
3 0 1.400 15.700 -7.250 1.400 16.600 -7.250 2.200 16.600 -7.250
3 0 2.200 16.600 -7.250 2.200 15.700 -7.250 1.400 15.700 -7.250
3 0 1.400 17.400 -7.250 1.400 18.300 -7.250 2.200 18.300 -7.250
3 0 2.200 18.300 -7.250 2.200 17.400 -7.250 1.400 17.400 -7.250
3 0 1.400 19.100 -7.250 1.400 20.000 -7.250 2.200 20.000 -7.250
3 0 2.200 20.000 -7.250 2.200 19.100 -7.250 1.400 19.100 -7.250
3 0 1.400 20.800 -7.250 1.400 21.700 -7.250 2.200 21.700 -7.250
3 0 2.200 21.700 -7.250 2.200 20.800 -7.250 1.400 20.800 -7.250
3 0 1.400 22.500 -7.250 1.400 26.800 -7.250 2.200 26.800 -7.250
3 0 2.200 26.800 -7.250 2.200 22.500 -7.250 1.400 22.500 -7.250
3 0 0.500 13.200 -7.250 0.500 14.000 -7.250 1.400 14.900 -7.250
3 0 1.400 14.900 -7.250 2.200 14.900 -7.250 0.500 13.200 -7.250
3 0 2.200 27.600 -7.250 1.400 27.600 -7.250 0.000 29.500 -7.250
3 0 2.200 21.700 -7.250 2.200 22.500 -7.250 3.100 22.500 -7.250
3 0 3.100 22.500 -7.250 3.100 21.700 -7.250 2.200 21.700 -7.250
3 0 2.200 20.000 -7.250 2.200 20.800 -7.250 3.100 20.800 -7.250
3 0 3.100 20.800 -7.250 3.100 20.000 -7.250 2.200 20.000 -7.250
3 0 2.200 14.900 -7.250 2.200 15.700 -7.250 3.100 15.700 -7.250
3 0 3.100 15.700 -7.250 3.100 14.900 -7.250 2.200 14.900 -7.250
3 0 2.200 15.700 -7.250 2.200 16.600 -7.250 3.100 16.600 -7.250
3 0 3.100 16.600 -7.250 3.100 15.700 -7.250 2.200 15.700 -7.250
3 0 2.200 16.600 -7.250 2.200 17.400 -7.250 3.100 17.400 -7.250
3 0 3.100 17.400 -7.250 3.100 16.600 -7.250 2.200 16.600 -7.250
3 0 2.200 17.400 -7.250 2.200 18.300 -7.250 3.100 18.300 -7.250
3 0 3.100 18.300 -7.250 3.100 17.400 -7.250 2.200 17.400 -7.250
3 0 2.200 18.300 -7.250 2.200 19.100 -7.250 3.100 19.100 -7.250
3 0 3.100 19.100 -7.250 3.100 18.300 -7.250 2.200 18.300 -7.250
3 0 2.200 19.100 -7.250 2.200 20.000 -7.250 3.100 20.000 -7.250
3 0 3.100 20.000 -7.250 3.100 19.100 -7.250 2.200 19.100 -7.250
3 0 2.200 20.800 -7.250 2.200 21.700 -7.250 3.100 21.700 -7.250
3 0 3.100 21.700 -7.250 3.100 20.800 -7.250 2.200 20.800 -7.250
3 0 2.200 26.800 -7.250 2.200 27.600 -7.250 3.100 27.600 -7.250
3 0 3.100 27.600 -7.250 3.100 26.800 -7.250 2.200 26.800 -7.250
3 0 2.200 22.500 -7.250 2.200 26.800 -7.250 3.100 26.800 -7.250
3 0 3.100 26.800 -7.250 3.100 22.500 -7.250 2.200 22.500 -7.250
3 0 3.100 27.600 -7.250 2.200 27.600 -7.250 0.000 29.500 -7.250
3 0 3.100 15.700 -7.250 3.100 16.600 -7.250 3.900 16.600 -7.250
3 0 3.900 16.600 -7.250 3.900 15.700 -7.250 3.100 15.700 -7.250
3 0 3.100 17.400 -7.250 3.100 18.300 -7.250 3.900 18.300 -7.250
3 0 3.900 18.300 -7.250 3.900 17.400 -7.250 3.100 17.400 -7.250
3 0 3.100 19.100 -7.250 3.100 20.000 -7.250 3.900 20.000 -7.250
3 0 3.900 20.000 -7.250 3.900 19.100 -7.250 3.100 19.100 -7.250
3 0 3.100 20.800 -7.250 3.100 21.700 -7.250 3.900 21.700 -7.250
3 0 3.900 21.700 -7.250 3.900 20.800 -7.250 3.100 20.800 -7.250
3 0 3.100 22.500 -7.250 3.100 26.800 -7.250 3.900 26.800 -7.250
3 0 3.900 26.800 -7.250 3.900 22.500 -7.250 3.100 22.500 -7.250
3 0 3.900 27.600 -7.250 3.100 27.600 -7.250 0.000 29.500 -7.250
3 0 3.900 21.700 -7.250 3.900 22.500 -7.250 4.800 22.500 -7.250
3 0 4.800 22.500 -7.250 4.800 21.700 -7.250 3.900 21.700 -7.250
3 0 3.900 20.000 -7.250 3.900 20.800 -7.250 4.800 20.800 -7.250
3 0 4.800 20.800 -7.250 4.800 20.000 -7.250 3.900 20.000 -7.250
3 0 3.900 14.900 -7.250 3.900 15.700 -7.250 4.800 15.700 -7.250
3 0 4.800 15.700 -7.250 4.800 14.900 -7.250 3.900 14.900 -7.250
3 0 3.900 15.700 -7.250 3.900 16.600 -7.250 4.800 16.600 -7.250
3 0 4.800 16.600 -7.250 4.800 15.700 -7.250 3.900 15.700 -7.250
3 0 3.900 16.600 -7.250 3.900 17.400 -7.250 4.800 17.400 -7.250
3 0 4.800 17.400 -7.250 4.800 16.600 -7.250 3.900 16.600 -7.250
3 0 3.900 17.400 -7.250 3.900 18.300 -7.250 4.800 18.300 -7.250
3 0 4.800 18.300 -7.250 4.800 17.400 -7.250 3.900 17.400 -7.250
3 0 3.900 18.300 -7.250 3.900 19.100 -7.250 4.800 19.100 -7.250
3 0 4.800 19.100 -7.250 4.800 18.300 -7.250 3.900 18.300 -7.250
3 0 3.900 19.100 -7.250 3.900 20.000 -7.250 4.800 20.000 -7.250
3 0 4.800 20.000 -7.250 4.800 19.100 -7.250 3.900 19.100 -7.250
3 0 3.900 20.800 -7.250 3.900 21.700 -7.250 4.800 21.700 -7.250
3 0 4.800 21.700 -7.250 4.800 20.800 -7.250 3.900 20.800 -7.250
3 0 3.900 26.800 -7.250 3.900 27.600 -7.250 4.800 27.600 -7.250
3 0 4.800 27.600 -7.250 4.800 26.800 -7.250 3.900 26.800 -7.250
3 0 4.800 25.900 -7.250 3.900 26.800 -7.250 4.800 26.800 -7.250
3 0 4.800 22.500 -7.250 3.900 22.500 -7.250 3.900 26.800 -7.250
3 0 3.900 26.800 -7.250 4.800 25.100 -7.250 4.800 22.500 -7.250
3 0 4.800 25.100 -7.250 3.900 26.800 -7.250 4.800 25.900 -7.250
3 0 4.800 27.600 -7.250 3.900 27.600 -7.250 0.000 29.500 -7.250
3 0 4.800 15.700 -7.250 4.800 16.600 -7.250 5.600 16.600 -7.250
3 0 5.600 16.600 -7.250 5.600 15.700 -7.250 4.800 15.700 -7.250
3 0 4.800 17.400 -7.250 4.800 18.300 -7.250 5.600 18.300 -7.250
3 0 5.600 18.300 -7.250 5.600 17.400 -7.250 4.800 17.400 -7.250
3 0 4.800 19.100 -7.250 4.800 20.000 -7.250 5.600 20.000 -7.250
3 0 5.600 20.000 -7.250 5.600 19.100 -7.250 4.800 19.100 -7.250
3 0 4.800 20.800 -7.250 4.800 21.700 -7.250 5.600 21.700 -7.250
3 0 5.600 21.700 -7.250 5.600 20.800 -7.250 4.800 20.800 -7.250
3 0 4.800 25.900 -7.250 4.800 26.800 -7.250 5.600 26.800 -7.250
3 0 5.600 26.800 -7.250 5.600 25.900 -7.250 4.800 25.900 -7.250
3 0 4.800 22.500 -7.250 4.800 25.100 -7.250 5.600 25.100 -7.250
3 0 5.600 25.100 -7.250 5.600 22.500 -7.250 4.800 22.500 -7.250
3 0 5.600 21.700 -7.250 6.500 21.700 -7.250 8.200 20.800 -7.250
3 0 8.200 20.800 -7.250 5.600 20.800 -7.250 5.600 21.700 -7.250
3 0 8.200 20.800 -7.250 8.200 20.000 -7.250 5.600 20.000 -7.250
3 0 5.600 20.000 -7.250 5.600 20.800 -7.250 8.200 20.800 -7.250
3 0 5.600 27.600 -7.250 4.800 27.600 -7.250 0.000 29.500 -7.250
3 0 5.600 21.700 -7.250 5.600 22.500 -7.250 6.500 22.500 -7.250
3 0 6.500 22.500 -7.250 6.500 21.700 -7.250 5.600 21.700 -7.250
3 0 5.600 14.900 -7.250 5.600 15.700 -7.250 6.500 15.700 -7.250
3 0 6.500 15.700 -7.250 6.500 14.900 -7.250 5.600 14.900 -7.250
3 0 5.600 15.700 -7.250 5.600 16.600 -7.250 6.500 16.600 -7.250
3 0 6.500 16.600 -7.250 6.500 15.700 -7.250 5.600 15.700 -7.250
3 0 5.600 16.600 -7.250 5.600 17.400 -7.250 6.500 17.400 -7.250
3 0 6.500 17.400 -7.250 6.500 16.600 -7.250 5.600 16.600 -7.250
3 0 5.600 17.400 -7.250 5.600 18.300 -7.250 6.500 18.300 -7.250
3 0 6.500 18.300 -7.250 6.500 17.400 -7.250 5.600 17.400 -7.250
3 0 5.600 18.300 -7.250 5.600 19.100 -7.250 6.500 19.100 -7.250
3 0 6.500 19.100 -7.250 6.500 18.300 -7.250 5.600 18.300 -7.250
3 0 5.600 26.800 -7.250 5.600 27.600 -7.250 6.500 27.600 -7.250
3 0 6.500 27.600 -7.250 6.500 26.800 -7.250 5.600 26.800 -7.250
3 0 5.600 25.900 -7.250 5.600 26.800 -7.250 6.500 26.800 -7.250
3 0 6.500 26.800 -7.250 6.500 25.900 -7.250 5.600 25.900 -7.250
3 0 5.600 25.100 -7.250 5.600 25.900 -7.250 6.500 25.900 -7.250
3 0 6.500 25.900 -7.250 6.500 25.100 -7.250 5.600 25.100 -7.250
3 0 6.500 22.500 -7.250 5.600 22.500 -7.250 5.600 25.100 -7.250
3 0 5.600 25.100 -7.250 6.500 23.400 -7.250 6.500 22.500 -7.250
3 0 6.500 24.200 -7.250 5.600 25.100 -7.250 6.500 25.100 -7.250
3 0 6.500 23.400 -7.250 5.600 25.100 -7.250 6.500 24.200 -7.250
3 0 6.500 19.100 -7.250 5.600 19.100 -7.250 5.600 20.000 -7.250
3 0 6.500 27.600 -7.250 5.600 27.600 -7.250 0.000 29.500 -7.250
3 0 6.500 15.700 -7.250 6.500 16.600 -7.250 7.300 16.600 -7.250
3 0 7.300 16.600 -7.250 7.300 15.700 -7.250 6.500 15.700 -7.250
3 0 6.500 17.400 -7.250 6.500 18.300 -7.250 7.300 18.300 -7.250
3 0 7.300 18.300 -7.250 7.300 17.400 -7.250 6.500 17.400 -7.250
3 0 6.500 25.900 -7.250 6.500 26.800 -7.250 7.300 26.800 -7.250
3 0 7.300 26.800 -7.250 7.300 25.900 -7.250 6.500 25.900 -7.250
3 0 6.500 24.200 -7.250 6.500 25.100 -7.250 7.300 25.100 -7.250
3 0 7.300 25.100 -7.250 7.300 24.200 -7.250 6.500 24.200 -7.250
3 0 6.500 22.500 -7.250 6.500 23.400 -7.250 7.300 23.400 -7.250
3 0 7.300 23.400 -7.250 7.300 22.500 -7.250 6.500 22.500 -7.250
3 0 7.300 19.100 -7.250 6.500 19.100 -7.250 5.600 20.000 -7.250
3 0 7.300 15.700 -7.250 7.300 16.600 -7.250 8.200 16.600 -7.250
3 0 6.500 27.600 -7.250 0.000 29.500 -7.250 12.000 29.500 -7.250
3 0 12.000 29.500 -7.250 7.300 27.600 -7.250 6.500 27.600 -7.250
3 0 7.300 21.700 -7.250 7.300 22.500 -7.250 8.200 22.500 -7.250
3 0 8.200 22.500 -7.250 8.200 21.700 -7.250 7.300 21.700 -7.250
3 0 7.300 16.600 -7.250 7.300 17.400 -7.250 8.200 17.400 -7.250
3 0 8.200 17.400 -7.250 8.200 16.600 -7.250 7.300 16.600 -7.250
3 0 7.300 17.400 -7.250 7.300 18.300 -7.250 8.200 18.300 -7.250
3 0 8.200 18.300 -7.250 8.200 17.400 -7.250 7.300 17.400 -7.250
3 0 7.300 18.300 -7.250 7.300 19.100 -7.250 8.200 19.100 -7.250
3 0 8.200 19.100 -7.250 8.200 18.300 -7.250 7.300 18.300 -7.250
3 0 7.300 25.100 -7.250 7.300 25.900 -7.250 8.200 25.900 -7.250
3 0 8.200 25.900 -7.250 8.200 25.100 -7.250 7.300 25.100 -7.250
3 0 7.300 24.200 -7.250 7.300 25.100 -7.250 8.200 25.100 -7.250
3 0 8.200 25.100 -7.250 8.200 24.200 -7.250 7.300 24.200 -7.250
3 0 7.300 23.400 -7.250 7.300 24.200 -7.250 8.200 24.200 -7.250
3 0 8.200 24.200 -7.250 8.200 23.400 -7.250 7.300 23.400 -7.250
3 0 7.300 22.500 -7.250 7.300 23.400 -7.250 8.200 23.400 -7.250
3 0 8.200 23.400 -7.250 8.200 22.500 -7.250 7.300 22.500 -7.250
3 0 8.200 25.900 -7.250 7.300 25.900 -7.250 7.300 26.800 -7.250
3 0 7.300 26.800 -7.250 7.300 27.600 -7.250 9.000 25.900 -7.250
3 0 9.000 25.900 -7.250 8.200 25.900 -7.250 7.300 26.800 -7.250
3 0 8.200 20.800 -7.250 7.300 21.700 -7.250 8.200 21.700 -7.250
3 0 8.200 19.100 -7.250 7.300 19.100 -7.250 5.600 20.000 -7.250
3 0 5.600 20.000 -7.250 8.200 20.000 -7.250 8.200 19.100 -7.250
3 0 8.200 20.800 -7.250 6.500 21.700 -7.250 7.300 21.700 -7.250
3 0 8.200 17.400 -7.250 8.200 18.300 -7.250 9.000 18.300 -7.250
3 0 9.000 18.300 -7.250 9.000 17.400 -7.250 8.200 17.400 -7.250
3 0 8.200 19.100 -7.250 8.200 20.000 -7.250 9.000 20.000 -7.250
3 0 9.000 20.000 -7.250 9.000 19.100 -7.250 8.200 19.100 -7.250
3 0 8.200 24.200 -7.250 8.200 25.100 -7.250 9.000 25.100 -7.250
3 0 9.000 25.100 -7.250 9.000 24.200 -7.250 8.200 24.200 -7.250
3 0 8.200 22.500 -7.250 8.200 23.400 -7.250 9.000 23.400 -7.250
3 0 9.000 23.400 -7.250 9.000 22.500 -7.250 8.200 22.500 -7.250
3 0 8.200 20.800 -7.250 8.200 21.700 -7.250 9.000 21.700 -7.250
3 0 9.000 21.700 -7.250 9.000 20.800 -7.250 8.200 20.800 -7.250
3 0 10.700 24.200 -7.250 9.900 24.200 -7.250 9.000 25.100 -7.250
3 0 9.000 25.100 -7.250 9.000 25.900 -7.250 10.700 24.200 -7.250
3 0 9.000 19.100 -7.250 9.000 20.000 -7.250 9.900 20.000 -7.250
3 0 7.300 14.900 -7.250 7.300 15.700 -7.250 8.200 16.600 -7.250
3 0 8.200 16.600 -7.250 9.000 16.600 -7.250 7.300 14.900 -7.250
3 0 9.000 17.400 -7.250 9.000 18.300 -7.250 10.700 20.000 -7.250
3 0 9.000 17.400 -7.250 10.700 20.000 -7.250 12.000 19.100 -7.250
3 0 12.000 19.100 -7.250 9.000 16.600 -7.250 9.000 17.400 -7.250
3 0 9.000 25.900 -7.250 7.300 27.600 -7.250 12.000 29.500 -7.250
3 0 9.000 21.700 -7.250 9.000 22.500 -7.250 9.900 22.500 -7.250
3 0 9.900 22.500 -7.250 9.900 21.700 -7.250 9.000 21.700 -7.250
3 0 9.000 20.000 -7.250 9.000 20.800 -7.250 9.900 20.800 -7.250
3 0 9.900 20.800 -7.250 9.900 20.000 -7.250 9.000 20.000 -7.250
3 0 9.000 22.500 -7.250 9.000 23.400 -7.250 9.900 23.400 -7.250
3 0 9.900 23.400 -7.250 9.900 22.500 -7.250 9.000 22.500 -7.250
3 0 9.000 20.800 -7.250 9.000 21.700 -7.250 9.900 21.700 -7.250
3 0 9.900 21.700 -7.250 9.900 20.800 -7.250 9.000 20.800 -7.250
3 0 9.000 23.400 -7.250 9.000 24.200 -7.250 9.900 24.200 -7.250
3 0 9.900 24.200 -7.250 9.900 23.400 -7.250 9.000 23.400 -7.250
3 0 9.900 24.200 -7.250 9.000 24.200 -7.250 9.000 25.100 -7.250
3 0 0.500 13.200 -7.250 2.200 14.900 -7.250 3.100 14.900 -7.250
3 0 3.100 14.900 -7.250 10.000 8.500 -7.250 0.500 13.200 -7.250
3 0 10.000 8.500 -7.250 3.100 14.900 -7.250 3.900 14.900 -7.250
3 0 10.000 8.500 -7.250 3.900 14.900 -7.250 4.800 14.900 -7.250
3 0 10.000 8.500 -7.250 4.800 14.900 -7.250 5.600 14.900 -7.250
3 0 10.000 8.500 -7.250 5.600 14.900 -7.250 6.500 14.900 -7.250
3 0 6.500 14.900 -7.250 7.300 14.900 -7.250 12.000 10.500 -7.250
3 0 12.000 10.500 -7.250 10.000 8.500 -7.250 6.500 14.900 -7.250
3 0 9.900 20.800 -7.250 9.900 21.700 -7.250 10.700 21.700 -7.250
3 0 10.700 21.700 -7.250 10.700 20.800 -7.250 9.900 20.800 -7.250
3 0 9.900 22.500 -7.250 9.900 23.400 -7.250 10.700 23.400 -7.250
3 0 10.700 23.400 -7.250 10.700 22.500 -7.250 9.900 22.500 -7.250
3 0 9.000 18.300 -7.250 9.000 19.100 -7.250 9.900 20.000 -7.250
3 0 9.900 20.000 -7.250 10.700 20.000 -7.250 9.000 18.300 -7.250
3 0 10.700 24.200 -7.250 9.000 25.900 -7.250 12.000 29.500 -7.250
3 0 7.300 14.900 -7.250 9.000 16.600 -7.250 12.000 19.100 -7.250
3 0 12.000 19.100 -7.250 12.000 10.500 -7.250 7.300 14.900 -7.250
3 0 12.000 19.100 -7.250 10.700 20.000 -7.250 10.700 20.800 -7.250
3 0 12.000 19.100 -7.250 10.700 20.800 -7.250 10.700 21.700 -7.250
3 0 12.000 19.100 -7.250 10.700 21.700 -7.250 10.700 22.500 -7.250
3 0 12.000 19.100 -7.250 10.700 22.500 -7.250 10.700 23.400 -7.250
3 0 10.700 23.400 -7.250 10.700 24.200 -7.250 12.000 29.500 -7.250
3 0 12.000 29.500 -7.250 12.000 19.100 -7.250 10.700 23.400 -7.250
3 0 -4.450 32.550 -7.250 -5.400 33.900 -7.250 -4.450 33.900 -7.250
3 0 -4.450 30.800 -7.250 -5.400 30.200 -7.250 -5.400 33.900 -7.250
3 0 -5.400 33.900 -7.250 -4.450 31.950 -7.250 -4.450 30.800 -7.250
3 0 -4.450 31.950 -7.250 -5.400 33.900 -7.250 -4.450 32.550 -7.250
3 0 -4.450 31.950 -7.250 -4.450 32.550 -7.250 -3.500 32.300 -7.250
3 0 -3.500 32.300 -7.250 -3.750 31.950 -7.250 -4.450 31.950 -7.250
3 0 -3.750 31.050 -7.250 -3.500 31.050 -7.250 -3.250 30.700 -7.250
3 0 -3.250 30.700 -7.250 -3.750 30.800 -7.250 -3.750 31.050 -7.250
3 0 -3.250 32.300 -7.250 -3.250 32.050 -7.250 -3.750 31.950 -7.250
3 0 -3.750 31.950 -7.250 -3.500 32.300 -7.250 -3.250 32.300 -7.250
3 0 -5.400 30.200 -7.250 -4.450 30.800 -7.250 -3.500 30.450 -7.250
3 0 -3.500 30.450 -7.250 -3.500 30.200 -7.250 -5.400 30.200 -7.250
3 0 -3.500 30.450 -7.250 -4.450 30.800 -7.250 -3.750 30.800 -7.250
3 0 -3.500 32.300 -7.250 -4.450 32.550 -7.250 -3.500 32.550 -7.250
3 0 -3.750 31.700 -7.250 -3.750 31.950 -7.250 -3.250 32.050 -7.250
3 0 -3.250 32.050 -7.250 -3.500 31.700 -7.250 -3.750 31.700 -7.250
3 0 -3.250 32.050 -7.250 -3.000 32.050 -7.250 -3.500 31.050 -7.250
3 0 -3.500 31.050 -7.250 -3.500 31.700 -7.250 -3.250 32.050 -7.250
3 0 -3.250 30.450 -7.250 -3.500 30.450 -7.250 -3.750 30.800 -7.250
3 0 -3.750 30.800 -7.250 -3.250 30.700 -7.250 -3.250 30.450 -7.250
3 0 -3.250 30.700 -7.250 -3.500 31.050 -7.250 -3.000 32.050 -7.250
3 0 -3.000 32.050 -7.250 -3.000 30.700 -7.250 -3.250 30.700 -7.250
3 0 -2.600 33.900 -7.250 -1.700 33.100 -7.250 -1.700 30.200 -7.250
3 0 -1.700 30.200 -7.250 -2.600 30.200 -7.250 -2.600 33.900 -7.250
3 0 -0.960 33.100 -7.250 -1.700 33.100 -7.250 -2.600 33.900 -7.250
3 0 -2.600 33.900 -7.250 -0.960 33.350 -7.250 -0.960 33.100 -7.250
3 0 -0.700 33.350 -7.250 -0.960 33.350 -7.250 -2.600 33.900 -7.250
3 0 -2.600 33.900 -7.250 -0.700 33.600 -7.250 -0.700 33.350 -7.250
3 0 -0.440 33.600 -7.250 -0.700 33.600 -7.250 -2.600 33.900 -7.250
3 0 -2.600 33.900 -7.250 -0.440 33.900 -7.250 -0.440 33.600 -7.250
3 0 0.830 32.510 -7.250 0.830 31.900 -7.250 0.000 30.700 -7.250
3 0 0.000 30.700 -7.250 0.000 33.900 -7.250 0.830 32.510 -7.250
3 0 0.000 30.700 -7.250 0.830 31.900 -7.250 0.830 31.200 -7.250
3 0 0.830 31.200 -7.250 0.250 30.700 -7.250 0.000 30.700 -7.250
3 0 0.250 30.450 -7.250 0.250 30.700 -7.250 0.830 31.200 -7.250
3 0 0.830 31.200 -7.250 0.520 30.450 -7.250 0.250 30.450 -7.250
3 0 0.830 32.510 -7.250 0.000 33.900 -7.250 0.830 33.900 -7.250
3 0 0.830 31.900 -7.250 0.830 32.510 -7.250 1.260 32.510 -7.250
3 0 1.260 32.510 -7.250 1.260 31.900 -7.250 0.830 31.900 -7.250
3 0 1.260 32.510 -7.250 1.260 33.900 -7.250 2.100 33.900 -7.250
3 0 0.520 30.200 -7.250 0.520 30.450 -7.250 1.570 30.450 -7.250
3 0 1.570 30.450 -7.250 1.570 30.200 -7.250 0.520 30.200 -7.250
3 0 0.520 30.450 -7.250 0.830 31.200 -7.250 1.260 31.200 -7.250
3 0 1.260 31.200 -7.250 1.570 30.450 -7.250 0.520 30.450 -7.250
3 0 1.830 30.450 -7.250 1.570 30.450 -7.250 1.260 31.200 -7.250
3 0 1.260 31.200 -7.250 1.830 30.700 -7.250 1.830 30.450 -7.250
3 0 1.260 31.200 -7.250 1.260 31.900 -7.250 2.100 30.700 -7.250
3 0 2.100 30.700 -7.250 1.830 30.700 -7.250 1.260 31.200 -7.250
3 0 2.100 30.700 -7.250 1.260 31.900 -7.250 1.260 32.510 -7.250
3 0 1.260 32.510 -7.250 2.100 33.900 -7.250 2.100 30.700 -7.250
3 0 2.800 32.300 -7.250 3.050 32.300 -7.250 3.410 31.550 -7.250
3 0 3.410 31.550 -7.250 2.800 32.050 -7.250 2.800 32.300 -7.250
3 0 4.250 33.900 -7.250 4.250 33.640 -7.250 3.650 33.300 -7.250
3 0 3.650 33.300 -7.250 2.800 33.900 -7.250 4.250 33.900 -7.250
3 0 2.550 30.700 -7.250 2.550 32.050 -7.250 2.800 32.050 -7.250
3 0 2.800 32.050 -7.250 2.800 30.700 -7.250 2.550 30.700 -7.250
3 0 2.800 30.700 -7.250 2.800 32.050 -7.250 3.410 31.550 -7.250
3 0 3.050 32.550 -7.250 3.650 32.550 -7.250 3.990 31.550 -7.250
3 0 3.990 31.550 -7.250 3.050 32.300 -7.250 3.050 32.550 -7.250
3 0 2.800 30.450 -7.250 2.800 30.700 -7.250 3.410 31.550 -7.250
3 0 3.410 31.550 -7.250 3.050 30.450 -7.250 2.800 30.450 -7.250
3 0 3.050 30.200 -7.250 3.050 30.450 -7.250 3.410 31.550 -7.250
3 0 3.410 31.550 -7.250 3.410 30.200 -7.250 3.050 30.200 -7.250
3 0 3.650 33.300 -7.250 2.800 33.300 -7.250 2.800 33.900 -7.250
3 0 3.650 33.300 -7.250 4.250 33.640 -7.250 3.990 31.550 -7.250
3 0 3.990 31.550 -7.250 3.650 32.550 -7.250 3.650 33.300 -7.250
3 0 3.990 31.550 -7.250 3.410 31.550 -7.250 3.050 32.300 -7.250
3 0 4.250 33.640 -7.250 4.500 33.640 -7.250 4.500 30.200 -7.250
3 0 4.500 30.200 -7.250 3.990 31.550 -7.250 4.250 33.640 -7.250
3 0 4.500 30.200 -7.250 3.990 30.200 -7.250 3.990 31.550 -7.250
3 15 -12.000 29.500 -7.250 -12.000 19.100 -7.250 -14.000 8.500 -7.250
3 15 -14.000 8.500 -7.250 -14.000 34.500 -7.250 -12.000 29.500 -7.250
3 15 -14.000 8.500 -7.250 -12.000 19.100 -7.250 -12.000 10.500 -7.250
3 15 -12.000 8.500 -7.250 -14.000 8.500 -7.250 -12.000 10.500 -7.250
3 15 -12.000 6.500 -7.250 -14.000 8.500 -7.250 -12.000 8.500 -7.250
3 15 -12.000 8.500 -7.250 -10.000 8.500 -7.250 12.000 6.500 -7.250
3 15 12.000 6.500 -7.250 -12.000 6.500 -7.250 -12.000 8.500 -7.250
3 15 -12.000 32.500 -7.250 -14.000 34.500 -7.250 -12.000 34.500 -7.250
3 15 -12.000 34.500 -7.250 -14.000 34.500 -7.250 -12.000 36.500 -7.250
3 15 -12.000 29.500 -7.250 -14.000 34.500 -7.250 -12.000 32.500 -7.250
3 15 -10.000 34.500 -7.250 -12.000 34.500 -7.250 -12.000 36.500 -7.250
3 15 -10.000 34.500 -7.250 -12.000 36.500 -7.250 12.000 36.500 -7.250
3 15 12.000 36.500 -7.250 0.000 34.500 -7.250 -10.000 34.500 -7.250
3 15 10.000 34.500 -7.250 0.000 34.500 -7.250 12.000 36.500 -7.250
3 15 12.000 6.500 -7.250 -10.000 8.500 -7.250 10.000 8.500 -7.250
3 15 12.000 6.500 -7.250 10.000 8.500 -7.250 12.000 8.500 -7.250
3 15 12.000 6.500 -7.250 12.000 8.500 -7.250 14.000 8.500 -7.250
3 15 12.000 34.500 -7.250 10.000 34.500 -7.250 12.000 36.500 -7.250
3 15 12.000 32.500 -7.250 12.000 34.500 -7.250 14.000 34.500 -7.250
3 15 12.000 19.100 -7.250 12.000 32.500 -7.250 14.000 34.500 -7.250
3 15 14.000 8.500 -7.250 12.000 8.500 -7.250 12.000 10.500 -7.250
3 15 12.000 10.500 -7.250 12.000 19.100 -7.250 14.000 34.500 -7.250
3 15 14.000 34.500 -7.250 14.000 8.500 -7.250 12.000 10.500 -7.250
3 15 14.000 34.500 -7.250 12.000 34.500 -7.250 12.000 36.500 -7.250
3 15 -10.500 11.500 -7.250 -10.500 12.300 -7.250 -9.700 12.300 -7.250
3 15 -9.700 12.300 -7.250 -9.700 11.500 -7.250 -10.500 11.500 -7.250
3 15 -10.500 13.200 -7.250 -10.500 14.000 -7.250 -9.700 14.000 -7.250
3 15 -9.700 14.000 -7.250 -9.700 13.200 -7.250 -10.500 13.200 -7.250
3 15 -10.500 16.600 -7.250 -10.500 17.400 -7.250 -9.700 17.400 -7.250
3 15 -9.700 17.400 -7.250 -9.700 16.600 -7.250 -10.500 16.600 -7.250
3 15 -10.500 18.300 -7.250 -10.500 19.100 -7.250 -9.700 19.100 -7.250
3 15 -9.700 19.100 -7.250 -9.700 18.300 -7.250 -10.500 18.300 -7.250
3 15 -8.800 9.800 -7.250 -8.800 10.600 -7.250 -8.000 10.600 -7.250
3 15 -8.000 10.600 -7.250 -8.000 9.800 -7.250 -8.800 9.800 -7.250
3 15 -8.800 14.900 -7.250 -8.800 15.700 -7.250 -8.000 15.700 -7.250
3 15 -8.000 15.700 -7.250 -8.000 14.900 -7.250 -8.800 14.900 -7.250
3 15 -8.800 16.600 -7.250 -8.800 17.400 -7.250 -8.000 17.400 -7.250
3 15 -8.000 17.400 -7.250 -8.000 16.600 -7.250 -8.800 16.600 -7.250
3 15 -8.800 18.300 -7.250 -8.800 19.100 -7.250 -8.000 19.100 -7.250
3 15 -8.000 19.100 -7.250 -8.000 18.300 -7.250 -8.800 18.300 -7.250
3 15 -7.100 9.800 -7.250 -7.100 10.600 -7.250 -6.300 10.600 -7.250
3 15 -6.300 10.600 -7.250 -6.300 9.800 -7.250 -7.100 9.800 -7.250
3 15 -7.100 13.200 -7.250 -7.100 14.000 -7.250 -6.300 14.000 -7.250
3 15 -6.300 14.000 -7.250 -6.300 13.200 -7.250 -7.100 13.200 -7.250
3 15 -7.100 14.900 -7.250 -7.100 15.700 -7.250 -6.300 15.700 -7.250
3 15 -6.300 15.700 -7.250 -6.300 14.900 -7.250 -7.100 14.900 -7.250
3 15 -7.100 16.600 -7.250 -7.100 17.400 -7.250 -6.300 17.400 -7.250
3 15 -6.300 17.400 -7.250 -6.300 16.600 -7.250 -7.100 16.600 -7.250
3 15 -7.100 20.000 -7.250 -7.100 20.800 -7.250 -6.300 20.800 -7.250
3 15 -6.300 20.800 -7.250 -6.300 20.000 -7.250 -7.100 20.000 -7.250
3 15 -7.100 23.400 -7.250 -7.100 24.200 -7.250 -6.300 24.200 -7.250
3 15 -6.300 24.200 -7.250 -6.300 23.400 -7.250 -7.100 23.400 -7.250
3 15 -7.100 21.700 -7.250 -7.100 22.500 -7.250 -6.300 22.500 -7.250
3 15 -6.300 22.500 -7.250 -6.300 21.700 -7.250 -7.100 21.700 -7.250
3 15 -5.400 13.200 -7.250 -5.400 14.000 -7.250 -4.600 14.000 -7.250
3 15 -4.600 14.000 -7.250 -4.600 13.200 -7.250 -5.400 13.200 -7.250
3 15 -5.400 11.500 -7.250 -5.400 12.300 -7.250 -4.600 12.300 -7.250
3 15 -4.600 12.300 -7.250 -4.600 11.500 -7.250 -5.400 11.500 -7.250
3 15 -5.400 14.900 -7.250 -5.400 15.700 -7.250 -4.600 15.700 -7.250
3 15 -4.600 15.700 -7.250 -4.600 14.900 -7.250 -5.400 14.900 -7.250
3 15 -5.400 20.000 -7.250 -5.400 20.800 -7.250 -4.600 20.800 -7.250
3 15 -4.600 20.800 -7.250 -4.600 20.000 -7.250 -5.400 20.000 -7.250
3 15 -5.400 23.400 -7.250 -5.400 24.200 -7.250 -4.600 24.200 -7.250
3 15 -4.600 24.200 -7.250 -4.600 23.400 -7.250 -5.400 23.400 -7.250
3 15 -5.400 21.700 -7.250 -5.400 22.500 -7.250 -4.600 22.500 -7.250
3 15 -4.600 22.500 -7.250 -4.600 21.700 -7.250 -5.400 21.700 -7.250
3 15 -5.400 25.100 -7.250 -5.400 25.900 -7.250 -4.600 25.900 -7.250
3 15 -4.600 25.900 -7.250 -4.600 25.100 -7.250 -5.400 25.100 -7.250
3 15 -3.700 13.200 -7.250 -3.700 14.000 -7.250 -2.900 14.000 -7.250
3 15 -2.900 14.000 -7.250 -2.900 13.200 -7.250 -3.700 13.200 -7.250
3 15 -3.700 11.500 -7.250 -3.700 12.300 -7.250 -2.900 12.300 -7.250
3 15 -2.900 12.300 -7.250 -2.900 11.500 -7.250 -3.700 11.500 -7.250
3 15 -3.700 9.800 -7.250 -3.700 10.600 -7.250 -2.900 10.600 -7.250
3 15 -2.900 10.600 -7.250 -2.900 9.800 -7.250 -3.700 9.800 -7.250
3 15 -3.700 18.300 -7.250 -3.700 19.100 -7.250 -2.900 19.100 -7.250
3 15 -2.900 19.100 -7.250 -2.900 18.300 -7.250 -3.700 18.300 -7.250
3 15 -3.700 23.400 -7.250 -3.700 24.200 -7.250 -2.900 24.200 -7.250
3 15 -2.900 24.200 -7.250 -2.900 23.400 -7.250 -3.700 23.400 -7.250
3 15 -3.700 21.700 -7.250 -3.700 22.500 -7.250 -2.900 22.500 -7.250
3 15 -2.900 22.500 -7.250 -2.900 21.700 -7.250 -3.700 21.700 -7.250
3 15 -3.700 25.100 -7.250 -3.700 25.900 -7.250 -2.900 25.900 -7.250
3 15 -2.900 25.900 -7.250 -2.900 25.100 -7.250 -3.700 25.100 -7.250
3 15 -3.700 26.800 -7.250 -3.700 27.600 -7.250 -2.900 27.600 -7.250
3 15 -2.900 27.600 -7.250 -2.900 26.800 -7.250 -3.700 26.800 -7.250
3 15 -2.000 11.500 -7.250 -2.000 12.300 -7.250 -1.200 12.300 -7.250
3 15 -1.200 12.300 -7.250 -1.200 11.500 -7.250 -2.000 11.500 -7.250
3 15 -2.000 9.800 -7.250 -2.000 10.600 -7.250 -1.200 10.600 -7.250
3 15 -1.200 10.600 -7.250 -1.200 9.800 -7.250 -2.000 9.800 -7.250
3 15 -2.000 16.600 -7.250 -2.000 17.400 -7.250 -1.200 17.400 -7.250
3 15 -1.200 17.400 -7.250 -1.200 16.600 -7.250 -2.000 16.600 -7.250
3 15 -2.000 18.300 -7.250 -2.000 19.100 -7.250 -1.200 19.100 -7.250
3 15 -1.200 19.100 -7.250 -1.200 18.300 -7.250 -2.000 18.300 -7.250
3 15 -2.000 21.700 -7.250 -2.000 22.500 -7.250 -1.200 22.500 -7.250
3 15 -1.200 22.500 -7.250 -1.200 21.700 -7.250 -2.000 21.700 -7.250
3 15 -2.000 25.100 -7.250 -2.000 25.900 -7.250 -1.200 25.900 -7.250
3 15 -1.200 25.900 -7.250 -1.200 25.100 -7.250 -2.000 25.100 -7.250
3 15 -2.000 26.800 -7.250 -2.000 27.600 -7.250 -1.200 27.600 -7.250
3 15 -1.200 27.600 -7.250 -1.200 26.800 -7.250 -2.000 26.800 -7.250
3 15 -2.000 20.000 -7.250 -2.000 20.800 -7.250 -1.200 20.800 -7.250
3 15 -1.200 20.800 -7.250 -1.200 20.000 -7.250 -2.000 20.000 -7.250
3 15 -0.300 13.200 -7.250 -0.300 14.000 -7.250 0.500 14.000 -7.250
3 15 0.500 14.000 -7.250 0.500 13.200 -7.250 -0.300 13.200 -7.250
3 15 -0.300 14.900 -7.250 -0.300 15.700 -7.250 0.500 15.700 -7.250
3 15 0.500 15.700 -7.250 0.500 14.900 -7.250 -0.300 14.900 -7.250
3 15 -0.300 16.600 -7.250 -0.300 17.400 -7.250 0.500 17.400 -7.250
3 15 0.500 17.400 -7.250 0.500 16.600 -7.250 -0.300 16.600 -7.250
3 15 -0.300 18.300 -7.250 -0.300 19.100 -7.250 0.500 19.100 -7.250
3 15 0.500 19.100 -7.250 0.500 18.300 -7.250 -0.300 18.300 -7.250
3 15 -0.300 21.700 -7.250 -0.300 22.500 -7.250 0.500 22.500 -7.250
3 15 0.500 22.500 -7.250 0.500 21.700 -7.250 -0.300 21.700 -7.250
3 15 -0.300 26.800 -7.250 -0.300 27.600 -7.250 0.500 27.600 -7.250
3 15 0.500 27.600 -7.250 0.500 26.800 -7.250 -0.300 26.800 -7.250
3 15 -0.300 20.000 -7.250 -0.300 20.800 -7.250 0.500 20.800 -7.250
3 15 0.500 20.800 -7.250 0.500 20.000 -7.250 -0.300 20.000 -7.250
3 15 1.400 14.900 -7.250 1.400 15.700 -7.250 2.200 15.700 -7.250
3 15 2.200 15.700 -7.250 2.200 14.900 -7.250 1.400 14.900 -7.250
3 15 1.400 16.600 -7.250 1.400 17.400 -7.250 2.200 17.400 -7.250
3 15 2.200 17.400 -7.250 2.200 16.600 -7.250 1.400 16.600 -7.250
3 15 1.400 18.300 -7.250 1.400 19.100 -7.250 2.200 19.100 -7.250
3 15 2.200 19.100 -7.250 2.200 18.300 -7.250 1.400 18.300 -7.250
3 15 1.400 21.700 -7.250 1.400 22.500 -7.250 2.200 22.500 -7.250
3 15 2.200 22.500 -7.250 2.200 21.700 -7.250 1.400 21.700 -7.250
3 15 1.400 26.800 -7.250 1.400 27.600 -7.250 2.200 27.600 -7.250
3 15 2.200 27.600 -7.250 2.200 26.800 -7.250 1.400 26.800 -7.250
3 15 1.400 20.000 -7.250 1.400 20.800 -7.250 2.200 20.800 -7.250
3 15 2.200 20.800 -7.250 2.200 20.000 -7.250 1.400 20.000 -7.250
3 15 3.100 14.900 -7.250 3.100 15.700 -7.250 3.900 15.700 -7.250
3 15 3.900 15.700 -7.250 3.900 14.900 -7.250 3.100 14.900 -7.250
3 15 3.100 16.600 -7.250 3.100 17.400 -7.250 3.900 17.400 -7.250
3 15 3.900 17.400 -7.250 3.900 16.600 -7.250 3.100 16.600 -7.250
3 15 3.100 18.300 -7.250 3.100 19.100 -7.250 3.900 19.100 -7.250
3 15 3.900 19.100 -7.250 3.900 18.300 -7.250 3.100 18.300 -7.250
3 15 3.100 21.700 -7.250 3.100 22.500 -7.250 3.900 22.500 -7.250
3 15 3.900 22.500 -7.250 3.900 21.700 -7.250 3.100 21.700 -7.250
3 15 3.100 26.800 -7.250 3.100 27.600 -7.250 3.900 27.600 -7.250
3 15 3.900 27.600 -7.250 3.900 26.800 -7.250 3.100 26.800 -7.250
3 15 3.100 20.000 -7.250 3.100 20.800 -7.250 3.900 20.800 -7.250
3 15 3.900 20.800 -7.250 3.900 20.000 -7.250 3.100 20.000 -7.250
3 15 4.800 14.900 -7.250 4.800 15.700 -7.250 5.600 15.700 -7.250
3 15 5.600 15.700 -7.250 5.600 14.900 -7.250 4.800 14.900 -7.250
3 15 4.800 16.600 -7.250 4.800 17.400 -7.250 5.600 17.400 -7.250
3 15 5.600 17.400 -7.250 5.600 16.600 -7.250 4.800 16.600 -7.250
3 15 4.800 18.300 -7.250 4.800 19.100 -7.250 5.600 19.100 -7.250
3 15 5.600 19.100 -7.250 5.600 18.300 -7.250 4.800 18.300 -7.250
3 15 4.800 21.700 -7.250 4.800 22.500 -7.250 5.600 22.500 -7.250
3 15 5.600 22.500 -7.250 5.600 21.700 -7.250 4.800 21.700 -7.250
3 15 4.800 26.800 -7.250 4.800 27.600 -7.250 5.600 27.600 -7.250
3 15 5.600 27.600 -7.250 5.600 26.800 -7.250 4.800 26.800 -7.250
3 15 4.800 25.100 -7.250 4.800 25.900 -7.250 5.600 25.900 -7.250
3 15 5.600 25.900 -7.250 5.600 25.100 -7.250 4.800 25.100 -7.250
3 15 4.800 20.000 -7.250 4.800 20.800 -7.250 5.600 20.800 -7.250
3 15 5.600 20.800 -7.250 5.600 20.000 -7.250 4.800 20.000 -7.250
3 15 6.500 14.900 -7.250 6.500 15.700 -7.250 7.300 15.700 -7.250
3 15 7.300 15.700 -7.250 7.300 14.900 -7.250 6.500 14.900 -7.250
3 15 6.500 16.600 -7.250 6.500 17.400 -7.250 7.300 17.400 -7.250
3 15 7.300 17.400 -7.250 7.300 16.600 -7.250 6.500 16.600 -7.250
3 15 6.500 18.300 -7.250 6.500 19.100 -7.250 7.300 19.100 -7.250
3 15 7.300 19.100 -7.250 7.300 18.300 -7.250 6.500 18.300 -7.250
3 15 6.500 21.700 -7.250 6.500 22.500 -7.250 7.300 22.500 -7.250
3 15 7.300 22.500 -7.250 7.300 21.700 -7.250 6.500 21.700 -7.250
3 15 6.500 26.800 -7.250 6.500 27.600 -7.250 7.300 27.600 -7.250
3 15 7.300 27.600 -7.250 7.300 26.800 -7.250 6.500 26.800 -7.250
3 15 6.500 25.100 -7.250 6.500 25.900 -7.250 7.300 25.900 -7.250
3 15 7.300 25.900 -7.250 7.300 25.100 -7.250 6.500 25.100 -7.250
3 15 6.500 23.400 -7.250 6.500 24.200 -7.250 7.300 24.200 -7.250
3 15 7.300 24.200 -7.250 7.300 23.400 -7.250 6.500 23.400 -7.250
3 15 8.200 16.600 -7.250 8.200 17.400 -7.250 9.000 17.400 -7.250
3 15 9.000 17.400 -7.250 9.000 16.600 -7.250 8.200 16.600 -7.250
3 15 8.200 18.300 -7.250 8.200 19.100 -7.250 9.000 19.100 -7.250
3 15 9.000 19.100 -7.250 9.000 18.300 -7.250 8.200 18.300 -7.250
3 15 8.200 21.700 -7.250 8.200 22.500 -7.250 9.000 22.500 -7.250
3 15 9.000 22.500 -7.250 9.000 21.700 -7.250 8.200 21.700 -7.250
3 15 8.200 25.100 -7.250 8.200 25.900 -7.250 9.000 25.900 -7.250
3 15 9.000 25.900 -7.250 9.000 25.100 -7.250 8.200 25.100 -7.250
3 15 8.200 23.400 -7.250 8.200 24.200 -7.250 9.000 24.200 -7.250
3 15 9.000 24.200 -7.250 9.000 23.400 -7.250 8.200 23.400 -7.250
3 15 8.200 20.000 -7.250 8.200 20.800 -7.250 9.000 20.800 -7.250
3 15 9.000 20.800 -7.250 9.000 20.000 -7.250 8.200 20.000 -7.250
3 15 9.900 23.400 -7.250 9.900 24.200 -7.250 10.700 24.200 -7.250
3 15 10.700 24.200 -7.250 10.700 23.400 -7.250 9.900 23.400 -7.250
3 15 9.900 20.000 -7.250 9.900 20.800 -7.250 10.700 20.800 -7.250
3 15 10.700 20.800 -7.250 10.700 20.000 -7.250 9.900 20.000 -7.250
3 15 9.900 21.700 -7.250 9.900 22.500 -7.250 10.700 22.500 -7.250
3 15 10.700 22.500 -7.250 10.700 21.700 -7.250 9.900 21.700 -7.250
3 71 -5.400 30.200 -7.250 -3.500 30.200 -7.250 0.000 29.500 -7.250
3 71 0.000 29.500 -7.250 -12.000 29.500 -7.250 -5.400 30.200 -7.250
3 71 -12.000 29.500 -7.250 -12.000 32.500 -7.250 -5.400 30.200 -7.250
3 71 -5.400 33.900 -7.250 -5.400 30.200 -7.250 -12.000 32.500 -7.250
3 71 -12.000 32.500 -7.250 -10.000 34.500 -7.250 -5.400 33.900 -7.250
3 71 -3.750 31.700 -7.250 -3.750 31.050 -7.250 -4.450 30.800 -7.250
3 71 -4.450 30.800 -7.250 -4.450 31.950 -7.250 -3.750 31.700 -7.250
3 71 -3.750 31.700 -7.250 -4.450 31.950 -7.250 -3.750 31.950 -7.250
3 71 -3.750 30.800 -7.250 -4.450 30.800 -7.250 -3.750 31.050 -7.250
3 71 -3.500 30.450 -7.250 -3.250 30.450 -7.250 -2.600 30.200 -7.250
3 71 -2.600 30.200 -7.250 -3.500 30.200 -7.250 -3.500 30.450 -7.250
3 71 -4.450 32.550 -7.250 -4.450 33.900 -7.250 -2.600 33.900 -7.250
3 71 -2.600 33.900 -7.250 -3.500 32.550 -7.250 -4.450 32.550 -7.250
3 71 -3.750 31.050 -7.250 -3.750 31.700 -7.250 -3.500 31.700 -7.250
3 71 -3.500 31.700 -7.250 -3.500 31.050 -7.250 -3.750 31.050 -7.250
3 71 -3.250 30.700 -7.250 -3.000 30.700 -7.250 -2.600 30.200 -7.250
3 71 -2.600 30.200 -7.250 -3.250 30.450 -7.250 -3.250 30.700 -7.250
3 71 -3.500 32.300 -7.250 -3.500 32.550 -7.250 -2.600 33.900 -7.250
3 71 -2.600 33.900 -7.250 -3.250 32.300 -7.250 -3.500 32.300 -7.250
3 71 -3.250 32.050 -7.250 -3.250 32.300 -7.250 -2.600 33.900 -7.250
3 71 -2.600 33.900 -7.250 -3.000 32.050 -7.250 -3.250 32.050 -7.250
3 71 -3.000 30.700 -7.250 -3.000 32.050 -7.250 -2.600 33.900 -7.250
3 71 -2.600 33.900 -7.250 -2.600 30.200 -7.250 -3.000 30.700 -7.250
3 71 -2.600 33.900 -7.250 -4.450 33.900 -7.250 0.000 34.500 -7.250
3 71 -1.700 30.200 -7.250 -1.700 33.100 -7.250 -0.960 33.100 -7.250
3 71 -0.960 33.350 -7.250 -0.700 33.350 -7.250 0.000 30.700 -7.250
3 71 0.000 30.700 -7.250 -0.960 33.100 -7.250 -0.960 33.350 -7.250
3 71 -0.700 33.600 -7.250 -0.440 33.600 -7.250 0.000 30.700 -7.250
3 71 0.000 30.700 -7.250 -0.700 33.350 -7.250 -0.700 33.600 -7.250
3 71 -0.440 33.900 -7.250 -2.600 33.900 -7.250 0.000 34.500 -7.250
3 71 0.000 34.500 -7.250 0.000 33.900 -7.250 -0.440 33.600 -7.250
3 71 -0.440 33.600 -7.250 -0.440 33.900 -7.250 0.000 34.500 -7.250
3 71 0.000 29.500 -7.250 0.520 30.200 -7.250 1.570 30.200 -7.250
3 71 0.000 29.500 -7.250 3.410 30.200 -7.250 3.990 30.200 -7.250
3 71 3.990 30.200 -7.250 4.500 30.200 -7.250 12.000 29.500 -7.250
3 71 12.000 29.500 -7.250 0.000 29.500 -7.250 3.990 30.200 -7.250
3 71 0.250 30.700 -7.250 0.250 30.450 -7.250 0.000 29.500 -7.250
3 71 0.000 29.500 -7.250 0.000 30.700 -7.250 0.250 30.700 -7.250
3 71 0.000 29.500 -7.250 -1.700 30.200 -7.250 -0.960 33.100 -7.250
3 71 -0.960 33.100 -7.250 0.000 30.700 -7.250 0.000 29.500 -7.250
3 71 0.000 29.500 -7.250 -2.600 30.200 -7.250 -1.700 30.200 -7.250
3 71 0.000 29.500 -7.250 -3.500 30.200 -7.250 -2.600 30.200 -7.250
3 71 -4.450 33.900 -7.250 -5.400 33.900 -7.250 -10.000 34.500 -7.250
3 71 -10.000 34.500 -7.250 0.000 34.500 -7.250 -4.450 33.900 -7.250
3 71 0.000 29.500 -7.250 1.570 30.200 -7.250 3.050 30.200 -7.250
3 71 0.000 29.500 -7.250 3.050 30.200 -7.250 3.410 30.200 -7.250
3 71 0.000 30.700 -7.250 -0.440 33.600 -7.250 0.000 33.900 -7.250
3 71 0.520 30.450 -7.250 0.520 30.200 -7.250 0.000 29.500 -7.250
3 71 0.000 29.500 -7.250 0.250 30.450 -7.250 0.520 30.450 -7.250
3 71 0.830 33.900 -7.250 0.000 33.900 -7.250 0.000 34.500 -7.250
3 71 0.830 31.200 -7.250 0.830 31.900 -7.250 1.260 31.900 -7.250
3 71 1.260 31.900 -7.250 1.260 31.200 -7.250 0.830 31.200 -7.250
3 71 1.260 33.900 -7.250 0.830 33.900 -7.250 0.000 34.500 -7.250
3 71 0.830 32.510 -7.250 0.830 33.900 -7.250 1.260 33.900 -7.250
3 71 1.260 33.900 -7.250 1.260 32.510 -7.250 0.830 32.510 -7.250
3 71 1.570 30.450 -7.250 1.830 30.450 -7.250 3.050 30.200 -7.250
3 71 3.050 30.200 -7.250 1.570 30.200 -7.250 1.570 30.450 -7.250
3 71 1.830 30.450 -7.250 1.830 30.700 -7.250 2.100 30.700 -7.250
3 71 1.830 30.450 -7.250 2.100 30.700 -7.250 2.550 30.700 -7.250
3 71 2.100 33.900 -7.250 1.260 33.900 -7.250 0.000 34.500 -7.250
3 71 2.550 30.700 -7.250 2.100 30.700 -7.250 2.100 33.900 -7.250
3 71 2.100 33.900 -7.250 2.550 32.050 -7.250 2.550 30.700 -7.250
3 71 2.800 30.700 -7.250 2.800 30.450 -7.250 1.830 30.450 -7.250
3 71 1.830 30.450 -7.250 2.550 30.700 -7.250 2.800 30.700 -7.250
3 71 2.800 32.050 -7.250 2.550 32.050 -7.250 2.800 32.300 -7.250
3 71 2.800 32.300 -7.250 2.550 32.050 -7.250 2.100 33.900 -7.250
3 71 2.100 33.900 -7.250 2.800 33.300 -7.250 2.800 32.300 -7.250
3 71 2.800 33.900 -7.250 2.100 33.900 -7.250 0.000 34.500 -7.250
3 71 2.800 33.300 -7.250 2.100 33.900 -7.250 2.800 33.900 -7.250
3 71 3.050 32.300 -7.250 2.800 32.300 -7.250 2.800 33.300 -7.250
3 71 2.800 33.300 -7.250 3.050 32.550 -7.250 3.050 32.300 -7.250
3 71 3.050 30.200 -7.250 2.800 30.450 -7.250 3.050 30.450 -7.250
3 71 3.050 30.200 -7.250 1.830 30.450 -7.250 2.800 30.450 -7.250
3 71 3.650 32.550 -7.250 3.050 32.550 -7.250 2.800 33.300 -7.250
3 71 2.800 33.300 -7.250 3.650 33.300 -7.250 3.650 32.550 -7.250
3 71 3.410 30.200 -7.250 3.410 31.550 -7.250 3.990 31.550 -7.250
3 71 3.990 31.550 -7.250 3.990 30.200 -7.250 3.410 30.200 -7.250
3 71 2.800 33.900 -7.250 0.000 34.500 -7.250 10.000 34.500 -7.250
3 71 10.000 34.500 -7.250 4.250 33.900 -7.250 2.800 33.900 -7.250
3 71 4.250 33.640 -7.250 4.250 33.900 -7.250 10.000 34.500 -7.250
3 71 10.000 34.500 -7.250 4.500 33.640 -7.250 4.250 33.640 -7.250
3 71 12.000 32.500 -7.250 4.500 30.200 -7.250 4.500 33.640 -7.250
3 71 4.500 33.640 -7.250 10.000 34.500 -7.250 12.000 32.500 -7.250
3 71 12.000 29.500 -7.250 4.500 30.200 -7.250 12.000 32.500 -7.250
1 0 -10.0000 10.5000 -7.2500 -2.0000 0.0000 0.0000 0.0000 0.0000 -2.0000 0.0000 1.0000 0.0000 1-4chrd.dat
1 0 10.0000 10.5000 -7.2500 2.0000 0.0000 0.0000 0.0000 0.0000 -2.0000 0.0000 1.0000 0.0000 1-4chrd.dat
1 15 -12.0000 34.5000 -7.2500 -2.0000 0.0000 0.0000 0.0000 0.0000 2.0000 0.0000 1.0000 0.0000 1-4chrd.dat
1 15 -12.0000 8.5000 -7.2500 -2.0000 0.0000 0.0000 0.0000 0.0000 -2.0000 0.0000 1.0000 0.0000 1-4chrd.dat
1 15 -10.0000 32.5000 -7.2500 -2.0000 0.0000 0.0000 0.0000 0.0000 2.0000 0.0000 1.0000 0.0000 1-4ndis.dat
1 15 -10.0000 10.5000 -7.2500 -2.0000 0.0000 0.0000 0.0000 0.0000 -2.0000 0.0000 1.0000 0.0000 1-4ndis.dat
1 15 10.0000 32.5000 -7.2500 2.0000 0.0000 0.0000 0.0000 0.0000 2.0000 0.0000 1.0000 0.0000 1-4ndis.dat
1 15 10.0000 10.5000 -7.2500 2.0000 0.0000 0.0000 0.0000 0.0000 -2.0000 0.0000 1.0000 0.0000 1-4ndis.dat
1 15 12.0000 34.5000 -7.2500 2.0000 0.0000 0.0000 0.0000 0.0000 2.0000 0.0000 1.0000 0.0000 1-4chrd.dat
1 15 12.0000 8.5000 -7.2500 2.0000 0.0000 0.0000 0.0000 0.0000 -2.0000 0.0000 1.0000 0.0000 1-4chrd.dat
1 71 -10.0000 32.5000 -7.2500 -2.0000 0.0000 0.0000 0.0000 0.0000 2.0000 0.0000 1.0000 0.0000 1-4chrd.dat
1 71 10.0000 32.5000 -7.2500 2.0000 0.0000 0.0000 0.0000 0.0000 2.0000 0.0000 1.0000 0.0000 1-4chrd.dat
1 16 -12.0000 34.5000 -7.0000 -2.0000 0.0000 0.0000 0.0000 0.0000 2.0000 0.0000 -0.2500 0.0000 1-4cyli.dat
1 16 -12.0000 8.5000 -7.0000 -2.0000 0.0000 0.0000 0.0000 0.0000 -2.0000 0.0000 -0.2500 0.0000 1-4cyli.dat
1 16 12.0000 34.5000 -7.0000 2.0000 0.0000 0.0000 0.0000 0.0000 2.0000 0.0000 -0.2500 0.0000 1-4cyli.dat
1 16 12.0000 8.5000 -7.0000 2.0000 0.0000 0.0000 0.0000 0.0000 -2.0000 0.0000 -0.2500 0.0000 1-4cyli.dat
1 16 -12.0000 34.5000 -7.0000 -2.0000 0.0000 0.0000 0.0000 0.0000 2.0000 0.0000 -1.0000 0.0000 1-4chrd.dat
1 16 -12.0000 8.5000 -7.0000 -2.0000 0.0000 0.0000 0.0000 0.0000 -2.0000 0.0000 -1.0000 0.0000 1-4chrd.dat
1 16 12.0000 34.5000 -7.0000 2.0000 0.0000 0.0000 0.0000 0.0000 2.0000 0.0000 -1.0000 0.0000 1-4chrd.dat
1 16 12.0000 8.5000 -7.0000 2.0000 0.0000 0.0000 0.0000 0.0000 -2.0000 0.0000 -1.0000 0.0000 1-4chrd.dat
