0 FILE 6180pb044.dat
0 Tile, Modified 4 x 6 with Studs on Edges with Blackboard Pattern
0 Name:  6180pb044.dat
0 Author:  
0 BL_Item_No 6180pb044
0 BFC CERTIFY CCW
3 16 33.200 0.000 -15.000 33.600 0.000 -14.500 33.500 0.000 -13.800
3 16 33.500 0.000 -13.800 32.500 0.000 -14.800 33.200 0.000 -15.000
3 16 32.500 0.000 -14.800 33.500 0.000 -13.800 32.900 0.000 -12.700
3 16 32.900 0.000 -12.700 31.900 0.000 -14.400 32.500 0.000 -14.800
3 16 31.900 0.000 -14.400 32.900 0.000 -12.700 32.200 0.000 -12.200
3 16 32.200 0.000 -12.200 31.400 0.000 -13.500 31.900 0.000 -14.400
3 16 31.400 0.000 -13.500 32.200 0.000 -12.200 31.600 0.000 -12.200
3 16 31.600 0.000 -12.200 31.500 0.000 -12.700 31.400 0.000 -13.500
3 16 37.300 0.000 -21.600 37.900 0.000 -21.200 36.800 0.000 -20.600
3 16 36.800 0.000 -20.600 36.900 0.000 -21.200 37.300 0.000 -21.600
3 16 37.900 0.000 -21.200 38.500 0.000 -20.200 36.900 0.000 -19.800
3 16 36.900 0.000 -19.800 36.800 0.000 -20.600 37.900 0.000 -21.200
3 16 38.500 0.000 -20.200 38.800 0.000 -18.600 36.700 0.000 -19.400
3 16 36.700 0.000 -19.400 36.900 0.000 -19.800 38.500 0.000 -20.200
3 16 38.800 0.000 -18.600 38.700 0.000 -16.700 38.200 0.000 -16.000
3 16 38.200 0.000 -16.000 36.700 0.000 -19.400 38.800 0.000 -18.600
3 16 36.700 0.000 -19.400 38.200 0.000 -16.000 37.300 0.000 -15.900
3 16 37.300 0.000 -15.900 36.200 0.000 -19.500 36.700 0.000 -19.400
3 16 37.300 0.000 -15.900 36.300 0.000 -16.300 35.700 0.000 -20.000
3 16 35.700 0.000 -20.000 36.200 0.000 -19.500 37.300 0.000 -15.900
3 16 36.300 0.000 -16.300 35.300 0.000 -17.100 35.000 0.000 -20.200
3 16 35.000 0.000 -20.200 35.700 0.000 -20.000 36.300 0.000 -16.300
3 16 35.300 0.000 -17.100 34.300 0.000 -18.300 34.300 0.000 -19.300
3 16 34.300 0.000 -19.300 35.000 0.000 -20.200 35.300 0.000 -17.100
3 16 35.000 0.000 -20.200 34.300 0.000 -19.300 34.500 0.000 -19.900
3 16 34.800 0.000 3.100 35.200 0.000 4.200 34.300 0.000 4.100
3 16 21.800 0.000 9.600 22.400 0.000 9.800 22.300 0.000 11.000
3 16 22.300 0.000 11.000 21.900 0.000 10.200 21.800 0.000 9.600
3 16 21.900 0.000 10.200 22.300 0.000 11.000 22.100 0.000 12.000
3 16 22.100 0.000 12.000 21.700 0.000 10.600 21.900 0.000 10.200
3 16 21.700 0.000 10.600 22.100 0.000 12.000 20.800 0.000 11.600
3 16 20.800 0.000 11.600 20.900 0.000 11.100 21.700 0.000 10.600
3 16 20.800 0.000 11.600 22.100 0.000 12.000 22.000 0.000 12.900
3 16 22.000 0.000 12.900 21.200 0.000 12.300 20.800 0.000 11.600
3 16 -30.300 0.000 10.900 -29.900 0.000 11.000 -29.900 0.000 11.400
3 16 -29.900 0.000 11.400 -30.600 0.000 11.100 -30.300 0.000 10.900
3 16 -30.600 0.000 11.100 -29.900 0.000 11.400 -30.200 0.000 11.600
3 16 -30.200 0.000 11.600 -30.600 0.000 11.500 -30.600 0.000 11.100
3 16 -29.500 0.000 9.600 -28.900 0.000 10.300 -29.300 0.000 10.800
3 16 -29.300 0.000 10.800 -29.700 0.000 10.300 -29.500 0.000 9.600
3 16 -28.900 0.000 10.300 -28.700 0.000 11.000 -29.300 0.000 11.400
3 16 -29.300 0.000 11.400 -29.300 0.000 10.800 -28.900 0.000 10.300
3 16 -29.300 0.000 11.400 -28.700 0.000 11.000 -28.300 0.000 11.300
3 16 -28.300 0.000 11.300 -28.800 0.000 11.600 -29.300 0.000 11.400
3 16 -28.800 0.000 11.600 -29.000 0.000 12.200 -29.700 0.000 11.900
3 16 -29.700 0.000 11.900 -29.300 0.000 11.400 -28.800 0.000 11.600
3 16 -29.700 0.000 11.900 -29.000 0.000 12.200 -29.400 0.000 12.300
3 16 -29.700 0.000 11.900 -29.400 0.000 12.300 -29.500 0.000 12.600
3 16 -29.500 0.000 12.600 -30.000 0.000 12.500 -29.700 0.000 11.900
3 16 -29.700 0.000 11.900 -30.000 0.000 12.500 -30.300 0.000 12.900
3 16 -30.300 0.000 12.900 -30.400 0.000 12.100 -29.700 0.000 11.900
3 16 -30.300 0.000 12.900 -30.700 0.000 13.000 -31.000 0.000 12.500
3 16 -31.000 0.000 12.500 -30.400 0.000 12.100 -30.300 0.000 12.900
3 16 -30.400 0.000 12.100 -31.000 0.000 12.500 -31.600 0.000 12.300
3 16 -31.600 0.000 12.300 -31.100 0.000 12.000 -30.400 0.000 12.100
3 16 -31.100 0.000 12.000 -31.600 0.000 12.300 -31.800 0.000 11.500
3 16 -31.800 0.000 11.500 -31.300 0.000 11.700 -31.100 0.000 12.000
3 16 -31.600 0.000 12.300 -31.900 0.000 12.100 -32.300 0.000 11.700
3 16 -32.300 0.000 11.700 -31.800 0.000 11.500 -31.600 0.000 12.300
3 16 -32.300 0.000 11.700 -31.900 0.000 12.100 -32.400 0.000 12.100
3 16 -31.300 0.000 11.700 -31.800 0.000 11.500 -31.600 0.000 11.100
3 16 -31.600 0.000 11.100 -31.300 0.000 11.200 -31.300 0.000 11.700
3 16 -31.300 0.000 11.200 -31.600 0.000 11.100 -31.800 0.000 10.700
3 16 -31.800 0.000 10.700 -31.400 0.000 10.600 -31.300 0.000 11.200
3 16 -31.400 0.000 10.600 -31.800 0.000 10.700 -32.300 0.000 10.300
3 16 -32.300 0.000 10.300 -31.800 0.000 10.100 -31.400 0.000 10.600
3 16 -31.800 0.000 10.100 -31.200 0.000 9.800 -30.800 0.000 10.200
3 16 -30.800 0.000 10.200 -31.400 0.000 10.600 -31.800 0.000 10.100
3 16 -31.200 0.000 9.800 -30.300 0.000 9.700 -30.300 0.000 10.200
3 16 -30.300 0.000 10.200 -30.800 0.000 10.200 -31.200 0.000 9.800
3 16 -30.300 0.000 10.200 -30.300 0.000 9.700 -29.500 0.000 9.600
3 16 -29.500 0.000 9.600 -29.700 0.000 10.300 -30.300 0.000 10.200
3 16 -30.400 0.000 9.000 -31.000 0.000 9.200 -31.500 0.000 8.800
3 16 -31.500 0.000 8.800 -30.900 0.000 8.700 -30.400 0.000 9.000
3 16 -31.500 0.000 8.800 -31.000 0.000 9.200 -31.700 0.000 9.400
3 16 -36.700 0.000 3.300 -36.300 0.000 3.400 -36.100 0.000 3.700
3 16 -36.100 0.000 3.700 -37.200 0.000 3.500 -36.700 0.000 3.300
3 16 -37.200 0.000 3.500 -36.100 0.000 3.700 -36.100 0.000 4.100
3 16 -36.100 0.000 4.100 -37.500 0.000 3.800 -37.200 0.000 3.500
3 16 -37.500 0.000 3.800 -36.100 0.000 4.100 -36.600 0.000 4.700
3 16 -36.600 0.000 4.700 -37.700 0.000 4.300 -37.500 0.000 3.800
3 16 -37.700 0.000 4.300 -36.600 0.000 4.700 -37.100 0.000 4.900
3 16 -37.100 0.000 4.900 -37.600 0.000 4.700 -37.700 0.000 4.300
3 16 -33.200 0.000 5.000 -33.600 0.000 5.200 -34.000 0.000 4.600
3 16 -34.000 0.000 4.600 -33.700 0.000 4.400 -33.200 0.000 5.000
3 16 -34.000 0.000 4.600 -33.600 0.000 5.200 -33.600 0.000 5.800
3 16 -33.600 0.000 5.800 -33.900 0.000 5.100 -34.000 0.000 4.600
3 16 -33.600 0.000 5.800 -34.000 0.000 5.800 -34.200 0.000 5.100
3 16 -34.200 0.000 5.100 -33.900 0.000 5.100 -33.600 0.000 5.800
3 16 -36.500 0.000 6.300 -36.600 0.000 6.800 -37.200 0.000 6.900
3 16 -37.200 0.000 6.900 -37.200 0.000 6.400 -36.500 0.000 6.300
3 16 -37.200 0.000 0.900 -37.300 0.000 1.400 -37.900 0.000 1.300
3 16 -37.900 0.000 1.300 -37.900 0.000 0.800 -37.200 0.000 0.900
3 16 0.000 0.000 -40.000 44.000 0.000 -40.000 11.100 0.000 -37.200
3 16 11.100 0.000 -37.200 9.500 0.000 -37.400 0.000 0.000 -40.000
3 16 44.000 0.000 -40.000 12.300 0.000 -36.600 11.100 0.000 -37.200
3 16 44.000 0.000 -40.000 13.400 0.000 -35.600 12.300 0.000 -36.600
3 16 13.400 0.000 -35.600 44.000 0.000 -40.000 22.000 0.000 -27.800
3 16 22.000 0.000 -27.800 14.000 0.000 -34.100 13.400 0.000 -35.600
3 16 22.000 0.000 -27.800 44.000 0.000 -40.000 25.500 0.000 -26.300
3 16 25.500 0.000 -26.300 23.500 0.000 -27.000 22.000 0.000 -27.800
3 16 25.500 0.000 -26.300 44.000 0.000 -40.000 36.400 0.000 -22.200
3 16 36.400 0.000 -22.200 25.900 0.000 -25.700 25.500 0.000 -26.300
3 16 44.000 0.000 -40.000 37.300 0.000 -22.200 36.400 0.000 -22.200
3 16 44.000 0.000 -40.000 38.300 0.000 -21.900 37.300 0.000 -22.200
3 16 44.000 0.000 -40.000 39.300 0.000 -21.000 38.300 0.000 -21.900
3 16 44.000 0.000 -40.000 40.200 0.000 -19.300 39.300 0.000 -21.000
3 16 40.200 0.000 -19.300 44.000 0.000 -40.000 44.000 0.000 -10.000
3 16 44.000 0.000 -10.000 40.400 0.000 -17.500 40.200 0.000 -19.300
3 16 40.400 0.000 -17.500 44.000 0.000 -10.000 39.800 0.000 -15.700
3 16 39.800 0.000 -15.700 44.000 0.000 -10.000 36.500 0.000 -8.600
3 16 36.500 0.000 -8.600 38.700 0.000 -15.000 39.800 0.000 -15.700
3 16 44.000 0.000 -10.000 36.500 0.000 -8.300 36.500 0.000 -8.600
3 16 44.000 0.000 -10.000 36.500 0.000 -4.200 36.200 0.000 -4.600
3 16 36.200 0.000 -4.600 36.500 0.000 -8.300 44.000 0.000 -10.000
3 16 36.500 0.000 -8.300 36.200 0.000 -4.600 34.000 0.000 -6.100
3 16 34.000 0.000 -6.100 35.900 0.000 -8.200 36.500 0.000 -8.300
3 16 33.800 0.000 -8.700 35.900 0.000 -8.200 34.000 0.000 -6.100
3 16 36.500 0.000 -4.200 44.000 0.000 -10.000 35.200 0.000 1.200
3 16 35.200 0.000 1.200 36.300 0.000 -3.800 36.500 0.000 -4.200
3 16 44.000 0.000 -10.000 35.700 0.000 2.100 35.200 0.000 1.200
3 16 44.000 0.000 -10.000 36.200 0.000 3.300 35.700 0.000 2.100
3 16 36.200 0.000 3.300 44.000 0.000 -10.000 36.700 0.000 5.600
3 16 36.700 0.000 5.600 36.400 0.000 4.700 36.200 0.000 3.300
3 16 44.000 0.000 -10.000 37.000 0.000 6.000 36.700 0.000 5.600
3 16 44.000 0.000 -10.000 44.000 0.000 24.000 36.600 0.000 11.600
3 16 36.600 0.000 11.600 37.000 0.000 6.000 44.000 0.000 -10.000
3 16 36.600 0.000 11.600 44.000 0.000 24.000 36.300 0.000 12.800
3 16 36.300 0.000 12.800 44.000 0.000 24.000 35.400 0.000 13.800
3 16 35.400 0.000 13.800 44.000 0.000 24.000 34.100 0.000 14.400
3 16 34.100 0.000 14.400 44.000 0.000 24.000 32.500 0.000 14.500
3 16 44.000 0.000 24.000 28.300 0.000 14.300 32.000 0.000 14.200
3 16 32.000 0.000 14.200 32.500 0.000 14.500 44.000 0.000 24.000
3 16 28.300 0.000 14.300 44.000 0.000 24.000 22.400 0.000 13.800
3 16 22.400 0.000 13.800 23.300 0.000 13.700 28.300 0.000 14.300
3 16 44.000 0.000 24.000 0.000 0.000 24.000 17.900 0.000 13.600
3 16 17.900 0.000 13.600 22.400 0.000 13.800 44.000 0.000 24.000
3 16 17.900 0.000 13.600 0.000 0.000 24.000 1.600 0.000 16.300
3 16 1.600 0.000 16.300 14.200 0.000 13.400 17.900 0.000 13.600
3 16 1.600 0.000 16.300 0.000 0.000 24.000 -5.300 0.000 15.700
3 16 -5.300 0.000 15.700 -1.000 0.000 15.800 1.600 0.000 16.300
3 16 -5.300 0.000 15.700 0.000 0.000 24.000 -19.700 0.000 16.200
3 16 -19.700 0.000 16.200 -14.200 0.000 15.900 -5.300 0.000 15.700
3 16 -19.700 0.000 16.200 0.000 0.000 24.000 -34.900 0.000 16.900
3 16 -34.900 0.000 16.900 -22.900 0.000 15.900 -19.700 0.000 16.200
3 16 -34.900 0.000 16.900 0.000 0.000 24.000 -37.000 0.000 18.700
3 16 0.000 0.000 24.000 -44.000 0.000 24.000 -37.500 0.000 18.700
3 16 -37.500 0.000 18.700 -37.000 0.000 18.700 0.000 0.000 24.000
3 16 -37.800 0.000 18.300 -37.500 0.000 18.700 -44.000 0.000 24.000
3 16 -37.900 0.000 17.400 -37.800 0.000 18.300 -44.000 0.000 24.000
3 16 -37.900 0.000 17.400 -44.000 0.000 24.000 -38.700 0.000 7.000
3 16 -38.700 0.000 7.000 -36.500 0.000 13.500 -37.900 0.000 17.400
3 16 -38.700 0.000 7.000 -37.800 0.000 7.500 -35.900 0.000 10.600
3 16 -35.900 0.000 10.600 -36.500 0.000 13.500 -38.700 0.000 7.000
3 16 -37.800 0.000 7.500 -36.900 0.000 7.600 -35.900 0.000 10.600
3 16 -36.100 0.000 7.300 -35.900 0.000 10.600 -36.900 0.000 7.600
3 16 -38.700 0.000 7.000 -44.000 0.000 24.000 -39.900 0.000 5.200
3 16 -39.900 0.000 5.200 -39.100 0.000 5.700 -38.700 0.000 7.000
3 16 -40.600 0.000 4.500 -39.900 0.000 5.200 -44.000 0.000 24.000
3 16 -40.800 0.000 3.700 -40.600 0.000 4.500 -44.000 0.000 24.000
3 16 -44.000 0.000 -10.000 -40.800 0.000 3.700 -44.000 0.000 24.000
3 16 -44.000 0.000 -10.000 -40.400 0.000 2.900 -40.800 0.000 3.700
3 16 -40.400 0.000 2.900 -44.000 0.000 -10.000 -39.400 0.000 1.500
3 16 -39.400 0.000 1.500 -39.400 0.000 2.300 -40.400 0.000 2.900
3 16 -44.000 0.000 -10.000 -38.800 0.000 0.900 -39.400 0.000 1.500
3 16 -44.000 0.000 -10.000 -38.100 0.000 0.500 -38.800 0.000 0.900
3 16 -38.100 0.000 0.500 -44.000 0.000 -10.000 -29.300 0.000 -12.600
3 16 -29.300 0.000 -12.600 -37.300 0.000 0.500 -38.100 0.000 0.500
3 16 -29.300 0.000 -12.600 -44.000 0.000 -10.000 -29.700 0.000 -14.200
3 16 -29.700 0.000 -14.200 -29.300 0.000 -13.300 -29.300 0.000 -12.600
3 16 -29.700 0.000 -14.200 -28.600 0.000 -14.000 -28.600 0.000 -13.700
3 16 -28.600 0.000 -13.700 -29.300 0.000 -13.300 -29.700 0.000 -14.200
3 16 -30.800 0.000 -15.000 -29.700 0.000 -14.200 -44.000 0.000 -10.000
3 16 -32.200 0.000 -16.400 -30.800 0.000 -15.000 -44.000 0.000 -10.000
3 16 -33.000 0.000 -17.500 -32.200 0.000 -16.400 -44.000 0.000 -10.000
3 16 -33.000 0.000 -17.500 -44.000 0.000 -10.000 -34.700 0.000 -22.400
3 16 -34.700 0.000 -22.400 -33.200 0.000 -18.300 -33.000 0.000 -17.500
3 16 -44.000 0.000 -40.000 -34.700 0.000 -22.400 -44.000 0.000 -10.000
3 16 -34.700 0.000 -22.400 -44.000 0.000 -40.000 -33.300 0.000 -26.200
3 16 -33.300 0.000 -26.200 -34.300 0.000 -22.900 -34.700 0.000 -22.400
3 16 -34.300 0.000 -22.900 -33.300 0.000 -26.200 -32.800 0.000 -24.300
3 16 -32.800 0.000 -24.300 -33.700 0.000 -23.000 -34.300 0.000 -22.900
3 16 -33.700 0.000 -23.000 -32.800 0.000 -24.300 -32.200 0.000 -23.100
3 16 -32.200 0.000 -23.100 -33.200 0.000 -22.600 -33.700 0.000 -23.000
3 16 -32.200 0.000 -23.100 -31.800 0.000 -22.300 -33.200 0.000 -22.600
3 16 -44.000 0.000 -40.000 -33.100 0.000 -27.400 -33.300 0.000 -26.200
3 16 -44.000 0.000 -40.000 -32.600 0.000 -28.100 -33.100 0.000 -27.400
3 16 -32.600 0.000 -28.100 -44.000 0.000 -40.000 -25.800 0.000 -31.300
3 16 -25.800 0.000 -31.300 -31.800 0.000 -28.400 -32.600 0.000 -28.100
3 16 -44.000 0.000 -40.000 -25.100 0.000 -31.900 -25.800 0.000 -31.300
3 16 -25.100 0.000 -31.900 -44.000 0.000 -40.000 0.000 0.000 -40.000
3 16 0.000 0.000 -40.000 -24.400 0.000 -31.900 -25.100 0.000 -31.900
3 16 0.000 0.000 -40.000 -14.500 0.000 -32.100 -15.200 0.000 -31.800
3 16 -15.200 0.000 -31.800 -24.400 0.000 -31.900 0.000 0.000 -40.000
3 16 0.000 0.000 -40.000 -13.800 0.000 -31.700 -14.500 0.000 -32.100
3 16 0.000 0.000 -40.000 -12.600 0.000 -29.900 -13.800 0.000 -31.700
3 16 -12.600 0.000 -29.900 0.000 0.000 -40.000 -10.600 0.000 -27.200
3 16 -10.600 0.000 -27.200 -11.700 0.000 -28.100 -12.600 0.000 -29.900
3 16 -10.600 0.000 -27.200 0.000 0.000 -40.000 5.100 0.000 -26.500
3 16 5.100 0.000 -26.500 -10.300 0.000 -26.600 -10.600 0.000 -27.200
3 16 5.100 0.000 -26.500 0.000 0.000 -40.000 7.600 0.000 -34.600
3 16 7.600 0.000 -34.600 6.700 0.000 -27.900 5.100 0.000 -26.500
3 16 0.000 0.000 -40.000 7.800 0.000 -35.100 7.600 0.000 -34.600
3 16 0.000 0.000 -40.000 8.800 0.000 -37.100 9.400 0.000 -36.500
3 16 9.400 0.000 -36.500 7.800 0.000 -35.100 0.000 0.000 -40.000
3 16 7.800 0.000 -35.100 9.400 0.000 -36.500 10.900 0.000 -36.300
3 16 10.900 0.000 -36.300 8.900 0.000 -34.800 7.800 0.000 -35.100
3 16 8.900 0.000 -34.800 10.900 0.000 -36.300 11.900 0.000 -35.700
3 16 11.900 0.000 -35.700 10.600 0.000 -34.700 8.900 0.000 -34.800
3 16 10.600 0.000 -34.700 11.900 0.000 -35.700 12.600 0.000 -34.600
3 16 12.600 0.000 -34.600 10.700 0.000 -34.200 10.600 0.000 -34.700
3 16 12.600 0.000 -34.600 12.500 0.000 -33.400 9.900 0.000 -33.900
3 16 9.900 0.000 -33.900 10.700 0.000 -34.200 12.600 0.000 -34.600
3 16 12.500 0.000 -33.400 11.900 0.000 -32.800 9.800 0.000 -33.100
3 16 9.800 0.000 -33.100 9.900 0.000 -33.900 12.500 0.000 -33.400
3 16 9.800 0.000 -33.100 11.900 0.000 -32.800 10.500 0.000 -32.700
3 16 0.000 0.000 -40.000 9.500 0.000 -37.400 8.800 0.000 -37.100
3 16 7.600 0.000 -34.600 8.500 0.000 -33.900 8.800 0.000 -32.600
3 16 8.800 0.000 -32.600 6.700 0.000 -27.900 7.600 0.000 -34.600
3 16 6.700 0.000 -27.900 8.800 0.000 -32.600 10.400 0.000 -31.900
3 16 10.400 0.000 -31.900 9.200 0.000 -29.200 6.700 0.000 -27.900
3 16 9.200 0.000 -29.200 10.400 0.000 -31.900 12.400 0.000 -32.000
3 16 12.400 0.000 -32.000 10.100 0.000 -29.300 9.200 0.000 -29.200
3 16 10.100 0.000 -29.300 12.400 0.000 -32.000 13.600 0.000 -32.800
3 16 13.600 0.000 -32.800 10.700 0.000 -28.700 10.100 0.000 -29.300
3 16 10.700 0.000 -28.700 13.600 0.000 -32.800 21.500 0.000 -27.000
3 16 21.500 0.000 -27.000 11.200 0.000 -26.100 10.700 0.000 -28.700
3 16 21.500 0.000 -27.000 13.600 0.000 -32.800 14.000 0.000 -34.100
3 16 14.000 0.000 -34.100 21.400 0.000 -27.800 21.500 0.000 -27.000
3 16 14.000 0.000 -34.100 22.000 0.000 -27.800 21.400 0.000 -27.800
3 16 21.500 0.000 -27.000 16.800 0.000 -19.600 11.300 0.000 -22.900
3 16 11.300 0.000 -22.900 11.200 0.000 -26.100 21.500 0.000 -27.000
3 16 16.800 0.000 -19.600 15.500 0.000 -19.100 10.900 0.000 -22.600
3 16 10.900 0.000 -22.600 11.300 0.000 -22.900 16.800 0.000 -19.600
3 16 15.500 0.000 -19.100 15.500 0.000 -18.500 10.300 0.000 -22.600
3 16 10.300 0.000 -22.600 10.900 0.000 -22.600 15.500 0.000 -19.100
3 16 10.300 0.000 -22.600 15.500 0.000 -18.500 10.600 0.000 -12.900
3 16 10.300 0.000 -22.600 10.600 0.000 -12.900 3.000 0.000 -7.300
3 16 3.000 0.000 -7.300 10.000 0.000 -23.000 10.300 0.000 -22.600
3 16 10.000 0.000 -24.600 10.000 0.000 -23.000 3.000 0.000 -7.300
3 16 15.500 0.000 -18.500 16.200 0.000 -18.200 17.100 0.000 -16.400
3 16 17.100 0.000 -16.400 10.600 0.000 -12.900 15.500 0.000 -18.500
3 16 16.200 0.000 -18.200 17.800 0.000 -18.700 19.600 0.000 -18.800
3 16 19.600 0.000 -18.800 17.100 0.000 -16.400 16.200 0.000 -18.200
3 16 19.600 0.000 -18.800 20.500 0.000 -18.600 17.100 0.000 -16.400
3 16 16.800 0.000 -19.600 21.500 0.000 -27.000 22.000 0.000 -23.300
3 16 22.000 0.000 -23.300 19.200 0.000 -19.700 16.800 0.000 -19.600
3 16 21.500 0.000 -27.000 22.900 0.000 -26.100 22.500 0.000 -23.600
3 16 22.500 0.000 -23.600 22.000 0.000 -23.300 21.500 0.000 -27.000
3 16 22.900 0.000 -26.100 24.300 0.000 -25.800 24.200 0.000 -23.300
3 16 24.200 0.000 -23.300 22.500 0.000 -23.600 22.900 0.000 -26.100
3 16 22.000 0.000 -23.300 22.600 0.000 -22.700 21.500 0.000 -19.500
3 16 21.500 0.000 -19.500 19.200 0.000 -19.700 22.000 0.000 -23.300
3 16 22.600 0.000 -22.700 24.000 0.000 -22.400 22.000 0.000 -19.400
3 16 22.000 0.000 -19.400 21.500 0.000 -19.500 22.600 0.000 -22.700
3 16 24.000 0.000 -22.400 24.000 0.000 -20.600 22.000 0.000 -19.400
3 16 24.000 0.000 -20.600 24.800 0.000 -20.100 22.300 0.000 -18.900
3 16 22.300 0.000 -18.900 22.000 0.000 -19.400 24.000 0.000 -20.600
3 16 24.800 0.000 -20.100 30.600 0.000 -14.600 22.000 0.000 -18.300
3 16 22.000 0.000 -18.300 22.300 0.000 -18.900 24.800 0.000 -20.100
3 16 24.800 0.000 -20.100 25.500 0.000 -20.500 31.500 0.000 -15.400
3 16 31.500 0.000 -15.400 30.600 0.000 -14.600 24.800 0.000 -20.100
3 16 25.500 0.000 -20.500 25.900 0.000 -21.400 32.600 0.000 -16.000
3 16 32.600 0.000 -16.000 31.500 0.000 -15.400 25.500 0.000 -20.500
3 16 32.600 0.000 -16.000 25.900 0.000 -21.400 33.000 0.000 -19.600
3 16 33.000 0.000 -19.600 33.100 0.000 -18.400 32.600 0.000 -16.000
3 16 33.000 0.000 -19.600 25.900 0.000 -21.400 25.900 0.000 -25.700
3 16 25.900 0.000 -25.700 33.500 0.000 -20.400 33.000 0.000 -19.600
3 16 25.900 0.000 -25.700 34.400 0.000 -20.800 33.500 0.000 -20.400
3 16 34.400 0.000 -20.800 25.900 0.000 -25.700 35.800 0.000 -21.800
3 16 35.800 0.000 -21.800 35.600 0.000 -20.800 34.400 0.000 -20.800
3 16 25.900 0.000 -25.700 36.400 0.000 -22.200 35.800 0.000 -21.800
3 16 33.100 0.000 -18.400 34.200 0.000 -17.100 33.900 0.000 -15.900
3 16 33.900 0.000 -15.900 32.600 0.000 -16.000 33.100 0.000 -18.400
3 16 33.900 0.000 -15.900 34.200 0.000 -17.100 35.800 0.000 -15.700
3 16 35.800 0.000 -15.700 34.500 0.000 -15.400 33.900 0.000 -15.900
3 16 34.500 0.000 -15.400 35.800 0.000 -15.700 37.300 0.000 -14.900
3 16 37.300 0.000 -14.900 34.900 0.000 -14.500 34.500 0.000 -15.400
3 16 34.900 0.000 -14.500 37.300 0.000 -14.900 36.100 0.000 -8.900
3 16 36.100 0.000 -8.900 34.700 0.000 -13.500 34.900 0.000 -14.500
3 16 34.700 0.000 -13.500 36.100 0.000 -8.900 33.700 0.000 -9.800
3 16 33.700 0.000 -9.800 34.300 0.000 -12.600 34.700 0.000 -13.500
3 16 34.300 0.000 -12.600 33.700 0.000 -9.800 33.400 0.000 -11.900
3 16 36.100 0.000 -8.900 37.300 0.000 -14.900 38.700 0.000 -15.000
3 16 38.700 0.000 -15.000 36.500 0.000 -8.600 36.100 0.000 -8.900
3 16 30.600 0.000 -14.600 30.200 0.000 -13.400 20.700 0.000 -16.000
3 16 20.700 0.000 -16.000 22.000 0.000 -18.300 30.600 0.000 -14.600
3 16 30.200 0.000 -13.400 30.600 0.000 -12.200 20.400 0.000 -14.900
3 16 20.400 0.000 -14.900 20.700 0.000 -16.000 30.200 0.000 -13.400
3 16 30.600 0.000 -12.200 31.300 0.000 -11.600 20.200 0.000 -14.200
3 16 20.200 0.000 -14.200 20.400 0.000 -14.900 30.600 0.000 -12.200
3 16 20.200 0.000 -14.200 31.300 0.000 -11.600 31.400 0.000 -9.500
3 16 31.400 0.000 -9.500 30.100 0.000 -7.800 20.200 0.000 -14.200
3 16 31.300 0.000 -11.600 32.200 0.000 -11.300 32.400 0.000 -9.800
3 16 32.400 0.000 -9.800 31.400 0.000 -9.500 31.300 0.000 -11.600
3 16 20.200 0.000 -14.200 30.100 0.000 -7.800 30.300 0.000 -7.200
3 16 30.300 0.000 -7.200 19.600 0.000 -14.100 20.200 0.000 -14.200
3 16 19.600 0.000 -14.100 30.300 0.000 -7.200 30.600 0.000 -4.100
3 16 30.600 0.000 -4.100 24.400 0.000 -0.900 19.600 0.000 -14.100
3 16 30.300 0.000 -7.200 31.000 0.000 -7.300 31.900 0.000 -6.000
3 16 31.900 0.000 -6.000 30.600 0.000 -4.100 30.300 0.000 -7.200
3 16 31.000 0.000 -7.300 31.900 0.000 -8.400 32.700 0.000 -6.200
3 16 32.700 0.000 -6.200 31.900 0.000 -6.000 31.000 0.000 -7.300
3 16 32.500 0.000 -8.600 32.700 0.000 -6.200 31.900 0.000 -8.400
3 16 24.400 0.000 -0.900 30.600 0.000 -4.100 30.800 0.000 -3.500
3 16 30.800 0.000 -3.500 25.700 0.000 -0.400 24.400 0.000 -0.900
3 16 25.700 0.000 -0.400 30.800 0.000 -3.500 31.500 0.000 -3.300
3 16 31.500 0.000 -3.300 26.400 0.000 0.500 25.700 0.000 -0.400
3 16 26.400 0.000 0.500 31.500 0.000 -3.300 30.000 0.000 3.000
3 16 30.000 0.000 3.000 29.400 0.000 2.600 26.400 0.000 0.500
3 16 30.000 0.000 3.000 31.500 0.000 -3.300 34.100 0.000 1.100
3 16 34.100 0.000 1.100 33.600 0.000 2.000 30.000 0.000 3.000
3 16 31.500 0.000 -3.300 31.900 0.000 -3.700 35.200 0.000 1.200
3 16 35.200 0.000 1.200 34.100 0.000 1.100 31.500 0.000 -3.300
3 16 31.900 0.000 -3.700 32.700 0.000 -5.200 33.200 0.000 -5.400
3 16 33.200 0.000 -5.400 35.200 0.000 1.200 31.900 0.000 -3.700
3 16 33.200 0.000 -5.400 35.600 0.000 -4.000 35.200 0.000 1.200
3 16 35.600 0.000 -4.000 36.300 0.000 -3.800 35.200 0.000 1.200
3 16 30.000 0.000 3.000 33.600 0.000 2.000 31.000 0.000 4.300
3 16 31.000 0.000 4.300 29.900 0.000 4.000 30.000 0.000 3.000
3 16 33.600 0.000 2.000 33.100 0.000 3.600 31.300 0.000 4.700
3 16 31.300 0.000 4.700 31.000 0.000 4.300 33.600 0.000 2.000
3 16 33.100 0.000 3.600 32.400 0.000 5.100 31.500 0.000 6.600
3 16 31.500 0.000 6.600 31.300 0.000 4.700 33.100 0.000 3.600
3 16 31.300 0.000 4.700 31.500 0.000 6.600 30.900 0.000 4.900
3 16 31.500 0.000 6.600 29.800 0.000 5.400 29.900 0.000 4.600
3 16 29.900 0.000 4.600 30.900 0.000 4.900 31.500 0.000 6.600
3 16 29.800 0.000 5.400 31.500 0.000 6.600 31.800 0.000 7.300
3 16 31.800 0.000 7.300 29.400 0.000 5.600 29.800 0.000 5.400
3 16 29.400 0.000 5.600 31.800 0.000 7.300 29.400 0.000 10.600
3 16 29.400 0.000 10.600 28.600 0.000 10.300 29.400 0.000 5.600
3 16 29.400 0.000 10.600 31.800 0.000 7.300 32.500 0.000 7.300
3 16 32.500 0.000 7.300 32.200 0.000 9.300 29.400 0.000 10.600
3 16 32.500 0.000 7.300 32.700 0.000 9.000 32.200 0.000 9.300
3 16 32.700 0.000 9.000 32.500 0.000 7.300 34.000 0.000 4.700
3 16 34.000 0.000 4.700 34.000 0.000 9.100 32.700 0.000 9.000
3 16 34.000 0.000 4.700 35.300 0.000 4.800 35.300 0.000 9.600
3 16 35.300 0.000 9.600 34.000 0.000 9.100 34.000 0.000 4.700
3 16 35.300 0.000 4.800 35.700 0.000 6.000 36.100 0.000 10.400
3 16 36.100 0.000 10.400 35.300 0.000 9.600 35.300 0.000 4.800
3 16 35.700 0.000 6.000 36.400 0.000 6.200 36.600 0.000 11.600
3 16 36.600 0.000 11.600 36.100 0.000 10.400 35.700 0.000 6.000
3 16 37.000 0.000 6.000 36.600 0.000 11.600 36.400 0.000 6.200
3 16 32.200 0.000 9.300 32.700 0.000 9.600 29.200 0.000 12.000
3 16 29.200 0.000 12.000 29.400 0.000 10.600 32.200 0.000 9.300
3 16 29.200 0.000 12.000 32.700 0.000 9.600 34.100 0.000 9.700
3 16 34.100 0.000 9.700 30.200 0.000 12.200 29.200 0.000 12.000
3 16 30.200 0.000 12.200 34.100 0.000 9.700 34.800 0.000 10.300
3 16 34.800 0.000 10.300 30.500 0.000 12.600 30.200 0.000 12.200
3 16 34.800 0.000 10.300 35.200 0.000 11.200 35.100 0.000 12.300
3 16 35.100 0.000 12.300 30.500 0.000 12.600 34.800 0.000 10.300
3 16 30.500 0.000 12.600 35.100 0.000 12.300 34.400 0.000 13.200
3 16 34.400 0.000 13.200 30.100 0.000 12.900 30.500 0.000 12.600
3 16 34.400 0.000 13.200 33.400 0.000 13.700 32.300 0.000 13.700
3 16 32.300 0.000 13.700 30.100 0.000 12.900 34.400 0.000 13.200
3 16 30.100 0.000 12.900 32.300 0.000 13.700 28.900 0.000 14.000
3 16 28.900 0.000 14.000 29.000 0.000 12.800 30.100 0.000 12.900
3 16 32.300 0.000 13.700 32.000 0.000 14.200 28.300 0.000 14.300
3 16 28.300 0.000 14.300 28.900 0.000 14.000 32.300 0.000 13.700
3 16 29.400 0.000 5.600 28.600 0.000 10.300 28.100 0.000 10.500
3 16 28.100 0.000 10.500 28.700 0.000 5.400 29.400 0.000 5.600
3 16 28.100 0.000 10.500 25.300 0.000 4.900 26.200 0.000 4.600
3 16 26.200 0.000 4.600 28.700 0.000 5.400 28.100 0.000 10.500
3 16 26.200 0.000 4.600 27.700 0.000 4.500 28.700 0.000 4.500
3 16 28.700 0.000 4.500 28.700 0.000 5.400 26.200 0.000 4.600
3 16 27.400 0.000 4.300 27.700 0.000 4.500 26.200 0.000 4.600
3 16 26.200 0.000 4.600 26.600 0.000 2.600 27.600 0.000 3.900
3 16 27.600 0.000 3.900 27.400 0.000 4.300 26.200 0.000 4.600
3 16 26.600 0.000 2.600 26.400 0.000 0.500 28.700 0.000 3.900
3 16 28.700 0.000 3.900 27.600 0.000 3.900 26.600 0.000 2.600
3 16 26.400 0.000 0.500 28.700 0.000 2.900 28.700 0.000 3.900
3 16 26.400 0.000 0.500 29.400 0.000 2.600 28.700 0.000 2.900
3 16 28.100 0.000 10.500 24.100 0.000 5.900 24.100 0.000 5.600
3 16 24.100 0.000 5.600 25.300 0.000 4.900 28.100 0.000 10.500
3 16 25.300 0.000 4.900 24.100 0.000 5.600 23.700 0.000 5.500
3 16 23.700 0.000 5.500 24.700 0.000 4.400 25.300 0.000 4.900
3 16 23.700 0.000 5.500 22.800 0.000 5.100 22.500 0.000 4.400
3 16 22.500 0.000 4.400 24.700 0.000 4.400 23.700 0.000 5.500
3 16 22.500 0.000 4.400 22.600 0.000 2.900 25.100 0.000 1.300
3 16 25.100 0.000 1.300 24.700 0.000 4.400 22.500 0.000 4.400
3 16 22.600 0.000 2.900 23.400 0.000 1.000 25.000 0.000 0.400
3 16 25.000 0.000 0.400 25.100 0.000 1.300 22.600 0.000 2.900
3 16 23.400 0.000 1.000 24.100 0.000 0.100 24.600 0.000 0.000
3 16 24.600 0.000 0.000 25.000 0.000 0.400 23.400 0.000 1.000
3 16 28.100 0.000 10.500 24.100 0.000 10.000 23.700 0.000 6.000
3 16 23.700 0.000 6.000 24.100 0.000 5.900 28.100 0.000 10.500
3 16 24.100 0.000 10.000 28.100 0.000 10.500 26.300 0.000 12.100
3 16 26.300 0.000 12.100 24.100 0.000 11.100 24.100 0.000 10.000
3 16 28.100 0.000 10.500 27.800 0.000 12.100 26.300 0.000 12.100
3 16 26.300 0.000 12.100 26.000 0.000 12.500 23.800 0.000 12.600
3 16 23.800 0.000 12.600 24.100 0.000 11.100 26.300 0.000 12.100
3 16 26.000 0.000 12.500 26.400 0.000 12.800 23.300 0.000 13.700
3 16 23.300 0.000 13.700 23.800 0.000 12.600 26.000 0.000 12.500
3 16 23.300 0.000 13.700 26.400 0.000 12.800 27.700 0.000 12.800
3 16 27.700 0.000 12.800 27.600 0.000 13.900 23.300 0.000 13.700
3 16 23.300 0.000 13.700 27.600 0.000 13.900 28.300 0.000 14.300
3 16 24.100 0.000 10.000 22.500 0.000 9.200 22.300 0.000 5.600
3 16 22.300 0.000 5.600 23.700 0.000 6.000 24.100 0.000 10.000
3 16 22.500 0.000 9.200 21.700 0.000 9.000 21.200 0.000 4.800
3 16 21.200 0.000 4.800 22.300 0.000 5.600 22.500 0.000 9.200
3 16 21.700 0.000 9.000 20.800 0.000 9.100 18.600 0.000 5.900
3 16 18.600 0.000 5.900 21.200 0.000 4.800 21.700 0.000 9.000
3 16 20.800 0.000 9.100 20.600 0.000 9.500 18.100 0.000 10.600
3 16 18.100 0.000 10.600 18.600 0.000 5.900 20.800 0.000 9.100
3 16 18.100 0.000 10.600 20.600 0.000 9.500 20.600 0.000 10.200
3 16 20.600 0.000 10.200 20.300 0.000 10.400 18.100 0.000 10.600
3 16 20.300 0.000 10.400 19.700 0.000 11.000 18.000 0.000 11.100
3 16 18.000 0.000 11.100 18.100 0.000 10.600 20.300 0.000 10.400
3 16 19.700 0.000 11.000 19.600 0.000 11.600 17.900 0.000 12.700
3 16 17.900 0.000 12.700 18.000 0.000 11.100 19.700 0.000 11.000
3 16 19.600 0.000 11.600 20.300 0.000 12.400 18.300 0.000 13.100
3 16 18.300 0.000 13.100 17.900 0.000 12.700 19.600 0.000 11.600
3 16 20.300 0.000 12.400 21.500 0.000 13.200 17.900 0.000 13.600
3 16 17.900 0.000 13.600 18.300 0.000 13.100 20.300 0.000 12.400
3 16 21.500 0.000 13.200 22.400 0.000 13.800 17.900 0.000 13.600
3 16 18.000 0.000 11.100 17.900 0.000 12.700 14.100 0.000 12.500
3 16 14.100 0.000 12.500 14.100 0.000 10.700 18.000 0.000 11.100
3 16 14.100 0.000 12.500 -1.200 0.000 12.300 -1.400 0.000 11.500
3 16 -1.400 0.000 11.500 14.100 0.000 10.700 14.100 0.000 12.500
3 16 14.100 0.000 10.700 -1.400 0.000 11.500 10.200 0.000 6.000
3 16 10.200 0.000 6.000 14.200 0.000 10.300 14.100 0.000 10.700
3 16 10.200 0.000 6.000 11.700 0.000 6.000 14.200 0.000 10.300
3 16 11.700 0.000 6.000 15.400 0.000 5.800 18.100 0.000 10.600
3 16 18.100 0.000 10.600 14.200 0.000 10.300 11.700 0.000 6.000
3 16 15.400 0.000 5.800 18.600 0.000 5.900 18.100 0.000 10.600
3 16 11.700 0.000 6.000 12.800 0.000 5.300 15.400 0.000 5.200
3 16 15.400 0.000 5.200 15.400 0.000 5.800 11.700 0.000 6.000
3 16 12.800 0.000 5.300 13.300 0.000 4.300 15.100 0.000 3.200
3 16 15.100 0.000 3.200 15.400 0.000 5.200 12.800 0.000 5.300
3 16 15.100 0.000 3.200 17.000 0.000 3.300 18.600 0.000 5.300
3 16 18.600 0.000 5.300 15.400 0.000 5.200 15.100 0.000 3.200
3 16 17.000 0.000 3.300 18.800 0.000 3.500 18.600 0.000 5.300
3 16 18.800 0.000 3.500 21.000 0.000 3.200 21.200 0.000 4.800
3 16 21.200 0.000 4.800 18.600 0.000 5.300 18.800 0.000 3.500
3 16 21.200 0.000 4.800 18.600 0.000 5.900 18.600 0.000 5.300
3 16 18.800 0.000 3.500 18.800 0.000 3.000 21.600 0.000 1.500
3 16 21.600 0.000 1.500 21.000 0.000 3.200 18.800 0.000 3.500
3 16 18.800 0.000 3.000 17.500 0.000 2.800 22.300 0.000 0.200
3 16 22.300 0.000 0.200 21.600 0.000 1.500 18.800 0.000 3.000
3 16 22.300 0.000 0.200 17.500 0.000 2.800 15.100 0.000 2.600
3 16 15.100 0.000 2.600 12.400 0.000 1.100 22.300 0.000 0.200
3 16 12.400 0.000 1.100 15.100 0.000 2.600 15.100 0.000 3.200
3 16 15.100 0.000 3.200 13.200 0.000 2.800 12.400 0.000 1.100
3 16 13.200 0.000 2.800 15.100 0.000 3.200 13.300 0.000 4.300
3 16 12.400 0.000 1.100 11.600 0.000 0.300 23.200 0.000 -0.600
3 16 23.200 0.000 -0.600 22.300 0.000 0.200 12.400 0.000 1.100
3 16 11.600 0.000 0.300 10.200 0.000 -0.300 24.400 0.000 -0.900
3 16 24.400 0.000 -0.900 23.200 0.000 -0.600 11.600 0.000 0.300
3 16 10.200 0.000 -0.300 7.300 0.000 -9.000 13.100 0.000 -13.000
3 16 13.100 0.000 -13.000 24.400 0.000 -0.900 10.200 0.000 -0.300
3 16 24.400 0.000 -0.900 13.100 0.000 -13.000 19.200 0.000 -14.500
3 16 19.200 0.000 -14.500 19.600 0.000 -14.100 24.400 0.000 -0.900
3 16 19.000 0.000 -15.300 19.200 0.000 -14.500 13.100 0.000 -13.000
3 16 19.500 0.000 -16.400 19.000 0.000 -15.300 13.100 0.000 -13.000
3 16 10.200 0.000 -0.300 8.900 0.000 0.000 2.200 0.000 -4.700
3 16 2.200 0.000 -4.700 7.300 0.000 -9.000 10.200 0.000 -0.300
3 16 8.900 0.000 0.000 8.800 0.000 0.700 0.700 0.000 -1.500
3 16 0.700 0.000 -1.500 2.200 0.000 -4.700 8.900 0.000 0.000
3 16 0.700 0.000 -1.500 8.800 0.000 0.700 9.300 0.000 4.700
3 16 9.300 0.000 4.700 0.500 0.000 -0.700 0.700 0.000 -1.500
3 16 8.800 0.000 0.700 9.500 0.000 0.900 10.100 0.000 5.100
3 16 10.100 0.000 5.100 9.300 0.000 4.700 8.800 0.000 0.700
3 16 9.500 0.000 0.900 10.100 0.000 0.700 11.300 0.000 5.100
3 16 11.300 0.000 5.100 10.100 0.000 5.100 9.500 0.000 0.900
3 16 10.100 0.000 0.700 11.000 0.000 1.100 12.000 0.000 4.600
3 16 12.000 0.000 4.600 11.300 0.000 5.100 10.100 0.000 0.700
3 16 11.000 0.000 1.100 11.600 0.000 2.100 12.000 0.000 3.800
3 16 12.000 0.000 3.800 12.000 0.000 4.600 11.000 0.000 1.100
3 16 9.300 0.000 4.700 8.700 0.000 5.400 -0.300 0.000 0.200
3 16 -0.300 0.000 0.200 0.500 0.000 -0.700 9.300 0.000 4.700
3 16 8.700 0.000 5.400 -1.400 0.000 11.500 -3.300 0.000 8.900
3 16 -3.300 0.000 8.900 -0.300 0.000 0.200 8.700 0.000 5.400
3 16 8.700 0.000 5.400 10.200 0.000 6.000 -1.400 0.000 11.500
3 16 -0.300 0.000 0.200 -3.300 0.000 8.900 -6.300 0.000 6.000
3 16 -6.300 0.000 6.000 -1.200 0.000 0.500 -0.300 0.000 0.200
3 16 -1.200 0.000 0.500 -6.300 0.000 6.000 -9.800 0.000 3.600
3 16 -9.800 0.000 3.600 -2.500 0.000 0.200 -1.200 0.000 0.500
3 16 -2.500 0.000 0.200 -9.800 0.000 3.600 -13.900 0.000 -0.100
3 16 -13.900 0.000 -0.100 -4.000 0.000 -0.500 -2.500 0.000 0.200
3 16 -9.800 0.000 3.600 -13.700 0.000 1.600 -14.600 0.000 0.200
3 16 -14.600 0.000 0.200 -13.900 0.000 -0.100 -9.800 0.000 3.600
3 16 -17.100 0.000 0.000 -14.600 0.000 0.200 -13.700 0.000 1.600
3 16 -13.900 0.000 -0.100 -14.000 0.000 -0.500 -4.300 0.000 -1.000
3 16 -4.300 0.000 -1.000 -4.000 0.000 -0.500 -13.900 0.000 -0.100
3 16 -14.000 0.000 -0.500 -3.600 0.000 -4.900 -3.000 0.000 -4.300
3 16 -3.000 0.000 -4.300 -4.300 0.000 -1.000 -14.000 0.000 -0.500
3 16 -3.000 0.000 -4.300 -3.100 0.000 -2.800 -4.300 0.000 -1.000
3 16 -3.100 0.000 -2.800 -3.000 0.000 -4.300 -0.900 0.000 -4.000
3 16 -0.900 0.000 -4.000 -2.600 0.000 -2.900 -3.100 0.000 -2.800
3 16 -0.900 0.000 -4.000 -0.700 0.000 -2.700 -2.600 0.000 -2.900
3 16 -3.100 0.000 -2.800 -3.000 0.000 -2.200 -3.400 0.000 -0.800
3 16 -3.400 0.000 -0.800 -4.300 0.000 -1.000 -3.100 0.000 -2.800
3 16 -3.000 0.000 -2.200 -2.600 0.000 -1.900 -2.200 0.000 -0.300
3 16 -2.200 0.000 -0.300 -3.400 0.000 -0.800 -3.000 0.000 -2.200
3 16 -2.600 0.000 -1.900 -0.500 0.000 -2.000 -1.100 0.000 -0.400
3 16 -1.100 0.000 -0.400 -2.200 0.000 -0.300 -2.600 0.000 -1.900
3 16 -0.500 0.000 -2.000 -0.500 0.000 -1.000 -1.100 0.000 -0.400
3 16 -3.600 0.000 -4.900 -14.000 0.000 -0.500 -20.100 0.000 -9.700
3 16 -20.100 0.000 -9.700 -3.700 0.000 -5.400 -3.600 0.000 -4.900
3 16 -20.100 0.000 -9.700 -19.900 0.000 -10.100 -3.200 0.000 -5.500
3 16 -3.200 0.000 -5.500 -3.700 0.000 -5.400 -20.100 0.000 -9.700
3 16 -3.200 0.000 -5.500 -19.900 0.000 -10.100 -18.700 0.000 -14.500
3 16 -18.700 0.000 -14.500 -18.100 0.000 -14.700 -3.200 0.000 -5.500
3 16 -19.900 0.000 -10.100 -20.300 0.000 -10.600 -20.100 0.000 -13.800
3 16 -20.100 0.000 -13.800 -18.700 0.000 -14.500 -19.900 0.000 -10.100
3 16 -20.100 0.000 -13.800 -20.300 0.000 -10.600 -21.000 0.000 -11.300
3 16 -21.000 0.000 -11.300 -20.500 0.000 -13.500 -20.100 0.000 -13.800
3 16 -21.000 0.000 -11.300 -21.400 0.000 -12.100 -21.200 0.000 -13.300
3 16 -21.200 0.000 -13.300 -20.500 0.000 -13.500 -21.000 0.000 -11.300
3 16 -21.200 0.000 -13.300 -21.400 0.000 -12.100 -21.600 0.000 -12.800
3 16 -20.100 0.000 -13.800 -20.100 0.000 -14.100 -19.100 0.000 -14.800
3 16 -19.100 0.000 -14.800 -18.700 0.000 -14.500 -20.100 0.000 -13.800
3 16 -20.100 0.000 -14.100 -20.400 0.000 -14.500 -19.400 0.000 -15.300
3 16 -19.400 0.000 -15.300 -19.100 0.000 -14.800 -20.100 0.000 -14.100
3 16 -20.400 0.000 -14.500 -20.700 0.000 -14.900 -20.100 0.000 -15.600
3 16 -20.100 0.000 -15.600 -19.400 0.000 -15.300 -20.400 0.000 -14.500
3 16 -20.100 0.000 -15.600 -20.700 0.000 -14.900 -20.600 0.000 -15.400
3 16 -18.100 0.000 -14.700 -18.000 0.000 -15.200 0.000 0.000 -4.900
3 16 0.000 0.000 -4.900 -3.200 0.000 -5.500 -18.100 0.000 -14.700
3 16 0.000 0.000 -4.900 -18.000 0.000 -15.200 6.900 0.000 -20.400
3 16 6.900 0.000 -20.400 1.000 0.000 -5.800 0.000 0.000 -4.900
3 16 0.000 0.000 -4.900 1.000 0.000 -5.800 1.000 0.000 -5.100
3 16 1.000 0.000 -5.100 0.300 0.000 -4.300 0.000 0.000 -4.900
3 16 1.000 0.000 -5.100 1.400 0.000 -4.500 0.700 0.000 -1.500
3 16 0.700 0.000 -1.500 0.300 0.000 -4.300 1.000 0.000 -5.100
3 16 2.200 0.000 -4.700 0.700 0.000 -1.500 1.400 0.000 -4.500
3 16 -18.000 0.000 -15.200 -11.800 0.000 -23.600 5.100 0.000 -25.800
3 16 5.100 0.000 -25.800 6.900 0.000 -20.400 -18.000 0.000 -15.200
3 16 5.100 0.000 -25.800 5.600 0.000 -25.700 6.900 0.000 -20.400
3 16 6.100 0.000 -25.900 6.900 0.000 -20.400 5.600 0.000 -25.700
3 16 9.200 0.000 -27.700 6.900 0.000 -20.400 6.100 0.000 -25.900
3 16 5.100 0.000 -25.800 -11.800 0.000 -23.600 -11.700 0.000 -24.000
3 16 -11.700 0.000 -24.000 5.100 0.000 -26.500 5.100 0.000 -25.800
3 16 5.100 0.000 -26.500 -11.700 0.000 -24.000 -11.000 0.000 -26.300
3 16 -11.000 0.000 -26.300 -10.300 0.000 -26.600 5.100 0.000 -26.500
3 16 -11.700 0.000 -24.000 -12.300 0.000 -24.100 -11.800 0.000 -27.000
3 16 -11.800 0.000 -27.000 -11.000 0.000 -26.300 -11.700 0.000 -24.000
3 16 -12.300 0.000 -24.100 -13.900 0.000 -24.600 -12.800 0.000 -28.200
3 16 -12.800 0.000 -28.200 -11.800 0.000 -27.000 -12.300 0.000 -24.100
3 16 -13.900 0.000 -30.000 -12.800 0.000 -28.200 -13.900 0.000 -24.600
3 16 -18.000 0.000 -15.200 -18.500 0.000 -15.700 -12.800 0.000 -23.400
3 16 -12.800 0.000 -23.400 -11.800 0.000 -23.600 -18.000 0.000 -15.200
3 16 -18.500 0.000 -15.700 -19.500 0.000 -16.200 -14.700 0.000 -23.800
3 16 -14.700 0.000 -23.800 -12.800 0.000 -23.400 -18.500 0.000 -15.700
3 16 -19.500 0.000 -16.200 -20.700 0.000 -16.400 -16.800 0.000 -24.400
3 16 -16.800 0.000 -24.400 -14.700 0.000 -23.800 -19.500 0.000 -16.200
3 16 -20.700 0.000 -16.400 -21.700 0.000 -16.100 -17.500 0.000 -24.700
3 16 -17.500 0.000 -24.700 -16.800 0.000 -24.400 -20.700 0.000 -16.400
3 16 -21.700 0.000 -16.100 -29.500 0.000 -26.300 -29.500 0.000 -27.000
3 16 -29.500 0.000 -27.000 -17.500 0.000 -24.700 -21.700 0.000 -16.100
3 16 -29.500 0.000 -27.000 -24.700 0.000 -28.000 -23.100 0.000 -28.300
3 16 -23.100 0.000 -28.300 -17.500 0.000 -24.700 -29.500 0.000 -27.000
3 16 -17.500 0.000 -24.700 -23.100 0.000 -28.300 -22.700 0.000 -28.800
3 16 -22.700 0.000 -28.800 -17.600 0.000 -25.200 -17.500 0.000 -24.700
3 16 -17.600 0.000 -25.200 -22.700 0.000 -28.800 -20.700 0.000 -29.700
3 16 -20.700 0.000 -29.700 -18.500 0.000 -28.600 -17.600 0.000 -25.200
3 16 -22.700 0.000 -28.800 -23.100 0.000 -29.200 -22.800 0.000 -30.000
3 16 -22.800 0.000 -30.000 -20.700 0.000 -29.700 -22.700 0.000 -28.800
3 16 -23.100 0.000 -29.200 -24.100 0.000 -29.300 -24.300 0.000 -29.800
3 16 -24.300 0.000 -29.800 -22.800 0.000 -30.000 -23.100 0.000 -29.200
3 16 -17.600 0.000 -25.200 -18.500 0.000 -28.600 -17.900 0.000 -28.700
3 16 -17.900 0.000 -28.700 -17.100 0.000 -25.400 -17.600 0.000 -25.200
3 16 -17.100 0.000 -25.400 -17.900 0.000 -28.700 -15.200 0.000 -31.800
3 16 -15.200 0.000 -31.800 -15.300 0.000 -25.000 -17.100 0.000 -25.400
3 16 -15.200 0.000 -31.800 -17.900 0.000 -28.700 -18.100 0.000 -29.300
3 16 -15.200 0.000 -31.800 -18.100 0.000 -29.300 -19.600 0.000 -30.100
3 16 -19.600 0.000 -30.100 -21.900 0.000 -30.700 -24.400 0.000 -31.900
3 16 -24.400 0.000 -31.900 -15.200 0.000 -31.800 -19.600 0.000 -30.100
3 16 -24.400 0.000 -31.900 -21.900 0.000 -30.700 -24.300 0.000 -31.300
3 16 -24.300 0.000 -31.300 -21.900 0.000 -30.700 -24.500 0.000 -30.600
3 16 -24.700 0.000 -28.000 -29.500 0.000 -27.000 -30.800 0.000 -28.000
3 16 -30.800 0.000 -28.000 -25.500 0.000 -28.300 -24.700 0.000 -28.000
3 16 -25.500 0.000 -28.300 -30.800 0.000 -28.000 -31.800 0.000 -28.400
3 16 -31.800 0.000 -28.400 -26.000 0.000 -29.000 -25.500 0.000 -28.300
3 16 -25.900 0.000 -30.300 -26.000 0.000 -29.000 -31.800 0.000 -28.400
3 16 -25.800 0.000 -31.300 -25.900 0.000 -30.300 -31.800 0.000 -28.400
3 16 -21.700 0.000 -16.100 -30.400 0.000 -22.300 -31.300 0.000 -23.800
3 16 -31.300 0.000 -23.800 -29.500 0.000 -26.300 -21.700 0.000 -16.100
3 16 -29.500 0.000 -26.300 -31.300 0.000 -23.800 -31.800 0.000 -25.300
3 16 -31.800 0.000 -25.300 -30.200 0.000 -26.400 -29.500 0.000 -26.300
3 16 -30.200 0.000 -26.400 -31.800 0.000 -25.300 -31.800 0.000 -27.200
3 16 -31.800 0.000 -27.200 -30.800 0.000 -27.200 -30.200 0.000 -26.400
3 16 -31.400 0.000 -27.500 -30.800 0.000 -27.200 -31.800 0.000 -27.200
3 16 -30.400 0.000 -22.300 -21.700 0.000 -16.100 -27.000 0.000 -16.200
3 16 -27.000 0.000 -16.200 -30.300 0.000 -21.700 -30.400 0.000 -22.300
3 16 -30.300 0.000 -21.700 -27.000 0.000 -16.200 -27.600 0.000 -16.400
3 16 -27.600 0.000 -16.400 -30.400 0.000 -21.200 -30.300 0.000 -21.700
3 16 -27.600 0.000 -16.400 -31.600 0.000 -18.400 -31.900 0.000 -18.900
3 16 -31.900 0.000 -18.900 -30.400 0.000 -21.200 -27.600 0.000 -16.400
3 16 -30.400 0.000 -21.200 -31.900 0.000 -18.900 -32.500 0.000 -19.100
3 16 -32.500 0.000 -19.100 -32.300 0.000 -21.300 -30.400 0.000 -21.200
3 16 -32.300 0.000 -21.300 -32.500 0.000 -19.100 -32.900 0.000 -18.800
3 16 -32.900 0.000 -18.800 -34.700 0.000 -22.400 -32.300 0.000 -21.300
3 16 -34.700 0.000 -22.400 -32.900 0.000 -18.800 -33.200 0.000 -18.300
3 16 -27.600 0.000 -16.400 -28.200 0.000 -16.200 -31.500 0.000 -17.500
3 16 -31.500 0.000 -17.500 -31.600 0.000 -18.400 -27.600 0.000 -16.400
3 16 -31.500 0.000 -17.500 -28.200 0.000 -16.200 -28.200 0.000 -15.600
3 16 -28.200 0.000 -15.600 -30.900 0.000 -16.600 -31.500 0.000 -17.500
3 16 -30.900 0.000 -16.600 -28.200 0.000 -15.600 -28.100 0.000 -14.500
3 16 -28.100 0.000 -14.500 -29.900 0.000 -15.600 -30.900 0.000 -16.600
3 16 -28.200 0.000 -15.600 -27.600 0.000 -15.200 -27.600 0.000 -14.500
3 16 -27.600 0.000 -14.500 -28.100 0.000 -14.500 -28.200 0.000 -15.600
3 16 -27.600 0.000 -15.200 -27.500 0.000 -14.800 -27.600 0.000 -14.500
3 16 -21.700 0.000 -16.100 -22.100 0.000 -15.500 -25.900 0.000 -14.900
3 16 -25.900 0.000 -14.900 -27.000 0.000 -16.200 -21.700 0.000 -16.100
3 16 -22.100 0.000 -15.500 -22.100 0.000 -14.800 -25.800 0.000 -14.500
3 16 -25.800 0.000 -14.500 -25.900 0.000 -14.900 -22.100 0.000 -15.500
3 16 -22.100 0.000 -14.800 -21.800 0.000 -14.400 -22.500 0.000 -14.000
3 16 -22.500 0.000 -14.000 -25.800 0.000 -14.500 -22.100 0.000 -14.800
3 16 -25.800 0.000 -14.500 -22.500 0.000 -14.000 -23.000 0.000 -13.600
3 16 -23.000 0.000 -13.600 -25.900 0.000 -13.800 -25.800 0.000 -14.500
3 16 -25.900 0.000 -13.800 -23.000 0.000 -13.600 -23.300 0.000 -12.700
3 16 -23.300 0.000 -12.700 -28.100 0.000 -12.300 -25.900 0.000 -13.800
3 16 -23.300 0.000 -12.700 -22.800 0.000 -11.800 -28.100 0.000 -12.300
3 16 -28.100 0.000 -12.300 -22.800 0.000 -11.800 -21.900 0.000 -10.600
3 16 -21.900 0.000 -10.600 -20.900 0.000 -9.800 -28.800 0.000 -12.300
3 16 -28.800 0.000 -12.300 -28.100 0.000 -12.300 -21.900 0.000 -10.600
3 16 -28.800 0.000 -12.300 -20.900 0.000 -9.800 -19.200 0.000 -0.700
3 16 -19.200 0.000 -0.700 -19.600 0.000 -0.500 -28.800 0.000 -12.300
3 16 -20.900 0.000 -9.800 -20.100 0.000 -9.700 -16.600 0.000 -0.700
3 16 -16.600 0.000 -0.700 -19.200 0.000 -0.700 -20.900 0.000 -9.800
3 16 -20.100 0.000 -9.700 -14.500 0.000 -0.600 -16.600 0.000 -0.700
3 16 -20.100 0.000 -9.700 -14.000 0.000 -0.500 -14.500 0.000 -0.600
3 16 -28.800 0.000 -12.300 -19.600 0.000 -0.500 -19.700 0.000 0.000
3 16 -19.700 0.000 0.000 -29.300 0.000 -12.600 -28.800 0.000 -12.300
3 16 -29.300 0.000 -12.600 -19.700 0.000 0.000 -21.500 0.000 2.400
3 16 -21.500 0.000 2.400 -21.900 0.000 2.100 -29.300 0.000 -12.600
3 16 -19.700 0.000 0.000 -17.500 0.000 2.400 -21.300 0.000 4.800
3 16 -21.300 0.000 4.800 -21.500 0.000 2.400 -19.700 0.000 0.000
3 16 -17.500 0.000 2.400 -16.700 0.000 2.700 -21.300 0.000 10.200
3 16 -21.300 0.000 10.200 -21.300 0.000 4.800 -17.500 0.000 2.400
3 16 -21.300 0.000 10.200 -16.700 0.000 2.700 -16.300 0.000 2.500
3 16 -16.300 0.000 2.500 -11.400 0.000 3.500 -21.300 0.000 10.200
3 16 -11.400 0.000 3.500 -16.300 0.000 2.500 -16.500 0.000 2.100
3 16 -16.500 0.000 2.100 -14.800 0.000 1.800 -11.400 0.000 3.500
3 16 -17.800 0.000 0.500 -14.800 0.000 1.800 -16.500 0.000 2.100
3 16 -11.400 0.000 3.500 -8.200 0.000 5.600 -21.600 0.000 13.600
3 16 -21.600 0.000 13.600 -21.300 0.000 10.200 -11.400 0.000 3.500
3 16 -8.200 0.000 5.600 -5.500 0.000 7.800 -21.700 0.000 14.800
3 16 -21.700 0.000 14.800 -21.600 0.000 13.600 -8.200 0.000 5.600
3 16 -21.700 0.000 14.800 -5.500 0.000 7.800 -19.700 0.000 15.500
3 16 -19.700 0.000 15.500 -21.100 0.000 15.300 -21.700 0.000 14.800
3 16 -5.500 0.000 7.800 -3.300 0.000 10.300 -9.900 0.000 15.100
3 16 -9.900 0.000 15.100 -19.700 0.000 15.500 -5.500 0.000 7.800
3 16 -3.300 0.000 10.300 -2.300 0.000 12.200 -2.400 0.000 15.100
3 16 -2.400 0.000 15.100 -9.900 0.000 15.100 -3.300 0.000 10.300
3 16 -2.300 0.000 12.200 -1.200 0.000 12.300 0.300 0.000 15.400
3 16 0.300 0.000 15.400 -2.400 0.000 15.100 -2.300 0.000 12.200
3 16 0.300 0.000 15.400 -1.200 0.000 12.300 13.900 0.000 13.000
3 16 13.900 0.000 13.000 1.700 0.000 15.900 0.300 0.000 15.400
3 16 -1.200 0.000 12.300 14.100 0.000 12.500 13.900 0.000 13.000
3 16 13.900 0.000 13.000 14.200 0.000 13.400 1.600 0.000 16.300
3 16 1.600 0.000 16.300 1.700 0.000 15.900 13.900 0.000 13.000
3 16 -21.900 0.000 2.100 -22.400 0.000 2.100 -32.900 0.000 1.800
3 16 -32.900 0.000 1.800 -29.300 0.000 -12.600 -21.900 0.000 2.100
3 16 -29.300 0.000 -12.600 -32.900 0.000 1.800 -33.800 0.000 1.200
3 16 -29.300 0.000 -12.600 -33.800 0.000 1.200 -34.300 0.000 1.100
3 16 -29.300 0.000 -12.600 -34.300 0.000 1.100 -34.900 0.000 1.100
3 16 -34.900 0.000 1.100 -35.600 0.000 1.100 -36.500 0.000 0.900
3 16 -36.500 0.000 0.900 -29.300 0.000 -12.600 -34.900 0.000 1.100
3 16 -36.500 0.000 0.900 -35.600 0.000 1.100 -36.100 0.000 1.500
3 16 -29.300 0.000 -12.600 -36.500 0.000 0.900 -37.300 0.000 0.500
3 16 -34.300 0.000 1.100 -34.400 0.000 1.400 -34.800 0.000 1.800
3 16 -34.800 0.000 1.800 -34.900 0.000 1.100 -34.300 0.000 1.100
3 16 -34.800 0.000 1.800 -34.400 0.000 1.400 -33.800 0.000 1.700
3 16 -33.800 0.000 1.700 -34.300 0.000 1.900 -34.800 0.000 1.800
3 16 -33.800 0.000 1.700 -33.700 0.000 2.200 -34.300 0.000 1.900
3 16 -34.900 0.000 1.100 -34.800 0.000 1.800 -35.000 0.000 2.200
3 16 -35.000 0.000 2.200 -35.300 0.000 1.500 -34.900 0.000 1.100
3 16 -35.300 0.000 1.500 -35.000 0.000 2.200 -35.700 0.000 2.800
3 16 -35.700 0.000 2.800 -35.600 0.000 2.000 -35.300 0.000 1.500
3 16 -35.700 0.000 2.800 -35.000 0.000 2.200 -34.500 0.000 2.800
3 16 -34.500 0.000 2.800 -35.000 0.000 2.900 -35.700 0.000 2.800
3 16 -35.700 0.000 2.800 -35.000 0.000 2.900 -34.700 0.000 3.800
3 16 -34.700 0.000 3.800 -35.400 0.000 3.400 -35.700 0.000 2.800
3 16 -35.400 0.000 3.400 -34.700 0.000 3.800 -34.900 0.000 4.500
3 16 -34.900 0.000 4.500 -35.400 0.000 4.200 -35.400 0.000 3.400
3 16 -35.400 0.000 4.200 -34.900 0.000 4.500 -35.400 0.000 5.200
3 16 -35.400 0.000 5.200 -35.800 0.000 4.800 -35.400 0.000 4.200
3 16 -35.800 0.000 4.800 -35.400 0.000 5.200 -35.800 0.000 5.900
3 16 -35.800 0.000 5.900 -36.300 0.000 5.300 -35.800 0.000 4.800
3 16 -35.800 0.000 5.900 -36.200 0.000 6.000 -37.100 0.000 5.500
3 16 -37.100 0.000 5.500 -36.300 0.000 5.300 -35.800 0.000 5.900
3 16 -36.200 0.000 6.000 -37.100 0.000 5.800 -37.900 0.000 5.300
3 16 -37.900 0.000 5.300 -37.100 0.000 5.500 -36.200 0.000 6.000
3 16 -37.100 0.000 5.800 -37.700 0.000 6.100 -38.400 0.000 5.600
3 16 -38.400 0.000 5.600 -37.900 0.000 5.300 -37.100 0.000 5.800
3 16 -38.400 0.000 5.600 -37.700 0.000 6.100 -37.900 0.000 6.600
3 16 -37.900 0.000 6.600 -38.400 0.000 6.300 -38.400 0.000 5.600
3 16 -37.900 0.000 5.300 -38.400 0.000 5.600 -39.000 0.000 5.300
3 16 -39.000 0.000 5.300 -38.600 0.000 4.800 -37.900 0.000 5.300
3 16 -39.000 0.000 5.300 -39.400 0.000 4.800 -39.000 0.000 3.800
3 16 -39.000 0.000 3.800 -38.600 0.000 4.800 -39.000 0.000 5.300
3 16 -39.000 0.000 3.800 -39.400 0.000 4.800 -39.400 0.000 4.000
3 16 -38.600 0.000 4.800 -39.000 0.000 3.800 -38.900 0.000 3.200
3 16 -38.900 0.000 3.200 -38.500 0.000 3.800 -38.600 0.000 4.800
3 16 -38.900 0.000 3.200 -38.600 0.000 3.000 -38.000 0.000 3.000
3 16 -38.000 0.000 3.000 -38.500 0.000 3.800 -38.900 0.000 3.200
3 16 -38.000 0.000 3.000 -38.600 0.000 3.000 -38.800 0.000 2.500
3 16 -38.800 0.000 2.500 -38.000 0.000 2.500 -38.000 0.000 3.000
3 16 -38.000 0.000 3.000 -38.000 0.000 2.500 -37.500 0.000 2.300
3 16 -37.500 0.000 2.300 -37.400 0.000 2.600 -38.000 0.000 3.000
3 16 -37.400 0.000 2.600 -37.500 0.000 2.300 -36.700 0.000 2.000
3 16 -36.700 0.000 2.000 -36.700 0.000 2.500 -37.400 0.000 2.600
3 16 -37.200 0.000 1.800 -36.700 0.000 2.000 -37.500 0.000 2.300
3 16 -36.700 0.000 2.000 -36.100 0.000 1.800 -36.100 0.000 2.500
3 16 -36.100 0.000 2.500 -36.700 0.000 2.500 -36.700 0.000 2.000
3 16 -36.100 0.000 1.800 -35.600 0.000 2.000 -35.700 0.000 2.800
3 16 -35.700 0.000 2.800 -36.100 0.000 2.500 -36.100 0.000 1.800
3 16 -22.400 0.000 2.100 -22.800 0.000 2.700 -32.500 0.000 2.600
3 16 -32.500 0.000 2.600 -32.900 0.000 1.800 -22.400 0.000 2.100
3 16 -22.800 0.000 2.700 -22.700 0.000 5.800 -32.800 0.000 3.100
3 16 -32.800 0.000 3.100 -32.500 0.000 2.600 -22.800 0.000 2.700
3 16 -22.700 0.000 5.800 -33.000 0.000 4.400 -33.500 0.000 3.700
3 16 -33.500 0.000 3.700 -32.800 0.000 3.100 -22.700 0.000 5.800
3 16 -33.000 0.000 4.400 -22.700 0.000 5.800 -32.600 0.000 5.000
3 16 -32.600 0.000 5.000 -22.700 0.000 5.800 -30.500 0.000 8.300
3 16 -30.500 0.000 8.300 -32.700 0.000 5.500 -32.600 0.000 5.000
3 16 -30.500 0.000 8.300 -31.300 0.000 8.200 -33.100 0.000 6.200
3 16 -33.100 0.000 6.200 -32.700 0.000 5.500 -30.500 0.000 8.300
3 16 -31.300 0.000 8.200 -32.000 0.000 8.500 -33.900 0.000 6.800
3 16 -33.900 0.000 6.800 -33.100 0.000 6.200 -31.300 0.000 8.200
3 16 -32.000 0.000 8.500 -32.500 0.000 8.900 -35.000 0.000 6.800
3 16 -35.000 0.000 6.800 -33.900 0.000 6.800 -32.000 0.000 8.500
3 16 -35.000 0.000 6.800 -32.500 0.000 8.900 -32.800 0.000 9.600
3 16 -32.800 0.000 9.600 -34.700 0.000 8.600 -35.000 0.000 6.800
3 16 -32.800 0.000 9.600 -33.300 0.000 10.300 -33.700 0.000 10.800
3 16 -33.700 0.000 10.800 -34.700 0.000 8.600 -32.800 0.000 9.600
3 16 -34.700 0.000 8.600 -33.700 0.000 10.800 -33.600 0.000 11.400
3 16 -33.600 0.000 11.400 -34.800 0.000 11.300 -34.700 0.000 8.600
3 16 -34.800 0.000 11.300 -33.600 0.000 11.400 -33.300 0.000 11.800
3 16 -33.300 0.000 11.800 -35.500 0.000 14.100 -34.800 0.000 11.300
3 16 -33.300 0.000 11.800 -32.900 0.000 12.300 -34.200 0.000 14.700
3 16 -34.200 0.000 14.700 -35.500 0.000 14.100 -33.300 0.000 11.800
3 16 -35.500 0.000 14.100 -34.200 0.000 14.700 -36.400 0.000 17.100
3 16 -30.500 0.000 8.300 -22.700 0.000 5.800 -28.900 0.000 8.800
3 16 -28.900 0.000 8.800 -29.900 0.000 8.800 -30.500 0.000 8.300
3 16 -28.900 0.000 8.800 -22.700 0.000 5.800 -27.700 0.000 9.200
3 16 -27.700 0.000 9.200 -28.400 0.000 9.000 -28.900 0.000 8.800
3 16 -28.400 0.000 9.000 -28.600 0.000 9.500 -29.400 0.000 9.100
3 16 -29.400 0.000 9.100 -28.900 0.000 8.800 -28.400 0.000 9.000
3 16 -29.400 0.000 9.100 -28.600 0.000 9.500 -29.100 0.000 9.600
3 16 -27.700 0.000 9.200 -22.700 0.000 5.800 -22.900 0.000 12.000
3 16 -22.900 0.000 12.000 -27.400 0.000 9.700 -27.700 0.000 9.200
3 16 -27.400 0.000 9.700 -22.900 0.000 12.000 -27.400 0.000 10.300
3 16 -27.400 0.000 10.300 -22.900 0.000 12.000 -27.600 0.000 11.300
3 16 -27.600 0.000 11.300 -27.900 0.000 10.900 -27.400 0.000 10.300
3 16 -27.600 0.000 11.300 -22.900 0.000 12.000 -27.200 0.000 11.900
3 16 -27.200 0.000 11.900 -22.900 0.000 12.000 -23.300 0.000 14.400
3 16 -23.300 0.000 14.400 -27.400 0.000 12.500 -27.200 0.000 11.900
3 16 -27.400 0.000 12.500 -23.300 0.000 14.400 -27.800 0.000 13.100
3 16 -27.800 0.000 13.100 -23.300 0.000 14.400 -23.300 0.000 15.500
3 16 -23.300 0.000 15.500 -28.300 0.000 13.400 -27.800 0.000 13.100
3 16 -28.300 0.000 13.400 -23.300 0.000 15.500 -29.800 0.000 13.600
3 16 -29.800 0.000 13.600 -29.300 0.000 13.300 -28.300 0.000 13.400
3 16 -29.800 0.000 13.600 -23.300 0.000 15.500 -30.300 0.000 13.900
3 16 -30.300 0.000 13.900 -23.300 0.000 15.500 -33.300 0.000 14.900
3 16 -33.300 0.000 14.900 -31.100 0.000 14.000 -30.300 0.000 13.900
3 16 -31.800 0.000 13.800 -31.100 0.000 14.000 -33.300 0.000 14.900
3 16 -32.200 0.000 13.300 -31.800 0.000 13.800 -33.300 0.000 14.900
3 16 -23.300 0.000 15.500 -22.900 0.000 15.900 -34.900 0.000 16.900
3 16 -34.900 0.000 16.900 -33.300 0.000 14.900 -23.300 0.000 15.500
3 15 8.800 0.000 -37.100 9.500 0.000 -37.400 11.100 0.000 -37.200
3 15 11.100 0.000 -37.200 9.400 0.000 -36.500 8.800 0.000 -37.100
3 15 9.400 0.000 -36.500 11.100 0.000 -37.200 12.300 0.000 -36.600
3 15 12.300 0.000 -36.600 10.900 0.000 -36.300 9.400 0.000 -36.500
3 15 10.900 0.000 -36.300 12.300 0.000 -36.600 13.400 0.000 -35.600
3 15 13.400 0.000 -35.600 11.900 0.000 -35.700 10.900 0.000 -36.300
3 15 11.900 0.000 -35.700 13.400 0.000 -35.600 14.000 0.000 -34.100
3 15 14.000 0.000 -34.100 12.600 0.000 -34.600 11.900 0.000 -35.700
3 15 12.600 0.000 -34.600 14.000 0.000 -34.100 13.600 0.000 -32.800
3 15 13.600 0.000 -32.800 12.500 0.000 -33.400 12.600 0.000 -34.600
3 15 12.500 0.000 -33.400 13.600 0.000 -32.800 12.400 0.000 -32.000
3 15 12.400 0.000 -32.000 11.900 0.000 -32.800 12.500 0.000 -33.400
3 15 11.900 0.000 -32.800 12.400 0.000 -32.000 10.400 0.000 -31.900
3 15 10.400 0.000 -31.900 10.500 0.000 -32.700 11.900 0.000 -32.800
3 15 10.500 0.000 -32.700 10.400 0.000 -31.900 8.800 0.000 -32.600
3 15 8.800 0.000 -32.600 9.800 0.000 -33.100 10.500 0.000 -32.700
3 15 8.800 0.000 -32.600 8.500 0.000 -33.900 9.900 0.000 -33.900
3 15 9.900 0.000 -33.900 9.800 0.000 -33.100 8.800 0.000 -32.600
3 15 9.900 0.000 -33.900 8.500 0.000 -33.900 7.800 0.000 -35.100
3 15 7.800 0.000 -35.100 8.900 0.000 -34.800 9.900 0.000 -33.900
3 15 7.800 0.000 -35.100 8.500 0.000 -33.900 7.600 0.000 -34.600
3 15 8.900 0.000 -34.800 10.600 0.000 -34.700 10.700 0.000 -34.200
3 15 10.700 0.000 -34.200 9.900 0.000 -33.900 8.900 0.000 -34.800
3 15 25.900 0.000 -25.700 24.300 0.000 -25.800 23.500 0.000 -27.000
3 15 23.500 0.000 -27.000 25.500 0.000 -26.300 25.900 0.000 -25.700
3 15 24.300 0.000 -25.800 22.900 0.000 -26.100 21.500 0.000 -27.000
3 15 21.500 0.000 -27.000 23.500 0.000 -27.000 24.300 0.000 -25.800
3 15 23.500 0.000 -27.000 21.500 0.000 -27.000 21.400 0.000 -27.800
3 15 21.400 0.000 -27.800 22.000 0.000 -27.800 23.500 0.000 -27.000
3 15 24.300 0.000 -25.800 25.900 0.000 -25.700 25.900 0.000 -21.400
3 15 25.900 0.000 -21.400 24.200 0.000 -23.300 24.300 0.000 -25.800
3 15 25.900 0.000 -21.400 24.000 0.000 -22.400 22.500 0.000 -23.600
3 15 22.500 0.000 -23.600 24.200 0.000 -23.300 25.900 0.000 -21.400
3 15 24.000 0.000 -22.400 22.600 0.000 -22.700 22.000 0.000 -23.300
3 15 22.000 0.000 -23.300 22.500 0.000 -23.600 24.000 0.000 -22.400
3 15 24.000 0.000 -22.400 25.900 0.000 -21.400 25.500 0.000 -20.500
3 15 25.500 0.000 -20.500 24.000 0.000 -20.600 24.000 0.000 -22.400
3 15 24.000 0.000 -20.600 25.500 0.000 -20.500 24.800 0.000 -20.100
3 15 10.700 0.000 -28.700 9.200 0.000 -27.700 9.200 0.000 -29.200
3 15 9.200 0.000 -29.200 10.100 0.000 -29.300 10.700 0.000 -28.700
3 15 9.200 0.000 -27.700 6.100 0.000 -25.900 6.700 0.000 -27.900
3 15 6.700 0.000 -27.900 9.200 0.000 -29.200 9.200 0.000 -27.700
3 15 6.700 0.000 -27.900 6.100 0.000 -25.900 5.600 0.000 -25.700
3 15 5.600 0.000 -25.700 5.100 0.000 -26.500 6.700 0.000 -27.900
3 15 5.100 0.000 -26.500 5.600 0.000 -25.700 5.100 0.000 -25.800
3 15 9.200 0.000 -27.700 10.700 0.000 -28.700 11.200 0.000 -26.100
3 15 11.200 0.000 -26.100 10.000 0.000 -24.600 9.200 0.000 -27.700
3 15 11.200 0.000 -26.100 11.300 0.000 -22.900 10.000 0.000 -23.000
3 15 10.000 0.000 -23.000 10.000 0.000 -24.600 11.200 0.000 -26.100
3 15 11.300 0.000 -22.900 10.900 0.000 -22.600 10.300 0.000 -22.600
3 15 10.300 0.000 -22.600 10.000 0.000 -23.000 11.300 0.000 -22.900
3 15 9.200 0.000 -27.700 10.000 0.000 -24.600 3.000 0.000 -7.300
3 15 3.000 0.000 -7.300 6.900 0.000 -20.400 9.200 0.000 -27.700
3 15 6.900 0.000 -20.400 3.000 0.000 -7.300 1.000 0.000 -5.100
3 15 1.000 0.000 -5.100 1.000 0.000 -5.800 6.900 0.000 -20.400
3 15 1.000 0.000 -5.100 3.000 0.000 -7.300 2.200 0.000 -4.700
3 15 2.200 0.000 -4.700 1.400 0.000 -4.500 1.000 0.000 -5.100
3 15 2.200 0.000 -4.700 3.000 0.000 -7.300 10.600 0.000 -12.900
3 15 10.600 0.000 -12.900 7.300 0.000 -9.000 2.200 0.000 -4.700
3 15 7.300 0.000 -9.000 10.600 0.000 -12.900 17.100 0.000 -16.400
3 15 17.100 0.000 -16.400 13.100 0.000 -13.000 7.300 0.000 -9.000
3 15 13.100 0.000 -13.000 17.100 0.000 -16.400 20.500 0.000 -18.600
3 15 20.500 0.000 -18.600 19.500 0.000 -16.400 13.100 0.000 -13.000
3 15 19.500 0.000 -16.400 20.500 0.000 -18.600 22.000 0.000 -18.300
3 15 22.000 0.000 -18.300 20.700 0.000 -16.000 19.500 0.000 -16.400
3 15 19.500 0.000 -16.400 20.700 0.000 -16.000 20.400 0.000 -14.900
3 15 20.400 0.000 -14.900 19.000 0.000 -15.300 19.500 0.000 -16.400
3 15 19.000 0.000 -15.300 20.400 0.000 -14.900 20.200 0.000 -14.200
3 15 20.200 0.000 -14.200 19.200 0.000 -14.500 19.000 0.000 -15.300
3 15 19.200 0.000 -14.500 20.200 0.000 -14.200 19.600 0.000 -14.100
3 15 20.500 0.000 -18.600 21.500 0.000 -19.500 22.000 0.000 -19.400
3 15 22.000 0.000 -19.400 22.000 0.000 -18.300 20.500 0.000 -18.600
3 15 22.000 0.000 -19.400 22.300 0.000 -18.900 22.000 0.000 -18.300
3 15 20.500 0.000 -18.600 19.600 0.000 -18.800 19.200 0.000 -19.700
3 15 19.200 0.000 -19.700 21.500 0.000 -19.500 20.500 0.000 -18.600
3 15 19.600 0.000 -18.800 17.800 0.000 -18.700 16.800 0.000 -19.600
3 15 16.800 0.000 -19.600 19.200 0.000 -19.700 19.600 0.000 -18.800
3 15 17.800 0.000 -18.700 16.200 0.000 -18.200 15.500 0.000 -19.100
3 15 15.500 0.000 -19.100 16.800 0.000 -19.600 17.800 0.000 -18.700
3 15 15.500 0.000 -19.100 16.200 0.000 -18.200 15.500 0.000 -18.500
3 15 0.000 0.000 -4.900 -0.900 0.000 -4.000 -3.000 0.000 -4.300
3 15 -3.000 0.000 -4.300 -3.200 0.000 -5.500 0.000 0.000 -4.900
3 15 -3.000 0.000 -4.300 -3.600 0.000 -4.900 -3.700 0.000 -5.400
3 15 -3.700 0.000 -5.400 -3.200 0.000 -5.500 -3.000 0.000 -4.300
3 15 -0.900 0.000 -4.000 0.000 0.000 -4.900 0.300 0.000 -4.300
3 15 0.300 0.000 -4.300 -0.700 0.000 -2.700 -0.900 0.000 -4.000
3 15 -0.700 0.000 -2.700 0.300 0.000 -4.300 0.700 0.000 -1.500
3 15 0.700 0.000 -1.500 -0.500 0.000 -2.000 -0.700 0.000 -2.700
3 15 -0.700 0.000 -2.700 -0.500 0.000 -2.000 -2.600 0.000 -1.900
3 15 -2.600 0.000 -1.900 -2.600 0.000 -2.900 -0.700 0.000 -2.700
3 15 -2.600 0.000 -1.900 -3.000 0.000 -2.200 -3.100 0.000 -2.800
3 15 -3.100 0.000 -2.800 -2.600 0.000 -2.900 -2.600 0.000 -1.900
3 15 -0.500 0.000 -2.000 0.700 0.000 -1.500 0.500 0.000 -0.700
3 15 0.500 0.000 -0.700 -0.500 0.000 -1.000 -0.500 0.000 -2.000
3 15 -0.500 0.000 -1.000 0.500 0.000 -0.700 -0.300 0.000 0.200
3 15 -0.300 0.000 0.200 -1.100 0.000 -0.400 -0.500 0.000 -1.000
3 15 -0.300 0.000 0.200 -1.200 0.000 0.500 -2.200 0.000 -0.300
3 15 -2.200 0.000 -0.300 -1.100 0.000 -0.400 -0.300 0.000 0.200
3 15 -1.200 0.000 0.500 -2.500 0.000 0.200 -3.400 0.000 -0.800
3 15 -3.400 0.000 -0.800 -2.200 0.000 -0.300 -1.200 0.000 0.500
3 15 -2.500 0.000 0.200 -4.000 0.000 -0.500 -4.300 0.000 -1.000
3 15 -4.300 0.000 -1.000 -3.400 0.000 -0.800 -2.500 0.000 0.200
3 226 -10.300 0.000 -26.600 -11.000 0.000 -26.300 -11.800 0.000 -27.000
3 226 -11.800 0.000 -27.000 -10.600 0.000 -27.200 -10.300 0.000 -26.600
3 226 -10.600 0.000 -27.200 -11.800 0.000 -27.000 -12.800 0.000 -28.200
3 226 -12.800 0.000 -28.200 -11.700 0.000 -28.100 -10.600 0.000 -27.200
3 226 -11.700 0.000 -28.100 -12.800 0.000 -28.200 -13.900 0.000 -30.000
3 226 -13.900 0.000 -30.000 -12.600 0.000 -29.900 -11.700 0.000 -28.100
3 226 -12.600 0.000 -29.900 -13.900 0.000 -30.000 -14.500 0.000 -32.100
3 226 -14.500 0.000 -32.100 -13.800 0.000 -31.700 -12.600 0.000 -29.900
3 226 -14.500 0.000 -32.100 -13.900 0.000 -30.000 -13.900 0.000 -24.600
3 226 -13.900 0.000 -24.600 -15.200 0.000 -31.800 -14.500 0.000 -32.100
3 226 -15.200 0.000 -31.800 -13.900 0.000 -24.600 -14.700 0.000 -23.800
3 226 -14.700 0.000 -23.800 -15.300 0.000 -25.000 -15.200 0.000 -31.800
3 226 -14.700 0.000 -23.800 -13.900 0.000 -24.600 -12.300 0.000 -24.100
3 226 -12.300 0.000 -24.100 -12.800 0.000 -23.400 -14.700 0.000 -23.800
3 226 -12.800 0.000 -23.400 -12.300 0.000 -24.100 -11.700 0.000 -24.000
3 226 -11.700 0.000 -24.000 -11.800 0.000 -23.600 -12.800 0.000 -23.400
3 226 -14.700 0.000 -23.800 -16.800 0.000 -24.400 -17.100 0.000 -25.400
3 226 -17.100 0.000 -25.400 -15.300 0.000 -25.000 -14.700 0.000 -23.800
3 226 -17.100 0.000 -25.400 -16.800 0.000 -24.400 -17.500 0.000 -24.700
3 226 -17.500 0.000 -24.700 -17.600 0.000 -25.200 -17.100 0.000 -25.400
3 226 -17.900 0.000 -28.700 -18.500 0.000 -28.600 -19.600 0.000 -30.100
3 226 -19.600 0.000 -30.100 -18.100 0.000 -29.300 -17.900 0.000 -28.700
3 226 -18.500 0.000 -28.600 -20.700 0.000 -29.700 -21.900 0.000 -30.700
3 226 -21.900 0.000 -30.700 -19.600 0.000 -30.100 -18.500 0.000 -28.600
3 226 -20.700 0.000 -29.700 -22.800 0.000 -30.000 -24.500 0.000 -30.600
3 226 -24.500 0.000 -30.600 -21.900 0.000 -30.700 -20.700 0.000 -29.700
3 226 -22.800 0.000 -30.000 -24.300 0.000 -29.800 -25.900 0.000 -30.300
3 226 -25.900 0.000 -30.300 -24.500 0.000 -30.600 -22.800 0.000 -30.000
3 226 -25.900 0.000 -30.300 -25.800 0.000 -31.300 -24.300 0.000 -31.300
3 226 -24.300 0.000 -31.300 -24.500 0.000 -30.600 -25.900 0.000 -30.300
3 226 -25.800 0.000 -31.300 -25.100 0.000 -31.900 -24.400 0.000 -31.900
3 226 -24.400 0.000 -31.900 -24.300 0.000 -31.300 -25.800 0.000 -31.300
3 226 -25.900 0.000 -30.300 -24.300 0.000 -29.800 -24.100 0.000 -29.300
3 226 -24.100 0.000 -29.300 -26.000 0.000 -29.000 -25.900 0.000 -30.300
3 226 -26.000 0.000 -29.000 -24.100 0.000 -29.300 -24.700 0.000 -28.000
3 226 -24.700 0.000 -28.000 -25.500 0.000 -28.300 -26.000 0.000 -29.000
3 226 -24.100 0.000 -29.300 -23.100 0.000 -29.200 -23.100 0.000 -28.300
3 226 -23.100 0.000 -28.300 -24.700 0.000 -28.000 -24.100 0.000 -29.300
3 226 -23.100 0.000 -29.200 -22.700 0.000 -28.800 -23.100 0.000 -28.300
3 226 -29.500 0.000 -26.300 -30.200 0.000 -26.400 -30.800 0.000 -27.200
3 226 -30.800 0.000 -27.200 -29.500 0.000 -27.000 -29.500 0.000 -26.300
3 226 -29.500 0.000 -27.000 -30.800 0.000 -27.200 -31.400 0.000 -27.500
3 226 -31.400 0.000 -27.500 -30.800 0.000 -28.000 -29.500 0.000 -27.000
3 226 -30.800 0.000 -28.000 -31.400 0.000 -27.500 -32.600 0.000 -28.100
3 226 -32.600 0.000 -28.100 -31.800 0.000 -28.400 -30.800 0.000 -28.000
3 226 -31.400 0.000 -27.500 -31.800 0.000 -27.200 -33.100 0.000 -27.400
3 226 -33.100 0.000 -27.400 -32.600 0.000 -28.100 -31.400 0.000 -27.500
3 226 -31.800 0.000 -27.200 -31.800 0.000 -25.300 -33.300 0.000 -26.200
3 226 -33.300 0.000 -26.200 -33.100 0.000 -27.400 -31.800 0.000 -27.200
3 226 -33.300 0.000 -26.200 -31.800 0.000 -25.300 -31.300 0.000 -23.800
3 226 -31.300 0.000 -23.800 -32.800 0.000 -24.300 -33.300 0.000 -26.200
3 226 -32.800 0.000 -24.300 -31.300 0.000 -23.800 -30.400 0.000 -22.300
3 226 -30.400 0.000 -22.300 -32.200 0.000 -23.100 -32.800 0.000 -24.300
3 226 -32.200 0.000 -23.100 -30.400 0.000 -22.300 -30.300 0.000 -21.700
3 226 -30.300 0.000 -21.700 -31.800 0.000 -22.300 -32.200 0.000 -23.100
3 226 -30.300 0.000 -21.700 -30.400 0.000 -21.200 -32.300 0.000 -21.300
3 226 -32.300 0.000 -21.300 -31.800 0.000 -22.300 -30.300 0.000 -21.700
3 226 -31.800 0.000 -22.300 -32.300 0.000 -21.300 -34.700 0.000 -22.400
3 226 -34.700 0.000 -22.400 -33.200 0.000 -22.600 -31.800 0.000 -22.300
3 226 -34.700 0.000 -22.400 -34.300 0.000 -22.900 -33.700 0.000 -23.000
3 226 -33.700 0.000 -23.000 -33.200 0.000 -22.600 -34.700 0.000 -22.400
3 226 -32.500 0.000 -19.100 -31.900 0.000 -18.900 -31.600 0.000 -18.400
3 226 -31.600 0.000 -18.400 -32.900 0.000 -18.800 -32.500 0.000 -19.100
3 226 -32.900 0.000 -18.800 -31.600 0.000 -18.400 -31.500 0.000 -17.500
3 226 -31.500 0.000 -17.500 -33.200 0.000 -18.300 -32.900 0.000 -18.800
3 226 -33.200 0.000 -18.300 -31.500 0.000 -17.500 -30.900 0.000 -16.600
3 226 -30.900 0.000 -16.600 -33.000 0.000 -17.500 -33.200 0.000 -18.300
3 226 -33.000 0.000 -17.500 -30.900 0.000 -16.600 -29.900 0.000 -15.600
3 226 -29.900 0.000 -15.600 -32.200 0.000 -16.400 -33.000 0.000 -17.500
3 226 -32.200 0.000 -16.400 -29.900 0.000 -15.600 -28.100 0.000 -14.500
3 226 -28.100 0.000 -14.500 -30.800 0.000 -15.000 -32.200 0.000 -16.400
3 226 -30.800 0.000 -15.000 -28.100 0.000 -14.500 -28.600 0.000 -14.000
3 226 -28.600 0.000 -14.000 -29.700 0.000 -14.200 -30.800 0.000 -15.000
3 226 -28.100 0.000 -14.500 -27.600 0.000 -14.500 -28.600 0.000 -14.000
3 226 -28.600 0.000 -14.000 -27.600 0.000 -14.500 -25.900 0.000 -14.900
3 226 -25.900 0.000 -14.900 -25.800 0.000 -14.500 -28.600 0.000 -14.000
3 226 -27.600 0.000 -14.500 -27.500 0.000 -14.800 -27.000 0.000 -16.200
3 226 -27.000 0.000 -16.200 -25.900 0.000 -14.900 -27.600 0.000 -14.500
3 226 -27.500 0.000 -14.800 -27.600 0.000 -15.200 -27.600 0.000 -16.400
3 226 -27.600 0.000 -16.400 -27.000 0.000 -16.200 -27.500 0.000 -14.800
3 226 -27.600 0.000 -15.200 -28.200 0.000 -15.600 -28.200 0.000 -16.200
3 226 -28.200 0.000 -16.200 -27.600 0.000 -16.400 -27.600 0.000 -15.200
3 226 -25.800 0.000 -14.500 -25.900 0.000 -13.800 -28.600 0.000 -13.700
3 226 -28.600 0.000 -13.700 -28.600 0.000 -14.000 -25.800 0.000 -14.500
3 226 -25.900 0.000 -13.800 -28.100 0.000 -12.300 -29.300 0.000 -13.300
3 226 -29.300 0.000 -13.300 -28.600 0.000 -13.700 -25.900 0.000 -13.800
3 226 -28.100 0.000 -12.300 -28.800 0.000 -12.300 -29.300 0.000 -12.600
3 226 -29.300 0.000 -12.600 -29.300 0.000 -13.300 -28.100 0.000 -12.300
3 226 -18.100 0.000 -14.700 -18.700 0.000 -14.500 -19.100 0.000 -14.800
3 226 -19.100 0.000 -14.800 -18.000 0.000 -15.200 -18.100 0.000 -14.700
3 226 -18.000 0.000 -15.200 -19.100 0.000 -14.800 -19.400 0.000 -15.300
3 226 -19.400 0.000 -15.300 -18.500 0.000 -15.700 -18.000 0.000 -15.200
3 226 -18.500 0.000 -15.700 -19.400 0.000 -15.300 -20.100 0.000 -15.600
3 226 -20.100 0.000 -15.600 -19.500 0.000 -16.200 -18.500 0.000 -15.700
3 226 -19.500 0.000 -16.200 -20.100 0.000 -15.600 -20.600 0.000 -15.400
3 226 -20.600 0.000 -15.400 -20.700 0.000 -16.400 -19.500 0.000 -16.200
3 226 -20.700 0.000 -16.400 -20.600 0.000 -15.400 -20.700 0.000 -14.900
3 226 -20.700 0.000 -14.900 -21.700 0.000 -16.100 -20.700 0.000 -16.400
3 226 -21.700 0.000 -16.100 -20.700 0.000 -14.900 -22.100 0.000 -14.800
3 226 -22.100 0.000 -14.800 -22.100 0.000 -15.500 -21.700 0.000 -16.100
3 226 -20.700 0.000 -14.900 -20.400 0.000 -14.500 -21.800 0.000 -14.400
3 226 -21.800 0.000 -14.400 -22.100 0.000 -14.800 -20.700 0.000 -14.900
3 226 -20.400 0.000 -14.500 -20.100 0.000 -14.100 -20.100 0.000 -13.800
3 226 -20.100 0.000 -13.800 -21.800 0.000 -14.400 -20.400 0.000 -14.500
3 226 -20.100 0.000 -13.800 -20.500 0.000 -13.500 -22.500 0.000 -14.000
3 226 -22.500 0.000 -14.000 -21.800 0.000 -14.400 -20.100 0.000 -13.800
3 226 -20.500 0.000 -13.500 -21.200 0.000 -13.300 -23.000 0.000 -13.600
3 226 -23.000 0.000 -13.600 -22.500 0.000 -14.000 -20.500 0.000 -13.500
3 226 -21.200 0.000 -13.300 -21.600 0.000 -12.800 -23.300 0.000 -12.700
3 226 -23.300 0.000 -12.700 -23.000 0.000 -13.600 -21.200 0.000 -13.300
3 226 -21.600 0.000 -12.800 -21.400 0.000 -12.100 -22.800 0.000 -11.800
3 226 -22.800 0.000 -11.800 -23.300 0.000 -12.700 -21.600 0.000 -12.800
3 226 -21.400 0.000 -12.100 -21.000 0.000 -11.300 -21.900 0.000 -10.600
3 226 -21.900 0.000 -10.600 -22.800 0.000 -11.800 -21.400 0.000 -12.100
3 226 -21.000 0.000 -11.300 -20.300 0.000 -10.600 -20.900 0.000 -9.800
3 226 -20.900 0.000 -9.800 -21.900 0.000 -10.600 -21.000 0.000 -11.300
3 226 -20.900 0.000 -9.800 -20.300 0.000 -10.600 -19.900 0.000 -10.100
3 226 -19.900 0.000 -10.100 -20.100 0.000 -9.700 -20.900 0.000 -9.800
3 15 33.900 0.000 -15.900 34.500 0.000 -15.400 33.600 0.000 -14.500
3 15 33.600 0.000 -14.500 33.200 0.000 -15.000 33.900 0.000 -15.900
3 15 34.500 0.000 -15.400 34.900 0.000 -14.500 33.500 0.000 -13.800
3 15 33.500 0.000 -13.800 33.600 0.000 -14.500 34.500 0.000 -15.400
3 15 34.900 0.000 -14.500 34.700 0.000 -13.500 32.900 0.000 -12.700
3 15 32.900 0.000 -12.700 33.500 0.000 -13.800 34.900 0.000 -14.500
3 15 34.700 0.000 -13.500 34.300 0.000 -12.600 33.400 0.000 -11.900
3 15 33.400 0.000 -11.900 32.900 0.000 -12.700 34.700 0.000 -13.500
3 15 32.900 0.000 -12.700 33.400 0.000 -11.900 32.200 0.000 -11.300
3 15 32.200 0.000 -11.300 32.200 0.000 -12.200 32.900 0.000 -12.700
3 15 32.200 0.000 -12.200 32.200 0.000 -11.300 31.300 0.000 -11.600
3 15 31.300 0.000 -11.600 31.600 0.000 -12.200 32.200 0.000 -12.200
3 15 31.300 0.000 -11.600 30.600 0.000 -12.200 31.500 0.000 -12.700
3 15 31.500 0.000 -12.700 31.600 0.000 -12.200 31.300 0.000 -11.600
3 15 30.600 0.000 -12.200 30.200 0.000 -13.400 31.400 0.000 -13.500
3 15 31.400 0.000 -13.500 31.500 0.000 -12.700 30.600 0.000 -12.200
3 15 30.200 0.000 -13.400 30.600 0.000 -14.600 31.900 0.000 -14.400
3 15 31.900 0.000 -14.400 31.400 0.000 -13.500 30.200 0.000 -13.400
3 15 30.600 0.000 -14.600 31.500 0.000 -15.400 32.500 0.000 -14.800
3 15 32.500 0.000 -14.800 31.900 0.000 -14.400 30.600 0.000 -14.600
3 15 31.500 0.000 -15.400 32.600 0.000 -16.000 33.200 0.000 -15.000
3 15 33.200 0.000 -15.000 32.500 0.000 -14.800 31.500 0.000 -15.400
3 15 32.600 0.000 -16.000 33.900 0.000 -15.900 33.200 0.000 -15.000
3 15 32.200 0.000 -11.300 33.400 0.000 -11.900 33.700 0.000 -9.800
3 15 33.700 0.000 -9.800 32.400 0.000 -9.800 32.200 0.000 -11.300
3 15 32.400 0.000 -9.800 33.700 0.000 -9.800 33.800 0.000 -8.700
3 15 33.800 0.000 -8.700 32.500 0.000 -8.600 32.400 0.000 -9.800
3 15 33.700 0.000 -9.800 36.100 0.000 -8.900 35.900 0.000 -8.200
3 15 35.900 0.000 -8.200 33.800 0.000 -8.700 33.700 0.000 -9.800
3 15 36.100 0.000 -8.900 36.500 0.000 -8.600 36.500 0.000 -8.300
3 15 36.500 0.000 -8.300 35.900 0.000 -8.200 36.100 0.000 -8.900
3 15 32.400 0.000 -9.800 32.500 0.000 -8.600 31.900 0.000 -8.400
3 15 31.900 0.000 -8.400 31.400 0.000 -9.500 32.400 0.000 -9.800
3 15 31.400 0.000 -9.500 31.900 0.000 -8.400 31.000 0.000 -7.300
3 15 31.000 0.000 -7.300 30.100 0.000 -7.800 31.400 0.000 -9.500
3 15 30.100 0.000 -7.800 31.000 0.000 -7.300 30.300 0.000 -7.200
3 15 33.800 0.000 -8.700 34.000 0.000 -6.100 32.700 0.000 -6.200
3 15 32.700 0.000 -6.200 32.500 0.000 -8.600 33.800 0.000 -8.700
3 15 32.700 0.000 -6.200 34.000 0.000 -6.100 36.200 0.000 -4.600
3 15 36.200 0.000 -4.600 33.200 0.000 -5.400 32.700 0.000 -6.200
3 15 33.200 0.000 -5.400 36.200 0.000 -4.600 36.500 0.000 -4.200
3 15 36.500 0.000 -4.200 35.600 0.000 -4.000 33.200 0.000 -5.400
3 15 36.500 0.000 -4.200 36.300 0.000 -3.800 35.600 0.000 -4.000
3 15 32.700 0.000 -6.200 33.200 0.000 -5.400 32.700 0.000 -5.200
3 15 32.700 0.000 -5.200 31.900 0.000 -6.000 32.700 0.000 -6.200
3 15 31.900 0.000 -6.000 32.700 0.000 -5.200 31.900 0.000 -3.700
3 15 31.900 0.000 -3.700 30.600 0.000 -4.100 31.900 0.000 -6.000
3 15 31.900 0.000 -3.700 31.500 0.000 -3.300 30.800 0.000 -3.500
3 15 30.800 0.000 -3.500 30.600 0.000 -4.100 31.900 0.000 -3.700
3 29 37.300 0.000 -22.200 38.300 0.000 -21.900 37.900 0.000 -21.200
3 29 37.900 0.000 -21.200 37.300 0.000 -21.600 37.300 0.000 -22.200
3 29 38.300 0.000 -21.900 39.300 0.000 -21.000 38.500 0.000 -20.200
3 29 38.500 0.000 -20.200 37.900 0.000 -21.200 38.300 0.000 -21.900
3 29 39.300 0.000 -21.000 40.200 0.000 -19.300 38.800 0.000 -18.600
3 29 38.800 0.000 -18.600 38.500 0.000 -20.200 39.300 0.000 -21.000
3 29 40.200 0.000 -19.300 40.400 0.000 -17.500 38.700 0.000 -16.700
3 29 38.700 0.000 -16.700 38.800 0.000 -18.600 40.200 0.000 -19.300
3 29 40.400 0.000 -17.500 39.800 0.000 -15.700 38.200 0.000 -16.000
3 29 38.200 0.000 -16.000 38.700 0.000 -16.700 40.400 0.000 -17.500
3 29 39.800 0.000 -15.700 38.700 0.000 -15.000 37.300 0.000 -15.900
3 29 37.300 0.000 -15.900 38.200 0.000 -16.000 39.800 0.000 -15.700
3 29 38.700 0.000 -15.000 37.300 0.000 -14.900 36.300 0.000 -16.300
3 29 36.300 0.000 -16.300 37.300 0.000 -15.900 38.700 0.000 -15.000
3 29 37.300 0.000 -14.900 35.800 0.000 -15.700 35.300 0.000 -17.100
3 29 35.300 0.000 -17.100 36.300 0.000 -16.300 37.300 0.000 -14.900
3 29 35.800 0.000 -15.700 34.200 0.000 -17.100 34.300 0.000 -18.300
3 29 34.300 0.000 -18.300 35.300 0.000 -17.100 35.800 0.000 -15.700
3 29 34.200 0.000 -17.100 33.100 0.000 -18.400 34.300 0.000 -19.300
3 29 34.300 0.000 -19.300 34.300 0.000 -18.300 34.200 0.000 -17.100
3 29 33.100 0.000 -18.400 33.000 0.000 -19.600 33.500 0.000 -20.400
3 29 33.500 0.000 -20.400 34.300 0.000 -19.300 33.100 0.000 -18.400
3 29 34.300 0.000 -19.300 33.500 0.000 -20.400 34.400 0.000 -20.800
3 29 34.400 0.000 -20.800 34.500 0.000 -19.900 34.300 0.000 -19.300
3 29 34.500 0.000 -19.900 34.400 0.000 -20.800 35.600 0.000 -20.800
3 29 35.600 0.000 -20.800 35.000 0.000 -20.200 34.500 0.000 -19.900
3 29 35.000 0.000 -20.200 35.600 0.000 -20.800 36.800 0.000 -20.600
3 29 36.800 0.000 -20.600 35.700 0.000 -20.000 35.000 0.000 -20.200
3 29 36.800 0.000 -20.600 36.900 0.000 -19.800 36.200 0.000 -19.500
3 29 36.200 0.000 -19.500 35.700 0.000 -20.000 36.800 0.000 -20.600
3 29 36.900 0.000 -19.800 36.700 0.000 -19.400 36.200 0.000 -19.500
3 29 36.800 0.000 -20.600 35.600 0.000 -20.800 35.800 0.000 -21.800
3 29 35.800 0.000 -21.800 36.900 0.000 -21.200 36.800 0.000 -20.600
3 29 35.800 0.000 -21.800 36.400 0.000 -22.200 37.300 0.000 -21.600
3 29 37.300 0.000 -21.600 36.900 0.000 -21.200 35.800 0.000 -21.800
3 29 36.400 0.000 -22.200 37.300 0.000 -22.200 37.300 0.000 -21.600
3 226 34.100 0.000 1.100 35.200 0.000 1.200 35.700 0.000 2.100
3 226 35.700 0.000 2.100 34.800 0.000 3.100 34.100 0.000 1.100
3 226 34.800 0.000 3.100 35.700 0.000 2.100 36.200 0.000 3.300
3 226 36.200 0.000 3.300 35.200 0.000 4.200 34.800 0.000 3.100
3 226 35.200 0.000 4.200 36.200 0.000 3.300 36.400 0.000 4.700
3 226 36.400 0.000 4.700 35.300 0.000 4.800 35.200 0.000 4.200
3 226 35.300 0.000 4.800 36.400 0.000 4.700 36.700 0.000 5.600
3 226 36.700 0.000 5.600 35.700 0.000 6.000 35.300 0.000 4.800
3 226 36.700 0.000 5.600 37.000 0.000 6.000 36.400 0.000 6.200
3 226 36.400 0.000 6.200 35.700 0.000 6.000 36.700 0.000 5.600
3 226 34.100 0.000 1.100 34.800 0.000 3.100 34.300 0.000 4.100
3 226 34.300 0.000 4.100 33.600 0.000 2.000 34.100 0.000 1.100
3 226 33.600 0.000 2.000 34.300 0.000 4.100 34.000 0.000 4.700
3 226 34.000 0.000 4.700 33.100 0.000 3.600 33.600 0.000 2.000
3 226 33.100 0.000 3.600 34.000 0.000 4.700 32.500 0.000 7.300
3 226 32.500 0.000 7.300 32.400 0.000 5.100 33.100 0.000 3.600
3 226 32.400 0.000 5.100 32.500 0.000 7.300 31.800 0.000 7.300
3 226 31.800 0.000 7.300 31.500 0.000 6.600 32.400 0.000 5.100
3 226 34.300 0.000 4.100 35.200 0.000 4.200 35.300 0.000 4.800
3 226 35.300 0.000 4.800 34.000 0.000 4.700 34.300 0.000 4.100
3 226 29.400 0.000 2.600 30.000 0.000 3.000 29.900 0.000 4.000
3 226 29.900 0.000 4.000 28.700 0.000 2.900 29.400 0.000 2.600
3 226 28.700 0.000 2.900 29.900 0.000 4.000 29.900 0.000 4.600
3 226 29.900 0.000 4.600 28.700 0.000 3.900 28.700 0.000 2.900
3 226 28.700 0.000 3.900 29.900 0.000 4.600 29.800 0.000 5.400
3 226 29.800 0.000 5.400 28.700 0.000 4.500 28.700 0.000 3.900
3 226 28.700 0.000 4.500 29.800 0.000 5.400 29.400 0.000 5.600
3 226 29.400 0.000 5.600 28.700 0.000 5.400 28.700 0.000 4.500
3 226 29.900 0.000 4.000 31.000 0.000 4.300 30.900 0.000 4.900
3 226 30.900 0.000 4.900 29.900 0.000 4.600 29.900 0.000 4.000
3 226 31.000 0.000 4.300 31.300 0.000 4.700 30.900 0.000 4.900
3 226 28.700 0.000 3.900 28.700 0.000 4.500 27.700 0.000 4.500
3 226 27.700 0.000 4.500 27.600 0.000 3.900 28.700 0.000 3.900
3 226 27.600 0.000 3.900 27.700 0.000 4.500 27.400 0.000 4.300
3 226 25.300 0.000 4.900 24.700 0.000 4.400 25.100 0.000 1.300
3 226 25.100 0.000 1.300 26.200 0.000 4.600 25.300 0.000 4.900
3 226 26.200 0.000 4.600 25.100 0.000 1.300 26.400 0.000 0.500
3 226 26.400 0.000 0.500 26.600 0.000 2.600 26.200 0.000 4.600
3 226 25.100 0.000 1.300 25.000 0.000 0.400 25.700 0.000 -0.400
3 226 25.700 0.000 -0.400 26.400 0.000 0.500 25.100 0.000 1.300
3 226 25.000 0.000 0.400 24.600 0.000 0.000 24.400 0.000 -0.900
3 226 24.400 0.000 -0.900 25.700 0.000 -0.400 25.000 0.000 0.400
3 226 24.400 0.000 -0.900 24.600 0.000 0.000 24.100 0.000 0.100
3 226 24.100 0.000 0.100 23.200 0.000 -0.600 24.400 0.000 -0.900
3 226 23.200 0.000 -0.600 24.100 0.000 0.100 23.400 0.000 1.000
3 226 23.400 0.000 1.000 22.300 0.000 0.200 23.200 0.000 -0.600
3 226 22.300 0.000 0.200 23.400 0.000 1.000 22.600 0.000 2.900
3 226 22.600 0.000 2.900 21.600 0.000 1.500 22.300 0.000 0.200
3 226 21.600 0.000 1.500 22.600 0.000 2.900 22.500 0.000 4.400
3 226 22.500 0.000 4.400 21.000 0.000 3.200 21.600 0.000 1.500
3 226 21.000 0.000 3.200 22.500 0.000 4.400 22.800 0.000 5.100
3 226 22.800 0.000 5.100 21.200 0.000 4.800 21.000 0.000 3.200
3 226 21.200 0.000 4.800 22.800 0.000 5.100 23.700 0.000 5.500
3 226 23.700 0.000 5.500 22.300 0.000 5.600 21.200 0.000 4.800
3 226 22.300 0.000 5.600 23.700 0.000 5.500 24.100 0.000 5.600
3 226 24.100 0.000 5.600 23.700 0.000 6.000 22.300 0.000 5.600
3 226 24.100 0.000 5.600 24.100 0.000 5.900 23.700 0.000 6.000
3 226 18.800 0.000 3.000 18.800 0.000 3.500 17.000 0.000 3.300
3 226 17.000 0.000 3.300 17.500 0.000 2.800 18.800 0.000 3.000
3 226 17.500 0.000 2.800 17.000 0.000 3.300 15.100 0.000 3.200
3 226 15.100 0.000 3.200 15.100 0.000 2.600 17.500 0.000 2.800
3 226 18.600 0.000 5.300 18.600 0.000 5.900 15.400 0.000 5.800
3 226 15.400 0.000 5.800 15.400 0.000 5.200 18.600 0.000 5.300
3 226 8.800 0.000 0.700 8.900 0.000 0.000 10.100 0.000 0.700
3 226 10.100 0.000 0.700 9.500 0.000 0.900 8.800 0.000 0.700
3 226 8.900 0.000 0.000 10.200 0.000 -0.300 11.600 0.000 0.300
3 226 11.600 0.000 0.300 10.100 0.000 0.700 8.900 0.000 0.000
3 226 10.100 0.000 0.700 11.600 0.000 0.300 12.400 0.000 1.100
3 226 12.400 0.000 1.100 11.000 0.000 1.100 10.100 0.000 0.700
3 226 11.000 0.000 1.100 12.400 0.000 1.100 13.200 0.000 2.800
3 226 13.200 0.000 2.800 11.600 0.000 2.100 11.000 0.000 1.100
3 226 11.600 0.000 2.100 13.200 0.000 2.800 13.300 0.000 4.300
3 226 13.300 0.000 4.300 12.000 0.000 3.800 11.600 0.000 2.100
3 226 12.000 0.000 3.800 13.300 0.000 4.300 12.800 0.000 5.300
3 226 12.800 0.000 5.300 12.000 0.000 4.600 12.000 0.000 3.800
3 226 12.000 0.000 4.600 12.800 0.000 5.300 11.700 0.000 6.000
3 226 11.700 0.000 6.000 11.300 0.000 5.100 12.000 0.000 4.600
3 226 11.300 0.000 5.100 11.700 0.000 6.000 10.200 0.000 6.000
3 226 10.200 0.000 6.000 10.100 0.000 5.100 11.300 0.000 5.100
3 226 10.100 0.000 5.100 10.200 0.000 6.000 8.700 0.000 5.400
3 226 8.700 0.000 5.400 9.300 0.000 4.700 10.100 0.000 5.100
3 226 32.200 0.000 9.300 32.700 0.000 9.000 34.000 0.000 9.100
3 226 34.000 0.000 9.100 32.700 0.000 9.600 32.200 0.000 9.300
3 226 32.700 0.000 9.600 34.000 0.000 9.100 35.300 0.000 9.600
3 226 35.300 0.000 9.600 34.100 0.000 9.700 32.700 0.000 9.600
3 226 34.100 0.000 9.700 35.300 0.000 9.600 36.100 0.000 10.400
3 226 36.100 0.000 10.400 34.800 0.000 10.300 34.100 0.000 9.700
3 226 34.800 0.000 10.300 36.100 0.000 10.400 36.600 0.000 11.600
3 226 36.600 0.000 11.600 35.200 0.000 11.200 34.800 0.000 10.300
3 226 35.200 0.000 11.200 36.600 0.000 11.600 36.300 0.000 12.800
3 226 36.300 0.000 12.800 35.100 0.000 12.300 35.200 0.000 11.200
3 226 35.100 0.000 12.300 36.300 0.000 12.800 35.400 0.000 13.800
3 226 35.400 0.000 13.800 34.400 0.000 13.200 35.100 0.000 12.300
3 226 34.400 0.000 13.200 35.400 0.000 13.800 34.100 0.000 14.400
3 226 34.100 0.000 14.400 33.400 0.000 13.700 34.400 0.000 13.200
3 226 33.400 0.000 13.700 34.100 0.000 14.400 32.500 0.000 14.500
3 226 32.500 0.000 14.500 32.300 0.000 13.700 33.400 0.000 13.700
3 226 32.300 0.000 13.700 32.500 0.000 14.500 32.000 0.000 14.200
3 226 28.600 0.000 10.300 29.400 0.000 10.600 29.200 0.000 12.000
3 226 29.200 0.000 12.000 28.100 0.000 10.500 28.600 0.000 10.300
3 226 28.100 0.000 10.500 29.200 0.000 12.000 29.000 0.000 12.800
3 226 29.000 0.000 12.800 27.800 0.000 12.100 28.100 0.000 10.500
3 226 29.000 0.000 12.800 27.700 0.000 12.800 26.300 0.000 12.100
3 226 26.300 0.000 12.100 27.800 0.000 12.100 29.000 0.000 12.800
3 226 27.700 0.000 12.800 26.400 0.000 12.800 26.000 0.000 12.500
3 226 26.000 0.000 12.500 26.300 0.000 12.100 27.700 0.000 12.800
3 226 29.200 0.000 12.000 30.200 0.000 12.200 30.100 0.000 12.900
3 226 30.100 0.000 12.900 29.000 0.000 12.800 29.200 0.000 12.000
3 226 30.200 0.000 12.200 30.500 0.000 12.600 30.100 0.000 12.900
3 226 29.000 0.000 12.800 28.900 0.000 14.000 27.600 0.000 13.900
3 226 27.600 0.000 13.900 27.700 0.000 12.800 29.000 0.000 12.800
3 226 27.600 0.000 13.900 28.900 0.000 14.000 28.300 0.000 14.300
3 226 22.500 0.000 9.200 24.100 0.000 10.000 24.100 0.000 11.100
3 226 24.100 0.000 11.100 22.400 0.000 9.800 22.500 0.000 9.200
3 226 22.400 0.000 9.800 24.100 0.000 11.100 23.800 0.000 12.600
3 226 23.800 0.000 12.600 22.300 0.000 11.000 22.400 0.000 9.800
3 226 22.300 0.000 11.000 23.800 0.000 12.600 22.000 0.000 12.900
3 226 22.000 0.000 12.900 22.100 0.000 12.000 22.300 0.000 11.000
3 226 23.800 0.000 12.600 23.300 0.000 13.700 22.400 0.000 13.800
3 226 22.400 0.000 13.800 22.000 0.000 12.900 23.800 0.000 12.600
3 226 22.400 0.000 13.800 21.500 0.000 13.200 21.200 0.000 12.300
3 226 21.200 0.000 12.300 22.000 0.000 12.900 22.400 0.000 13.800
3 226 21.500 0.000 13.200 20.300 0.000 12.400 20.800 0.000 11.600
3 226 20.800 0.000 11.600 21.200 0.000 12.300 21.500 0.000 13.200
3 226 20.300 0.000 12.400 19.600 0.000 11.600 19.700 0.000 11.000
3 226 19.700 0.000 11.000 20.800 0.000 11.600 20.300 0.000 12.400
3 226 20.800 0.000 11.600 19.700 0.000 11.000 20.300 0.000 10.400
3 226 20.300 0.000 10.400 20.900 0.000 11.100 20.800 0.000 11.600
3 226 20.900 0.000 11.100 20.300 0.000 10.400 20.600 0.000 10.200
3 226 20.600 0.000 10.200 21.700 0.000 10.600 20.900 0.000 11.100
3 226 21.700 0.000 10.600 20.600 0.000 10.200 20.600 0.000 9.500
3 226 20.600 0.000 9.500 21.900 0.000 10.200 21.700 0.000 10.600
3 226 20.600 0.000 9.500 20.800 0.000 9.100 21.800 0.000 9.600
3 226 21.800 0.000 9.600 21.900 0.000 10.200 20.600 0.000 9.500
3 226 20.800 0.000 9.100 21.700 0.000 9.000 22.500 0.000 9.200
3 226 22.500 0.000 9.200 21.800 0.000 9.600 20.800 0.000 9.100
3 226 22.500 0.000 9.200 22.400 0.000 9.800 21.800 0.000 9.600
3 226 18.100 0.000 10.600 18.000 0.000 11.100 14.100 0.000 10.700
3 226 14.100 0.000 10.700 14.200 0.000 10.300 18.100 0.000 10.600
3 226 18.300 0.000 13.100 17.900 0.000 13.600 14.100 0.000 12.500
3 226 14.100 0.000 12.500 17.900 0.000 12.700 18.300 0.000 13.100
3 226 17.900 0.000 13.600 14.200 0.000 13.400 13.900 0.000 13.000
3 226 13.900 0.000 13.000 14.100 0.000 12.500 17.900 0.000 13.600
3 15 -1.200 0.000 12.300 -2.300 0.000 12.200 -3.300 0.000 10.300
3 15 -3.300 0.000 10.300 -1.400 0.000 11.500 -1.200 0.000 12.300
3 15 -1.400 0.000 11.500 -3.300 0.000 10.300 -5.500 0.000 7.800
3 15 -5.500 0.000 7.800 -3.300 0.000 8.900 -1.400 0.000 11.500
3 15 -3.300 0.000 8.900 -5.500 0.000 7.800 -8.200 0.000 5.600
3 15 -8.200 0.000 5.600 -6.300 0.000 6.000 -3.300 0.000 8.900
3 15 -6.300 0.000 6.000 -8.200 0.000 5.600 -11.400 0.000 3.500
3 15 -11.400 0.000 3.500 -9.800 0.000 3.600 -6.300 0.000 6.000
3 15 -9.800 0.000 3.600 -11.400 0.000 3.500 -14.800 0.000 1.800
3 15 -14.800 0.000 1.800 -13.700 0.000 1.600 -9.800 0.000 3.600
3 15 -13.700 0.000 1.600 -14.800 0.000 1.800 -17.800 0.000 0.500
3 15 -17.800 0.000 0.500 -17.100 0.000 0.000 -13.700 0.000 1.600
3 15 -17.100 0.000 0.000 -17.800 0.000 0.500 -19.600 0.000 -0.500
3 15 -19.600 0.000 -0.500 -19.200 0.000 -0.700 -17.100 0.000 0.000
3 15 -19.600 0.000 -0.500 -17.800 0.000 0.500 -17.500 0.000 2.400
3 15 -17.500 0.000 2.400 -19.700 0.000 0.000 -19.600 0.000 -0.500
3 15 -17.800 0.000 0.500 -16.500 0.000 2.100 -16.300 0.000 2.500
3 15 -16.300 0.000 2.500 -17.500 0.000 2.400 -17.800 0.000 0.500
3 15 -17.500 0.000 2.400 -16.300 0.000 2.500 -16.700 0.000 2.700
3 15 -19.200 0.000 -0.700 -16.600 0.000 -0.700 -14.600 0.000 0.200
3 15 -14.600 0.000 0.200 -17.100 0.000 0.000 -19.200 0.000 -0.700
3 15 -16.600 0.000 -0.700 -14.500 0.000 -0.600 -14.000 0.000 -0.500
3 15 -14.000 0.000 -0.500 -14.600 0.000 0.200 -16.600 0.000 -0.700
3 15 -14.000 0.000 -0.500 -13.900 0.000 -0.100 -14.600 0.000 0.200
3 15 1.700 0.000 15.900 1.600 0.000 16.300 -1.000 0.000 15.800
3 15 -1.000 0.000 15.800 0.300 0.000 15.400 1.700 0.000 15.900
3 15 0.300 0.000 15.400 -1.000 0.000 15.800 -5.300 0.000 15.700
3 15 -5.300 0.000 15.700 -2.400 0.000 15.100 0.300 0.000 15.400
3 15 -2.400 0.000 15.100 -5.300 0.000 15.700 -14.200 0.000 15.900
3 15 -14.200 0.000 15.900 -9.900 0.000 15.100 -2.400 0.000 15.100
3 15 -9.900 0.000 15.100 -14.200 0.000 15.900 -19.700 0.000 16.200
3 15 -19.700 0.000 16.200 -19.700 0.000 15.500 -9.900 0.000 15.100
3 15 -19.700 0.000 16.200 -22.900 0.000 15.900 -21.100 0.000 15.300
3 15 -21.100 0.000 15.300 -19.700 0.000 15.500 -19.700 0.000 16.200
3 15 -22.900 0.000 15.900 -23.300 0.000 15.500 -21.700 0.000 14.800
3 15 -21.700 0.000 14.800 -21.100 0.000 15.300 -22.900 0.000 15.900
3 15 -23.300 0.000 15.500 -23.300 0.000 14.400 -21.600 0.000 13.600
3 15 -21.600 0.000 13.600 -21.700 0.000 14.800 -23.300 0.000 15.500
3 15 -23.300 0.000 14.400 -22.900 0.000 12.000 -21.300 0.000 10.200
3 15 -21.300 0.000 10.200 -21.600 0.000 13.600 -23.300 0.000 14.400
3 15 -22.900 0.000 12.000 -22.700 0.000 5.800 -21.300 0.000 4.800
3 15 -21.300 0.000 4.800 -21.300 0.000 10.200 -22.900 0.000 12.000
3 15 -22.700 0.000 5.800 -22.800 0.000 2.700 -21.500 0.000 2.400
3 15 -21.500 0.000 2.400 -21.300 0.000 4.800 -22.700 0.000 5.800
3 15 -21.500 0.000 2.400 -22.800 0.000 2.700 -22.400 0.000 2.100
3 15 -22.400 0.000 2.100 -21.900 0.000 2.100 -21.500 0.000 2.400
3 15 -30.300 0.000 10.200 -29.700 0.000 10.300 -29.900 0.000 11.000
3 15 -29.900 0.000 11.000 -30.300 0.000 10.900 -30.300 0.000 10.200
3 15 -29.700 0.000 10.300 -29.300 0.000 10.800 -29.900 0.000 11.400
3 15 -29.900 0.000 11.400 -29.900 0.000 11.000 -29.700 0.000 10.300
3 15 -29.300 0.000 10.800 -29.300 0.000 11.400 -29.700 0.000 11.900
3 15 -29.700 0.000 11.900 -29.900 0.000 11.400 -29.300 0.000 10.800
3 15 -29.900 0.000 11.400 -29.700 0.000 11.900 -30.400 0.000 12.100
3 15 -30.400 0.000 12.100 -30.200 0.000 11.600 -29.900 0.000 11.400
3 15 -30.200 0.000 11.600 -30.400 0.000 12.100 -31.100 0.000 12.000
3 15 -31.100 0.000 12.000 -30.600 0.000 11.500 -30.200 0.000 11.600
3 15 -31.100 0.000 12.000 -31.300 0.000 11.700 -30.600 0.000 11.100
3 15 -30.600 0.000 11.100 -30.600 0.000 11.500 -31.100 0.000 12.000
3 15 -30.600 0.000 11.100 -31.300 0.000 11.700 -31.300 0.000 11.200
3 15 -31.300 0.000 11.200 -31.400 0.000 10.600 -30.300 0.000 10.900
3 15 -30.300 0.000 10.900 -30.600 0.000 11.100 -31.300 0.000 11.200
3 15 -31.400 0.000 10.600 -30.800 0.000 10.200 -30.300 0.000 10.200
3 15 -30.300 0.000 10.200 -30.300 0.000 10.900 -31.400 0.000 10.600
3 15 -36.700 0.000 2.500 -36.100 0.000 2.500 -36.300 0.000 3.400
3 15 -36.300 0.000 3.400 -36.700 0.000 3.300 -36.700 0.000 2.500
3 15 -36.100 0.000 2.500 -35.700 0.000 2.800 -36.100 0.000 3.700
3 15 -36.100 0.000 3.700 -36.300 0.000 3.400 -36.100 0.000 2.500
3 15 -35.700 0.000 2.800 -35.400 0.000 3.400 -35.400 0.000 4.200
3 15 -35.400 0.000 4.200 -36.100 0.000 3.700 -35.700 0.000 2.800
3 15 -36.100 0.000 3.700 -35.400 0.000 4.200 -35.800 0.000 4.800
3 15 -35.800 0.000 4.800 -36.100 0.000 4.100 -36.100 0.000 3.700
3 15 -36.100 0.000 4.100 -35.800 0.000 4.800 -36.300 0.000 5.300
3 15 -36.300 0.000 5.300 -36.600 0.000 4.700 -36.100 0.000 4.100
3 15 -36.600 0.000 4.700 -36.300 0.000 5.300 -37.100 0.000 5.500
3 15 -37.100 0.000 5.500 -37.100 0.000 4.900 -36.600 0.000 4.700
3 15 -37.100 0.000 4.900 -37.100 0.000 5.500 -37.900 0.000 5.300
3 15 -37.900 0.000 5.300 -37.600 0.000 4.700 -37.100 0.000 4.900
3 15 -37.600 0.000 4.700 -37.900 0.000 5.300 -38.600 0.000 4.800
3 15 -38.600 0.000 4.800 -37.700 0.000 4.300 -37.600 0.000 4.700
3 15 -37.700 0.000 4.300 -38.600 0.000 4.800 -38.500 0.000 3.800
3 15 -38.500 0.000 3.800 -37.500 0.000 3.800 -37.700 0.000 4.300
3 15 -37.500 0.000 3.800 -38.500 0.000 3.800 -38.000 0.000 3.000
3 15 -38.000 0.000 3.000 -37.200 0.000 3.500 -37.500 0.000 3.800
3 15 -37.200 0.000 3.500 -38.000 0.000 3.000 -37.400 0.000 2.600
3 15 -37.400 0.000 2.600 -36.700 0.000 3.300 -37.200 0.000 3.500
3 15 -36.700 0.000 2.500 -36.700 0.000 3.300 -37.400 0.000 2.600
3 29 -28.400 0.000 9.000 -27.700 0.000 9.200 -27.400 0.000 9.700
3 29 -27.400 0.000 9.700 -28.600 0.000 9.500 -28.400 0.000 9.000
3 29 -28.600 0.000 9.500 -27.400 0.000 9.700 -27.400 0.000 10.300
3 29 -27.400 0.000 10.300 -28.900 0.000 10.300 -28.600 0.000 9.500
3 29 -27.400 0.000 10.300 -27.900 0.000 10.900 -28.700 0.000 11.000
3 29 -28.700 0.000 11.000 -28.900 0.000 10.300 -27.400 0.000 10.300
3 29 -28.700 0.000 11.000 -27.900 0.000 10.900 -27.600 0.000 11.300
3 29 -27.600 0.000 11.300 -28.300 0.000 11.300 -28.700 0.000 11.000
3 29 -27.600 0.000 11.300 -27.200 0.000 11.900 -28.800 0.000 11.600
3 29 -28.800 0.000 11.600 -28.300 0.000 11.300 -27.600 0.000 11.300
3 29 -28.800 0.000 11.600 -27.200 0.000 11.900 -27.400 0.000 12.500
3 29 -27.400 0.000 12.500 -29.000 0.000 12.200 -28.800 0.000 11.600
3 29 -27.400 0.000 12.500 -27.800 0.000 13.100 -29.400 0.000 12.300
3 29 -29.400 0.000 12.300 -29.000 0.000 12.200 -27.400 0.000 12.500
3 29 -29.400 0.000 12.300 -27.800 0.000 13.100 -28.300 0.000 13.400
3 29 -28.300 0.000 13.400 -29.500 0.000 12.600 -29.400 0.000 12.300
3 29 -28.300 0.000 13.400 -29.300 0.000 13.300 -30.000 0.000 12.500
3 29 -30.000 0.000 12.500 -29.500 0.000 12.600 -28.300 0.000 13.400
3 29 -29.300 0.000 13.300 -29.800 0.000 13.600 -30.300 0.000 12.900
3 29 -30.300 0.000 12.900 -30.000 0.000 12.500 -29.300 0.000 13.300
3 29 -29.800 0.000 13.600 -30.300 0.000 13.900 -30.700 0.000 13.000
3 29 -30.700 0.000 13.000 -30.300 0.000 12.900 -29.800 0.000 13.600
3 29 -30.300 0.000 13.900 -31.100 0.000 14.000 -31.000 0.000 12.500
3 29 -31.000 0.000 12.500 -30.700 0.000 13.000 -30.300 0.000 13.900
3 29 -31.100 0.000 14.000 -31.800 0.000 13.800 -31.600 0.000 12.300
3 29 -31.600 0.000 12.300 -31.000 0.000 12.500 -31.100 0.000 14.000
3 29 -31.800 0.000 13.800 -32.200 0.000 13.300 -31.900 0.000 12.100
3 29 -31.900 0.000 12.100 -31.600 0.000 12.300 -31.800 0.000 13.800
3 29 -31.900 0.000 12.100 -32.200 0.000 13.300 -32.900 0.000 12.300
3 29 -32.900 0.000 12.300 -32.400 0.000 12.100 -31.900 0.000 12.100
3 29 -32.400 0.000 12.100 -32.900 0.000 12.300 -33.300 0.000 11.800
3 29 -33.300 0.000 11.800 -32.300 0.000 11.700 -32.400 0.000 12.100
3 29 -33.300 0.000 11.800 -33.600 0.000 11.400 -33.700 0.000 10.800
3 29 -33.700 0.000 10.800 -32.300 0.000 11.700 -33.300 0.000 11.800
3 29 -32.300 0.000 11.700 -33.700 0.000 10.800 -31.600 0.000 11.100
3 29 -31.600 0.000 11.100 -31.800 0.000 11.500 -32.300 0.000 11.700
3 29 -33.700 0.000 10.800 -33.300 0.000 10.300 -31.800 0.000 10.700
3 29 -31.800 0.000 10.700 -31.600 0.000 11.100 -33.700 0.000 10.800
3 29 -33.300 0.000 10.300 -32.300 0.000 10.300 -31.800 0.000 10.700
3 29 -33.300 0.000 10.300 -32.800 0.000 9.600 -31.800 0.000 10.100
3 29 -31.800 0.000 10.100 -32.300 0.000 10.300 -33.300 0.000 10.300
3 29 -32.800 0.000 9.600 -32.500 0.000 8.900 -31.700 0.000 9.400
3 29 -31.700 0.000 9.400 -31.800 0.000 10.100 -32.800 0.000 9.600
3 29 -32.500 0.000 8.900 -32.000 0.000 8.500 -31.500 0.000 8.800
3 29 -31.500 0.000 8.800 -31.700 0.000 9.400 -32.500 0.000 8.900
3 29 -32.000 0.000 8.500 -31.300 0.000 8.200 -30.900 0.000 8.700
3 29 -30.900 0.000 8.700 -31.500 0.000 8.800 -32.000 0.000 8.500
3 29 -31.300 0.000 8.200 -30.500 0.000 8.300 -30.400 0.000 9.000
3 29 -30.400 0.000 9.000 -30.900 0.000 8.700 -31.300 0.000 8.200
3 29 -30.500 0.000 8.300 -29.900 0.000 8.800 -29.500 0.000 9.600
3 29 -29.500 0.000 9.600 -30.400 0.000 9.000 -30.500 0.000 8.300
3 29 -29.900 0.000 8.800 -29.400 0.000 9.100 -29.100 0.000 9.600
3 29 -29.100 0.000 9.600 -29.500 0.000 9.600 -29.900 0.000 8.800
3 29 -29.900 0.000 8.800 -28.900 0.000 8.800 -29.400 0.000 9.100
3 29 -30.400 0.000 9.000 -29.500 0.000 9.600 -30.300 0.000 9.700
3 29 -30.300 0.000 9.700 -31.000 0.000 9.200 -30.400 0.000 9.000
3 29 -31.000 0.000 9.200 -30.300 0.000 9.700 -31.200 0.000 9.800
3 29 -31.200 0.000 9.800 -31.700 0.000 9.400 -31.000 0.000 9.200
3 29 -31.700 0.000 9.400 -31.200 0.000 9.800 -31.800 0.000 10.100
3 29 -29.500 0.000 9.600 -29.100 0.000 9.600 -28.900 0.000 10.300
3 29 -28.600 0.000 9.500 -28.900 0.000 10.300 -29.100 0.000 9.600
3 29 -32.200 0.000 13.300 -33.300 0.000 14.900 -34.200 0.000 14.700
3 29 -34.200 0.000 14.700 -32.900 0.000 12.300 -32.200 0.000 13.300
3 29 -33.300 0.000 14.900 -34.900 0.000 16.900 -36.400 0.000 17.100
3 29 -36.400 0.000 17.100 -34.200 0.000 14.700 -33.300 0.000 14.900
3 29 -34.900 0.000 16.900 -37.000 0.000 18.700 -37.500 0.000 18.700
3 29 -37.500 0.000 18.700 -36.400 0.000 17.100 -34.900 0.000 16.900
3 29 -37.500 0.000 18.700 -37.800 0.000 18.300 -37.900 0.000 17.400
3 29 -37.900 0.000 17.400 -36.400 0.000 17.100 -37.500 0.000 18.700
3 29 -36.400 0.000 17.100 -37.900 0.000 17.400 -36.500 0.000 13.500
3 29 -36.500 0.000 13.500 -35.500 0.000 14.100 -36.400 0.000 17.100
3 29 -35.500 0.000 14.100 -36.500 0.000 13.500 -35.900 0.000 10.600
3 29 -35.900 0.000 10.600 -34.800 0.000 11.300 -35.500 0.000 14.100
3 29 -34.800 0.000 11.300 -35.900 0.000 10.600 -36.100 0.000 7.300
3 29 -36.100 0.000 7.300 -34.700 0.000 8.600 -34.800 0.000 11.300
3 29 -34.700 0.000 8.600 -36.100 0.000 7.300 -35.800 0.000 5.900
3 29 -35.800 0.000 5.900 -35.000 0.000 6.800 -34.700 0.000 8.600
3 29 -35.800 0.000 5.900 -36.100 0.000 7.300 -36.500 0.000 6.300
3 29 -36.500 0.000 6.300 -36.200 0.000 6.000 -35.800 0.000 5.900
3 29 -36.500 0.000 6.300 -36.100 0.000 7.300 -36.600 0.000 6.800
3 29 -36.100 0.000 7.300 -36.900 0.000 7.600 -37.200 0.000 6.900
3 29 -37.200 0.000 6.900 -36.600 0.000 6.800 -36.100 0.000 7.300
3 29 -36.900 0.000 7.600 -37.800 0.000 7.500 -37.900 0.000 6.600
3 29 -37.900 0.000 6.600 -37.200 0.000 6.900 -36.900 0.000 7.600
3 29 -37.200 0.000 6.900 -37.900 0.000 6.600 -37.700 0.000 6.100
3 29 -37.700 0.000 6.100 -37.200 0.000 6.400 -37.200 0.000 6.900
3 29 -37.700 0.000 6.100 -37.100 0.000 5.800 -36.500 0.000 6.300
3 29 -36.500 0.000 6.300 -37.200 0.000 6.400 -37.700 0.000 6.100
3 29 -37.100 0.000 5.800 -36.200 0.000 6.000 -36.500 0.000 6.300
3 29 -37.800 0.000 7.500 -38.700 0.000 7.000 -38.400 0.000 6.300
3 29 -38.400 0.000 6.300 -37.900 0.000 6.600 -37.800 0.000 7.500
3 29 -38.700 0.000 7.000 -39.100 0.000 5.700 -38.400 0.000 5.600
3 29 -38.400 0.000 5.600 -38.400 0.000 6.300 -38.700 0.000 7.000
3 29 -38.400 0.000 5.600 -39.100 0.000 5.700 -39.900 0.000 5.200
3 29 -39.900 0.000 5.200 -39.000 0.000 5.300 -38.400 0.000 5.600
3 29 -39.000 0.000 5.300 -39.900 0.000 5.200 -40.600 0.000 4.500
3 29 -40.600 0.000 4.500 -39.400 0.000 4.800 -39.000 0.000 5.300
3 29 -39.400 0.000 4.800 -40.600 0.000 4.500 -40.800 0.000 3.700
3 29 -40.800 0.000 3.700 -39.400 0.000 4.000 -39.400 0.000 4.800
3 29 -39.400 0.000 4.000 -40.800 0.000 3.700 -40.400 0.000 2.900
3 29 -40.400 0.000 2.900 -39.000 0.000 3.800 -39.400 0.000 4.000
3 29 -39.000 0.000 3.800 -40.400 0.000 2.900 -39.400 0.000 2.300
3 29 -39.400 0.000 2.300 -38.900 0.000 3.200 -39.000 0.000 3.800
3 29 -39.400 0.000 2.300 -38.800 0.000 2.500 -38.600 0.000 3.000
3 29 -38.600 0.000 3.000 -38.900 0.000 3.200 -39.400 0.000 2.300
3 29 -39.400 0.000 2.300 -39.400 0.000 1.500 -38.000 0.000 2.500
3 29 -38.000 0.000 2.500 -38.800 0.000 2.500 -39.400 0.000 2.300
3 29 -38.000 0.000 2.500 -39.400 0.000 1.500 -38.800 0.000 0.900
3 29 -38.800 0.000 0.900 -37.900 0.000 1.300 -38.000 0.000 2.500
3 29 -37.900 0.000 1.300 -38.800 0.000 0.900 -38.100 0.000 0.500
3 29 -38.100 0.000 0.500 -37.900 0.000 0.800 -37.900 0.000 1.300
3 29 -38.100 0.000 0.500 -37.300 0.000 0.500 -37.200 0.000 0.900
3 29 -37.200 0.000 0.900 -37.900 0.000 0.800 -38.100 0.000 0.500
3 29 -37.300 0.000 0.500 -36.500 0.000 0.900 -36.100 0.000 1.500
3 29 -36.100 0.000 1.500 -37.200 0.000 0.900 -37.300 0.000 0.500
3 29 -37.200 0.000 0.900 -36.100 0.000 1.500 -36.100 0.000 1.800
3 29 -36.100 0.000 1.800 -37.300 0.000 1.400 -37.200 0.000 0.900
3 29 -37.300 0.000 1.400 -36.100 0.000 1.800 -36.700 0.000 2.000
3 29 -36.700 0.000 2.000 -37.200 0.000 1.800 -37.300 0.000 1.400
3 29 -37.500 0.000 2.300 -38.000 0.000 2.500 -37.900 0.000 1.300
3 29 -37.900 0.000 1.300 -37.200 0.000 1.800 -37.500 0.000 2.300
3 29 -37.900 0.000 1.300 -37.300 0.000 1.400 -37.200 0.000 1.800
3 29 -36.100 0.000 1.800 -36.100 0.000 1.500 -35.300 0.000 1.500
3 29 -35.300 0.000 1.500 -35.600 0.000 2.000 -36.100 0.000 1.800
3 29 -36.100 0.000 1.500 -35.600 0.000 1.100 -34.900 0.000 1.100
3 29 -34.900 0.000 1.100 -35.300 0.000 1.500 -36.100 0.000 1.500
3 29 -35.000 0.000 6.800 -35.800 0.000 5.900 -35.400 0.000 5.200
3 29 -35.400 0.000 5.200 -33.900 0.000 6.800 -35.000 0.000 6.800
3 29 -33.900 0.000 6.800 -35.400 0.000 5.200 -34.200 0.000 5.100
3 29 -34.200 0.000 5.100 -34.000 0.000 5.800 -33.900 0.000 6.800
3 29 -34.000 0.000 5.800 -33.600 0.000 5.800 -33.100 0.000 6.200
3 29 -33.100 0.000 6.200 -33.900 0.000 6.800 -34.000 0.000 5.800
3 29 -33.100 0.000 6.200 -33.600 0.000 5.800 -33.600 0.000 5.200
3 29 -33.600 0.000 5.200 -32.700 0.000 5.500 -33.100 0.000 6.200
3 29 -33.600 0.000 5.200 -33.200 0.000 5.000 -32.600 0.000 5.000
3 29 -32.600 0.000 5.000 -32.700 0.000 5.500 -33.600 0.000 5.200
3 29 -32.600 0.000 5.000 -33.200 0.000 5.000 -33.700 0.000 4.400
3 29 -33.700 0.000 4.400 -33.000 0.000 4.400 -32.600 0.000 5.000
3 29 -33.000 0.000 4.400 -33.700 0.000 4.400 -34.700 0.000 3.800
3 29 -34.700 0.000 3.800 -33.500 0.000 3.700 -33.000 0.000 4.400
3 29 -33.700 0.000 4.400 -34.000 0.000 4.600 -34.900 0.000 4.500
3 29 -34.900 0.000 4.500 -34.700 0.000 3.800 -33.700 0.000 4.400
3 29 -34.000 0.000 4.600 -33.900 0.000 5.100 -34.200 0.000 5.100
3 29 -34.200 0.000 5.100 -34.900 0.000 4.500 -34.000 0.000 4.600
3 29 -34.900 0.000 4.500 -34.200 0.000 5.100 -35.400 0.000 5.200
3 29 -35.000 0.000 2.900 -34.500 0.000 2.800 -33.500 0.000 3.700
3 29 -33.500 0.000 3.700 -34.700 0.000 3.800 -35.000 0.000 2.900
3 29 -33.500 0.000 3.700 -34.500 0.000 2.800 -33.700 0.000 2.200
3 29 -33.700 0.000 2.200 -32.800 0.000 3.100 -33.500 0.000 3.700
3 29 -33.700 0.000 2.200 -34.500 0.000 2.800 -35.000 0.000 2.200
3 29 -35.000 0.000 2.200 -34.300 0.000 1.900 -33.700 0.000 2.200
3 29 -34.800 0.000 1.800 -34.300 0.000 1.900 -35.000 0.000 2.200
3 29 -32.800 0.000 3.100 -33.700 0.000 2.200 -32.900 0.000 1.800
3 29 -32.900 0.000 1.800 -32.500 0.000 2.600 -32.800 0.000 3.100
3 29 -33.700 0.000 2.200 -33.800 0.000 1.700 -33.800 0.000 1.200
3 29 -33.800 0.000 1.200 -32.900 0.000 1.800 -33.700 0.000 2.200
3 29 -33.800 0.000 1.200 -33.800 0.000 1.700 -34.400 0.000 1.400
3 29 -34.400 0.000 1.400 -34.300 0.000 1.100 -33.800 0.000 1.200
1 16 0.0000 0.0000 0.0000 1.0000 0.0000 0.0000 0.0000 1.0000 0.0000 0.0000 0.0000 1.0000 s/6180s01.dat
