0 FILE 64867pb03.dat
0 Wedge 4 x 4 Fractured Polygon Top with Gold Facets Pattern
0 Name:  64867pb03.dat
0 Author:  
0 BL_Item_No 64867pb03
0 BFC CERTIFY CCW
1 16 0.0000 0.0000 0.0000 1.0000 0.0000 0.0000 0.0000 1.0000 0.0000 0.0000 0.0000 1.0000 s/64867s01.dat
3 82 -19.278 0.030 -11.366 -22.373 3.200 -11.991 -29.905 16.671 -31.505
3 82 -29.905 16.671 -31.505 -19.175 5.100 -27.524 -19.278 0.030 -11.366
3 82 -37.871 16.975 10.000 -38.164 17.256 -9.497 -32.656 12.023 -7.989
3 82 -32.656 12.023 -7.989 -31.483 10.898 10.000 -37.871 16.975 10.000
3 82 -19.175 5.100 -27.524 -17.473 5.329 -27.981 -8.729 2.367 -17.131
3 82 -8.729 2.367 -17.131 -19.278 0.030 -11.366 -19.175 5.100 -27.524
3 82 -15.723 6.934 -39.459 -29.763 16.793 -32.311 -16.258 6.707 -41.297
3 82 -9.430 16.572 -67.574 -15.723 6.934 -39.459 -16.258 6.707 -41.297
3 82 -16.258 6.707 -41.297 -14.173 11.711 -63.197 -9.430 16.572 -67.574
3 82 -17.997 16.494 -67.662 -17.342 18.823 -69.789 -9.368 18.293 -69.154
3 82 -9.368 18.293 -69.154 -9.430 16.572 -67.574 -17.997 16.494 -67.662
3 82 -14.173 11.711 -63.197 -17.997 16.494 -67.662 -9.430 16.572 -67.574
3 82 12.829 9.911 -61.600 3.032 15.252 -66.503 2.469 16.980 -68.095
3 82 2.469 16.980 -68.095 18.207 16.728 -67.900 12.829 9.911 -61.600
3 82 16.727 17.738 -68.828 18.207 16.728 -67.900 2.469 16.980 -68.095
3 82 -2.229 11.777 -63.255 -5.075 11.689 -63.177 -2.769 17.621 -68.670
3 82 -5.075 11.689 -63.177 -7.849 18.192 -69.033 -2.769 17.621 -68.670
3 82 -2.769 17.621 -68.670 2.899 11.935 -57.169 -2.229 11.777 -63.255
3 82 -5.075 11.689 -63.177 -2.229 11.777 -63.255 2.899 11.935 -57.169
3 82 2.899 11.935 -57.169 -10.048 11.536 -54.010 -5.075 11.689 -63.177
3 82 18.659 9.074 -41.495 3.032 15.252 -66.503 12.829 9.911 -61.600
3 82 12.340 6.175 -41.246 3.573 6.457 -52.081 3.236 9.196 -54.625
3 82 -5.075 11.689 -63.177 -10.048 11.536 -54.010 -7.849 18.192 -69.033
3 82 3.573 6.457 -52.081 12.340 6.175 -41.246 -3.255 2.484 -39.710
3 82 -6.363 3.453 -47.360 3.573 6.457 -52.081 -3.255 2.484 -39.710
3 82 -6.363 3.453 -47.360 3.236 9.196 -54.625 3.573 6.457 -52.081
3 82 -16.000 3.981 -30.948 -8.206 7.495 -50.685 -6.363 3.453 -47.360
3 82 -3.255 2.484 -39.710 -16.000 3.981 -30.948 -6.363 3.453 -47.360
3 82 -2.403 0.000 -9.869 -10.197 0.692 -25.518 -9.157 0.030 -25.166
3 82 -9.157 0.030 -25.166 -10.197 0.692 -25.518 -0.057 1.217 -27.583
3 82 -0.057 1.217 -27.583 -0.133 0.030 -26.636 -9.157 0.030 -25.166
3 82 -0.133 0.030 -26.636 -0.057 1.217 -27.583 20.000 0.000 -10.000
3 82 33.960 16.855 -19.916 28.967 9.955 -13.341 22.886 3.772 -12.513
3 82 22.886 3.772 -12.513 18.400 2.612 -22.071 33.960 16.855 -19.916
3 82 22.886 3.772 -12.513 6.304 3.409 -30.342 18.400 2.612 -22.071
3 82 40.000 19.000 -10.000 40.000 19.000 10.000 36.615 16.179 -9.837
3 82 40.000 19.000 10.000 30.984 10.428 -4.505 36.615 16.179 -9.837
3 82 40.000 19.000 10.000 31.297 10.731 10.000 30.984 10.428 -4.505
3 82 16.684 4.401 -32.813 18.400 2.612 -22.071 6.304 3.409 -30.342
3 82 -19.175 5.100 -27.524 -18.532 4.763 -28.401 -17.473 5.329 -27.981
3 82 -18.532 4.763 -28.401 -19.175 5.100 -27.524 -29.905 16.671 -31.505
3 82 3.236 9.196 -54.625 -6.363 3.453 -47.360 -8.206 7.495 -50.685
3 82 -3.255 2.484 -39.710 12.340 6.175 -41.246 -16.000 3.981 -30.948
3 82 18.207 16.728 -67.900 18.659 9.074 -41.495 12.829 9.911 -61.600
3 82 18.207 16.728 -67.900 26.837 16.831 -41.210 18.659 9.074 -41.495
3 82 17.719 9.024 -36.619 16.684 4.401 -32.813 6.304 3.409 -30.342
3 82 17.719 9.024 -36.619 27.076 16.829 -40.484 16.684 4.401 -32.813
3 82 33.960 16.855 -19.916 18.400 2.612 -22.071 16.684 4.401 -32.813
3 82 16.684 4.401 -32.813 27.076 16.829 -40.484 33.960 16.855 -19.916
3 82 -0.133 0.030 -26.636 20.000 0.000 -10.000 -2.403 0.000 -9.869
3 82 -2.403 0.000 -9.869 -9.157 0.030 -25.166 -0.133 0.030 -26.636
3 82 -17.997 16.494 -67.662 -14.173 11.711 -63.197 -29.763 16.793 -32.311
3 82 -29.763 16.793 -32.311 -14.173 11.711 -63.197 -16.258 6.707 -41.297
3 82 -30.085 9.817 -8.990 -36.877 16.674 -11.353 -29.905 16.671 -31.505
3 82 -29.905 16.671 -31.505 -22.373 3.200 -11.991 -30.085 9.817 -8.990
2 24 -19.175 5.100 -27.524 -19.278 0.030 -11.366
2 24 -19.175 5.100 -27.524 -17.473 5.329 -27.981
2 24 -29.763 16.793 -32.311 -16.258 6.707 -41.297
2 24 -16.258 6.707 -41.297 -15.723 6.934 -39.459
2 24 -17.997 16.494 -67.662 -14.173 11.711 -63.197
2 24 -14.173 11.711 -63.197 -16.258 6.707 -41.297
2 24 -14.173 11.711 -63.197 -9.430 16.572 -67.574
2 24 12.829 9.911 -61.600 3.032 15.252 -66.503
2 24 18.207 16.728 -67.900 12.829 9.911 -61.600
2 24 18.659 9.074 -41.495 12.829 9.911 -61.600
2 24 -5.075 11.689 -63.177 -7.849 18.192 -69.033
2 24 -2.769 17.621 -68.670 -2.229 11.777 -63.255
2 24 -2.229 11.777 -63.255 -5.075 11.689 -63.177
2 24 2.899 11.935 -57.169 -2.229 11.777 -63.255
2 24 -10.048 11.536 -54.010 -5.075 11.689 -63.177
2 24 12.340 6.175 -41.246 -3.255 2.484 -39.710
2 24 3.573 6.457 -52.081 12.340 6.175 -41.246
2 24 -3.255 2.484 -39.710 -6.363 3.453 -47.360
2 24 -6.363 3.453 -47.360 3.573 6.457 -52.081
2 24 -6.363 3.453 -47.360 -8.206 7.495 -50.685
2 24 3.236 9.196 -54.625 3.573 6.457 -52.081
2 24 16.684 4.401 -32.813 17.719 9.024 -36.619
2 24 27.076 16.829 -40.484 16.684 4.401 -32.813
2 24 16.684 4.401 -32.813 6.304 3.409 -30.342
2 24 -16.000 3.981 -30.948 -6.363 3.453 -47.360
2 24 -3.255 2.484 -39.710 -16.000 3.981 -30.948
2 24 -9.157 0.030 -25.166 -2.403 0.000 -9.869
2 24 -10.197 0.692 -25.518 -9.157 0.030 -25.166
2 24 -0.057 1.217 -27.583 -0.133 0.030 -26.636
2 24 -0.133 0.030 -26.636 -9.157 0.030 -25.166
2 24 -0.133 0.030 -26.636 20.000 0.000 -10.000
2 24 22.886 3.772 -12.513 18.400 2.612 -22.071
2 24 6.304 3.409 -30.342 18.400 2.612 -22.071
2 24 16.684 4.401 -32.813 18.400 2.612 -22.071
2 24 -19.175 5.100 -27.524 -18.532 4.763 -28.401
