0 FILE 67017p01.dat
0 Large Figure Headgear, Super Mario Cap with Red Capital Letter M on White Oval Pattern (Ice Mario)
0 Name:  67017p01.dat
0 Author:  
0 BL_Item_No 67017pb03
0 BFC CERTIFY CCW
3 16 8.600 -4.000 16.000 16.000 -14.000 16.000 -16.000 -14.000 16.000
3 16 -16.000 -14.000 16.000 -8.600 -4.000 16.000 8.600 -4.000 16.000
3 16 10.000 -4.000 20.000 8.600 -4.000 16.000 -8.600 -4.000 16.000
3 16 -8.600 -4.000 16.000 -10.000 -4.000 20.000 10.000 -4.000 20.000
3 16 8.600 -4.000 -16.000 -8.600 -4.000 -16.000 -16.000 -14.000 -16.000
3 16 -16.000 -14.000 -16.000 16.000 -14.000 -16.000 8.600 -4.000 -16.000
3 16 11.600 -4.000 -20.000 -11.600 -4.000 -20.000 -8.600 -4.000 -16.000
3 16 -8.600 -4.000 -16.000 8.600 -4.000 -16.000 11.600 -4.000 -20.000
3 16 -11.600 -4.000 -20.000 11.600 -4.000 -20.000 18.000 -14.000 -20.000
3 16 18.000 -14.000 -20.000 -18.000 -14.000 -20.000 -11.600 -4.000 -20.000
3 16 18.000 -14.000 -20.000 0.000 -14.000 -26.308 -18.000 -14.000 -20.000
3 16 18.000 -14.000 20.000 10.000 -4.000 20.000 -10.000 -4.000 20.000
3 16 -10.000 -4.000 20.000 -18.000 -14.000 20.000 18.000 -14.000 20.000
3 16 0.000 -14.000 24.175 18.000 -14.000 20.000 -18.000 -14.000 20.000
2 24 10.000 -4.000 20.000 -10.000 -4.000 20.000
2 24 -8.600 -4.000 16.000 8.600 -4.000 16.000
2 24 -11.600 -4.000 -20.000 11.600 -4.000 -20.000
2 24 8.600 -4.000 -16.000 -8.600 -4.000 -16.000
2 24 18.000 -14.000 -20.000 -18.000 -14.000 -20.000
2 24 -18.000 -14.000 20.000 18.000 -14.000 20.000
3 16 19.357 -5.683 -25.967 29.884 -2.828 -16.480 31.330 -11.249 -15.017
3 16 31.330 -11.249 -15.017 21.209 -14.942 -24.260 19.357 -5.683 -25.967
3 16 29.751 -19.089 -12.213 21.209 -14.942 -24.260 31.330 -11.249 -15.017
3 16 29.751 -19.089 -12.213 19.844 -24.840 -20.589 21.209 -14.942 -24.260
3 16 29.884 -2.828 -16.480 34.947 -8.737 -7.966 31.330 -11.249 -15.017
3 16 29.884 -2.828 -16.480 30.241 0.000 -16.844 32.618 0.000 -9.743
3 16 32.618 0.000 -9.743 34.366 0.000 1.017 36.754 -7.236 0.698
3 16 36.754 -7.236 0.698 34.947 -8.737 -7.966 32.618 0.000 -9.743
3 16 33.454 -15.334 -5.350 34.947 -8.737 -7.966 36.754 -7.236 0.698
3 16 33.454 -15.334 -5.350 31.330 -11.249 -15.017 34.947 -8.737 -7.966
3 16 33.454 -15.334 -5.350 36.754 -7.236 0.698 35.319 -12.448 2.533
3 16 33.454 -15.334 -5.350 29.751 -19.089 -12.213 31.330 -11.249 -15.017
3 16 34.875 -6.705 8.644 35.319 -12.448 2.533 36.754 -7.236 0.698
3 16 36.754 -7.236 0.698 34.366 0.000 1.017 32.853 0.000 8.283
3 16 32.853 0.000 8.283 34.875 -6.705 8.644 36.754 -7.236 0.698
3 16 34.875 -6.705 8.644 33.190 -12.114 9.091 35.319 -12.448 2.533
3 16 31.523 -6.533 15.376 33.190 -12.114 9.091 34.875 -6.705 8.644
3 16 31.523 -6.533 15.376 30.343 -12.414 14.117 33.190 -12.114 9.091
3 16 31.523 -6.533 15.376 34.875 -6.705 8.644 32.853 0.000 8.283
3 16 31.523 -6.533 15.376 32.853 0.000 8.283 29.704 0.000 14.409
3 16 32.618 0.000 -9.743 34.947 -8.737 -7.966 29.884 -2.828 -16.480
3 16 28.790 -2.963 -24.753 19.357 -5.683 -25.967 19.162 -4.375 -30.844
3 16 28.790 -2.963 -24.753 29.884 -2.828 -16.480 19.357 -5.683 -25.967
3 16 19.162 -4.375 -30.844 19.357 -5.683 -25.967 8.872 -7.380 -29.521
3 16 19.162 -4.375 -30.844 8.872 -7.380 -29.521 9.479 -5.205 -34.602
3 16 0.000 -8.075 -30.412 9.479 -5.205 -34.602 8.872 -7.380 -29.521
3 16 0.000 -8.075 -30.412 0.000 -5.438 -35.901 9.479 -5.205 -34.602
3 16 0.000 -5.438 -35.901 10.409 -3.122 -42.592 9.479 -5.205 -34.602
3 16 0.000 -5.438 -35.901 0.000 -3.194 -43.971 10.409 -3.122 -42.592
3 16 9.479 -5.205 -34.602 20.368 -2.991 -37.723 19.162 -4.375 -30.844
3 16 9.479 -5.205 -34.602 10.409 -3.122 -42.592 20.368 -2.991 -37.723
3 16 19.162 -4.375 -30.844 26.470 -3.005 -31.627 28.790 -2.963 -24.753
3 16 19.162 -4.375 -30.844 20.368 -2.991 -37.723 26.470 -3.005 -31.627
3 16 28.790 -2.963 -24.753 30.241 0.000 -16.844 29.884 -2.828 -16.480
3 16 28.790 -2.963 -24.753 28.912 0.000 -24.960 30.241 0.000 -16.844
3 16 28.790 -2.963 -24.753 26.226 0.000 -31.251 28.912 0.000 -24.960
3 16 28.790 -2.963 -24.753 26.470 -3.005 -31.627 26.226 0.000 -31.251
3 16 26.470 -3.005 -31.627 20.368 -2.991 -37.723 20.133 0.000 -37.703
3 16 20.133 0.000 -37.703 26.226 0.000 -31.251 26.470 -3.005 -31.627
3 16 10.409 -3.122 -42.592 20.133 0.000 -37.703 20.368 -2.991 -37.723
3 16 10.409 -3.122 -42.592 10.400 0.000 -42.218 20.133 0.000 -37.703
3 16 10.400 0.000 -42.218 10.409 -3.122 -42.592 0.000 -3.194 -43.971
3 16 0.000 -3.194 -43.971 0.000 0.000 -43.586 10.400 0.000 -42.218
3 16 0.000 -8.371 30.718 0.000 -16.381 26.985 10.861 -15.774 26.353
3 16 10.861 -15.774 26.353 10.511 -8.208 29.081 0.000 -8.371 30.718
3 16 10.861 -15.774 26.353 19.190 -7.580 25.676 10.511 -8.208 29.081
3 16 10.861 -15.774 26.353 20.329 -14.938 22.165 19.190 -7.580 25.676
3 16 26.310 -7.026 21.034 19.190 -7.580 25.676 20.329 -14.938 22.165
3 16 26.310 -7.026 21.034 20.329 -14.938 22.165 26.536 -13.614 17.960
3 16 19.190 -7.580 25.676 26.310 -7.026 21.034 25.016 0.000 19.342
3 16 25.016 0.000 19.342 17.763 0.000 23.906 19.190 -7.580 25.676
3 16 10.511 -8.208 29.081 19.190 -7.580 25.676 17.763 0.000 23.906
3 16 17.763 0.000 23.906 10.344 0.000 26.594 10.511 -8.208 29.081
3 16 0.000 -8.371 30.718 10.511 -8.208 29.081 10.344 0.000 26.594
3 16 10.344 0.000 26.594 0.000 0.000 27.747 0.000 -8.371 30.718
3 16 26.310 -7.026 21.034 26.536 -13.614 17.960 30.343 -12.414 14.117
3 16 30.343 -12.414 14.117 31.523 -6.533 15.376 26.310 -7.026 21.034
3 16 26.310 -7.026 21.034 31.523 -6.533 15.376 29.704 0.000 14.409
3 16 29.704 0.000 14.409 25.016 0.000 19.342 26.310 -7.026 21.034
3 16 10.543 -17.196 19.380 10.861 -15.774 26.353 0.000 -16.381 26.985
3 16 0.000 -16.381 26.985 0.000 -17.474 20.814 10.543 -17.196 19.380
3 16 20.329 -14.938 22.165 10.861 -15.774 26.353 10.543 -17.196 19.380
3 16 20.329 -14.938 22.165 10.543 -17.196 19.380 24.104 -15.267 14.223
3 16 26.536 -13.614 17.960 20.329 -14.938 22.165 24.104 -15.267 14.223
3 16 24.104 -15.267 14.223 30.343 -12.414 14.117 26.536 -13.614 17.960
3 16 24.104 -15.267 14.223 33.190 -12.114 9.091 30.343 -12.414 14.117
3 16 10.543 -17.196 19.380 0.000 -17.474 20.814 0.000 -17.746 14.114
3 16 10.543 -17.196 19.380 0.000 -17.746 14.114 9.770 -17.556 13.278
3 16 24.104 -15.267 14.223 10.543 -17.196 19.380 9.770 -17.556 13.278
3 16 0.000 -17.746 14.114 0.000 -20.605 6.718 9.304 -20.426 6.033
3 16 9.304 -20.426 6.033 9.770 -17.556 13.278 0.000 -17.746 14.114
3 16 9.304 -20.426 6.033 24.423 -15.702 7.798 9.770 -17.556 13.278
3 16 24.104 -15.267 14.223 9.770 -17.556 13.278 24.423 -15.702 7.798
3 16 24.423 -15.702 7.798 33.190 -12.114 9.091 24.104 -15.267 14.223
3 16 9.304 -20.426 6.033 23.874 -18.286 0.471 24.423 -15.702 7.798
3 16 0.000 -20.605 6.718 0.000 -25.277 -1.340 8.843 -25.295 -1.944
3 16 8.843 -25.295 -1.944 9.304 -20.426 6.033 0.000 -20.605 6.718
3 16 23.874 -18.286 0.471 9.304 -20.426 6.033 8.843 -25.295 -1.944
3 16 23.874 -18.286 0.471 8.843 -25.295 -1.944 21.709 -22.332 -6.996
3 16 8.843 -25.295 -1.944 0.000 -25.277 -1.340 0.000 -30.097 -16.193
3 16 0.000 -30.097 -16.193 8.813 -29.062 -15.817 8.843 -25.295 -1.944
3 16 8.843 -25.295 -1.944 16.498 -26.371 -13.976 21.709 -22.332 -6.996
3 16 8.843 -25.295 -1.944 8.813 -29.062 -15.817 16.498 -26.371 -13.976
3 16 8.813 -29.062 -15.817 0.000 -30.097 -16.193 0.000 -29.907 -26.042
3 16 0.000 -29.907 -26.042 9.140 -28.545 -24.913 8.813 -29.062 -15.817
3 16 16.498 -26.371 -13.976 8.813 -29.062 -15.817 9.140 -28.545 -24.913
3 16 9.140 -28.545 -24.913 19.844 -24.840 -20.589 16.498 -26.371 -13.976
3 16 16.498 -26.371 -13.976 19.844 -24.840 -20.589 29.751 -19.089 -12.213
3 16 29.751 -19.089 -12.213 21.709 -22.332 -6.996 16.498 -26.371 -13.976
3 16 21.709 -22.332 -6.996 33.454 -15.334 -5.350 23.874 -18.286 0.471
3 16 21.709 -22.332 -6.996 29.751 -19.089 -12.213 33.454 -15.334 -5.350
3 16 23.874 -18.286 0.471 35.319 -12.448 2.533 24.423 -15.702 7.798
3 16 23.874 -18.286 0.471 33.454 -15.334 -5.350 35.319 -12.448 2.533
3 16 24.423 -15.702 7.798 35.319 -12.448 2.533 33.190 -12.114 9.091
3 16 29.325 0.000 -9.420 31.378 0.000 0.679 34.366 0.000 1.017
3 16 34.366 0.000 1.017 32.618 0.000 -9.743 29.325 0.000 -9.420
3 16 31.378 0.000 0.679 30.065 0.000 7.399 32.853 0.000 8.283
3 16 32.853 0.000 8.283 34.366 0.000 1.017 31.378 0.000 0.679
3 16 32.853 0.000 8.283 30.065 0.000 7.399 27.388 0.000 12.733
3 16 27.388 0.000 12.733 29.704 0.000 14.409 32.853 0.000 8.283
3 16 29.704 0.000 14.409 27.388 0.000 12.733 23.231 0.000 17.426
3 16 23.231 0.000 17.426 25.016 0.000 19.342 29.704 0.000 14.409
3 16 18.588 0.000 20.588 16.641 0.000 21.625 17.763 0.000 23.906
3 16 21.000 0.000 19.000 17.763 0.000 23.906 25.016 0.000 19.342
3 16 25.016 0.000 19.342 23.231 0.000 17.426 21.000 0.000 19.000
3 16 21.000 0.000 19.000 18.588 0.000 20.588 17.763 0.000 23.906
3 16 16.641 0.000 21.625 9.942 0.000 23.968 10.344 0.000 26.594
3 16 10.344 0.000 26.594 17.763 0.000 23.906 16.641 0.000 21.625
3 16 9.942 0.000 23.968 0.000 0.000 25.112 0.000 0.000 27.747
3 16 0.000 0.000 27.747 10.344 0.000 26.594 9.942 0.000 23.968
3 16 29.325 0.000 -9.420 32.618 0.000 -9.743 30.241 0.000 -16.844
3 16 30.241 0.000 -16.844 27.273 0.000 -13.049 29.325 0.000 -9.420
3 16 26.153 0.000 -23.557 25.473 0.000 -19.176 30.241 0.000 -16.844
3 16 30.241 0.000 -16.844 28.912 0.000 -24.960 26.153 0.000 -23.557
3 16 26.153 0.000 -23.557 28.912 0.000 -24.960 26.226 0.000 -31.251
3 16 26.226 0.000 -31.251 24.539 0.000 -29.368 26.153 0.000 -23.557
3 16 26.226 0.000 -31.251 20.133 0.000 -37.703 17.615 0.000 -35.795
3 16 17.615 0.000 -35.795 24.539 0.000 -29.368 26.226 0.000 -31.251
3 16 20.133 0.000 -37.703 10.400 0.000 -42.218 9.797 0.000 -39.423
3 16 9.797 0.000 -39.423 17.615 0.000 -35.795 20.133 0.000 -37.703
3 16 9.797 0.000 -39.423 10.400 0.000 -42.218 0.000 0.000 -43.586
3 16 0.000 0.000 -43.586 0.000 0.000 -40.164 9.797 0.000 -39.423
3 16 25.473 0.000 -19.176 24.678 0.000 -16.423 27.273 0.000 -13.049
3 16 27.273 0.000 -13.049 30.241 0.000 -16.844 25.473 0.000 -19.176
3 16 2.835 -5.184 -26.574 13.815 -4.397 -23.949 17.615 0.000 -35.795
3 16 17.615 0.000 -35.795 9.797 0.000 -39.423 2.835 -5.184 -26.574
3 16 2.835 -5.184 -26.574 9.797 0.000 -39.423 0.000 0.000 -40.164
3 16 2.835 -5.184 -26.574 0.000 0.000 -40.164 0.000 -5.096 -26.695
3 16 13.815 -4.397 -23.949 24.539 0.000 -29.368 17.615 0.000 -35.795
3 16 21.200 -3.000 -19.200 25.473 0.000 -19.176 26.153 0.000 -23.557
3 16 13.815 -4.397 -23.949 18.988 -3.400 -20.988 24.539 0.000 -29.368
3 16 24.539 0.000 -29.368 18.988 -3.400 -20.988 21.200 -3.000 -19.200
3 16 21.200 -3.000 -19.200 26.153 0.000 -23.557 24.539 0.000 -29.368
3 16 21.200 -3.000 -19.200 24.678 0.000 -16.423 25.473 0.000 -19.176
3 16 29.308 -12.000 -8.801 31.378 0.000 0.679 29.325 0.000 -9.420
3 16 29.308 -12.000 -8.801 30.955 -12.000 0.971 31.378 0.000 0.679
3 16 30.955 -12.000 0.971 30.065 0.000 7.399 31.378 0.000 0.679
3 16 30.955 -12.000 0.971 29.945 -12.000 7.563 30.065 0.000 7.399
3 16 29.945 -12.000 7.563 27.388 0.000 12.733 30.065 0.000 7.399
3 16 29.945 -12.000 7.563 27.060 -12.000 12.698 27.388 0.000 12.733
3 16 27.060 -12.000 12.698 23.231 0.000 17.426 27.388 0.000 12.733
3 16 27.060 -12.000 12.698 22.771 -12.000 17.041 23.231 0.000 17.426
3 16 27.600 -12.000 -12.499 29.308 -12.000 -8.801 29.325 0.000 -9.420
3 16 27.600 -12.000 -12.499 29.325 0.000 -9.420 27.273 0.000 -13.049
3 16 25.238 -12.000 -15.728 27.600 -12.000 -12.499 27.273 0.000 -13.049
3 16 25.238 -12.000 -15.728 27.273 0.000 -13.049 24.678 0.000 -16.423
3 16 16.361 -14.000 21.223 9.942 0.000 23.968 16.641 0.000 21.625
3 16 16.361 -14.000 21.223 9.600 -14.000 23.108 9.942 0.000 23.968
3 16 9.942 0.000 23.968 9.600 -14.000 23.108 0.000 -14.000 24.175
3 16 0.000 -14.000 24.175 0.000 0.000 25.112 9.942 0.000 23.968
3 16 2.878 -14.000 -26.122 13.815 -4.397 -23.949 2.835 -5.184 -26.574
3 16 2.878 -14.000 -26.122 14.050 -14.000 -23.218 13.815 -4.397 -23.949
3 16 0.000 -14.000 -26.308 2.878 -14.000 -26.122 2.835 -5.184 -26.574
3 16 0.000 -14.000 -26.308 2.835 -5.184 -26.574 0.000 -5.096 -26.695
3 16 27.600 -12.000 -12.499 20.000 -12.000 18.000 30.955 -12.000 0.971
3 16 30.955 -12.000 0.971 29.308 -12.000 -8.801 27.600 -12.000 -12.499
3 16 30.955 -12.000 0.971 20.000 -12.000 18.000 27.060 -12.000 12.698
3 16 27.060 -12.000 12.698 29.945 -12.000 7.563 30.955 -12.000 0.971
3 16 25.238 -12.000 -15.728 21.200 -12.000 -19.200 20.000 -12.000 18.000
3 16 20.000 -12.000 18.000 27.600 -12.000 -12.499 25.238 -12.000 -15.728
3 16 27.060 -12.000 12.698 20.000 -12.000 18.000 20.700 -12.000 18.700
3 16 20.700 -12.000 18.700 22.771 -12.000 17.041 27.060 -12.000 12.698
3 16 10.000 0.000 20.000 16.000 0.000 16.000 8.600 0.000 16.000
3 16 16.000 0.000 16.000 20.000 0.000 18.000 20.000 0.000 -20.000
3 16 20.000 0.000 -20.000 16.000 0.000 -16.000 16.000 0.000 16.000
3 16 20.000 0.000 -20.000 11.600 0.000 -20.000 8.600 0.000 -16.000
3 16 8.600 0.000 -16.000 16.000 0.000 -16.000 20.000 0.000 -20.000
3 16 8.600 0.000 16.000 16.000 0.000 16.000 16.000 -14.000 16.000
3 16 16.000 -14.000 16.000 8.600 -4.000 16.000 8.600 0.000 16.000
3 16 16.000 0.000 -16.000 8.600 0.000 -16.000 8.600 -4.000 -16.000
3 16 8.600 -4.000 -16.000 16.000 -14.000 -16.000 16.000 0.000 -16.000
3 16 21.200 -12.000 -19.200 20.000 -12.000 -18.000 20.000 -12.000 18.000
3 16 21.200 -3.000 -19.200 21.200 -12.000 -19.200 25.238 -12.000 -15.728
3 16 25.238 -12.000 -15.728 24.678 0.000 -16.423 21.200 -3.000 -19.200
3 16 18.988 -14.000 -20.988 18.988 -3.400 -20.988 13.815 -4.397 -23.949
3 16 18.988 -14.000 -20.988 13.815 -4.397 -23.949 14.050 -14.000 -23.218
3 16 18.000 -3.400 -20.000 20.000 -3.000 -18.000 21.200 -3.000 -19.200
3 16 21.200 -3.000 -19.200 18.988 -3.400 -20.988 18.000 -3.400 -20.000
3 16 20.000 0.000 -20.000 20.000 -3.200 -20.000 18.000 -3.400 -20.000
3 16 18.000 -3.400 -20.000 11.600 0.000 -20.000 20.000 0.000 -20.000
3 16 11.600 0.000 -20.000 18.000 -3.400 -20.000 18.000 -14.000 -20.000
3 16 18.000 -14.000 -20.000 11.600 -4.000 -20.000 11.600 0.000 -20.000
3 16 14.050 -14.000 -23.218 18.000 -14.000 -20.000 18.988 -14.000 -20.988
3 16 18.000 -14.000 -20.000 14.050 -14.000 -23.218 2.878 -14.000 -26.122
3 16 2.878 -14.000 -26.122 0.000 -14.000 -26.308 18.000 -14.000 -20.000
3 16 20.000 0.000 18.000 21.000 0.000 19.000 20.700 -12.000 18.700
3 16 20.700 -12.000 18.700 20.000 -12.000 18.000 20.000 0.000 18.000
3 16 18.000 -14.000 20.000 18.388 -14.000 20.388 18.588 0.000 20.588
3 16 18.588 0.000 20.588 18.000 0.000 20.000 18.000 -14.000 20.000
3 16 18.000 0.000 20.000 18.588 0.000 20.588 21.000 0.000 19.000
3 16 21.000 0.000 19.000 20.000 0.000 18.000 18.000 0.000 20.000
3 16 18.588 0.000 20.588 18.388 -14.000 20.388 16.641 0.000 21.625
3 16 16.641 0.000 21.625 18.388 -14.000 20.388 16.361 -14.000 21.223
3 16 21.000 0.000 19.000 23.231 0.000 17.426 20.700 -12.000 18.700
3 16 20.700 -12.000 18.700 23.231 0.000 17.426 22.771 -12.000 17.041
3 16 18.000 0.000 20.000 20.000 0.000 18.000 16.000 0.000 16.000
3 16 16.000 0.000 16.000 10.000 0.000 20.000 18.000 0.000 20.000
3 16 18.000 -14.000 20.000 18.000 0.000 20.000 10.000 0.000 20.000
3 16 10.000 0.000 20.000 10.000 -4.000 20.000 18.000 -14.000 20.000
3 16 9.600 -14.000 23.108 16.361 -14.000 21.223 18.000 -14.000 20.000
3 16 18.000 -14.000 20.000 0.000 -14.000 24.175 9.600 -14.000 23.108
3 16 18.000 -14.000 20.000 16.361 -14.000 21.223 18.388 -14.000 20.388
2 24 19.357 -5.683 -25.967 29.884 -2.828 -16.480
2 24 8.872 -7.380 -29.521 19.357 -5.683 -25.967
2 24 0.000 -8.075 -30.412 8.872 -7.380 -29.521
2 24 19.844 -24.840 -20.589 9.140 -28.545 -24.913
2 24 9.140 -28.545 -24.913 0.000 -29.907 -26.042
2 24 29.751 -19.089 -12.213 19.844 -24.840 -20.589
2 24 32.618 0.000 -9.743 34.366 0.000 1.017
2 24 35.319 -12.448 2.533 33.454 -15.334 -5.350
2 24 33.454 -15.334 -5.350 29.751 -19.089 -12.213
2 24 33.190 -12.114 9.091 35.319 -12.448 2.533
2 24 30.343 -12.414 14.117 33.190 -12.114 9.091
2 24 34.366 0.000 1.017 32.853 0.000 8.283
2 24 32.853 0.000 8.283 29.704 0.000 14.409
2 24 29.884 -2.828 -16.480 30.241 0.000 -16.844
2 24 30.241 0.000 -16.844 32.618 0.000 -9.743
2 24 28.790 -2.963 -24.753 29.884 -2.828 -16.480
2 24 0.000 -3.194 -43.971 10.409 -3.122 -42.592
2 24 10.409 -3.122 -42.592 20.368 -2.991 -37.723
2 24 26.470 -3.005 -31.627 28.790 -2.963 -24.753
2 24 20.368 -2.991 -37.723 26.470 -3.005 -31.627
2 24 28.912 0.000 -24.960 30.241 0.000 -16.844
2 24 26.226 0.000 -31.251 28.912 0.000 -24.960
2 24 20.133 0.000 -37.703 26.226 0.000 -31.251
2 24 10.400 0.000 -42.218 20.133 0.000 -37.703
2 24 0.000 0.000 -43.586 10.400 0.000 -42.218
2 24 0.000 -16.381 26.985 10.861 -15.774 26.353
2 24 10.861 -15.774 26.353 20.329 -14.938 22.165
2 24 20.329 -14.938 22.165 26.536 -13.614 17.960
2 24 25.016 0.000 19.342 17.763 0.000 23.906
2 24 17.763 0.000 23.906 10.344 0.000 26.594
2 24 10.344 0.000 26.594 0.000 0.000 27.747
2 24 26.536 -13.614 17.960 30.343 -12.414 14.117
2 24 29.704 0.000 14.409 25.016 0.000 19.342
2 24 29.325 0.000 -9.420 31.378 0.000 0.679
2 24 31.378 0.000 0.679 30.065 0.000 7.399
2 24 30.065 0.000 7.399 27.388 0.000 12.733
2 24 27.388 0.000 12.733 23.231 0.000 17.426
2 24 18.588 0.000 20.588 16.641 0.000 21.625
2 24 23.231 0.000 17.426 21.000 0.000 19.000
2 24 16.641 0.000 21.625 9.942 0.000 23.968
2 24 9.942 0.000 23.968 0.000 0.000 25.112
2 24 27.273 0.000 -13.049 29.325 0.000 -9.420
2 24 24.539 0.000 -29.368 26.153 0.000 -23.557
2 24 17.615 0.000 -35.795 24.539 0.000 -29.368
2 24 9.797 0.000 -39.423 17.615 0.000 -35.795
2 24 0.000 0.000 -40.164 9.797 0.000 -39.423
2 24 25.473 0.000 -19.176 24.678 0.000 -16.423
2 24 24.678 0.000 -16.423 27.273 0.000 -13.049
2 24 2.835 -5.184 -26.574 13.815 -4.397 -23.949
2 24 0.000 -5.096 -26.695 2.835 -5.184 -26.574
2 24 13.815 -4.397 -23.949 18.988 -3.400 -20.988
2 24 21.200 -3.000 -19.200 24.678 0.000 -16.423
2 24 29.308 -12.000 -8.801 30.955 -12.000 0.971
2 24 30.955 -12.000 0.971 29.945 -12.000 7.563
2 24 29.945 -12.000 7.563 27.060 -12.000 12.698
2 24 27.060 -12.000 12.698 22.771 -12.000 17.041
2 24 27.600 -12.000 -12.499 29.308 -12.000 -8.801
2 24 25.238 -12.000 -15.728 27.600 -12.000 -12.499
2 24 21.200 -12.000 -19.200 25.238 -12.000 -15.728
2 24 16.361 -14.000 21.223 9.600 -14.000 23.108
2 24 9.600 -14.000 23.108 0.000 -14.000 24.175
2 24 2.878 -14.000 -26.122 14.050 -14.000 -23.218
2 24 0.000 -14.000 -26.308 2.878 -14.000 -26.122
2 24 16.000 0.000 16.000 8.600 0.000 16.000
2 24 20.000 0.000 -20.000 11.600 0.000 -20.000
2 24 8.600 0.000 -16.000 16.000 0.000 -16.000
2 24 25.473 0.000 -19.176 26.153 0.000 -23.557
2 24 20.000 -12.000 18.000 20.000 -12.000 -18.000
2 24 18.988 -14.000 -20.988 14.050 -14.000 -23.218
2 24 20.000 -3.200 -20.000 18.000 -3.400 -20.000
2 24 20.000 -3.200 -20.000 20.000 -3.000 -18.000
2 24 20.700 -12.000 18.700 21.000 0.000 19.000
2 24 20.000 0.000 18.000 21.000 0.000 19.000
2 24 20.000 -12.000 18.000 20.700 -12.000 18.700
2 24 18.000 -14.000 20.000 18.000 0.000 20.000
2 24 18.388 -14.000 20.388 18.588 0.000 20.588
2 24 18.000 0.000 20.000 18.588 0.000 20.588
2 24 18.000 -14.000 20.000 18.388 -14.000 20.388
2 24 16.361 -14.000 21.223 18.388 -14.000 20.388
2 24 20.700 -12.000 18.700 22.771 -12.000 17.041
2 24 10.000 0.000 20.000 18.000 0.000 20.000
1 16 20.0000 -6.0000 -1.0000 0.0000 -1.0000 0.0000 0.0000 0.0000 6.0000 -19.0000 0.0000 0.0000 rect3.dat
1 16 10.1000 -2.0000 -18.0000 1.5000 1.0000 0.0000 0.0000 0.0000 -2.0000 -2.0000 0.0000 0.0000 rect.dat
1 16 9.3000 -2.0000 18.0000 0.7003 0.9962 0.0000 0.0000 0.0000 2.0000 2.0010 0.0009 0.0000 rect.dat
1 16 16.0000 -7.0000 0.0000 0.0000 1.0000 0.0000 0.0000 0.0000 7.0000 16.0000 0.0000 0.0000 rect.dat
1 16 20.6000 -7.5000 -18.6000 -0.6010 -1.0041 0.0000 0.0000 0.0000 -4.5000 0.6010 0.0000 0.0000 rect.dat
1 16 18.4940 -8.7000 -20.4940 0.0000 1.0000 0.4900 5.3000 0.0000 0.0000 0.0000 0.0000 -0.4900 rect.dat
3 16 -31.330 -11.249 -15.017 -29.884 -2.828 -16.480 -19.357 -5.683 -25.967
3 16 -19.357 -5.683 -25.967 -21.209 -14.942 -24.260 -31.330 -11.249 -15.017
3 16 -31.330 -11.249 -15.017 -21.209 -14.942 -24.260 -29.751 -19.089 -12.213
3 16 -21.209 -14.942 -24.260 -19.844 -24.840 -20.589 -29.751 -19.089 -12.213
3 16 -31.330 -11.249 -15.017 -34.947 -8.737 -7.966 -29.884 -2.828 -16.480
3 16 -32.618 0.000 -9.743 -30.241 0.000 -16.844 -29.884 -2.828 -16.480
3 16 -36.754 -7.236 0.698 -34.366 0.000 1.017 -32.618 0.000 -9.743
3 16 -32.618 0.000 -9.743 -34.947 -8.737 -7.966 -36.754 -7.236 0.698
3 16 -36.754 -7.236 0.698 -34.947 -8.737 -7.966 -33.454 -15.334 -5.350
3 16 -34.947 -8.737 -7.966 -31.330 -11.249 -15.017 -33.454 -15.334 -5.350
3 16 -35.319 -12.448 2.533 -36.754 -7.236 0.698 -33.454 -15.334 -5.350
3 16 -31.330 -11.249 -15.017 -29.751 -19.089 -12.213 -33.454 -15.334 -5.350
3 16 -36.754 -7.236 0.698 -35.319 -12.448 2.533 -34.875 -6.705 8.644
3 16 -32.853 0.000 8.283 -34.366 0.000 1.017 -36.754 -7.236 0.698
3 16 -36.754 -7.236 0.698 -34.875 -6.705 8.644 -32.853 0.000 8.283
3 16 -35.319 -12.448 2.533 -33.190 -12.114 9.091 -34.875 -6.705 8.644
3 16 -34.875 -6.705 8.644 -33.190 -12.114 9.091 -31.523 -6.533 15.376
3 16 -33.190 -12.114 9.091 -30.343 -12.414 14.117 -31.523 -6.533 15.376
3 16 -32.853 0.000 8.283 -34.875 -6.705 8.644 -31.523 -6.533 15.376
3 16 -29.704 0.000 14.409 -32.853 0.000 8.283 -31.523 -6.533 15.376
3 16 -29.884 -2.828 -16.480 -34.947 -8.737 -7.966 -32.618 0.000 -9.743
3 16 -19.162 -4.375 -30.844 -19.357 -5.683 -25.967 -28.790 -2.963 -24.753
3 16 -19.357 -5.683 -25.967 -29.884 -2.828 -16.480 -28.790 -2.963 -24.753
3 16 -8.872 -7.380 -29.521 -19.357 -5.683 -25.967 -19.162 -4.375 -30.844
3 16 -9.479 -5.205 -34.602 -8.872 -7.380 -29.521 -19.162 -4.375 -30.844
3 16 -8.872 -7.380 -29.521 -9.479 -5.205 -34.602 0.000 -8.075 -30.412
3 16 -9.479 -5.205 -34.602 0.000 -5.438 -35.901 0.000 -8.075 -30.412
3 16 -9.479 -5.205 -34.602 -10.409 -3.122 -42.592 0.000 -5.438 -35.901
3 16 -10.409 -3.122 -42.592 0.000 -3.194 -43.971 0.000 -5.438 -35.901
3 16 -19.162 -4.375 -30.844 -20.368 -2.991 -37.723 -9.479 -5.205 -34.602
3 16 -20.368 -2.991 -37.723 -10.409 -3.122 -42.592 -9.479 -5.205 -34.602
3 16 -28.790 -2.963 -24.753 -26.470 -3.005 -31.627 -19.162 -4.375 -30.844
3 16 -26.470 -3.005 -31.627 -20.368 -2.991 -37.723 -19.162 -4.375 -30.844
3 16 -29.884 -2.828 -16.480 -30.241 0.000 -16.844 -28.790 -2.963 -24.753
3 16 -30.241 0.000 -16.844 -28.912 0.000 -24.960 -28.790 -2.963 -24.753
3 16 -28.912 0.000 -24.960 -26.226 0.000 -31.251 -28.790 -2.963 -24.753
3 16 -26.226 0.000 -31.251 -26.470 -3.005 -31.627 -28.790 -2.963 -24.753
3 16 -20.133 0.000 -37.703 -20.368 -2.991 -37.723 -26.470 -3.005 -31.627
3 16 -26.470 -3.005 -31.627 -26.226 0.000 -31.251 -20.133 0.000 -37.703
3 16 -20.368 -2.991 -37.723 -20.133 0.000 -37.703 -10.409 -3.122 -42.592
3 16 -20.133 0.000 -37.703 -10.400 0.000 -42.218 -10.409 -3.122 -42.592
3 16 0.000 -3.194 -43.971 -10.409 -3.122 -42.592 -10.400 0.000 -42.218
3 16 -10.400 0.000 -42.218 0.000 0.000 -43.586 0.000 -3.194 -43.971
3 16 -10.861 -15.774 26.353 0.000 -16.381 26.985 0.000 -8.371 30.718
3 16 0.000 -8.371 30.718 -10.511 -8.208 29.081 -10.861 -15.774 26.353
3 16 -10.511 -8.208 29.081 -19.190 -7.580 25.676 -10.861 -15.774 26.353
3 16 -19.190 -7.580 25.676 -20.329 -14.938 22.165 -10.861 -15.774 26.353
3 16 -20.329 -14.938 22.165 -19.190 -7.580 25.676 -26.310 -7.026 21.034
3 16 -26.536 -13.614 17.960 -20.329 -14.938 22.165 -26.310 -7.026 21.034
3 16 -25.016 0.000 19.342 -26.310 -7.026 21.034 -19.190 -7.580 25.676
3 16 -19.190 -7.580 25.676 -17.763 0.000 23.906 -25.016 0.000 19.342
3 16 -17.763 0.000 23.906 -19.190 -7.580 25.676 -10.511 -8.208 29.081
3 16 -10.511 -8.208 29.081 -10.344 0.000 26.594 -17.763 0.000 23.906
3 16 -10.344 0.000 26.594 -10.511 -8.208 29.081 0.000 -8.371 30.718
3 16 0.000 -8.371 30.718 0.000 0.000 27.747 -10.344 0.000 26.594
3 16 -30.343 -12.414 14.117 -26.536 -13.614 17.960 -26.310 -7.026 21.034
3 16 -26.310 -7.026 21.034 -31.523 -6.533 15.376 -30.343 -12.414 14.117
3 16 -29.704 0.000 14.409 -31.523 -6.533 15.376 -26.310 -7.026 21.034
3 16 -26.310 -7.026 21.034 -25.016 0.000 19.342 -29.704 0.000 14.409
3 16 0.000 -16.381 26.985 -10.861 -15.774 26.353 -10.543 -17.196 19.380
3 16 -10.543 -17.196 19.380 0.000 -17.474 20.814 0.000 -16.381 26.985
3 16 -10.543 -17.196 19.380 -10.861 -15.774 26.353 -20.329 -14.938 22.165
3 16 -24.104 -15.267 14.223 -10.543 -17.196 19.380 -20.329 -14.938 22.165
3 16 -24.104 -15.267 14.223 -20.329 -14.938 22.165 -26.536 -13.614 17.960
3 16 -26.536 -13.614 17.960 -30.343 -12.414 14.117 -24.104 -15.267 14.223
3 16 -30.343 -12.414 14.117 -33.190 -12.114 9.091 -24.104 -15.267 14.223
3 16 0.000 -17.746 14.114 0.000 -17.474 20.814 -10.543 -17.196 19.380
3 16 -9.770 -17.556 13.278 0.000 -17.746 14.114 -10.543 -17.196 19.380
3 16 -9.770 -17.556 13.278 -10.543 -17.196 19.380 -24.104 -15.267 14.223
3 16 -9.304 -20.426 6.033 0.000 -20.605 6.718 0.000 -17.746 14.114
3 16 0.000 -17.746 14.114 -9.770 -17.556 13.278 -9.304 -20.426 6.033
3 16 -9.770 -17.556 13.278 -24.423 -15.702 7.798 -9.304 -20.426 6.033
3 16 -24.423 -15.702 7.798 -9.770 -17.556 13.278 -24.104 -15.267 14.223
3 16 -24.104 -15.267 14.223 -33.190 -12.114 9.091 -24.423 -15.702 7.798
3 16 -24.423 -15.702 7.798 -23.874 -18.286 0.471 -9.304 -20.426 6.033
3 16 -8.843 -25.295 -1.944 0.000 -25.277 -1.340 0.000 -20.605 6.718
3 16 0.000 -20.605 6.718 -9.304 -20.426 6.033 -8.843 -25.295 -1.944
3 16 -8.843 -25.295 -1.944 -9.304 -20.426 6.033 -23.874 -18.286 0.471
3 16 -21.709 -22.332 -6.996 -8.843 -25.295 -1.944 -23.874 -18.286 0.471
3 16 0.000 -30.097 -16.193 0.000 -25.277 -1.340 -8.843 -25.295 -1.944
3 16 -8.843 -25.295 -1.944 -8.813 -29.062 -15.817 0.000 -30.097 -16.193
3 16 -21.709 -22.332 -6.996 -16.498 -26.371 -13.976 -8.843 -25.295 -1.944
3 16 -16.498 -26.371 -13.976 -8.813 -29.062 -15.817 -8.843 -25.295 -1.944
3 16 0.000 -29.907 -26.042 0.000 -30.097 -16.193 -8.813 -29.062 -15.817
3 16 -8.813 -29.062 -15.817 -9.140 -28.545 -24.913 0.000 -29.907 -26.042
3 16 -9.140 -28.545 -24.913 -8.813 -29.062 -15.817 -16.498 -26.371 -13.976
3 16 -16.498 -26.371 -13.976 -19.844 -24.840 -20.589 -9.140 -28.545 -24.913
3 16 -29.751 -19.089 -12.213 -19.844 -24.840 -20.589 -16.498 -26.371 -13.976
3 16 -16.498 -26.371 -13.976 -21.709 -22.332 -6.996 -29.751 -19.089 -12.213
3 16 -23.874 -18.286 0.471 -33.454 -15.334 -5.350 -21.709 -22.332 -6.996
3 16 -33.454 -15.334 -5.350 -29.751 -19.089 -12.213 -21.709 -22.332 -6.996
3 16 -24.423 -15.702 7.798 -35.319 -12.448 2.533 -23.874 -18.286 0.471
3 16 -35.319 -12.448 2.533 -33.454 -15.334 -5.350 -23.874 -18.286 0.471
3 16 -33.190 -12.114 9.091 -35.319 -12.448 2.533 -24.423 -15.702 7.798
3 16 -34.366 0.000 1.017 -31.378 0.000 0.679 -29.325 0.000 -9.420
3 16 -29.325 0.000 -9.420 -32.618 0.000 -9.743 -34.366 0.000 1.017
3 16 -32.853 0.000 8.283 -30.065 0.000 7.399 -31.378 0.000 0.679
3 16 -31.378 0.000 0.679 -34.366 0.000 1.017 -32.853 0.000 8.283
3 16 -27.388 0.000 12.733 -30.065 0.000 7.399 -32.853 0.000 8.283
3 16 -32.853 0.000 8.283 -29.704 0.000 14.409 -27.388 0.000 12.733
3 16 -23.231 0.000 17.426 -27.388 0.000 12.733 -29.704 0.000 14.409
3 16 -29.704 0.000 14.409 -25.016 0.000 19.342 -23.231 0.000 17.426
3 16 -17.763 0.000 23.906 -16.641 0.000 21.625 -18.588 0.000 20.588
3 16 -25.016 0.000 19.342 -17.763 0.000 23.906 -21.000 0.000 19.000
3 16 -21.000 0.000 19.000 -23.231 0.000 17.426 -25.016 0.000 19.342
3 16 -17.763 0.000 23.906 -18.588 0.000 20.588 -21.000 0.000 19.000
3 16 -10.344 0.000 26.594 -9.942 0.000 23.968 -16.641 0.000 21.625
3 16 -16.641 0.000 21.625 -17.763 0.000 23.906 -10.344 0.000 26.594
3 16 0.000 0.000 27.747 0.000 0.000 25.112 -9.942 0.000 23.968
3 16 -9.942 0.000 23.968 -10.344 0.000 26.594 0.000 0.000 27.747
3 16 -30.241 0.000 -16.844 -32.618 0.000 -9.743 -29.325 0.000 -9.420
3 16 -29.325 0.000 -9.420 -27.273 0.000 -13.049 -30.241 0.000 -16.844
3 16 -30.241 0.000 -16.844 -25.473 0.000 -19.176 -26.153 0.000 -23.557
3 16 -26.153 0.000 -23.557 -28.912 0.000 -24.960 -30.241 0.000 -16.844
3 16 -26.226 0.000 -31.251 -28.912 0.000 -24.960 -26.153 0.000 -23.557
3 16 -26.153 0.000 -23.557 -24.539 0.000 -29.368 -26.226 0.000 -31.251
3 16 -17.615 0.000 -35.795 -20.133 0.000 -37.703 -26.226 0.000 -31.251
3 16 -26.226 0.000 -31.251 -24.539 0.000 -29.368 -17.615 0.000 -35.795
3 16 -9.797 0.000 -39.423 -10.400 0.000 -42.218 -20.133 0.000 -37.703
3 16 -20.133 0.000 -37.703 -17.615 0.000 -35.795 -9.797 0.000 -39.423
3 16 0.000 0.000 -43.586 -10.400 0.000 -42.218 -9.797 0.000 -39.423
3 16 -9.797 0.000 -39.423 0.000 0.000 -40.164 0.000 0.000 -43.586
3 16 -27.273 0.000 -13.049 -24.678 0.000 -16.423 -25.473 0.000 -19.176
3 16 -25.473 0.000 -19.176 -30.241 0.000 -16.844 -27.273 0.000 -13.049
3 16 -17.615 0.000 -35.795 -13.815 -4.397 -23.949 -2.835 -5.184 -26.574
3 16 -2.835 -5.184 -26.574 -9.797 0.000 -39.423 -17.615 0.000 -35.795
3 16 0.000 0.000 -40.164 -9.797 0.000 -39.423 -2.835 -5.184 -26.574
3 16 0.000 -5.096 -26.695 0.000 0.000 -40.164 -2.835 -5.184 -26.574
3 16 -17.615 0.000 -35.795 -24.539 0.000 -29.368 -13.815 -4.397 -23.949
3 16 -26.153 0.000 -23.557 -25.473 0.000 -19.176 -21.200 -3.000 -19.200
3 16 -24.539 0.000 -29.368 -18.988 -3.400 -20.988 -13.815 -4.397 -23.949
3 16 -21.200 -3.000 -19.200 -18.988 -3.400 -20.988 -24.539 0.000 -29.368
3 16 -24.539 0.000 -29.368 -26.153 0.000 -23.557 -21.200 -3.000 -19.200
3 16 -25.473 0.000 -19.176 -24.678 0.000 -16.423 -21.200 -3.000 -19.200
3 16 -29.325 0.000 -9.420 -31.378 0.000 0.679 -29.308 -12.000 -8.801
3 16 -31.378 0.000 0.679 -30.955 -12.000 0.971 -29.308 -12.000 -8.801
3 16 -31.378 0.000 0.679 -30.065 0.000 7.399 -30.955 -12.000 0.971
3 16 -30.065 0.000 7.399 -29.945 -12.000 7.563 -30.955 -12.000 0.971
3 16 -30.065 0.000 7.399 -27.388 0.000 12.733 -29.945 -12.000 7.563
3 16 -27.388 0.000 12.733 -27.060 -12.000 12.698 -29.945 -12.000 7.563
3 16 -27.388 0.000 12.733 -23.231 0.000 17.426 -27.060 -12.000 12.698
3 16 -23.231 0.000 17.426 -22.771 -12.000 17.041 -27.060 -12.000 12.698
3 16 -29.325 0.000 -9.420 -29.308 -12.000 -8.801 -27.600 -12.000 -12.499
3 16 -27.273 0.000 -13.049 -29.325 0.000 -9.420 -27.600 -12.000 -12.499
3 16 -27.273 0.000 -13.049 -27.600 -12.000 -12.499 -25.238 -12.000 -15.728
3 16 -24.678 0.000 -16.423 -27.273 0.000 -13.049 -25.238 -12.000 -15.728
3 16 -16.641 0.000 21.625 -9.942 0.000 23.968 -16.361 -14.000 21.223
3 16 -9.942 0.000 23.968 -9.600 -14.000 23.108 -16.361 -14.000 21.223
3 16 0.000 -14.000 24.175 -9.600 -14.000 23.108 -9.942 0.000 23.968
3 16 -9.942 0.000 23.968 0.000 0.000 25.112 0.000 -14.000 24.175
3 16 -2.835 -5.184 -26.574 -13.815 -4.397 -23.949 -2.878 -14.000 -26.122
3 16 -13.815 -4.397 -23.949 -14.050 -14.000 -23.218 -2.878 -14.000 -26.122
3 16 -2.835 -5.184 -26.574 -2.878 -14.000 -26.122 0.000 -14.000 -26.308
3 16 0.000 -5.096 -26.695 -2.835 -5.184 -26.574 0.000 -14.000 -26.308
3 16 -30.955 -12.000 0.971 -20.000 -12.000 18.000 -27.600 -12.000 -12.499
3 16 -27.600 -12.000 -12.499 -29.308 -12.000 -8.801 -30.955 -12.000 0.971
3 16 -27.060 -12.000 12.698 -20.000 -12.000 18.000 -30.955 -12.000 0.971
3 16 -30.955 -12.000 0.971 -29.945 -12.000 7.563 -27.060 -12.000 12.698
3 16 -20.000 -12.000 18.000 -21.200 -12.000 -19.200 -25.238 -12.000 -15.728
3 16 -25.238 -12.000 -15.728 -27.600 -12.000 -12.499 -20.000 -12.000 18.000
3 16 -20.700 -12.000 18.700 -20.000 -12.000 18.000 -27.060 -12.000 12.698
3 16 -27.060 -12.000 12.698 -22.771 -12.000 17.041 -20.700 -12.000 18.700
3 16 -8.600 0.000 16.000 -16.000 0.000 16.000 -10.000 0.000 20.000
3 16 -20.000 0.000 -20.000 -20.000 0.000 18.000 -16.000 0.000 16.000
3 16 -16.000 0.000 16.000 -16.000 0.000 -16.000 -20.000 0.000 -20.000
3 16 -8.600 0.000 -16.000 -11.600 0.000 -20.000 -20.000 0.000 -20.000
3 16 -20.000 0.000 -20.000 -16.000 0.000 -16.000 -8.600 0.000 -16.000
3 16 -16.000 -14.000 16.000 -16.000 0.000 16.000 -8.600 0.000 16.000
3 16 -8.600 0.000 16.000 -8.600 -4.000 16.000 -16.000 -14.000 16.000
3 16 -8.600 -4.000 -16.000 -8.600 0.000 -16.000 -16.000 0.000 -16.000
3 16 -16.000 0.000 -16.000 -16.000 -14.000 -16.000 -8.600 -4.000 -16.000
3 16 -20.000 -12.000 18.000 -20.000 -12.000 -18.000 -21.200 -12.000 -19.200
3 16 -25.238 -12.000 -15.728 -21.200 -12.000 -19.200 -21.200 -3.000 -19.200
3 16 -21.200 -3.000 -19.200 -24.678 0.000 -16.423 -25.238 -12.000 -15.728
3 16 -13.815 -4.397 -23.949 -18.988 -3.400 -20.988 -18.988 -14.000 -20.988
3 16 -14.050 -14.000 -23.218 -13.815 -4.397 -23.949 -18.988 -14.000 -20.988
3 16 -21.200 -3.000 -19.200 -20.000 -3.000 -18.000 -18.000 -3.400 -20.000
3 16 -18.000 -3.400 -20.000 -18.988 -3.400 -20.988 -21.200 -3.000 -19.200
3 16 -18.000 -3.400 -20.000 -20.000 -3.200 -20.000 -20.000 0.000 -20.000
3 16 -20.000 0.000 -20.000 -11.600 0.000 -20.000 -18.000 -3.400 -20.000
3 16 -18.000 -14.000 -20.000 -18.000 -3.400 -20.000 -11.600 0.000 -20.000
3 16 -11.600 0.000 -20.000 -11.600 -4.000 -20.000 -18.000 -14.000 -20.000
3 16 -18.988 -14.000 -20.988 -18.000 -14.000 -20.000 -14.050 -14.000 -23.218
3 16 -2.878 -14.000 -26.122 -14.050 -14.000 -23.218 -18.000 -14.000 -20.000
3 16 -18.000 -14.000 -20.000 0.000 -14.000 -26.308 -2.878 -14.000 -26.122
3 16 -20.700 -12.000 18.700 -21.000 0.000 19.000 -20.000 0.000 18.000
3 16 -20.000 0.000 18.000 -20.000 -12.000 18.000 -20.700 -12.000 18.700
3 16 -18.588 0.000 20.588 -18.388 -14.000 20.388 -18.000 -14.000 20.000
3 16 -18.000 -14.000 20.000 -18.000 0.000 20.000 -18.588 0.000 20.588
3 16 -21.000 0.000 19.000 -18.588 0.000 20.588 -18.000 0.000 20.000
3 16 -18.000 0.000 20.000 -20.000 0.000 18.000 -21.000 0.000 19.000
3 16 -16.641 0.000 21.625 -18.388 -14.000 20.388 -18.588 0.000 20.588
3 16 -16.361 -14.000 21.223 -18.388 -14.000 20.388 -16.641 0.000 21.625
3 16 -20.700 -12.000 18.700 -23.231 0.000 17.426 -21.000 0.000 19.000
3 16 -22.771 -12.000 17.041 -23.231 0.000 17.426 -20.700 -12.000 18.700
3 16 -16.000 0.000 16.000 -20.000 0.000 18.000 -18.000 0.000 20.000
3 16 -18.000 0.000 20.000 -10.000 0.000 20.000 -16.000 0.000 16.000
3 16 -10.000 0.000 20.000 -18.000 0.000 20.000 -18.000 -14.000 20.000
3 16 -18.000 -14.000 20.000 -10.000 -4.000 20.000 -10.000 0.000 20.000
3 16 -18.000 -14.000 20.000 -16.361 -14.000 21.223 -9.600 -14.000 23.108
3 16 -9.600 -14.000 23.108 0.000 -14.000 24.175 -18.000 -14.000 20.000
3 16 -18.388 -14.000 20.388 -16.361 -14.000 21.223 -18.000 -14.000 20.000
2 24 -19.357 -5.683 -25.967 -29.884 -2.828 -16.480
2 24 -8.872 -7.380 -29.521 -19.357 -5.683 -25.967
2 24 0.000 -8.075 -30.412 -8.872 -7.380 -29.521
2 24 -19.844 -24.840 -20.589 -9.140 -28.545 -24.913
2 24 -9.140 -28.545 -24.913 0.000 -29.907 -26.042
2 24 -29.751 -19.089 -12.213 -19.844 -24.840 -20.589
2 24 -32.618 0.000 -9.743 -34.366 0.000 1.017
2 24 -35.319 -12.448 2.533 -33.454 -15.334 -5.350
2 24 -33.454 -15.334 -5.350 -29.751 -19.089 -12.213
2 24 -33.190 -12.114 9.091 -35.319 -12.448 2.533
2 24 -30.343 -12.414 14.117 -33.190 -12.114 9.091
2 24 -34.366 0.000 1.017 -32.853 0.000 8.283
2 24 -32.853 0.000 8.283 -29.704 0.000 14.409
2 24 -29.884 -2.828 -16.480 -30.241 0.000 -16.844
2 24 -30.241 0.000 -16.844 -32.618 0.000 -9.743
2 24 -28.790 -2.963 -24.753 -29.884 -2.828 -16.480
2 24 0.000 -3.194 -43.971 -10.409 -3.122 -42.592
2 24 -10.409 -3.122 -42.592 -20.368 -2.991 -37.723
2 24 -26.470 -3.005 -31.627 -28.790 -2.963 -24.753
2 24 -20.368 -2.991 -37.723 -26.470 -3.005 -31.627
2 24 -28.912 0.000 -24.960 -30.241 0.000 -16.844
2 24 -26.226 0.000 -31.251 -28.912 0.000 -24.960
2 24 -20.133 0.000 -37.703 -26.226 0.000 -31.251
2 24 -10.400 0.000 -42.218 -20.133 0.000 -37.703
2 24 0.000 0.000 -43.586 -10.400 0.000 -42.218
2 24 0.000 -16.381 26.985 -10.861 -15.774 26.353
2 24 -10.861 -15.774 26.353 -20.329 -14.938 22.165
2 24 -20.329 -14.938 22.165 -26.536 -13.614 17.960
2 24 -25.016 0.000 19.342 -17.763 0.000 23.906
2 24 -17.763 0.000 23.906 -10.344 0.000 26.594
2 24 -10.344 0.000 26.594 0.000 0.000 27.747
2 24 -26.536 -13.614 17.960 -30.343 -12.414 14.117
2 24 -29.704 0.000 14.409 -25.016 0.000 19.342
2 24 -29.325 0.000 -9.420 -31.378 0.000 0.679
2 24 -31.378 0.000 0.679 -30.065 0.000 7.399
2 24 -30.065 0.000 7.399 -27.388 0.000 12.733
2 24 -27.388 0.000 12.733 -23.231 0.000 17.426
2 24 -18.588 0.000 20.588 -16.641 0.000 21.625
2 24 -23.231 0.000 17.426 -21.000 0.000 19.000
2 24 -16.641 0.000 21.625 -9.942 0.000 23.968
2 24 -9.942 0.000 23.968 0.000 0.000 25.112
2 24 -27.273 0.000 -13.049 -29.325 0.000 -9.420
2 24 -24.539 0.000 -29.368 -26.153 0.000 -23.557
2 24 -17.615 0.000 -35.795 -24.539 0.000 -29.368
2 24 -9.797 0.000 -39.423 -17.615 0.000 -35.795
2 24 0.000 0.000 -40.164 -9.797 0.000 -39.423
2 24 -25.473 0.000 -19.176 -24.678 0.000 -16.423
2 24 -24.678 0.000 -16.423 -27.273 0.000 -13.049
2 24 -2.835 -5.184 -26.574 -13.815 -4.397 -23.949
2 24 0.000 -5.096 -26.695 -2.835 -5.184 -26.574
2 24 -13.815 -4.397 -23.949 -18.988 -3.400 -20.988
2 24 -21.200 -3.000 -19.200 -24.678 0.000 -16.423
2 24 -29.308 -12.000 -8.801 -30.955 -12.000 0.971
2 24 -30.955 -12.000 0.971 -29.945 -12.000 7.563
2 24 -29.945 -12.000 7.563 -27.060 -12.000 12.698
2 24 -27.060 -12.000 12.698 -22.771 -12.000 17.041
2 24 -27.600 -12.000 -12.499 -29.308 -12.000 -8.801
2 24 -25.238 -12.000 -15.728 -27.600 -12.000 -12.499
2 24 -21.200 -12.000 -19.200 -25.238 -12.000 -15.728
2 24 -16.361 -14.000 21.223 -9.600 -14.000 23.108
2 24 -9.600 -14.000 23.108 0.000 -14.000 24.175
2 24 -2.878 -14.000 -26.122 -14.050 -14.000 -23.218
2 24 0.000 -14.000 -26.308 -2.878 -14.000 -26.122
2 24 -16.000 0.000 16.000 -8.600 0.000 16.000
2 24 -20.000 0.000 -20.000 -11.600 0.000 -20.000
2 24 -8.600 0.000 -16.000 -16.000 0.000 -16.000
2 24 -25.473 0.000 -19.176 -26.153 0.000 -23.557
2 24 -20.000 -12.000 18.000 -20.000 -12.000 -18.000
2 24 -18.988 -14.000 -20.988 -14.050 -14.000 -23.218
2 24 -20.000 -3.200 -20.000 -18.000 -3.400 -20.000
2 24 -20.000 -3.200 -20.000 -20.000 -3.000 -18.000
2 24 -20.700 -12.000 18.700 -21.000 0.000 19.000
2 24 -20.000 0.000 18.000 -21.000 0.000 19.000
2 24 -20.000 -12.000 18.000 -20.700 -12.000 18.700
2 24 -18.000 -14.000 20.000 -18.000 0.000 20.000
2 24 -18.388 -14.000 20.388 -18.588 0.000 20.588
2 24 -18.000 0.000 20.000 -18.588 0.000 20.588
2 24 -18.000 -14.000 20.000 -18.388 -14.000 20.388
2 24 -16.361 -14.000 21.223 -18.388 -14.000 20.388
2 24 -20.700 -12.000 18.700 -22.771 -12.000 17.041
2 24 -10.000 0.000 20.000 -18.000 0.000 20.000
1 16 -20.0000 -6.0000 -1.0000 0.0000 1.0000 0.0000 0.0000 0.0000 6.0000 -19.0000 0.0000 0.0000 rect3.dat
1 16 -10.1000 -2.0000 -18.0000 -1.5000 -1.0000 0.0000 0.0000 0.0000 -2.0000 -2.0000 0.0000 0.0000 rect.dat
1 16 -9.3000 -2.0000 18.0000 -0.7003 -0.9962 0.0000 0.0000 0.0000 2.0000 2.0010 0.0009 0.0000 rect.dat
1 16 -16.0000 -7.0000 0.0000 0.0000 -1.0000 0.0000 0.0000 0.0000 7.0000 16.0000 0.0000 0.0000 rect.dat
1 16 -20.6000 -7.5000 -18.6000 0.6010 1.0041 0.0000 0.0000 0.0000 -4.5000 0.6010 0.0000 0.0000 rect.dat
1 16 -18.4940 -8.7000 -20.4940 0.0000 -1.0000 -0.4900 5.3000 0.0000 0.0000 0.0000 0.0000 -0.4900 rect.dat
1 16 0.0000 -14.0000 0.0000 -16.0000 0.0000 0.0000 0.0000 -1.0000 0.0000 0.0000 0.0000 16.0000 rect2p.dat
1 16 0.0000 -14.0000 0.0000 1.0000 0.0000 0.0000 0.0000 -3.5000 0.0000 0.0000 0.0000 1.0000 stud4.dat
3 16 0.000 -29.907 -26.042 0.000 -27.800 -26.887 3.000 -27.700 -26.394
3 16 3.000 -27.700 -26.394 6.100 -26.800 -26.166 9.140 -28.545 -24.913
3 16 9.140 -28.545 -24.913 0.000 -29.907 -26.042 3.000 -27.700 -26.394
3 16 9.140 -28.545 -24.913 6.100 -26.800 -26.166 8.700 -25.200 -26.225
3 16 9.140 -28.545 -24.913 8.700 -25.200 -26.225 11.100 -22.600 -26.514
3 16 11.100 -22.600 -26.514 21.209 -14.942 -24.260 19.844 -24.840 -20.589
3 16 19.844 -24.840 -20.589 9.140 -28.545 -24.913 11.100 -22.600 -26.514
3 16 11.100 -22.600 -26.514 12.300 -20.200 -26.880 21.209 -14.942 -24.260
3 16 12.300 -20.200 -26.880 12.400 -17.200 -27.792 21.209 -14.942 -24.260
3 16 21.209 -14.942 -24.260 12.400 -17.200 -27.792 11.500 -14.700 -28.373
3 16 11.500 -14.700 -28.373 19.357 -5.683 -25.967 21.209 -14.942 -24.260
3 16 19.357 -5.683 -25.967 11.500 -14.700 -28.373 9.800 -12.800 -29.122
3 16 9.800 -12.800 -29.122 8.872 -7.380 -29.521 19.357 -5.683 -25.967
3 16 9.800 -12.800 -29.122 8.000 -11.200 -29.630 8.872 -7.380 -29.521
3 16 3.800 -11.600 -30.252 8.872 -7.380 -29.521 8.000 -11.200 -29.630
3 16 8.872 -7.380 -29.521 3.800 -11.600 -30.252 1.600 -11.700 -30.463
3 16 1.600 -11.700 -30.463 0.000 -8.075 -30.412 8.872 -7.380 -29.521
3 16 1.600 -11.700 -30.463 0.000 -11.700 -30.381 0.000 -8.075 -30.412
3 4 3.500 -21.200 -28.804 1.900 -23.700 -28.102 0.000 -21.600 -29.179
3 4 0.000 -21.600 -29.179 0.000 -17.783 -30.329 3.500 -21.200 -28.804
3 4 4.400 -25.800 -26.919 1.900 -23.700 -28.102 3.500 -21.200 -28.804
3 4 3.500 -21.200 -28.804 7.600 -20.500 -28.332 4.400 -25.800 -26.919
3 4 7.600 -20.500 -28.332 3.500 -21.200 -28.804 4.900 -17.500 -29.585
3 4 4.900 -17.500 -29.585 8.900 -17.800 -28.907 7.600 -20.500 -28.332
3 4 8.900 -17.800 -28.907 4.900 -17.500 -29.585 6.300 -13.300 -29.778
3 4 6.300 -13.300 -29.778 9.900 -15.600 -28.885 8.900 -17.800 -28.907
3 15 0.000 -27.800 -26.887 0.000 -21.600 -29.179 1.900 -23.700 -28.102
3 15 0.000 -27.800 -26.887 1.900 -23.700 -28.102 4.400 -25.800 -26.919
3 15 4.400 -25.800 -26.919 3.000 -27.700 -26.394 0.000 -27.800 -26.887
3 15 6.100 -26.800 -26.166 3.000 -27.700 -26.394 4.400 -25.800 -26.919
3 15 6.100 -26.800 -26.166 4.400 -25.800 -26.919 7.600 -20.500 -28.332
3 15 7.600 -20.500 -28.332 8.700 -25.200 -26.225 6.100 -26.800 -26.166
3 15 7.600 -20.500 -28.332 8.900 -17.800 -28.907 11.100 -22.600 -26.514
3 15 11.100 -22.600 -26.514 8.700 -25.200 -26.225 7.600 -20.500 -28.332
3 15 8.900 -17.800 -28.907 12.400 -17.200 -27.792 12.300 -20.200 -26.880
3 15 12.300 -20.200 -26.880 11.100 -22.600 -26.514 8.900 -17.800 -28.907
3 15 12.400 -17.200 -27.792 8.900 -17.800 -28.907 9.900 -15.600 -28.885
3 15 9.900 -15.600 -28.885 11.500 -14.700 -28.373 12.400 -17.200 -27.792
3 15 9.900 -15.600 -28.885 9.800 -12.800 -29.122 11.500 -14.700 -28.373
3 15 9.900 -15.600 -28.885 6.300 -13.300 -29.778 8.000 -11.200 -29.630
3 15 8.000 -11.200 -29.630 9.800 -12.800 -29.122 9.900 -15.600 -28.885
3 15 6.300 -13.300 -29.778 3.800 -11.600 -30.252 8.000 -11.200 -29.630
3 15 6.300 -13.300 -29.778 4.900 -17.500 -29.585 0.000 -17.783 -30.329
3 15 0.000 -17.783 -30.329 3.800 -11.600 -30.252 6.300 -13.300 -29.778
3 15 0.000 -17.783 -30.329 1.600 -11.700 -30.463 3.800 -11.600 -30.252
3 15 0.000 -17.783 -30.329 0.000 -11.700 -30.381 1.600 -11.700 -30.463
3 15 3.500 -21.200 -28.804 0.000 -17.783 -30.329 4.900 -17.500 -29.585
3 16 -3.000 -27.700 -26.394 0.000 -27.800 -26.887 0.000 -29.907 -26.042
3 16 -9.140 -28.545 -24.913 -6.100 -26.800 -26.166 -3.000 -27.700 -26.394
3 16 -3.000 -27.700 -26.394 0.000 -29.907 -26.042 -9.140 -28.545 -24.913
3 16 -8.700 -25.200 -26.225 -6.100 -26.800 -26.166 -9.140 -28.545 -24.913
3 16 -11.100 -22.600 -26.514 -8.700 -25.200 -26.225 -9.140 -28.545 -24.913
3 16 -19.844 -24.840 -20.589 -21.209 -14.942 -24.260 -11.100 -22.600 -26.514
3 16 -11.100 -22.600 -26.514 -9.140 -28.545 -24.913 -19.844 -24.840 -20.589
3 16 -21.209 -14.942 -24.260 -12.300 -20.200 -26.880 -11.100 -22.600 -26.514
3 16 -21.209 -14.942 -24.260 -12.400 -17.200 -27.792 -12.300 -20.200 -26.880
3 16 -11.500 -14.700 -28.373 -12.400 -17.200 -27.792 -21.209 -14.942 -24.260
3 16 -21.209 -14.942 -24.260 -19.357 -5.683 -25.967 -11.500 -14.700 -28.373
3 16 -9.800 -12.800 -29.122 -11.500 -14.700 -28.373 -19.357 -5.683 -25.967
3 16 -19.357 -5.683 -25.967 -8.872 -7.380 -29.521 -9.800 -12.800 -29.122
3 16 -8.872 -7.380 -29.521 -8.000 -11.200 -29.630 -9.800 -12.800 -29.122
3 16 -8.000 -11.200 -29.630 -8.872 -7.380 -29.521 -3.800 -11.600 -30.252
3 16 -1.600 -11.700 -30.463 -3.800 -11.600 -30.252 -8.872 -7.380 -29.521
3 16 -8.872 -7.380 -29.521 0.000 -8.075 -30.412 -1.600 -11.700 -30.463
3 16 0.000 -8.075 -30.412 0.000 -11.700 -30.381 -1.600 -11.700 -30.463
3 4 0.000 -21.600 -29.179 -1.900 -23.700 -28.102 -3.500 -21.200 -28.804
3 4 -3.500 -21.200 -28.804 0.000 -17.783 -30.329 0.000 -21.600 -29.179
3 4 -3.500 -21.200 -28.804 -1.900 -23.700 -28.102 -4.400 -25.800 -26.919
3 4 -4.400 -25.800 -26.919 -7.600 -20.500 -28.332 -3.500 -21.200 -28.804
3 4 -4.900 -17.500 -29.585 -3.500 -21.200 -28.804 -7.600 -20.500 -28.332
3 4 -7.600 -20.500 -28.332 -8.900 -17.800 -28.907 -4.900 -17.500 -29.585
3 4 -6.300 -13.300 -29.778 -4.900 -17.500 -29.585 -8.900 -17.800 -28.907
3 4 -8.900 -17.800 -28.907 -9.900 -15.600 -28.885 -6.300 -13.300 -29.778
3 15 -1.900 -23.700 -28.102 0.000 -21.600 -29.179 0.000 -27.800 -26.887
3 15 -4.400 -25.800 -26.919 -1.900 -23.700 -28.102 0.000 -27.800 -26.887
3 15 0.000 -27.800 -26.887 -3.000 -27.700 -26.394 -4.400 -25.800 -26.919
3 15 -4.400 -25.800 -26.919 -3.000 -27.700 -26.394 -6.100 -26.800 -26.166
3 15 -7.600 -20.500 -28.332 -4.400 -25.800 -26.919 -6.100 -26.800 -26.166
3 15 -6.100 -26.800 -26.166 -8.700 -25.200 -26.225 -7.600 -20.500 -28.332
3 15 -11.100 -22.600 -26.514 -8.900 -17.800 -28.907 -7.600 -20.500 -28.332
3 15 -7.600 -20.500 -28.332 -8.700 -25.200 -26.225 -11.100 -22.600 -26.514
3 15 -12.300 -20.200 -26.880 -12.400 -17.200 -27.792 -8.900 -17.800 -28.907
3 15 -8.900 -17.800 -28.907 -11.100 -22.600 -26.514 -12.300 -20.200 -26.880
3 15 -9.900 -15.600 -28.885 -8.900 -17.800 -28.907 -12.400 -17.200 -27.792
3 15 -12.400 -17.200 -27.792 -11.500 -14.700 -28.373 -9.900 -15.600 -28.885
3 15 -11.500 -14.700 -28.373 -9.800 -12.800 -29.122 -9.900 -15.600 -28.885
3 15 -8.000 -11.200 -29.630 -6.300 -13.300 -29.778 -9.900 -15.600 -28.885
3 15 -9.900 -15.600 -28.885 -9.800 -12.800 -29.122 -8.000 -11.200 -29.630
3 15 -8.000 -11.200 -29.630 -3.800 -11.600 -30.252 -6.300 -13.300 -29.778
3 15 0.000 -17.783 -30.329 -4.900 -17.500 -29.585 -6.300 -13.300 -29.778
3 15 -6.300 -13.300 -29.778 -3.800 -11.600 -30.252 0.000 -17.783 -30.329
3 15 -3.800 -11.600 -30.252 -1.600 -11.700 -30.463 0.000 -17.783 -30.329
3 15 -1.600 -11.700 -30.463 0.000 -11.700 -30.381 0.000 -17.783 -30.329
3 15 -4.900 -17.500 -29.585 0.000 -17.783 -30.329 -3.500 -21.200 -28.804
