0 FILE 75904p02.dat
0 Minifigure, Utensil Tool Sledgehammer (Mjolnir, Hammer) with 6 Copper Diamonds and Runes (Symbols) Pattern on Both Sides
0 Name:  75904p02.dat
0 Author:  
0 BL_Item_No 75904pb02
0 BFC CERTIFY CCW
3 16 -4.000 -8.000 4.000 -4.000 -8.000 -4.000 -12.000 -8.000 -6.000
3 16 -12.000 -8.000 -6.000 -12.000 -8.000 6.000 -4.000 -8.000 4.000
3 16 4.000 -8.000 4.000 -4.000 -8.000 4.000 -12.000 -8.000 6.000
3 16 -12.000 -8.000 6.000 12.000 -8.000 6.000 4.000 -8.000 4.000
3 16 4.000 -8.000 -4.000 4.000 -8.000 4.000 12.000 -8.000 6.000
3 16 12.000 -8.000 6.000 12.000 -8.000 -6.000 4.000 -8.000 -4.000
3 16 -4.000 -8.000 -4.000 4.000 -8.000 -4.000 12.000 -8.000 -6.000
3 16 12.000 -8.000 -6.000 -12.000 -8.000 -6.000 -4.000 -8.000 -4.000
3 16 -12.000 -8.000 -6.000 -15.000 -9.530 -5.300 -15.000 -9.530 5.300
3 16 -15.000 -9.530 5.300 -12.000 -8.000 6.000 -12.000 -8.000 -6.000
3 16 -12.000 -8.000 6.000 -15.000 -9.530 5.300 -15.000 -11.400 7.200
3 16 -15.000 -11.400 7.200 -12.000 -10.500 8.500 -12.000 -8.000 6.000
3 16 12.000 -8.000 6.000 12.000 -10.500 8.500 15.000 -11.400 7.200
3 16 15.000 -11.400 7.200 15.000 -9.530 5.300 12.000 -8.000 6.000
3 16 15.000 -9.530 -5.300 12.000 -8.000 -6.000 12.000 -8.000 6.000
3 16 12.000 -8.000 6.000 15.000 -9.530 5.300 15.000 -9.530 -5.300
3 16 12.000 -8.000 -6.000 15.000 -9.530 -5.300 15.000 -11.400 -7.200
3 16 15.000 -11.400 -7.200 12.000 -10.500 -8.500 12.000 -8.000 -6.000
3 16 -15.000 -11.400 -7.200 -15.000 -9.530 -5.300 -12.000 -8.000 -6.000
3 16 -12.000 -8.000 -6.000 -12.000 -10.500 -8.500 -15.000 -11.400 -7.200
3 16 -12.000 -23.000 8.500 -12.000 -10.500 8.500 -15.000 -11.400 7.200
3 16 -15.000 -11.400 7.200 -15.000 -22.000 7.200 -12.000 -23.000 8.500
3 16 -15.000 -22.000 7.200 -15.000 -24.000 5.300 -12.000 -25.500 6.000
3 16 -12.000 -25.500 6.000 -12.000 -23.000 8.500 -15.000 -22.000 7.200
3 16 -12.000 -25.500 6.000 -15.000 -24.000 5.300 -15.000 -24.000 -5.300
3 16 -15.000 -24.000 -5.300 -12.000 -25.500 -6.000 -12.000 -25.500 6.000
3 16 -15.000 -22.000 -7.200 -12.000 -23.000 -8.500 -12.000 -25.500 -6.000
3 16 -12.000 -25.500 -6.000 -15.000 -24.000 -5.300 -15.000 -22.000 -7.200
3 16 -12.000 -10.500 -8.500 -12.000 -23.000 -8.500 -15.000 -22.000 -7.200
3 16 -15.000 -22.000 -7.200 -15.000 -11.400 -7.200 -12.000 -10.500 -8.500
3 16 12.000 -10.500 8.500 12.000 -23.000 8.500 15.000 -22.000 7.200
3 16 15.000 -22.000 7.200 15.000 -11.400 7.200 12.000 -10.500 8.500
3 16 12.000 -25.500 6.000 15.000 -24.000 5.300 15.000 -22.000 7.200
3 16 15.000 -22.000 7.200 12.000 -23.000 8.500 12.000 -25.500 6.000
3 16 15.000 -24.000 5.300 12.000 -25.500 6.000 12.000 -25.500 -6.000
3 16 12.000 -25.500 -6.000 15.000 -24.000 -5.300 15.000 -24.000 5.300
3 16 12.000 -25.500 -6.000 12.000 -23.000 -8.500 15.000 -22.000 -7.200
3 16 15.000 -22.000 -7.200 15.000 -24.000 -5.300 12.000 -25.500 -6.000
3 16 12.000 -23.000 -8.500 12.000 -10.500 -8.500 15.000 -11.400 -7.200
3 16 15.000 -11.400 -7.200 15.000 -22.000 -7.200 12.000 -23.000 -8.500
3 16 -15.000 -11.400 7.200 -15.000 -9.530 5.300 -15.000 -9.530 -5.300
3 16 -15.000 -9.530 -5.300 -15.000 -11.400 -7.200 -15.000 -11.400 7.200
3 16 -15.000 -22.000 -7.200 -15.000 -24.000 -5.300 -15.000 -24.000 5.300
3 16 -15.000 -24.000 5.300 -15.000 -22.000 7.200 -15.000 -22.000 -7.200
3 16 15.000 -11.400 -7.200 15.000 -9.530 -5.300 15.000 -9.530 5.300
3 16 15.000 -9.530 5.300 15.000 -11.400 7.200 15.000 -11.400 -7.200
3 16 15.000 -22.000 7.200 15.000 -24.000 5.300 15.000 -24.000 -5.300
3 16 15.000 -24.000 -5.300 15.000 -22.000 -7.200 15.000 -22.000 7.200
3 16 -4.000 -25.500 -4.000 -4.000 -25.500 4.000 -12.000 -25.500 6.000
3 16 -12.000 -25.500 6.000 -12.000 -25.500 -6.000 -4.000 -25.500 -4.000
3 16 -4.000 -25.500 4.000 4.000 -25.500 4.000 12.000 -25.500 6.000
3 16 12.000 -25.500 6.000 -12.000 -25.500 6.000 -4.000 -25.500 4.000
3 16 4.000 -25.500 4.000 4.000 -25.500 -4.000 12.000 -25.500 -6.000
3 16 12.000 -25.500 -6.000 12.000 -25.500 6.000 4.000 -25.500 4.000
3 16 4.000 -25.500 -4.000 -4.000 -25.500 -4.000 -12.000 -25.500 -6.000
3 16 -12.000 -25.500 -6.000 12.000 -25.500 -6.000 4.000 -25.500 -4.000
2 24 -12.000 -8.000 -6.000 -12.000 -8.000 6.000
2 24 12.000 -8.000 6.000 12.000 -8.000 -6.000
2 24 -12.000 -8.000 -6.000 -15.000 -9.530 -5.300
2 24 -15.000 -9.530 5.300 -12.000 -8.000 6.000
2 24 15.000 -9.530 5.300 12.000 -8.000 6.000
2 24 15.000 -9.530 -5.300 12.000 -8.000 -6.000
2 24 -15.000 -9.530 -5.300 -15.000 -9.530 5.300
2 24 -15.000 -9.530 5.300 -15.000 -11.400 7.200
2 24 -15.000 -11.400 7.200 -12.000 -10.500 8.500
2 24 12.000 -10.500 8.500 15.000 -11.400 7.200
2 24 15.000 -11.400 7.200 15.000 -9.530 5.300
2 24 15.000 -9.530 5.300 15.000 -9.530 -5.300
2 24 15.000 -9.530 -5.300 15.000 -11.400 -7.200
2 24 15.000 -11.400 -7.200 12.000 -10.500 -8.500
2 24 -12.000 -10.500 -8.500 -15.000 -11.400 -7.200
2 24 -15.000 -11.400 -7.200 -15.000 -9.530 -5.300
2 24 -15.000 -22.000 7.200 -12.000 -23.000 8.500
2 24 -15.000 -22.000 7.200 -15.000 -24.000 5.300
2 24 -15.000 -24.000 5.300 -12.000 -25.500 6.000
2 24 -15.000 -24.000 5.300 -15.000 -24.000 -5.300
2 24 -12.000 -25.500 -6.000 -12.000 -25.500 6.000
2 24 -15.000 -24.000 -5.300 -12.000 -25.500 -6.000
2 24 -15.000 -24.000 -5.300 -15.000 -22.000 -7.200
2 24 -15.000 -22.000 -7.200 -12.000 -23.000 -8.500
2 24 12.000 -23.000 8.500 15.000 -22.000 7.200
2 24 12.000 -25.500 6.000 15.000 -24.000 5.300
2 24 15.000 -24.000 5.300 15.000 -22.000 7.200
2 24 15.000 -24.000 -5.300 15.000 -24.000 5.300
2 24 12.000 -25.500 6.000 12.000 -25.500 -6.000
2 24 12.000 -25.500 -6.000 15.000 -24.000 -5.300
2 24 12.000 -23.000 -8.500 15.000 -22.000 -7.200
2 24 15.000 -22.000 -7.200 15.000 -24.000 -5.300
2 24 -12.000 -10.500 8.500 -12.000 -23.000 8.500
2 24 12.000 -23.000 8.500 12.000 -10.500 8.500
2 24 12.000 -10.500 -8.500 12.000 -23.000 -8.500
2 24 -12.000 -23.000 -8.500 -12.000 -10.500 -8.500
1 16 0.0000 22.0000 0.0000 4.0000 0.0000 0.0000 0.0000 -30.0000 0.0000 0.0000 0.0000 -4.0000 4-4cylc.dat
1 16 0.0000 -8.0000 0.0000 4.0000 0.0000 0.0000 0.0000 -1.0000 0.0000 0.0000 0.0000 -4.0000 4-4ndis.dat
1 16 0.0000 -9.2500 7.2500 -12.0000 0.0000 0.0000 0.0000 -1.0000 -1.2500 0.0000 0.0000 1.2500 rect.dat
1 16 0.0000 -9.2500 -7.2500 -12.0000 0.0000 0.0000 0.0000 -1.0000 1.2500 0.0000 0.0000 1.2500 rect.dat
1 16 0.0000 -24.2500 7.2500 -12.0000 0.0000 0.0000 0.0000 1.0000 -1.2500 0.0000 0.0000 -1.2500 rect.dat
1 16 0.0000 -24.2500 -7.2500 -12.0000 0.0000 0.0000 0.0000 1.0000 1.2500 0.0000 0.0000 -1.2500 rect.dat
1 16 -15.0000 -16.7000 0.0000 0.0000 1.0000 0.0000 5.3000 0.0000 0.0000 0.0000 0.0000 -7.2000 rect2p.dat
1 16 15.0000 -16.7000 0.0000 0.0000 -1.0000 0.0000 5.3000 0.0000 0.0000 0.0000 0.0000 7.2000 rect2p.dat
1 16 0.0000 -25.5000 0.0000 4.0000 0.0000 0.0000 0.0000 1.0000 0.0000 0.0000 0.0000 4.0000 4-4ndis.dat
1 16 0.0000 -26.5000 0.0000 4.0000 0.0000 0.0000 0.0000 1.0000 0.0000 0.0000 0.0000 4.0000 4-4cylc.dat
3 16 -12.000 -23.000 -8.500 -11.100 -20.800 -8.500 -10.200 -21.700 -8.500
3 16 -12.000 -23.000 -8.500 -11.100 -16.700 -8.500 -10.200 -17.600 -8.500
3 16 -10.200 -17.600 -8.500 -11.100 -20.800 -8.500 -12.000 -23.000 -8.500
3 16 -11.100 -20.800 -8.500 -10.200 -17.600 -8.500 -9.300 -16.700 -8.500
3 16 -9.300 -16.700 -8.500 -10.200 -19.900 -8.500 -11.100 -20.800 -8.500
3 16 -10.200 -19.900 -8.500 -9.300 -16.700 -8.500 -3.200 -17.287 -8.500
3 16 -3.200 -17.287 -8.500 -9.300 -20.800 -8.500 -10.200 -19.900 -8.500
3 16 -11.100 -12.600 -8.500 -12.000 -10.500 -8.500 -10.200 -11.700 -8.500
3 16 -12.000 -10.500 -8.500 -11.100 -12.600 -8.500 -10.200 -15.800 -8.500
3 16 -10.200 -15.800 -8.500 -11.100 -16.700 -8.500 -12.000 -10.500 -8.500
3 16 -11.100 -12.600 -8.500 -10.200 -13.500 -8.500 -9.300 -16.700 -8.500
3 16 -9.300 -16.700 -8.500 -10.200 -15.800 -8.500 -11.100 -12.600 -8.500
3 16 -10.200 -13.500 -8.500 -9.300 -12.600 -8.500 -2.100 -16.261 -8.500
3 16 -2.100 -16.261 -8.500 -9.300 -16.700 -8.500 -10.200 -13.500 -8.500
3 16 -12.000 -23.000 -8.500 -12.000 -10.500 -8.500 -11.100 -16.700 -8.500
3 16 12.000 -23.000 -8.500 10.200 -21.700 -8.500 11.100 -20.800 -8.500
3 16 12.000 -23.000 -8.500 11.100 -20.800 -8.500 10.200 -17.600 -8.500
3 16 10.200 -17.600 -8.500 11.100 -16.700 -8.500 12.000 -23.000 -8.500
3 16 11.100 -20.800 -8.500 10.200 -19.900 -8.500 9.300 -16.700 -8.500
3 16 9.300 -16.700 -8.500 10.200 -17.600 -8.500 11.100 -20.800 -8.500
3 16 10.200 -19.900 -8.500 9.300 -20.800 -8.500 1.400 -20.200 -8.500
3 16 1.400 -20.200 -8.500 9.300 -16.700 -8.500 10.200 -19.900 -8.500
3 16 11.100 -12.600 -8.500 10.200 -11.700 -8.500 12.000 -10.500 -8.500
3 16 12.000 -10.500 -8.500 11.100 -16.700 -8.500 10.200 -15.800 -8.500
3 16 10.200 -15.800 -8.500 11.100 -12.600 -8.500 12.000 -10.500 -8.500
3 16 11.100 -12.600 -8.500 10.200 -15.800 -8.500 9.300 -16.700 -8.500
3 16 9.300 -16.700 -8.500 10.200 -13.500 -8.500 11.100 -12.600 -8.500
3 16 10.200 -13.500 -8.500 9.300 -16.700 -8.500 3.050 -15.077 -8.500
3 16 3.050 -15.077 -8.500 9.300 -12.600 -8.500 10.200 -13.500 -8.500
3 16 12.000 -23.000 -8.500 11.100 -16.700 -8.500 12.000 -10.500 -8.500
3 16 -2.100 -20.200 -8.500 -3.200 -20.194 -8.500 -2.100 -19.168 -8.500
3 16 -2.100 -20.200 -8.500 -12.000 -23.000 -8.500 -10.200 -21.700 -8.500
3 16 -10.200 -21.700 -8.500 -3.200 -20.194 -8.500 -2.100 -20.200 -8.500
3 16 -10.200 -21.700 -8.500 -9.300 -20.800 -8.500 -3.200 -19.237 -8.500
3 16 -3.200 -19.237 -8.500 -3.200 -20.194 -8.500 -10.200 -21.700 -8.500
3 16 -9.300 -20.800 -8.500 -3.200 -18.244 -8.500 -2.100 -18.211 -8.500
3 16 -2.100 -18.211 -8.500 -3.200 -19.237 -8.500 -9.300 -20.800 -8.500
3 16 -3.200 -18.244 -8.500 -2.100 -17.218 -8.500 -2.100 -18.211 -8.500
3 16 -9.300 -20.800 -8.500 -3.200 -17.287 -8.500 -3.200 -18.244 -8.500
3 16 -3.200 -17.287 -8.500 -9.300 -16.700 -8.500 -2.100 -16.261 -8.500
3 16 -2.100 -16.261 -8.500 -9.300 -12.600 -8.500 -10.200 -11.700 -8.500
3 16 -10.200 -11.700 -8.500 -2.100 -13.100 -8.500 -2.100 -16.261 -8.500
3 16 -10.200 -11.700 -8.500 -12.000 -10.500 -8.500 -1.261 -13.100 -8.500
3 16 -1.261 -13.100 -8.500 -2.100 -13.100 -8.500 -10.200 -11.700 -8.500
3 16 -1.261 -13.100 -8.500 -12.000 -10.500 -8.500 12.000 -10.500 -8.500
3 16 12.000 -10.500 -8.500 0.700 -13.100 -8.500 -1.261 -13.100 -8.500
3 16 1.400 -13.100 -8.500 0.700 -13.100 -8.500 12.000 -10.500 -8.500
3 16 2.328 -13.100 -8.500 1.400 -13.100 -8.500 12.000 -10.500 -8.500
3 16 2.328 -13.100 -8.500 12.000 -10.500 -8.500 10.200 -11.700 -8.500
3 16 10.200 -11.700 -8.500 3.050 -13.100 -8.500 2.328 -13.100 -8.500
3 16 10.200 -11.700 -8.500 9.300 -12.600 -8.500 3.050 -15.077 -8.500
3 16 3.050 -15.077 -8.500 3.050 -13.100 -8.500 10.200 -11.700 -8.500
3 16 9.300 -16.700 -8.500 1.400 -20.200 -8.500 1.400 -16.615 -8.500
3 16 1.400 -16.615 -8.500 3.050 -15.077 -8.500 9.300 -16.700 -8.500
3 16 10.200 -21.700 -8.500 1.400 -20.200 -8.500 9.300 -20.800 -8.500
3 16 10.200 -21.700 -8.500 12.000 -23.000 -8.500 0.700 -20.200 -8.500
3 16 0.700 -20.200 -8.500 1.400 -20.200 -8.500 10.200 -21.700 -8.500
3 16 0.700 -20.200 -8.500 12.000 -23.000 -8.500 -1.400 -20.200 -8.500
3 16 -1.400 -20.200 -8.500 -0.400 -20.194 -8.500 0.700 -20.200 -8.500
3 16 12.000 -23.000 -8.500 -12.000 -23.000 -8.500 -2.100 -20.200 -8.500
3 16 -2.100 -20.200 -8.500 -1.400 -20.200 -8.500 12.000 -23.000 -8.500
3 16 -1.400 -20.200 -8.500 -0.400 -19.237 -8.500 -0.400 -20.194 -8.500
3 16 0.700 -20.200 -8.500 -0.400 -20.194 -8.500 0.700 -19.168 -8.500
3 16 -0.400 -19.237 -8.500 -0.400 -18.194 -8.500 0.700 -17.168 -8.500
3 16 0.700 -17.168 -8.500 0.700 -18.211 -8.500 -0.400 -19.237 -8.500
3 16 -1.400 -20.200 -8.500 -0.400 -18.194 -8.500 -0.400 -19.237 -8.500
3 16 -0.400 -18.194 -8.500 -1.400 -20.200 -8.500 -1.400 -16.615 -8.500
3 16 -1.400 -16.615 -8.500 -0.400 -17.237 -8.500 -0.400 -18.194 -8.500
3 16 0.250 -15.077 -8.500 0.700 -16.211 -8.500 -0.400 -17.237 -8.500
3 16 -0.400 -17.237 -8.500 -1.400 -16.615 -8.500 0.250 -15.077 -8.500
3 16 0.250 -14.509 -8.500 0.700 -13.100 -8.500 0.700 -16.211 -8.500
3 16 0.700 -16.211 -8.500 0.250 -15.077 -8.500 0.250 -14.509 -8.500
3 16 0.250 -14.509 -8.500 -1.261 -13.100 -8.500 0.700 -13.100 -8.500
3 16 1.400 -13.100 -8.500 2.328 -13.100 -8.500 2.328 -14.793 -8.500
3 16 2.328 -14.793 -8.500 1.400 -15.658 -8.500 1.400 -13.100 -8.500
3 16 -1.400 -15.658 -8.500 -1.400 -13.928 -8.500 -0.472 -14.793 -8.500
3 300 -10.200 -21.700 -8.500 -11.100 -20.800 -8.500 -10.200 -19.900 -8.500
3 300 -10.200 -19.900 -8.500 -9.300 -20.800 -8.500 -10.200 -21.700 -8.500
3 300 -10.200 -17.600 -8.500 -11.100 -16.700 -8.500 -10.200 -15.800 -8.500
3 300 -10.200 -15.800 -8.500 -9.300 -16.700 -8.500 -10.200 -17.600 -8.500
3 300 -10.200 -11.700 -8.500 -9.300 -12.600 -8.500 -10.200 -13.500 -8.500
3 300 -10.200 -13.500 -8.500 -11.100 -12.600 -8.500 -10.200 -11.700 -8.500
3 300 10.200 -21.700 -8.500 9.300 -20.800 -8.500 10.200 -19.900 -8.500
3 300 10.200 -19.900 -8.500 11.100 -20.800 -8.500 10.200 -21.700 -8.500
3 300 10.200 -17.600 -8.500 9.300 -16.700 -8.500 10.200 -15.800 -8.500
3 300 10.200 -15.800 -8.500 11.100 -16.700 -8.500 10.200 -17.600 -8.500
3 300 10.200 -11.700 -8.500 11.100 -12.600 -8.500 10.200 -13.500 -8.500
3 300 10.200 -13.500 -8.500 9.300 -12.600 -8.500 10.200 -11.700 -8.500
3 300 -3.200 -20.194 -8.500 -3.200 -19.237 -8.500 -2.100 -18.211 -8.500
3 300 -2.100 -18.211 -8.500 -2.100 -19.168 -8.500 -3.200 -20.194 -8.500
3 300 -3.200 -18.244 -8.500 -3.200 -17.287 -8.500 -2.100 -16.261 -8.500
3 300 -2.100 -16.261 -8.500 -2.100 -17.218 -8.500 -3.200 -18.244 -8.500
3 300 -2.100 -20.200 -8.500 -2.100 -19.168 -8.500 -1.400 -16.615 -8.500
3 300 -1.400 -16.615 -8.500 -1.400 -20.200 -8.500 -2.100 -20.200 -8.500
3 300 -2.100 -19.168 -8.500 -2.100 -18.211 -8.500 -1.400 -16.615 -8.500
3 300 -2.100 -18.211 -8.500 -2.100 -17.218 -8.500 -1.400 -16.615 -8.500
3 300 -2.100 -17.218 -8.500 -2.100 -16.261 -8.500 -1.400 -15.658 -8.500
3 300 -1.400 -15.658 -8.500 -1.400 -16.615 -8.500 -2.100 -17.218 -8.500
3 300 -1.400 -15.658 -8.500 -2.100 -16.261 -8.500 -2.100 -13.100 -8.500
3 300 -2.100 -13.100 -8.500 -1.400 -13.928 -8.500 -1.400 -15.658 -8.500
3 300 -1.400 -15.658 -8.500 -0.472 -14.793 -8.500 0.250 -15.077 -8.500
3 300 0.250 -15.077 -8.500 -1.400 -16.615 -8.500 -1.400 -15.658 -8.500
3 300 0.250 -15.077 -8.500 -0.472 -14.793 -8.500 -1.261 -13.100 -8.500
3 300 -1.261 -13.100 -8.500 0.250 -14.509 -8.500 0.250 -15.077 -8.500
3 300 -0.472 -14.793 -8.500 -1.400 -13.928 -8.500 -2.100 -13.100 -8.500
3 300 -2.100 -13.100 -8.500 -1.261 -13.100 -8.500 -0.472 -14.793 -8.500
3 300 -0.400 -20.194 -8.500 -0.400 -19.237 -8.500 0.700 -18.211 -8.500
3 300 0.700 -18.211 -8.500 0.700 -19.168 -8.500 -0.400 -20.194 -8.500
3 300 -0.400 -18.194 -8.500 -0.400 -17.237 -8.500 0.700 -16.211 -8.500
3 300 0.700 -16.211 -8.500 0.700 -17.168 -8.500 -0.400 -18.194 -8.500
3 300 0.700 -20.200 -8.500 0.700 -19.168 -8.500 1.400 -16.615 -8.500
3 300 1.400 -16.615 -8.500 1.400 -20.200 -8.500 0.700 -20.200 -8.500
3 300 0.700 -19.168 -8.500 0.700 -18.211 -8.500 1.400 -16.615 -8.500
3 300 0.700 -18.211 -8.500 0.700 -17.168 -8.500 1.400 -16.615 -8.500
3 300 0.700 -17.168 -8.500 0.700 -16.211 -8.500 1.400 -15.658 -8.500
3 300 1.400 -15.658 -8.500 1.400 -16.615 -8.500 0.700 -17.168 -8.500
3 300 1.400 -15.658 -8.500 0.700 -16.211 -8.500 0.700 -13.100 -8.500
3 300 0.700 -13.100 -8.500 1.400 -13.100 -8.500 1.400 -15.658 -8.500
3 300 1.400 -15.658 -8.500 2.328 -14.793 -8.500 3.050 -15.077 -8.500
3 300 3.050 -15.077 -8.500 1.400 -16.615 -8.500 1.400 -15.658 -8.500
3 300 2.328 -13.100 -8.500 3.050 -13.100 -8.500 3.050 -15.077 -8.500
3 300 3.050 -15.077 -8.500 2.328 -14.793 -8.500 2.328 -13.100 -8.500
3 16 12.000 -23.000 8.500 11.100 -20.800 8.500 10.200 -21.700 8.500
3 16 12.000 -23.000 8.500 11.100 -16.700 8.500 10.200 -17.600 8.500
3 16 10.200 -17.600 8.500 11.100 -20.800 8.500 12.000 -23.000 8.500
3 16 11.100 -20.800 8.500 10.200 -17.600 8.500 9.300 -16.700 8.500
3 16 9.300 -16.700 8.500 10.200 -19.900 8.500 11.100 -20.800 8.500
3 16 10.200 -19.900 8.500 9.300 -16.700 8.500 3.200 -17.287 8.500
3 16 3.200 -17.287 8.500 9.300 -20.800 8.500 10.200 -19.900 8.500
3 16 11.100 -12.600 8.500 12.000 -10.500 8.500 10.200 -11.700 8.500
3 16 12.000 -10.500 8.500 11.100 -12.600 8.500 10.200 -15.800 8.500
3 16 10.200 -15.800 8.500 11.100 -16.700 8.500 12.000 -10.500 8.500
3 16 11.100 -12.600 8.500 10.200 -13.500 8.500 9.300 -16.700 8.500
3 16 9.300 -16.700 8.500 10.200 -15.800 8.500 11.100 -12.600 8.500
3 16 10.200 -13.500 8.500 9.300 -12.600 8.500 2.100 -16.261 8.500
3 16 2.100 -16.261 8.500 9.300 -16.700 8.500 10.200 -13.500 8.500
3 16 12.000 -23.000 8.500 12.000 -10.500 8.500 11.100 -16.700 8.500
3 16 -12.000 -23.000 8.500 -10.200 -21.700 8.500 -11.100 -20.800 8.500
3 16 -12.000 -23.000 8.500 -11.100 -20.800 8.500 -10.200 -17.600 8.500
3 16 -10.200 -17.600 8.500 -11.100 -16.700 8.500 -12.000 -23.000 8.500
3 16 -11.100 -20.800 8.500 -10.200 -19.900 8.500 -9.300 -16.700 8.500
3 16 -9.300 -16.700 8.500 -10.200 -17.600 8.500 -11.100 -20.800 8.500
3 16 -10.200 -19.900 8.500 -9.300 -20.800 8.500 -1.400 -20.200 8.500
3 16 -1.400 -20.200 8.500 -9.300 -16.700 8.500 -10.200 -19.900 8.500
3 16 -11.100 -12.600 8.500 -10.200 -11.700 8.500 -12.000 -10.500 8.500
3 16 -12.000 -10.500 8.500 -11.100 -16.700 8.500 -10.200 -15.800 8.500
3 16 -10.200 -15.800 8.500 -11.100 -12.600 8.500 -12.000 -10.500 8.500
3 16 -11.100 -12.600 8.500 -10.200 -15.800 8.500 -9.300 -16.700 8.500
3 16 -9.300 -16.700 8.500 -10.200 -13.500 8.500 -11.100 -12.600 8.500
3 16 -10.200 -13.500 8.500 -9.300 -16.700 8.500 -3.050 -15.077 8.500
3 16 -3.050 -15.077 8.500 -9.300 -12.600 8.500 -10.200 -13.500 8.500
3 16 -12.000 -23.000 8.500 -11.100 -16.700 8.500 -12.000 -10.500 8.500
3 16 2.100 -20.200 8.500 3.200 -20.194 8.500 2.100 -19.168 8.500
3 16 2.100 -20.200 8.500 12.000 -23.000 8.500 10.200 -21.700 8.500
3 16 10.200 -21.700 8.500 3.200 -20.194 8.500 2.100 -20.200 8.500
3 16 10.200 -21.700 8.500 9.300 -20.800 8.500 3.200 -19.237 8.500
3 16 3.200 -19.237 8.500 3.200 -20.194 8.500 10.200 -21.700 8.500
3 16 9.300 -20.800 8.500 3.200 -18.244 8.500 2.100 -18.211 8.500
3 16 2.100 -18.211 8.500 3.200 -19.237 8.500 9.300 -20.800 8.500
3 16 3.200 -18.244 8.500 2.100 -17.218 8.500 2.100 -18.211 8.500
3 16 9.300 -20.800 8.500 3.200 -17.287 8.500 3.200 -18.244 8.500
3 16 3.200 -17.287 8.500 9.300 -16.700 8.500 2.100 -16.261 8.500
3 16 2.100 -16.261 8.500 9.300 -12.600 8.500 10.200 -11.700 8.500
3 16 10.200 -11.700 8.500 2.100 -13.100 8.500 2.100 -16.261 8.500
3 16 10.200 -11.700 8.500 12.000 -10.500 8.500 1.261 -13.100 8.500
3 16 1.261 -13.100 8.500 2.100 -13.100 8.500 10.200 -11.700 8.500
3 16 1.261 -13.100 8.500 12.000 -10.500 8.500 -12.000 -10.500 8.500
3 16 -12.000 -10.500 8.500 -0.700 -13.100 8.500 1.261 -13.100 8.500
3 16 -1.400 -13.100 8.500 -0.700 -13.100 8.500 -12.000 -10.500 8.500
3 16 -2.328 -13.100 8.500 -1.400 -13.100 8.500 -12.000 -10.500 8.500
3 16 -2.328 -13.100 8.500 -12.000 -10.500 8.500 -10.200 -11.700 8.500
3 16 -10.200 -11.700 8.500 -3.050 -13.100 8.500 -2.328 -13.100 8.500
3 16 -10.200 -11.700 8.500 -9.300 -12.600 8.500 -3.050 -15.077 8.500
3 16 -3.050 -15.077 8.500 -3.050 -13.100 8.500 -10.200 -11.700 8.500
3 16 -9.300 -16.700 8.500 -1.400 -20.200 8.500 -1.400 -16.615 8.500
3 16 -1.400 -16.615 8.500 -3.050 -15.077 8.500 -9.300 -16.700 8.500
3 16 -10.200 -21.700 8.500 -1.400 -20.200 8.500 -9.300 -20.800 8.500
3 16 -10.200 -21.700 8.500 -12.000 -23.000 8.500 -0.700 -20.200 8.500
3 16 -0.700 -20.200 8.500 -1.400 -20.200 8.500 -10.200 -21.700 8.500
3 16 -0.700 -20.200 8.500 -12.000 -23.000 8.500 1.400 -20.200 8.500
3 16 1.400 -20.200 8.500 0.400 -20.194 8.500 -0.700 -20.200 8.500
3 16 -12.000 -23.000 8.500 12.000 -23.000 8.500 2.100 -20.200 8.500
3 16 2.100 -20.200 8.500 1.400 -20.200 8.500 -12.000 -23.000 8.500
3 16 1.400 -20.200 8.500 0.400 -19.237 8.500 0.400 -20.194 8.500
3 16 -0.700 -20.200 8.500 0.400 -20.194 8.500 -0.700 -19.168 8.500
3 16 0.400 -19.237 8.500 0.400 -18.194 8.500 -0.700 -17.168 8.500
3 16 -0.700 -17.168 8.500 -0.700 -18.211 8.500 0.400 -19.237 8.500
3 16 1.400 -20.200 8.500 0.400 -18.194 8.500 0.400 -19.237 8.500
3 16 0.400 -18.194 8.500 1.400 -20.200 8.500 1.400 -16.615 8.500
3 16 1.400 -16.615 8.500 0.400 -17.237 8.500 0.400 -18.194 8.500
3 16 -0.250 -15.077 8.500 -0.700 -16.211 8.500 0.400 -17.237 8.500
3 16 0.400 -17.237 8.500 1.400 -16.615 8.500 -0.250 -15.077 8.500
3 16 -0.250 -14.509 8.500 -0.700 -13.100 8.500 -0.700 -16.211 8.500
3 16 -0.700 -16.211 8.500 -0.250 -15.077 8.500 -0.250 -14.509 8.500
3 16 -0.250 -14.509 8.500 1.261 -13.100 8.500 -0.700 -13.100 8.500
3 16 -1.400 -13.100 8.500 -2.328 -13.100 8.500 -2.328 -14.793 8.500
3 16 -2.328 -14.793 8.500 -1.400 -15.658 8.500 -1.400 -13.100 8.500
3 16 1.400 -15.658 8.500 1.400 -13.928 8.500 0.472 -14.793 8.500
3 300 10.200 -21.700 8.500 11.100 -20.800 8.500 10.200 -19.900 8.500
3 300 10.200 -19.900 8.500 9.300 -20.800 8.500 10.200 -21.700 8.500
3 300 10.200 -17.600 8.500 11.100 -16.700 8.500 10.200 -15.800 8.500
3 300 10.200 -15.800 8.500 9.300 -16.700 8.500 10.200 -17.600 8.500
3 300 10.200 -11.700 8.500 9.300 -12.600 8.500 10.200 -13.500 8.500
3 300 10.200 -13.500 8.500 11.100 -12.600 8.500 10.200 -11.700 8.500
3 300 -10.200 -21.700 8.500 -9.300 -20.800 8.500 -10.200 -19.900 8.500
3 300 -10.200 -19.900 8.500 -11.100 -20.800 8.500 -10.200 -21.700 8.500
3 300 -10.200 -17.600 8.500 -9.300 -16.700 8.500 -10.200 -15.800 8.500
3 300 -10.200 -15.800 8.500 -11.100 -16.700 8.500 -10.200 -17.600 8.500
3 300 -10.200 -11.700 8.500 -11.100 -12.600 8.500 -10.200 -13.500 8.500
3 300 -10.200 -13.500 8.500 -9.300 -12.600 8.500 -10.200 -11.700 8.500
3 300 3.200 -20.194 8.500 3.200 -19.237 8.500 2.100 -18.211 8.500
3 300 2.100 -18.211 8.500 2.100 -19.168 8.500 3.200 -20.194 8.500
3 300 3.200 -18.244 8.500 3.200 -17.287 8.500 2.100 -16.261 8.500
3 300 2.100 -16.261 8.500 2.100 -17.218 8.500 3.200 -18.244 8.500
3 300 2.100 -20.200 8.500 2.100 -19.168 8.500 1.400 -16.615 8.500
3 300 1.400 -16.615 8.500 1.400 -20.200 8.500 2.100 -20.200 8.500
3 300 2.100 -19.168 8.500 2.100 -18.211 8.500 1.400 -16.615 8.500
3 300 2.100 -18.211 8.500 2.100 -17.218 8.500 1.400 -16.615 8.500
3 300 2.100 -17.218 8.500 2.100 -16.261 8.500 1.400 -15.658 8.500
3 300 1.400 -15.658 8.500 1.400 -16.615 8.500 2.100 -17.218 8.500
3 300 1.400 -15.658 8.500 2.100 -16.261 8.500 2.100 -13.100 8.500
3 300 2.100 -13.100 8.500 1.400 -13.928 8.500 1.400 -15.658 8.500
3 300 1.400 -15.658 8.500 0.472 -14.793 8.500 -0.250 -15.077 8.500
3 300 -0.250 -15.077 8.500 1.400 -16.615 8.500 1.400 -15.658 8.500
3 300 -0.250 -15.077 8.500 0.472 -14.793 8.500 1.261 -13.100 8.500
3 300 1.261 -13.100 8.500 -0.250 -14.509 8.500 -0.250 -15.077 8.500
3 300 0.472 -14.793 8.500 1.400 -13.928 8.500 2.100 -13.100 8.500
3 300 2.100 -13.100 8.500 1.261 -13.100 8.500 0.472 -14.793 8.500
3 300 0.400 -20.194 8.500 0.400 -19.237 8.500 -0.700 -18.211 8.500
3 300 -0.700 -18.211 8.500 -0.700 -19.168 8.500 0.400 -20.194 8.500
3 300 0.400 -18.194 8.500 0.400 -17.237 8.500 -0.700 -16.211 8.500
3 300 -0.700 -16.211 8.500 -0.700 -17.168 8.500 0.400 -18.194 8.500
3 300 -0.700 -20.200 8.500 -0.700 -19.168 8.500 -1.400 -16.615 8.500
3 300 -1.400 -16.615 8.500 -1.400 -20.200 8.500 -0.700 -20.200 8.500
3 300 -0.700 -19.168 8.500 -0.700 -18.211 8.500 -1.400 -16.615 8.500
3 300 -0.700 -18.211 8.500 -0.700 -17.168 8.500 -1.400 -16.615 8.500
3 300 -0.700 -17.168 8.500 -0.700 -16.211 8.500 -1.400 -15.658 8.500
3 300 -1.400 -15.658 8.500 -1.400 -16.615 8.500 -0.700 -17.168 8.500
3 300 -1.400 -15.658 8.500 -0.700 -16.211 8.500 -0.700 -13.100 8.500
3 300 -0.700 -13.100 8.500 -1.400 -13.100 8.500 -1.400 -15.658 8.500
3 300 -1.400 -15.658 8.500 -2.328 -14.793 8.500 -3.050 -15.077 8.500
3 300 -3.050 -15.077 8.500 -1.400 -16.615 8.500 -1.400 -15.658 8.500
3 300 -2.328 -13.100 8.500 -3.050 -13.100 8.500 -3.050 -15.077 8.500
3 300 -3.050 -15.077 8.500 -2.328 -14.793 8.500 -2.328 -13.100 8.500
