0 FILE 85984pb194.dat
0 Slope 30 1 x 2 x 2/3 with Telephone Dial and Dark Bluish Gray Button Pattern (Sticker) - Set 75827
0 Name:  85984pb194.dat
0 Author:  
0 BL_Item_No 85984pb194
0 BFC CERTIFY CCW
1 16 0.0000 0.0000 0.0000 1.0000 0.0000 0.0000 0.0000 1.0000 0.0000 0.0000 0.0000 1.0000 85984.dat
3 16 -19.000 -6.870 -5.702 -19.000 -13.559 5.445 -19.000 -13.344 5.574
3 16 -19.000 -13.344 5.574 -19.000 -6.656 -5.574 -19.000 -6.870 -5.702
3 16 -16.500 -14.845 7.589 16.500 -14.845 7.589 16.500 -14.630 7.717
3 16 16.500 -14.630 7.717 -16.500 -14.630 7.717 -16.500 -14.845 7.589
3 16 16.500 -5.584 -7.846 -16.500 -5.584 -7.846 -16.500 -5.370 -7.717
3 16 -16.500 -5.370 -7.717 16.500 -5.370 -7.717 16.500 -5.584 -7.846
3 16 19.000 -13.559 5.445 19.000 -6.870 -5.702 19.000 -6.656 -5.574
3 16 19.000 -6.656 -5.574 19.000 -13.344 5.574 19.000 -13.559 5.445
3 16 -19.000 -6.656 -5.574 -19.000 -13.344 5.574 -16.500 -14.630 7.717
3 16 -16.500 -14.630 7.717 -16.500 -5.370 -7.717 -19.000 -6.656 -5.574
3 16 -16.500 -5.370 -7.717 -16.500 -14.630 7.717 16.500 -14.630 7.717
3 16 16.500 -14.630 7.717 16.500 -5.370 -7.717 -16.500 -5.370 -7.717
3 16 16.500 -5.370 -7.717 16.500 -14.630 7.717 19.000 -13.344 5.574
3 16 19.000 -13.344 5.574 19.000 -6.656 -5.574 16.500 -5.370 -7.717
3 0 -5.983 -9.602 -1.149 -6.100 -10.214 -0.129 -7.284 -10.584 0.487
3 0 -7.284 -10.584 0.487 -7.284 -9.845 -0.743 -5.983 -9.602 -1.149
3 0 -6.100 -10.214 -0.129 -5.983 -10.826 0.891 -7.004 -11.307 1.693
3 0 -7.004 -11.307 1.693 -7.284 -10.584 0.487 -6.100 -10.214 -0.129
3 0 -5.635 -9.013 -2.131 -5.983 -9.602 -1.149 -7.284 -9.845 -0.743
3 0 -7.284 -9.845 -0.743 -7.004 -9.121 -1.951 -5.635 -9.013 -2.131
3 0 -5.983 -10.826 0.891 -5.635 -11.415 1.873 -6.455 -11.989 2.830
3 0 -6.455 -11.989 2.830 -7.004 -11.307 1.693 -5.983 -10.826 0.891
3 0 -5.072 -8.470 -3.036 -5.635 -9.013 -2.131 -7.004 -9.121 -1.951
3 0 -7.004 -9.121 -1.951 -6.455 -8.439 -3.088 -5.072 -8.470 -3.036
3 0 -5.635 -11.415 1.873 -5.072 -11.958 2.777 -5.657 -12.604 3.854
3 0 -5.657 -12.604 3.854 -6.455 -11.989 2.830 -5.635 -11.415 1.873
3 0 -4.314 -7.995 -3.828 -5.072 -8.470 -3.036 -6.455 -8.439 -3.088
3 0 -6.455 -8.439 -3.088 -5.657 -7.825 -4.111 -4.314 -7.995 -3.828
3 0 -5.072 -11.958 2.777 -4.314 -12.434 3.571 -4.643 -13.125 4.722
3 0 -4.643 -13.125 4.722 -5.657 -12.604 3.854 -5.072 -11.958 2.777
3 0 -3.389 -7.605 -4.478 -4.314 -7.995 -3.828 -5.657 -7.825 -4.111
3 0 -5.657 -7.825 -4.111 -4.643 -7.303 -4.980 -3.389 -7.605 -4.478
3 0 -4.314 -12.434 3.571 -3.389 -12.823 4.220 -3.450 -13.536 5.407
3 0 -3.450 -13.536 5.407 -4.643 -13.125 4.722 -4.314 -12.434 3.571
3 0 -2.333 -7.315 -4.961 -3.389 -7.605 -4.478 -4.643 -7.303 -4.980
3 0 -4.643 -7.303 -4.980 -3.450 -6.893 -5.664 -2.333 -7.315 -4.961
3 0 -3.389 -12.823 4.220 -2.333 -13.114 4.703 -2.123 -13.818 5.878
3 0 -2.123 -13.818 5.878 -3.450 -13.536 5.407 -3.389 -12.823 4.220
3 0 -1.578 -9.878 -0.689 -1.708 -10.214 -0.129 -2.562 -10.214 -0.129
3 0 -2.562 -10.214 -0.129 -2.474 -9.873 -0.698 -1.578 -9.878 -0.689
3 0 -2.562 -10.214 -0.129 -1.708 -10.214 -0.129 -1.578 -10.551 0.432
3 0 -1.578 -10.551 0.432 -2.474 -10.555 0.440 -2.562 -10.214 -0.129
3 0 -1.208 -9.593 -1.164 -1.578 -9.878 -0.689 -2.474 -9.873 -0.698
3 0 -2.474 -9.873 -0.698 -2.220 -9.555 -1.227 -1.208 -9.593 -1.164
3 0 -2.474 -10.555 0.440 -1.578 -10.551 0.432 -1.208 -10.835 0.906
3 0 -1.208 -10.835 0.906 -2.220 -10.873 0.970 -2.474 -10.555 0.440
3 0 -1.189 -7.136 -5.260 -2.333 -7.315 -4.961 -3.450 -6.893 -5.664
3 0 -3.450 -6.893 -5.664 -2.123 -6.610 -6.135 -1.189 -7.136 -5.260
3 0 -2.333 -13.114 4.703 -1.189 -13.293 5.002 -0.717 -13.961 6.116
3 0 -0.717 -13.961 6.116 -2.123 -13.818 5.878 -2.333 -13.114 4.703
3 0 -1.281 -9.073 -2.031 -1.208 -9.593 -1.164 -2.220 -9.555 -1.227
3 0 -2.220 -9.555 -1.227 -1.812 -9.282 -1.682 -1.281 -9.073 -2.031
3 0 -2.220 -10.873 0.970 -1.208 -10.835 0.906 -1.281 -11.356 1.774
3 0 -1.281 -11.356 1.774 -1.812 -11.146 1.424 -2.220 -10.873 0.970
3 0 -0.663 -8.941 -2.251 -0.654 -9.402 -1.482 -1.208 -9.593 -1.164
3 0 -1.208 -9.593 -1.164 -1.281 -9.073 -2.031 -0.663 -8.941 -2.251
3 0 -1.208 -10.835 0.906 -0.654 -11.026 1.224 -0.663 -11.487 1.993
3 0 -0.663 -11.487 1.993 -1.281 -11.356 1.774 -1.208 -10.835 0.906
3 0 0.000 -7.075 -5.360 -1.189 -7.136 -5.260 -2.123 -6.610 -6.135
3 0 -2.123 -6.610 -6.135 -0.717 -6.467 -6.375 0.000 -7.075 -5.360
3 0 -0.717 -13.961 6.116 -1.189 -13.293 5.002 0.000 -13.353 5.102
3 0 0.000 -8.896 -2.326 0.000 -9.336 -1.593 -0.654 -9.402 -1.482
3 0 -0.654 -9.402 -1.482 -0.663 -8.941 -2.251 0.000 -8.896 -2.326
3 0 0.000 -11.532 2.067 -0.663 -11.487 1.993 -0.654 -11.026 1.224
3 0 -0.654 -11.026 1.224 0.000 -11.093 1.335 0.000 -11.532 2.067
3 0 0.000 -11.532 2.067 0.000 -11.093 1.335 0.654 -11.026 1.224
3 0 0.654 -11.026 1.224 0.664 -11.487 1.993 0.000 -11.532 2.067
3 0 0.654 -9.402 -1.482 0.000 -9.336 -1.593 0.000 -8.896 -2.326
3 0 0.000 -8.896 -2.326 0.664 -8.941 -2.251 0.654 -9.402 -1.482
3 0 -0.717 -13.961 6.116 0.000 -13.353 5.102 1.190 -13.293 5.002
3 0 1.190 -13.293 5.002 0.718 -13.961 6.116 -0.717 -13.961 6.116
3 0 1.190 -7.136 -5.260 0.000 -7.075 -5.360 -0.717 -6.467 -6.375
3 0 -0.717 -6.467 -6.375 0.718 -6.467 -6.375 1.190 -7.136 -5.260
3 0 0.664 -11.487 1.993 0.654 -11.026 1.224 1.208 -10.835 0.906
3 0 1.208 -10.835 0.906 1.281 -11.356 1.774 0.664 -11.487 1.993
3 0 1.208 -9.593 -1.164 0.654 -9.402 -1.482 0.664 -8.941 -2.251
3 0 0.664 -8.941 -2.251 1.281 -9.073 -2.031 1.208 -9.593 -1.164
3 0 1.787 -8.538 -2.922 2.545 -8.331 -3.267 2.585 -8.529 -2.938
3 0 1.281 -11.356 1.774 1.208 -10.835 0.906 2.219 -10.873 0.970
3 0 2.219 -10.873 0.970 1.813 -11.146 1.424 1.281 -11.356 1.774
3 0 2.219 -9.555 -1.227 1.208 -9.593 -1.164 1.281 -9.073 -2.031
3 0 1.281 -9.073 -2.031 1.813 -9.282 -1.682 2.219 -9.555 -1.227
3 0 0.718 -13.961 6.116 1.190 -13.293 5.002 2.334 -13.114 4.703
3 0 2.334 -13.114 4.703 2.124 -13.818 5.878 0.718 -13.961 6.116
3 0 2.445 -7.302 -4.982 1.190 -7.136 -5.260 0.718 -6.467 -6.375
3 0 0.718 -6.467 -6.375 2.124 -6.610 -6.135 2.445 -7.302 -4.982
3 0 1.208 -10.835 0.906 1.577 -10.551 0.432 2.474 -10.555 0.440
3 0 2.474 -10.555 0.440 2.219 -10.873 0.970 1.208 -10.835 0.906
3 0 2.474 -9.873 -0.698 1.577 -9.878 -0.689 1.208 -9.593 -1.164
3 0 1.208 -9.593 -1.164 2.219 -9.555 -1.227 2.474 -9.873 -0.698
3 0 2.124 -6.610 -6.135 3.136 -6.824 -5.779 3.459 -7.368 -4.873
3 0 3.459 -7.368 -4.873 2.445 -7.302 -4.982 2.124 -6.610 -6.135
3 0 1.577 -10.551 0.432 1.709 -10.214 -0.129 2.563 -10.214 -0.129
3 0 2.563 -10.214 -0.129 2.474 -10.555 0.440 1.577 -10.551 0.432
3 0 2.563 -10.214 -0.129 1.709 -10.214 -0.129 1.577 -9.878 -0.689
3 0 1.577 -9.878 -0.689 2.474 -9.873 -0.698 2.563 -10.214 -0.129
3 0 2.099 -9.009 -2.138 1.869 -8.855 -2.394 1.787 -8.538 -2.922
3 0 1.787 -8.538 -2.922 2.526 -9.043 -2.081 2.099 -9.009 -2.138
3 0 1.787 -8.538 -2.922 1.919 -8.071 -3.701 2.636 -8.083 -3.681
3 0 2.636 -8.083 -3.681 2.545 -8.331 -3.267 1.787 -8.538 -2.922
3 0 1.919 -8.071 -3.701 2.185 -7.597 -4.492 2.856 -7.839 -4.088
3 0 2.856 -7.839 -4.088 2.636 -8.083 -3.681 1.919 -8.071 -3.701
3 0 2.769 -8.582 -2.849 1.787 -8.538 -2.922 2.585 -8.529 -2.938
3 0 2.185 -7.597 -4.492 2.445 -7.302 -4.982 3.137 -7.566 -4.542
3 0 3.137 -7.566 -4.542 2.856 -7.839 -4.088 2.185 -7.597 -4.492
3 0 2.526 -9.043 -2.081 1.787 -8.538 -2.922 2.769 -8.582 -2.849
3 0 2.769 -8.582 -2.849 2.990 -8.972 -2.199 2.526 -9.043 -2.081
3 0 3.137 -7.566 -4.542 2.445 -7.302 -4.982 3.459 -7.368 -4.873
3 0 2.124 -13.818 5.878 2.334 -13.114 4.703 3.389 -12.823 4.220
3 0 3.389 -12.823 4.220 3.451 -13.536 5.407 2.124 -13.818 5.878
3 0 3.459 -7.368 -4.873 3.136 -6.824 -5.779 3.820 -7.239 -5.088
3 0 2.990 -8.972 -2.199 2.769 -8.582 -2.849 3.093 -8.554 -2.896
3 0 3.093 -8.554 -2.896 3.506 -8.827 -2.441 2.990 -8.972 -2.199
3 0 3.506 -8.827 -2.441 3.093 -8.554 -2.896 3.759 -8.350 -3.235
3 0 3.759 -8.350 -3.235 3.959 -8.690 -2.669 3.506 -8.827 -2.441
3 0 3.820 -7.239 -5.088 3.136 -6.824 -5.779 3.620 -6.736 -5.926
3 0 3.620 -6.736 -5.926 4.250 -7.241 -5.085 3.820 -7.239 -5.088
3 0 5.002 -6.905 -5.645 4.250 -7.241 -5.085 3.620 -6.736 -5.926
3 0 3.620 -6.736 -5.926 4.311 -6.739 -5.920 5.002 -6.905 -5.645
3 0 3.959 -8.690 -2.669 3.759 -8.350 -3.235 4.180 -8.256 -3.393
3 0 4.180 -8.256 -3.393 4.476 -8.609 -2.804 3.959 -8.690 -2.669
3 0 4.580 -7.286 -5.009 4.250 -7.241 -5.085 5.002 -6.905 -5.645
3 0 3.451 -13.536 5.407 3.389 -12.823 4.220 4.315 -12.434 3.571
3 0 4.315 -12.434 3.571 4.644 -13.125 4.722 3.451 -13.536 5.407
3 0 4.476 -8.609 -2.804 4.180 -8.256 -3.393 4.691 -8.181 -3.518
3 0 4.691 -8.181 -3.518 5.137 -8.569 -2.872 4.476 -8.609 -2.804
3 0 5.137 -8.569 -2.872 4.691 -8.181 -3.518 5.149 -8.147 -3.575
3 0 5.503 -8.061 -3.717 6.419 -8.395 -3.161 5.137 -8.569 -2.872
3 0 5.137 -8.569 -2.872 5.149 -8.147 -3.575 5.503 -8.061 -3.717
3 0 5.609 -7.913 -3.965 6.624 -7.935 -3.927 6.619 -8.197 -3.491
3 0 6.619 -8.197 -3.491 5.503 -8.061 -3.717 5.609 -7.913 -3.965
3 0 5.002 -6.905 -5.645 5.889 -7.269 -5.038 6.458 -7.672 -4.366
3 0 6.458 -7.672 -4.366 5.532 -7.728 -4.272 5.002 -6.905 -5.645
3 0 5.532 -7.728 -4.272 4.580 -7.286 -5.009 5.002 -6.905 -5.645
3 0 5.532 -7.728 -4.272 6.458 -7.672 -4.366 6.624 -7.935 -3.927
3 0 6.624 -7.935 -3.927 5.609 -7.913 -3.965 5.532 -7.728 -4.272
3 0 4.644 -13.125 4.722 4.315 -12.434 3.571 5.072 -11.958 2.777
3 0 5.072 -11.958 2.777 5.658 -12.604 3.854 4.644 -13.125 4.722
3 0 7.005 -9.121 -1.951 5.636 -9.013 -2.131 5.137 -8.569 -2.872
3 0 5.137 -8.569 -2.872 6.419 -8.395 -3.161 7.005 -9.121 -1.951
3 0 6.419 -8.395 -3.161 5.503 -8.061 -3.717 6.619 -8.197 -3.491
3 0 5.658 -12.604 3.854 5.072 -11.958 2.777 5.636 -11.415 1.873
3 0 5.636 -11.415 1.873 6.456 -11.989 2.830 5.658 -12.604 3.854
3 0 6.456 -11.989 2.830 5.636 -11.415 1.873 5.983 -10.826 0.891
3 0 5.983 -10.826 0.891 7.005 -11.307 1.693 6.456 -11.989 2.830
3 0 7.284 -9.845 -0.743 5.983 -9.602 -1.149 5.636 -9.013 -2.131
3 0 5.636 -9.013 -2.131 7.005 -9.121 -1.951 7.284 -9.845 -0.743
3 0 7.005 -11.307 1.693 5.983 -10.826 0.891 6.100 -10.214 -0.129
3 0 6.100 -10.214 -0.129 7.284 -10.584 0.487 7.005 -11.307 1.693
3 0 7.284 -10.584 0.487 6.100 -10.214 -0.129 5.983 -9.602 -1.149
3 0 5.983 -9.602 -1.149 7.284 -9.845 -0.743 7.284 -10.584 0.487
3 15 -5.983 -9.602 -1.149 -5.182 -10.322 0.051 -5.395 -10.486 0.324
3 15 -5.395 -10.486 0.324 -6.100 -10.214 -0.129 -5.983 -9.602 -1.149
3 15 -5.983 -9.602 -1.149 -5.115 -9.210 -1.803 -5.041 -9.402 -1.482
3 15 -5.041 -9.402 -1.482 -4.829 -9.566 -1.209 -5.182 -10.322 0.051
3 15 -5.182 -10.322 0.051 -5.983 -9.602 -1.149 -5.041 -9.402 -1.482
3 15 -5.470 -10.678 0.645 -5.395 -10.871 0.966 -5.635 -11.415 1.873
3 15 -5.635 -11.415 1.873 -5.983 -10.826 0.891 -5.470 -10.678 0.645
3 15 -5.041 -9.017 -2.124 -5.115 -9.210 -1.803 -5.983 -9.602 -1.149
3 15 -5.983 -9.602 -1.149 -5.635 -9.013 -2.131 -5.041 -9.017 -2.124
3 15 -5.635 -11.415 1.873 -5.395 -10.871 0.966 -5.182 -11.036 1.240
3 15 -5.182 -11.036 1.240 -4.864 -11.145 1.422 -5.072 -11.958 2.777
3 15 -5.072 -11.958 2.777 -5.635 -11.415 1.873 -5.182 -11.036 1.240
3 15 -5.983 -10.826 0.891 -6.100 -10.214 -0.129 -5.395 -10.486 0.324
3 15 -5.395 -10.486 0.324 -5.470 -10.678 0.645 -5.983 -10.826 0.891
3 15 -5.182 -10.322 0.051 -4.829 -9.566 -1.209 -4.864 -10.213 -0.131
3 15 -4.314 -7.995 -3.828 -4.135 -8.706 -2.643 -4.511 -8.744 -2.578
3 15 -4.511 -8.744 -2.578 -5.072 -8.470 -3.036 -4.314 -7.995 -3.828
3 15 -4.864 -11.145 1.422 -4.005 -11.971 2.800 -3.931 -12.165 3.122
3 15 -3.931 -12.165 3.122 -5.072 -11.958 2.777 -4.864 -11.145 1.422
3 15 -5.635 -9.013 -2.131 -5.072 -8.470 -3.036 -4.829 -8.854 -2.397
3 15 -4.829 -8.854 -2.397 -5.041 -9.017 -2.124 -5.635 -9.013 -2.131
3 15 -4.829 -9.566 -1.209 -4.511 -9.676 -1.026 -4.490 -10.175 -0.195
3 15 -4.490 -10.175 -0.195 -4.864 -10.213 -0.131 -4.829 -9.566 -1.209
3 15 -4.829 -8.854 -2.397 -5.072 -8.470 -3.036 -4.511 -8.744 -2.578
3 15 -4.511 -9.676 -1.026 -4.135 -9.714 -0.963 -4.115 -10.213 -0.131
3 15 -4.115 -10.213 -0.131 -4.490 -10.175 -0.195 -4.511 -9.676 -1.026
3 15 -3.065 -7.944 -3.912 -3.139 -8.137 -3.591 -4.135 -8.706 -2.643
3 15 -4.135 -8.706 -2.643 -4.314 -7.995 -3.828 -3.065 -7.944 -3.912
3 15 -5.072 -11.958 2.777 -3.931 -12.165 3.122 -3.719 -12.328 3.395
3 15 -3.719 -12.328 3.395 -4.314 -12.434 3.571 -5.072 -11.958 2.777
3 15 -3.139 -8.137 -3.591 -3.065 -8.329 -3.270 -3.761 -8.744 -2.578
3 15 -3.761 -8.744 -2.578 -4.135 -8.706 -2.643 -3.139 -8.137 -3.591
3 15 -4.135 -9.714 -0.963 -3.761 -9.676 -1.026 -3.796 -10.322 0.051
3 15 -3.796 -10.322 0.051 -4.115 -10.213 -0.131 -4.135 -9.714 -0.963
3 15 -4.864 -11.145 1.422 -4.490 -11.183 1.485 -3.931 -11.779 2.479
3 15 -3.931 -11.779 2.479 -4.005 -11.971 2.800 -4.864 -11.145 1.422
3 15 -4.490 -11.183 1.485 -4.115 -11.145 1.422 -3.719 -11.615 2.206
3 15 -3.719 -11.615 2.206 -3.931 -11.779 2.479 -4.490 -11.183 1.485
3 15 -3.761 -9.676 -1.026 -3.443 -9.566 -1.209 -3.584 -10.486 0.324
3 15 -3.584 -10.486 0.324 -3.796 -10.322 0.051 -3.761 -9.676 -1.026
3 15 -3.065 -8.329 -3.270 -2.853 -8.493 -2.998 -3.443 -8.854 -2.397
3 15 -3.443 -8.854 -2.397 -3.761 -8.744 -2.578 -3.065 -8.329 -3.270
3 15 -4.115 -11.145 1.422 -3.796 -11.036 1.240 -3.399 -11.506 2.025
3 15 -3.399 -11.506 2.025 -3.719 -11.615 2.206 -4.115 -11.145 1.422
3 15 -2.853 -8.493 -2.998 -2.533 -8.602 -2.815 -3.230 -9.017 -2.124
3 15 -3.230 -9.017 -2.124 -3.443 -8.854 -2.397 -2.853 -8.493 -2.998
3 15 -3.796 -11.036 1.240 -3.584 -10.871 0.966 -3.025 -11.468 1.961
3 15 -3.025 -11.468 1.961 -3.399 -11.506 2.025 -3.796 -11.036 1.240
3 15 -2.853 -7.780 -4.186 -3.065 -7.944 -3.912 -4.314 -7.995 -3.828
3 15 -4.314 -7.995 -3.828 -3.389 -7.605 -4.478 -2.853 -7.780 -4.186
3 15 -3.399 -12.438 3.577 -3.025 -12.476 3.640 -2.333 -13.114 4.703
3 15 -2.333 -13.114 4.703 -3.389 -12.823 4.220 -3.399 -12.438 3.577
3 15 -4.314 -12.434 3.571 -3.719 -12.328 3.395 -3.399 -12.438 3.577
3 15 -3.399 -12.438 3.577 -3.389 -12.823 4.220 -4.314 -12.434 3.571
3 15 -2.533 -8.602 -2.815 -2.159 -8.641 -2.752 -3.156 -9.210 -1.803
3 15 -3.156 -9.210 -1.803 -3.230 -9.017 -2.124 -2.533 -8.602 -2.815
3 15 -3.584 -10.871 0.966 -3.510 -10.678 0.645 -2.650 -11.506 2.025
3 15 -2.650 -11.506 2.025 -3.025 -11.468 1.961 -3.584 -10.871 0.966
3 15 -2.853 -7.780 -4.186 -3.389 -7.605 -4.478 -2.533 -7.671 -4.367
3 15 -1.431 -12.556 3.774 -1.357 -12.748 4.095 -2.333 -13.114 4.703
3 15 -2.333 -13.114 4.703 -2.650 -12.438 3.577 -1.431 -12.556 3.774
3 15 -2.474 -10.555 0.440 -3.584 -10.486 0.324 -3.443 -9.566 -1.209
3 15 -3.443 -9.566 -1.209 -2.562 -10.214 -0.129 -2.474 -10.555 0.440
3 15 -2.562 -10.214 -0.129 -3.443 -9.566 -1.209 -2.474 -9.873 -0.698
3 15 -2.220 -10.873 0.970 -3.510 -10.678 0.645 -3.584 -10.486 0.324
3 15 -3.584 -10.486 0.324 -2.474 -10.555 0.440 -2.220 -10.873 0.970
3 15 -2.159 -7.633 -4.432 -2.533 -7.671 -4.367 -3.389 -7.605 -4.478
3 15 -3.389 -7.605 -4.478 -2.333 -7.315 -4.961 -2.159 -7.633 -4.432
3 15 -1.357 -12.748 4.095 -1.145 -12.912 4.368 -1.189 -13.293 5.002
3 15 -1.189 -13.293 5.002 -2.333 -13.114 4.703 -1.357 -12.748 4.095
3 15 -2.333 -13.114 4.703 -3.025 -12.476 3.640 -2.650 -12.438 3.577
3 15 -1.357 -12.362 3.451 -1.431 -12.556 3.774 -2.650 -12.438 3.577
3 15 -2.650 -12.438 3.577 -2.332 -12.328 3.395 -1.357 -12.362 3.451
3 15 -1.812 -11.146 1.424 -2.650 -11.506 2.025 -3.510 -10.678 0.645
3 15 -3.510 -10.678 0.645 -2.220 -10.873 0.970 -1.812 -11.146 1.424
3 15 -2.474 -9.873 -0.698 -3.443 -9.566 -1.209 -3.230 -9.402 -1.482
3 15 -3.230 -9.402 -1.482 -2.220 -9.555 -1.227 -2.474 -9.873 -0.698
3 15 -3.230 -9.402 -1.482 -3.156 -9.210 -1.803 -1.812 -9.282 -1.682
3 15 -1.812 -9.282 -1.682 -2.220 -9.555 -1.227 -3.230 -9.402 -1.482
3 15 -0.451 -12.052 2.933 -0.825 -12.090 2.997 -2.045 -11.971 2.800
3 15 -2.045 -11.971 2.800 -2.120 -11.779 2.479 -0.451 -12.052 2.933
3 15 -1.145 -12.199 3.179 -1.357 -12.362 3.451 -2.332 -12.328 3.395
3 15 -2.332 -12.328 3.395 -2.120 -12.165 3.122 -1.145 -12.199 3.179
3 15 -0.825 -12.090 2.997 -1.145 -12.199 3.179 -2.120 -12.165 3.122
3 15 -2.120 -12.165 3.122 -2.045 -11.971 2.800 -0.825 -12.090 2.997
3 15 -1.281 -11.356 1.774 -2.332 -11.615 2.206 -2.650 -11.506 2.025
3 15 -2.650 -11.506 2.025 -1.812 -11.146 1.424 -1.281 -11.356 1.774
3 15 -3.156 -9.210 -1.803 -2.159 -8.641 -2.752 -1.281 -9.073 -2.031
3 15 -1.281 -9.073 -2.031 -1.812 -9.282 -1.682 -3.156 -9.210 -1.803
3 15 -1.784 -7.671 -4.367 -2.159 -7.633 -4.432 -2.333 -7.315 -4.961
3 15 -0.222 -7.693 -4.331 -0.296 -7.885 -4.010 -1.254 -7.944 -3.912
3 15 -1.254 -7.944 -3.912 -1.466 -7.780 -4.186 -0.222 -7.693 -4.331
3 15 -0.663 -11.487 1.993 -2.120 -11.779 2.479 -2.332 -11.615 2.206
3 15 -2.332 -11.615 2.206 -1.281 -11.356 1.774 -0.663 -11.487 1.993
3 15 -1.281 -9.073 -2.031 -2.159 -8.641 -2.752 -1.784 -8.602 -2.815
3 15 -1.784 -8.602 -2.815 -1.466 -8.493 -2.998 -0.663 -8.941 -2.251
3 15 -0.663 -8.941 -2.251 -1.281 -9.073 -2.031 -1.784 -8.602 -2.815
3 15 -0.296 -7.885 -4.010 -0.222 -8.078 -3.689 -1.180 -8.137 -3.591
3 15 -1.180 -8.137 -3.591 -1.254 -7.944 -3.912 -0.296 -7.885 -4.010
3 15 -0.009 -8.242 -3.416 0.309 -8.351 -3.234 -1.466 -8.493 -2.998
3 15 -1.466 -8.493 -2.998 -1.254 -8.329 -3.270 -0.009 -8.242 -3.416
3 15 -0.009 -7.529 -4.604 -0.222 -7.693 -4.331 -1.466 -7.780 -4.186
3 15 -1.466 -7.780 -4.186 -1.189 -7.136 -5.260 -0.009 -7.529 -4.604
3 15 -1.466 -7.780 -4.186 -1.784 -7.671 -4.367 -2.333 -7.315 -4.961
3 15 -2.333 -7.315 -4.961 -1.189 -7.136 -5.260 -1.466 -7.780 -4.186
3 15 -1.189 -13.293 5.002 -1.145 -12.912 4.368 -0.825 -13.021 4.550
3 15 -0.825 -13.021 4.550 -0.451 -13.060 4.613 0.000 -13.353 5.102
3 15 0.000 -13.353 5.102 -1.189 -13.293 5.002 -0.825 -13.021 4.550
3 15 -0.222 -8.078 -3.689 -0.009 -8.242 -3.416 -1.254 -8.329 -3.270
3 15 -1.254 -8.329 -3.270 -1.180 -8.137 -3.591 -0.222 -8.078 -3.689
3 15 0.000 -11.532 2.067 -0.451 -12.052 2.933 -2.120 -11.779 2.479
3 15 -2.120 -11.779 2.479 -0.663 -11.487 1.993 0.000 -11.532 2.067
3 15 -1.466 -8.493 -2.998 0.309 -8.351 -3.234 0.000 -8.896 -2.326
3 15 0.000 -8.896 -2.326 -0.663 -8.941 -2.251 -1.466 -8.493 -2.998
3 15 -0.451 -12.052 2.933 0.000 -11.532 2.067 0.664 -11.487 1.993
3 15 0.664 -11.487 1.993 -0.076 -12.090 2.997 -0.451 -12.052 2.933
3 15 0.309 -7.420 -4.787 -0.009 -7.529 -4.604 -1.189 -7.136 -5.260
3 15 -1.189 -7.136 -5.260 0.000 -7.075 -5.360 0.309 -7.420 -4.787
3 15 -0.451 -13.060 4.613 -0.076 -13.021 4.550 1.190 -13.293 5.002
3 15 1.190 -13.293 5.002 0.000 -13.353 5.102 -0.451 -13.060 4.613
3 15 0.309 -8.351 -3.234 0.684 -8.389 -3.170 0.664 -8.941 -2.251
3 15 0.664 -8.941 -2.251 0.000 -8.896 -2.326 0.309 -8.351 -3.234
3 15 1.449 -12.042 2.918 1.375 -12.235 3.240 0.454 -12.362 3.451
3 15 0.454 -12.362 3.451 0.242 -12.199 3.179 1.449 -12.042 2.918
3 15 1.981 -12.701 4.016 2.355 -12.739 4.079 -0.076 -13.021 4.550
3 15 -0.076 -13.021 4.550 0.242 -12.912 4.368 1.981 -12.701 4.016
3 15 -0.076 -12.090 2.997 0.664 -11.487 1.993 1.449 -12.042 2.918
3 15 1.449 -12.042 2.918 0.242 -12.199 3.179 -0.076 -12.090 2.997
3 15 0.309 -7.420 -4.787 0.000 -7.075 -5.360 0.684 -7.382 -4.850
3 15 1.375 -12.235 3.240 1.449 -12.428 3.561 0.529 -12.556 3.774
3 15 0.529 -12.556 3.774 0.454 -12.362 3.451 1.375 -12.235 3.240
3 15 1.662 -12.592 3.835 1.981 -12.701 4.016 0.242 -12.912 4.368
3 15 0.242 -12.912 4.368 0.454 -12.748 4.095 1.662 -12.592 3.835
3 15 1.449 -12.428 3.561 1.662 -12.592 3.835 0.454 -12.748 4.095
3 15 0.454 -12.748 4.095 0.529 -12.556 3.774 1.449 -12.428 3.561
3 15 0.684 -8.389 -3.170 1.058 -8.351 -3.234 1.281 -9.073 -2.031
3 15 1.281 -9.073 -2.031 0.664 -8.941 -2.251 0.684 -8.389 -3.170
3 15 1.787 -8.538 -2.922 1.869 -8.855 -2.394 1.281 -9.073 -2.031
3 15 1.281 -9.073 -2.031 1.058 -8.351 -3.234 1.787 -8.538 -2.922
3 15 1.058 -7.420 -4.787 0.684 -7.382 -4.850 0.000 -7.075 -5.360
3 15 0.000 -7.075 -5.360 1.190 -7.136 -5.260 1.058 -7.420 -4.787
3 15 1.058 -7.420 -4.787 1.190 -7.136 -5.260 2.445 -7.302 -4.982
3 15 2.445 -7.302 -4.982 1.376 -7.529 -4.604 1.058 -7.420 -4.787
3 15 2.445 -7.302 -4.982 2.185 -7.597 -4.492 1.588 -7.693 -4.331
3 15 1.588 -7.693 -4.331 1.376 -7.529 -4.604 2.445 -7.302 -4.982
3 15 1.376 -8.242 -3.416 1.588 -8.078 -3.689 1.919 -8.071 -3.701
3 15 0.664 -11.487 1.993 1.281 -11.356 1.774 1.662 -11.879 2.645
3 15 1.662 -11.879 2.645 1.449 -12.042 2.918 0.664 -11.487 1.993
3 15 1.664 -7.885 -4.010 1.588 -7.693 -4.331 2.185 -7.597 -4.492
3 15 1.058 -8.351 -3.234 1.376 -8.242 -3.416 1.919 -8.071 -3.701
3 15 1.919 -8.071 -3.701 1.787 -8.538 -2.922 1.058 -8.351 -3.234
3 15 1.281 -9.073 -2.031 1.869 -8.855 -2.394 2.099 -9.009 -2.138
3 15 2.099 -9.009 -2.138 1.813 -9.282 -1.682 1.281 -9.073 -2.031
3 15 1.588 -8.078 -3.689 1.664 -7.885 -4.010 2.185 -7.597 -4.492
3 15 2.185 -7.597 -4.492 1.919 -8.071 -3.701 1.588 -8.078 -3.689
3 15 1.662 -11.879 2.645 1.281 -11.356 1.774 1.813 -11.146 1.424
3 15 1.813 -11.146 1.424 1.981 -11.770 2.464 1.662 -11.879 2.645
3 15 1.813 -9.282 -1.682 2.099 -9.009 -2.138 2.526 -9.043 -2.081
3 15 2.526 -9.043 -2.081 2.219 -9.555 -1.227 1.813 -9.282 -1.682
3 15 2.526 -9.043 -2.081 3.621 -9.676 -1.026 2.474 -9.873 -0.698
3 15 2.474 -9.873 -0.698 2.219 -9.555 -1.227 2.526 -9.043 -2.081
3 15 1.190 -13.293 5.002 -0.076 -13.021 4.550 2.355 -12.739 4.079
3 15 2.355 -12.739 4.079 2.334 -13.114 4.703 1.190 -13.293 5.002
3 15 2.355 -12.739 4.079 2.730 -12.701 4.016 3.389 -12.823 4.220
3 15 3.389 -12.823 4.220 2.334 -13.114 4.703 2.355 -12.739 4.079
3 15 1.981 -11.770 2.464 3.231 -11.026 1.224 3.157 -11.219 1.545
3 15 3.157 -11.219 1.545 2.355 -11.731 2.399 1.981 -11.770 2.464
3 15 3.621 -9.676 -1.026 3.547 -9.869 -0.704 2.563 -10.214 -0.129
3 15 2.563 -10.214 -0.129 2.474 -9.873 -0.698 3.621 -9.676 -1.026
3 15 3.547 -9.869 -0.704 3.621 -10.062 -0.383 3.443 -10.862 0.951
3 15 3.443 -10.862 0.951 2.563 -10.214 -0.129 3.547 -9.869 -0.704
3 15 2.545 -8.331 -3.267 3.093 -8.554 -2.896 2.769 -8.582 -2.849
3 15 2.769 -8.582 -2.849 2.585 -8.529 -2.938 2.545 -8.331 -3.267
3 15 2.355 -11.731 2.399 3.157 -11.219 1.545 3.231 -11.411 1.866
3 15 3.231 -11.411 1.866 2.730 -11.770 2.464 2.355 -11.731 2.399
3 15 2.730 -11.770 2.464 3.231 -11.411 1.866 3.443 -11.575 2.139
3 15 3.443 -11.575 2.139 3.048 -11.879 2.645 2.730 -11.770 2.464
3 15 2.545 -8.331 -3.267 2.636 -8.083 -3.681 3.759 -8.350 -3.235
3 15 3.759 -8.350 -3.235 3.093 -8.554 -2.896 2.545 -8.331 -3.267
3 15 1.981 -11.770 2.464 1.813 -11.146 1.424 2.219 -10.873 0.970
3 15 2.219 -10.873 0.970 3.231 -11.026 1.224 1.981 -11.770 2.464
3 15 3.048 -11.879 2.645 3.443 -11.575 2.139 3.762 -11.684 2.321
3 15 3.762 -11.684 2.321 3.260 -12.042 2.918 3.048 -11.879 2.645
3 15 3.335 -12.235 3.240 4.136 -11.722 2.385 4.511 -11.684 2.321
3 15 4.511 -11.684 2.321 3.260 -12.428 3.561 3.335 -12.235 3.240
3 15 3.260 -12.042 2.918 3.762 -11.684 2.321 4.136 -11.722 2.385
3 15 4.136 -11.722 2.385 3.335 -12.235 3.240 3.260 -12.042 2.918
3 15 3.389 -12.823 4.220 2.730 -12.701 4.016 3.048 -12.592 3.835
3 15 3.048 -12.592 3.835 3.260 -12.428 3.561 4.315 -12.434 3.571
3 15 4.315 -12.434 3.571 3.389 -12.823 4.220 3.048 -12.592 3.835
3 15 3.621 -10.062 -0.383 3.833 -10.226 -0.110 3.762 -10.753 0.769
3 15 3.762 -10.753 0.769 3.443 -10.862 0.951 3.621 -10.062 -0.383
3 15 3.231 -11.026 1.224 2.219 -10.873 0.970 2.474 -10.555 0.440
3 15 2.474 -10.555 0.440 3.443 -10.862 0.951 3.231 -11.026 1.224
3 15 3.443 -10.862 0.951 2.474 -10.555 0.440 2.563 -10.214 -0.129
3 15 2.526 -9.043 -2.081 2.990 -8.972 -2.199 3.833 -9.512 -1.299
3 15 3.833 -9.512 -1.299 3.621 -9.676 -1.026 2.526 -9.043 -2.081
3 15 2.636 -8.083 -3.681 2.856 -7.839 -4.088 4.180 -8.256 -3.393
3 15 4.180 -8.256 -3.393 3.759 -8.350 -3.235 2.636 -8.083 -3.681
3 15 3.833 -10.226 -0.110 4.153 -10.335 0.072 4.136 -10.714 0.705
3 15 4.136 -10.714 0.705 3.762 -10.753 0.769 3.833 -10.226 -0.110
3 15 2.990 -8.972 -2.199 3.506 -8.827 -2.441 4.153 -9.403 -1.481
3 15 4.153 -9.403 -1.481 3.833 -9.512 -1.299 2.990 -8.972 -2.199
3 15 4.153 -10.335 0.072 4.527 -10.373 0.136 4.511 -10.753 0.769
3 15 4.511 -10.753 0.769 4.136 -10.714 0.705 4.153 -10.335 0.072
3 15 3.959 -8.690 -2.669 4.476 -8.609 -2.804 4.527 -9.365 -1.544
3 15 4.527 -9.365 -1.544 4.153 -9.403 -1.481 3.959 -8.690 -2.669
3 15 4.153 -9.403 -1.481 3.506 -8.827 -2.441 3.959 -8.690 -2.669
3 15 2.856 -7.839 -4.088 3.137 -7.566 -4.542 4.691 -8.181 -3.518
3 15 4.691 -8.181 -3.518 4.180 -8.256 -3.393 2.856 -7.839 -4.088
3 15 3.260 -12.428 3.561 4.511 -11.684 2.321 5.072 -11.958 2.777
3 15 5.072 -11.958 2.777 4.315 -12.434 3.571 3.260 -12.428 3.561
3 15 4.527 -10.373 0.136 4.902 -10.335 0.072 4.830 -10.862 0.951
3 15 4.830 -10.862 0.951 4.511 -10.753 0.769 4.527 -10.373 0.136
3 15 5.532 -7.728 -4.272 3.820 -7.239 -5.088 4.250 -7.241 -5.085
3 15 4.250 -7.241 -5.085 4.580 -7.286 -5.009 5.532 -7.728 -4.272
3 15 3.137 -7.566 -4.542 3.459 -7.368 -4.873 5.149 -8.147 -3.575
3 15 5.149 -8.147 -3.575 4.691 -8.181 -3.518 3.137 -7.566 -4.542
3 15 4.902 -10.335 0.072 5.220 -10.226 -0.110 5.042 -11.026 1.224
3 15 5.042 -11.026 1.224 4.830 -10.862 0.951 4.902 -10.335 0.072
3 15 5.072 -11.958 2.777 4.511 -11.684 2.321 4.830 -11.575 2.139
3 15 4.830 -11.575 2.139 5.042 -11.411 1.866 5.636 -11.415 1.873
3 15 5.636 -11.415 1.873 5.072 -11.958 2.777 4.830 -11.575 2.139
3 15 4.902 -9.403 -1.481 4.527 -9.365 -1.544 4.476 -8.609 -2.804
3 15 4.476 -8.609 -2.804 5.137 -8.569 -2.872 4.902 -9.403 -1.481
3 15 3.459 -7.368 -4.873 3.820 -7.239 -5.088 5.532 -7.728 -4.272
3 15 5.532 -7.728 -4.272 5.149 -8.147 -3.575 3.459 -7.368 -4.873
3 15 5.220 -10.226 -0.110 5.432 -10.062 -0.383 6.100 -10.214 -0.129
3 15 5.983 -9.602 -1.149 6.100 -10.214 -0.129 5.432 -10.062 -0.383
3 15 5.432 -10.062 -0.383 5.507 -9.869 -0.704 5.983 -9.602 -1.149
3 15 5.507 -9.869 -0.704 5.432 -9.676 -1.026 5.983 -9.602 -1.149
3 15 5.503 -8.061 -3.717 5.149 -8.147 -3.575 5.532 -7.728 -4.272
3 15 5.532 -7.728 -4.272 5.609 -7.913 -3.965 5.503 -8.061 -3.717
3 15 5.636 -11.415 1.873 5.042 -11.411 1.866 5.116 -11.219 1.545
3 15 5.116 -11.219 1.545 5.042 -11.026 1.224 5.983 -10.826 0.891
3 15 5.983 -10.826 0.891 5.636 -11.415 1.873 5.116 -11.219 1.545
3 15 5.220 -9.512 -1.299 4.902 -9.403 -1.481 5.137 -8.569 -2.872
3 15 5.137 -8.569 -2.872 5.636 -9.013 -2.131 5.220 -9.512 -1.299
3 15 5.042 -11.026 1.224 5.220 -10.226 -0.110 6.100 -10.214 -0.129
3 15 6.100 -10.214 -0.129 5.983 -10.826 0.891 5.042 -11.026 1.224
3 15 5.432 -9.676 -1.026 5.220 -9.512 -1.299 5.636 -9.013 -2.131
3 15 5.636 -9.013 -2.131 5.983 -9.602 -1.149 5.432 -9.676 -1.026
3 71 1.577 -9.878 -0.689 1.709 -10.214 -0.129 -1.578 -10.551 0.432
3 71 -1.578 -10.551 0.432 -1.708 -10.214 -0.129 1.577 -9.878 -0.689
3 71 1.208 -9.593 -1.164 1.577 -9.878 -0.689 -1.708 -10.214 -0.129
3 71 -1.708 -10.214 -0.129 -1.578 -9.878 -0.689 1.208 -9.593 -1.164
3 71 1.709 -10.214 -0.129 1.577 -10.551 0.432 -1.208 -10.835 0.906
3 71 -1.208 -10.835 0.906 -1.578 -10.551 0.432 1.709 -10.214 -0.129
3 71 0.654 -9.402 -1.482 1.208 -9.593 -1.164 -1.578 -9.878 -0.689
3 71 -1.578 -9.878 -0.689 -1.208 -9.593 -1.164 0.654 -9.402 -1.482
3 71 1.577 -10.551 0.432 1.208 -10.835 0.906 -0.654 -11.026 1.224
3 71 -0.654 -11.026 1.224 -1.208 -10.835 0.906 1.577 -10.551 0.432
3 71 0.000 -9.336 -1.593 0.654 -9.402 -1.482 -1.208 -9.593 -1.164
3 71 -1.208 -9.593 -1.164 -0.654 -9.402 -1.482 0.000 -9.336 -1.593
3 71 1.208 -10.835 0.906 0.654 -11.026 1.224 0.000 -11.093 1.335
3 71 0.000 -11.093 1.335 -0.654 -11.026 1.224 1.208 -10.835 0.906
3 72 -3.584 -10.486 0.324 -3.510 -10.678 0.645 -5.395 -10.871 0.966
3 72 -5.395 -10.871 0.966 -5.470 -10.678 0.645 -3.584 -10.486 0.324
3 72 -3.796 -10.322 0.051 -3.584 -10.486 0.324 -5.470 -10.678 0.645
3 72 -5.470 -10.678 0.645 -5.395 -10.486 0.324 -3.796 -10.322 0.051
3 72 -3.510 -10.678 0.645 -3.584 -10.871 0.966 -5.182 -11.036 1.240
3 72 -5.182 -11.036 1.240 -5.395 -10.871 0.966 -3.510 -10.678 0.645
3 72 -4.115 -10.213 -0.131 -3.796 -10.322 0.051 -5.395 -10.486 0.324
3 72 -5.395 -10.486 0.324 -5.182 -10.322 0.051 -4.115 -10.213 -0.131
3 72 -3.584 -10.871 0.966 -3.796 -11.036 1.240 -4.864 -11.145 1.422
3 72 -4.864 -11.145 1.422 -5.182 -11.036 1.240 -3.584 -10.871 0.966
3 72 -3.230 -9.017 -2.124 -3.156 -9.210 -1.803 -5.041 -9.402 -1.482
3 72 -5.041 -9.402 -1.482 -5.115 -9.210 -1.803 -3.230 -9.017 -2.124
3 72 -3.443 -8.854 -2.397 -3.230 -9.017 -2.124 -5.115 -9.210 -1.803
3 72 -5.115 -9.210 -1.803 -5.041 -9.017 -2.124 -3.443 -8.854 -2.397
3 72 -3.156 -9.210 -1.803 -3.230 -9.402 -1.482 -4.829 -9.566 -1.209
3 72 -4.829 -9.566 -1.209 -5.041 -9.402 -1.482 -3.156 -9.210 -1.803
3 72 -4.490 -10.175 -0.195 -4.115 -10.213 -0.131 -5.182 -10.322 0.051
3 72 -5.182 -10.322 0.051 -4.864 -10.213 -0.131 -4.490 -10.175 -0.195
3 72 -3.796 -11.036 1.240 -4.115 -11.145 1.422 -4.490 -11.183 1.485
3 72 -4.490 -11.183 1.485 -4.864 -11.145 1.422 -3.796 -11.036 1.240
3 72 -3.761 -8.744 -2.578 -3.443 -8.854 -2.397 -5.041 -9.017 -2.124
3 72 -5.041 -9.017 -2.124 -4.829 -8.854 -2.397 -3.761 -8.744 -2.578
3 72 -3.230 -9.402 -1.482 -3.443 -9.566 -1.209 -4.511 -9.676 -1.026
3 72 -4.511 -9.676 -1.026 -4.829 -9.566 -1.209 -3.230 -9.402 -1.482
3 72 -4.135 -8.706 -2.643 -3.761 -8.744 -2.578 -4.829 -8.854 -2.397
3 72 -4.829 -8.854 -2.397 -4.511 -8.744 -2.578 -4.135 -8.706 -2.643
3 72 -3.443 -9.566 -1.209 -3.761 -9.676 -1.026 -4.135 -9.714 -0.963
3 72 -4.135 -9.714 -0.963 -4.511 -9.676 -1.026 -3.443 -9.566 -1.209
3 72 -2.120 -11.779 2.479 -2.045 -11.971 2.800 -3.931 -12.165 3.122
3 72 -3.931 -12.165 3.122 -4.005 -11.971 2.800 -2.120 -11.779 2.479
3 72 -2.332 -11.615 2.206 -2.120 -11.779 2.479 -4.005 -11.971 2.800
3 72 -4.005 -11.971 2.800 -3.931 -11.779 2.479 -2.332 -11.615 2.206
3 72 -2.045 -11.971 2.800 -2.120 -12.165 3.122 -3.719 -12.328 3.395
3 72 -3.719 -12.328 3.395 -3.931 -12.165 3.122 -2.045 -11.971 2.800
3 72 -2.650 -11.506 2.025 -2.332 -11.615 2.206 -3.931 -11.779 2.479
3 72 -3.931 -11.779 2.479 -3.719 -11.615 2.206 -2.650 -11.506 2.025
3 72 -2.120 -12.165 3.122 -2.332 -12.328 3.395 -3.399 -12.438 3.577
3 72 -3.399 -12.438 3.577 -3.719 -12.328 3.395 -2.120 -12.165 3.122
3 72 -3.025 -11.468 1.961 -2.650 -11.506 2.025 -3.719 -11.615 2.206
3 72 -3.719 -11.615 2.206 -3.399 -11.506 2.025 -3.025 -11.468 1.961
3 72 -2.332 -12.328 3.395 -2.650 -12.438 3.577 -3.025 -12.476 3.640
3 72 -3.025 -12.476 3.640 -3.399 -12.438 3.577 -2.332 -12.328 3.395
3 72 -1.254 -7.944 -3.912 -1.180 -8.137 -3.591 -3.065 -8.329 -3.270
3 72 -3.065 -8.329 -3.270 -3.139 -8.137 -3.591 -1.254 -7.944 -3.912
3 72 -1.466 -7.780 -4.186 -1.254 -7.944 -3.912 -3.139 -8.137 -3.591
3 72 -3.139 -8.137 -3.591 -3.065 -7.944 -3.912 -1.466 -7.780 -4.186
3 72 -1.180 -8.137 -3.591 -1.254 -8.329 -3.270 -2.853 -8.493 -2.998
3 72 -2.853 -8.493 -2.998 -3.065 -8.329 -3.270 -1.180 -8.137 -3.591
3 72 -1.784 -7.671 -4.367 -1.466 -7.780 -4.186 -3.065 -7.944 -3.912
3 72 -3.065 -7.944 -3.912 -2.853 -7.780 -4.186 -1.784 -7.671 -4.367
3 72 -1.254 -8.329 -3.270 -1.466 -8.493 -2.998 -2.533 -8.602 -2.815
3 72 -2.533 -8.602 -2.815 -2.853 -8.493 -2.998 -1.254 -8.329 -3.270
3 72 -2.159 -7.633 -4.432 -1.784 -7.671 -4.367 -2.853 -7.780 -4.186
3 72 -2.853 -7.780 -4.186 -2.533 -7.671 -4.367 -2.159 -7.633 -4.432
3 72 -1.466 -8.493 -2.998 -1.784 -8.602 -2.815 -2.159 -8.641 -2.752
3 72 -2.159 -8.641 -2.752 -2.533 -8.602 -2.815 -1.466 -8.493 -2.998
3 72 0.454 -12.362 3.451 0.529 -12.556 3.774 -1.357 -12.748 4.095
3 72 -1.357 -12.748 4.095 -1.431 -12.556 3.774 0.454 -12.362 3.451
3 72 0.242 -12.199 3.179 0.454 -12.362 3.451 -1.431 -12.556 3.774
3 72 -1.431 -12.556 3.774 -1.357 -12.362 3.451 0.242 -12.199 3.179
3 72 0.529 -12.556 3.774 0.454 -12.748 4.095 -1.145 -12.912 4.368
3 72 -1.145 -12.912 4.368 -1.357 -12.748 4.095 0.529 -12.556 3.774
3 72 -0.076 -12.090 2.997 0.242 -12.199 3.179 -1.357 -12.362 3.451
3 72 -1.357 -12.362 3.451 -1.145 -12.199 3.179 -0.076 -12.090 2.997
3 72 0.454 -12.748 4.095 0.242 -12.912 4.368 -0.825 -13.021 4.550
3 72 -0.825 -13.021 4.550 -1.145 -12.912 4.368 0.454 -12.748 4.095
3 72 -0.451 -12.052 2.933 -0.076 -12.090 2.997 -1.145 -12.199 3.179
3 72 -1.145 -12.199 3.179 -0.825 -12.090 2.997 -0.451 -12.052 2.933
3 72 0.242 -12.912 4.368 -0.076 -13.021 4.550 -0.451 -13.060 4.613
3 72 -0.451 -13.060 4.613 -0.825 -13.021 4.550 0.242 -12.912 4.368
3 72 1.588 -7.693 -4.331 1.664 -7.885 -4.010 -0.222 -8.078 -3.689
3 72 -0.222 -8.078 -3.689 -0.296 -7.885 -4.010 1.588 -7.693 -4.331
3 72 1.376 -7.529 -4.604 1.588 -7.693 -4.331 -0.296 -7.885 -4.010
3 72 -0.296 -7.885 -4.010 -0.222 -7.693 -4.331 1.376 -7.529 -4.604
3 72 1.664 -7.885 -4.010 1.588 -8.078 -3.689 -0.009 -8.242 -3.416
3 72 -0.009 -8.242 -3.416 -0.222 -8.078 -3.689 1.664 -7.885 -4.010
3 72 1.058 -7.420 -4.787 1.376 -7.529 -4.604 -0.222 -7.693 -4.331
3 72 -0.222 -7.693 -4.331 -0.009 -7.529 -4.604 1.058 -7.420 -4.787
3 72 1.588 -8.078 -3.689 1.376 -8.242 -3.416 0.309 -8.351 -3.234
3 72 0.309 -8.351 -3.234 -0.009 -8.242 -3.416 1.588 -8.078 -3.689
3 72 0.684 -7.382 -4.850 1.058 -7.420 -4.787 -0.009 -7.529 -4.604
3 72 -0.009 -7.529 -4.604 0.309 -7.420 -4.787 0.684 -7.382 -4.850
3 72 1.376 -8.242 -3.416 1.058 -8.351 -3.234 0.684 -8.389 -3.170
3 72 0.684 -8.389 -3.170 0.309 -8.351 -3.234 1.376 -8.242 -3.416
3 72 3.260 -12.042 2.918 3.335 -12.235 3.240 1.449 -12.428 3.561
3 72 1.449 -12.428 3.561 1.375 -12.235 3.240 3.260 -12.042 2.918
3 72 3.048 -11.879 2.645 3.260 -12.042 2.918 1.375 -12.235 3.240
3 72 1.375 -12.235 3.240 1.449 -12.042 2.918 3.048 -11.879 2.645
3 72 3.335 -12.235 3.240 3.260 -12.428 3.561 1.662 -12.592 3.835
3 72 1.662 -12.592 3.835 1.449 -12.428 3.561 3.335 -12.235 3.240
3 72 2.730 -11.770 2.464 3.048 -11.879 2.645 1.449 -12.042 2.918
3 72 1.449 -12.042 2.918 1.662 -11.879 2.645 2.730 -11.770 2.464
3 72 3.260 -12.428 3.561 3.048 -12.592 3.835 1.981 -12.701 4.016
3 72 1.981 -12.701 4.016 1.662 -12.592 3.835 3.260 -12.428 3.561
3 72 2.355 -11.731 2.399 2.730 -11.770 2.464 1.662 -11.879 2.645
3 72 1.662 -11.879 2.645 1.981 -11.770 2.464 2.355 -11.731 2.399
3 72 3.048 -12.592 3.835 2.730 -12.701 4.016 2.355 -12.739 4.079
3 72 2.355 -12.739 4.079 1.981 -12.701 4.016 3.048 -12.592 3.835
3 72 5.042 -11.026 1.224 5.116 -11.219 1.545 3.231 -11.411 1.866
3 72 3.231 -11.411 1.866 3.157 -11.219 1.545 5.042 -11.026 1.224
3 72 4.830 -10.862 0.951 5.042 -11.026 1.224 3.157 -11.219 1.545
3 72 3.157 -11.219 1.545 3.231 -11.026 1.224 4.830 -10.862 0.951
3 72 5.116 -11.219 1.545 5.042 -11.411 1.866 3.443 -11.575 2.139
3 72 3.443 -11.575 2.139 3.231 -11.411 1.866 5.116 -11.219 1.545
3 72 4.511 -10.753 0.769 4.830 -10.862 0.951 3.231 -11.026 1.224
3 72 3.231 -11.026 1.224 3.443 -10.862 0.951 4.511 -10.753 0.769
3 72 5.042 -11.411 1.866 4.830 -11.575 2.139 3.762 -11.684 2.321
3 72 3.762 -11.684 2.321 3.443 -11.575 2.139 5.042 -11.411 1.866
3 72 5.432 -9.676 -1.026 5.507 -9.869 -0.704 3.621 -10.062 -0.383
3 72 3.621 -10.062 -0.383 3.547 -9.869 -0.704 5.432 -9.676 -1.026
3 72 5.220 -9.512 -1.299 5.432 -9.676 -1.026 3.547 -9.869 -0.704
3 72 3.547 -9.869 -0.704 3.621 -9.676 -1.026 5.220 -9.512 -1.299
3 72 5.507 -9.869 -0.704 5.432 -10.062 -0.383 3.833 -10.226 -0.110
3 72 3.833 -10.226 -0.110 3.621 -10.062 -0.383 5.507 -9.869 -0.704
3 72 4.136 -10.714 0.705 4.511 -10.753 0.769 3.443 -10.862 0.951
3 72 3.443 -10.862 0.951 3.762 -10.753 0.769 4.136 -10.714 0.705
3 72 4.830 -11.575 2.139 4.511 -11.684 2.321 4.136 -11.722 2.385
3 72 4.136 -11.722 2.385 3.762 -11.684 2.321 4.830 -11.575 2.139
3 72 4.902 -9.403 -1.481 5.220 -9.512 -1.299 3.621 -9.676 -1.026
3 72 3.621 -9.676 -1.026 3.833 -9.512 -1.299 4.902 -9.403 -1.481
3 72 5.432 -10.062 -0.383 5.220 -10.226 -0.110 4.153 -10.335 0.072
3 72 4.153 -10.335 0.072 3.833 -10.226 -0.110 5.432 -10.062 -0.383
3 72 4.527 -9.365 -1.544 4.902 -9.403 -1.481 3.833 -9.512 -1.299
3 72 3.833 -9.512 -1.299 4.153 -9.403 -1.481 4.527 -9.365 -1.544
3 72 5.220 -10.226 -0.110 4.902 -10.335 0.072 4.527 -10.373 0.136
3 72 4.527 -10.373 0.136 4.153 -10.335 0.072 5.220 -10.226 -0.110
3 0 14.024 -7.016 -5.459 13.921 -7.282 -5.016 13.158 -7.282 -5.016
3 0 13.158 -7.282 -5.016 13.229 -7.000 -5.486 14.024 -7.016 -5.459
3 0 13.158 -7.282 -5.016 13.921 -7.282 -5.016 14.024 -7.547 -4.574
3 0 14.024 -7.547 -4.574 13.229 -7.564 -4.546 13.158 -7.282 -5.016
3 0 14.315 -6.790 -5.835 14.024 -7.016 -5.459 13.229 -7.000 -5.486
3 0 13.229 -7.000 -5.486 13.441 -6.738 -5.923 14.315 -6.790 -5.835
3 0 13.229 -7.564 -4.546 14.024 -7.547 -4.574 14.315 -7.773 -4.197
3 0 14.315 -7.773 -4.197 13.441 -7.826 -4.109 13.229 -7.564 -4.546
3 0 14.214 -6.341 -6.585 14.315 -6.790 -5.835 13.441 -6.738 -5.923
3 0 13.441 -6.738 -5.923 13.777 -6.514 -6.297 14.214 -6.341 -6.585
3 0 13.441 -7.826 -4.109 14.315 -7.773 -4.197 14.214 -8.223 -3.448
3 0 14.214 -8.223 -3.448 13.777 -8.050 -3.736 13.441 -7.826 -4.109
3 0 14.722 -6.232 -6.766 14.754 -6.641 -6.085 14.315 -6.790 -5.835
3 0 14.315 -6.790 -5.835 14.214 -6.341 -6.585 14.722 -6.232 -6.766
3 0 14.315 -7.773 -4.197 14.754 -7.923 -3.948 14.722 -8.332 -3.266
3 0 14.722 -8.332 -3.266 14.214 -8.223 -3.448 14.315 -7.773 -4.197
3 0 15.270 -6.195 -6.827 15.270 -6.588 -6.173 14.754 -6.641 -6.085
3 0 14.754 -6.641 -6.085 14.722 -6.232 -6.766 15.270 -6.195 -6.827
3 0 14.754 -7.923 -3.948 15.270 -7.976 -3.860 15.270 -8.368 -3.205
3 0 15.270 -8.368 -3.205 14.722 -8.332 -3.266 14.754 -7.923 -3.948
3 0 15.270 -8.368 -3.205 15.270 -7.976 -3.860 15.786 -7.923 -3.948
3 0 15.786 -7.923 -3.948 15.818 -8.332 -3.266 15.270 -8.368 -3.205
3 0 15.786 -6.641 -6.085 15.270 -6.588 -6.173 15.270 -6.195 -6.827
3 0 15.270 -6.195 -6.827 15.818 -6.232 -6.766 15.786 -6.641 -6.085
3 0 15.818 -8.332 -3.266 15.786 -7.923 -3.948 16.225 -7.773 -4.197
3 0 16.225 -7.773 -4.197 16.327 -8.223 -3.448 15.818 -8.332 -3.266
3 0 16.225 -6.790 -5.835 15.786 -6.641 -6.085 15.818 -6.232 -6.766
3 0 15.818 -6.232 -6.766 16.327 -6.341 -6.585 16.225 -6.790 -5.835
3 0 16.327 -8.223 -3.448 16.225 -7.773 -4.197 17.099 -7.826 -4.109
3 0 17.099 -7.826 -4.109 16.763 -8.050 -3.736 16.327 -8.223 -3.448
3 0 17.099 -6.738 -5.923 16.225 -6.790 -5.835 16.327 -6.341 -6.585
3 0 16.327 -6.341 -6.585 16.763 -6.514 -6.297 17.099 -6.738 -5.923
3 0 16.225 -7.773 -4.197 16.516 -7.547 -4.574 17.311 -7.564 -4.546
3 0 17.311 -7.564 -4.546 17.099 -7.826 -4.109 16.225 -7.773 -4.197
3 0 17.311 -7.000 -5.486 16.516 -7.016 -5.459 16.225 -6.790 -5.835
3 0 16.225 -6.790 -5.835 17.099 -6.738 -5.923 17.311 -7.000 -5.486
3 0 16.516 -7.547 -4.574 16.619 -7.282 -5.016 17.382 -7.282 -5.016
3 0 17.382 -7.282 -5.016 17.311 -7.564 -4.546 16.516 -7.547 -4.574
3 0 17.382 -7.282 -5.016 16.619 -7.282 -5.016 16.516 -7.016 -5.459
3 0 16.516 -7.016 -5.459 17.311 -7.000 -5.486 17.382 -7.282 -5.016
3 72 16.516 -7.016 -5.459 16.619 -7.282 -5.016 14.024 -7.547 -4.574
3 72 14.024 -7.547 -4.574 13.921 -7.282 -5.016 16.516 -7.016 -5.459
3 72 16.225 -6.790 -5.835 16.516 -7.016 -5.459 13.921 -7.282 -5.016
3 72 13.921 -7.282 -5.016 14.024 -7.016 -5.459 16.225 -6.790 -5.835
3 72 16.619 -7.282 -5.016 16.516 -7.547 -4.574 14.315 -7.773 -4.197
3 72 14.315 -7.773 -4.197 14.024 -7.547 -4.574 16.619 -7.282 -5.016
3 72 15.786 -6.641 -6.085 16.225 -6.790 -5.835 14.024 -7.016 -5.459
3 72 14.024 -7.016 -5.459 14.315 -6.790 -5.835 15.786 -6.641 -6.085
3 72 16.516 -7.547 -4.574 16.225 -7.773 -4.197 14.754 -7.923 -3.948
3 72 14.754 -7.923 -3.948 14.315 -7.773 -4.197 16.516 -7.547 -4.574
3 72 15.270 -6.588 -6.173 15.786 -6.641 -6.085 14.315 -6.790 -5.835
3 72 14.315 -6.790 -5.835 14.754 -6.641 -6.085 15.270 -6.588 -6.173
3 72 16.225 -7.773 -4.197 15.786 -7.923 -3.948 15.270 -7.976 -3.860
3 72 15.270 -7.976 -3.860 14.754 -7.923 -3.948 16.225 -7.773 -4.197
3 71 -7.004 -9.121 -1.951 -7.284 -9.845 -0.743 -19.000 -13.559 5.445
3 71 -19.000 -13.559 5.445 -19.000 -6.870 -5.702 -7.004 -9.121 -1.951
3 71 -19.000 -13.559 5.445 -7.004 -11.307 1.693 -6.455 -11.989 2.830
3 71 -19.000 -13.559 5.445 -7.284 -10.584 0.487 -7.004 -11.307 1.693
3 71 -19.000 -13.559 5.445 -7.284 -9.845 -0.743 -7.284 -10.584 0.487
3 71 -16.500 -14.845 7.589 -4.643 -13.125 4.722 -3.450 -13.536 5.407
3 71 -16.500 -14.845 7.589 -5.657 -12.604 3.854 -4.643 -13.125 4.722
3 71 -5.657 -12.604 3.854 -16.500 -14.845 7.589 -19.000 -13.559 5.445
3 71 -19.000 -13.559 5.445 -6.455 -11.989 2.830 -5.657 -12.604 3.854
3 71 -7.004 -9.121 -1.951 -19.000 -6.870 -5.702 -16.500 -5.584 -7.846
3 71 -16.500 -5.584 -7.846 -6.455 -8.439 -3.088 -7.004 -9.121 -1.951
3 71 -6.455 -8.439 -3.088 -16.500 -5.584 -7.846 -5.657 -7.825 -4.111
3 71 -5.657 -7.825 -4.111 -16.500 -5.584 -7.846 -4.643 -7.303 -4.980
3 71 -2.123 -13.818 5.878 0.000 -14.845 7.589 -16.500 -14.845 7.589
3 71 -16.500 -14.845 7.589 -3.450 -13.536 5.407 -2.123 -13.818 5.878
3 71 -4.643 -7.303 -4.980 -16.500 -5.584 -7.846 0.000 -5.584 -7.846
3 71 0.000 -5.584 -7.846 -3.450 -6.893 -5.664 -4.643 -7.303 -4.980
3 71 -3.450 -6.893 -5.664 0.000 -5.584 -7.846 -2.123 -6.610 -6.135
3 71 -2.123 -6.610 -6.135 0.000 -5.584 -7.846 -0.717 -6.467 -6.375
3 71 0.000 -14.845 7.589 -0.717 -13.961 6.116 0.718 -13.961 6.116
3 71 0.000 -14.845 7.589 0.718 -13.961 6.116 2.124 -13.818 5.878
3 71 0.000 -14.845 7.589 -2.123 -13.818 5.878 -0.717 -13.961 6.116
3 71 2.124 -13.818 5.878 3.451 -13.536 5.407 16.500 -14.845 7.589
3 71 16.500 -14.845 7.589 0.000 -14.845 7.589 2.124 -13.818 5.878
3 71 0.718 -6.467 -6.375 -0.717 -6.467 -6.375 0.000 -5.584 -7.846
3 71 2.124 -6.610 -6.135 0.718 -6.467 -6.375 0.000 -5.584 -7.846
3 71 3.136 -6.824 -5.779 2.124 -6.610 -6.135 0.000 -5.584 -7.846
3 71 0.000 -5.584 -7.846 3.620 -6.736 -5.926 3.136 -6.824 -5.779
3 71 3.620 -6.736 -5.926 0.000 -5.584 -7.846 13.777 -6.514 -6.297
3 71 13.777 -6.514 -6.297 4.311 -6.739 -5.920 3.620 -6.736 -5.926
3 71 4.311 -6.739 -5.920 13.777 -6.514 -6.297 13.441 -6.738 -5.923
3 71 13.441 -6.738 -5.923 5.002 -6.905 -5.645 4.311 -6.739 -5.920
3 71 5.889 -7.269 -5.038 5.002 -6.905 -5.645 13.441 -6.738 -5.923
3 71 6.624 -7.935 -3.927 13.158 -7.282 -5.016 13.229 -7.564 -4.546
3 71 13.229 -7.564 -4.546 6.619 -8.197 -3.491 6.624 -7.935 -3.927
3 71 6.458 -7.672 -4.366 13.229 -7.000 -5.486 13.158 -7.282 -5.016
3 71 13.158 -7.282 -5.016 6.624 -7.935 -3.927 6.458 -7.672 -4.366
3 71 6.419 -8.395 -3.161 6.619 -8.197 -3.491 13.229 -7.564 -4.546
3 71 13.229 -7.564 -4.546 7.005 -9.121 -1.951 6.419 -8.395 -3.161
3 71 7.284 -10.584 0.487 14.722 -8.332 -3.266 15.270 -8.368 -3.205
3 71 7.284 -9.845 -0.743 13.777 -8.050 -3.736 14.214 -8.223 -3.448
3 71 7.005 -9.121 -1.951 13.229 -7.564 -4.546 13.441 -7.826 -4.109
3 71 13.441 -7.826 -4.109 7.284 -9.845 -0.743 7.005 -9.121 -1.951
3 71 7.284 -9.845 -0.743 13.441 -7.826 -4.109 13.777 -8.050 -3.736
3 71 13.229 -7.000 -5.486 6.458 -7.672 -4.366 5.889 -7.269 -5.038
3 71 5.889 -7.269 -5.038 13.441 -6.738 -5.923 13.229 -7.000 -5.486
3 71 13.777 -6.514 -6.297 0.000 -5.584 -7.846 14.214 -6.341 -6.585
3 71 14.722 -8.332 -3.266 7.284 -10.584 0.487 7.284 -9.845 -0.743
3 71 7.284 -9.845 -0.743 14.214 -8.223 -3.448 14.722 -8.332 -3.266
3 71 14.214 -6.341 -6.585 0.000 -5.584 -7.846 14.722 -6.232 -6.766
3 71 15.818 -8.332 -3.266 19.000 -13.559 5.445 16.500 -14.845 7.589
3 71 16.500 -14.845 7.589 15.270 -8.368 -3.205 15.818 -8.332 -3.266
3 71 15.818 -6.232 -6.766 15.270 -6.195 -6.827 16.500 -5.584 -7.846
3 71 16.327 -6.341 -6.585 15.818 -6.232 -6.766 16.500 -5.584 -7.846
3 71 16.500 -14.845 7.589 3.451 -13.536 5.407 4.644 -13.125 4.722
3 71 16.500 -14.845 7.589 4.644 -13.125 4.722 5.658 -12.604 3.854
3 71 16.500 -14.845 7.589 5.658 -12.604 3.854 6.456 -11.989 2.830
3 71 16.500 -14.845 7.589 6.456 -11.989 2.830 7.005 -11.307 1.693
3 71 7.005 -11.307 1.693 7.284 -10.584 0.487 15.270 -8.368 -3.205
3 71 15.270 -8.368 -3.205 16.500 -14.845 7.589 7.005 -11.307 1.693
3 71 15.270 -6.195 -6.827 14.722 -6.232 -6.766 0.000 -5.584 -7.846
3 71 0.000 -5.584 -7.846 16.500 -5.584 -7.846 15.270 -6.195 -6.827
3 71 16.763 -6.514 -6.297 16.327 -6.341 -6.585 16.500 -5.584 -7.846
3 71 17.099 -7.826 -4.109 19.000 -6.870 -5.702 19.000 -13.559 5.445
3 71 19.000 -13.559 5.445 16.763 -8.050 -3.736 17.099 -7.826 -4.109
3 71 17.099 -7.826 -4.109 17.311 -7.564 -4.546 19.000 -6.870 -5.702
3 71 16.763 -6.514 -6.297 16.500 -5.584 -7.846 19.000 -6.870 -5.702
3 71 19.000 -6.870 -5.702 17.099 -6.738 -5.923 16.763 -6.514 -6.297
3 71 17.311 -7.564 -4.546 17.382 -7.282 -5.016 19.000 -6.870 -5.702
3 71 17.311 -7.000 -5.486 17.099 -6.738 -5.923 19.000 -6.870 -5.702
3 71 17.382 -7.282 -5.016 17.311 -7.000 -5.486 19.000 -6.870 -5.702
3 71 19.000 -13.559 5.445 16.327 -8.223 -3.448 16.763 -8.050 -3.736
3 71 19.000 -13.559 5.445 15.818 -8.332 -3.266 16.327 -8.223 -3.448
1 71 -16.5000 -6.8701 -5.7023 -2.5000 0.0000 0.0000 0.0000 0.8575 1.2862 0.0000 0.5145 -2.1437 1-4chrd.dat
1 71 -16.5000 -13.5586 5.4451 -2.5000 0.0000 0.0000 0.0000 0.8575 -1.2862 0.0000 0.5145 2.1437 1-4chrd.dat
1 71 16.5000 -6.8701 -5.7023 2.5000 0.0000 0.0000 0.0000 0.8575 1.2862 0.0000 0.5145 -2.1437 1-4chrd.dat
1 71 16.5000 -13.5586 5.4451 2.5000 0.0000 0.0000 0.0000 0.8575 -1.2862 0.0000 0.5145 2.1437 1-4chrd.dat
1 16 -16.5000 -6.8701 -5.7023 -2.5000 0.0000 0.0000 0.0000 0.2144 1.2862 0.0000 0.1286 -2.1437 1-4cyli.dat
1 16 -16.5000 -13.5586 5.4451 -2.5000 0.0000 0.0000 0.0000 0.2144 -1.2862 0.0000 0.1286 2.1437 1-4cyli.dat
1 16 16.5000 -6.8701 -5.7023 2.5000 0.0000 0.0000 0.0000 0.2144 1.2862 0.0000 0.1286 -2.1437 1-4cyli.dat
1 16 16.5000 -13.5586 5.4451 2.5000 0.0000 0.0000 0.0000 0.2144 -1.2862 0.0000 0.1286 2.1437 1-4cyli.dat
1 16 -16.5000 -6.6558 -5.5737 -2.5000 0.0000 0.0000 0.0000 -0.8575 1.2862 0.0000 -0.5145 -2.1437 1-4chrd.dat
1 16 -16.5000 -13.3442 5.5737 -2.5000 0.0000 0.0000 0.0000 -0.8575 -1.2862 0.0000 -0.5145 2.1437 1-4chrd.dat
1 16 16.5000 -6.6558 -5.5737 2.5000 0.0000 0.0000 0.0000 -0.8575 1.2862 0.0000 -0.5145 -2.1437 1-4chrd.dat
1 16 16.5000 -13.3442 5.5737 2.5000 0.0000 0.0000 0.0000 -0.8575 -1.2862 0.0000 -0.5145 2.1437 1-4chrd.dat
