0 FILE 85984d06.dat
0 Slope 30 1 x 2 x 2/3 with Paintbox, Mirror and Makeup Brushes (Brushes on Top) Pattern (Sticker) - Set 3187
0 Name:  85984d06.dat
0 Author:  
0 BL_Item_No 85984pb073
0 BFC CERTIFY CCW
1 16 0.0000 0.0000 0.0000 1.0000 0.0000 0.0000 0.0000 1.0000 0.0000 0.0000 0.0000 1.0000 85984.dat
3 383 -13.000 -9.185 -1.844 -13.000 -7.127 -5.274 -8.000 -7.127 -5.274
3 383 -8.000 -7.127 -5.274 -8.000 -9.185 -1.844 -13.000 -9.185 -1.844
3 29 -3.000 -9.185 -1.844 -3.000 -7.127 -5.274 2.000 -7.127 -5.274
3 29 2.000 -7.127 -5.274 2.000 -9.185 -1.844 -3.000 -9.185 -1.844
3 70 -15.000 -11.758 2.444 -15.000 -9.700 -0.986 -1.000 -9.700 -0.986
3 70 -1.000 -9.700 -0.986 -1.000 -11.758 2.444 -15.000 -11.758 2.444
3 78 1.000 -11.758 2.444 1.000 -9.700 -0.986 15.000 -9.700 -0.986
3 78 15.000 -9.700 -0.986 15.000 -11.758 2.444 1.000 -11.758 2.444
3 70 -16.000 -12.787 4.159 -15.500 -12.427 3.559 -14.600 -13.301 5.016
3 70 -14.600 -13.301 5.016 -15.500 -13.147 4.759 -16.000 -12.787 4.159
3 70 -15.500 -12.427 3.559 -14.600 -12.272 3.301 -13.200 -13.301 5.016
3 70 -13.200 -13.301 5.016 -14.600 -13.301 5.016 -15.500 -12.427 3.559
3 70 -14.600 -12.272 3.301 -13.200 -12.272 3.301 -12.700 -13.044 4.588
3 70 -12.700 -13.044 4.588 -13.200 -13.301 5.016 -14.600 -12.272 3.301
3 70 -12.700 -13.044 4.588 -13.200 -12.272 3.301 -12.700 -12.530 3.730
3 383 -12.200 -13.044 4.588 -12.200 -12.530 3.730 -3.000 -12.530 3.730
3 383 -3.000 -12.530 3.730 -3.000 -13.044 4.588 -12.200 -13.044 4.588
3 383 -3.000 -13.044 4.588 -3.000 -12.530 3.730 -2.500 -12.633 3.902
3 383 -2.500 -12.633 3.902 -2.500 -12.941 4.416 -3.000 -13.044 4.588
3 70 1.000 -12.787 4.159 1.500 -12.427 3.559 2.400 -13.301 5.016
3 70 2.400 -13.301 5.016 1.500 -13.147 4.759 1.000 -12.787 4.159
3 70 1.500 -12.427 3.559 2.400 -12.272 3.301 3.800 -13.301 5.016
3 70 3.800 -13.301 5.016 2.400 -13.301 5.016 1.500 -12.427 3.559
3 70 2.400 -12.272 3.301 3.800 -12.272 3.301 4.300 -13.044 4.588
3 70 4.300 -13.044 4.588 3.800 -13.301 5.016 2.400 -12.272 3.301
3 70 4.300 -13.044 4.588 3.800 -12.272 3.301 4.300 -12.530 3.730
3 383 4.800 -13.044 4.588 4.800 -12.530 3.730 14.000 -12.530 3.730
3 383 14.000 -12.530 3.730 14.000 -13.044 4.588 4.800 -13.044 4.588
3 383 14.000 -13.044 4.588 14.000 -12.530 3.730 14.500 -12.633 3.902
3 383 14.500 -12.633 3.902 14.500 -12.941 4.416 14.000 -13.044 4.588
3 15 0.000 -14.845 7.589 -19.000 -14.845 7.589 -13.200 -13.301 5.016
3 15 -13.200 -13.301 5.016 -3.000 -13.044 4.588 0.000 -14.845 7.589
3 15 -19.000 -14.845 7.589 -14.600 -13.301 5.016 -13.200 -13.301 5.016
3 15 -19.000 -14.845 7.589 -15.500 -13.147 4.759 -14.600 -13.301 5.016
3 15 -19.000 -14.845 7.589 -16.000 -12.787 4.159 -15.500 -13.147 4.759
3 15 -16.000 -12.787 4.159 -19.000 -14.845 7.589 -19.000 -5.584 -7.846
3 15 -19.000 -5.584 -7.846 -15.000 -9.700 -0.986 -16.000 -12.787 4.159
3 15 -15.000 -9.700 -0.986 -19.000 -5.584 -7.846 -15.000 -9.185 -1.844
3 15 -15.000 -9.185 -1.844 -19.000 -5.584 -7.846 -15.000 -8.156 -3.559
3 15 -15.000 -8.156 -3.559 -19.000 -5.584 -7.846 -15.000 -7.127 -5.274
3 15 -13.000 -7.127 -5.274 -15.000 -7.127 -5.274 -19.000 -5.584 -7.846
3 15 -13.000 -7.127 -5.274 -19.000 -5.584 -7.846 1.000 -5.584 -7.846
3 15 1.000 -5.584 -7.846 -8.000 -7.127 -5.274 -13.000 -7.127 -5.274
3 15 -6.000 -7.127 -5.274 -8.000 -7.127 -5.274 1.000 -5.584 -7.846
3 15 -5.000 -7.127 -5.274 -6.000 -7.127 -5.274 1.000 -5.584 -7.846
3 15 -3.000 -7.127 -5.274 -5.000 -7.127 -5.274 1.000 -5.584 -7.846
3 15 2.000 -7.127 -5.274 -3.000 -7.127 -5.274 1.000 -5.584 -7.846
3 15 4.000 -7.127 -5.274 2.000 -7.127 -5.274 1.000 -5.584 -7.846
3 15 5.500 -7.127 -5.274 4.000 -7.127 -5.274 1.000 -5.584 -7.846
3 15 7.500 -7.127 -5.274 5.500 -7.127 -5.274 1.000 -5.584 -7.846
3 15 7.500 -7.127 -5.274 1.000 -5.584 -7.846 19.000 -5.584 -7.846
3 15 19.000 -5.584 -7.846 9.500 -7.127 -5.274 7.500 -7.127 -5.274
3 15 10.500 -7.127 -5.274 9.500 -7.127 -5.274 19.000 -5.584 -7.846
3 15 12.500 -7.127 -5.274 10.500 -7.127 -5.274 19.000 -5.584 -7.846
3 15 14.500 -7.127 -5.274 12.500 -7.127 -5.274 19.000 -5.584 -7.846
3 15 14.500 -8.156 -3.559 14.500 -7.127 -5.274 19.000 -5.584 -7.846
3 15 14.500 -8.156 -3.559 19.000 -5.584 -7.846 15.000 -9.700 -0.986
3 15 15.000 -9.700 -0.986 14.500 -9.185 -1.844 14.500 -8.156 -3.559
3 15 19.000 -5.584 -7.846 19.000 -14.845 7.589 15.000 -11.758 2.444
3 15 15.000 -11.758 2.444 15.000 -9.700 -0.986 19.000 -5.584 -7.846
3 15 15.000 -11.758 2.444 19.000 -14.845 7.589 14.500 -12.941 4.416
3 15 14.500 -12.941 4.416 14.500 -12.633 3.902 15.000 -11.758 2.444
3 15 19.000 -14.845 7.589 14.000 -13.044 4.588 14.500 -12.941 4.416
3 15 14.000 -13.044 4.588 19.000 -14.845 7.589 3.800 -13.301 5.016
3 15 3.800 -13.301 5.016 4.800 -13.044 4.588 14.000 -13.044 4.588
3 15 19.000 -14.845 7.589 0.000 -14.845 7.589 2.400 -13.301 5.016
3 15 2.400 -13.301 5.016 3.800 -13.301 5.016 19.000 -14.845 7.589
3 15 0.000 -14.845 7.589 1.500 -13.147 4.759 2.400 -13.301 5.016
3 15 1.500 -13.147 4.759 0.000 -14.845 7.589 -2.500 -12.941 4.416
3 15 -2.500 -12.941 4.416 1.000 -12.787 4.159 1.500 -13.147 4.759
3 15 0.000 -14.845 7.589 -3.000 -13.044 4.588 -2.500 -12.941 4.416
3 15 -13.200 -13.301 5.016 -12.200 -13.044 4.588 -3.000 -13.044 4.588
3 15 -13.200 -13.301 5.016 -12.700 -13.044 4.588 -12.200 -13.044 4.588
3 15 -12.200 -13.044 4.588 -12.700 -13.044 4.588 -12.700 -12.530 3.730
3 15 -12.700 -12.530 3.730 -12.200 -12.530 3.730 -12.200 -13.044 4.588
3 15 -12.200 -12.530 3.730 -12.700 -12.530 3.730 -13.200 -12.272 3.301
3 15 -12.200 -12.530 3.730 -13.200 -12.272 3.301 -1.000 -11.758 2.444
3 15 -1.000 -11.758 2.444 -3.000 -12.530 3.730 -12.200 -12.530 3.730
3 15 -1.000 -11.758 2.444 -13.200 -12.272 3.301 -14.600 -12.272 3.301
3 15 -14.600 -12.272 3.301 -15.000 -11.758 2.444 -1.000 -11.758 2.444
3 15 -15.500 -12.427 3.559 -15.000 -11.758 2.444 -14.600 -12.272 3.301
3 15 -15.000 -11.758 2.444 -15.500 -12.427 3.559 -16.000 -12.787 4.159
3 15 -16.000 -12.787 4.159 -15.000 -9.700 -0.986 -15.000 -11.758 2.444
3 15 -15.000 -9.700 -0.986 -15.000 -9.185 -1.844 -13.000 -9.185 -1.844
3 15 -13.000 -9.185 -1.844 -8.000 -9.185 -1.844 -1.000 -9.700 -0.986
3 15 -1.000 -9.700 -0.986 -15.000 -9.700 -0.986 -13.000 -9.185 -1.844
3 15 -1.000 -9.700 -0.986 -8.000 -9.185 -1.844 -6.000 -9.185 -1.844
3 15 -1.000 -9.700 -0.986 -6.000 -9.185 -1.844 -5.000 -9.185 -1.844
3 15 -6.000 -9.185 -1.844 -6.000 -8.156 -3.559 -5.000 -8.156 -3.559
3 15 -5.000 -8.156 -3.559 -5.000 -9.185 -1.844 -6.000 -9.185 -1.844
3 15 -6.000 -8.156 -3.559 -6.000 -7.127 -5.274 -5.000 -7.127 -5.274
3 15 -5.000 -7.127 -5.274 -5.000 -8.156 -3.559 -6.000 -8.156 -3.559
3 15 -1.000 -9.700 -0.986 -5.000 -9.185 -1.844 -3.000 -9.185 -1.844
3 15 -3.000 -9.185 -1.844 2.000 -9.185 -1.844 1.000 -9.700 -0.986
3 15 1.000 -9.700 -0.986 -1.000 -9.700 -0.986 -3.000 -9.185 -1.844
3 15 -1.000 -9.700 -0.986 1.000 -9.700 -0.986 1.000 -11.758 2.444
3 15 1.000 -11.758 2.444 -1.000 -11.758 2.444 -1.000 -9.700 -0.986
3 15 1.000 -11.758 2.444 1.000 -12.787 4.159 -2.500 -12.633 3.902
3 15 -2.500 -12.633 3.902 -1.000 -11.758 2.444 1.000 -11.758 2.444
3 15 -2.500 -12.633 3.902 -3.000 -12.530 3.730 -1.000 -11.758 2.444
3 15 -2.500 -12.941 4.416 -2.500 -12.633 3.902 1.000 -12.787 4.159
3 15 1.000 -12.787 4.159 1.000 -11.758 2.444 1.500 -12.427 3.559
3 15 1.500 -12.427 3.559 1.000 -11.758 2.444 2.400 -12.272 3.301
3 15 2.400 -12.272 3.301 1.000 -11.758 2.444 15.000 -11.758 2.444
3 15 15.000 -11.758 2.444 3.800 -12.272 3.301 2.400 -12.272 3.301
3 15 15.000 -11.758 2.444 4.800 -12.530 3.730 4.300 -12.530 3.730
3 15 4.300 -12.530 3.730 3.800 -12.272 3.301 15.000 -11.758 2.444
3 15 4.800 -12.530 3.730 4.800 -13.044 4.588 4.300 -13.044 4.588
3 15 4.300 -13.044 4.588 4.300 -12.530 3.730 4.800 -12.530 3.730
3 15 3.800 -13.301 5.016 4.300 -13.044 4.588 4.800 -13.044 4.588
3 15 14.000 -12.530 3.730 4.800 -12.530 3.730 15.000 -11.758 2.444
3 15 14.500 -12.633 3.902 14.000 -12.530 3.730 15.000 -11.758 2.444
3 15 1.000 -9.700 -0.986 2.000 -9.185 -1.844 4.000 -9.185 -1.844
3 15 1.000 -9.700 -0.986 4.000 -9.185 -1.844 5.500 -9.185 -1.844
3 15 5.500 -9.185 -1.844 7.500 -9.185 -1.844 15.000 -9.700 -0.986
3 15 15.000 -9.700 -0.986 1.000 -9.700 -0.986 5.500 -9.185 -1.844
3 15 15.000 -9.700 -0.986 7.500 -9.185 -1.844 9.500 -9.185 -1.844
3 15 15.000 -9.700 -0.986 9.500 -9.185 -1.844 10.500 -9.185 -1.844
3 15 15.000 -9.700 -0.986 10.500 -9.185 -1.844 12.500 -9.185 -1.844
3 15 15.000 -9.700 -0.986 12.500 -9.185 -1.844 14.500 -9.185 -1.844
3 15 4.000 -9.185 -1.844 4.000 -8.156 -3.559 5.500 -8.156 -3.559
3 15 5.500 -8.156 -3.559 5.500 -9.185 -1.844 4.000 -9.185 -1.844
3 15 4.000 -8.156 -3.559 4.000 -7.127 -5.274 5.500 -7.127 -5.274
3 15 5.500 -7.127 -5.274 5.500 -8.156 -3.559 4.000 -8.156 -3.559
3 15 9.500 -9.185 -1.844 9.500 -8.156 -3.559 10.500 -8.156 -3.559
3 15 10.500 -8.156 -3.559 10.500 -9.185 -1.844 9.500 -9.185 -1.844
3 15 9.500 -8.156 -3.559 9.500 -7.127 -5.274 10.500 -7.127 -5.274
3 15 10.500 -7.127 -5.274 10.500 -8.156 -3.559 9.500 -8.156 -3.559
1 16 0.0000 -10.2144 -0.1286 19.0000 0.0000 0.0000 0.0000 0.2144 -4.6305 0.0000 0.1286 7.7174 box5-12.dat
1 383 -13.0000 -8.1564 -3.5586 0.0000 0.0000 -2.0000 -1.0290 0.8575 0.0000 1.7150 0.5145 0.0000 2-4chrd.dat
1 383 -8.0000 -8.1564 -3.5586 0.0000 0.0000 2.0000 1.0290 0.8575 0.0000 -1.7150 0.5145 0.0000 2-4chrd.dat
1 29 -3.0000 -8.1564 -3.5586 0.0000 0.0000 -2.0000 -1.0290 0.8575 0.0000 1.7150 0.5145 0.0000 2-4chrd.dat
1 29 2.0000 -8.1564 -3.5586 0.0000 0.0000 2.0000 1.0290 0.8575 0.0000 -1.7150 0.5145 0.0000 2-4chrd.dat
1 78 7.5000 -8.1564 -3.5586 2.0000 0.0000 0.0000 0.0000 0.8575 -1.0290 0.0000 0.5145 1.7150 4-4disc.dat
1 322 12.5000 -8.1564 -3.5586 2.0000 0.0000 0.0000 0.0000 0.8575 -1.0290 0.0000 0.5145 1.7150 4-4disc.dat
1 15 -8.0000 -8.1564 -3.5586 0.0000 0.0000 2.0000 1.0290 0.8575 0.0000 -1.7150 0.5145 0.0000 2-4ndis.dat
1 15 -13.0000 -8.1564 -3.5586 0.0000 0.0000 -2.0000 -1.0290 0.8575 0.0000 1.7150 0.5145 0.0000 2-4ndis.dat
1 15 2.0000 -8.1564 -3.5586 0.0000 0.0000 2.0000 1.0290 0.8575 0.0000 -1.7150 0.5145 0.0000 2-4ndis.dat
1 15 7.5000 -8.1564 -3.5586 2.0000 0.0000 0.0000 0.0000 0.8575 -1.0290 0.0000 0.5145 1.7150 4-4ndis.dat
1 15 -3.0000 -8.1564 -3.5586 0.0000 0.0000 -2.0000 -1.0290 0.8575 0.0000 1.7150 0.5145 0.0000 2-4ndis.dat
1 15 12.5000 -8.1564 -3.5586 2.0000 0.0000 0.0000 0.0000 0.8575 -1.0290 0.0000 0.5145 1.7150 4-4ndis.dat
