0 FILE 87079p50.dat
0 Tile 2 x 4 with Detailed Classic Space Logo Pattern
0 Name:  87079p50.dat
0 Author:  
0 BL_Item_No 87079pb1162
0 BFC CERTIFY CCW
3 16 -25.350 0.000 -8.750 -25.250 0.000 -7.600 -26.300 0.000 -8.400
3 16 -26.300 0.000 -8.400 -27.050 0.000 -9.100 -25.350 0.000 -8.750
3 16 -23.400 0.000 -8.200 -24.200 0.000 -7.000 -25.250 0.000 -7.600
3 16 -25.250 0.000 -7.600 -25.350 0.000 -8.750 -23.400 0.000 -8.200
3 16 -23.320 0.000 -7.090 -24.200 0.000 -7.000 -23.400 0.000 -8.200
3 16 -23.400 0.000 -8.200 -22.890 0.000 -8.000 -23.320 0.000 -7.090
3 16 -23.490 0.000 -6.610 -24.200 0.000 -7.000 -23.320 0.000 -7.090
3 16 -24.730 0.000 0.000 -25.500 0.000 -1.050 -24.690 0.000 -0.680
3 16 -16.490 0.000 -15.400 -17.640 0.000 -14.550 -19.350 0.000 -15.050
3 16 -19.350 0.000 -15.050 -20.000 0.000 -20.000 -16.490 0.000 -15.400
3 16 -40.000 0.000 20.000 -24.370 0.000 3.610 -23.930 0.000 5.380
3 16 -40.000 0.000 20.000 -23.930 0.000 5.380 -23.320 0.000 7.090
3 16 -40.000 0.000 20.000 -23.320 0.000 7.090 -22.540 0.000 8.730
3 16 -40.000 0.000 20.000 -22.540 0.000 8.730 -21.600 0.000 10.290
3 16 -40.000 0.000 20.000 -21.600 0.000 10.290 -20.520 0.000 11.750
3 16 -40.000 0.000 20.000 -20.520 0.000 11.750 -19.300 0.000 13.100
3 16 -40.000 0.000 20.000 -19.300 0.000 13.100 -17.950 0.000 14.320
3 16 -40.000 0.000 20.000 -17.950 0.000 14.320 -16.490 0.000 15.400
3 16 -40.000 0.000 20.000 -16.490 0.000 15.400 -14.930 0.000 16.340
3 16 -40.000 0.000 20.000 -14.930 0.000 16.340 -13.290 0.000 17.120
3 16 -40.000 0.000 20.000 -13.290 0.000 17.120 -11.580 0.000 17.730
3 16 -40.000 0.000 20.000 -11.580 0.000 17.730 -9.810 0.000 18.170
3 16 -40.000 0.000 20.000 -9.810 0.000 18.170 -8.020 0.000 18.440
3 16 -6.200 0.000 18.530 0.000 0.000 20.000 -40.000 0.000 20.000
3 16 -40.000 0.000 20.000 -8.020 0.000 18.440 -6.200 0.000 18.530
3 16 0.000 0.000 20.000 -6.200 0.000 18.530 -4.380 0.000 18.440
3 16 0.000 0.000 20.000 -4.380 0.000 18.440 -2.590 0.000 18.170
3 16 0.000 0.000 20.000 -2.590 0.000 18.170 -0.820 0.000 17.730
3 16 0.000 0.000 20.000 -0.820 0.000 17.730 0.890 0.000 17.120
3 16 0.000 0.000 20.000 0.890 0.000 17.120 2.530 0.000 16.340
3 16 2.530 0.000 16.340 19.750 0.000 16.600 0.000 0.000 20.000
3 16 0.000 0.000 20.000 19.750 0.000 16.600 19.900 0.000 17.050
3 16 19.750 0.000 15.850 19.750 0.000 16.600 2.530 0.000 16.340
3 16 2.530 0.000 16.340 4.090 0.000 15.400 19.750 0.000 15.850
3 16 19.750 0.000 15.850 4.090 0.000 15.400 5.550 0.000 14.320
3 16 6.900 0.000 13.100 19.900 0.000 11.300 19.750 0.000 15.850
3 16 19.750 0.000 15.850 5.550 0.000 14.320 6.900 0.000 13.100
3 16 19.900 0.000 11.300 6.900 0.000 13.100 8.120 0.000 11.750
3 16 8.120 0.000 11.750 16.400 0.000 9.400 19.900 0.000 11.300
3 16 16.400 0.000 9.400 8.120 0.000 11.750 9.200 0.000 10.290
3 16 9.200 0.000 10.290 13.200 0.000 7.750 16.400 0.000 9.400
3 16 9.200 0.000 10.290 10.140 0.000 8.730 13.200 0.000 7.750
3 16 10.140 0.000 8.730 10.920 0.000 7.090 13.200 0.000 7.750
3 16 13.200 0.000 7.750 10.920 0.000 7.090 11.120 0.000 6.580
3 16 0.000 0.000 20.000 19.900 0.000 17.050 20.250 0.000 17.600
3 16 0.000 0.000 20.000 20.250 0.000 17.600 21.050 0.000 18.250
3 16 0.000 0.000 20.000 21.050 0.000 18.250 22.750 0.000 19.200
3 16 23.750 0.000 19.600 20.000 0.000 20.000 0.000 0.000 20.000
3 16 0.000 0.000 20.000 22.750 0.000 19.200 23.750 0.000 19.600
3 16 20.000 0.000 20.000 23.750 0.000 19.600 24.450 0.000 19.700
3 16 24.450 0.000 19.700 25.000 0.000 20.000 20.000 0.000 20.000
3 16 25.000 0.000 20.000 24.450 0.000 19.700 25.050 0.000 19.700
3 16 26.150 0.000 19.600 30.000 0.000 20.000 25.000 0.000 20.000
3 16 25.000 0.000 20.000 25.050 0.000 19.700 26.150 0.000 19.600
3 16 30.000 0.000 20.000 26.150 0.000 19.600 27.750 0.000 19.150
3 16 30.000 0.000 20.000 27.750 0.000 19.150 29.950 0.000 18.450
3 16 29.950 0.000 18.450 30.350 0.000 18.450 30.000 0.000 20.000
3 16 30.000 0.000 20.000 30.350 0.000 18.450 31.000 0.000 18.600
3 16 31.000 0.000 18.600 32.700 0.000 19.150 30.000 0.000 20.000
3 16 30.000 0.000 20.000 32.700 0.000 19.150 34.100 0.000 19.450
3 16 35.750 0.000 19.600 40.000 0.000 20.000 30.000 0.000 20.000
3 16 30.000 0.000 20.000 34.100 0.000 19.450 35.750 0.000 19.600
3 16 40.000 0.000 20.000 35.750 0.000 19.600 36.550 0.000 19.550
3 16 40.000 0.000 20.000 36.550 0.000 19.550 37.150 0.000 19.300
3 16 40.000 0.000 20.000 37.150 0.000 19.300 38.050 0.000 18.600
3 16 40.000 0.000 20.000 38.050 0.000 18.600 38.750 0.000 17.700
3 16 40.000 0.000 20.000 38.750 0.000 17.700 39.350 0.000 16.450
3 16 40.000 0.000 20.000 39.350 0.000 16.450 39.750 0.000 15.250
3 16 -35.400 0.000 -10.250 -40.000 0.000 -20.000 -34.850 0.000 -11.600
3 16 -34.850 0.000 -11.600 -40.000 0.000 -20.000 -34.150 0.000 -13.150
3 16 -34.150 0.000 -13.150 -40.000 0.000 -20.000 -33.450 0.000 -14.450
3 16 -33.450 0.000 -14.450 -40.000 0.000 -20.000 -32.750 0.000 -15.450
3 16 -32.750 0.000 -15.450 -40.000 0.000 -20.000 -32.300 0.000 -15.800
3 16 -32.300 0.000 -15.800 -40.000 0.000 -20.000 -31.450 0.000 -16.050
3 16 -31.450 0.000 -16.050 -40.000 0.000 -20.000 -30.300 0.000 -16.250
3 16 -29.000 0.000 -16.300 -30.300 0.000 -16.250 -40.000 0.000 -20.000
3 16 -40.000 0.000 -20.000 -20.000 0.000 -20.000 -29.000 0.000 -16.300
3 16 -27.300 0.000 -16.300 -29.000 0.000 -16.300 -20.000 0.000 -20.000
3 16 -25.350 0.000 -16.200 -27.300 0.000 -16.300 -20.000 0.000 -20.000
3 16 -23.400 0.000 -15.950 -25.350 0.000 -16.200 -20.000 0.000 -20.000
3 16 -21.550 0.000 -15.600 -23.400 0.000 -15.950 -20.000 0.000 -20.000
3 16 -19.350 0.000 -15.050 -21.550 0.000 -15.600 -20.000 0.000 -20.000
3 16 -16.490 0.000 -15.400 -20.000 0.000 -20.000 -14.930 0.000 -16.340
3 16 -14.930 0.000 -16.340 -20.000 0.000 -20.000 -13.290 0.000 -17.120
3 16 -13.290 0.000 -17.120 -20.000 0.000 -20.000 -11.580 0.000 -17.730
3 16 -9.810 0.000 -18.170 -11.580 0.000 -17.730 -20.000 0.000 -20.000
3 16 -20.000 0.000 -20.000 -10.000 0.000 -20.000 -9.810 0.000 -18.170
3 16 -9.810 0.000 -18.170 -10.000 0.000 -20.000 -8.020 0.000 -18.440
3 16 -6.200 0.000 -18.530 -8.020 0.000 -18.440 -10.000 0.000 -20.000
3 16 -10.000 0.000 -20.000 0.000 0.000 -20.000 -6.200 0.000 -18.530
3 16 -4.380 0.000 -18.440 -6.200 0.000 -18.530 0.000 0.000 -20.000
3 16 -2.590 0.000 -18.170 -4.380 0.000 -18.440 0.000 0.000 -20.000
3 16 -0.820 0.000 -17.730 -2.590 0.000 -18.170 0.000 0.000 -20.000
3 16 0.890 0.000 -17.120 -0.820 0.000 -17.730 0.000 0.000 -20.000
3 16 2.530 0.000 -16.340 0.890 0.000 -17.120 0.000 0.000 -20.000
3 16 4.090 0.000 -15.400 2.530 0.000 -16.340 0.000 0.000 -20.000
3 16 0.000 0.000 -20.000 40.000 0.000 -20.000 4.090 0.000 -15.400
3 16 5.550 0.000 -14.320 4.090 0.000 -15.400 40.000 0.000 -20.000
3 16 6.900 0.000 -13.100 5.550 0.000 -14.320 40.000 0.000 -20.000
3 16 8.120 0.000 -11.750 6.900 0.000 -13.100 40.000 0.000 -20.000
3 16 40.000 0.000 -20.000 28.550 0.000 1.300 9.200 0.000 -10.290
3 16 9.200 0.000 -10.290 8.120 0.000 -11.750 40.000 0.000 -20.000
3 16 29.300 0.000 1.300 28.550 0.000 1.300 40.000 0.000 -20.000
3 16 28.550 0.000 1.300 27.950 0.000 1.400 10.140 0.000 -8.730
3 16 10.140 0.000 -8.730 9.200 0.000 -10.290 28.550 0.000 1.300
3 16 27.950 0.000 1.400 27.150 0.000 1.800 10.920 0.000 -7.090
3 16 10.920 0.000 -7.090 10.140 0.000 -8.730 27.950 0.000 1.400
3 16 11.530 0.000 -5.380 10.920 0.000 -7.090 27.150 0.000 1.800
3 16 27.150 0.000 1.800 19.400 0.000 1.700 11.530 0.000 -5.380
3 16 23.750 0.000 4.050 19.400 0.000 1.700 27.150 0.000 1.800
3 16 15.100 0.000 -0.500 12.210 0.000 -2.030 11.970 0.000 -3.610
3 16 11.530 0.000 -5.380 19.400 0.000 1.700 15.100 0.000 -0.500
3 16 15.100 0.000 -0.500 11.970 0.000 -3.610 11.530 0.000 -5.380
3 16 30.150 0.000 1.500 29.300 0.000 1.300 40.000 0.000 -20.000
3 16 31.300 0.000 2.050 30.150 0.000 1.500 40.000 0.000 -20.000
3 16 40.000 0.000 -20.000 40.000 0.000 0.000 31.300 0.000 2.050
3 16 32.200 0.000 2.650 31.300 0.000 2.050 40.000 0.000 0.000
3 16 32.800 0.000 3.100 32.200 0.000 2.650 40.000 0.000 0.000
3 16 33.200 0.000 3.550 32.800 0.000 3.100 40.000 0.000 0.000
3 16 33.600 0.000 4.200 33.200 0.000 3.550 40.000 0.000 0.000
3 16 34.050 0.000 5.200 33.600 0.000 4.200 40.000 0.000 0.000
3 16 40.000 0.000 0.000 35.400 0.000 9.000 35.050 0.000 8.300
3 16 35.050 0.000 8.300 34.050 0.000 5.200 40.000 0.000 0.000
3 16 40.000 0.000 0.000 37.250 0.000 10.800 35.900 0.000 9.500
3 16 35.900 0.000 9.500 35.400 0.000 9.000 40.000 0.000 0.000
3 16 38.650 0.000 12.050 37.250 0.000 10.800 40.000 0.000 0.000
3 16 39.500 0.000 13.200 38.650 0.000 12.050 40.000 0.000 0.000
3 16 40.000 0.000 0.000 40.000 0.000 14.000 39.800 0.000 13.900
3 16 39.800 0.000 13.900 39.500 0.000 13.200 40.000 0.000 0.000
3 16 39.850 0.000 14.600 39.800 0.000 13.900 40.000 0.000 14.000
3 16 39.850 0.000 14.600 40.000 0.000 14.000 40.000 0.000 20.000
3 16 40.000 0.000 20.000 39.750 0.000 15.250 39.850 0.000 14.600
3 16 -35.500 0.000 -9.700 -40.000 0.000 0.000 -40.000 0.000 -20.000
3 16 -40.000 0.000 -20.000 -35.400 0.000 -10.250 -35.500 0.000 -9.700
3 16 -40.000 0.000 0.000 -35.500 0.000 -9.700 -35.450 0.000 -9.250
3 16 -40.000 0.000 0.000 -35.450 0.000 -9.250 -35.000 0.000 -8.500
3 16 -40.000 0.000 0.000 -35.000 0.000 -8.500 -34.150 0.000 -7.350
3 16 -40.000 0.000 0.000 -34.150 0.000 -7.350 -33.050 0.000 -6.150
3 16 -31.800 0.000 -5.000 -40.000 0.000 20.000 -40.000 0.000 0.000
3 16 -40.000 0.000 0.000 -33.050 0.000 -6.150 -31.800 0.000 -5.000
3 16 -40.000 0.000 20.000 -31.800 0.000 -5.000 -30.350 0.000 -3.900
3 16 -40.000 0.000 20.000 -30.350 0.000 -3.900 -28.900 0.000 -3.000
3 16 -40.000 0.000 20.000 -28.900 0.000 -3.000 -27.300 0.000 -2.050
3 16 -40.000 0.000 20.000 -27.300 0.000 -2.050 -24.640 0.000 1.820
3 16 -24.640 0.000 1.820 -24.370 0.000 3.610 -40.000 0.000 20.000
3 16 -24.640 0.000 1.820 -27.300 0.000 -2.050 -25.500 0.000 -1.050
3 16 -25.500 0.000 -1.050 -24.730 0.000 0.000 -24.640 0.000 1.820
3 15 -24.640 0.000 1.820 -24.730 0.000 0.000 -22.620 0.000 0.000
3 15 -22.620 0.000 0.000 -22.540 0.000 1.610 -24.640 0.000 1.820
3 15 -22.540 0.000 1.610 -22.310 0.000 3.200 -24.370 0.000 3.610
3 15 -24.370 0.000 3.610 -24.640 0.000 1.820 -22.540 0.000 1.610
3 15 -22.310 0.000 3.200 -21.910 0.000 4.770 -23.930 0.000 5.380
3 15 -23.930 0.000 5.380 -24.370 0.000 3.610 -22.310 0.000 3.200
3 15 -21.910 0.000 4.770 -21.370 0.000 6.280 -23.320 0.000 7.090
3 15 -23.320 0.000 7.090 -23.930 0.000 5.380 -21.910 0.000 4.770
3 15 -21.370 0.000 6.280 -20.680 0.000 7.740 -22.540 0.000 8.730
3 15 -22.540 0.000 8.730 -23.320 0.000 7.090 -21.370 0.000 6.280
3 15 -20.680 0.000 7.740 -19.850 0.000 9.120 -21.600 0.000 10.290
3 15 -21.600 0.000 10.290 -22.540 0.000 8.730 -20.680 0.000 7.740
3 15 -19.850 0.000 9.120 -18.890 0.000 10.420 -20.520 0.000 11.750
3 15 -20.520 0.000 11.750 -21.600 0.000 10.290 -19.850 0.000 9.120
3 15 -18.890 0.000 10.420 -17.810 0.000 11.610 -19.300 0.000 13.100
3 15 -19.300 0.000 13.100 -20.520 0.000 11.750 -18.890 0.000 10.420
3 15 -17.950 0.000 14.320 -19.300 0.000 13.100 -17.810 0.000 11.610
3 15 -17.810 0.000 11.610 -16.620 0.000 12.690 -17.950 0.000 14.320
3 15 -16.620 0.000 12.690 -15.320 0.000 13.650 -16.490 0.000 15.400
3 15 -16.490 0.000 15.400 -17.950 0.000 14.320 -16.620 0.000 12.690
3 15 -15.320 0.000 13.650 -13.940 0.000 14.480 -14.930 0.000 16.340
3 15 -14.930 0.000 16.340 -16.490 0.000 15.400 -15.320 0.000 13.650
3 15 -13.940 0.000 14.480 -12.480 0.000 15.170 -13.290 0.000 17.120
3 15 -13.290 0.000 17.120 -14.930 0.000 16.340 -13.940 0.000 14.480
3 15 -12.480 0.000 15.170 -10.970 0.000 15.710 -11.580 0.000 17.730
3 15 -11.580 0.000 17.730 -13.290 0.000 17.120 -12.480 0.000 15.170
3 15 -10.970 0.000 15.710 -9.400 0.000 16.110 -9.810 0.000 18.170
3 15 -9.810 0.000 18.170 -11.580 0.000 17.730 -10.970 0.000 15.710
3 15 -9.400 0.000 16.110 -7.810 0.000 16.340 -8.020 0.000 18.440
3 15 -8.020 0.000 18.440 -9.810 0.000 18.170 -9.400 0.000 16.110
3 15 -7.810 0.000 16.340 -6.200 0.000 16.420 -6.200 0.000 18.530
3 15 -6.200 0.000 18.530 -8.020 0.000 18.440 -7.810 0.000 16.340
3 15 8.970 0.000 6.280 10.920 0.000 7.090 10.140 0.000 8.730
3 15 10.140 0.000 8.730 8.280 0.000 7.740 8.970 0.000 6.280
3 15 9.200 0.000 10.290 7.450 0.000 9.120 8.280 0.000 7.740
3 15 8.280 0.000 7.740 10.140 0.000 8.730 9.200 0.000 10.290
3 15 8.120 0.000 11.750 6.490 0.000 10.420 7.450 0.000 9.120
3 15 7.450 0.000 9.120 9.200 0.000 10.290 8.120 0.000 11.750
3 15 6.900 0.000 13.100 5.410 0.000 11.610 6.490 0.000 10.420
3 15 6.490 0.000 10.420 8.120 0.000 11.750 6.900 0.000 13.100
3 15 5.550 0.000 14.320 4.220 0.000 12.690 5.410 0.000 11.610
3 15 5.410 0.000 11.610 6.900 0.000 13.100 5.550 0.000 14.320
3 15 4.090 0.000 15.400 2.920 0.000 13.650 4.220 0.000 12.690
3 15 4.220 0.000 12.690 5.550 0.000 14.320 4.090 0.000 15.400
3 15 2.530 0.000 16.340 1.540 0.000 14.480 2.920 0.000 13.650
3 15 2.920 0.000 13.650 4.090 0.000 15.400 2.530 0.000 16.340
3 15 0.890 0.000 17.120 0.080 0.000 15.170 1.540 0.000 14.480
3 15 1.540 0.000 14.480 2.530 0.000 16.340 0.890 0.000 17.120
3 15 0.080 0.000 15.170 0.890 0.000 17.120 -0.820 0.000 17.730
3 15 -0.820 0.000 17.730 -1.430 0.000 15.710 0.080 0.000 15.170
3 15 -2.590 0.000 18.170 -3.000 0.000 16.110 -1.430 0.000 15.710
3 15 -1.430 0.000 15.710 -0.820 0.000 17.730 -2.590 0.000 18.170
3 15 -4.380 0.000 18.440 -4.590 0.000 16.340 -3.000 0.000 16.110
3 15 -3.000 0.000 16.110 -2.590 0.000 18.170 -4.380 0.000 18.440
3 15 -6.200 0.000 18.530 -6.200 0.000 16.420 -4.590 0.000 16.340
3 15 -4.590 0.000 16.340 -4.380 0.000 18.440 -6.200 0.000 18.530
3 15 -13.290 0.000 -17.120 -12.480 0.000 -15.170 -13.940 0.000 -14.480
3 15 -13.940 0.000 -14.480 -14.930 0.000 -16.340 -13.290 0.000 -17.120
3 15 -11.580 0.000 -17.730 -10.970 0.000 -15.710 -12.480 0.000 -15.170
3 15 -12.480 0.000 -15.170 -13.290 0.000 -17.120 -11.580 0.000 -17.730
3 15 -9.810 0.000 -18.170 -9.400 0.000 -16.110 -10.970 0.000 -15.710
3 15 -10.970 0.000 -15.710 -11.580 0.000 -17.730 -9.810 0.000 -18.170
3 15 -7.810 0.000 -16.340 -8.020 0.000 -18.440 -6.200 0.000 -18.530
3 15 -6.200 0.000 -18.530 -6.200 0.000 -16.420 -7.810 0.000 -16.340
3 15 9.510 0.000 -4.770 8.970 0.000 -6.280 10.920 0.000 -7.090
3 15 10.920 0.000 -7.090 11.530 0.000 -5.380 9.510 0.000 -4.770
3 15 8.970 0.000 -6.280 8.280 0.000 -7.740 10.140 0.000 -8.730
3 15 10.140 0.000 -8.730 10.920 0.000 -7.090 8.970 0.000 -6.280
3 15 8.280 0.000 -7.740 7.450 0.000 -9.120 9.200 0.000 -10.290
3 15 9.200 0.000 -10.290 10.140 0.000 -8.730 8.280 0.000 -7.740
3 15 7.450 0.000 -9.120 6.490 0.000 -10.420 8.120 0.000 -11.750
3 15 8.120 0.000 -11.750 9.200 0.000 -10.290 7.450 0.000 -9.120
3 15 6.490 0.000 -10.420 5.410 0.000 -11.610 6.900 0.000 -13.100
3 15 6.900 0.000 -13.100 8.120 0.000 -11.750 6.490 0.000 -10.420
3 15 5.410 0.000 -11.610 4.220 0.000 -12.690 5.550 0.000 -14.320
3 15 5.550 0.000 -14.320 6.900 0.000 -13.100 5.410 0.000 -11.610
3 15 4.220 0.000 -12.690 2.920 0.000 -13.650 4.090 0.000 -15.400
3 15 4.090 0.000 -15.400 5.550 0.000 -14.320 4.220 0.000 -12.690
3 15 2.530 0.000 -16.340 4.090 0.000 -15.400 2.920 0.000 -13.650
3 15 2.920 0.000 -13.650 1.540 0.000 -14.480 2.530 0.000 -16.340
3 15 1.540 0.000 -14.480 0.080 0.000 -15.170 0.890 0.000 -17.120
3 15 0.890 0.000 -17.120 2.530 0.000 -16.340 1.540 0.000 -14.480
3 15 0.080 0.000 -15.170 -1.430 0.000 -15.710 -0.820 0.000 -17.730
3 15 -0.820 0.000 -17.730 0.890 0.000 -17.120 0.080 0.000 -15.170
3 15 -1.430 0.000 -15.710 -3.000 0.000 -16.110 -2.590 0.000 -18.170
3 15 -2.590 0.000 -18.170 -0.820 0.000 -17.730 -1.430 0.000 -15.710
3 15 -3.000 0.000 -16.110 -4.590 0.000 -16.340 -4.380 0.000 -18.440
3 15 -4.380 0.000 -18.440 -2.590 0.000 -18.170 -3.000 0.000 -16.110
3 15 -4.590 0.000 -16.340 -6.200 0.000 -16.420 -6.200 0.000 -18.530
3 15 -6.200 0.000 -18.530 -4.380 0.000 -18.440 -4.590 0.000 -16.340
3 4 -30.400 0.000 -9.400 -32.350 0.000 -7.600 -33.100 0.000 -8.600
3 4 -33.100 0.000 -8.600 -33.550 0.000 -9.400 -30.400 0.000 -9.400
3 4 -29.600 0.000 -8.500 -31.350 0.000 -6.500 -32.350 0.000 -7.600
3 4 -32.350 0.000 -7.600 -30.400 0.000 -9.400 -29.600 0.000 -8.500
3 4 -28.400 0.000 -7.400 -29.850 0.000 -5.200 -31.350 0.000 -6.500
3 4 -31.350 0.000 -6.500 -29.600 0.000 -8.500 -28.400 0.000 -7.400
3 4 -26.950 0.000 -6.350 -28.050 0.000 -3.900 -29.850 0.000 -5.200
3 4 -29.850 0.000 -5.200 -28.400 0.000 -7.400 -26.950 0.000 -6.350
3 4 -25.450 0.000 -5.450 -25.800 0.000 -2.550 -28.050 0.000 -3.900
3 4 -28.050 0.000 -3.900 -26.950 0.000 -6.350 -25.450 0.000 -5.450
3 4 -32.750 0.000 -12.500 -32.100 0.000 -13.500 -30.100 0.000 -11.050
3 4 -30.100 0.000 -11.050 -33.200 0.000 -11.050 -32.750 0.000 -12.500
3 4 -31.550 0.000 -14.100 -30.900 0.000 -14.300 -30.100 0.000 -11.050
3 4 -30.100 0.000 -11.050 -32.100 0.000 -13.500 -31.550 0.000 -14.100
3 4 -30.900 0.000 -14.300 -29.300 0.000 -14.400 -28.700 0.000 -10.950
3 4 -28.700 0.000 -10.950 -30.100 0.000 -11.050 -30.900 0.000 -14.300
3 4 -27.400 0.000 -14.350 -26.350 0.000 -10.650 -28.700 0.000 -10.950
3 4 -28.700 0.000 -10.950 -29.300 0.000 -14.400 -27.400 0.000 -14.350
3 4 -24.750 0.000 -13.900 -23.750 0.000 -10.100 -26.350 0.000 -10.650
3 4 -26.350 0.000 -10.650 -27.400 0.000 -14.350 -24.750 0.000 -13.900
3 4 -21.800 0.000 -13.200 -20.900 0.000 -9.300 -23.750 0.000 -10.100
3 4 -23.750 0.000 -10.100 -24.750 0.000 -13.900 -21.800 0.000 -13.200
3 4 -19.000 0.000 -12.400 -17.500 0.000 -8.250 -20.900 0.000 -9.300
3 4 -20.900 0.000 -9.300 -21.800 0.000 -13.200 -19.000 0.000 -12.400
3 4 -15.650 0.000 -11.250 -13.500 0.000 -6.700 -17.500 0.000 -8.250
3 4 -17.500 0.000 -8.250 -19.000 0.000 -12.400 -15.650 0.000 -11.250
3 4 -11.200 0.000 -9.650 -9.150 0.000 -4.900 -13.500 0.000 -6.700
3 4 -13.500 0.000 -6.700 -15.650 0.000 -11.250 -11.200 0.000 -9.650
3 4 -6.700 0.000 -7.700 -4.050 0.000 -2.600 -9.150 0.000 -4.900
3 4 -9.150 0.000 -4.900 -11.200 0.000 -9.650 -6.700 0.000 -7.700
3 4 -1.000 0.000 -5.150 0.550 0.000 -0.450 -4.050 0.000 -2.600
3 4 -4.050 0.000 -2.600 -6.700 0.000 -7.700 -1.000 0.000 -5.150
3 4 3.850 0.000 -2.950 4.750 0.000 1.600 0.550 0.000 -0.450
3 4 0.550 0.000 -0.450 -1.000 0.000 -5.150 3.850 0.000 -2.950
3 4 8.200 0.000 -0.850 8.750 0.000 3.650 4.750 0.000 1.600
3 4 4.750 0.000 1.600 3.850 0.000 -2.950 8.200 0.000 -0.850
3 4 11.850 0.000 0.900 11.750 0.000 5.150 8.750 0.000 3.650
3 4 8.750 0.000 3.650 8.200 0.000 -0.850 11.850 0.000 0.900
3 4 11.750 0.000 5.150 11.850 0.000 0.900 13.650 0.000 1.750
3 4 14.950 0.000 2.400 17.650 0.000 3.750 15.850 0.000 7.150
3 4 15.850 0.000 7.150 13.200 0.000 5.800 14.950 0.000 2.400
3 4 19.100 0.000 4.450 20.850 0.000 5.450 18.950 0.000 8.850
3 4 18.950 0.000 8.850 17.300 0.000 7.900 19.100 0.000 4.450
3 4 24.650 0.000 6.250 21.800 0.000 11.600 20.150 0.000 9.700
3 4 20.150 0.000 9.700 22.050 0.000 6.100 24.650 0.000 6.250
3 4 21.800 0.000 11.600 24.650 0.000 6.250 32.950 0.000 10.300
3 4 32.950 0.000 10.300 25.300 0.000 17.850 21.800 0.000 11.600
3 4 32.950 0.000 10.300 33.600 0.000 11.000 29.550 0.000 16.550
3 4 29.550 0.000 16.550 25.300 0.000 17.850 32.950 0.000 10.300
3 4 33.600 0.000 11.000 35.800 0.000 12.750 30.850 0.000 16.650
3 4 30.850 0.000 16.650 29.550 0.000 16.550 33.600 0.000 11.000
3 4 35.800 0.000 12.750 34.900 0.000 17.650 33.750 0.000 17.550
3 4 33.750 0.000 17.550 30.850 0.000 16.650 35.800 0.000 12.750
3 4 34.900 0.000 17.650 35.800 0.000 12.750 36.850 0.000 14.000
3 4 36.850 0.000 14.000 37.150 0.000 14.500 34.900 0.000 17.650
3 4 37.150 0.000 14.500 36.250 0.000 17.050 35.600 0.000 17.650
3 4 35.600 0.000 17.650 34.900 0.000 17.650 37.150 0.000 14.500
3 4 37.250 0.000 15.000 36.950 0.000 16.000 36.250 0.000 17.050
3 4 36.250 0.000 17.050 37.150 0.000 14.500 37.250 0.000 15.000
3 4 32.950 0.000 10.300 24.650 0.000 6.250 27.600 0.000 3.950
3 4 27.600 0.000 3.950 31.300 0.000 5.450 32.950 0.000 10.300
3 4 30.100 0.000 4.200 31.100 0.000 5.000 31.300 0.000 5.450
3 4 31.300 0.000 5.450 28.850 0.000 3.650 30.100 0.000 4.200
3 4 25.300 0.000 17.850 21.750 0.000 16.450 21.650 0.000 15.900
3 4 21.650 0.000 15.900 21.800 0.000 11.600 25.300 0.000 17.850
3 4 25.300 0.000 17.850 23.450 0.000 17.600 22.100 0.000 16.800
3 4 22.100 0.000 16.800 21.750 0.000 16.450 25.300 0.000 17.850
3 4 24.250 0.000 17.850 23.450 0.000 17.600 25.300 0.000 17.850
3 4 25.300 0.000 17.850 24.800 0.000 17.900 24.250 0.000 17.850
3 4 28.150 0.000 3.700 28.850 0.000 3.650 31.300 0.000 5.450
3 4 31.300 0.000 5.450 27.600 0.000 3.950 28.150 0.000 3.700
3 15 -33.100 0.000 -8.600 -34.150 0.000 -7.350 -35.000 0.000 -8.500
3 15 -35.000 0.000 -8.500 -33.550 0.000 -9.400 -33.100 0.000 -8.600
3 15 -32.350 0.000 -7.600 -33.050 0.000 -6.150 -34.150 0.000 -7.350
3 15 -34.150 0.000 -7.350 -33.100 0.000 -8.600 -32.350 0.000 -7.600
3 15 -31.350 0.000 -6.500 -31.800 0.000 -5.000 -33.050 0.000 -6.150
3 15 -33.050 0.000 -6.150 -32.350 0.000 -7.600 -31.350 0.000 -6.500
3 15 -29.850 0.000 -5.200 -30.350 0.000 -3.900 -31.800 0.000 -5.000
3 15 -31.800 0.000 -5.000 -31.350 0.000 -6.500 -29.850 0.000 -5.200
3 15 -30.350 0.000 -3.900 -29.850 0.000 -5.200 -28.050 0.000 -3.900
3 15 -28.050 0.000 -3.900 -28.900 0.000 -3.000 -30.350 0.000 -3.900
3 15 -28.050 0.000 -3.900 -25.800 0.000 -2.550 -27.300 0.000 -2.050
3 15 -27.300 0.000 -2.050 -28.900 0.000 -3.000 -28.050 0.000 -3.900
3 15 -25.800 0.000 -2.550 -24.620 0.000 -1.930 -25.500 0.000 -1.050
3 15 -25.500 0.000 -1.050 -27.300 0.000 -2.050 -25.800 0.000 -2.550
3 15 -33.550 0.000 -9.400 -35.000 0.000 -8.500 -35.450 0.000 -9.250
3 15 -35.450 0.000 -9.250 -35.500 0.000 -9.700 -33.550 0.000 -9.400
3 15 -35.400 0.000 -10.250 -33.200 0.000 -11.050 -33.550 0.000 -9.400
3 15 -33.550 0.000 -9.400 -35.500 0.000 -9.700 -35.400 0.000 -10.250
3 15 -33.200 0.000 -11.050 -30.100 0.000 -11.050 -30.400 0.000 -9.400
3 15 -30.400 0.000 -9.400 -33.550 0.000 -9.400 -33.200 0.000 -11.050
3 15 -28.700 0.000 -10.950 -27.050 0.000 -9.100 -30.400 0.000 -9.400
3 15 -30.400 0.000 -9.400 -30.100 0.000 -11.050 -28.700 0.000 -10.950
3 15 -27.050 0.000 -9.100 -28.400 0.000 -7.400 -29.600 0.000 -8.500
3 15 -29.600 0.000 -8.500 -30.400 0.000 -9.400 -27.050 0.000 -9.100
3 15 -26.300 0.000 -8.400 -26.950 0.000 -6.350 -28.400 0.000 -7.400
3 15 -28.400 0.000 -7.400 -27.050 0.000 -9.100 -26.300 0.000 -8.400
3 15 -25.250 0.000 -7.600 -25.450 0.000 -5.450 -26.950 0.000 -6.350
3 15 -26.950 0.000 -6.350 -26.300 0.000 -8.400 -25.250 0.000 -7.600
3 15 -24.200 0.000 -7.000 -24.090 0.000 -4.720 -25.450 0.000 -5.450
3 15 -25.450 0.000 -5.450 -25.250 0.000 -7.600 -24.200 0.000 -7.000
3 15 -33.200 0.000 -11.050 -35.400 0.000 -10.250 -34.850 0.000 -11.600
3 15 -34.850 0.000 -11.600 -32.750 0.000 -12.500 -33.200 0.000 -11.050
3 15 -34.150 0.000 -13.150 -32.100 0.000 -13.500 -32.750 0.000 -12.500
3 15 -32.750 0.000 -12.500 -34.850 0.000 -11.600 -34.150 0.000 -13.150
3 15 -33.450 0.000 -14.450 -31.550 0.000 -14.100 -32.100 0.000 -13.500
3 15 -32.100 0.000 -13.500 -34.150 0.000 -13.150 -33.450 0.000 -14.450
3 15 -32.750 0.000 -15.450 -32.300 0.000 -15.800 -31.550 0.000 -14.100
3 15 -31.550 0.000 -14.100 -33.450 0.000 -14.450 -32.750 0.000 -15.450
3 15 -32.300 0.000 -15.800 -31.450 0.000 -16.050 -30.900 0.000 -14.300
3 15 -30.900 0.000 -14.300 -31.550 0.000 -14.100 -32.300 0.000 -15.800
3 15 -31.450 0.000 -16.050 -30.300 0.000 -16.250 -29.300 0.000 -14.400
3 15 -29.300 0.000 -14.400 -30.900 0.000 -14.300 -31.450 0.000 -16.050
3 15 -29.000 0.000 -16.300 -27.400 0.000 -14.350 -29.300 0.000 -14.400
3 15 -29.300 0.000 -14.400 -30.300 0.000 -16.250 -29.000 0.000 -16.300
3 15 -27.300 0.000 -16.300 -25.350 0.000 -16.200 -27.400 0.000 -14.350
3 15 -27.400 0.000 -14.350 -29.000 0.000 -16.300 -27.300 0.000 -16.300
3 15 -25.350 0.000 -16.200 -23.400 0.000 -15.950 -24.750 0.000 -13.900
3 15 -24.750 0.000 -13.900 -27.400 0.000 -14.350 -25.350 0.000 -16.200
3 15 -21.550 0.000 -15.600 -21.800 0.000 -13.200 -24.750 0.000 -13.900
3 15 -24.750 0.000 -13.900 -23.400 0.000 -15.950 -21.550 0.000 -15.600
3 15 -19.350 0.000 -15.050 -19.000 0.000 -12.400 -21.800 0.000 -13.200
3 15 -21.800 0.000 -13.200 -21.550 0.000 -15.600 -19.350 0.000 -15.050
3 15 -26.350 0.000 -10.650 -25.350 0.000 -8.750 -27.050 0.000 -9.100
3 15 -27.050 0.000 -9.100 -28.700 0.000 -10.950 -26.350 0.000 -10.650
3 15 -23.750 0.000 -10.100 -23.400 0.000 -8.200 -25.350 0.000 -8.750
3 15 -25.350 0.000 -8.750 -26.350 0.000 -10.650 -23.750 0.000 -10.100
3 15 -23.400 0.000 -8.200 -23.750 0.000 -10.100 -20.900 0.000 -9.300
3 15 -20.900 0.000 -9.300 -22.890 0.000 -8.000 -23.400 0.000 -8.200
3 15 -24.620 0.000 -1.930 -22.540 0.000 -1.610 -24.690 0.000 -0.680
3 15 -24.690 0.000 -0.680 -25.500 0.000 -1.050 -24.620 0.000 -1.930
3 15 -24.690 0.000 -0.680 -22.540 0.000 -1.610 -22.620 0.000 0.000
3 15 -22.620 0.000 0.000 -24.730 0.000 0.000 -24.690 0.000 -0.680
3 15 -22.540 0.000 -1.610 -24.620 0.000 -1.930 -24.370 0.000 -3.610
3 15 -24.370 0.000 -3.610 -22.310 0.000 -3.200 -22.540 0.000 -1.610
3 15 -24.090 0.000 -4.720 -21.910 0.000 -4.770 -22.310 0.000 -3.200
3 15 -22.310 0.000 -3.200 -24.370 0.000 -3.610 -24.090 0.000 -4.720
3 15 -24.090 0.000 -4.720 -24.200 0.000 -7.000 -23.490 0.000 -6.610
3 15 -23.490 0.000 -6.610 -21.910 0.000 -4.770 -24.090 0.000 -4.720
3 15 -21.910 0.000 -4.770 -23.490 0.000 -6.610 -23.320 0.000 -7.090
3 15 -23.320 0.000 -7.090 -21.370 0.000 -6.280 -21.910 0.000 -4.770
3 4 -25.800 0.000 -2.550 -25.450 0.000 -5.450 -24.370 0.000 -3.610
3 4 -24.370 0.000 -3.610 -24.620 0.000 -1.930 -25.800 0.000 -2.550
3 4 -24.370 0.000 -3.610 -25.450 0.000 -5.450 -24.090 0.000 -4.720
3 15 -17.500 0.000 -8.250 -13.500 0.000 -6.700 -16.600 0.000 -6.200
3 15 -16.600 0.000 -6.200 -19.950 0.000 -7.250 -17.500 0.000 -8.250
3 15 -13.500 0.000 -6.700 -9.150 0.000 -4.900 -12.300 0.000 -4.400
3 15 -12.300 0.000 -4.400 -16.600 0.000 -6.200 -13.500 0.000 -6.700
3 15 -7.800 0.000 -2.600 -12.300 0.000 -4.400 -9.150 0.000 -4.900
3 15 15.850 0.000 7.150 16.400 0.000 9.400 13.200 0.000 7.750
3 15 13.200 0.000 7.750 13.200 0.000 5.800 15.850 0.000 7.150
3 15 17.300 0.000 7.900 18.950 0.000 8.850 16.400 0.000 9.400
3 15 16.400 0.000 9.400 15.850 0.000 7.150 17.300 0.000 7.900
3 15 18.950 0.000 8.850 20.150 0.000 9.700 19.900 0.000 11.300
3 15 19.900 0.000 11.300 16.400 0.000 9.400 18.950 0.000 8.850
3 15 13.650 0.000 1.750 14.950 0.000 2.400 13.200 0.000 5.800
3 15 13.200 0.000 5.800 11.750 0.000 5.150 13.650 0.000 1.750
3 15 17.650 0.000 3.750 19.100 0.000 4.450 17.300 0.000 7.900
3 15 17.300 0.000 7.900 15.850 0.000 7.150 17.650 0.000 3.750
3 15 22.050 0.000 6.100 20.150 0.000 9.700 18.950 0.000 8.850
3 15 18.950 0.000 8.850 20.850 0.000 5.450 22.050 0.000 6.100
3 15 -22.890 0.000 -8.000 -20.810 0.000 -7.470 -21.370 0.000 -6.280
3 15 -21.370 0.000 -6.280 -23.320 0.000 -7.090 -22.890 0.000 -8.000
3 15 -20.810 0.000 -7.470 -22.890 0.000 -8.000 -20.900 0.000 -9.300
3 15 -19.950 0.000 -7.250 -20.810 0.000 -7.470 -20.900 0.000 -9.300
3 15 -20.900 0.000 -9.300 -17.500 0.000 -8.250 -19.950 0.000 -7.250
3 15 -10.650 0.000 -12.200 -11.200 0.000 -9.650 -15.650 0.000 -11.250
3 15 -15.650 0.000 -11.250 -14.700 0.000 -13.650 -10.650 0.000 -12.200
3 15 -6.750 0.000 -10.700 -6.700 0.000 -7.700 -11.200 0.000 -9.650
3 15 -11.200 0.000 -9.650 -10.650 0.000 -12.200 -6.750 0.000 -10.700
3 15 3.500 0.000 -6.200 3.850 0.000 -2.950 -1.000 0.000 -5.150
3 15 -1.000 0.000 -5.150 -0.150 0.000 -7.890 3.500 0.000 -6.200
3 15 7.400 0.000 -4.300 8.200 0.000 -0.850 3.850 0.000 -2.950
3 15 3.850 0.000 -2.950 3.500 0.000 -6.200 7.400 0.000 -4.300
3 15 15.100 0.000 -0.500 13.650 0.000 1.750 11.850 0.000 0.900
3 15 11.850 0.000 0.900 12.210 0.000 -2.030 15.100 0.000 -0.500
3 15 15.100 0.000 -0.500 19.400 0.000 1.700 14.950 0.000 2.400
3 15 14.950 0.000 2.400 13.650 0.000 1.750 15.100 0.000 -0.500
3 15 19.400 0.000 1.700 19.100 0.000 4.450 17.650 0.000 3.750
3 15 17.650 0.000 3.750 14.950 0.000 2.400 19.400 0.000 1.700
3 15 23.750 0.000 4.050 20.850 0.000 5.450 19.100 0.000 4.450
3 15 19.100 0.000 4.450 19.400 0.000 1.700 23.750 0.000 4.050
3 15 23.750 0.000 4.050 24.650 0.000 6.250 22.050 0.000 6.100
3 15 22.050 0.000 6.100 20.850 0.000 5.450 23.750 0.000 4.050
3 15 -16.490 0.000 -15.400 -14.930 0.000 -16.340 -15.120 0.000 -13.780
3 15 -15.120 0.000 -13.780 -17.640 0.000 -14.550 -16.490 0.000 -15.400
3 15 -15.120 0.000 -13.780 -14.930 0.000 -16.340 -13.940 0.000 -14.480
3 15 -17.640 0.000 -14.550 -15.650 0.000 -11.250 -19.000 0.000 -12.400
3 15 -19.000 0.000 -12.400 -19.350 0.000 -15.050 -17.640 0.000 -14.550
3 15 -15.650 0.000 -11.250 -17.640 0.000 -14.550 -15.120 0.000 -13.780
3 15 -15.120 0.000 -13.780 -14.700 0.000 -13.650 -15.650 0.000 -11.250
3 15 9.920 0.000 -3.130 9.510 0.000 -4.770 11.530 0.000 -5.380
3 15 9.920 0.000 -3.130 11.530 0.000 -5.380 11.970 0.000 -3.610
3 15 11.970 0.000 -3.610 12.210 0.000 -2.030 9.920 0.000 -3.130
3 15 9.920 0.000 -3.130 11.850 0.000 0.900 8.200 0.000 -0.850
3 15 8.200 0.000 -0.850 7.400 0.000 -4.300 9.920 0.000 -3.130
3 15 11.850 0.000 0.900 9.920 0.000 -3.130 12.210 0.000 -2.030
3 15 9.240 0.000 5.530 11.120 0.000 6.580 10.920 0.000 7.090
3 15 10.920 0.000 7.090 8.970 0.000 6.280 9.240 0.000 5.530
3 15 8.750 0.000 3.650 11.750 0.000 5.150 9.240 0.000 5.530
3 15 9.240 0.000 5.530 6.600 0.000 4.150 8.750 0.000 3.650
3 15 11.120 0.000 6.580 9.240 0.000 5.530 11.750 0.000 5.150
3 15 13.200 0.000 7.750 11.120 0.000 6.580 11.750 0.000 5.150
3 15 11.750 0.000 5.150 13.200 0.000 5.800 13.200 0.000 7.750
3 15 19.900 0.000 11.300 20.150 0.000 9.700 21.800 0.000 11.600
3 15 21.800 0.000 11.600 19.750 0.000 15.850 19.900 0.000 11.300
3 15 21.650 0.000 15.900 19.750 0.000 16.600 19.750 0.000 15.850
3 15 19.750 0.000 15.850 21.800 0.000 11.600 21.650 0.000 15.900
3 15 21.650 0.000 15.900 21.750 0.000 16.450 19.900 0.000 17.050
3 15 19.900 0.000 17.050 19.750 0.000 16.600 21.650 0.000 15.900
3 15 21.750 0.000 16.450 22.100 0.000 16.800 20.250 0.000 17.600
3 15 20.250 0.000 17.600 19.900 0.000 17.050 21.750 0.000 16.450
3 15 22.100 0.000 16.800 23.450 0.000 17.600 21.050 0.000 18.250
3 15 21.050 0.000 18.250 20.250 0.000 17.600 22.100 0.000 16.800
3 15 23.450 0.000 17.600 24.250 0.000 17.850 22.750 0.000 19.200
3 15 22.750 0.000 19.200 21.050 0.000 18.250 23.450 0.000 17.600
3 15 24.250 0.000 17.850 24.450 0.000 19.700 23.750 0.000 19.600
3 15 23.750 0.000 19.600 22.750 0.000 19.200 24.250 0.000 17.850
3 15 24.250 0.000 17.850 24.800 0.000 17.900 25.050 0.000 19.700
3 15 25.050 0.000 19.700 24.450 0.000 19.700 24.250 0.000 17.850
3 15 25.300 0.000 17.850 26.150 0.000 19.600 25.050 0.000 19.700
3 15 25.050 0.000 19.700 24.800 0.000 17.900 25.300 0.000 17.850
3 15 25.300 0.000 17.850 29.550 0.000 16.550 27.750 0.000 19.150
3 15 27.750 0.000 19.150 26.150 0.000 19.600 25.300 0.000 17.850
3 15 29.550 0.000 16.550 30.850 0.000 16.650 29.950 0.000 18.450
3 15 29.950 0.000 18.450 27.750 0.000 19.150 29.550 0.000 16.550
3 15 30.350 0.000 18.450 29.950 0.000 18.450 30.850 0.000 16.650
3 15 30.850 0.000 16.650 33.750 0.000 17.550 31.000 0.000 18.600
3 15 31.000 0.000 18.600 30.350 0.000 18.450 30.850 0.000 16.650
3 15 33.750 0.000 17.550 34.100 0.000 19.450 32.700 0.000 19.150
3 15 32.700 0.000 19.150 31.000 0.000 18.600 33.750 0.000 17.550
3 15 34.900 0.000 17.650 35.750 0.000 19.600 34.100 0.000 19.450
3 15 34.100 0.000 19.450 33.750 0.000 17.550 34.900 0.000 17.650
3 15 35.600 0.000 17.650 36.550 0.000 19.550 35.750 0.000 19.600
3 15 35.750 0.000 19.600 34.900 0.000 17.650 35.600 0.000 17.650
3 15 35.600 0.000 17.650 36.250 0.000 17.050 37.150 0.000 19.300
3 15 37.150 0.000 19.300 36.550 0.000 19.550 35.600 0.000 17.650
3 15 36.250 0.000 17.050 38.750 0.000 17.700 38.050 0.000 18.600
3 15 38.050 0.000 18.600 37.150 0.000 19.300 36.250 0.000 17.050
3 15 36.950 0.000 16.000 39.350 0.000 16.450 38.750 0.000 17.700
3 15 38.750 0.000 17.700 36.250 0.000 17.050 36.950 0.000 16.000
3 15 37.250 0.000 15.000 39.750 0.000 15.250 39.350 0.000 16.450
3 15 39.350 0.000 16.450 36.950 0.000 16.000 37.250 0.000 15.000
3 15 37.250 0.000 15.000 39.800 0.000 13.900 39.850 0.000 14.600
3 15 39.850 0.000 14.600 39.750 0.000 15.250 37.250 0.000 15.000
3 15 37.150 0.000 14.500 39.500 0.000 13.200 39.800 0.000 13.900
3 15 39.800 0.000 13.900 37.250 0.000 15.000 37.150 0.000 14.500
3 15 36.850 0.000 14.000 38.650 0.000 12.050 39.500 0.000 13.200
3 15 39.500 0.000 13.200 37.150 0.000 14.500 36.850 0.000 14.000
3 15 35.800 0.000 12.750 37.250 0.000 10.800 38.650 0.000 12.050
3 15 38.650 0.000 12.050 36.850 0.000 14.000 35.800 0.000 12.750
3 15 33.600 0.000 11.000 35.900 0.000 9.500 37.250 0.000 10.800
3 15 37.250 0.000 10.800 35.800 0.000 12.750 33.600 0.000 11.000
3 15 32.950 0.000 10.300 35.400 0.000 9.000 35.900 0.000 9.500
3 15 35.900 0.000 9.500 33.600 0.000 11.000 32.950 0.000 10.300
3 15 32.950 0.000 10.300 31.300 0.000 5.450 35.050 0.000 8.300
3 15 35.050 0.000 8.300 35.400 0.000 9.000 32.950 0.000 10.300
3 15 31.300 0.000 5.450 33.600 0.000 4.200 34.050 0.000 5.200
3 15 34.050 0.000 5.200 35.050 0.000 8.300 31.300 0.000 5.450
3 15 31.100 0.000 5.000 33.200 0.000 3.550 33.600 0.000 4.200
3 15 33.600 0.000 4.200 31.300 0.000 5.450 31.100 0.000 5.000
3 15 31.100 0.000 5.000 30.100 0.000 4.200 32.800 0.000 3.100
3 15 32.800 0.000 3.100 33.200 0.000 3.550 31.100 0.000 5.000
3 15 23.750 0.000 4.050 27.150 0.000 1.800 27.600 0.000 3.950
3 15 27.600 0.000 3.950 24.650 0.000 6.250 23.750 0.000 4.050
3 15 27.150 0.000 1.800 27.950 0.000 1.400 28.150 0.000 3.700
3 15 28.150 0.000 3.700 27.600 0.000 3.950 27.150 0.000 1.800
3 15 27.950 0.000 1.400 28.550 0.000 1.300 28.850 0.000 3.650
3 15 28.850 0.000 3.650 28.150 0.000 3.700 27.950 0.000 1.400
3 15 29.300 0.000 1.300 30.150 0.000 1.500 28.850 0.000 3.650
3 15 28.850 0.000 3.650 28.550 0.000 1.300 29.300 0.000 1.300
3 15 30.150 0.000 1.500 31.300 0.000 2.050 30.100 0.000 4.200
3 15 30.100 0.000 4.200 28.850 0.000 3.650 30.150 0.000 1.500
3 15 32.200 0.000 2.650 32.800 0.000 3.100 30.100 0.000 4.200
3 15 30.100 0.000 4.200 31.300 0.000 2.050 32.200 0.000 2.650
3 84 -5.450 0.000 0.650 -6.050 0.000 0.000 -5.100 0.000 0.300
3 84 -5.100 0.000 0.300 -4.650 0.000 1.150 -5.450 0.000 0.650
3 84 -6.050 0.000 0.000 -6.350 0.000 -0.850 -5.250 0.000 -0.250
3 84 -5.250 0.000 -0.250 -5.100 0.000 0.300 -6.050 0.000 0.000
3 84 -6.350 0.000 -0.850 -6.500 0.000 -1.600 -5.350 0.000 -0.900
3 84 -5.350 0.000 -0.900 -5.250 0.000 -0.250 -6.350 0.000 -0.850
3 84 2.650 0.000 5.150 1.650 0.000 5.000 2.650 0.000 4.550
3 84 2.650 0.000 4.550 3.350 0.000 4.950 2.650 0.000 5.150
3 84 1.650 0.000 5.000 0.800 0.000 4.550 2.150 0.000 4.050
3 84 2.150 0.000 4.050 2.650 0.000 4.550 1.650 0.000 5.000
3 84 0.300 0.000 3.900 1.800 0.000 3.500 2.150 0.000 4.050
3 84 2.150 0.000 4.050 0.800 0.000 4.550 0.300 0.000 3.900
3 84 1.800 0.000 3.500 0.300 0.000 3.900 0.050 0.000 3.050
3 84 0.050 0.000 3.050 0.100 0.000 2.400 1.800 0.000 3.500
3 84 0.100 0.000 2.400 0.350 0.000 1.850 1.600 0.000 2.750
3 84 1.600 0.000 2.750 1.800 0.000 3.500 0.100 0.000 2.400
3 84 -3.900 0.000 5.500 -2.850 0.000 5.000 -3.650 0.000 5.900
3 84 -3.650 0.000 5.900 -4.600 0.000 6.200 -3.900 0.000 5.500
3 84 -4.600 0.000 6.200 -3.650 0.000 5.900 -4.000 0.000 6.550
3 84 -4.000 0.000 6.550 -4.950 0.000 7.050 -4.600 0.000 6.200
3 84 -4.950 0.000 7.050 -4.000 0.000 6.550 -4.100 0.000 7.250
3 84 -4.100 0.000 7.250 -4.950 0.000 7.850 -4.950 0.000 7.050
3 84 -4.950 0.000 7.850 -4.100 0.000 7.250 -4.150 0.000 8.000
3 84 -4.150 0.000 8.000 -4.750 0.000 8.650 -4.950 0.000 7.850
3 84 -4.750 0.000 8.650 -4.150 0.000 8.000 -4.050 0.000 8.650
3 84 -4.050 0.000 8.650 -4.300 0.000 9.150 -4.750 0.000 8.650
3 84 -4.300 0.000 9.150 -4.050 0.000 8.650 -3.900 0.000 9.050
3 84 -3.650 0.000 9.450 -4.300 0.000 9.150 -3.900 0.000 9.050
3 84 0.350 0.000 9.200 -0.500 0.000 9.650 -0.100 0.000 9.000
3 84 -0.100 0.000 9.000 0.700 0.000 8.600 0.350 0.000 9.200
3 84 0.100 0.000 8.350 0.850 0.000 7.800 0.700 0.000 8.600
3 84 0.700 0.000 8.600 -0.100 0.000 9.000 0.100 0.000 8.350
3 84 0.150 0.000 7.600 0.800 0.000 7.050 0.850 0.000 7.800
3 84 0.850 0.000 7.800 0.100 0.000 8.350 0.150 0.000 7.600
3 84 -0.050 0.000 6.800 0.450 0.000 6.350 0.800 0.000 7.050
3 84 0.800 0.000 7.050 0.150 0.000 7.600 -0.050 0.000 6.800
3 84 -0.350 0.000 6.100 -0.100 0.000 5.800 0.450 0.000 6.350
3 84 0.450 0.000 6.350 -0.050 0.000 6.800 -0.350 0.000 6.100
3 84 -0.350 0.000 6.100 -0.750 0.000 5.550 -0.100 0.000 5.800
3 84 0.950 0.000 12.100 0.650 0.000 11.450 1.450 0.000 11.850
3 84 1.450 0.000 11.850 1.550 0.000 12.700 0.950 0.000 12.100
3 84 0.650 0.000 11.450 0.550 0.000 10.550 1.400 0.000 11.100
3 84 1.400 0.000 11.100 1.450 0.000 11.850 0.650 0.000 11.450
3 84 1.450 0.000 10.450 1.400 0.000 11.100 0.550 0.000 10.550
3 84 0.550 0.000 10.550 0.750 0.000 9.850 1.450 0.000 10.450
3 84 0.750 0.000 9.850 1.150 0.000 9.100 1.650 0.000 9.800
3 84 1.650 0.000 9.800 1.450 0.000 10.450 0.750 0.000 9.850
3 84 1.150 0.000 9.100 1.850 0.000 8.550 2.000 0.000 9.200
3 84 2.000 0.000 9.200 1.650 0.000 9.800 1.150 0.000 9.100
3 84 1.850 0.000 8.550 2.550 0.000 8.300 2.550 0.000 8.700
3 84 2.550 0.000 8.700 2.000 0.000 9.200 1.850 0.000 8.550
3 84 2.550 0.000 8.700 2.550 0.000 8.300 3.250 0.000 8.300
3 84 -4.600 0.000 14.450 -4.150 0.000 15.100 -4.550 0.000 15.150
3 84 -4.550 0.000 15.150 -4.750 0.000 14.850 -4.600 0.000 14.450
3 84 -4.600 0.000 14.450 -4.250 0.000 14.400 -3.950 0.000 14.800
3 84 -3.950 0.000 14.800 -4.150 0.000 15.100 -4.600 0.000 14.450
3 84 -3.950 0.000 14.800 -4.250 0.000 14.400 -3.950 0.000 14.500
3 84 -2.050 0.000 14.750 -1.400 0.000 15.000 -1.650 0.000 15.150
3 84 -1.650 0.000 15.150 -2.000 0.000 15.050 -2.050 0.000 14.750
3 84 -1.400 0.000 15.000 -2.050 0.000 14.750 -1.600 0.000 14.550
3 84 -1.600 0.000 14.550 -1.300 0.000 14.650 -1.400 0.000 15.000
3 84 -0.850 0.000 13.000 -0.150 0.000 12.900 -0.250 0.000 13.250
3 84 -0.250 0.000 13.250 -0.650 0.000 13.250 -0.850 0.000 13.000
3 84 -0.650 0.000 12.650 -0.250 0.000 12.600 -0.150 0.000 12.900
3 84 -0.150 0.000 12.900 -0.850 0.000 13.000 -0.650 0.000 12.650
3 84 1.550 0.000 14.050 2.450 0.000 12.950 2.920 0.000 13.650
3 84 2.920 0.000 13.650 1.540 0.000 14.480 1.550 0.000 14.050
3 84 2.450 0.000 12.950 3.400 0.000 11.800 4.220 0.000 12.690
3 84 4.220 0.000 12.690 2.920 0.000 13.650 2.450 0.000 12.950
3 84 3.400 0.000 11.800 4.150 0.000 10.800 5.410 0.000 11.610
3 84 5.410 0.000 11.610 4.220 0.000 12.690 3.400 0.000 11.800
3 84 4.150 0.000 10.800 4.350 0.000 10.150 6.490 0.000 10.420
3 84 6.490 0.000 10.420 5.410 0.000 11.610 4.150 0.000 10.800
3 84 4.350 0.000 10.150 4.400 0.000 9.300 7.450 0.000 9.120
3 84 7.450 0.000 9.120 6.490 0.000 10.420 4.350 0.000 10.150
3 84 6.350 0.000 6.650 7.450 0.000 9.120 4.400 0.000 9.300
3 84 4.400 0.000 9.300 4.300 0.000 8.450 6.350 0.000 6.650
3 84 4.400 0.000 7.500 6.000 0.000 6.450 6.350 0.000 6.650
3 84 6.350 0.000 6.650 4.300 0.000 8.450 4.400 0.000 7.500
3 84 4.650 0.000 6.600 5.700 0.000 5.750 6.000 0.000 6.450
3 84 6.000 0.000 6.450 4.400 0.000 7.500 4.650 0.000 6.600
3 84 4.650 0.000 5.650 5.750 0.000 5.100 5.700 0.000 5.750
3 84 5.700 0.000 5.750 4.650 0.000 6.600 4.650 0.000 5.650
3 84 4.500 0.000 4.750 6.100 0.000 4.700 5.750 0.000 5.100
3 84 5.750 0.000 5.100 4.650 0.000 5.650 4.500 0.000 4.750
3 84 6.100 0.000 4.700 4.500 0.000 4.750 4.500 0.000 4.050
3 84 4.500 0.000 4.050 6.600 0.000 4.150 6.100 0.000 4.700
3 84 6.550 0.000 4.750 6.100 0.000 4.700 6.600 0.000 4.150
3 84 6.600 0.000 4.150 9.240 0.000 5.530 7.050 0.000 5.200
3 84 7.050 0.000 5.200 6.550 0.000 4.750 6.600 0.000 4.150
3 84 9.240 0.000 5.530 8.970 0.000 6.280 7.050 0.000 5.800
3 84 7.050 0.000 5.800 7.050 0.000 5.200 9.240 0.000 5.530
3 84 8.970 0.000 6.280 8.280 0.000 7.740 6.750 0.000 6.350
3 84 6.750 0.000 6.350 7.050 0.000 5.800 8.970 0.000 6.280
3 84 6.350 0.000 6.650 6.750 0.000 6.350 8.280 0.000 7.740
3 84 8.280 0.000 7.740 7.450 0.000 9.120 6.350 0.000 6.650
3 84 0.080 0.000 15.170 1.550 0.000 14.050 1.540 0.000 14.480
3 82 -2.550 0.000 -0.250 -5.250 0.000 -0.250 -5.350 0.000 -0.900
3 82 -5.350 0.000 -0.900 -5.350 0.000 -1.500 -2.550 0.000 -0.250
3 82 -2.550 0.000 -0.250 -4.650 0.000 1.150 -5.100 0.000 0.300
3 82 -5.100 0.000 0.300 -5.250 0.000 -0.250 -2.550 0.000 -0.250
3 82 -4.650 0.000 1.150 -2.550 0.000 -0.250 0.350 0.000 1.850
3 82 0.350 0.000 1.850 0.100 0.000 2.400 -4.650 0.000 1.150
3 82 0.350 0.000 1.850 -2.550 0.000 -0.250 0.810 0.000 1.350
3 82 2.800 0.000 2.300 1.800 0.000 3.500 1.600 0.000 2.750
3 82 1.600 0.000 2.750 1.740 0.000 1.790 2.800 0.000 2.300
3 82 2.800 0.000 2.300 2.650 0.000 4.550 2.150 0.000 4.050
3 82 2.150 0.000 4.050 1.800 0.000 3.500 2.800 0.000 2.300
3 82 2.800 0.000 2.300 4.650 0.000 3.200 4.500 0.000 4.050
3 82 4.500 0.000 4.050 2.650 0.000 4.550 2.800 0.000 2.300
3 82 4.500 0.000 4.050 4.500 0.000 4.750 3.350 0.000 4.950
3 82 3.350 0.000 4.950 2.650 0.000 4.550 4.500 0.000 4.050
3 82 6.550 0.000 4.750 7.050 0.000 5.200 5.750 0.000 5.100
3 82 5.750 0.000 5.100 6.100 0.000 4.700 6.550 0.000 4.750
3 82 7.050 0.000 5.200 7.050 0.000 5.800 5.700 0.000 5.750
3 82 5.700 0.000 5.750 5.750 0.000 5.100 7.050 0.000 5.200
3 82 5.700 0.000 5.750 7.050 0.000 5.800 6.750 0.000 6.350
3 82 6.750 0.000 6.350 6.000 0.000 6.450 5.700 0.000 5.750
3 82 6.350 0.000 6.650 6.000 0.000 6.450 6.750 0.000 6.350
3 82 -4.650 0.000 1.150 0.100 0.000 2.400 -2.850 0.000 5.000
3 82 -2.850 0.000 5.000 -3.900 0.000 5.500 -4.650 0.000 1.150
3 82 0.050 0.000 3.050 -0.750 0.000 5.550 -2.850 0.000 5.000
3 82 -2.850 0.000 5.000 0.100 0.000 2.400 0.050 0.000 3.050
3 82 0.300 0.000 3.900 -0.100 0.000 5.800 -0.750 0.000 5.550
3 82 -0.750 0.000 5.550 0.050 0.000 3.050 0.300 0.000 3.900
3 82 0.800 0.000 4.550 0.450 0.000 6.350 -0.100 0.000 5.800
3 82 -0.100 0.000 5.800 0.300 0.000 3.900 0.800 0.000 4.550
3 82 1.650 0.000 5.000 0.800 0.000 7.050 0.450 0.000 6.350
3 82 0.450 0.000 6.350 0.800 0.000 4.550 1.650 0.000 5.000
3 82 2.650 0.000 5.150 0.850 0.000 7.800 0.800 0.000 7.050
3 82 0.800 0.000 7.050 1.650 0.000 5.000 2.650 0.000 5.150
3 82 2.650 0.000 5.150 2.550 0.000 8.300 1.850 0.000 8.550
3 82 1.850 0.000 8.550 0.850 0.000 7.800 2.650 0.000 5.150
3 82 3.350 0.000 4.950 3.250 0.000 8.300 2.550 0.000 8.300
3 82 2.550 0.000 8.300 2.650 0.000 5.150 3.350 0.000 4.950
3 82 3.350 0.000 4.950 4.650 0.000 6.600 4.400 0.000 7.500
3 82 4.400 0.000 7.500 3.250 0.000 8.300 3.350 0.000 4.950
3 82 3.350 0.000 4.950 4.500 0.000 4.750 4.650 0.000 5.650
3 82 4.650 0.000 5.650 4.650 0.000 6.600 3.350 0.000 4.950
3 82 -0.750 0.000 5.550 -0.350 0.000 6.100 -3.650 0.000 5.900
3 82 -3.650 0.000 5.900 -2.850 0.000 5.000 -0.750 0.000 5.550
3 82 -3.650 0.000 5.900 -0.350 0.000 6.100 -0.050 0.000 6.800
3 82 -0.050 0.000 6.800 -4.000 0.000 6.550 -3.650 0.000 5.900
3 82 -0.050 0.000 6.800 0.150 0.000 7.600 -4.100 0.000 7.250
3 82 -4.100 0.000 7.250 -4.000 0.000 6.550 -0.050 0.000 6.800
3 82 0.100 0.000 8.350 -4.150 0.000 8.000 -4.100 0.000 7.250
3 82 -4.100 0.000 7.250 0.150 0.000 7.600 0.100 0.000 8.350
3 82 0.100 0.000 8.350 -3.900 0.000 9.050 -4.050 0.000 8.650
3 82 -4.050 0.000 8.650 -4.150 0.000 8.000 0.100 0.000 8.350
3 82 -0.100 0.000 9.000 -0.500 0.000 9.650 -3.900 0.000 9.050
3 82 -3.900 0.000 9.050 0.100 0.000 8.350 -0.100 0.000 9.000
3 82 -3.650 0.000 9.450 -3.900 0.000 9.050 -0.500 0.000 9.650
3 82 -0.500 0.000 9.650 -0.650 0.000 12.650 -3.650 0.000 9.450
3 82 -0.500 0.000 9.650 0.550 0.000 10.550 -0.250 0.000 12.600
3 82 -0.250 0.000 12.600 -0.650 0.000 12.650 -0.500 0.000 9.650
3 82 0.350 0.000 9.200 0.750 0.000 9.850 0.550 0.000 10.550
3 82 0.550 0.000 10.550 -0.500 0.000 9.650 0.350 0.000 9.200
3 82 0.750 0.000 9.850 0.350 0.000 9.200 0.700 0.000 8.600
3 82 0.700 0.000 8.600 1.150 0.000 9.100 0.750 0.000 9.850
3 82 0.850 0.000 7.800 1.850 0.000 8.550 1.150 0.000 9.100
3 82 1.150 0.000 9.100 0.700 0.000 8.600 0.850 0.000 7.800
3 82 -0.250 0.000 12.600 0.650 0.000 11.450 0.950 0.000 12.100
3 82 0.950 0.000 12.100 -0.150 0.000 12.900 -0.250 0.000 12.600
3 82 -0.250 0.000 12.600 0.550 0.000 10.550 0.650 0.000 11.450
3 82 0.950 0.000 12.100 1.550 0.000 12.700 -0.250 0.000 13.250
3 82 -0.250 0.000 13.250 -0.150 0.000 12.900 0.950 0.000 12.100
3 82 1.550 0.000 14.050 1.550 0.000 12.700 2.450 0.000 12.950
3 82 1.450 0.000 11.850 3.400 0.000 11.800 2.450 0.000 12.950
3 82 2.450 0.000 12.950 1.550 0.000 12.700 1.450 0.000 11.850
3 82 1.400 0.000 11.100 1.450 0.000 10.450 3.400 0.000 11.800
3 82 3.400 0.000 11.800 1.450 0.000 11.850 1.400 0.000 11.100
3 82 1.450 0.000 10.450 1.650 0.000 9.800 4.150 0.000 10.800
3 82 4.150 0.000 10.800 3.400 0.000 11.800 1.450 0.000 10.450
3 82 1.650 0.000 9.800 2.000 0.000 9.200 4.350 0.000 10.150
3 82 4.350 0.000 10.150 4.150 0.000 10.800 1.650 0.000 9.800
3 82 4.400 0.000 9.300 4.350 0.000 10.150 2.000 0.000 9.200
3 82 2.000 0.000 9.200 2.550 0.000 8.700 4.400 0.000 9.300
3 82 4.400 0.000 9.300 2.550 0.000 8.700 3.250 0.000 8.300
3 82 3.250 0.000 8.300 4.300 0.000 8.450 4.400 0.000 9.300
3 82 4.300 0.000 8.450 3.250 0.000 8.300 4.400 0.000 7.500
3 82 -4.590 0.000 16.340 -4.550 0.000 15.150 -4.150 0.000 15.100
3 82 -4.150 0.000 15.100 -3.000 0.000 16.110 -4.590 0.000 16.340
3 82 -3.000 0.000 16.110 -4.150 0.000 15.100 -3.950 0.000 14.800
3 82 -3.950 0.000 14.800 -2.000 0.000 15.050 -3.000 0.000 16.110
3 82 -1.430 0.000 15.710 -3.000 0.000 16.110 -2.000 0.000 15.050
3 82 -2.000 0.000 15.050 -1.650 0.000 15.150 -1.430 0.000 15.710
3 82 -1.430 0.000 15.710 -1.650 0.000 15.150 -1.400 0.000 15.000
3 82 -1.400 0.000 15.000 0.080 0.000 15.170 -1.430 0.000 15.710
3 82 -1.300 0.000 14.650 -0.650 0.000 13.250 0.080 0.000 15.170
3 82 0.080 0.000 15.170 -1.400 0.000 15.000 -1.300 0.000 14.650
3 82 0.080 0.000 15.170 -0.650 0.000 13.250 -0.250 0.000 13.250
3 82 1.550 0.000 14.050 0.080 0.000 15.170 -0.250 0.000 13.250
3 82 -0.250 0.000 13.250 1.550 0.000 12.700 1.550 0.000 14.050
3 82 -2.050 0.000 14.750 -2.000 0.000 15.050 -3.950 0.000 14.800
3 82 -3.950 0.000 14.800 -3.950 0.000 14.500 -2.050 0.000 14.750
3 82 -4.250 0.000 14.400 -4.600 0.000 14.450 -4.300 0.000 9.150
3 82 -4.300 0.000 9.150 -3.650 0.000 9.450 -4.250 0.000 14.400
3 82 -3.950 0.000 14.500 -4.250 0.000 14.400 -3.650 0.000 9.450
3 82 -3.650 0.000 9.450 -0.850 0.000 13.000 -3.950 0.000 14.500
3 82 -0.850 0.000 13.000 -3.650 0.000 9.450 -0.650 0.000 12.650
3 82 -0.850 0.000 13.000 -0.650 0.000 13.250 -1.300 0.000 14.650
3 82 -1.300 0.000 14.650 -1.600 0.000 14.550 -0.850 0.000 13.000
3 82 -1.600 0.000 14.550 -2.050 0.000 14.750 -3.950 0.000 14.500
3 82 -3.950 0.000 14.500 -0.850 0.000 13.000 -1.600 0.000 14.550
3 82 -4.550 0.000 15.150 -4.590 0.000 16.340 -6.200 0.000 16.420
3 82 -6.200 0.000 16.420 -4.750 0.000 14.850 -4.550 0.000 15.150
3 82 -4.750 0.000 14.850 -10.970 0.000 15.710 -12.480 0.000 15.170
3 82 -12.480 0.000 15.170 -4.600 0.000 14.450 -4.750 0.000 14.850
3 82 -4.750 0.000 14.850 -7.810 0.000 16.340 -9.400 0.000 16.110
3 82 -9.400 0.000 16.110 -10.970 0.000 15.710 -4.750 0.000 14.850
3 82 -6.200 0.000 16.420 -7.810 0.000 16.340 -4.750 0.000 14.850
3 82 -4.300 0.000 9.150 -4.600 0.000 14.450 -12.480 0.000 15.170
3 82 -12.480 0.000 15.170 -4.750 0.000 8.650 -4.300 0.000 9.150
3 82 -4.950 0.000 7.850 -4.750 0.000 8.650 -12.480 0.000 15.170
3 82 -12.480 0.000 15.170 -13.940 0.000 14.480 -4.950 0.000 7.850
3 82 -4.950 0.000 7.850 -13.940 0.000 14.480 -15.320 0.000 13.650
3 82 -15.320 0.000 13.650 -4.950 0.000 7.050 -4.950 0.000 7.850
3 82 -4.950 0.000 7.050 -15.320 0.000 13.650 -16.620 0.000 12.690
3 82 -16.620 0.000 12.690 -17.810 0.000 11.610 -4.950 0.000 7.050
3 82 -19.950 0.000 -7.250 -16.600 0.000 -6.200 -21.370 0.000 -6.280
3 82 -21.370 0.000 -6.280 -20.810 0.000 -7.470 -19.950 0.000 -7.250
3 82 -16.600 0.000 -6.200 -22.310 0.000 -3.200 -21.910 0.000 -4.770
3 82 -21.910 0.000 -4.770 -21.370 0.000 -6.280 -16.600 0.000 -6.200
3 82 -16.600 0.000 -6.200 -22.620 0.000 0.000 -22.540 0.000 -1.610
3 82 -22.540 0.000 -1.610 -22.310 0.000 -3.200 -16.600 0.000 -6.200
3 82 -22.620 0.000 0.000 -16.600 0.000 -6.200 -12.300 0.000 -4.400
3 82 -22.620 0.000 0.000 -12.300 0.000 -4.400 -7.800 0.000 -2.600
3 82 -6.500 0.000 -1.600 -22.620 0.000 0.000 -7.800 0.000 -2.600
3 82 -7.800 0.000 -2.600 -6.500 0.000 -2.020 -6.500 0.000 -1.600
3 82 -6.350 0.000 -0.850 -22.540 0.000 1.610 -22.620 0.000 0.000
3 82 -22.620 0.000 0.000 -6.500 0.000 -1.600 -6.350 0.000 -0.850
3 82 -6.050 0.000 0.000 -22.310 0.000 3.200 -22.540 0.000 1.610
3 82 -22.540 0.000 1.610 -6.350 0.000 -0.850 -6.050 0.000 0.000
3 82 -21.910 0.000 4.770 -22.310 0.000 3.200 -6.050 0.000 0.000
3 82 -6.050 0.000 0.000 -5.450 0.000 0.650 -21.910 0.000 4.770
3 82 -21.910 0.000 4.770 -5.450 0.000 0.650 -3.900 0.000 5.500
3 82 -3.900 0.000 5.500 -4.600 0.000 6.200 -21.910 0.000 4.770
3 82 -3.900 0.000 5.500 -5.450 0.000 0.650 -4.650 0.000 1.150
3 82 -4.600 0.000 6.200 -20.680 0.000 7.740 -21.370 0.000 6.280
3 82 -21.370 0.000 6.280 -21.910 0.000 4.770 -4.600 0.000 6.200
3 82 -4.950 0.000 7.050 -19.850 0.000 9.120 -20.680 0.000 7.740
3 82 -20.680 0.000 7.740 -4.600 0.000 6.200 -4.950 0.000 7.050
3 82 -4.950 0.000 7.050 -17.810 0.000 11.610 -18.890 0.000 10.420
3 82 -18.890 0.000 10.420 -19.850 0.000 9.120 -4.950 0.000 7.050
3 84 -5.350 0.000 -1.500 -5.350 0.000 -0.900 -6.500 0.000 -1.600
3 84 -6.500 0.000 -1.600 -6.500 0.000 -2.020 -5.350 0.000 -1.500
3 84 1.740 0.000 1.790 1.600 0.000 2.750 0.350 0.000 1.850
3 84 0.350 0.000 1.850 0.810 0.000 1.350 1.740 0.000 1.790
3 84 6.600 0.000 4.150 4.500 0.000 4.050 4.650 0.000 3.200
3 15 -6.500 0.000 -2.020 -7.800 0.000 -2.600 -9.150 0.000 -4.900
3 15 -9.150 0.000 -4.900 -4.050 0.000 -2.600 -6.500 0.000 -2.020
3 15 -5.350 0.000 -1.500 -6.500 0.000 -2.020 -4.050 0.000 -2.600
3 15 -2.550 0.000 -0.250 -5.350 0.000 -1.500 -4.050 0.000 -2.600
3 15 -4.050 0.000 -2.600 0.550 0.000 -0.450 -2.550 0.000 -0.250
3 15 0.810 0.000 1.350 -2.550 0.000 -0.250 0.550 0.000 -0.450
3 15 1.740 0.000 1.790 0.810 0.000 1.350 0.550 0.000 -0.450
3 15 0.550 0.000 -0.450 4.750 0.000 1.600 1.740 0.000 1.790
3 15 2.800 0.000 2.300 1.740 0.000 1.790 4.750 0.000 1.600
3 15 4.750 0.000 1.600 8.750 0.000 3.650 4.650 0.000 3.200
3 15 4.650 0.000 3.200 2.800 0.000 2.300 4.750 0.000 1.600
3 15 6.600 0.000 4.150 4.650 0.000 3.200 8.750 0.000 3.650
3 84 -8.400 0.000 -14.550 -8.350 0.000 -13.850 -8.850 0.000 -14.400
3 84 -8.850 0.000 -14.400 -9.100 0.000 -15.050 -8.400 0.000 -14.550
3 84 -8.300 0.000 -15.150 -8.400 0.000 -14.550 -9.100 0.000 -15.050
3 84 -9.100 0.000 -15.050 -9.100 0.000 -15.550 -8.300 0.000 -15.150
3 84 -7.950 0.000 -15.600 -8.300 0.000 -15.150 -9.100 0.000 -15.550
3 84 -9.100 0.000 -15.550 -8.950 0.000 -15.950 -7.950 0.000 -15.600
3 84 -7.810 0.000 -16.340 -6.200 0.000 -16.420 -6.750 0.000 -15.950
3 84 -6.750 0.000 -15.950 -7.350 0.000 -15.900 -7.810 0.000 -16.340
3 84 -6.450 0.000 -15.800 -6.750 0.000 -15.950 -6.200 0.000 -16.420
3 84 -6.200 0.000 -16.420 -4.590 0.000 -16.340 -6.450 0.000 -15.800
3 84 -6.450 0.000 -15.800 -4.590 0.000 -16.340 -4.500 0.000 -14.950
3 84 -4.500 0.000 -14.950 -6.350 0.000 -15.450 -6.450 0.000 -15.800
3 84 -6.350 0.000 -15.450 -4.500 0.000 -14.950 -4.600 0.000 -14.700
3 84 -4.600 0.000 -14.700 -6.550 0.000 -15.150 -6.350 0.000 -15.450
3 84 -6.550 0.000 -15.150 -4.600 0.000 -14.700 -4.550 0.000 -14.300
3 84 -4.550 0.000 -14.300 -6.800 0.000 -14.550 -6.550 0.000 -15.150
3 84 -4.550 0.000 -14.300 -6.550 0.000 -13.200 -6.850 0.000 -13.900
3 84 -6.850 0.000 -13.900 -6.800 0.000 -14.550 -4.550 0.000 -14.300
3 84 -4.200 0.000 -13.850 -6.000 0.000 -12.700 -6.550 0.000 -13.200
3 84 -6.550 0.000 -13.200 -4.550 0.000 -14.300 -4.200 0.000 -13.850
3 84 -4.200 0.000 -13.850 -4.250 0.000 -12.400 -5.200 0.000 -12.500
3 84 -5.200 0.000 -12.500 -6.000 0.000 -12.700 -4.200 0.000 -13.850
3 84 -4.250 0.000 -12.400 -4.200 0.000 -13.850 -3.550 0.000 -13.350
3 84 -3.550 0.000 -13.350 -3.550 0.000 -12.450 -4.250 0.000 -12.400
3 84 -3.300 0.000 -12.650 -3.550 0.000 -12.450 -3.550 0.000 -13.350
3 84 -3.550 0.000 -13.350 -3.250 0.000 -13.050 -3.300 0.000 -12.650
3 84 -4.150 0.000 -15.050 -4.500 0.000 -14.950 -4.590 0.000 -16.340
3 84 -4.590 0.000 -16.340 -3.000 0.000 -16.110 -4.150 0.000 -15.050
3 84 -3.650 0.000 -14.900 -4.150 0.000 -15.050 -3.000 0.000 -16.110
3 84 -3.000 0.000 -16.110 -1.430 0.000 -15.710 -3.650 0.000 -14.900
3 84 -3.000 0.000 -14.450 -3.650 0.000 -14.900 -1.430 0.000 -15.710
3 84 -1.430 0.000 -15.710 0.080 0.000 -15.170 -3.000 0.000 -14.450
3 84 0.080 0.000 -15.170 0.750 0.000 -13.550 -2.350 0.000 -13.850
3 84 -2.350 0.000 -13.850 -3.000 0.000 -14.450 0.080 0.000 -15.170
3 84 0.750 0.000 -13.550 -1.950 0.000 -12.950 -2.200 0.000 -13.450
3 84 -2.200 0.000 -13.450 -2.350 0.000 -13.850 0.750 0.000 -13.550
3 84 0.650 0.000 -13.350 -1.450 0.000 -12.500 -1.950 0.000 -12.950
3 84 -1.950 0.000 -12.950 0.750 0.000 -13.550 0.650 0.000 -13.350
3 84 0.850 0.000 -12.800 -0.600 0.000 -11.900 -1.450 0.000 -12.500
3 84 -1.450 0.000 -12.500 0.650 0.000 -13.350 0.850 0.000 -12.800
3 84 1.450 0.000 -11.950 0.350 0.000 -11.000 -0.600 0.000 -11.900
3 84 -0.600 0.000 -11.900 0.850 0.000 -12.800 1.450 0.000 -11.950
3 84 2.500 0.000 -11.000 1.400 0.000 -9.700 0.350 0.000 -11.000
3 84 0.350 0.000 -11.000 1.450 0.000 -11.950 2.500 0.000 -11.000
3 84 1.400 0.000 -9.700 2.500 0.000 -11.000 3.000 0.000 -10.750
3 84 1.050 0.000 -13.600 0.750 0.000 -13.550 0.080 0.000 -15.170
3 84 0.080 0.000 -15.170 1.540 0.000 -14.480 1.050 0.000 -13.600
3 84 1.700 0.000 -13.200 1.050 0.000 -13.600 1.540 0.000 -14.480
3 84 1.540 0.000 -14.480 2.920 0.000 -13.650 1.700 0.000 -13.200
3 84 2.700 0.000 -12.100 1.700 0.000 -13.200 2.920 0.000 -13.650
3 84 2.920 0.000 -13.650 4.220 0.000 -12.690 2.700 0.000 -12.100
3 84 3.350 0.000 -11.250 2.700 0.000 -12.100 4.220 0.000 -12.690
3 84 4.220 0.000 -12.690 5.410 0.000 -11.610 3.350 0.000 -11.250
3 84 5.410 0.000 -11.610 6.490 0.000 -10.420 3.350 0.000 -10.900
3 84 3.350 0.000 -10.900 3.350 0.000 -11.250 5.410 0.000 -11.610
3 84 3.250 0.000 -10.750 3.350 0.000 -10.900 6.490 0.000 -10.420
3 84 6.490 0.000 -10.420 2.200 0.000 -8.650 3.250 0.000 -10.750
3 84 3.250 0.000 -10.750 2.200 0.000 -8.650 1.400 0.000 -9.700
3 84 1.400 0.000 -9.700 3.000 0.000 -10.750 3.250 0.000 -10.750
3 84 7.450 0.000 -9.120 3.000 0.000 -7.350 2.200 0.000 -8.650
3 84 2.200 0.000 -8.650 6.490 0.000 -10.420 7.450 0.000 -9.120
3 84 8.280 0.000 -7.740 3.500 0.000 -6.200 3.000 0.000 -7.350
3 84 3.000 0.000 -7.350 7.450 0.000 -9.120 8.280 0.000 -7.740
3 84 8.970 0.000 -6.280 7.400 0.000 -4.300 3.500 0.000 -6.200
3 84 3.500 0.000 -6.200 8.280 0.000 -7.740 8.970 0.000 -6.280
3 84 9.510 0.000 -4.770 9.920 0.000 -3.130 7.400 0.000 -4.300
3 84 7.400 0.000 -4.300 8.970 0.000 -6.280 9.510 0.000 -4.770
3 84 -4.700 0.000 -10.550 -5.550 0.000 -10.800 -4.550 0.000 -11.100
3 84 -4.200 0.000 -10.150 -4.700 0.000 -10.550 -4.550 0.000 -11.100
3 84 -4.550 0.000 -11.100 -3.600 0.000 -10.950 -4.200 0.000 -10.150
3 84 -2.950 0.000 -10.500 -3.950 0.000 -9.800 -4.200 0.000 -10.150
3 84 -4.200 0.000 -10.150 -3.600 0.000 -10.950 -2.950 0.000 -10.500
3 84 -1.400 0.000 -9.050 -0.850 0.000 -9.350 -0.100 0.000 -8.450
3 84 -0.100 0.000 -8.450 -0.150 0.000 -7.890 -1.400 0.000 -9.050
3 84 0.100 0.000 -8.950 -0.100 0.000 -8.450 -0.850 0.000 -9.350
3 84 -0.850 0.000 -9.350 -0.200 0.000 -9.550 0.100 0.000 -8.950
3 84 0.100 0.000 -8.950 -0.200 0.000 -9.550 0.300 0.000 -9.500
3 84 0.300 0.000 -9.500 0.650 0.000 -9.300 0.100 0.000 -8.950
3 82 -14.700 0.000 -13.650 -15.120 0.000 -13.780 -13.940 0.000 -14.480
3 82 -10.650 0.000 -12.200 -14.700 0.000 -13.650 -13.940 0.000 -14.480
3 82 -13.940 0.000 -14.480 -12.480 0.000 -15.170 -10.650 0.000 -12.200
3 82 -10.650 0.000 -12.200 -12.480 0.000 -15.170 -10.970 0.000 -15.710
3 82 -10.970 0.000 -15.710 -9.100 0.000 -15.050 -10.650 0.000 -12.200
3 82 -9.100 0.000 -15.550 -9.100 0.000 -15.050 -10.970 0.000 -15.710
3 82 -10.970 0.000 -15.710 -9.400 0.000 -16.110 -9.100 0.000 -15.550
3 82 -9.100 0.000 -15.550 -9.400 0.000 -16.110 -8.950 0.000 -15.950
3 82 -8.950 0.000 -15.950 -9.400 0.000 -16.110 -8.740 0.000 -16.200
3 82 -10.650 0.000 -12.200 -9.100 0.000 -15.050 -8.850 0.000 -14.400
3 82 -8.350 0.000 -13.850 -6.750 0.000 -10.700 -10.650 0.000 -12.200
3 82 -10.650 0.000 -12.200 -8.850 0.000 -14.400 -8.350 0.000 -13.850
3 82 -6.750 0.000 -10.700 -8.350 0.000 -13.850 -6.550 0.000 -13.200
3 82 -6.550 0.000 -13.200 -6.000 0.000 -12.700 -6.750 0.000 -10.700
3 82 -5.550 0.000 -10.800 -6.750 0.000 -10.700 -6.000 0.000 -12.700
3 82 -6.000 0.000 -12.700 -5.200 0.000 -12.500 -5.550 0.000 -10.800
3 82 -4.550 0.000 -11.100 -5.550 0.000 -10.800 -5.200 0.000 -12.500
3 82 -5.200 0.000 -12.500 -4.250 0.000 -12.400 -4.550 0.000 -11.100
3 82 -3.600 0.000 -10.950 -4.550 0.000 -11.100 -4.250 0.000 -12.400
3 82 -4.250 0.000 -12.400 -3.550 0.000 -12.450 -3.600 0.000 -10.950
3 82 -2.950 0.000 -10.500 -3.600 0.000 -10.950 -3.550 0.000 -12.450
3 82 -3.550 0.000 -12.450 -3.300 0.000 -12.650 -2.950 0.000 -10.500
3 82 -2.950 0.000 -10.500 -3.300 0.000 -12.650 -1.450 0.000 -12.500
3 82 -1.450 0.000 -12.500 -0.600 0.000 -11.900 -2.950 0.000 -10.500
3 82 -0.600 0.000 -11.900 -1.400 0.000 -9.050 -2.550 0.000 -9.700
3 82 -2.550 0.000 -9.700 -2.950 0.000 -10.500 -0.600 0.000 -11.900
3 82 -1.400 0.000 -9.050 -1.770 0.000 -8.610 -2.420 0.000 -8.880
3 82 -2.420 0.000 -8.880 -2.550 0.000 -9.700 -1.400 0.000 -9.050
3 82 -4.700 0.000 -10.550 -4.200 0.000 -10.150 -6.750 0.000 -10.700
3 82 -6.750 0.000 -10.700 -5.550 0.000 -10.800 -4.700 0.000 -10.550
3 82 -3.950 0.000 -9.800 -3.890 0.000 -9.500 -6.750 0.000 -10.700
3 82 -6.750 0.000 -10.700 -4.200 0.000 -10.150 -3.950 0.000 -9.800
3 82 -6.850 0.000 -13.900 -6.550 0.000 -13.200 -8.350 0.000 -13.850
3 82 -8.350 0.000 -13.850 -8.400 0.000 -14.550 -6.850 0.000 -13.900
3 82 -6.800 0.000 -14.550 -6.850 0.000 -13.900 -8.400 0.000 -14.550
3 82 -8.400 0.000 -14.550 -8.300 0.000 -15.150 -6.800 0.000 -14.550
3 82 -6.800 0.000 -14.550 -8.300 0.000 -15.150 -7.950 0.000 -15.600
3 82 -7.950 0.000 -15.600 -6.550 0.000 -15.150 -6.800 0.000 -14.550
3 82 -6.550 0.000 -15.150 -7.950 0.000 -15.600 -7.350 0.000 -15.900
3 82 -7.350 0.000 -15.900 -6.750 0.000 -15.950 -6.550 0.000 -15.150
3 82 -6.750 0.000 -15.950 -6.450 0.000 -15.800 -6.350 0.000 -15.450
3 82 -6.350 0.000 -15.450 -6.550 0.000 -15.150 -6.750 0.000 -15.950
3 82 -4.600 0.000 -14.700 -4.500 0.000 -14.950 -4.150 0.000 -15.050
3 82 -4.150 0.000 -15.050 -3.650 0.000 -14.900 -4.600 0.000 -14.700
3 82 -3.650 0.000 -14.900 -4.200 0.000 -13.850 -4.550 0.000 -14.300
3 82 -4.550 0.000 -14.300 -4.600 0.000 -14.700 -3.650 0.000 -14.900
3 82 -3.000 0.000 -14.450 -3.550 0.000 -13.350 -4.200 0.000 -13.850
3 82 -4.200 0.000 -13.850 -3.650 0.000 -14.900 -3.000 0.000 -14.450
3 82 -3.550 0.000 -13.350 -3.000 0.000 -14.450 -2.350 0.000 -13.850
3 82 -2.350 0.000 -13.850 -2.200 0.000 -13.450 -3.550 0.000 -13.350
3 82 -2.200 0.000 -13.450 -1.950 0.000 -12.950 -3.250 0.000 -13.050
3 82 -3.250 0.000 -13.050 -3.550 0.000 -13.350 -2.200 0.000 -13.450
3 82 -1.950 0.000 -12.950 -1.450 0.000 -12.500 -3.300 0.000 -12.650
3 82 -3.300 0.000 -12.650 -3.250 0.000 -13.050 -1.950 0.000 -12.950
3 82 1.050 0.000 -13.600 1.700 0.000 -13.200 0.650 0.000 -13.350
3 82 0.650 0.000 -13.350 0.750 0.000 -13.550 1.050 0.000 -13.600
3 82 1.700 0.000 -13.200 1.450 0.000 -11.950 0.850 0.000 -12.800
3 82 0.850 0.000 -12.800 0.650 0.000 -13.350 1.700 0.000 -13.200
3 82 2.700 0.000 -12.100 2.500 0.000 -11.000 1.450 0.000 -11.950
3 82 1.450 0.000 -11.950 1.700 0.000 -13.200 2.700 0.000 -12.100
3 82 3.350 0.000 -11.250 3.000 0.000 -10.750 2.500 0.000 -11.000
3 82 2.500 0.000 -11.000 2.700 0.000 -12.100 3.350 0.000 -11.250
3 82 3.350 0.000 -10.900 3.250 0.000 -10.750 3.000 0.000 -10.750
3 82 3.000 0.000 -10.750 3.350 0.000 -11.250 3.350 0.000 -10.900
3 82 -0.850 0.000 -9.350 -1.400 0.000 -9.050 -0.600 0.000 -11.900
3 82 -0.600 0.000 -11.900 0.350 0.000 -11.000 -0.850 0.000 -9.350
3 82 -0.850 0.000 -9.350 0.350 0.000 -11.000 -0.200 0.000 -9.550
3 82 0.300 0.000 -9.500 -0.200 0.000 -9.550 0.350 0.000 -11.000
3 82 0.350 0.000 -11.000 1.400 0.000 -9.700 0.300 0.000 -9.500
3 82 1.400 0.000 -9.700 2.200 0.000 -8.650 0.650 0.000 -9.300
3 82 0.650 0.000 -9.300 0.300 0.000 -9.500 1.400 0.000 -9.700
3 82 2.200 0.000 -8.650 -0.100 0.000 -8.450 0.100 0.000 -8.950
3 82 0.100 0.000 -8.950 0.650 0.000 -9.300 2.200 0.000 -8.650
3 82 2.200 0.000 -8.650 3.000 0.000 -7.350 -0.150 0.000 -7.890
3 82 -0.150 0.000 -7.890 -0.100 0.000 -8.450 2.200 0.000 -8.650
3 82 3.500 0.000 -6.200 -0.150 0.000 -7.890 3.000 0.000 -7.350
3 84 -2.550 0.000 -9.700 -3.890 0.000 -9.500 -3.950 0.000 -9.800
3 84 -3.950 0.000 -9.800 -2.950 0.000 -10.500 -2.550 0.000 -9.700
3 84 -2.420 0.000 -8.880 -3.890 0.000 -9.500 -2.550 0.000 -9.700
3 84 -1.150 0.000 -8.350 -1.770 0.000 -8.610 -1.400 0.000 -9.050
3 84 -0.150 0.000 -7.890 -1.150 0.000 -8.350 -1.400 0.000 -9.050
3 84 -8.950 0.000 -15.950 -8.740 0.000 -16.200 -7.810 0.000 -16.340
3 84 -8.950 0.000 -15.950 -7.810 0.000 -16.340 -7.350 0.000 -15.900
3 84 -7.350 0.000 -15.900 -7.950 0.000 -15.600 -8.950 0.000 -15.950
3 15 -8.740 0.000 -16.200 -9.400 0.000 -16.110 -9.810 0.000 -18.170
3 15 -9.810 0.000 -18.170 -8.020 0.000 -18.440 -8.740 0.000 -16.200
3 15 -8.740 0.000 -16.200 -8.020 0.000 -18.440 -7.810 0.000 -16.340
3 15 -6.700 0.000 -7.700 -6.750 0.000 -10.700 -3.890 0.000 -9.500
3 15 -6.700 0.000 -7.700 -3.890 0.000 -9.500 -2.420 0.000 -8.880
3 15 -1.770 0.000 -8.610 -1.000 0.000 -5.150 -6.700 0.000 -7.700
3 15 -6.700 0.000 -7.700 -2.420 0.000 -8.880 -1.770 0.000 -8.610
3 15 -1.000 0.000 -5.150 -1.770 0.000 -8.610 -1.150 0.000 -8.350
3 15 -1.150 0.000 -8.350 -0.150 0.000 -7.890 -1.000 0.000 -5.150
1 16 0.0000 0.0000 0.0000 1.0000 0.0000 0.0000 0.0000 1.0000 0.0000 0.0000 0.0000 1.0000 s/87079s01.dat
