0 FILE 87079pb226.dat
0 Tile 2 x 4 with Black and Dark Bluish Gray Rectangles Pattern (Minecraft Ghast Closed Eyes)
0 Name:  87079pb226.dat
0 Author:  
0 BL_Item_No 87079pb226
0 BFC CERTIFY CCW
3 16 -26.000 0.000 14.000 -40.000 0.000 20.000 -30.500 0.000 0.000
3 16 -30.500 0.000 0.000 -26.000 0.000 9.500 -26.000 0.000 14.000
3 16 -30.500 0.000 0.000 -26.000 0.000 0.000 -17.000 0.000 9.500
3 16 -17.000 0.000 9.500 -26.000 0.000 9.500 -30.500 0.000 0.000
3 16 -26.000 0.000 0.000 -8.000 0.000 0.000 -12.500 0.000 14.000
3 16 -12.500 0.000 14.000 -17.000 0.000 9.500 -26.000 0.000 0.000
3 16 -17.000 0.000 9.500 -12.500 0.000 14.000 -17.000 0.000 14.000
3 16 -17.000 0.000 14.000 -17.000 0.000 18.500 -40.000 0.000 20.000
3 16 -40.000 0.000 20.000 -26.000 0.000 14.000 -17.000 0.000 14.000
3 16 -30.500 0.000 0.000 -40.000 0.000 20.000 -40.000 0.000 -20.000
3 16 -40.000 0.000 -20.000 -30.500 0.000 -4.500 -30.500 0.000 0.000
3 16 -40.000 0.000 -20.000 -21.500 0.000 -18.000 -26.000 0.000 -4.500
3 16 -26.000 0.000 -4.500 -30.500 0.000 -4.500 -40.000 0.000 -20.000
3 16 -21.500 0.000 -18.000 -21.500 0.000 -4.500 -26.000 0.000 -4.500
3 16 -17.000 0.000 -9.000 -17.000 0.000 -18.000 0.000 0.000 -20.000
3 16 0.000 0.000 -20.000 -12.500 0.000 -9.000 -17.000 0.000 -9.000
3 16 -12.500 0.000 -4.500 -12.500 0.000 -9.000 0.000 0.000 -20.000
3 16 0.000 0.000 -20.000 -8.000 0.000 -4.500 -12.500 0.000 -4.500
3 16 -40.000 0.000 -20.000 0.000 0.000 -20.000 -17.000 0.000 -18.000
3 16 -17.000 0.000 -18.000 -21.500 0.000 -18.000 -40.000 0.000 -20.000
3 16 -8.000 0.000 -4.500 0.000 0.000 -20.000 8.000 0.000 0.000
3 16 8.000 0.000 0.000 -8.000 0.000 0.000 -8.000 0.000 -4.500
3 16 26.000 0.000 14.000 26.000 0.000 9.500 30.500 0.000 0.000
3 16 30.500 0.000 0.000 40.000 0.000 20.000 26.000 0.000 14.000
3 16 30.500 0.000 0.000 26.000 0.000 9.500 17.000 0.000 9.500
3 16 17.000 0.000 9.500 26.000 0.000 0.000 30.500 0.000 0.000
3 16 26.000 0.000 0.000 17.000 0.000 9.500 12.500 0.000 14.000
3 16 12.500 0.000 14.000 8.000 0.000 0.000 26.000 0.000 0.000
3 16 12.500 0.000 14.000 17.000 0.000 9.500 17.000 0.000 14.000
3 16 17.000 0.000 14.000 26.000 0.000 14.000 40.000 0.000 20.000
3 16 40.000 0.000 20.000 17.000 0.000 18.500 17.000 0.000 14.000
3 16 30.500 0.000 0.000 30.500 0.000 -4.500 40.000 0.000 -20.000
3 16 40.000 0.000 -20.000 40.000 0.000 20.000 30.500 0.000 0.000
3 16 40.000 0.000 -20.000 30.500 0.000 -4.500 26.000 0.000 -4.500
3 16 26.000 0.000 -4.500 21.500 0.000 -18.000 40.000 0.000 -20.000
3 16 21.500 0.000 -4.500 21.500 0.000 -18.000 26.000 0.000 -4.500
3 16 17.000 0.000 -9.000 12.500 0.000 -9.000 0.000 0.000 -20.000
3 16 0.000 0.000 -20.000 17.000 0.000 -18.000 17.000 0.000 -9.000
3 16 12.500 0.000 -4.500 8.000 0.000 -4.500 0.000 0.000 -20.000
3 16 0.000 0.000 -20.000 12.500 0.000 -9.000 12.500 0.000 -4.500
3 16 40.000 0.000 -20.000 21.500 0.000 -18.000 17.000 0.000 -18.000
3 16 17.000 0.000 -18.000 0.000 0.000 -20.000 40.000 0.000 -20.000
3 16 0.000 0.000 -20.000 8.000 0.000 -4.500 8.000 0.000 0.000
3 16 -17.000 0.000 18.500 -12.500 0.000 18.500 0.000 0.000 20.000
3 16 0.000 0.000 20.000 -40.000 0.000 20.000 -17.000 0.000 18.500
3 16 0.000 0.000 20.000 -12.500 0.000 18.500 -12.500 0.000 14.000
3 16 -12.500 0.000 14.000 12.500 0.000 18.500 0.000 0.000 20.000
3 16 12.500 0.000 18.500 17.000 0.000 18.500 40.000 0.000 20.000
3 16 40.000 0.000 20.000 0.000 0.000 20.000 12.500 0.000 18.500
3 16 12.500 0.000 18.500 -12.500 0.000 14.000 8.000 0.000 0.000
3 16 8.000 0.000 0.000 12.500 0.000 14.000 12.500 0.000 18.500
3 16 8.000 0.000 0.000 -12.500 0.000 14.000 -8.000 0.000 0.000
3 72 -30.500 0.000 -4.500 -26.000 0.000 -4.500 -26.000 0.000 0.000
3 72 -26.000 0.000 0.000 -30.500 0.000 0.000 -30.500 0.000 -4.500
3 72 -17.000 0.000 14.000 -26.000 0.000 14.000 -26.000 0.000 9.500
3 72 -26.000 0.000 9.500 -17.000 0.000 9.500 -17.000 0.000 14.000
3 72 -12.500 0.000 18.500 -17.000 0.000 18.500 -17.000 0.000 14.000
3 72 -17.000 0.000 14.000 -12.500 0.000 14.000 -12.500 0.000 18.500
3 72 -21.500 0.000 -18.000 -17.000 0.000 -18.000 -17.000 0.000 -9.000
3 72 -17.000 0.000 -9.000 -21.500 0.000 -4.500 -21.500 0.000 -18.000
3 72 -17.000 0.000 -9.000 -12.500 0.000 -9.000 -12.500 0.000 -4.500
3 72 -12.500 0.000 -4.500 -21.500 0.000 -4.500 -17.000 0.000 -9.000
3 0 -26.000 0.000 -4.500 -21.500 0.000 -4.500 -26.000 0.000 0.000
3 0 -21.500 0.000 -4.500 -12.500 0.000 -4.500 -8.000 0.000 0.000
3 0 -8.000 0.000 0.000 -26.000 0.000 0.000 -21.500 0.000 -4.500
3 0 -8.000 0.000 0.000 -12.500 0.000 -4.500 -8.000 0.000 -4.500
3 72 30.500 0.000 -4.500 30.500 0.000 0.000 26.000 0.000 0.000
3 72 26.000 0.000 0.000 26.000 0.000 -4.500 30.500 0.000 -4.500
3 72 17.000 0.000 14.000 17.000 0.000 9.500 26.000 0.000 9.500
3 72 26.000 0.000 9.500 26.000 0.000 14.000 17.000 0.000 14.000
3 72 12.500 0.000 18.500 12.500 0.000 14.000 17.000 0.000 14.000
3 72 17.000 0.000 14.000 17.000 0.000 18.500 12.500 0.000 18.500
3 72 21.500 0.000 -18.000 21.500 0.000 -4.500 17.000 0.000 -9.000
3 72 17.000 0.000 -9.000 17.000 0.000 -18.000 21.500 0.000 -18.000
3 72 17.000 0.000 -9.000 21.500 0.000 -4.500 12.500 0.000 -4.500
3 72 12.500 0.000 -4.500 12.500 0.000 -9.000 17.000 0.000 -9.000
3 0 26.000 0.000 -4.500 26.000 0.000 0.000 21.500 0.000 -4.500
3 0 21.500 0.000 -4.500 26.000 0.000 0.000 8.000 0.000 0.000
3 0 8.000 0.000 0.000 12.500 0.000 -4.500 21.500 0.000 -4.500
3 0 8.000 0.000 -4.500 12.500 0.000 -4.500 8.000 0.000 0.000
1 16 0.0000 0.0000 0.0000 1.0000 0.0000 0.0000 0.0000 1.0000 0.0000 0.0000 0.0000 1.0000 s/87079s01.dat
