0 FILE 87079ps0.dat
0 Tile 2 x 4 with Star Wars Logo Pattern
0 Name:  87079ps0.dat
0 Author:  
0 BL_Item_No 87079pb0748
0 BFC CERTIFY CCW
3 16 -37.500 0.000 16.500 37.500 0.000 16.500 40.000 0.000 20.000
3 16 40.000 0.000 20.000 -40.000 0.000 20.000 -37.500 0.000 16.500
3 16 37.500 0.000 -16.500 -37.500 0.000 -16.500 -40.000 0.000 -20.000
3 16 -40.000 0.000 -20.000 40.000 0.000 -20.000 37.500 0.000 -16.500
3 16 -40.000 0.000 -20.000 -37.500 0.000 -16.500 -37.500 0.000 16.500
3 16 -37.500 0.000 16.500 -40.000 0.000 20.000 -40.000 0.000 -20.000
3 16 40.000 0.000 20.000 37.500 0.000 16.500 37.500 0.000 -16.500
3 16 37.500 0.000 -16.500 40.000 0.000 -20.000 40.000 0.000 20.000
1 16 0.0000 0.0000 0.0000 1.0000 0.0000 0.0000 0.0000 1.0000 0.0000 0.0000 0.0000 1.0000 s/87079s01.dat
3 16 -26.852 0.000 10.962 -37.500 0.000 16.500 -36.000 0.000 5.754
3 16 -36.000 0.000 5.754 -26.730 0.000 10.049 -26.852 0.000 10.962
3 16 -36.000 0.000 5.754 -24.035 0.000 5.757 -24.926 0.000 6.771
3 16 -36.000 0.000 5.754 -24.926 0.000 6.771 -25.959 0.000 8.259
3 16 -36.000 0.000 5.754 -25.959 0.000 8.259 -26.411 0.000 9.137
3 16 -26.411 0.000 9.137 -26.730 0.000 10.049 -36.000 0.000 5.754
3 16 -37.500 0.000 16.500 -26.852 0.000 10.962 -26.750 0.000 11.826
3 16 -26.750 0.000 11.826 -26.457 0.000 12.608 -37.500 0.000 16.500
3 16 -26.457 0.000 12.608 -25.995 0.000 13.295 -37.500 0.000 16.500
3 16 -25.995 0.000 13.295 -25.385 0.000 13.883 -37.500 0.000 16.500
3 16 -25.385 0.000 13.883 -24.644 0.000 14.357 -37.500 0.000 16.500
3 16 -24.644 0.000 14.357 -23.802 0.000 14.744 -37.500 0.000 16.500
3 16 -23.802 0.000 14.744 -22.860 0.000 15.000 -37.500 0.000 16.500
3 16 -13.500 0.000 10.175 -20.460 0.000 10.175 -19.473 0.000 9.381
3 16 -13.500 0.000 10.175 -19.473 0.000 9.381 -18.902 0.000 8.777
3 16 -13.500 0.000 10.175 -18.902 0.000 8.777 -18.329 0.000 8.013
3 16 -13.500 0.000 10.175 -18.329 0.000 8.013 -17.829 0.000 7.092
3 16 -13.500 0.000 10.175 -17.829 0.000 7.092 -17.477 0.000 6.021
3 16 -13.500 0.000 10.175 -17.477 0.000 6.021 -17.342 0.000 4.805
3 16 -17.342 0.000 4.805 -13.500 0.000 0.855 -13.500 0.000 10.175
3 16 -13.500 0.000 0.855 -17.342 0.000 4.805 -17.411 0.000 4.161
3 16 -13.500 0.000 0.855 -17.411 0.000 4.161 -17.624 0.000 3.489
3 16 -13.500 0.000 0.855 -17.624 0.000 3.489 -17.991 0.000 2.829
3 16 -13.500 0.000 0.855 -17.991 0.000 2.829 -18.524 0.000 2.210
3 16 -13.500 0.000 0.855 -18.524 0.000 2.210 -19.233 0.000 1.670
3 16 -19.233 0.000 1.670 -20.126 0.000 1.214 -13.500 0.000 0.855
3 16 -20.126 0.000 1.214 -21.225 0.000 0.957 -13.500 0.000 0.855
3 16 -8.250 0.000 0.855 -3.606 0.000 0.855 -2.100 0.000 10.175
3 16 -2.100 0.000 10.175 -8.250 0.000 10.175 -8.250 0.000 0.855
3 16 0.528 0.000 15.000 -2.100 0.000 15.000 -2.100 0.000 10.175
3 16 0.528 0.000 15.000 -2.100 0.000 10.175 -3.606 0.000 0.855
3 16 4.629 0.000 9.593 3.563 0.000 6.635 5.594 0.000 6.635
3 16 2.219 0.000 2.874 1.479 0.000 0.855 7.477 0.000 0.855
3 16 7.477 0.000 0.855 6.808 0.000 2.874 2.219 0.000 2.874
3 16 13.875 0.000 15.000 8.625 0.000 15.000 12.837 0.000 0.855
3 16 12.837 0.000 0.855 13.875 0.000 0.855 13.875 0.000 15.000
3 16 23.586 0.000 9.429 23.586 0.000 10.854 19.725 0.000 10.857
3 16 19.725 0.000 10.857 19.725 0.000 9.426 23.586 0.000 9.429
3 16 23.685 0.000 10.839 23.586 0.000 10.854 23.586 0.000 9.429
3 16 23.586 0.000 9.429 23.685 0.000 9.444 23.685 0.000 10.839
3 16 23.793 0.000 10.805 23.685 0.000 10.839 23.685 0.000 9.444
3 16 23.685 0.000 9.444 23.793 0.000 9.479 23.793 0.000 10.805
3 16 23.900 0.000 9.536 23.900 0.000 10.748 23.793 0.000 10.805
3 16 23.793 0.000 10.805 23.793 0.000 9.479 23.900 0.000 9.536
3 16 23.997 0.000 10.658 23.900 0.000 10.748 23.900 0.000 9.536
3 16 23.900 0.000 9.536 23.997 0.000 9.626 23.997 0.000 10.658
3 16 24.077 0.000 9.752 24.077 0.000 10.533 23.997 0.000 10.658
3 16 23.997 0.000 10.658 23.997 0.000 9.626 24.077 0.000 9.752
3 16 24.131 0.000 10.364 24.077 0.000 10.533 24.077 0.000 9.752
3 16 24.077 0.000 9.752 24.131 0.000 9.921 24.131 0.000 10.364
3 16 24.150 0.000 10.142 24.131 0.000 10.364 24.131 0.000 9.921
3 16 19.725 0.000 4.721 19.725 0.000 0.855 22.925 0.000 1.805
3 16 23.280 0.000 1.559 22.925 0.000 1.805 19.725 0.000 0.855
3 16 23.657 0.000 1.349 23.280 0.000 1.559 19.725 0.000 0.855
3 16 23.657 0.000 1.349 19.725 0.000 0.855 24.048 0.000 1.173
3 16 24.455 0.000 1.035 24.048 0.000 1.173 19.725 0.000 0.855
3 16 24.455 0.000 1.035 19.725 0.000 0.855 24.875 0.000 0.936
3 16 25.302 0.000 0.855 24.875 0.000 0.936 19.725 0.000 0.855
3 16 37.500 0.000 16.500 25.244 0.000 15.000 25.935 0.000 14.892
3 16 25.935 0.000 14.892 26.712 0.000 14.685 37.500 0.000 16.500
3 16 37.500 0.000 16.500 26.712 0.000 14.685 27.503 0.000 14.310
3 16 37.500 0.000 16.500 27.503 0.000 14.310 28.241 0.000 13.716
3 16 37.500 0.000 16.500 28.241 0.000 13.716 28.853 0.000 12.857
3 16 37.500 0.000 16.500 28.853 0.000 12.857 29.271 0.000 11.682
3 16 37.500 0.000 16.500 29.271 0.000 11.682 29.427 0.000 10.142
3 16 29.427 0.000 10.142 34.500 0.000 5.775 37.500 0.000 16.500
3 16 34.500 0.000 5.775 29.427 0.000 10.142 29.303 0.000 9.060
3 16 34.500 0.000 5.775 29.303 0.000 9.060 28.976 0.000 8.141
3 16 28.976 0.000 8.141 28.514 0.000 7.385 34.500 0.000 5.775
3 16 28.514 0.000 7.385 27.986 0.000 6.780 34.500 0.000 5.775
3 16 34.500 0.000 5.775 27.986 0.000 6.780 27.456 0.000 6.321
3 16 34.500 0.000 5.775 27.456 0.000 6.321 26.996 0.000 6.002
3 16 26.996 0.000 6.002 26.546 0.000 5.754 34.500 0.000 5.775
3 16 37.500 0.000 16.500 34.500 0.000 5.775 34.500 0.000 0.855
3 16 37.500 0.000 16.500 34.500 0.000 0.855 34.500 0.000 -0.855
3 16 34.500 0.000 0.855 25.302 0.000 0.855 24.668 0.000 -0.855
3 16 24.668 0.000 -0.855 34.500 0.000 -0.855 34.500 0.000 0.855
3 16 25.302 0.000 0.855 19.725 0.000 0.855 13.478 0.000 -0.855
3 16 13.478 0.000 -0.855 24.668 0.000 -0.855 25.302 0.000 0.855
3 16 13.478 0.000 -0.855 19.725 0.000 0.855 13.875 0.000 0.855
3 16 13.478 0.000 -0.855 13.875 0.000 0.855 12.837 0.000 0.855
3 16 12.837 0.000 0.855 7.477 0.000 0.855 2.625 0.000 -0.855
3 16 2.625 0.000 -0.855 13.478 0.000 -0.855 12.837 0.000 0.855
3 16 7.477 0.000 0.855 1.479 0.000 0.855 -3.087 0.000 -0.855
3 16 -3.087 0.000 -0.855 2.625 0.000 -0.855 7.477 0.000 0.855
3 16 -3.087 0.000 -0.855 1.479 0.000 0.855 -3.606 0.000 0.855
3 16 -3.606 0.000 0.855 -8.250 0.000 0.855 -11.184 0.000 -0.855
3 16 -11.184 0.000 -0.855 -3.087 0.000 -0.855 -3.606 0.000 0.855
3 16 -8.250 0.000 0.855 -13.500 0.000 0.855 -13.359 0.000 -0.855
3 16 -13.359 0.000 -0.855 -11.184 0.000 -0.855 -8.250 0.000 0.855
3 16 -13.359 0.000 -0.855 -13.500 0.000 0.855 -21.225 0.000 0.957
3 16 -21.225 0.000 0.957 -19.241 0.000 -0.855 -13.359 0.000 -0.855
3 16 -19.241 0.000 -0.855 -21.225 0.000 0.957 -21.539 0.000 -0.855
3 16 -21.539 0.000 -0.855 -20.390 0.000 -4.123 -19.241 0.000 -0.855
3 16 -21.539 0.000 -0.855 -21.225 0.000 0.957 -27.821 0.000 -0.855
3 16 -27.821 0.000 -0.855 -21.225 0.000 0.957 -36.000 0.000 0.957
3 16 -36.000 0.000 0.957 -30.119 0.000 -0.855 -27.821 0.000 -0.855
3 16 -36.000 0.000 0.957 -36.000 0.000 -0.855 -30.119 0.000 -0.855
3 16 -31.424 0.000 -15.000 -36.000 0.000 -0.855 -37.500 0.000 -16.500
3 16 -27.821 0.000 -0.855 -30.119 0.000 -0.855 -28.970 0.000 -4.123
3 16 -23.204 0.000 -15.000 -24.681 0.000 -10.503 -26.156 0.000 -15.000
3 16 -31.424 0.000 -15.000 -37.500 0.000 -16.500 -26.156 0.000 -15.000
3 16 -26.156 0.000 -15.000 -37.500 0.000 -16.500 -23.204 0.000 -15.000
3 16 -23.204 0.000 -15.000 -37.500 0.000 -16.500 -17.937 0.000 -15.000
3 16 -17.937 0.000 -15.000 -37.500 0.000 -16.500 -15.318 0.000 -15.000
3 16 -13.359 0.000 -0.855 -17.937 0.000 -15.000 -15.318 0.000 -15.000
3 16 -15.318 0.000 -15.000 -11.184 0.000 -0.855 -13.359 0.000 -0.855
3 16 -7.083 0.000 -6.262 -8.150 0.000 -9.220 -6.119 0.000 -9.220
3 16 -9.494 0.000 -12.981 -10.233 0.000 -15.000 -4.235 0.000 -15.000
3 16 -4.235 0.000 -15.000 -4.904 0.000 -12.981 -9.494 0.000 -12.981
3 16 2.625 0.000 -15.000 2.625 0.000 -0.855 -3.087 0.000 -0.855
3 16 -3.087 0.000 -0.855 1.125 0.000 -15.000 2.625 0.000 -15.000
3 16 11.819 0.000 -5.001 8.625 0.000 -4.998 8.625 0.000 -6.429
3 16 8.625 0.000 -6.429 11.735 0.000 -6.429 11.819 0.000 -5.001
3 16 11.919 0.000 -5.016 11.819 0.000 -5.001 11.735 0.000 -6.429
3 16 11.735 0.000 -6.429 11.819 0.000 -6.426 11.919 0.000 -5.016
3 16 11.919 0.000 -5.016 11.819 0.000 -6.426 11.919 0.000 -6.410
3 16 11.919 0.000 -6.410 12.026 0.000 -5.050 11.919 0.000 -5.016
3 16 12.026 0.000 -5.050 11.919 0.000 -6.410 12.026 0.000 -6.376
3 16 12.026 0.000 -6.376 12.132 0.000 -5.108 12.026 0.000 -5.050
3 16 12.132 0.000 -5.108 12.026 0.000 -6.376 12.132 0.000 -6.319
3 16 12.132 0.000 -6.319 12.230 0.000 -5.196 12.132 0.000 -5.108
3 16 12.230 0.000 -5.196 12.132 0.000 -6.319 12.230 0.000 -6.230
3 16 12.230 0.000 -6.230 12.309 0.000 -5.324 12.230 0.000 -5.196
3 16 12.309 0.000 -5.324 12.230 0.000 -6.230 12.309 0.000 -6.103
3 16 12.309 0.000 -6.103 12.362 0.000 -5.493 12.309 0.000 -5.324
3 16 12.362 0.000 -5.493 12.309 0.000 -6.103 12.362 0.000 -5.934
3 16 12.362 0.000 -5.934 12.383 0.000 -5.712 12.362 0.000 -5.493
3 16 8.625 0.000 -11.135 8.625 0.000 -15.000 11.825 0.000 -14.052
3 16 11.825 0.000 -14.052 8.625 0.000 -15.000 12.180 0.000 -14.298
3 16 12.180 0.000 -14.298 8.625 0.000 -15.000 12.555 0.000 -14.507
3 16 12.555 0.000 -14.507 8.625 0.000 -15.000 12.948 0.000 -14.682
3 16 12.948 0.000 -14.682 8.625 0.000 -15.000 13.356 0.000 -14.820
3 16 13.356 0.000 -14.820 8.625 0.000 -15.000 13.773 0.000 -14.919
3 16 13.773 0.000 -14.919 8.625 0.000 -15.000 14.202 0.000 -15.000
3 16 14.168 0.000 -0.963 23.679 0.000 -1.086 24.668 0.000 -0.855
3 16 24.668 0.000 -0.855 13.478 0.000 -0.855 14.168 0.000 -0.963
3 16 23.679 0.000 -1.086 14.168 0.000 -0.963 14.943 0.000 -1.170
3 16 14.943 0.000 -1.170 22.883 0.000 -1.500 23.679 0.000 -1.086
3 16 22.883 0.000 -1.500 14.943 0.000 -1.170 15.735 0.000 -1.547
3 16 15.735 0.000 -1.547 22.143 0.000 -1.972 22.883 0.000 -1.500
3 16 22.143 0.000 -1.972 15.735 0.000 -1.547 16.472 0.000 -2.139
3 16 16.472 0.000 -2.139 21.531 0.000 -2.561 22.143 0.000 -1.972
3 16 21.531 0.000 -2.561 16.472 0.000 -2.139 17.085 0.000 -3.000
3 16 17.085 0.000 -3.000 21.071 0.000 -3.249 21.531 0.000 -2.561
3 16 21.071 0.000 -3.249 17.085 0.000 -3.000 17.502 0.000 -4.175
3 16 17.502 0.000 -4.175 20.778 0.000 -4.030 21.071 0.000 -3.249
3 16 20.778 0.000 -4.030 17.502 0.000 -4.175 17.658 0.000 -5.712
3 16 17.658 0.000 -5.712 20.676 0.000 -4.893 20.778 0.000 -4.030
3 16 20.676 0.000 -4.893 17.658 0.000 -5.712 17.534 0.000 -6.796
3 16 17.534 0.000 -6.796 20.798 0.000 -5.806 20.676 0.000 -4.893
3 16 21.117 0.000 -6.720 20.798 0.000 -5.806 17.534 0.000 -6.796
3 16 17.534 0.000 -6.796 17.210 0.000 -7.714 21.117 0.000 -6.720
3 16 17.210 0.000 -7.714 16.748 0.000 -8.470 21.567 0.000 -7.596
3 16 21.567 0.000 -7.596 21.117 0.000 -6.720 17.210 0.000 -7.714
3 16 21.567 0.000 -7.596 16.748 0.000 -8.470 16.218 0.000 -9.076
3 16 16.218 0.000 -9.076 22.604 0.000 -9.084 21.567 0.000 -7.596
3 16 16.218 0.000 -9.076 15.690 0.000 -9.534 23.495 0.000 -10.098
3 16 23.495 0.000 -10.098 22.604 0.000 -9.084 16.218 0.000 -9.076
3 16 23.495 0.000 -10.098 15.690 0.000 -9.534 15.228 0.000 -9.854
3 16 23.495 0.000 -10.098 15.228 0.000 -9.854 14.778 0.000 -10.101
3 16 34.500 0.000 -5.679 27.069 0.000 -5.679 28.055 0.000 -6.475
3 16 34.500 0.000 -5.679 28.055 0.000 -6.475 28.628 0.000 -7.077
3 16 34.500 0.000 -5.679 28.628 0.000 -7.077 29.199 0.000 -7.844
3 16 34.500 0.000 -5.679 29.199 0.000 -7.844 29.699 0.000 -8.763
3 16 30.053 0.000 -9.834 36.000 0.000 -12.372 34.500 0.000 -5.679
3 16 34.500 0.000 -5.679 29.699 0.000 -8.763 30.053 0.000 -9.834
3 16 30.053 0.000 -9.834 30.185 0.000 -11.051 34.875 0.000 -12.372
3 16 34.875 0.000 -12.372 36.000 0.000 -12.372 30.053 0.000 -9.834
3 16 30.185 0.000 -11.051 30.119 0.000 -11.696 34.125 0.000 -12.372
3 16 34.125 0.000 -12.372 34.875 0.000 -12.372 30.185 0.000 -11.051
3 16 30.119 0.000 -11.696 29.906 0.000 -12.366 30.750 0.000 -12.372
3 16 30.750 0.000 -12.372 34.125 0.000 -12.372 30.119 0.000 -11.696
3 16 29.906 0.000 -12.366 29.538 0.000 -13.028 30.750 0.000 -12.992
3 16 30.750 0.000 -12.992 30.750 0.000 -12.372 29.906 0.000 -12.366
3 16 29.004 0.000 -13.646 31.500 0.000 -15.300 30.750 0.000 -12.992
3 16 30.750 0.000 -12.992 29.538 0.000 -13.028 29.004 0.000 -13.646
3 16 30.750 0.000 -12.992 31.500 0.000 -15.300 31.500 0.000 -12.992
3 16 31.500 0.000 -15.300 29.004 0.000 -13.646 28.295 0.000 -14.187
3 16 28.295 0.000 -14.187 27.399 0.000 -14.615 31.500 0.000 -15.300
3 16 31.500 0.000 -15.300 27.399 0.000 -14.615 26.304 0.000 -15.000
3 16 26.304 0.000 -15.000 37.500 0.000 -16.500 31.500 0.000 -15.300
3 16 36.000 0.000 -12.372 37.500 0.000 16.500 34.500 0.000 -0.855
3 16 34.500 0.000 -0.855 34.500 0.000 -5.679 36.000 0.000 -12.372
3 16 34.875 0.000 -15.300 35.250 0.000 -15.300 35.250 0.000 -13.875
3 16 34.500 0.000 -14.250 34.875 0.000 -12.372 34.125 0.000 -12.372
3 16 34.125 0.000 -15.300 33.750 0.000 -13.875 33.750 0.000 -15.300
3 16 32.250 0.000 -15.300 33.000 0.000 -15.300 33.000 0.000 -12.992
3 16 33.000 0.000 -12.992 32.250 0.000 -12.992 32.250 0.000 -15.300
3 16 1.125 0.000 -15.000 -4.235 0.000 -15.000 -37.500 0.000 -16.500
3 16 -4.235 0.000 -15.000 -10.233 0.000 -15.000 -37.500 0.000 -16.500
3 16 -10.233 0.000 -15.000 -15.318 0.000 -15.000 -37.500 0.000 -16.500
3 16 -36.000 0.000 5.754 -37.500 0.000 16.500 -36.000 0.000 0.957
3 16 -36.000 0.000 0.957 -37.500 0.000 16.500 -37.500 0.000 -16.500
3 16 -37.500 0.000 -16.500 -36.000 0.000 -0.855 -36.000 0.000 0.957
3 16 0.528 0.000 15.000 8.625 0.000 15.000 37.500 0.000 16.500
3 16 37.500 0.000 16.500 -37.500 0.000 16.500 0.528 0.000 15.000
3 16 -22.860 0.000 15.000 -2.100 0.000 15.000 -37.500 0.000 16.500
3 16 -2.100 0.000 15.000 0.528 0.000 15.000 -37.500 0.000 16.500
3 16 37.500 0.000 16.500 8.625 0.000 15.000 13.875 0.000 15.000
3 16 37.500 0.000 16.500 13.875 0.000 15.000 25.244 0.000 15.000
3 16 37.500 0.000 -16.500 37.500 0.000 16.500 36.000 0.000 -12.372
3 16 36.000 0.000 -12.372 36.000 0.000 -15.300 37.500 0.000 -16.500
3 16 37.500 0.000 -16.500 36.000 0.000 -15.300 35.250 0.000 -15.300
3 16 37.500 0.000 -16.500 35.250 0.000 -15.300 34.875 0.000 -15.300
3 16 37.500 0.000 -16.500 34.875 0.000 -15.300 34.125 0.000 -15.300
3 16 37.500 0.000 -16.500 34.125 0.000 -15.300 33.750 0.000 -15.300
3 16 37.500 0.000 -16.500 33.750 0.000 -15.300 33.000 0.000 -15.300
3 16 37.500 0.000 -16.500 33.000 0.000 -15.300 32.250 0.000 -15.300
3 16 37.500 0.000 -16.500 32.250 0.000 -15.300 31.500 0.000 -15.300
3 16 37.500 0.000 -16.500 26.304 0.000 -15.000 14.202 0.000 -15.000
3 16 37.500 0.000 -16.500 14.202 0.000 -15.000 8.625 0.000 -15.000
3 16 37.500 0.000 -16.500 8.625 0.000 -15.000 2.625 0.000 -15.000
3 16 2.625 0.000 -15.000 1.125 0.000 -15.000 -37.500 0.000 -16.500
3 16 -37.500 0.000 -16.500 37.500 0.000 -16.500 2.625 0.000 -15.000
3 15 -10.233 0.000 -15.000 -9.494 0.000 -12.981 -8.150 0.000 -9.220
3 15 -8.150 0.000 -9.220 -15.318 0.000 -15.000 -10.233 0.000 -15.000
3 15 -15.318 0.000 -15.000 -8.150 0.000 -9.220 -7.083 0.000 -6.262
3 15 -7.083 0.000 -6.262 -11.184 0.000 -0.855 -15.318 0.000 -15.000
3 15 -6.119 0.000 -9.220 -8.150 0.000 -9.220 -9.494 0.000 -12.981
3 15 -9.494 0.000 -12.981 -4.904 0.000 -12.981 -6.119 0.000 -9.220
3 15 -7.083 0.000 -6.262 -3.087 0.000 -0.855 -11.184 0.000 -0.855
3 15 -6.119 0.000 -9.220 -4.904 0.000 -12.981 -4.235 0.000 -15.000
3 15 -4.235 0.000 -15.000 1.125 0.000 -15.000 -6.119 0.000 -9.220
3 15 -7.083 0.000 -6.262 -6.119 0.000 -9.220 1.125 0.000 -15.000
3 15 1.125 0.000 -15.000 -3.087 0.000 -0.855 -7.083 0.000 -6.262
3 15 -30.119 0.000 -0.855 -36.000 0.000 -0.855 -31.424 0.000 -15.000
3 15 -31.424 0.000 -15.000 -28.970 0.000 -4.123 -30.119 0.000 -0.855
3 15 -28.970 0.000 -4.123 -31.424 0.000 -15.000 -26.156 0.000 -15.000
3 15 -26.156 0.000 -15.000 -24.681 0.000 -10.503 -28.970 0.000 -4.123
3 15 -36.000 0.000 5.754 -36.000 0.000 0.957 -21.225 0.000 0.957
3 15 -21.225 0.000 0.957 -24.035 0.000 5.757 -36.000 0.000 5.754
3 15 -26.457 0.000 12.608 -26.750 0.000 11.826 -26.852 0.000 10.962
3 15 -26.852 0.000 10.962 -20.460 0.000 10.175 -26.457 0.000 12.608
3 15 -25.385 0.000 13.883 -25.995 0.000 13.295 -26.457 0.000 12.608
3 15 -26.457 0.000 12.608 -20.460 0.000 10.175 -25.385 0.000 13.883
3 15 -23.802 0.000 14.744 -24.644 0.000 14.357 -25.385 0.000 13.883
3 15 -25.385 0.000 13.883 -20.460 0.000 10.175 -23.802 0.000 14.744
3 15 -24.681 0.000 -10.503 -20.390 0.000 -4.123 -28.970 0.000 -4.123
3 15 -21.539 0.000 -0.855 -27.821 0.000 -0.855 -28.970 0.000 -4.123
3 15 -28.970 0.000 -4.123 -20.390 0.000 -4.123 -21.539 0.000 -0.855
3 15 -20.460 0.000 10.175 -26.852 0.000 10.962 -26.730 0.000 10.049
3 15 -26.730 0.000 10.049 -19.473 0.000 9.381 -20.460 0.000 10.175
3 15 -21.225 0.000 0.957 -20.126 0.000 1.214 -19.233 0.000 1.670
3 15 -19.233 0.000 1.670 -24.035 0.000 5.757 -21.225 0.000 0.957
3 15 -19.473 0.000 9.381 -26.730 0.000 10.049 -26.411 0.000 9.137
3 15 -26.411 0.000 9.137 -18.902 0.000 8.777 -19.473 0.000 9.381
3 15 -18.902 0.000 8.777 -26.411 0.000 9.137 -25.959 0.000 8.259
3 15 -25.959 0.000 8.259 -18.329 0.000 8.013 -18.902 0.000 8.777
3 15 -23.204 0.000 -15.000 -17.937 0.000 -15.000 -20.390 0.000 -4.123
3 15 -20.390 0.000 -4.123 -24.681 0.000 -10.503 -23.204 0.000 -15.000
3 15 -19.233 0.000 1.670 -18.524 0.000 2.210 -17.991 0.000 2.829
3 15 -17.991 0.000 2.829 -24.035 0.000 5.757 -19.233 0.000 1.670
3 15 -18.329 0.000 8.013 -25.959 0.000 8.259 -24.926 0.000 6.771
3 15 -24.926 0.000 6.771 -17.829 0.000 7.092 -18.329 0.000 8.013
3 15 -17.829 0.000 7.092 -24.926 0.000 6.771 -24.035 0.000 5.757
3 15 -24.035 0.000 5.757 -17.477 0.000 6.021 -17.829 0.000 7.092
3 15 -17.991 0.000 2.829 -17.624 0.000 3.489 -17.411 0.000 4.161
3 15 -17.411 0.000 4.161 -24.035 0.000 5.757 -17.991 0.000 2.829
3 15 -17.411 0.000 4.161 -17.342 0.000 4.805 -17.477 0.000 6.021
3 15 -17.477 0.000 6.021 -24.035 0.000 5.757 -17.411 0.000 4.161
3 15 -13.500 0.000 10.175 -22.860 0.000 15.000 -23.802 0.000 14.744
3 15 -23.802 0.000 14.744 -20.460 0.000 10.175 -13.500 0.000 10.175
3 15 -17.937 0.000 -15.000 -13.359 0.000 -0.855 -19.241 0.000 -0.855
3 15 -19.241 0.000 -0.855 -20.390 0.000 -4.123 -17.937 0.000 -15.000
3 15 -8.250 0.000 10.175 -13.500 0.000 10.175 -13.500 0.000 0.855
3 15 -13.500 0.000 0.855 -8.250 0.000 0.855 -8.250 0.000 10.175
3 15 -8.250 0.000 10.175 -2.100 0.000 15.000 -22.860 0.000 15.000
3 15 -22.860 0.000 15.000 -13.500 0.000 10.175 -8.250 0.000 10.175
3 15 -2.100 0.000 10.175 -2.100 0.000 15.000 -8.250 0.000 10.175
3 15 1.479 0.000 0.855 2.219 0.000 2.874 3.563 0.000 6.635
3 15 3.563 0.000 6.635 -3.606 0.000 0.855 1.479 0.000 0.855
3 15 -3.606 0.000 0.855 3.563 0.000 6.635 4.629 0.000 9.593
3 15 4.629 0.000 9.593 0.528 0.000 15.000 -3.606 0.000 0.855
3 15 5.594 0.000 6.635 3.563 0.000 6.635 2.219 0.000 2.874
3 15 2.219 0.000 2.874 6.808 0.000 2.874 5.594 0.000 6.635
3 15 8.625 0.000 -15.000 8.625 0.000 -11.135 2.625 0.000 -15.000
3 15 8.625 0.000 -6.429 2.625 0.000 -0.855 2.625 0.000 -15.000
3 15 2.625 0.000 -15.000 8.625 0.000 -11.135 8.625 0.000 -6.429
3 15 8.625 0.000 -4.998 2.625 0.000 -0.855 8.625 0.000 -6.429
3 15 4.629 0.000 9.593 8.625 0.000 15.000 0.528 0.000 15.000
3 15 11.825 0.000 -14.052 11.735 0.000 -6.429 8.625 0.000 -6.429
3 15 8.625 0.000 -6.429 8.625 0.000 -11.135 11.825 0.000 -14.052
3 15 5.594 0.000 6.635 6.808 0.000 2.874 7.477 0.000 0.855
3 15 7.477 0.000 0.855 12.837 0.000 0.855 5.594 0.000 6.635
3 15 4.629 0.000 9.593 5.594 0.000 6.635 12.837 0.000 0.855
3 15 12.837 0.000 0.855 8.625 0.000 15.000 4.629 0.000 9.593
3 15 8.625 0.000 -4.998 11.819 0.000 -5.001 13.478 0.000 -0.855
3 15 13.478 0.000 -0.855 2.625 0.000 -0.855 8.625 0.000 -4.998
3 15 11.819 0.000 -5.001 11.919 0.000 -5.016 14.168 0.000 -0.963
3 15 14.168 0.000 -0.963 13.478 0.000 -0.855 11.819 0.000 -5.001
3 15 13.356 0.000 -14.820 14.778 0.000 -10.101 12.555 0.000 -14.507
3 15 12.555 0.000 -14.507 12.948 0.000 -14.682 13.356 0.000 -14.820
3 15 14.202 0.000 -15.000 14.778 0.000 -10.101 13.356 0.000 -14.820
3 15 13.356 0.000 -14.820 13.773 0.000 -14.919 14.202 0.000 -15.000
3 15 12.555 0.000 -14.507 14.778 0.000 -10.101 11.825 0.000 -14.052
3 15 11.825 0.000 -14.052 12.180 0.000 -14.298 12.555 0.000 -14.507
3 15 11.819 0.000 -6.426 11.735 0.000 -6.429 11.825 0.000 -14.052
3 15 11.825 0.000 -14.052 14.778 0.000 -10.101 11.819 0.000 -6.426
3 15 11.919 0.000 -5.016 12.026 0.000 -5.050 14.943 0.000 -1.170
3 15 14.943 0.000 -1.170 14.168 0.000 -0.963 11.919 0.000 -5.016
3 15 11.919 0.000 -6.410 11.819 0.000 -6.426 14.778 0.000 -10.101
3 15 14.778 0.000 -10.101 15.228 0.000 -9.854 11.919 0.000 -6.410
3 15 12.026 0.000 -6.376 11.919 0.000 -6.410 15.228 0.000 -9.854
3 15 15.228 0.000 -9.854 15.690 0.000 -9.534 12.026 0.000 -6.376
3 15 12.026 0.000 -5.050 12.132 0.000 -5.108 15.735 0.000 -1.547
3 15 15.735 0.000 -1.547 14.943 0.000 -1.170 12.026 0.000 -5.050
3 15 12.132 0.000 -6.319 12.026 0.000 -6.376 15.690 0.000 -9.534
3 15 15.690 0.000 -9.534 16.218 0.000 -9.076 12.132 0.000 -6.319
3 15 12.132 0.000 -5.108 12.230 0.000 -5.196 16.472 0.000 -2.139
3 15 16.472 0.000 -2.139 15.735 0.000 -1.547 12.132 0.000 -5.108
3 15 12.230 0.000 -6.230 12.132 0.000 -6.319 16.218 0.000 -9.076
3 15 16.218 0.000 -9.076 16.748 0.000 -8.470 12.230 0.000 -6.230
3 15 12.230 0.000 -5.196 12.309 0.000 -5.324 17.085 0.000 -3.000
3 15 17.085 0.000 -3.000 16.472 0.000 -2.139 12.230 0.000 -5.196
3 15 12.309 0.000 -6.103 12.230 0.000 -6.230 16.748 0.000 -8.470
3 15 16.748 0.000 -8.470 17.210 0.000 -7.714 12.309 0.000 -6.103
3 15 12.309 0.000 -5.324 12.362 0.000 -5.493 17.502 0.000 -4.175
3 15 17.502 0.000 -4.175 17.085 0.000 -3.000 12.309 0.000 -5.324
3 15 12.362 0.000 -5.934 12.309 0.000 -6.103 17.210 0.000 -7.714
3 15 17.210 0.000 -7.714 17.534 0.000 -6.796 12.362 0.000 -5.934
3 15 12.383 0.000 -5.712 12.362 0.000 -5.934 17.534 0.000 -6.796
3 15 17.534 0.000 -6.796 17.658 0.000 -5.712 12.383 0.000 -5.712
3 15 12.362 0.000 -5.493 12.383 0.000 -5.712 17.658 0.000 -5.712
3 15 17.658 0.000 -5.712 17.502 0.000 -4.175 12.362 0.000 -5.493
3 15 19.725 0.000 0.855 19.725 0.000 4.721 13.875 0.000 0.855
3 15 19.725 0.000 9.426 13.875 0.000 15.000 13.875 0.000 0.855
3 15 13.875 0.000 0.855 19.725 0.000 4.721 19.725 0.000 9.426
3 15 19.725 0.000 10.857 13.875 0.000 15.000 19.725 0.000 9.426
3 15 19.725 0.000 10.857 23.586 0.000 10.854 25.244 0.000 15.000
3 15 25.244 0.000 15.000 13.875 0.000 15.000 19.725 0.000 10.857
3 15 23.586 0.000 10.854 23.685 0.000 10.839 25.935 0.000 14.892
3 15 25.935 0.000 14.892 25.244 0.000 15.000 23.586 0.000 10.854
3 15 19.725 0.000 4.721 22.925 0.000 1.805 23.280 0.000 1.559
3 15 23.280 0.000 1.559 26.546 0.000 5.754 19.725 0.000 4.721
3 15 23.280 0.000 1.559 23.657 0.000 1.349 24.048 0.000 1.173
3 15 24.048 0.000 1.173 26.546 0.000 5.754 23.280 0.000 1.559
3 15 24.048 0.000 1.173 24.455 0.000 1.035 24.875 0.000 0.936
3 15 24.875 0.000 0.936 26.546 0.000 5.754 24.048 0.000 1.173
3 15 26.546 0.000 5.754 23.586 0.000 9.429 19.725 0.000 9.426
3 15 19.725 0.000 9.426 19.725 0.000 4.721 26.546 0.000 5.754
3 15 23.685 0.000 10.839 23.793 0.000 10.805 26.712 0.000 14.685
3 15 26.712 0.000 14.685 25.935 0.000 14.892 23.685 0.000 10.839
3 15 23.685 0.000 9.444 23.586 0.000 9.429 26.546 0.000 5.754
3 15 26.546 0.000 5.754 26.996 0.000 6.002 23.685 0.000 9.444
3 15 14.202 0.000 -15.000 26.304 0.000 -15.000 23.495 0.000 -10.098
3 15 23.495 0.000 -10.098 14.778 0.000 -10.101 14.202 0.000 -15.000
3 15 23.793 0.000 9.479 23.685 0.000 9.444 26.996 0.000 6.002
3 15 26.996 0.000 6.002 27.456 0.000 6.321 23.793 0.000 9.479
3 15 23.793 0.000 10.805 23.900 0.000 10.748 27.503 0.000 14.310
3 15 27.503 0.000 14.310 26.712 0.000 14.685 23.793 0.000 10.805
3 15 21.531 0.000 -2.561 21.071 0.000 -3.249 20.778 0.000 -4.030
3 15 20.778 0.000 -4.030 27.069 0.000 -5.679 21.531 0.000 -2.561
3 15 22.883 0.000 -1.500 22.143 0.000 -1.972 21.531 0.000 -2.561
3 15 21.531 0.000 -2.561 27.069 0.000 -5.679 22.883 0.000 -1.500
3 15 24.668 0.000 -0.855 23.679 0.000 -1.086 22.883 0.000 -1.500
3 15 22.883 0.000 -1.500 27.069 0.000 -5.679 24.668 0.000 -0.855
3 15 23.900 0.000 9.536 23.793 0.000 9.479 27.456 0.000 6.321
3 15 27.456 0.000 6.321 27.986 0.000 6.780 23.900 0.000 9.536
3 15 23.900 0.000 10.748 23.997 0.000 10.658 28.241 0.000 13.716
3 15 28.241 0.000 13.716 27.503 0.000 14.310 23.900 0.000 10.748
3 15 23.997 0.000 9.626 23.900 0.000 9.536 27.986 0.000 6.780
3 15 27.986 0.000 6.780 28.514 0.000 7.385 23.997 0.000 9.626
3 15 20.778 0.000 -4.030 20.676 0.000 -4.893 28.055 0.000 -6.475
3 15 28.055 0.000 -6.475 27.069 0.000 -5.679 20.778 0.000 -4.030
3 15 23.997 0.000 10.658 24.077 0.000 10.533 28.853 0.000 12.857
3 15 28.853 0.000 12.857 28.241 0.000 13.716 23.997 0.000 10.658
3 15 24.077 0.000 9.752 23.997 0.000 9.626 28.514 0.000 7.385
3 15 28.514 0.000 7.385 28.976 0.000 8.141 24.077 0.000 9.752
3 15 26.304 0.000 -15.000 27.399 0.000 -14.615 28.295 0.000 -14.187
3 15 28.295 0.000 -14.187 23.495 0.000 -10.098 26.304 0.000 -15.000
3 15 24.077 0.000 10.533 24.131 0.000 10.364 29.271 0.000 11.682
3 15 29.271 0.000 11.682 28.853 0.000 12.857 24.077 0.000 10.533
3 15 24.131 0.000 9.921 24.077 0.000 9.752 28.976 0.000 8.141
3 15 28.976 0.000 8.141 29.303 0.000 9.060 24.131 0.000 9.921
3 15 20.676 0.000 -4.893 20.798 0.000 -5.806 28.628 0.000 -7.077
3 15 28.628 0.000 -7.077 28.055 0.000 -6.475 20.676 0.000 -4.893
3 15 24.150 0.000 10.142 24.131 0.000 9.921 29.303 0.000 9.060
3 15 29.303 0.000 9.060 29.427 0.000 10.142 24.150 0.000 10.142
3 15 24.131 0.000 10.364 24.150 0.000 10.142 29.427 0.000 10.142
3 15 29.427 0.000 10.142 29.271 0.000 11.682 24.131 0.000 10.364
3 15 20.798 0.000 -5.806 21.117 0.000 -6.720 29.199 0.000 -7.844
3 15 29.199 0.000 -7.844 28.628 0.000 -7.077 20.798 0.000 -5.806
3 15 28.295 0.000 -14.187 29.004 0.000 -13.646 29.538 0.000 -13.028
3 15 29.538 0.000 -13.028 23.495 0.000 -10.098 28.295 0.000 -14.187
3 15 21.117 0.000 -6.720 21.567 0.000 -7.596 29.699 0.000 -8.763
3 15 29.699 0.000 -8.763 29.199 0.000 -7.844 21.117 0.000 -6.720
3 15 30.053 0.000 -9.834 22.604 0.000 -9.084 23.495 0.000 -10.098
3 15 21.567 0.000 -7.596 22.604 0.000 -9.084 30.053 0.000 -9.834
3 15 30.053 0.000 -9.834 29.699 0.000 -8.763 21.567 0.000 -7.596
3 15 29.538 0.000 -13.028 29.906 0.000 -12.366 30.119 0.000 -11.696
3 15 30.119 0.000 -11.696 23.495 0.000 -10.098 29.538 0.000 -13.028
3 15 30.119 0.000 -11.696 30.185 0.000 -11.051 30.053 0.000 -9.834
3 15 30.053 0.000 -9.834 23.495 0.000 -10.098 30.119 0.000 -11.696
3 15 34.500 0.000 0.855 34.500 0.000 5.775 25.302 0.000 0.855
3 15 24.875 0.000 0.936 25.302 0.000 0.855 34.500 0.000 5.775
3 15 34.500 0.000 5.775 26.546 0.000 5.754 24.875 0.000 0.936
3 15 34.500 0.000 -5.679 34.500 0.000 -0.855 24.668 0.000 -0.855
3 15 24.668 0.000 -0.855 27.069 0.000 -5.679 34.500 0.000 -5.679
3 15 31.500 0.000 -12.992 30.750 0.000 -12.372 30.750 0.000 -12.992
3 15 31.500 0.000 -12.992 31.500 0.000 -15.300 32.250 0.000 -15.300
3 15 32.250 0.000 -15.300 32.250 0.000 -12.992 31.500 0.000 -12.992
3 15 33.000 0.000 -12.992 34.125 0.000 -12.372 32.250 0.000 -12.992
3 15 31.500 0.000 -12.992 32.250 0.000 -12.992 34.125 0.000 -12.372
3 15 34.125 0.000 -12.372 30.750 0.000 -12.372 31.500 0.000 -12.992
3 15 33.750 0.000 -13.875 33.000 0.000 -12.992 33.000 0.000 -15.300
3 15 33.000 0.000 -15.300 33.750 0.000 -15.300 33.750 0.000 -13.875
3 15 34.125 0.000 -12.372 33.000 0.000 -12.992 33.750 0.000 -13.875
3 15 34.125 0.000 -12.372 33.750 0.000 -13.875 34.125 0.000 -15.300
3 15 34.125 0.000 -15.300 34.500 0.000 -14.250 34.125 0.000 -12.372
3 15 34.125 0.000 -15.300 34.875 0.000 -15.300 35.250 0.000 -13.875
3 15 35.250 0.000 -13.875 34.500 0.000 -14.250 34.125 0.000 -15.300
3 15 36.000 0.000 -12.372 35.250 0.000 -13.875 35.250 0.000 -15.300
3 15 35.250 0.000 -15.300 36.000 0.000 -15.300 36.000 0.000 -12.372
3 15 35.250 0.000 -13.875 36.000 0.000 -12.372 34.875 0.000 -12.372
3 15 34.875 0.000 -12.372 34.500 0.000 -14.250 35.250 0.000 -13.875
