0 FILE 87079pxh.dat
0 Tile 2 x 4 with 'Harry Potter' Pattern
0 Name:  87079pxh.dat
0 Author:  
0 BL_Item_No 87079pb0827
0 BFC CERTIFY CCW
3 16 0.624 0.000 12.856 4.056 0.000 12.856 40.000 0.000 20.000
3 16 40.000 0.000 20.000 0.000 0.000 13.012 0.624 0.000 12.856
3 16 6.240 0.000 6.304 5.928 0.000 9.892 4.992 0.000 10.984
3 16 4.992 0.000 10.984 3.900 0.000 10.672 6.240 0.000 6.304
3 16 40.000 0.000 20.000 4.056 0.000 12.856 5.928 0.000 12.232
3 16 5.928 0.000 12.232 6.240 0.000 12.232 40.000 0.000 20.000
3 16 3.900 0.000 11.608 4.368 0.000 11.608 5.928 0.000 12.232
3 16 5.928 0.000 12.232 4.056 0.000 12.856 3.900 0.000 11.608
3 16 40.000 0.000 20.000 6.240 0.000 12.232 9.204 0.000 8.644
3 16 9.204 0.000 8.644 19.656 0.000 10.204 40.000 0.000 20.000
3 16 6.240 0.000 3.184 5.616 0.000 3.340 5.616 0.000 2.248
3 16 5.616 0.000 2.248 6.240 0.000 2.872 6.240 0.000 3.184
3 16 9.204 0.000 8.644 9.048 0.000 5.992 10.296 0.000 3.808
3 16 10.296 0.000 3.808 12.792 0.000 5.368 9.204 0.000 8.644
3 16 9.048 0.000 5.992 8.892 0.000 3.028 9.360 0.000 3.028
3 16 9.360 0.000 3.028 10.296 0.000 3.808 9.048 0.000 5.992
3 16 12.948 0.000 -4.772 13.884 0.000 -4.304 14.040 0.000 -3.212
3 16 14.040 0.000 -3.212 12.324 0.000 -4.148 12.948 0.000 -4.772
3 16 9.360 0.000 3.028 9.672 0.000 3.028 10.296 0.000 3.808
3 16 12.792 0.000 5.368 13.572 0.000 5.524 15.600 0.000 6.460
3 16 15.600 0.000 6.460 9.204 0.000 8.644 12.792 0.000 5.368
3 16 19.656 0.000 10.204 9.204 0.000 8.644 17.004 0.000 7.240
3 16 17.004 0.000 7.240 18.876 0.000 8.956 19.656 0.000 10.204
3 16 12.012 0.000 3.652 12.948 0.000 3.340 13.572 0.000 3.964
3 16 13.572 0.000 3.964 13.260 0.000 4.588 12.012 0.000 3.652
3 16 16.536 0.000 -0.248 16.380 0.000 -3.524 17.472 0.000 -5.552
3 16 17.472 0.000 -5.552 17.472 0.000 -1.496 16.536 0.000 -0.248
3 16 15.756 0.000 -4.460 17.472 0.000 -5.552 16.380 0.000 -3.524
3 16 15.756 0.000 -4.460 13.572 0.000 -5.552 18.564 0.000 -6.332
3 16 18.564 0.000 -6.332 17.472 0.000 -5.552 15.756 0.000 -4.460
3 16 40.000 0.000 -20.000 1.716 0.000 -12.884 -25.116 0.000 -9.608
3 16 -25.116 0.000 -9.608 -40.000 0.000 -20.000 40.000 0.000 -20.000
3 16 13.572 0.000 -5.552 12.480 0.000 -5.552 1.872 0.000 -11.168
3 16 1.872 0.000 -11.168 1.716 0.000 -12.884 13.572 0.000 -5.552
3 16 12.480 0.000 -5.552 10.140 0.000 -3.680 4.368 0.000 -2.744
3 16 4.368 0.000 -2.744 3.276 0.000 -7.736 12.480 0.000 -5.552
3 16 12.012 0.000 -1.496 14.040 0.000 0.844 12.792 0.000 2.560
3 16 12.792 0.000 2.560 12.012 0.000 2.248 12.012 0.000 -1.496
3 16 9.672 0.000 -2.744 9.672 0.000 2.248 8.736 0.000 2.560
3 16 8.736 0.000 2.560 7.644 0.000 1.780 9.672 0.000 -2.744
3 16 10.140 0.000 -3.680 9.672 0.000 -2.744 4.212 0.000 -0.872
3 16 4.212 0.000 -0.872 4.368 0.000 -2.744 10.140 0.000 -3.680
3 16 7.644 0.000 1.780 5.772 0.000 1.156 4.212 0.000 -0.872
3 16 4.212 0.000 -0.872 9.672 0.000 -2.744 7.644 0.000 1.780
3 16 4.212 0.000 -0.872 5.460 0.000 1.156 4.212 0.000 3.184
3 16 4.212 0.000 3.184 4.056 0.000 3.184 4.212 0.000 -0.872
3 16 4.992 0.000 4.120 6.240 0.000 6.304 3.900 0.000 10.672
3 16 3.900 0.000 10.672 3.900 0.000 3.964 4.992 0.000 4.120
3 16 5.772 0.000 1.156 5.460 0.000 1.156 4.212 0.000 -0.872
3 16 4.056 0.000 -2.588 3.276 0.000 -7.736 4.368 0.000 -2.744
3 16 3.432 0.000 -1.028 3.276 0.000 -7.736 4.056 0.000 -2.588
3 16 3.276 0.000 -7.736 1.872 0.000 -11.168 12.480 0.000 -5.552
3 16 1.872 0.000 -11.168 2.964 0.000 -7.736 2.340 0.000 -6.332
3 16 2.340 0.000 -6.332 2.184 0.000 -6.488 1.872 0.000 -11.168
3 16 -25.116 0.000 -9.608 1.716 0.000 -12.884 -9.360 0.000 -6.644
3 16 -9.360 0.000 -6.644 -11.856 0.000 -6.332 -25.116 0.000 -9.608
3 16 2.964 0.000 -7.736 1.872 0.000 -11.168 3.276 0.000 -7.736
3 16 -9.516 0.000 7.552 -9.984 0.000 7.708 -9.360 0.000 5.524
3 16 -9.360 0.000 5.524 -9.048 0.000 6.148 -9.516 0.000 7.552
3 16 -40.000 0.000 20.000 0.000 0.000 13.012 40.000 0.000 20.000
3 16 0.624 0.000 -2.900 0.780 0.000 -2.744 0.000 0.000 2.716
3 16 0.000 0.000 2.716 -0.156 0.000 -2.120 0.624 0.000 -2.900
3 16 1.560 0.000 -12.572 0.000 0.000 -2.744 -6.240 0.000 -3.368
3 16 -6.240 0.000 -3.368 -8.424 0.000 -6.644 1.560 0.000 -12.572
3 16 0.000 0.000 -2.744 -0.156 0.000 -2.120 -2.496 0.000 3.340
3 16 -2.496 0.000 3.340 -5.148 0.000 -1.496 0.000 0.000 -2.744
3 16 0.936 0.000 3.340 1.092 0.000 3.652 -0.156 0.000 12.700
3 16 -0.156 0.000 12.700 -0.156 0.000 3.964 0.936 0.000 3.340
3 16 -0.156 0.000 12.700 0.000 0.000 13.012 -10.452 0.000 10.672
3 16 -10.452 0.000 10.672 -9.984 0.000 10.672 -0.156 0.000 12.700
3 16 6.240 0.000 4.120 6.240 0.000 6.304 4.992 0.000 4.120
3 16 5.772 0.000 10.984 4.992 0.000 10.984 5.928 0.000 9.892
3 16 -8.424 0.000 9.580 -0.156 0.000 12.700 -9.984 0.000 10.672
3 16 -9.984 0.000 10.672 -9.984 0.000 8.800 -9.828 0.000 8.644
3 16 -9.828 0.000 8.644 -8.424 0.000 9.580 -9.984 0.000 10.672
3 16 -0.156 0.000 12.700 -1.872 0.000 5.056 -1.716 0.000 4.900
3 16 -1.716 0.000 4.900 -0.156 0.000 3.964 -0.156 0.000 12.700
3 16 -7.800 0.000 9.112 -0.156 0.000 12.700 -8.424 0.000 9.580
3 16 -7.800 0.000 9.112 -7.020 0.000 7.240 -4.212 0.000 5.212
3 16 -4.212 0.000 5.212 -0.156 0.000 12.700 -7.800 0.000 9.112
3 16 -13.572 0.000 -1.652 -12.636 0.000 -0.560 -12.324 0.000 4.432
3 16 -12.324 0.000 4.432 -14.976 0.000 4.120 -13.572 0.000 -1.652
3 16 -9.048 0.000 5.212 -9.360 0.000 5.524 -9.828 0.000 4.120
3 16 -9.828 0.000 4.120 -9.672 0.000 4.276 -9.048 0.000 5.212
3 16 -6.864 0.000 6.616 -9.048 0.000 5.212 -9.672 0.000 4.276
3 16 -9.672 0.000 4.276 -6.084 0.000 4.432 -6.864 0.000 6.616
3 16 -9.204 0.000 3.652 -9.984 0.000 -0.872 -9.516 0.000 -1.496
3 16 -9.516 0.000 -1.496 -7.332 0.000 -2.276 -9.204 0.000 3.652
3 16 -15.288 0.000 -1.808 -13.572 0.000 -1.652 -14.976 0.000 4.120
3 16 -14.976 0.000 4.120 -15.756 0.000 3.340 -15.288 0.000 -1.808
3 16 -12.324 0.000 8.176 -12.948 0.000 8.176 -12.948 0.000 5.992
3 16 -12.948 0.000 5.992 -12.324 0.000 4.432 -12.324 0.000 8.176
3 16 0.000 0.000 13.012 -40.000 0.000 20.000 -16.848 0.000 9.580
3 16 -16.848 0.000 9.580 -10.452 0.000 10.672 0.000 0.000 13.012
3 16 -16.536 0.000 9.580 -10.452 0.000 10.672 -16.848 0.000 9.580
3 16 -22.776 0.000 8.020 -25.428 0.000 10.204 -26.208 0.000 8.800
3 16 -26.208 0.000 8.800 -24.648 0.000 7.084 -22.776 0.000 8.020
3 16 -30.264 0.000 -9.296 -31.356 0.000 -8.048 -36.504 0.000 -7.736
3 16 -36.504 0.000 -7.736 -40.000 0.000 -20.000 -30.264 0.000 -9.296
3 16 -24.024 0.000 3.964 -22.932 0.000 3.028 -21.996 0.000 5.836
3 16 -21.996 0.000 5.836 -23.556 0.000 5.368 -24.024 0.000 3.964
3 16 -22.932 0.000 3.028 -24.024 0.000 3.964 -24.336 0.000 3.964
3 16 -24.336 0.000 3.964 -25.272 0.000 2.872 -22.932 0.000 3.028
3 16 -21.996 0.000 5.836 -22.152 0.000 2.872 -21.684 0.000 1.468
3 16 -18.252 0.000 7.240 -19.500 0.000 4.588 -18.720 0.000 -1.496
3 16 -18.720 0.000 -1.496 -18.096 0.000 -1.808 -18.252 0.000 7.240
3 16 -22.152 0.000 2.872 -23.400 0.000 1.780 -23.088 0.000 -0.092
3 16 -23.088 0.000 -0.092 -21.684 0.000 1.468 -22.152 0.000 2.872
3 16 -24.180 0.000 -3.680 -26.052 0.000 -8.048 -24.960 0.000 -9.296
3 16 -24.960 0.000 -9.296 -23.244 0.000 -3.680 -24.180 0.000 -3.680
3 16 -22.464 0.000 -2.276 -21.840 0.000 -1.964 -21.684 0.000 1.468
3 16 -21.684 0.000 1.468 -23.088 0.000 -0.092 -22.464 0.000 -2.276
3 16 -22.932 0.000 3.028 -22.152 0.000 2.872 -21.996 0.000 5.836
3 16 -23.556 0.000 5.368 -21.996 0.000 5.836 -22.152 0.000 5.992
3 16 -25.428 0.000 6.304 -26.208 0.000 2.716 -25.272 0.000 2.872
3 16 -25.272 0.000 2.872 -24.336 0.000 3.964 -25.428 0.000 6.304
3 16 -24.024 0.000 4.900 -24.024 0.000 3.964 -23.556 0.000 5.368
3 16 -25.428 0.000 6.304 -24.648 0.000 7.084 -26.208 0.000 8.800
3 16 -25.428 0.000 6.304 -26.208 0.000 8.800 -26.208 0.000 2.716
3 16 -22.776 0.000 8.020 -22.308 0.000 8.020 -16.848 0.000 9.580
3 16 -16.848 0.000 9.580 -25.428 0.000 10.204 -22.776 0.000 8.020
3 16 -18.720 0.000 -1.496 -19.500 0.000 4.588 -19.344 0.000 -1.340
3 16 -16.380 0.000 -2.588 -15.444 0.000 -4.616 -14.040 0.000 -3.212
3 16 -14.040 0.000 -3.212 -14.820 0.000 -2.276 -16.380 0.000 -2.588
3 16 -20.748 0.000 -3.680 -21.528 0.000 -3.524 -23.244 0.000 -3.680
3 16 -23.244 0.000 -3.680 -24.960 0.000 -9.296 -20.748 0.000 -3.680
3 16 -21.528 0.000 -3.524 -21.996 0.000 -2.744 -23.244 0.000 -3.680
3 16 -26.052 0.000 -8.048 -24.180 0.000 -3.680 -24.492 0.000 -3.212
3 16 -26.052 0.000 -8.048 -24.492 0.000 -3.212 -25.584 0.000 0.220
3 16 -25.584 0.000 0.220 -26.208 0.000 1.780 -26.052 0.000 -8.048
3 16 -26.208 0.000 1.780 -25.584 0.000 1.000 -24.648 0.000 2.092
3 16 -24.648 0.000 2.092 -25.272 0.000 2.092 -26.208 0.000 1.780
3 16 -24.492 0.000 2.248 -25.272 0.000 2.092 -24.648 0.000 2.092
3 16 -25.584 0.000 1.000 -26.208 0.000 1.780 -25.584 0.000 0.220
3 16 -24.960 0.000 -9.296 -26.052 0.000 -8.048 -25.584 0.000 -8.984
3 16 -25.116 0.000 -9.608 -26.676 0.000 -9.296 -30.264 0.000 -9.296
3 16 -30.264 0.000 -9.296 -40.000 0.000 -20.000 -25.116 0.000 -9.608
3 16 -32.136 0.000 8.332 -29.016 0.000 1.936 -29.328 0.000 9.424
3 16 -29.328 0.000 9.424 -31.512 0.000 9.268 -32.136 0.000 8.332
3 16 -30.264 0.000 -8.984 -29.328 0.000 -8.048 -29.016 0.000 -6.488
3 16 -29.016 0.000 -6.488 -31.044 0.000 -8.048 -30.264 0.000 -8.984
3 16 -29.016 0.000 -6.488 -29.016 0.000 -0.092 -29.172 0.000 -0.092
3 16 -29.172 0.000 -0.092 -30.264 0.000 -0.716 -29.016 0.000 -6.488
3 16 -29.016 0.000 -6.488 -30.264 0.000 -0.716 -31.980 0.000 -1.184
3 16 -31.980 0.000 -1.184 -31.980 0.000 -7.112 -29.016 0.000 -6.488
3 16 -31.980 0.000 -7.112 -31.044 0.000 -8.048 -29.016 0.000 -6.488
3 16 -30.264 0.000 -9.296 -30.264 0.000 -8.984 -31.044 0.000 -8.048
3 16 -31.044 0.000 -8.048 -31.044 0.000 -8.204 -30.264 0.000 -9.296
3 16 -31.356 0.000 -8.048 -30.264 0.000 -9.296 -31.044 0.000 -8.204
3 16 -37.440 0.000 -0.248 -36.660 0.000 -7.580 -35.256 0.000 -6.332
3 16 -35.256 0.000 -6.332 -35.568 0.000 -1.340 -37.440 0.000 -0.248
3 16 -40.000 0.000 -20.000 -36.504 0.000 -7.736 -36.660 0.000 -7.580
3 16 -40.000 0.000 -20.000 -36.660 0.000 -7.580 -37.440 0.000 -0.248
3 16 -37.440 0.000 -0.248 -38.532 0.000 1.156 -40.000 0.000 -20.000
3 16 -35.724 0.000 -7.112 -35.256 0.000 -6.332 -36.660 0.000 -7.580
3 16 -35.568 0.000 -1.340 -35.256 0.000 -6.332 -35.100 0.000 -1.652
3 16 -35.256 0.000 -0.404 -35.256 0.000 2.872 -36.504 0.000 2.092
3 16 -36.504 0.000 2.092 -36.504 0.000 1.780 -35.256 0.000 -0.404
3 16 -38.532 0.000 1.624 -40.000 0.000 20.000 -40.000 0.000 -20.000
3 16 -40.000 0.000 -20.000 -38.532 0.000 1.156 -38.532 0.000 1.624
3 16 -40.000 0.000 20.000 -38.532 0.000 1.624 -36.192 0.000 8.956
3 16 -36.192 0.000 8.956 -36.192 0.000 9.112 -40.000 0.000 20.000
3 16 -38.532 0.000 1.624 -37.752 0.000 1.936 -35.412 0.000 8.176
3 16 -35.412 0.000 8.176 -36.192 0.000 8.956 -38.532 0.000 1.624
3 16 -37.908 0.000 1.156 -37.284 0.000 0.532 -35.412 0.000 -0.404
3 16 -35.412 0.000 -0.404 -36.504 0.000 1.780 -37.908 0.000 1.156
3 16 -35.256 0.000 -0.404 -36.504 0.000 1.780 -35.412 0.000 -0.404
3 16 -37.752 0.000 1.936 -36.504 0.000 2.092 -35.256 0.000 2.872
3 16 -35.256 0.000 2.872 -35.412 0.000 8.176 -37.752 0.000 1.936
3 16 -40.000 0.000 20.000 -36.192 0.000 9.112 -31.512 0.000 9.268
3 16 -31.512 0.000 9.268 -29.952 0.000 10.204 -40.000 0.000 20.000
3 16 -29.328 0.000 9.424 -29.796 0.000 10.048 -29.952 0.000 10.204
3 16 -29.952 0.000 10.204 -31.512 0.000 9.268 -29.328 0.000 9.424
3 16 -31.824 0.000 0.064 -29.952 0.000 1.000 -32.136 0.000 8.332
3 16 -32.136 0.000 8.332 -31.980 0.000 0.220 -31.824 0.000 0.064
3 16 -32.136 0.000 8.332 -29.952 0.000 1.000 -29.016 0.000 1.936
3 16 -25.428 0.000 10.204 -40.000 0.000 20.000 -29.952 0.000 10.204
3 16 28.548 0.000 6.148 29.328 0.000 6.148 34.788 0.000 7.240
3 16 34.788 0.000 7.240 24.180 0.000 9.268 28.548 0.000 6.148
3 16 40.000 0.000 20.000 19.968 0.000 10.204 20.124 0.000 9.736
3 16 20.124 0.000 9.736 23.868 0.000 9.268 40.000 0.000 20.000
3 16 20.124 0.000 7.084 21.372 0.000 7.084 23.868 0.000 9.268
3 16 23.868 0.000 9.268 20.124 0.000 9.736 20.124 0.000 7.084
3 16 23.400 0.000 8.176 21.372 0.000 7.084 21.528 0.000 6.616
3 16 21.528 0.000 6.616 22.308 0.000 6.460 23.400 0.000 8.176
3 16 16.224 0.000 3.028 17.784 0.000 2.560 17.628 0.000 5.992
3 16 17.628 0.000 5.992 15.756 0.000 4.120 16.224 0.000 3.028
3 16 20.904 0.000 4.588 20.124 0.000 2.716 21.996 0.000 -6.332
3 16 21.996 0.000 -6.332 21.996 0.000 4.588 20.904 0.000 4.588
3 16 24.024 0.000 -7.580 22.464 0.000 -6.800 21.060 0.000 -7.112
3 16 21.060 0.000 -7.112 20.748 0.000 -7.424 24.024 0.000 -7.580
3 16 13.572 0.000 -5.552 1.716 0.000 -12.884 40.000 0.000 -20.000
3 16 40.000 0.000 -20.000 20.748 0.000 -7.424 13.572 0.000 -5.552
3 16 20.748 0.000 -7.424 18.564 0.000 -6.332 13.572 0.000 -5.552
3 16 16.224 0.000 3.028 16.536 0.000 -0.248 17.472 0.000 -1.496
3 16 17.472 0.000 -1.496 17.784 0.000 2.560 16.224 0.000 3.028
3 16 17.628 0.000 5.992 15.756 0.000 6.148 14.508 0.000 5.056
3 16 14.508 0.000 5.056 15.756 0.000 4.120 17.628 0.000 5.992
3 16 13.572 0.000 5.524 14.508 0.000 5.056 15.756 0.000 6.148
3 16 15.756 0.000 6.148 15.600 0.000 6.460 13.572 0.000 5.524
3 16 17.004 0.000 7.240 9.204 0.000 8.644 15.600 0.000 6.460
3 16 40.000 0.000 20.000 19.656 0.000 10.204 19.968 0.000 10.204
3 16 -25.428 0.000 10.204 -16.848 0.000 9.580 -40.000 0.000 20.000
3 16 -10.452 0.000 10.672 -16.536 0.000 9.580 -16.068 0.000 9.424
3 16 -16.068 0.000 9.424 -14.352 0.000 8.644 -12.948 0.000 8.176
3 16 -12.948 0.000 8.176 -10.452 0.000 10.672 -16.068 0.000 9.424
3 16 -16.068 0.000 9.424 -15.912 0.000 7.864 -14.352 0.000 8.644
3 16 -14.352 0.000 8.644 -13.884 0.000 8.332 -12.948 0.000 8.176
3 16 -13.884 0.000 8.332 -12.948 0.000 5.992 -12.948 0.000 8.176
3 16 -12.324 0.000 4.432 -12.948 0.000 5.992 -13.104 0.000 5.368
3 16 -12.324 0.000 4.432 -13.104 0.000 5.368 -14.976 0.000 4.120
3 16 -15.756 0.000 3.340 -14.976 0.000 4.120 -15.288 0.000 4.276
3 16 -15.756 0.000 3.340 -15.288 0.000 4.276 -15.912 0.000 7.084
3 16 -19.500 0.000 4.588 -18.252 0.000 7.240 -19.656 0.000 7.240
3 16 -19.656 0.000 7.240 -19.812 0.000 5.212 -19.500 0.000 4.588
3 16 -15.288 0.000 4.276 -14.976 0.000 4.900 -15.600 0.000 6.928
3 16 -15.600 0.000 6.928 -15.912 0.000 7.084 -15.288 0.000 4.276
3 16 -15.288 0.000 -1.808 -14.820 0.000 -2.276 -13.572 0.000 -1.652
3 16 -9.360 0.000 -1.808 -13.260 0.000 -1.652 -14.040 0.000 -3.212
3 16 -14.040 0.000 -3.212 -12.168 0.000 -3.368 -9.360 0.000 -1.808
3 16 -13.260 0.000 -1.652 -13.572 0.000 -1.652 -14.820 0.000 -2.276
3 16 -14.820 0.000 -2.276 -14.040 0.000 -3.212 -13.260 0.000 -1.652
3 16 -9.204 0.000 -5.084 -12.168 0.000 -3.680 -13.572 0.000 -5.084
3 16 -13.572 0.000 -5.084 -11.544 0.000 -5.240 -9.204 0.000 -5.084
3 16 -18.876 0.000 -2.588 -18.876 0.000 -2.276 -20.748 0.000 -3.680
3 16 -18.876 0.000 -2.276 -18.096 0.000 -1.808 -18.720 0.000 -1.496
3 16 -18.876 0.000 -2.276 -18.720 0.000 -1.496 -20.748 0.000 -3.680
3 16 -19.656 0.000 7.552 -22.308 0.000 8.020 -19.812 0.000 5.212
3 16 -19.812 0.000 5.212 -19.656 0.000 7.240 -19.656 0.000 7.552
3 16 -22.308 0.000 8.020 -19.656 0.000 7.552 -16.848 0.000 9.580
3 16 35.256 0.000 7.240 40.000 0.000 20.000 24.180 0.000 9.268
3 16 24.180 0.000 9.268 34.788 0.000 7.240 35.256 0.000 7.240
3 16 24.336 0.000 5.524 26.208 0.000 5.524 28.548 0.000 6.148
3 16 28.548 0.000 6.148 24.336 0.000 8.176 24.336 0.000 5.524
3 16 27.300 0.000 -7.112 25.428 0.000 -6.488 26.208 0.000 -7.736
3 16 26.208 0.000 -7.736 26.520 0.000 -7.736 27.300 0.000 -7.112
3 16 20.124 0.000 2.716 19.812 0.000 -6.020 21.060 0.000 -7.112
3 16 21.060 0.000 -7.112 21.996 0.000 -6.332 20.124 0.000 2.716
3 16 24.648 0.000 -6.956 25.428 0.000 -6.488 26.832 0.000 -3.680
3 16 26.832 0.000 -3.680 24.492 0.000 -3.992 24.648 0.000 -6.956
3 16 25.428 0.000 -6.488 24.648 0.000 -6.956 26.208 0.000 -7.736
3 16 32.136 0.000 4.588 32.448 0.000 2.560 32.760 0.000 4.432
3 16 25.428 0.000 -6.488 27.300 0.000 -7.112 27.300 0.000 -6.800
3 16 28.548 0.000 6.148 26.208 0.000 5.524 26.052 0.000 4.744
3 16 26.052 0.000 4.744 26.208 0.000 4.120 28.548 0.000 6.148
3 16 31.356 0.000 0.844 29.172 0.000 1.468 28.392 0.000 1.468
3 16 28.392 0.000 1.468 30.420 0.000 -1.340 31.356 0.000 0.844
3 16 26.520 0.000 -8.516 40.000 0.000 -20.000 27.144 0.000 -8.516
3 16 24.024 0.000 -7.580 20.748 0.000 -7.424 40.000 0.000 -20.000
3 16 40.000 0.000 -20.000 26.520 0.000 -8.516 24.024 0.000 -7.580
3 16 21.996 0.000 -6.332 21.060 0.000 -7.112 22.464 0.000 -6.800
3 16 20.904 0.000 4.900 20.124 0.000 5.992 20.124 0.000 2.716
3 16 20.124 0.000 2.716 20.904 0.000 4.588 20.904 0.000 4.900
3 16 20.904 0.000 4.900 22.308 0.000 6.460 21.528 0.000 5.992
3 16 20.904 0.000 4.900 21.528 0.000 5.992 20.124 0.000 5.992
3 16 22.308 0.000 6.460 21.528 0.000 6.616 21.528 0.000 5.992
3 16 23.400 0.000 8.176 23.868 0.000 9.268 21.372 0.000 7.084
3 16 23.868 0.000 9.268 24.180 0.000 9.268 40.000 0.000 20.000
3 16 40.000 0.000 20.000 35.256 0.000 7.240 36.972 0.000 6.928
3 16 36.972 0.000 6.928 37.284 0.000 6.928 40.000 0.000 20.000
3 16 40.000 0.000 20.000 38.688 0.000 3.652 38.220 0.000 -6.644
3 16 38.220 0.000 -6.644 40.000 0.000 -20.000 40.000 0.000 20.000
3 16 35.256 0.000 5.992 35.568 0.000 5.992 36.972 0.000 6.928
3 16 36.972 0.000 6.928 35.256 0.000 7.240 35.256 0.000 5.992
3 16 40.000 0.000 20.000 37.284 0.000 6.928 38.688 0.000 4.588
3 16 38.688 0.000 3.652 40.000 0.000 20.000 38.688 0.000 4.588
3 16 34.164 0.000 -6.176 31.512 0.000 -5.708 28.860 0.000 -6.488
3 16 28.860 0.000 -6.488 28.860 0.000 -6.644 34.164 0.000 -6.176
3 16 36.036 0.000 2.092 35.412 0.000 1.936 35.568 0.000 -5.084
3 16 35.568 0.000 -5.084 36.036 0.000 1.780 36.036 0.000 2.092
3 16 26.832 0.000 -3.680 27.768 0.000 -6.332 28.860 0.000 -6.488
3 16 28.860 0.000 -6.488 28.236 0.000 -4.772 26.832 0.000 -3.680
3 16 36.036 0.000 1.780 35.568 0.000 -5.084 38.220 0.000 -6.332
3 16 38.220 0.000 -6.332 36.348 0.000 1.780 36.036 0.000 1.780
3 16 36.504 0.000 2.716 35.880 0.000 5.056 35.256 0.000 4.744
3 16 35.256 0.000 4.744 36.036 0.000 2.092 36.504 0.000 2.716
3 16 35.412 0.000 1.936 36.036 0.000 2.092 35.256 0.000 4.744
3 16 38.220 0.000 -6.332 38.688 0.000 3.652 36.348 0.000 1.780
3 16 28.860 0.000 -6.644 27.144 0.000 -8.516 36.036 0.000 -6.644
3 16 36.036 0.000 -6.644 34.164 0.000 -6.176 28.860 0.000 -6.644
3 16 36.348 0.000 -5.864 38.220 0.000 -6.332 35.568 0.000 -5.084
3 16 38.220 0.000 -6.332 38.220 0.000 -6.644 38.688 0.000 3.652
3 16 27.144 0.000 -8.516 40.000 0.000 -20.000 38.220 0.000 -6.644
3 16 38.220 0.000 -6.644 36.036 0.000 -6.644 27.144 0.000 -8.516
3 16 32.292 0.000 -5.240 32.916 0.000 -4.148 31.512 0.000 -2.588
3 16 31.512 0.000 -2.588 31.980 0.000 -5.240 32.292 0.000 -5.240
3 16 32.448 0.000 5.056 34.788 0.000 7.240 29.328 0.000 6.148
3 16 29.328 0.000 6.148 31.512 0.000 5.056 32.448 0.000 5.056
3 16 32.136 0.000 4.588 31.512 0.000 5.056 32.448 0.000 2.560
3 16 32.448 0.000 5.056 31.512 0.000 5.056 32.136 0.000 4.588
3 16 32.448 0.000 2.560 32.448 0.000 1.936 32.916 0.000 -4.148
3 16 32.916 0.000 -4.148 32.760 0.000 4.432 32.448 0.000 2.560
3 16 32.448 0.000 1.936 31.668 0.000 0.844 31.512 0.000 -2.588
3 16 31.512 0.000 -2.588 32.916 0.000 -4.148 32.448 0.000 1.936
3 16 28.392 0.000 2.248 30.108 0.000 2.092 30.264 0.000 2.248
3 16 30.264 0.000 2.248 28.548 0.000 4.900 28.392 0.000 2.248
3 16 26.052 0.000 4.744 24.492 0.000 4.588 25.896 0.000 2.560
3 16 25.896 0.000 2.560 26.208 0.000 4.120 26.052 0.000 4.744
3 16 28.392 0.000 1.468 28.392 0.000 -2.744 30.108 0.000 -3.056
3 16 30.108 0.000 -3.056 30.420 0.000 -1.340 28.392 0.000 1.468
3 16 26.832 0.000 -3.680 25.428 0.000 -6.488 27.768 0.000 -6.332
3 16 28.860 0.000 -3.992 29.484 0.000 -4.304 29.640 0.000 -4.304
3 16 29.640 0.000 -4.304 28.392 0.000 -2.744 28.860 0.000 -3.992
3 16 28.860 0.000 -6.488 31.512 0.000 -5.708 31.980 0.000 -5.240
3 16 31.980 0.000 -5.240 29.796 0.000 -4.928 28.860 0.000 -6.488
3 16 28.392 0.000 -2.744 29.640 0.000 -4.304 30.108 0.000 -3.056
3 16 31.668 0.000 0.844 31.356 0.000 0.844 30.420 0.000 -1.340
3 16 30.420 0.000 -1.340 30.732 0.000 -1.340 31.668 0.000 0.844
3 16 31.512 0.000 -2.588 31.668 0.000 0.844 30.732 0.000 -1.340
3 16 29.796 0.000 -4.928 31.980 0.000 -5.240 31.512 0.000 -2.588
3 16 28.236 0.000 -4.772 28.860 0.000 -6.488 29.796 0.000 -4.928
3 16 26.832 0.000 -3.680 25.896 0.000 -2.432 24.492 0.000 -3.992
3 16 24.492 0.000 4.588 24.492 0.000 -3.992 25.896 0.000 -2.432
3 16 25.896 0.000 -2.432 25.896 0.000 2.560 24.492 0.000 4.588
3 16 28.548 0.000 6.148 24.180 0.000 9.268 24.336 0.000 8.176
3 16 30.264 0.000 2.248 29.016 0.000 5.212 28.704 0.000 5.368
3 16 28.704 0.000 5.368 28.548 0.000 4.900 30.264 0.000 2.248
3 16 -1.872 0.000 5.056 -0.156 0.000 12.700 -4.212 0.000 5.212
3 16 -1.716 0.000 4.900 -2.496 0.000 3.340 0.000 0.000 2.716
3 16 0.000 0.000 2.716 -0.156 0.000 3.964 -1.716 0.000 4.900
3 16 0.000 0.000 2.716 -2.496 0.000 3.340 -0.156 0.000 -2.120
3 16 -6.240 0.000 -3.368 0.000 0.000 -2.744 -5.148 0.000 -1.496
3 16 -24.960 0.000 -9.296 -25.116 0.000 -9.608 -11.856 0.000 -6.332
3 16 -11.856 0.000 -6.332 -13.884 0.000 -5.708 -24.960 0.000 -9.296
3 16 1.560 0.000 -12.572 -8.424 0.000 -6.644 -9.360 0.000 -6.644
3 16 -9.360 0.000 -6.644 1.716 0.000 -12.884 1.560 0.000 -12.572
3 16 -20.748 0.000 -3.680 -24.960 0.000 -9.296 -13.884 0.000 -5.708
3 16 -13.884 0.000 -5.708 -15.444 0.000 -5.084 -20.748 0.000 -3.680
3 16 -16.380 0.000 -2.588 -18.876 0.000 -2.588 -15.444 0.000 -5.084
3 16 -15.444 0.000 -5.084 -15.444 0.000 -4.616 -16.380 0.000 -2.588
3 16 -18.876 0.000 -2.588 -20.748 0.000 -3.680 -15.444 0.000 -5.084
3 16 -9.360 0.000 -1.808 -12.168 0.000 -3.368 -12.168 0.000 -3.680
3 16 -12.168 0.000 -3.680 -9.204 0.000 -5.084 -9.360 0.000 -1.808
3 16 -12.168 0.000 -3.680 -13.728 0.000 -3.992 -13.884 0.000 -4.772
3 16 -13.884 0.000 -4.772 -13.572 0.000 -5.084 -12.168 0.000 -3.680
3 16 -9.360 0.000 -1.808 -9.204 0.000 -5.084 -7.332 0.000 -2.276
3 16 -9.360 0.000 -1.808 -7.332 0.000 -2.276 -9.516 0.000 -1.496
3 16 -9.828 0.000 4.120 -9.984 0.000 -0.872 -9.204 0.000 3.652
3 16 -9.360 0.000 5.524 -9.984 0.000 7.708 -9.828 0.000 4.120
3 16 -9.984 0.000 7.708 -9.984 0.000 -0.872 -9.828 0.000 4.120
3 16 -4.212 0.000 5.056 -6.084 0.000 4.432 -6.708 0.000 3.808
3 16 -6.708 0.000 3.808 -4.056 0.000 3.496 -4.212 0.000 5.056
3 16 -6.708 0.000 3.808 -5.772 0.000 0.688 -5.616 0.000 0.532
3 16 -5.616 0.000 0.532 -4.056 0.000 3.496 -6.708 0.000 3.808
3 16 -3.588 0.000 4.744 -4.212 0.000 5.056 -4.056 0.000 3.496
3 16 -4.212 0.000 5.056 -4.212 0.000 5.212 -6.864 0.000 6.616
3 16 -6.864 0.000 6.616 -6.084 0.000 4.432 -4.212 0.000 5.056
3 16 -4.212 0.000 5.212 -7.020 0.000 7.240 -6.864 0.000 6.616
3 16 12.324 0.000 3.028 12.948 0.000 3.340 12.012 0.000 3.652
3 16 12.012 0.000 2.872 12.324 0.000 3.028 12.012 0.000 3.652
3 16 13.572 0.000 3.964 13.572 0.000 4.588 13.260 0.000 4.588
3 16 4.680 0.000 3.340 4.680 0.000 3.184 5.616 0.000 2.248
3 16 5.616 0.000 2.248 5.616 0.000 3.340 4.680 0.000 3.340
3 16 12.324 0.000 -4.148 14.040 0.000 -3.212 14.040 0.000 0.844
3 16 14.040 0.000 0.844 12.012 0.000 -1.496 12.324 0.000 -4.148
3 16 14.040 0.000 0.844 13.728 0.000 2.404 12.792 0.000 2.560
3 15 2.184 0.000 -6.488 0.624 0.000 -2.900 -0.156 0.000 -2.120
3 15 -0.156 0.000 -2.120 0.000 0.000 -2.744 2.184 0.000 -6.488
3 15 7.644 0.000 1.780 8.736 0.000 2.560 8.892 0.000 3.028
3 15 8.892 0.000 3.028 6.240 0.000 3.184 7.644 0.000 1.780
3 15 4.056 0.000 12.856 0.624 0.000 12.856 -0.156 0.000 12.700
3 15 -0.156 0.000 12.700 3.900 0.000 11.608 4.056 0.000 12.856
3 15 5.928 0.000 12.232 5.772 0.000 10.984 9.204 0.000 8.644
3 15 9.204 0.000 8.644 6.240 0.000 12.232 5.928 0.000 12.232
3 15 5.928 0.000 9.892 6.240 0.000 6.304 9.048 0.000 5.992
3 15 9.048 0.000 5.992 9.204 0.000 8.644 5.928 0.000 9.892
3 15 14.508 0.000 5.056 13.572 0.000 5.524 13.260 0.000 4.588
3 15 13.260 0.000 4.588 13.572 0.000 4.588 14.508 0.000 5.056
3 15 4.680 0.000 3.184 4.680 0.000 3.340 3.900 0.000 3.964
3 15 3.900 0.000 3.964 4.212 0.000 3.184 4.680 0.000 3.184
3 15 12.012 0.000 2.248 9.672 0.000 2.248 9.672 0.000 -2.744
3 15 9.672 0.000 -2.744 12.012 0.000 -1.496 12.012 0.000 2.248
3 15 13.884 0.000 -4.304 15.756 0.000 -4.460 16.380 0.000 -3.524
3 15 16.380 0.000 -3.524 14.040 0.000 -3.212 13.884 0.000 -4.304
3 15 16.224 0.000 3.028 15.756 0.000 4.120 13.572 0.000 3.964
3 15 13.572 0.000 3.964 13.728 0.000 2.404 16.224 0.000 3.028
3 15 16.536 0.000 -0.248 16.224 0.000 3.028 13.728 0.000 2.404
3 15 13.728 0.000 2.404 14.040 0.000 0.844 16.536 0.000 -0.248
3 15 18.876 0.000 8.956 17.004 0.000 7.240 17.628 0.000 5.992
3 15 17.628 0.000 5.992 20.124 0.000 7.084 18.876 0.000 8.956
3 15 21.996 0.000 4.588 24.492 0.000 4.588 26.208 0.000 5.524
3 15 26.208 0.000 5.524 24.336 0.000 5.524 21.996 0.000 4.588
3 15 13.572 0.000 4.588 13.572 0.000 3.964 15.756 0.000 4.120
3 15 15.756 0.000 4.120 14.508 0.000 5.056 13.572 0.000 4.588
3 15 17.628 0.000 5.992 17.784 0.000 2.560 20.124 0.000 5.992
3 15 20.124 0.000 5.992 20.124 0.000 7.084 17.628 0.000 5.992
3 15 21.528 0.000 5.992 21.528 0.000 6.616 20.124 0.000 7.084
3 15 20.124 0.000 7.084 20.124 0.000 5.992 21.528 0.000 5.992
3 15 12.480 0.000 -5.552 12.324 0.000 -4.148 12.012 0.000 -1.496
3 15 12.012 0.000 -1.496 10.140 0.000 -3.680 12.480 0.000 -5.552
3 15 12.012 0.000 3.652 10.296 0.000 3.808 9.672 0.000 3.028
3 15 9.672 0.000 3.028 12.012 0.000 2.872 12.012 0.000 3.652
3 15 9.360 0.000 3.028 9.672 0.000 2.248 12.012 0.000 2.872
3 15 12.012 0.000 2.872 9.672 0.000 3.028 9.360 0.000 3.028
3 15 -9.984 0.000 7.708 -12.324 0.000 4.432 -12.636 0.000 -0.560
3 15 -12.636 0.000 -0.560 -9.984 0.000 -0.872 -9.984 0.000 7.708
3 15 9.360 0.000 3.028 8.892 0.000 3.028 8.736 0.000 2.560
3 15 8.736 0.000 2.560 9.672 0.000 2.248 9.360 0.000 3.028
3 15 4.212 0.000 3.184 5.460 0.000 1.156 5.772 0.000 1.156
3 15 5.772 0.000 1.156 5.616 0.000 2.248 4.212 0.000 3.184
3 15 4.992 0.000 10.984 4.368 0.000 11.608 3.900 0.000 11.608
3 15 3.900 0.000 11.608 3.900 0.000 10.672 4.992 0.000 10.984
3 15 0.936 0.000 3.340 3.432 0.000 -1.028 4.212 0.000 -0.872
3 15 4.212 0.000 -0.872 4.056 0.000 3.184 0.936 0.000 3.340
3 15 3.432 0.000 -1.028 4.056 0.000 -2.588 4.368 0.000 -2.744
3 15 4.368 0.000 -2.744 4.212 0.000 -0.872 3.432 0.000 -1.028
3 15 2.964 0.000 -7.736 3.276 0.000 -7.736 3.432 0.000 -1.028
3 15 3.432 0.000 -1.028 2.340 0.000 -6.332 2.964 0.000 -7.736
3 15 2.184 0.000 -6.488 0.000 0.000 -2.744 1.560 0.000 -12.572
3 15 1.560 0.000 -12.572 1.872 0.000 -11.168 2.184 0.000 -6.488
3 15 1.872 0.000 -11.168 1.560 0.000 -12.572 1.716 0.000 -12.884
3 15 -9.828 0.000 8.644 -9.984 0.000 8.800 -12.324 0.000 8.176
3 15 -12.324 0.000 8.176 -9.984 0.000 7.708 -9.828 0.000 8.644
3 15 0.780 0.000 -2.744 3.432 0.000 -1.028 0.936 0.000 3.340
3 15 0.936 0.000 3.340 0.000 0.000 2.716 0.780 0.000 -2.744
3 15 2.184 0.000 -6.488 2.340 0.000 -6.332 0.780 0.000 -2.744
3 15 0.780 0.000 -2.744 0.624 0.000 -2.900 2.184 0.000 -6.488
3 15 3.432 0.000 -1.028 0.780 0.000 -2.744 2.340 0.000 -6.332
3 15 -0.156 0.000 12.700 1.092 0.000 3.652 3.900 0.000 10.672
3 15 3.900 0.000 10.672 3.900 0.000 11.608 -0.156 0.000 12.700
3 15 0.936 0.000 3.340 -0.156 0.000 3.964 0.000 0.000 2.716
3 15 0.936 0.000 3.340 4.056 0.000 3.184 3.900 0.000 3.964
3 15 3.900 0.000 3.964 1.092 0.000 3.652 0.936 0.000 3.340
3 15 -0.156 0.000 12.700 0.624 0.000 12.856 0.000 0.000 13.012
3 15 5.772 0.000 10.984 5.928 0.000 12.232 4.368 0.000 11.608
3 15 4.368 0.000 11.608 4.992 0.000 10.984 5.772 0.000 10.984
3 15 5.772 0.000 10.984 5.928 0.000 9.892 9.204 0.000 8.644
3 15 3.900 0.000 3.964 4.680 0.000 3.340 5.616 0.000 3.340
3 15 5.616 0.000 3.340 4.992 0.000 4.120 3.900 0.000 3.964
3 15 8.892 0.000 3.028 9.048 0.000 5.992 6.240 0.000 6.304
3 15 6.240 0.000 6.304 6.240 0.000 4.120 8.892 0.000 3.028
3 15 4.992 0.000 4.120 5.616 0.000 3.340 6.240 0.000 3.184
3 15 6.240 0.000 3.184 6.240 0.000 4.120 4.992 0.000 4.120
3 15 3.900 0.000 3.964 4.056 0.000 3.184 4.212 0.000 3.184
3 15 3.900 0.000 3.964 3.900 0.000 10.672 1.092 0.000 3.652
3 15 -1.716 0.000 4.900 -1.872 0.000 5.056 -3.588 0.000 4.744
3 15 -3.588 0.000 4.744 -2.496 0.000 3.340 -1.716 0.000 4.900
3 15 -8.424 0.000 9.580 -9.828 0.000 8.644 -9.516 0.000 7.552
3 15 -9.516 0.000 7.552 -7.800 0.000 9.112 -8.424 0.000 9.580
3 15 -7.800 0.000 9.112 -9.516 0.000 7.552 -9.048 0.000 6.148
3 15 -9.048 0.000 6.148 -7.020 0.000 7.240 -7.800 0.000 9.112
3 15 -6.864 0.000 6.616 -9.048 0.000 6.148 -9.360 0.000 5.524
3 15 -9.360 0.000 5.524 -9.048 0.000 5.212 -6.864 0.000 6.616
3 15 -4.056 0.000 3.496 -2.496 0.000 3.340 -3.588 0.000 4.744
3 15 -6.084 0.000 4.432 -9.672 0.000 4.276 -9.204 0.000 3.652
3 15 -9.204 0.000 3.652 -6.708 0.000 3.808 -6.084 0.000 4.432
3 15 -9.828 0.000 8.644 -9.984 0.000 7.708 -9.516 0.000 7.552
3 15 -9.048 0.000 6.148 -6.864 0.000 6.616 -7.020 0.000 7.240
3 15 -13.260 0.000 -1.652 -9.360 0.000 -1.808 -9.516 0.000 -1.496
3 15 -9.516 0.000 -1.496 -9.984 0.000 -0.872 -13.260 0.000 -1.652
3 15 -6.708 0.000 3.808 -9.204 0.000 3.652 -7.332 0.000 -2.276
3 15 -7.332 0.000 -2.276 -5.772 0.000 0.688 -6.708 0.000 3.808
3 15 -11.544 0.000 -5.240 -13.572 0.000 -5.084 -13.884 0.000 -5.708
3 15 -13.884 0.000 -5.708 -11.856 0.000 -6.332 -11.544 0.000 -5.240
3 15 -13.572 0.000 -1.652 -13.260 0.000 -1.652 -9.984 0.000 -0.872
3 15 -9.984 0.000 -0.872 -12.636 0.000 -0.560 -13.572 0.000 -1.652
3 15 -8.424 0.000 -6.644 -6.240 0.000 -3.368 -7.332 0.000 -2.276
3 15 -7.332 0.000 -2.276 -9.204 0.000 -5.084 -8.424 0.000 -6.644
3 15 -24.492 0.000 2.248 -23.400 0.000 1.780 -22.152 0.000 2.872
3 15 -22.152 0.000 2.872 -22.932 0.000 3.028 -24.492 0.000 2.248
3 15 -23.400 0.000 1.780 -25.584 0.000 1.000 -25.584 0.000 0.220
3 15 -25.584 0.000 0.220 -23.088 0.000 -0.092 -23.400 0.000 1.780
3 15 -9.984 0.000 7.708 -12.324 0.000 8.176 -12.324 0.000 4.432
3 15 -9.984 0.000 8.800 -10.452 0.000 10.672 -12.948 0.000 8.176
3 15 -12.948 0.000 8.176 -12.324 0.000 8.176 -9.984 0.000 8.800
3 15 -16.068 0.000 9.424 -16.536 0.000 9.580 -16.848 0.000 9.580
3 15 -16.848 0.000 9.580 -15.912 0.000 7.864 -16.068 0.000 9.424
3 15 -10.452 0.000 10.672 -9.984 0.000 8.800 -9.984 0.000 10.672
3 15 -22.308 0.000 8.020 -22.776 0.000 8.020 -24.648 0.000 7.084
3 15 -24.648 0.000 7.084 -22.152 0.000 5.992 -22.308 0.000 8.020
3 15 -26.208 0.000 2.716 -26.208 0.000 8.800 -29.328 0.000 9.424
3 15 -29.328 0.000 9.424 -29.016 0.000 1.936 -26.208 0.000 2.716
3 15 -29.172 0.000 -0.092 -29.016 0.000 -0.092 -29.016 0.000 1.936
3 15 -29.016 0.000 1.936 -29.952 0.000 1.000 -29.172 0.000 -0.092
3 15 -24.024 0.000 4.900 -23.556 0.000 5.368 -24.648 0.000 7.084
3 15 -24.648 0.000 7.084 -25.428 0.000 6.304 -24.024 0.000 4.900
3 15 -22.932 0.000 3.028 -25.272 0.000 2.872 -26.208 0.000 2.716
3 15 -26.208 0.000 2.716 -24.492 0.000 2.248 -22.932 0.000 3.028
3 15 -22.464 0.000 -2.276 -24.492 0.000 -3.212 -24.180 0.000 -3.680
3 15 -24.180 0.000 -3.680 -23.244 0.000 -3.680 -22.464 0.000 -2.276
3 15 -18.720 0.000 -1.496 -19.344 0.000 -1.340 -21.840 0.000 -1.964
3 15 -21.840 0.000 -1.964 -20.748 0.000 -3.680 -18.720 0.000 -1.496
3 15 -19.344 0.000 -1.340 -19.500 0.000 4.588 -21.996 0.000 5.836
3 15 -21.996 0.000 5.836 -21.684 0.000 1.468 -19.344 0.000 -1.340
3 15 -19.812 0.000 5.212 -22.308 0.000 8.020 -22.152 0.000 5.992
3 15 -22.152 0.000 5.992 -21.996 0.000 5.836 -19.812 0.000 5.212
3 15 -25.428 0.000 6.304 -24.336 0.000 3.964 -24.024 0.000 3.964
3 15 -24.024 0.000 3.964 -24.024 0.000 4.900 -25.428 0.000 6.304
3 15 -24.648 0.000 7.084 -23.556 0.000 5.368 -22.152 0.000 5.992
3 15 -19.656 0.000 7.240 -18.252 0.000 7.240 -16.848 0.000 9.580
3 15 -16.848 0.000 9.580 -19.656 0.000 7.552 -19.656 0.000 7.240
3 15 -19.500 0.000 4.588 -19.812 0.000 5.212 -21.996 0.000 5.836
3 15 -15.288 0.000 4.276 -14.976 0.000 4.120 -13.104 0.000 5.368
3 15 -13.104 0.000 5.368 -14.976 0.000 4.900 -15.288 0.000 4.276
3 15 -15.912 0.000 7.864 -18.252 0.000 7.240 -18.096 0.000 -1.808
3 15 -18.096 0.000 -1.808 -15.912 0.000 7.084 -15.912 0.000 7.864
3 15 -21.684 0.000 1.468 -21.840 0.000 -1.964 -19.344 0.000 -1.340
3 15 -9.204 0.000 -5.084 -11.544 0.000 -5.240 -11.856 0.000 -6.332
3 15 -11.856 0.000 -6.332 -9.360 0.000 -6.644 -9.204 0.000 -5.084
3 15 -16.380 0.000 -2.588 -15.288 0.000 -1.808 -15.756 0.000 3.340
3 15 -15.756 0.000 3.340 -18.096 0.000 -1.808 -16.380 0.000 -2.588
3 15 -21.528 0.000 -3.524 -20.748 0.000 -3.680 -21.840 0.000 -1.964
3 15 -21.840 0.000 -1.964 -21.996 0.000 -2.744 -21.528 0.000 -3.524
3 15 -21.840 0.000 -1.964 -22.464 0.000 -2.276 -23.244 0.000 -3.680
3 15 -23.244 0.000 -3.680 -21.996 0.000 -2.744 -21.840 0.000 -1.964
3 15 -22.464 0.000 -2.276 -23.088 0.000 -0.092 -25.584 0.000 0.220
3 15 -25.584 0.000 0.220 -24.492 0.000 -3.212 -22.464 0.000 -2.276
3 15 -25.584 0.000 1.000 -23.400 0.000 1.780 -24.492 0.000 2.248
3 15 -24.492 0.000 2.248 -24.648 0.000 2.092 -25.584 0.000 1.000
3 15 -25.272 0.000 2.092 -24.492 0.000 2.248 -26.208 0.000 2.716
3 15 -25.272 0.000 2.092 -26.208 0.000 2.716 -29.016 0.000 1.936
3 15 -29.016 0.000 1.936 -26.208 0.000 1.780 -25.272 0.000 2.092
3 15 -26.676 0.000 -9.296 -29.328 0.000 -8.048 -30.264 0.000 -8.984
3 15 -30.264 0.000 -8.984 -30.264 0.000 -9.296 -26.676 0.000 -9.296
3 15 -26.676 0.000 -9.296 -25.116 0.000 -9.608 -24.960 0.000 -9.296
3 15 -24.960 0.000 -9.296 -25.584 0.000 -8.984 -26.676 0.000 -9.296
3 15 -25.584 0.000 -8.984 -26.052 0.000 -8.048 -29.328 0.000 -8.048
3 15 -29.328 0.000 -8.048 -26.676 0.000 -9.296 -25.584 0.000 -8.984
3 15 -36.660 0.000 -7.580 -36.504 0.000 -7.736 -31.356 0.000 -8.048
3 15 -31.356 0.000 -8.048 -35.724 0.000 -7.112 -36.660 0.000 -7.580
3 15 -26.208 0.000 1.780 -29.016 0.000 -0.092 -29.016 0.000 -6.488
3 15 -29.016 0.000 -6.488 -26.052 0.000 -8.048 -26.208 0.000 1.780
3 15 -26.052 0.000 -8.048 -29.016 0.000 -6.488 -29.328 0.000 -8.048
3 15 -35.100 0.000 -1.652 -35.256 0.000 -0.404 -35.412 0.000 -0.404
3 15 -35.412 0.000 -0.404 -35.568 0.000 -1.340 -35.100 0.000 -1.652
3 15 -36.504 0.000 2.092 -37.752 0.000 1.936 -37.908 0.000 1.156
3 15 -37.908 0.000 1.156 -36.504 0.000 1.780 -36.504 0.000 2.092
3 15 -31.044 0.000 -8.204 -31.044 0.000 -8.048 -31.980 0.000 -7.112
3 15 -31.980 0.000 -7.112 -31.356 0.000 -8.048 -31.044 0.000 -8.204
3 15 -31.356 0.000 -8.048 -31.980 0.000 -7.112 -35.256 0.000 -6.332
3 15 -35.256 0.000 -6.332 -35.724 0.000 -7.112 -31.356 0.000 -8.048
3 15 -31.980 0.000 -7.112 -31.980 0.000 -1.184 -35.100 0.000 -1.652
3 15 -35.100 0.000 -1.652 -35.256 0.000 -6.332 -31.980 0.000 -7.112
3 15 -37.752 0.000 1.936 -38.532 0.000 1.624 -38.532 0.000 1.156
3 15 -38.532 0.000 1.156 -37.908 0.000 1.156 -37.752 0.000 1.936
3 15 -36.192 0.000 8.956 -35.412 0.000 8.176 -31.512 0.000 9.268
3 15 -31.512 0.000 9.268 -36.192 0.000 9.112 -36.192 0.000 8.956
3 15 -35.256 0.000 -0.404 -31.980 0.000 0.220 -32.136 0.000 8.332
3 15 -32.136 0.000 8.332 -35.256 0.000 2.872 -35.256 0.000 -0.404
3 15 -31.824 0.000 0.064 -30.264 0.000 -0.716 -29.172 0.000 -0.092
3 15 -29.172 0.000 -0.092 -29.952 0.000 1.000 -31.824 0.000 0.064
3 15 -37.284 0.000 0.532 -37.440 0.000 -0.248 -35.568 0.000 -1.340
3 15 -35.568 0.000 -1.340 -35.412 0.000 -0.404 -37.284 0.000 0.532
3 15 -38.532 0.000 1.156 -37.440 0.000 -0.248 -37.284 0.000 0.532
3 15 -37.284 0.000 0.532 -37.908 0.000 1.156 -38.532 0.000 1.156
3 15 -35.100 0.000 -1.652 -31.980 0.000 -1.184 -31.980 0.000 0.220
3 15 -31.980 0.000 0.220 -35.256 0.000 -0.404 -35.100 0.000 -1.652
3 15 -35.256 0.000 2.872 -32.136 0.000 8.332 -35.412 0.000 8.176
3 15 -29.796 0.000 10.048 -29.328 0.000 9.424 -26.208 0.000 8.800
3 15 -26.208 0.000 8.800 -25.428 0.000 10.204 -29.796 0.000 10.048
3 15 -32.136 0.000 8.332 -31.512 0.000 9.268 -35.412 0.000 8.176
3 15 -31.824 0.000 0.064 -31.980 0.000 0.220 -31.980 0.000 -1.184
3 15 -30.264 0.000 -0.716 -31.824 0.000 0.064 -31.980 0.000 -1.184
3 15 -26.208 0.000 1.780 -29.016 0.000 1.936 -29.016 0.000 -0.092
3 15 -29.796 0.000 10.048 -25.428 0.000 10.204 -29.952 0.000 10.204
3 15 21.528 0.000 6.616 21.372 0.000 7.084 20.124 0.000 7.084
3 15 20.124 0.000 5.992 17.784 0.000 2.560 17.472 0.000 -1.496
3 15 17.472 0.000 -1.496 20.124 0.000 2.716 20.124 0.000 5.992
3 15 21.060 0.000 -7.112 19.812 0.000 -6.020 18.564 0.000 -6.332
3 15 18.564 0.000 -6.332 20.748 0.000 -7.424 21.060 0.000 -7.112
3 15 20.904 0.000 4.588 21.996 0.000 4.588 24.336 0.000 5.524
3 15 24.336 0.000 5.524 20.904 0.000 4.900 20.904 0.000 4.588
3 15 17.472 0.000 -1.496 17.472 0.000 -5.552 18.564 0.000 -6.332
3 15 18.564 0.000 -6.332 19.812 0.000 -6.020 17.472 0.000 -1.496
3 15 17.472 0.000 -1.496 19.812 0.000 -6.020 20.124 0.000 2.716
3 15 15.600 0.000 6.460 15.756 0.000 6.148 17.628 0.000 5.992
3 15 17.628 0.000 5.992 17.004 0.000 7.240 15.600 0.000 6.460
3 15 20.124 0.000 7.084 20.124 0.000 9.736 19.968 0.000 10.204
3 15 19.968 0.000 10.204 18.876 0.000 8.956 20.124 0.000 7.084
3 15 18.876 0.000 8.956 19.968 0.000 10.204 19.656 0.000 10.204
3 15 -12.948 0.000 5.992 -13.884 0.000 8.332 -14.352 0.000 8.644
3 15 -14.352 0.000 8.644 -15.600 0.000 6.928 -12.948 0.000 5.992
3 15 -13.104 0.000 5.368 -12.948 0.000 5.992 -15.600 0.000 6.928
3 15 -15.600 0.000 6.928 -14.976 0.000 4.900 -13.104 0.000 5.368
3 15 -14.352 0.000 8.644 -15.912 0.000 7.864 -15.912 0.000 7.084
3 15 -15.912 0.000 7.084 -15.600 0.000 6.928 -14.352 0.000 8.644
3 15 -15.756 0.000 3.340 -15.912 0.000 7.084 -18.096 0.000 -1.808
3 15 -14.820 0.000 -2.276 -15.288 0.000 -1.808 -16.380 0.000 -2.588
3 15 -18.876 0.000 -2.276 -18.876 0.000 -2.588 -16.380 0.000 -2.588
3 15 -16.380 0.000 -2.588 -18.096 0.000 -1.808 -18.876 0.000 -2.276
3 15 -18.252 0.000 7.240 -15.912 0.000 7.864 -16.848 0.000 9.580
3 15 27.300 0.000 -6.800 27.300 0.000 -7.112 28.860 0.000 -6.644
3 15 28.860 0.000 -6.644 27.768 0.000 -6.332 27.300 0.000 -6.800
3 15 24.336 0.000 8.176 23.400 0.000 8.176 22.308 0.000 6.460
3 15 22.308 0.000 6.460 24.336 0.000 5.524 24.336 0.000 8.176
3 15 21.996 0.000 4.588 21.996 0.000 -6.332 22.464 0.000 -6.800
3 15 22.464 0.000 -6.800 24.492 0.000 -3.992 21.996 0.000 4.588
3 15 24.024 0.000 -7.580 26.520 0.000 -8.516 27.144 0.000 -8.516
3 15 27.144 0.000 -8.516 26.208 0.000 -7.736 24.024 0.000 -7.580
3 15 26.208 0.000 5.524 24.492 0.000 4.588 26.052 0.000 4.744
3 15 28.392 0.000 2.248 25.896 0.000 2.560 25.896 0.000 -2.432
3 15 25.896 0.000 -2.432 28.392 0.000 1.468 28.392 0.000 2.248
3 15 22.464 0.000 -6.800 24.024 0.000 -7.580 26.208 0.000 -7.736
3 15 26.208 0.000 -7.736 24.648 0.000 -6.956 22.464 0.000 -6.800
3 15 32.448 0.000 5.056 32.760 0.000 4.432 35.256 0.000 4.744
3 15 35.256 0.000 4.744 35.256 0.000 5.992 32.448 0.000 5.056
3 15 27.144 0.000 -8.516 26.520 0.000 -7.736 26.208 0.000 -7.736
3 15 27.768 0.000 -6.332 25.428 0.000 -6.488 27.300 0.000 -6.800
3 15 28.860 0.000 -6.488 27.768 0.000 -6.332 28.860 0.000 -6.644
3 15 26.832 0.000 -3.680 28.236 0.000 -4.772 29.484 0.000 -4.304
3 15 29.484 0.000 -4.304 28.860 0.000 -3.992 26.832 0.000 -3.680
3 15 28.860 0.000 -6.644 27.300 0.000 -7.112 26.520 0.000 -7.736
3 15 26.520 0.000 -7.736 27.144 0.000 -8.516 28.860 0.000 -6.644
3 15 35.568 0.000 -5.084 34.164 0.000 -6.176 36.036 0.000 -6.644
3 15 36.036 0.000 -6.644 36.348 0.000 -5.864 35.568 0.000 -5.084
3 15 22.464 0.000 -6.800 24.648 0.000 -6.956 24.492 0.000 -3.992
3 15 24.492 0.000 4.588 21.996 0.000 4.588 24.492 0.000 -3.992
3 15 24.336 0.000 5.524 22.308 0.000 6.460 20.904 0.000 4.900
3 15 24.336 0.000 8.176 24.180 0.000 9.268 23.868 0.000 9.268
3 15 23.868 0.000 9.268 23.400 0.000 8.176 24.336 0.000 8.176
3 15 38.688 0.000 4.588 36.504 0.000 2.716 36.348 0.000 1.780
3 15 36.348 0.000 1.780 38.688 0.000 3.652 38.688 0.000 4.588
3 15 36.972 0.000 6.928 35.880 0.000 5.056 38.688 0.000 4.588
3 15 38.688 0.000 4.588 37.284 0.000 6.928 36.972 0.000 6.928
3 15 36.504 0.000 2.716 36.036 0.000 2.092 36.036 0.000 1.780
3 15 36.036 0.000 1.780 36.348 0.000 1.780 36.504 0.000 2.716
3 15 31.980 0.000 -5.240 31.512 0.000 -5.708 34.164 0.000 -6.176
3 15 34.164 0.000 -6.176 32.292 0.000 -5.240 31.980 0.000 -5.240
3 15 35.568 0.000 5.992 35.256 0.000 5.992 35.256 0.000 4.744
3 15 35.256 0.000 4.744 35.880 0.000 5.056 35.568 0.000 5.992
3 15 38.688 0.000 4.588 35.880 0.000 5.056 36.504 0.000 2.716
3 15 36.972 0.000 6.928 35.568 0.000 5.992 35.880 0.000 5.056
3 15 32.760 0.000 4.432 32.916 0.000 -4.148 35.568 0.000 -5.084
3 15 35.568 0.000 -5.084 35.412 0.000 1.936 32.760 0.000 4.432
3 15 38.220 0.000 -6.332 36.348 0.000 -5.864 36.036 0.000 -6.644
3 15 36.036 0.000 -6.644 38.220 0.000 -6.644 38.220 0.000 -6.332
3 15 28.236 0.000 -4.772 29.796 0.000 -4.928 29.640 0.000 -4.304
3 15 29.640 0.000 -4.304 29.484 0.000 -4.304 28.236 0.000 -4.772
3 15 32.292 0.000 -5.240 34.164 0.000 -6.176 35.568 0.000 -5.084
3 15 35.568 0.000 -5.084 32.916 0.000 -4.148 32.292 0.000 -5.240
3 15 30.264 0.000 2.248 31.356 0.000 0.844 31.668 0.000 0.844
3 15 31.668 0.000 0.844 32.448 0.000 1.936 30.264 0.000 2.248
3 15 35.256 0.000 4.744 32.760 0.000 4.432 35.412 0.000 1.936
3 15 32.136 0.000 4.588 32.760 0.000 4.432 32.448 0.000 5.056
3 15 28.704 0.000 5.368 29.016 0.000 5.212 31.512 0.000 5.056
3 15 31.512 0.000 5.056 29.328 0.000 6.148 28.704 0.000 5.368
3 15 32.448 0.000 5.056 35.256 0.000 5.992 35.256 0.000 7.240
3 15 35.256 0.000 7.240 34.788 0.000 7.240 32.448 0.000 5.056
3 15 31.356 0.000 0.844 30.108 0.000 2.092 28.392 0.000 2.248
3 15 28.392 0.000 2.248 29.172 0.000 1.468 31.356 0.000 0.844
3 15 30.108 0.000 -3.056 29.640 0.000 -4.304 29.796 0.000 -4.928
3 15 29.796 0.000 -4.928 31.512 0.000 -2.588 30.108 0.000 -3.056
3 15 32.448 0.000 1.936 32.448 0.000 2.560 31.512 0.000 5.056
3 15 31.512 0.000 5.056 30.264 0.000 2.248 32.448 0.000 1.936
3 15 25.896 0.000 -2.432 26.832 0.000 -3.680 28.860 0.000 -3.992
3 15 28.860 0.000 -3.992 28.392 0.000 -2.744 25.896 0.000 -2.432
3 15 30.420 0.000 -1.340 30.108 0.000 -3.056 31.512 0.000 -2.588
3 15 31.512 0.000 -2.588 30.732 0.000 -1.340 30.420 0.000 -1.340
3 15 28.392 0.000 1.468 25.896 0.000 -2.432 28.392 0.000 -2.744
3 15 25.896 0.000 2.560 28.392 0.000 2.248 28.548 0.000 4.900
3 15 28.548 0.000 4.900 26.208 0.000 4.120 25.896 0.000 2.560
3 15 28.704 0.000 5.368 29.328 0.000 6.148 28.548 0.000 6.148
3 15 29.016 0.000 5.212 30.264 0.000 2.248 31.512 0.000 5.056
3 15 30.108 0.000 2.092 31.356 0.000 0.844 30.264 0.000 2.248
3 15 28.392 0.000 2.248 28.392 0.000 1.468 29.172 0.000 1.468
3 15 26.208 0.000 4.120 28.548 0.000 4.900 28.704 0.000 5.368
3 15 28.704 0.000 5.368 28.548 0.000 6.148 26.208 0.000 4.120
3 15 -12.168 0.000 -3.680 -12.168 0.000 -3.368 -14.040 0.000 -3.212
3 15 -14.040 0.000 -3.212 -13.728 0.000 -3.992 -12.168 0.000 -3.680
3 15 -15.444 0.000 -5.084 -13.884 0.000 -4.772 -13.728 0.000 -3.992
3 15 -13.728 0.000 -3.992 -15.444 0.000 -4.616 -15.444 0.000 -5.084
3 15 -15.444 0.000 -4.616 -13.728 0.000 -3.992 -14.040 0.000 -3.212
3 15 -15.444 0.000 -5.084 -13.884 0.000 -5.708 -13.572 0.000 -5.084
3 15 -13.572 0.000 -5.084 -13.884 0.000 -4.772 -15.444 0.000 -5.084
3 15 -9.204 0.000 -5.084 -9.360 0.000 -6.644 -8.424 0.000 -6.644
3 15 -6.240 0.000 -3.368 -5.148 0.000 -1.496 -5.616 0.000 0.532
3 15 -5.616 0.000 0.532 -7.332 0.000 -2.276 -6.240 0.000 -3.368
3 15 -9.204 0.000 3.652 -9.672 0.000 4.276 -9.828 0.000 4.120
3 15 -4.212 0.000 5.056 -3.588 0.000 4.744 -1.872 0.000 5.056
3 15 -1.872 0.000 5.056 -4.212 0.000 5.212 -4.212 0.000 5.056
3 15 -7.332 0.000 -2.276 -5.616 0.000 0.532 -5.772 0.000 0.688
3 15 -5.148 0.000 -1.496 -2.496 0.000 3.340 -4.056 0.000 3.496
3 15 -4.056 0.000 3.496 -5.616 0.000 0.532 -5.148 0.000 -1.496
3 15 13.728 0.000 2.404 12.948 0.000 3.340 12.324 0.000 3.028
3 15 12.324 0.000 3.028 12.792 0.000 2.560 13.728 0.000 2.404
3 15 13.260 0.000 4.588 12.792 0.000 5.368 10.296 0.000 3.808
3 15 10.296 0.000 3.808 12.012 0.000 3.652 13.260 0.000 4.588
3 15 12.792 0.000 5.368 13.260 0.000 4.588 13.572 0.000 5.524
3 15 6.240 0.000 2.872 7.644 0.000 1.780 6.240 0.000 3.184
3 15 8.892 0.000 3.028 6.240 0.000 4.120 6.240 0.000 3.184
3 15 5.772 0.000 1.156 7.644 0.000 1.780 6.240 0.000 2.872
3 15 6.240 0.000 2.872 5.616 0.000 2.248 5.772 0.000 1.156
3 15 5.616 0.000 2.248 4.680 0.000 3.184 4.212 0.000 3.184
3 15 13.572 0.000 3.964 12.948 0.000 3.340 13.728 0.000 2.404
3 15 16.380 0.000 -3.524 16.536 0.000 -0.248 14.040 0.000 0.844
3 15 14.040 0.000 0.844 14.040 0.000 -3.212 16.380 0.000 -3.524
3 15 12.948 0.000 -4.772 13.572 0.000 -5.552 15.756 0.000 -4.460
3 15 15.756 0.000 -4.460 13.884 0.000 -4.304 12.948 0.000 -4.772
3 15 12.324 0.000 -4.148 12.480 0.000 -5.552 13.572 0.000 -5.552
3 15 13.572 0.000 -5.552 12.948 0.000 -4.772 12.324 0.000 -4.148
3 15 10.140 0.000 -3.680 12.012 0.000 -1.496 9.672 0.000 -2.744
3 15 9.672 0.000 2.248 12.012 0.000 2.248 12.792 0.000 2.560
3 15 12.792 0.000 2.560 12.012 0.000 2.872 9.672 0.000 2.248
3 15 12.792 0.000 2.560 12.324 0.000 3.028 12.012 0.000 2.872
1 16 0.0000 0.0000 0.0000 1.0000 0.0000 0.0000 0.0000 1.0000 0.0000 0.0000 0.0000 1.0000 s/87079s01.dat
