0 FILE 87079pt6.dat
0 Tile 2 x 4 with Black 'P51AK3' and 'NEW YORK' Pattern
0 Name:  87079pt6.dat
0 Author:  
0 BL_Item_No 87079pb0900
0 BFC CERTIFY CCW
3 16 37.000 0.000 -6.800 25.900 0.000 1.150 25.900 0.000 -1.250
3 16 37.000 0.000 15.900 25.900 0.000 1.150 37.000 0.000 -6.800
3 16 -19.010 0.000 5.750 -16.850 0.000 5.480 -19.010 0.000 8.150
3 16 -19.010 0.000 5.750 -23.900 0.000 -0.750 -16.850 0.000 5.480
3 16 -19.010 0.000 8.150 -16.850 0.000 5.480 -16.850 0.000 12.630
3 16 21.400 0.000 -1.250 22.300 0.000 -6.800 23.500 0.000 -1.250
3 16 22.710 0.000 5.430 23.500 0.000 5.020 22.960 0.000 5.380
3 16 -16.850 0.000 12.630 -19.020 0.000 10.730 -19.010 0.000 8.150
3 16 22.130 0.000 5.440 21.000 0.000 1.550 22.200 0.000 0.350
3 16 -23.900 0.000 -0.750 -19.010 0.000 5.750 -21.410 0.000 5.750
3 16 -10.100 0.000 8.400 -10.360 0.000 11.530 -13.100 0.000 8.400
3 16 36.000 0.000 16.900 25.900 0.000 10.660 25.900 0.000 9.000
3 16 -10.100 0.000 1.150 -4.820 0.000 -1.250 -10.100 0.000 5.600
3 16 -10.100 0.000 -1.250 -4.820 0.000 -1.250 -10.100 0.000 1.150
3 16 5.300 0.000 -12.650 2.730 0.000 -11.140 2.730 0.000 -13.500
3 16 5.300 0.000 -12.650 2.730 0.000 -13.500 5.300 0.000 -13.650
3 16 14.310 0.000 -10.280 14.460 0.000 -10.340 14.630 0.000 -10.280
3 16 19.000 0.000 10.660 16.820 0.000 12.630 14.030 0.000 7.790
3 16 14.000 0.000 7.680 19.000 0.000 10.660 14.030 0.000 7.790
3 16 25.640 0.000 7.400 25.360 0.000 5.620 25.720 0.000 4.890
3 16 14.830 0.000 -11.820 14.650 0.000 -11.790 14.430 0.000 -11.910
3 16 -15.500 0.000 -11.090 -15.140 0.000 -11.090 -15.220 0.000 -10.990
3 16 -9.350 0.000 -9.100 -11.300 0.000 -10.680 -10.210 0.000 -10.680
3 16 -37.000 0.000 15.900 -25.900 0.000 -0.750 -36.000 0.000 16.900
3 16 0.480 0.000 -8.550 -2.810 0.000 -8.550 2.030 0.000 -11.140
3 16 2.030 0.000 -11.140 -2.810 0.000 -8.550 -3.790 0.000 -13.500
3 16 2.030 0.000 -11.140 -3.790 0.000 -13.500 2.030 0.000 -13.500
3 16 2.030 0.000 -13.500 -3.790 0.000 -13.500 -3.790 0.000 -13.650
3 16 2.030 0.000 -13.500 -3.790 0.000 -13.650 2.030 0.000 -13.650
3 16 -8.320 0.000 -8.400 -9.200 0.000 -8.400 -9.200 0.000 -8.750
3 16 -7.260 0.000 -13.500 -9.200 0.000 -12.950 -9.200 0.000 -13.300
3 16 -9.200 0.000 -9.100 -10.060 0.000 -10.680 -10.060 0.000 -11.030
3 16 8.200 0.000 -13.650 9.300 0.000 -13.500 9.300 0.000 -8.600
3 16 8.200 0.000 -13.650 9.300 0.000 -13.650 9.300 0.000 -13.500
3 16 8.200 0.000 -9.400 8.200 0.000 -12.650 9.300 0.000 -8.400
3 16 9.300 0.000 -8.400 8.200 0.000 -8.400 8.200 0.000 -9.400
3 16 -11.300 0.000 -9.100 -11.300 0.000 -10.680 -9.350 0.000 -9.100
3 16 2.730 0.000 -13.500 2.730 0.000 -13.650 5.300 0.000 -13.650
3 16 10.710 0.000 -11.660 10.650 0.000 -11.630 10.750 0.000 -11.720
3 16 12.210 0.000 -11.500 11.716 0.000 -11.439 12.100 0.000 -13.500
3 16 12.210 0.000 -11.500 12.100 0.000 -13.500 13.540 0.000 -13.500
3 16 13.540 0.000 -13.500 12.100 0.000 -13.500 13.540 0.000 -13.650
3 16 13.540 0.000 -13.650 12.100 0.000 -13.500 12.150 0.000 -13.650
3 16 12.210 0.000 -10.700 12.210 0.000 -11.500 13.540 0.000 -13.500
3 16 12.210 0.000 -10.700 13.540 0.000 -13.500 13.540 0.000 -8.550
3 16 12.210 0.000 -10.700 13.540 0.000 -8.550 12.210 0.000 -9.400
3 16 12.210 0.000 -9.400 13.540 0.000 -8.550 12.210 0.000 -8.400
3 16 14.240 0.000 -8.400 14.240 0.000 -8.550 15.810 0.000 -8.550
3 16 15.250 0.000 -10.660 22.300 0.000 -6.800 16.510 0.000 -8.550
3 16 16.610 0.000 -8.400 16.510 0.000 -8.550 22.300 0.000 -6.800
3 16 15.810 0.000 -13.650 14.240 0.000 -13.650 7.340 0.000 -16.900
3 16 13.890 0.000 -13.650 13.540 0.000 -13.650 7.340 0.000 -16.900
3 16 7.340 0.000 -16.900 14.240 0.000 -13.650 13.890 0.000 -13.650
3 16 7.340 0.000 -16.900 13.540 0.000 -13.650 12.150 0.000 -13.650
3 16 11.800 0.000 -13.650 11.450 0.000 -13.650 7.340 0.000 -16.900
3 16 7.340 0.000 -16.900 12.150 0.000 -13.650 11.800 0.000 -13.650
3 16 11.450 0.000 -13.650 10.000 0.000 -13.650 7.340 0.000 -16.900
3 16 9.650 0.000 -13.650 9.300 0.000 -13.650 7.340 0.000 -16.900
3 16 7.340 0.000 -16.900 10.000 0.000 -13.650 9.650 0.000 -13.650
3 16 7.200 0.000 -13.650 6.300 0.000 -13.650 7.340 0.000 -16.900
3 16 9.300 0.000 -13.650 8.200 0.000 -13.650 7.340 0.000 -16.900
3 16 8.200 0.000 -13.650 7.200 0.000 -13.650 7.340 0.000 -16.900
3 16 6.300 0.000 -13.650 5.300 0.000 -13.650 7.340 0.000 -16.900
3 16 5.300 0.000 -13.650 2.730 0.000 -13.650 7.340 0.000 -16.900
3 16 2.380 0.000 -13.650 2.030 0.000 -13.650 7.340 0.000 -16.900
3 16 7.340 0.000 -16.900 2.730 0.000 -13.650 2.380 0.000 -13.650
3 16 -12.000 0.000 -13.650 -12.200 0.000 -13.650 -11.000 0.000 -16.900
3 16 -9.350 0.000 -13.650 -12.000 0.000 -13.650 -11.000 0.000 -16.900
3 16 -11.000 0.000 -16.900 -9.200 0.000 -13.650 -9.350 0.000 -13.650
3 16 -15.910 0.000 -13.650 -16.260 0.000 -13.650 -11.000 0.000 -16.900
3 16 -15.560 0.000 -13.650 -15.910 0.000 -13.650 -11.000 0.000 -16.900
3 16 -14.060 0.000 -13.650 -15.560 0.000 -13.650 -11.000 0.000 -16.900
3 16 -13.710 0.000 -13.650 -14.060 0.000 -13.650 -11.000 0.000 -16.900
3 16 -11.000 0.000 -16.900 -13.360 0.000 -13.650 -13.710 0.000 -13.650
3 16 -12.200 0.000 -13.650 -13.360 0.000 -13.650 -11.000 0.000 -16.900
3 16 -6.910 0.000 -13.650 -7.260 0.000 -13.650 7.340 0.000 -16.900
3 16 -6.560 0.000 -13.650 -6.910 0.000 -13.650 7.340 0.000 -16.900
3 16 -4.490 0.000 -13.650 -6.560 0.000 -13.650 7.340 0.000 -16.900
3 16 -4.140 0.000 -13.650 -4.490 0.000 -13.650 7.340 0.000 -16.900
3 16 -3.790 0.000 -13.650 -4.140 0.000 -13.650 7.340 0.000 -16.900
3 16 7.340 0.000 -16.900 2.030 0.000 -13.650 -3.790 0.000 -13.650
3 16 22.200 0.000 0.350 22.900 0.000 0.350 24.100 0.000 1.550
3 16 37.000 0.000 -7.800 23.300 0.000 -7.800 23.300 0.000 -16.900
3 16 37.000 0.000 -7.800 23.300 0.000 -16.900 37.000 0.000 -15.900
3 16 37.000 0.000 -15.900 23.300 0.000 -16.900 36.000 0.000 -16.900
3 16 -19.020 0.000 13.130 -19.020 0.000 10.730 -16.850 0.000 12.630
3 16 -25.900 0.000 13.130 -24.900 0.000 13.130 -36.000 0.000 16.900
3 16 -24.900 0.000 13.130 -21.420 0.000 13.130 -36.000 0.000 16.900
3 16 -25.900 0.000 12.630 -25.900 0.000 13.130 -36.000 0.000 16.900
3 16 -25.900 0.000 -1.250 -25.900 0.000 -0.750 -36.000 0.000 -16.900
3 16 -24.900 0.000 -1.250 -25.900 0.000 -1.250 -21.500 0.000 -13.600
3 16 -21.500 0.000 -13.600 -23.900 0.000 -1.250 -24.900 0.000 -1.250
3 16 -16.850 0.000 12.630 -16.850 0.000 13.130 -19.020 0.000 13.130
3 16 -15.020 0.000 8.730 -13.460 0.000 8.400 -15.020 0.000 11.040
3 16 -15.020 0.000 11.040 -13.460 0.000 8.400 -14.520 0.000 11.540
3 16 -9.960 0.000 11.530 -10.360 0.000 11.530 -10.100 0.000 8.400
3 16 -4.562 0.000 13.013 -4.650 0.000 13.130 -5.130 0.000 12.630
3 16 -5.130 0.000 12.630 -4.650 0.000 13.130 -6.100 0.000 12.350
3 16 -6.100 0.000 12.350 -4.650 0.000 13.130 -6.500 0.000 12.350
3 16 -6.500 0.000 12.350 -4.650 0.000 13.130 -9.960 0.000 13.130
3 16 -15.020 0.000 8.730 -14.520 0.000 8.230 -14.200 0.000 8.270
3 16 -15.020 0.000 8.730 -14.200 0.000 8.270 -13.850 0.000 8.360
3 16 -15.020 0.000 8.730 -13.850 0.000 8.360 -13.460 0.000 8.400
3 16 -15.050 0.000 5.480 -15.050 0.000 5.230 -11.770 0.000 5.620
3 16 -15.050 0.000 5.480 -11.770 0.000 5.620 -13.450 0.000 6.840
3 16 -13.450 0.000 6.840 -11.770 0.000 5.620 -13.170 0.000 6.820
3 16 -9.960 0.000 11.530 -10.100 0.000 8.400 -6.500 0.000 10.750
3 16 -5.320 0.000 10.850 -6.100 0.000 10.750 -4.820 0.000 10.350
3 16 -6.100 0.000 10.750 -6.500 0.000 10.750 -10.100 0.000 8.400
3 16 -6.100 0.000 10.750 -10.100 0.000 8.400 -4.820 0.000 10.350
3 16 -4.820 0.000 10.350 -10.100 0.000 8.400 -10.100 0.000 5.600
3 16 -4.820 0.000 10.350 -10.100 0.000 5.600 -4.820 0.000 -0.750
3 16 -4.820 0.000 -0.750 -10.100 0.000 5.600 -4.820 0.000 -1.250
3 16 21.000 0.000 2.050 21.000 0.000 1.550 22.130 0.000 5.440
3 16 20.000 0.000 2.050 21.000 0.000 2.050 22.130 0.000 5.440
3 16 19.000 0.000 2.050 20.000 0.000 2.050 22.130 0.000 5.440
3 16 22.560 0.000 11.340 22.200 0.000 11.300 22.900 0.000 11.300
3 16 24.100 0.000 10.100 22.900 0.000 11.300 24.100 0.000 8.500
3 16 24.100 0.000 8.500 22.900 0.000 11.300 22.200 0.000 11.300
3 16 24.100 0.000 8.500 22.200 0.000 11.300 21.000 0.000 10.100
3 16 24.100 0.000 8.500 21.000 0.000 10.100 21.000 0.000 9.600
3 16 24.100 0.000 8.500 21.000 0.000 9.600 23.890 0.000 7.940
3 16 23.890 0.000 7.940 21.000 0.000 9.600 23.500 0.000 7.480
3 16 23.500 0.000 7.480 21.000 0.000 9.600 22.960 0.000 7.130
3 16 22.960 0.000 7.130 21.000 0.000 9.600 22.750 0.000 7.080
3 16 22.750 0.000 7.080 21.000 0.000 9.600 22.530 0.000 7.040
3 16 22.530 0.000 7.040 21.000 0.000 9.600 22.130 0.000 7.040
3 16 21.000 0.000 9.600 20.000 0.000 9.600 22.130 0.000 7.040
3 16 22.130 0.000 7.040 20.000 0.000 9.600 22.130 0.000 6.240
3 16 22.130 0.000 6.240 20.000 0.000 9.600 19.000 0.000 9.600
3 16 22.130 0.000 6.240 19.000 0.000 9.600 22.130 0.000 5.440
3 16 22.130 0.000 5.440 19.000 0.000 9.600 19.000 0.000 2.050
3 16 19.000 0.000 10.100 19.000 0.000 10.660 14.000 0.000 7.680
3 16 19.000 0.000 10.100 14.000 0.000 7.680 19.000 0.000 9.600
3 16 19.000 0.000 9.600 14.000 0.000 7.680 19.000 0.000 2.050
3 16 16.820 0.000 12.630 19.000 0.000 10.660 17.020 0.000 13.130
3 16 17.020 0.000 13.130 19.000 0.000 10.660 19.000 0.000 13.060
3 16 12.010 0.000 9.100 12.100 0.000 9.000 12.250 0.000 9.010
3 16 12.250 0.000 9.010 12.400 0.000 9.100 12.010 0.000 9.100
3 16 12.010 0.000 9.100 12.400 0.000 9.100 12.510 0.000 9.260
3 16 12.040 0.000 13.130 12.040 0.000 12.630 14.620 0.000 13.130
3 16 14.620 0.000 13.130 12.040 0.000 12.630 14.420 0.000 12.630
3 16 14.420 0.000 12.630 12.040 0.000 12.630 12.510 0.000 9.260
3 16 12.510 0.000 9.260 12.040 0.000 12.630 12.010 0.000 9.100
3 16 21.400 0.000 -1.250 19.000 0.000 -1.250 22.300 0.000 -6.800
3 16 16.610 0.000 -8.400 22.300 0.000 -6.800 19.000 0.000 -1.250
3 16 16.610 0.000 -8.400 19.000 0.000 -1.250 17.210 0.000 -1.250
3 16 21.500 0.000 -14.600 21.500 0.000 -15.600 22.300 0.000 -16.900
3 16 21.500 0.000 -15.600 20.500 0.000 -15.600 22.300 0.000 -16.900
3 16 20.500 0.000 -15.600 19.500 0.000 -15.600 22.300 0.000 -16.900
3 16 22.300 0.000 -16.900 19.500 0.000 -15.600 7.340 0.000 -16.900
3 16 16.440 0.000 -13.500 16.510 0.000 -13.650 19.500 0.000 -13.600
3 16 19.500 0.000 -13.600 16.510 0.000 -13.650 19.500 0.000 -14.600
3 16 19.500 0.000 -14.600 16.510 0.000 -13.650 19.500 0.000 -15.600
3 16 16.510 0.000 -13.650 16.160 0.000 -13.650 19.500 0.000 -15.600
3 16 16.160 0.000 -13.650 15.810 0.000 -13.650 19.500 0.000 -15.600
3 16 19.500 0.000 -15.600 15.810 0.000 -13.650 7.340 0.000 -16.900
3 16 19.500 0.000 -13.600 15.240 0.000 -10.770 16.440 0.000 -13.500
3 16 20.500 0.000 -13.600 21.500 0.000 -13.600 22.300 0.000 -6.800
3 16 -25.900 0.000 -0.750 -25.900 0.000 12.630 -36.000 0.000 16.900
3 16 -36.000 0.000 16.900 -21.420 0.000 13.130 -19.020 0.000 13.130
3 16 -19.020 0.000 13.130 -16.850 0.000 13.130 -36.000 0.000 16.900
3 16 -9.960 0.000 13.130 -4.650 0.000 13.130 -7.000 0.000 16.900
3 16 -10.360 0.000 13.130 -9.960 0.000 13.130 -7.000 0.000 16.900
3 16 -7.000 0.000 16.900 -16.350 0.000 13.130 -10.360 0.000 13.130
3 16 -7.000 0.000 16.900 3.140 0.000 13.130 4.440 0.000 13.130
3 16 -7.000 0.000 16.900 -3.670 0.000 13.130 -2.770 0.000 13.130
3 16 -7.000 0.000 16.900 -4.350 0.000 13.130 -3.670 0.000 13.130
3 16 -7.000 0.000 16.900 -4.650 0.000 13.130 -4.350 0.000 13.130
3 16 3.140 0.000 12.630 -2.770 0.000 13.130 -2.770 0.000 12.880
3 16 3.140 0.000 12.630 -2.770 0.000 12.880 -2.820 0.000 -0.750
3 16 3.140 0.000 12.630 -2.820 0.000 -0.750 0.810 0.000 -0.750
3 16 -2.820 0.000 -0.750 -2.820 0.000 -1.250 0.810 0.000 -0.750
3 16 25.900 0.000 13.060 25.900 0.000 10.660 36.000 0.000 16.900
3 16 22.500 0.000 13.130 23.500 0.000 13.060 36.000 0.000 16.900
3 16 23.500 0.000 13.060 25.900 0.000 13.060 36.000 0.000 16.900
3 16 15.820 0.000 13.130 17.020 0.000 13.130 15.000 0.000 16.900
3 16 15.000 0.000 16.900 14.620 0.000 13.130 15.820 0.000 13.130
3 16 15.000 0.000 16.900 17.020 0.000 13.130 19.000 0.000 13.060
3 16 15.000 0.000 16.900 19.000 0.000 13.060 21.400 0.000 13.060
3 16 22.500 0.000 13.130 15.000 0.000 16.900 21.400 0.000 13.060
3 16 22.500 0.000 13.130 36.000 0.000 16.900 15.000 0.000 16.900
3 16 12.040 0.000 13.130 14.620 0.000 13.130 15.000 0.000 16.900
3 16 5.740 0.000 13.130 10.040 0.000 13.130 15.000 0.000 16.900
3 16 11.040 0.000 13.130 12.040 0.000 13.130 15.000 0.000 16.900
3 16 15.000 0.000 16.900 10.040 0.000 13.130 11.040 0.000 13.130
3 16 10.040 0.000 13.130 5.740 0.000 13.130 5.740 0.000 12.630
3 16 10.040 0.000 13.130 5.740 0.000 12.630 10.040 0.000 12.630
3 16 10.040 0.000 12.630 5.740 0.000 12.630 8.060 0.000 -0.750
3 16 10.040 0.000 12.630 8.060 0.000 -0.750 10.040 0.000 -0.750
3 16 0.710 0.000 -1.250 0.810 0.000 -0.750 -2.820 0.000 -1.250
3 16 -16.850 0.000 5.230 -16.850 0.000 5.480 -23.900 0.000 -0.750
3 16 -16.850 0.000 5.230 -23.900 0.000 -0.750 -17.000 0.000 1.950
3 16 -16.800 0.000 0.950 -17.000 0.000 1.950 -23.900 0.000 -0.750
3 16 -16.800 0.000 0.950 -23.900 0.000 -0.750 -16.800 0.000 -1.250
3 16 -16.800 0.000 -1.250 -23.900 0.000 -0.750 -23.900 0.000 -1.250
3 16 -16.800 0.000 -1.250 -23.900 0.000 -1.250 -16.260 0.000 -8.400
3 16 -13.300 0.000 -1.250 -5.590 0.000 -8.400 -5.240 0.000 -8.400
3 16 -13.300 0.000 -1.250 -5.940 0.000 -8.400 -5.590 0.000 -8.400
3 16 -13.300 0.000 -1.250 -7.620 0.000 -8.400 -5.940 0.000 -8.400
3 16 -13.300 0.000 -1.250 -7.970 0.000 -8.400 -7.620 0.000 -8.400
3 16 -13.300 0.000 -1.250 -8.320 0.000 -8.400 -7.970 0.000 -8.400
3 16 -13.300 0.000 -1.250 -9.200 0.000 -8.400 -8.320 0.000 -8.400
3 16 -13.300 0.000 -1.250 -9.350 0.000 -8.400 -9.200 0.000 -8.400
3 16 -13.300 0.000 -1.250 -12.000 0.000 -8.400 -9.350 0.000 -8.400
3 16 -13.300 0.000 -1.250 -12.200 0.000 -8.400 -12.000 0.000 -8.400
3 16 -13.300 0.000 -1.250 -13.360 0.000 -8.400 -12.200 0.000 -8.400
3 16 -13.300 0.000 -1.250 -13.710 0.000 -8.400 -13.360 0.000 -8.400
3 16 -13.300 0.000 -1.250 -14.060 0.000 -8.400 -13.710 0.000 -8.400
3 16 -13.300 0.000 -1.250 -15.560 0.000 -8.400 -14.060 0.000 -8.400
3 16 -13.300 0.000 -1.250 -15.910 0.000 -8.400 -15.560 0.000 -8.400
3 16 5.560 0.000 -1.250 15.910 0.000 -8.400 16.260 0.000 -8.400
3 16 5.560 0.000 -1.250 13.890 0.000 -8.400 14.240 0.000 -8.400
3 16 5.560 0.000 -1.250 13.540 0.000 -8.400 13.890 0.000 -8.400
3 16 5.560 0.000 -1.250 11.210 0.000 -8.400 12.210 0.000 -8.400
3 16 5.560 0.000 -1.250 9.500 0.000 -8.400 11.210 0.000 -8.400
3 16 5.560 0.000 -1.250 9.300 0.000 -8.400 9.500 0.000 -8.400
3 16 5.560 0.000 -1.250 8.200 0.000 -8.400 9.300 0.000 -8.400
3 16 5.560 0.000 -1.250 7.200 0.000 -8.400 8.200 0.000 -8.400
3 16 8.160 0.000 -1.250 6.860 0.000 -1.250 16.610 0.000 -8.400
3 16 10.040 0.000 -1.250 8.160 0.000 -1.250 16.610 0.000 -8.400
3 16 11.040 0.000 -1.250 10.040 0.000 -1.250 16.610 0.000 -8.400
3 16 12.040 0.000 -1.250 11.040 0.000 -1.250 16.610 0.000 -8.400
3 16 15.210 0.000 -1.250 12.040 0.000 -1.250 16.610 0.000 -8.400
3 16 16.210 0.000 -1.250 15.210 0.000 -1.250 16.610 0.000 -8.400
3 16 16.610 0.000 -8.400 17.210 0.000 -1.250 16.210 0.000 -1.250
3 16 -10.100 0.000 -1.250 -3.160 0.000 -8.400 -2.810 0.000 -8.400
3 16 -10.100 0.000 -1.250 -3.510 0.000 -8.400 -3.160 0.000 -8.400
3 16 -3.820 0.000 -1.250 -4.820 0.000 -1.250 0.380 0.000 -8.400
3 16 -2.820 0.000 -1.250 -3.820 0.000 -1.250 0.380 0.000 -8.400
3 16 0.710 0.000 -1.250 4.070 0.000 -8.400 4.420 0.000 -8.400
3 16 0.710 0.000 -1.250 3.720 0.000 -8.400 4.070 0.000 -8.400
3 16 1.080 0.000 -8.400 3.720 0.000 -8.400 0.710 0.000 -1.250
3 16 0.710 0.000 -1.250 0.730 0.000 -8.400 1.080 0.000 -8.400
3 16 -16.260 0.000 -13.650 -16.260 0.000 -13.500 -19.500 0.000 -13.600
3 16 -19.500 0.000 -13.600 -19.500 0.000 -14.600 -16.260 0.000 -13.650
3 16 -16.260 0.000 -13.650 -19.500 0.000 -14.600 -19.500 0.000 -15.600
3 16 -16.260 0.000 -13.650 -19.500 0.000 -15.600 -11.000 0.000 -16.900
3 16 -19.500 0.000 -15.600 -20.500 0.000 -15.600 -11.000 0.000 -16.900
3 16 -20.500 0.000 -15.600 -21.500 0.000 -15.600 -11.000 0.000 -16.900
3 16 -11.000 0.000 -16.900 -21.500 0.000 -15.600 -36.000 0.000 -16.900
3 16 -36.000 0.000 -16.900 -21.500 0.000 -15.600 -21.500 0.000 -14.600
3 16 -16.260 0.000 -8.550 -16.260 0.000 -8.400 -19.500 0.000 -13.600
3 16 -16.260 0.000 -8.550 -19.500 0.000 -13.600 -16.260 0.000 -13.500
3 16 -19.500 0.000 -13.600 -16.260 0.000 -8.400 -20.500 0.000 -13.600
3 16 -20.500 0.000 -13.600 -16.260 0.000 -8.400 -21.500 0.000 -13.600
3 16 -21.500 0.000 -13.600 -16.260 0.000 -8.400 -23.900 0.000 -1.250
3 16 -14.800 0.000 0.950 -13.270 0.000 0.350 -11.770 0.000 1.550
3 16 -14.800 0.000 0.950 -11.770 0.000 1.550 -15.000 0.000 1.950
3 16 -15.050 0.000 5.230 -11.770 0.000 1.550 -11.770 0.000 5.620
3 16 -16.850 0.000 5.230 -17.000 0.000 1.950 -16.000 0.000 1.950
3 16 -15.000 0.000 1.950 -15.950 0.000 5.230 -16.850 0.000 5.230
3 16 -16.850 0.000 5.230 -16.000 0.000 1.950 -15.000 0.000 1.950
3 16 -15.050 0.000 5.230 -15.950 0.000 5.230 -15.000 0.000 1.950
3 16 -15.000 0.000 1.950 -11.770 0.000 1.550 -15.050 0.000 5.230
3 16 -40.000 0.000 20.000 -38.000 0.000 17.900 -36.000 0.000 17.900
3 16 -38.000 0.000 15.900 -38.000 0.000 17.900 -40.000 0.000 20.000
3 16 -38.000 0.000 -17.900 -38.000 0.000 -15.900 -40.000 0.000 -20.000
3 16 -36.000 0.000 -17.900 -38.000 0.000 -17.900 -40.000 0.000 -20.000
3 16 38.000 0.000 -15.900 38.000 0.000 -17.900 40.000 0.000 -20.000
3 16 38.000 0.000 -17.900 36.000 0.000 -17.900 40.000 0.000 -20.000
3 16 36.000 0.000 17.900 38.000 0.000 17.900 40.000 0.000 20.000
3 16 40.000 0.000 20.000 38.000 0.000 17.900 38.000 0.000 15.900
3 16 25.900 0.000 1.150 37.000 0.000 15.900 36.000 0.000 16.900
3 16 36.000 0.000 16.900 25.900 0.000 4.090 25.900 0.000 1.150
3 16 12.190 0.000 5.010 12.060 0.000 4.800 15.010 0.000 -0.750
3 16 15.010 0.000 -0.750 12.490 0.000 5.140 12.190 0.000 5.010
3 16 25.900 0.000 -1.250 23.500 0.000 -1.250 22.300 0.000 -6.800
3 16 22.300 0.000 -6.800 37.000 0.000 -6.800 25.900 0.000 -1.250
3 16 12.060 0.000 4.800 12.010 0.000 4.540 12.040 0.000 -0.750
3 16 12.040 0.000 -0.750 15.010 0.000 -0.750 12.060 0.000 4.800
3 16 13.000 0.000 4.800 12.800 0.000 5.050 12.490 0.000 5.140
3 16 12.490 0.000 5.140 15.010 0.000 -0.750 13.000 0.000 4.800
3 16 22.530 0.000 5.440 24.100 0.000 1.550 24.120 0.000 4.010
3 16 24.120 0.000 4.010 23.880 0.000 4.570 22.530 0.000 5.440
3 16 23.500 0.000 5.020 22.710 0.000 5.430 22.530 0.000 5.440
3 16 22.530 0.000 5.440 23.880 0.000 4.570 23.500 0.000 5.020
3 16 -10.360 0.000 11.530 -14.520 0.000 11.540 -13.460 0.000 8.400
3 16 -13.460 0.000 8.400 -13.100 0.000 8.400 -10.360 0.000 11.530
3 16 22.530 0.000 5.440 22.130 0.000 5.440 22.200 0.000 0.350
3 16 22.200 0.000 0.350 24.100 0.000 1.550 22.530 0.000 5.440
3 16 36.000 0.000 16.900 25.900 0.000 9.000 25.840 0.000 8.190
3 16 25.840 0.000 8.190 25.900 0.000 4.090 36.000 0.000 16.900
3 16 5.300 0.000 -9.400 4.320 0.000 -8.550 2.730 0.000 -11.140
3 16 2.730 0.000 -11.140 5.300 0.000 -12.650 5.300 0.000 -9.400
3 16 6.000 0.000 -9.600 6.000 0.000 -12.450 7.500 0.000 -12.450
3 16 7.500 0.000 -12.450 7.500 0.000 -9.600 6.000 0.000 -9.600
3 16 14.780 0.000 -10.170 15.810 0.000 -8.550 14.240 0.000 -8.550
3 16 14.240 0.000 -8.550 14.240 0.000 -10.170 14.780 0.000 -10.170
3 16 14.310 0.000 -10.280 14.630 0.000 -10.280 14.780 0.000 -10.170
3 16 14.780 0.000 -10.170 14.240 0.000 -10.170 14.310 0.000 -10.280
3 16 15.250 0.000 -10.660 15.240 0.000 -10.710 15.240 0.000 -10.770
3 16 15.240 0.000 -10.770 22.300 0.000 -6.800 15.250 0.000 -10.660
3 16 25.100 0.000 6.600 24.930 0.000 6.250 25.100 0.000 5.900
3 16 25.100 0.000 5.900 25.360 0.000 6.890 25.100 0.000 6.600
3 16 25.360 0.000 5.620 25.640 0.000 7.400 25.360 0.000 6.890
3 16 25.360 0.000 6.890 25.100 0.000 5.900 25.360 0.000 5.620
3 16 25.720 0.000 4.890 25.900 0.000 4.090 25.840 0.000 8.190
3 16 25.840 0.000 8.190 25.640 0.000 7.400 25.720 0.000 4.890
3 16 14.980 0.000 -11.920 14.830 0.000 -11.820 14.430 0.000 -11.910
3 16 14.430 0.000 -11.910 14.240 0.000 -12.250 14.980 0.000 -11.920
3 16 14.240 0.000 -12.250 14.240 0.000 -13.500 15.740 0.000 -13.500
3 16 15.740 0.000 -13.500 14.980 0.000 -11.920 14.240 0.000 -12.250
3 16 11.680 0.000 -11.460 11.530 0.000 -11.530 11.500 0.000 -11.590
3 16 11.500 0.000 -11.590 11.500 0.000 -11.650 11.680 0.000 -11.460
3 16 11.716 0.000 -11.439 11.680 0.000 -11.460 11.500 0.000 -11.650
3 16 11.500 0.000 -11.650 12.100 0.000 -13.500 11.716 0.000 -11.439
3 16 -15.560 0.000 -13.500 -14.060 0.000 -13.500 -15.140 0.000 -11.090
3 16 -15.140 0.000 -11.090 -15.500 0.000 -11.090 -15.560 0.000 -13.500
3 16 -15.500 0.000 -11.090 -15.220 0.000 -10.990 -15.320 0.000 -10.950
3 16 -15.320 0.000 -10.950 -15.430 0.000 -11.000 -15.500 0.000 -11.090
3 16 -14.060 0.000 -10.940 -14.460 0.000 -10.990 -14.340 0.000 -11.090
3 16 -14.340 0.000 -11.090 -14.160 0.000 -11.060 -14.060 0.000 -10.940
3 16 -14.460 0.000 -10.990 -14.060 0.000 -10.940 -14.060 0.000 -8.550
3 16 -14.060 0.000 -8.550 -15.560 0.000 -8.550 -14.460 0.000 -10.990
3 16 -10.210 0.000 -11.380 -11.300 0.000 -11.380 -11.300 0.000 -12.950
3 16 -11.300 0.000 -12.950 -9.350 0.000 -12.950 -10.210 0.000 -11.380
3 16 -37.000 0.000 -15.900 -36.000 0.000 -16.900 -25.900 0.000 -0.750
3 16 -25.900 0.000 -0.750 -37.000 0.000 15.900 -37.000 0.000 -15.900
3 16 -15.560 0.000 -8.550 -14.060 0.000 -8.550 -14.060 0.000 -8.400
3 16 -14.060 0.000 -8.400 -15.560 0.000 -8.400 -15.560 0.000 -8.550
3 16 -15.560 0.000 -13.500 -15.560 0.000 -13.650 -14.060 0.000 -13.650
3 16 -14.060 0.000 -13.650 -14.060 0.000 -13.500 -15.560 0.000 -13.500
3 16 -10.060 0.000 -11.380 -10.210 0.000 -11.380 -9.350 0.000 -12.950
3 16 -9.350 0.000 -12.950 -9.200 0.000 -12.950 -10.060 0.000 -11.380
3 16 2.206 0.000 -10.121 2.570 0.000 -10.130 3.620 0.000 -8.550
3 16 3.620 0.000 -8.550 1.180 0.000 -8.550 2.206 0.000 -10.121
3 16 1.180 0.000 -8.550 3.620 0.000 -8.550 3.720 0.000 -8.400
3 16 3.720 0.000 -8.400 1.080 0.000 -8.400 1.180 0.000 -8.550
3 16 -2.810 0.000 -8.400 -2.810 0.000 -8.550 0.480 0.000 -8.550
3 16 0.480 0.000 -8.550 0.380 0.000 -8.400 -2.810 0.000 -8.400
3 16 -6.560 0.000 -13.500 -6.560 0.000 -13.650 -4.490 0.000 -13.650
3 16 -4.490 0.000 -13.650 -4.490 0.000 -13.500 -6.560 0.000 -13.500
3 16 -4.490 0.000 -13.500 -5.470 0.000 -10.720 -5.770 0.000 -10.720
3 16 -5.770 0.000 -10.720 -6.560 0.000 -13.500 -4.490 0.000 -13.500
3 16 -5.240 0.000 -8.550 -3.510 0.000 -8.550 -3.510 0.000 -8.400
3 16 -3.510 0.000 -8.400 -5.240 0.000 -8.400 -5.240 0.000 -8.550
3 16 -3.510 0.000 -8.550 -5.240 0.000 -8.550 -4.540 0.000 -10.930
3 16 -4.540 0.000 -10.930 -4.140 0.000 -10.930 -3.510 0.000 -8.550
3 16 -7.620 0.000 -8.550 -5.940 0.000 -8.550 -5.940 0.000 -8.400
3 16 -5.940 0.000 -8.400 -7.620 0.000 -8.400 -7.620 0.000 -8.550
3 16 -5.940 0.000 -8.550 -7.620 0.000 -8.550 -7.080 0.000 -10.930
3 16 -7.080 0.000 -10.930 -6.680 0.000 -10.930 -5.940 0.000 -8.550
3 16 -8.320 0.000 -8.400 -9.200 0.000 -8.750 -9.200 0.000 -9.100
3 16 -9.200 0.000 -9.100 -8.320 0.000 -8.550 -8.320 0.000 -8.400
3 16 -9.350 0.000 -9.100 -10.210 0.000 -10.680 -10.060 0.000 -10.680
3 16 -10.060 0.000 -10.680 -9.200 0.000 -9.100 -9.350 0.000 -9.100
3 16 -7.260 0.000 -13.500 -9.200 0.000 -13.300 -9.200 0.000 -13.650
3 16 -9.200 0.000 -13.650 -7.260 0.000 -13.650 -7.260 0.000 -13.500
3 16 -9.200 0.000 -12.950 -7.260 0.000 -13.500 -8.320 0.000 -8.550
3 16 -8.320 0.000 -8.550 -10.060 0.000 -11.380 -9.200 0.000 -12.950
3 16 -10.060 0.000 -11.380 -8.320 0.000 -8.550 -9.200 0.000 -9.100
3 16 -9.200 0.000 -9.100 -10.060 0.000 -11.030 -10.060 0.000 -11.380
3 16 7.500 0.000 -12.450 6.000 0.000 -12.450 6.500 0.000 -12.950
3 16 6.500 0.000 -12.950 7.000 0.000 -12.950 7.500 0.000 -12.450
3 16 6.500 0.000 -9.100 6.000 0.000 -9.600 7.500 0.000 -9.600
3 16 7.500 0.000 -9.600 7.000 0.000 -9.100 6.500 0.000 -9.100
3 16 8.200 0.000 -13.650 9.300 0.000 -8.600 9.300 0.000 -8.400
3 16 9.300 0.000 -8.400 8.200 0.000 -12.650 8.200 0.000 -13.650
3 16 4.420 0.000 -8.400 4.320 0.000 -8.550 5.300 0.000 -9.400
3 16 5.300 0.000 -9.400 5.300 0.000 -8.400 4.420 0.000 -8.400
3 16 -11.450 0.000 -10.530 -11.300 0.000 -10.680 -11.300 0.000 -9.100
3 16 -11.300 0.000 -9.100 -11.450 0.000 -9.250 -11.450 0.000 -10.530
3 16 -11.450 0.000 -11.530 -11.450 0.000 -12.800 -11.300 0.000 -12.950
3 16 -11.300 0.000 -12.950 -11.300 0.000 -11.380 -11.450 0.000 -11.530
3 16 -13.360 0.000 -8.400 -13.360 0.000 -8.550 -12.200 0.000 -8.600
3 16 -12.200 0.000 -8.600 -12.200 0.000 -8.400 -13.360 0.000 -8.400
3 16 -12.200 0.000 -13.650 -12.200 0.000 -13.450 -13.360 0.000 -13.500
3 16 -13.360 0.000 -13.500 -13.360 0.000 -13.650 -12.200 0.000 -13.650
3 16 -12.200 0.000 -13.450 -12.200 0.000 -8.600 -13.360 0.000 -8.550
3 16 -13.360 0.000 -8.550 -13.360 0.000 -13.500 -12.200 0.000 -13.450
3 16 10.650 0.000 -11.630 10.150 0.000 -11.630 10.000 0.000 -11.780
3 16 10.000 0.000 -11.780 10.750 0.000 -11.720 10.650 0.000 -11.630
3 16 11.400 0.000 -13.500 10.750 0.000 -11.720 10.000 0.000 -11.780
3 16 10.000 0.000 -11.780 10.000 0.000 -13.500 11.400 0.000 -13.500
3 16 10.000 0.000 -13.500 10.000 0.000 -13.650 11.450 0.000 -13.650
3 16 11.450 0.000 -13.650 11.400 0.000 -13.500 10.000 0.000 -13.500
3 16 12.210 0.000 -8.400 13.540 0.000 -8.550 13.540 0.000 -8.400
3 16 13.540 0.000 -8.400 5.560 0.000 -1.250 12.210 0.000 -8.400
3 16 10.000 0.000 -9.180 10.000 0.000 -10.850 10.150 0.000 -11.000
3 16 10.150 0.000 -11.000 10.150 0.000 -9.030 10.000 0.000 -9.180
3 16 10.150 0.000 -9.030 10.150 0.000 -11.000 11.060 0.000 -11.000
3 16 11.060 0.000 -11.000 11.010 0.000 -9.030 10.150 0.000 -9.030
3 16 11.060 0.000 -11.000 11.510 0.000 -10.550 11.510 0.000 -9.530
3 16 11.510 0.000 -9.530 11.010 0.000 -9.030 11.060 0.000 -11.000
3 16 15.810 0.000 -13.650 15.740 0.000 -13.500 14.240 0.000 -13.500
3 16 14.240 0.000 -13.500 14.240 0.000 -13.650 15.810 0.000 -13.650
3 16 7.340 0.000 -16.900 -7.260 0.000 -13.650 -9.200 0.000 -13.650
3 16 -9.200 0.000 -13.650 -11.000 0.000 -16.900 7.340 0.000 -16.900
3 16 -23.400 0.000 11.530 -23.400 0.000 7.350 -22.020 0.000 7.350
3 16 -22.020 0.000 7.350 -22.020 0.000 11.530 -23.400 0.000 11.530
3 16 -23.900 0.000 11.030 -23.900 0.000 7.850 -23.400 0.000 7.350
3 16 -23.400 0.000 7.350 -23.400 0.000 11.530 -23.900 0.000 11.030
3 16 -20.820 0.000 10.330 -22.020 0.000 11.530 -22.020 0.000 7.350
3 16 -22.020 0.000 7.350 -20.820 0.000 8.550 -20.820 0.000 10.330
3 16 -23.400 0.000 5.760 -23.900 0.000 5.260 -23.900 0.000 -0.750
3 16 -23.900 0.000 -0.750 -21.410 0.000 5.750 -23.400 0.000 5.760
3 16 -9.960 0.000 12.330 -6.500 0.000 11.550 -6.500 0.000 12.350
3 16 -6.500 0.000 12.350 -9.960 0.000 13.130 -9.960 0.000 12.330
3 16 -6.500 0.000 10.750 -6.500 0.000 11.550 -9.960 0.000 12.330
3 16 -9.960 0.000 12.330 -9.960 0.000 11.530 -6.500 0.000 10.750
3 16 4.010 0.000 2.640 4.910 0.000 2.640 5.310 0.000 3.140
3 16 5.310 0.000 3.140 3.610 0.000 3.140 4.010 0.000 2.640
3 16 3.610 0.000 3.140 5.310 0.000 3.140 4.902 0.000 5.721
3 16 4.902 0.000 5.721 3.978 0.000 5.721 3.610 0.000 3.140
3 16 4.210 0.000 0.840 3.610 0.000 0.340 5.310 0.000 0.340
3 16 5.310 0.000 0.340 4.710 0.000 0.840 4.210 0.000 0.840
3 16 5.310 0.000 0.340 3.610 0.000 0.340 3.410 0.000 -0.750
3 16 3.410 0.000 -0.750 5.460 0.000 -0.750 5.310 0.000 0.340
3 16 3.410 0.000 -0.750 3.310 0.000 -1.250 5.560 0.000 -1.250
3 16 5.560 0.000 -1.250 5.460 0.000 -0.750 3.410 0.000 -0.750
3 16 8.060 0.000 -0.750 8.160 0.000 -1.250 10.040 0.000 -1.250
3 16 10.040 0.000 -1.250 10.040 0.000 -0.750 8.060 0.000 -0.750
3 16 12.040 0.000 -0.750 12.040 0.000 -1.250 15.210 0.000 -1.250
3 16 15.210 0.000 -1.250 15.010 0.000 -0.750 12.040 0.000 -0.750
3 16 19.000 0.000 -1.250 19.000 0.000 1.150 17.010 0.000 -0.750
3 16 17.010 0.000 -0.750 17.210 0.000 -1.250 19.000 0.000 -1.250
3 16 19.000 0.000 1.550 14.000 0.000 7.530 17.010 0.000 -0.750
3 16 17.010 0.000 -0.750 19.000 0.000 1.150 19.000 0.000 1.550
3 16 14.000 0.000 7.530 19.000 0.000 1.550 19.000 0.000 2.050
3 16 19.000 0.000 2.050 14.000 0.000 7.680 14.000 0.000 7.530
3 16 21.500 0.000 -13.600 21.500 0.000 -14.600 22.300 0.000 -16.900
3 16 22.300 0.000 -16.900 22.300 0.000 -6.800 21.500 0.000 -13.600
3 16 22.300 0.000 -6.800 15.240 0.000 -10.770 19.500 0.000 -13.600
3 16 19.500 0.000 -13.600 20.500 0.000 -13.600 22.300 0.000 -6.800
3 16 -16.850 0.000 13.130 -16.350 0.000 13.130 -7.000 0.000 16.900
3 16 -7.000 0.000 16.900 -36.000 0.000 16.900 -16.850 0.000 13.130
3 16 -7.000 0.000 16.900 4.440 0.000 13.130 5.740 0.000 13.130
3 16 5.740 0.000 13.130 15.000 0.000 16.900 -7.000 0.000 16.900
3 16 3.140 0.000 13.130 -7.000 0.000 16.900 -2.770 0.000 13.130
3 16 -2.770 0.000 13.130 3.140 0.000 12.630 3.140 0.000 13.130
3 16 -13.300 0.000 -1.250 -5.240 0.000 -8.400 -3.510 0.000 -8.400
3 16 -3.510 0.000 -8.400 -10.100 0.000 -1.250 -13.300 0.000 -1.250
3 16 -16.260 0.000 -8.400 -15.910 0.000 -8.400 -13.300 0.000 -1.250
3 16 -13.300 0.000 -1.250 -16.800 0.000 -1.250 -16.260 0.000 -8.400
3 16 5.560 0.000 -1.250 16.260 0.000 -8.400 16.610 0.000 -8.400
3 16 16.610 0.000 -8.400 6.860 0.000 -1.250 5.560 0.000 -1.250
3 16 15.910 0.000 -8.400 5.560 0.000 -1.250 14.240 0.000 -8.400
3 16 14.240 0.000 -8.400 15.810 0.000 -8.550 15.910 0.000 -8.400
3 16 2.010 0.000 -1.250 5.300 0.000 -8.400 6.300 0.000 -8.400
3 16 6.300 0.000 -8.400 3.310 0.000 -1.250 2.010 0.000 -1.250
3 16 5.560 0.000 -1.250 3.310 0.000 -1.250 6.300 0.000 -8.400
3 16 6.300 0.000 -8.400 7.200 0.000 -8.400 5.560 0.000 -1.250
3 16 -10.100 0.000 -1.250 -2.810 0.000 -8.400 0.380 0.000 -8.400
3 16 0.380 0.000 -8.400 -4.820 0.000 -1.250 -10.100 0.000 -1.250
3 16 0.710 0.000 -1.250 -2.820 0.000 -1.250 0.380 0.000 -8.400
3 16 0.380 0.000 -8.400 0.730 0.000 -8.400 0.710 0.000 -1.250
3 16 5.300 0.000 -8.400 2.010 0.000 -1.250 0.710 0.000 -1.250
3 16 0.710 0.000 -1.250 4.420 0.000 -8.400 5.300 0.000 -8.400
3 16 -36.000 0.000 -16.900 -21.500 0.000 -14.600 -21.500 0.000 -13.600
3 16 -21.500 0.000 -13.600 -25.900 0.000 -1.250 -36.000 0.000 -16.900
3 16 -38.000 0.000 15.900 -40.000 0.000 20.000 -40.000 0.000 -20.000
3 16 -40.000 0.000 -20.000 -38.000 0.000 -15.900 -38.000 0.000 15.900
3 16 -36.000 0.000 17.900 36.000 0.000 17.900 40.000 0.000 20.000
3 16 40.000 0.000 20.000 -40.000 0.000 20.000 -36.000 0.000 17.900
3 16 38.000 0.000 15.900 38.000 0.000 -15.900 40.000 0.000 -20.000
3 16 40.000 0.000 -20.000 40.000 0.000 20.000 38.000 0.000 15.900
3 16 36.000 0.000 -17.900 -36.000 0.000 -17.900 -40.000 0.000 -20.000
3 16 -40.000 0.000 -20.000 40.000 0.000 -20.000 36.000 0.000 -17.900
3 0 -11.000 0.000 -16.900 -36.000 0.000 -16.900 -36.000 0.000 -17.900
3 0 7.340 0.000 -16.900 -11.000 0.000 -16.900 -36.000 0.000 -17.900
3 0 -36.000 0.000 -17.900 22.300 0.000 -16.900 7.340 0.000 -16.900
3 0 36.000 0.000 -17.900 36.000 0.000 -16.900 23.300 0.000 -16.900
3 0 37.000 0.000 -7.800 37.000 0.000 -15.900 38.000 0.000 -15.900
3 0 38.000 0.000 15.900 37.000 0.000 15.900 37.000 0.000 -6.800
3 0 -36.000 0.000 17.900 -7.000 0.000 16.900 15.000 0.000 16.900
3 0 -36.000 0.000 17.900 -36.000 0.000 16.900 -7.000 0.000 16.900
3 0 -23.900 0.000 11.030 -23.900 0.000 11.530 -25.900 0.000 12.630
3 0 -25.900 0.000 12.630 -23.900 0.000 7.850 -23.900 0.000 11.030
3 0 -25.900 0.000 12.630 -23.900 0.000 7.350 -23.900 0.000 7.850
3 0 -23.900 0.000 -0.750 -23.900 0.000 5.260 -25.900 0.000 -0.750
3 0 -25.900 0.000 -0.750 -23.900 0.000 5.260 -23.900 0.000 5.760
3 0 -13.460 0.000 8.400 -13.850 0.000 8.360 -13.450 0.000 6.840
3 0 -13.450 0.000 6.840 -13.100 0.000 8.400 -13.460 0.000 8.400
3 0 -13.450 0.000 6.840 -13.850 0.000 8.360 -14.200 0.000 8.270
3 0 -15.020 0.000 8.230 -15.050 0.000 6.840 -14.520 0.000 8.230
3 0 -16.850 0.000 5.480 -15.020 0.000 8.230 -15.020 0.000 8.730
3 0 -16.850 0.000 12.630 -15.020 0.000 11.540 -14.520 0.000 11.540
3 0 -16.850 0.000 12.630 -15.020 0.000 11.040 -15.020 0.000 11.540
3 0 -4.820 0.000 10.350 -2.770 0.000 12.880 -4.820 0.000 10.850
3 0 -5.130 0.000 12.630 -6.100 0.000 12.350 -6.100 0.000 10.750
3 0 5.740 0.000 12.630 5.093 0.000 5.801 8.060 0.000 -0.750
3 0 12.040 0.000 12.630 10.040 0.000 12.630 12.010 0.000 9.100
3 0 12.100 0.000 9.000 12.060 0.000 4.800 12.190 0.000 5.010
3 0 12.250 0.000 9.010 12.490 0.000 5.140 12.400 0.000 9.100
3 0 14.420 0.000 12.630 14.030 0.000 7.790 16.820 0.000 12.630
3 0 14.000 0.000 7.530 12.800 0.000 5.050 13.000 0.000 4.800
3 0 12.040 0.000 -0.750 12.010 0.000 4.540 10.040 0.000 -0.750
3 0 23.880 0.000 4.570 25.720 0.000 4.890 25.360 0.000 5.620
3 0 22.960 0.000 5.380 22.530 0.000 7.040 22.710 0.000 5.430
3 0 22.960 0.000 5.380 22.750 0.000 7.080 22.530 0.000 7.040
3 0 23.890 0.000 7.940 25.360 0.000 6.890 25.640 0.000 7.400
3 0 -16.260 0.000 -8.550 -15.500 0.000 -11.090 -15.430 0.000 -11.000
3 0 -14.340 0.000 -11.090 -13.360 0.000 -13.500 -14.160 0.000 -11.060
3 0 -14.160 0.000 -11.060 -13.360 0.000 -13.500 -14.060 0.000 -10.940
3 0 -11.300 0.000 -9.100 -12.000 0.000 -8.400 -11.450 0.000 -9.100
3 0 -11.450 0.000 -9.100 -12.000 0.000 -8.400 -11.450 0.000 -9.250
3 0 -11.450 0.000 -9.250 -12.000 0.000 -8.400 -11.450 0.000 -10.530
3 0 -12.000 0.000 -13.650 -11.450 0.000 -11.380 -11.450 0.000 -10.680
3 0 -12.000 0.000 -13.650 -11.450 0.000 -11.530 -11.450 0.000 -11.380
3 0 -11.450 0.000 -11.530 -12.000 0.000 -13.650 -11.450 0.000 -12.800
3 0 -11.450 0.000 -12.800 -12.000 0.000 -13.650 -11.450 0.000 -12.950
3 0 -11.450 0.000 -12.950 -12.000 0.000 -13.650 -11.300 0.000 -12.950
3 0 2.310 0.000 -10.230 2.130 0.000 -10.150 2.030 0.000 -11.140
3 0 2.730 0.000 -11.140 4.320 0.000 -8.550 3.620 0.000 -8.550
3 0 9.500 0.000 -8.400 10.000 0.000 -9.180 10.000 0.000 -9.030
3 0 10.000 0.000 -10.850 10.000 0.000 -9.180 9.500 0.000 -8.400
3 0 11.210 0.000 -8.400 10.150 0.000 -9.030 11.010 0.000 -9.030
3 0 11.510 0.000 -10.550 11.510 0.000 -11.000 12.210 0.000 -10.700
3 0 11.716 0.000 -11.439 12.210 0.000 -10.700 11.510 0.000 -11.000
3 0 11.530 0.000 -11.530 10.750 0.000 -11.720 11.500 0.000 -11.590
3 0 11.680 0.000 -11.460 11.060 0.000 -11.000 11.530 0.000 -11.530
3 0 11.500 0.000 -11.590 10.750 0.000 -11.720 11.500 0.000 -11.650
3 0 10.150 0.000 -11.000 10.150 0.000 -11.630 10.650 0.000 -11.630
3 0 14.240 0.000 -8.550 13.540 0.000 -8.550 14.240 0.000 -10.170
3 0 14.780 0.000 -10.170 15.240 0.000 -10.710 15.250 0.000 -10.660
3 0 15.240 0.000 -10.770 14.830 0.000 -11.820 14.980 0.000 -11.920
3 0 15.240 0.000 -10.770 14.650 0.000 -11.790 14.830 0.000 -11.820
3 0 14.240 0.000 -13.500 14.240 0.000 -12.250 13.540 0.000 -13.500
3 0 -8.320 0.000 -8.550 -7.080 0.000 -10.930 -7.620 0.000 -8.550
3 0 -6.880 0.000 -11.080 -6.560 0.000 -13.500 -6.680 0.000 -11.080
3 0 -6.680 0.000 -11.080 -6.560 0.000 -13.500 -5.770 0.000 -10.720
3 0 -5.770 0.000 -10.620 -5.940 0.000 -8.550 -6.680 0.000 -10.930
3 0 -5.620 0.000 -10.620 -5.470 0.000 -10.620 -5.240 0.000 -8.550
3 0 -2.810 0.000 -8.550 -3.510 0.000 -8.550 -4.140 0.000 -10.930
3 0 2.570 0.000 -10.130 2.490 0.000 -10.310 2.730 0.000 -11.140
3 0 2.570 0.000 -10.130 2.730 0.000 -11.140 3.620 0.000 -8.550
3 0 -3.790 0.000 -13.500 -4.140 0.000 -11.080 -4.340 0.000 -11.080
3 0 -4.540 0.000 -10.930 -5.470 0.000 -10.720 -4.540 0.000 -11.080
3 0 -4.540 0.000 -11.080 -5.470 0.000 -10.720 -4.490 0.000 -13.500
3 0 1.180 0.000 -8.550 2.130 0.000 -10.150 2.206 0.000 -10.121
3 0 22.900 0.000 11.300 24.100 0.000 11.300 23.500 0.000 13.060
3 0 23.500 0.000 13.060 24.100 0.000 11.300 25.900 0.000 10.660
3 0 24.100 0.000 11.300 24.100 0.000 10.100 25.900 0.000 10.660
3 0 9.500 0.000 -8.400 9.300 0.000 -8.600 9.300 0.000 -13.500
3 0 10.000 0.000 -13.500 10.000 0.000 -11.780 9.300 0.000 -13.500
3 0 10.000 0.000 -11.630 10.000 0.000 -11.000 9.300 0.000 -13.500
3 0 9.300 0.000 -13.500 10.000 0.000 -11.780 10.000 0.000 -11.630
3 0 11.510 0.000 -9.030 11.510 0.000 -9.530 12.210 0.000 -9.400
3 0 11.210 0.000 -8.400 11.010 0.000 -9.030 11.510 0.000 -9.030
3 0 11.210 0.000 -8.400 11.510 0.000 -9.030 12.210 0.000 -9.400
3 0 6.300 0.000 -8.400 6.500 0.000 -9.100 7.200 0.000 -8.400
3 0 7.200 0.000 -8.400 6.500 0.000 -9.100 7.000 0.000 -9.100
3 0 7.200 0.000 -8.400 7.000 0.000 -9.100 7.500 0.000 -9.100
3 0 8.200 0.000 -9.400 7.200 0.000 -8.400 7.500 0.000 -9.100
3 0 8.200 0.000 -9.400 7.500 0.000 -9.100 7.500 0.000 -9.600
3 0 6.000 0.000 -9.600 6.000 0.000 -9.100 5.300 0.000 -9.400
3 0 6.000 0.000 -9.100 6.500 0.000 -9.100 6.300 0.000 -8.400
3 0 5.300 0.000 -9.400 6.000 0.000 -9.100 6.300 0.000 -8.400
3 0 6.000 0.000 -12.950 6.000 0.000 -12.450 5.300 0.000 -12.650
3 0 6.000 0.000 -12.950 5.300 0.000 -12.650 6.300 0.000 -13.650
3 0 6.500 0.000 -12.950 6.000 0.000 -12.950 6.300 0.000 -13.650
3 0 6.500 0.000 -12.950 6.300 0.000 -13.650 7.200 0.000 -13.650
3 0 6.500 0.000 -12.950 7.200 0.000 -13.650 7.000 0.000 -12.950
3 0 7.000 0.000 -12.950 7.200 0.000 -13.650 7.500 0.000 -12.950
3 0 7.500 0.000 -12.450 7.500 0.000 -12.950 8.200 0.000 -12.650
3 0 8.200 0.000 -12.650 7.500 0.000 -12.950 7.200 0.000 -13.650
3 0 25.900 0.000 9.000 25.900 0.000 10.660 24.100 0.000 10.100
3 0 21.000 0.000 11.300 22.200 0.000 11.300 21.400 0.000 13.060
3 0 21.000 0.000 11.300 21.400 0.000 13.060 19.000 0.000 10.660
3 0 21.000 0.000 11.300 19.000 0.000 10.660 21.000 0.000 10.100
3 0 24.100 0.000 1.550 24.100 0.000 0.350 25.900 0.000 1.150
3 0 25.900 0.000 1.150 24.100 0.000 0.350 23.500 0.000 -1.250
3 0 23.500 0.000 -1.250 24.100 0.000 0.350 22.900 0.000 0.350
3 0 23.500 0.000 -1.250 22.900 0.000 0.350 21.400 0.000 -1.250
3 0 21.400 0.000 -1.250 22.900 0.000 0.350 22.200 0.000 0.350
3 0 21.400 0.000 -1.250 22.200 0.000 0.350 21.000 0.000 0.350
3 0 19.000 0.000 1.150 21.400 0.000 -1.250 21.000 0.000 0.350
3 0 19.000 0.000 1.150 21.000 0.000 0.350 21.000 0.000 1.550
3 0 -24.900 0.000 13.130 -25.900 0.000 12.630 -21.420 0.000 13.130
3 0 -19.010 0.000 8.150 -20.820 0.000 8.550 -20.820 0.000 7.350
3 0 -19.010 0.000 8.150 -20.820 0.000 7.350 -21.410 0.000 5.750
3 0 -21.410 0.000 5.750 -20.820 0.000 7.350 -22.020 0.000 7.350
3 0 -20.820 0.000 11.530 -20.820 0.000 10.330 -19.020 0.000 10.730
3 0 -23.400 0.000 11.530 -22.020 0.000 11.530 -21.420 0.000 13.130
3 0 -21.420 0.000 13.130 -22.020 0.000 11.530 -20.820 0.000 11.530
3 0 -21.420 0.000 13.130 -20.820 0.000 11.530 -19.020 0.000 10.730
3 0 -16.350 0.000 13.130 -16.850 0.000 12.630 -10.360 0.000 13.130
3 0 -15.050 0.000 6.840 -15.020 0.000 8.230 -16.850 0.000 5.480
3 0 -16.850 0.000 5.480 -15.050 0.000 5.480 -15.050 0.000 6.840
3 0 -13.450 0.000 6.840 -13.170 0.000 6.820 -13.100 0.000 8.400
3 0 -13.100 0.000 8.400 -13.170 0.000 6.820 -11.770 0.000 6.820
3 0 -13.100 0.000 8.400 -11.770 0.000 6.820 -10.100 0.000 5.600
3 0 -11.770 0.000 6.820 -11.770 0.000 5.620 -10.100 0.000 5.600
3 0 -11.770 0.000 1.550 -11.770 0.000 0.350 -10.100 0.000 1.150
3 0 -11.770 0.000 0.350 -13.300 0.000 -1.250 -10.100 0.000 1.150
3 0 -13.270 0.000 0.350 -14.800 0.000 0.350 -13.300 0.000 -1.250
3 0 -11.770 0.000 0.350 -13.270 0.000 0.350 -13.300 0.000 -1.250
3 0 -14.800 0.000 0.350 -16.800 0.000 0.950 -13.300 0.000 -1.250
3 0 -14.800 0.000 0.350 -14.800 0.000 0.950 -16.800 0.000 0.950
3 0 19.000 0.000 10.660 19.000 0.000 10.100 21.000 0.000 10.100
3 0 19.000 0.000 1.550 19.000 0.000 1.150 21.000 0.000 1.550
3 0 22.530 0.000 5.440 22.710 0.000 5.430 22.530 0.000 7.040
3 0 5.093 0.000 5.801 4.902 0.000 5.721 5.310 0.000 3.140
3 0 3.978 0.000 5.721 3.140 0.000 12.630 0.810 0.000 -0.750
3 0 3.610 0.000 3.140 3.978 0.000 5.721 0.810 0.000 -0.750
3 0 3.510 0.000 2.640 3.610 0.000 3.140 0.810 0.000 -0.750
3 0 4.910 0.000 2.640 4.010 0.000 2.640 4.710 0.000 0.840
3 0 4.710 0.000 0.840 4.010 0.000 2.640 4.210 0.000 0.840
3 0 4.010 0.000 2.640 3.510 0.000 2.640 4.210 0.000 0.840
3 0 4.210 0.000 0.840 3.510 0.000 2.640 3.710 0.000 0.840
3 0 3.710 0.000 0.840 3.510 0.000 2.640 0.810 0.000 -0.750
3 0 3.710 0.000 0.840 0.810 0.000 -0.750 3.610 0.000 0.340
3 0 3.610 0.000 0.340 0.810 0.000 -0.750 3.410 0.000 -0.750
3 0 5.310 0.000 0.340 5.460 0.000 -0.750 8.060 0.000 -0.750
3 0 5.210 0.000 0.840 5.310 0.000 0.340 8.060 0.000 -0.750
3 0 4.910 0.000 2.640 4.710 0.000 0.840 5.210 0.000 0.840
3 0 5.410 0.000 2.640 4.910 0.000 2.640 5.210 0.000 0.840
3 0 5.410 0.000 2.640 5.210 0.000 0.840 8.060 0.000 -0.750
3 0 5.310 0.000 3.140 5.410 0.000 2.640 8.060 0.000 -0.750
3 0 5.310 0.000 3.140 8.060 0.000 -0.750 5.093 0.000 5.801
3 0 23.300 0.000 -7.800 22.300 0.000 -6.800 22.300 0.000 -16.900
3 0 22.300 0.000 -16.900 23.300 0.000 -16.900 23.300 0.000 -7.800
3 0 22.300 0.000 -16.900 -36.000 0.000 -17.900 36.000 0.000 -17.900
3 0 36.000 0.000 -17.900 23.300 0.000 -16.900 22.300 0.000 -16.900
3 0 37.000 0.000 -7.800 38.000 0.000 -15.900 38.000 0.000 15.900
3 0 38.000 0.000 15.900 37.000 0.000 -6.800 37.000 0.000 -7.800
3 0 -38.000 0.000 15.900 -38.000 0.000 -15.900 -37.000 0.000 -15.900
3 0 -37.000 0.000 -15.900 -37.000 0.000 15.900 -38.000 0.000 15.900
3 0 -36.000 0.000 17.900 15.000 0.000 16.900 36.000 0.000 16.900
3 0 36.000 0.000 16.900 36.000 0.000 17.900 -36.000 0.000 17.900
3 0 23.300 0.000 -7.800 37.000 0.000 -7.800 37.000 0.000 -6.800
3 0 37.000 0.000 -6.800 22.300 0.000 -6.800 23.300 0.000 -7.800
3 0 -23.400 0.000 11.530 -21.420 0.000 13.130 -25.900 0.000 12.630
3 0 -25.900 0.000 12.630 -23.900 0.000 11.530 -23.400 0.000 11.530
3 0 -20.820 0.000 8.550 -19.010 0.000 8.150 -19.020 0.000 10.730
3 0 -19.020 0.000 10.730 -20.820 0.000 10.330 -20.820 0.000 8.550
3 0 -22.020 0.000 7.350 -23.400 0.000 7.350 -23.400 0.000 5.760
3 0 -23.400 0.000 5.760 -21.410 0.000 5.750 -22.020 0.000 7.350
3 0 -23.900 0.000 7.350 -25.900 0.000 12.630 -25.900 0.000 -0.750
3 0 -25.900 0.000 -0.750 -23.900 0.000 5.760 -23.900 0.000 7.350
3 0 -11.770 0.000 1.550 -10.100 0.000 1.150 -10.100 0.000 5.600
3 0 -10.100 0.000 5.600 -11.770 0.000 5.620 -11.770 0.000 1.550
3 0 -13.450 0.000 6.840 -14.200 0.000 8.270 -14.520 0.000 8.230
3 0 -14.520 0.000 8.230 -15.050 0.000 6.840 -13.450 0.000 6.840
3 0 -16.850 0.000 12.630 -16.850 0.000 5.480 -15.020 0.000 8.730
3 0 -15.020 0.000 8.730 -15.020 0.000 11.040 -16.850 0.000 12.630
3 0 -10.360 0.000 13.130 -16.850 0.000 12.630 -14.520 0.000 11.540
3 0 -14.520 0.000 11.540 -10.360 0.000 11.530 -10.360 0.000 13.130
3 0 -4.562 0.000 13.013 -5.320 0.000 10.850 -4.820 0.000 10.850
3 0 -4.820 0.000 10.850 -2.770 0.000 12.880 -4.562 0.000 13.013
3 0 -5.130 0.000 12.630 -6.100 0.000 10.750 -5.320 0.000 10.850
3 0 -5.320 0.000 10.850 -4.562 0.000 13.013 -5.130 0.000 12.630
3 0 10.040 0.000 12.630 10.040 0.000 -0.750 12.010 0.000 4.540
3 0 12.010 0.000 4.540 12.010 0.000 9.100 10.040 0.000 12.630
3 0 12.010 0.000 9.100 12.010 0.000 4.540 12.060 0.000 4.800
3 0 12.060 0.000 4.800 12.100 0.000 9.000 12.010 0.000 9.100
3 0 12.250 0.000 9.010 12.100 0.000 9.000 12.190 0.000 5.010
3 0 12.190 0.000 5.010 12.490 0.000 5.140 12.250 0.000 9.010
3 0 14.030 0.000 7.790 14.420 0.000 12.630 12.510 0.000 9.260
3 0 12.510 0.000 9.260 14.000 0.000 7.680 14.030 0.000 7.790
3 0 14.000 0.000 7.530 14.000 0.000 7.680 12.510 0.000 9.260
3 0 12.510 0.000 9.260 12.400 0.000 9.100 14.000 0.000 7.530
3 0 17.010 0.000 -0.750 14.000 0.000 7.530 13.000 0.000 4.800
3 0 13.000 0.000 4.800 15.010 0.000 -0.750 17.010 0.000 -0.750
3 0 12.490 0.000 5.140 12.800 0.000 5.050 14.000 0.000 7.530
3 0 14.000 0.000 7.530 12.400 0.000 9.100 12.490 0.000 5.140
3 0 25.900 0.000 4.090 24.120 0.000 4.010 24.100 0.000 1.550
3 0 24.100 0.000 1.550 25.900 0.000 1.150 25.900 0.000 4.090
3 0 25.720 0.000 4.890 23.880 0.000 4.570 24.120 0.000 4.010
3 0 24.120 0.000 4.010 25.900 0.000 4.090 25.720 0.000 4.890
3 0 25.100 0.000 5.900 23.500 0.000 5.020 23.880 0.000 4.570
3 0 23.880 0.000 4.570 25.360 0.000 5.620 25.100 0.000 5.900
3 0 23.500 0.000 5.020 25.100 0.000 5.900 24.930 0.000 6.250
3 0 24.930 0.000 6.250 22.960 0.000 5.380 23.500 0.000 5.020
3 0 22.960 0.000 5.380 24.930 0.000 6.250 22.960 0.000 7.130
3 0 22.960 0.000 7.130 22.750 0.000 7.080 22.960 0.000 5.380
3 0 23.500 0.000 7.480 22.960 0.000 7.130 24.930 0.000 6.250
3 0 24.930 0.000 6.250 25.100 0.000 6.600 23.500 0.000 7.480
3 0 25.100 0.000 6.600 25.360 0.000 6.890 23.890 0.000 7.940
3 0 23.890 0.000 7.940 23.500 0.000 7.480 25.100 0.000 6.600
3 0 24.100 0.000 8.500 25.840 0.000 8.190 25.900 0.000 9.000
3 0 25.900 0.000 9.000 24.100 0.000 10.100 24.100 0.000 8.500
3 0 25.640 0.000 7.400 25.840 0.000 8.190 24.100 0.000 8.500
3 0 24.100 0.000 8.500 23.890 0.000 7.940 25.640 0.000 7.400
3 0 -16.260 0.000 -8.550 -15.430 0.000 -11.000 -15.320 0.000 -10.950
3 0 -15.320 0.000 -10.950 -15.560 0.000 -8.550 -16.260 0.000 -8.550
3 0 -14.460 0.000 -10.990 -15.560 0.000 -8.550 -15.320 0.000 -10.950
3 0 -15.320 0.000 -10.950 -15.220 0.000 -10.990 -14.460 0.000 -10.990
3 0 -15.140 0.000 -11.090 -14.340 0.000 -11.090 -14.460 0.000 -10.990
3 0 -14.460 0.000 -10.990 -15.220 0.000 -10.990 -15.140 0.000 -11.090
3 0 -14.060 0.000 -13.500 -13.360 0.000 -13.500 -14.340 0.000 -11.090
3 0 -14.340 0.000 -11.090 -15.140 0.000 -11.090 -14.060 0.000 -13.500
3 0 -13.360 0.000 -8.550 -14.060 0.000 -8.550 -14.060 0.000 -10.940
3 0 -14.060 0.000 -10.940 -13.360 0.000 -13.500 -13.360 0.000 -8.550
3 0 -16.260 0.000 -13.500 -15.560 0.000 -13.500 -15.500 0.000 -11.090
3 0 -15.500 0.000 -11.090 -16.260 0.000 -8.550 -16.260 0.000 -13.500
3 0 -9.350 0.000 -8.400 -12.000 0.000 -8.400 -11.300 0.000 -9.100
3 0 -11.300 0.000 -9.100 -9.350 0.000 -9.100 -9.350 0.000 -8.400
3 0 -11.450 0.000 -10.530 -12.000 0.000 -8.400 -12.000 0.000 -13.650
3 0 -12.000 0.000 -13.650 -11.450 0.000 -10.680 -11.450 0.000 -10.530
3 0 -11.300 0.000 -10.680 -11.450 0.000 -10.680 -11.450 0.000 -11.380
3 0 -11.450 0.000 -11.380 -11.300 0.000 -11.380 -11.300 0.000 -10.680
3 0 -10.210 0.000 -10.680 -11.300 0.000 -10.680 -11.300 0.000 -11.380
3 0 -11.300 0.000 -11.380 -10.210 0.000 -11.380 -10.210 0.000 -10.680
3 0 -9.350 0.000 -13.650 -9.350 0.000 -12.950 -11.300 0.000 -12.950
3 0 -11.300 0.000 -12.950 -12.000 0.000 -13.650 -9.350 0.000 -13.650
3 0 2.030 0.000 -11.140 2.730 0.000 -11.140 2.490 0.000 -10.310
3 0 2.490 0.000 -10.310 2.310 0.000 -10.230 2.030 0.000 -11.140
3 0 2.130 0.000 -10.150 1.180 0.000 -8.550 0.480 0.000 -8.550
3 0 0.480 0.000 -8.550 2.030 0.000 -11.140 2.130 0.000 -10.150
3 0 2.030 0.000 -13.500 2.730 0.000 -13.500 2.730 0.000 -11.140
3 0 2.730 0.000 -11.140 2.030 0.000 -11.140 2.030 0.000 -13.500
3 0 6.000 0.000 -12.450 6.000 0.000 -9.600 5.300 0.000 -9.400
3 0 5.300 0.000 -9.400 5.300 0.000 -12.650 6.000 0.000 -12.450
3 0 7.500 0.000 -9.600 7.500 0.000 -12.450 8.200 0.000 -12.650
3 0 8.200 0.000 -12.650 8.200 0.000 -9.400 7.500 0.000 -9.600
3 0 9.500 0.000 -8.400 10.000 0.000 -9.030 10.150 0.000 -9.030
3 0 10.150 0.000 -9.030 11.210 0.000 -8.400 9.500 0.000 -8.400
3 0 12.210 0.000 -9.400 11.510 0.000 -9.530 11.510 0.000 -10.550
3 0 11.510 0.000 -10.550 12.210 0.000 -10.700 12.210 0.000 -9.400
3 0 11.680 0.000 -11.460 11.716 0.000 -11.439 11.510 0.000 -11.000
3 0 11.510 0.000 -11.000 11.060 0.000 -11.000 11.680 0.000 -11.460
3 0 11.530 0.000 -11.530 11.060 0.000 -11.000 10.710 0.000 -11.660
3 0 10.710 0.000 -11.660 10.750 0.000 -11.720 11.530 0.000 -11.530
3 0 11.400 0.000 -13.500 12.100 0.000 -13.500 11.500 0.000 -11.650
3 0 11.500 0.000 -11.650 10.750 0.000 -11.720 11.400 0.000 -13.500
3 0 10.650 0.000 -11.630 10.710 0.000 -11.660 11.060 0.000 -11.000
3 0 11.060 0.000 -11.000 10.150 0.000 -11.000 10.650 0.000 -11.630
3 0 10.000 0.000 -11.630 10.150 0.000 -11.630 10.150 0.000 -11.000
3 0 10.150 0.000 -11.000 10.000 0.000 -11.000 10.000 0.000 -11.630
3 0 13.540 0.000 -8.550 13.540 0.000 -13.500 14.240 0.000 -12.250
3 0 14.240 0.000 -12.250 14.240 0.000 -10.170 13.540 0.000 -8.550
3 0 14.240 0.000 -12.250 14.430 0.000 -11.910 14.310 0.000 -10.280
3 0 14.310 0.000 -10.280 14.240 0.000 -10.170 14.240 0.000 -12.250
3 0 14.630 0.000 -10.280 14.460 0.000 -10.340 14.650 0.000 -11.790
3 0 14.650 0.000 -11.790 15.240 0.000 -10.770 14.630 0.000 -10.280
3 0 14.430 0.000 -11.910 14.650 0.000 -11.790 14.460 0.000 -10.340
3 0 14.460 0.000 -10.340 14.310 0.000 -10.280 14.430 0.000 -11.910
3 0 15.810 0.000 -8.550 14.780 0.000 -10.170 15.250 0.000 -10.660
3 0 15.250 0.000 -10.660 16.510 0.000 -8.550 15.810 0.000 -8.550
3 0 15.240 0.000 -10.770 15.240 0.000 -10.710 14.780 0.000 -10.170
3 0 14.780 0.000 -10.170 14.630 0.000 -10.280 15.240 0.000 -10.770
3 0 14.980 0.000 -11.920 15.740 0.000 -13.500 16.440 0.000 -13.500
3 0 16.440 0.000 -13.500 15.240 0.000 -10.770 14.980 0.000 -11.920
3 0 -7.080 0.000 -10.930 -8.320 0.000 -8.550 -7.260 0.000 -13.500
3 0 -7.260 0.000 -13.500 -7.080 0.000 -11.080 -7.080 0.000 -10.930
3 0 -6.560 0.000 -13.500 -6.880 0.000 -11.080 -7.080 0.000 -11.080
3 0 -7.080 0.000 -11.080 -7.260 0.000 -13.500 -6.560 0.000 -13.500
3 0 -5.770 0.000 -10.720 -5.770 0.000 -10.620 -6.680 0.000 -10.930
3 0 -6.680 0.000 -10.930 -6.680 0.000 -11.080 -5.770 0.000 -10.720
3 0 -5.770 0.000 -10.620 -5.620 0.000 -10.620 -5.240 0.000 -8.550
3 0 -5.240 0.000 -8.550 -5.940 0.000 -8.550 -5.770 0.000 -10.620
3 0 -4.540 0.000 -10.930 -5.240 0.000 -8.550 -5.470 0.000 -10.620
3 0 -5.470 0.000 -10.620 -5.470 0.000 -10.720 -4.540 0.000 -10.930
3 0 -3.790 0.000 -13.500 -2.810 0.000 -8.550 -4.140 0.000 -10.930
3 0 -4.140 0.000 -10.930 -4.140 0.000 -11.080 -3.790 0.000 -13.500
3 0 -12.200 0.000 -8.600 -12.200 0.000 -13.450 -12.000 0.000 -13.650
3 0 -12.000 0.000 -13.650 -12.000 0.000 -8.400 -12.200 0.000 -8.600
3 0 -4.540 0.000 -11.080 -4.490 0.000 -13.500 -3.790 0.000 -13.500
3 0 -3.790 0.000 -13.500 -4.340 0.000 -11.080 -4.540 0.000 -11.080
3 0 21.400 0.000 13.060 22.200 0.000 11.300 22.560 0.000 11.340
3 0 22.560 0.000 11.340 22.500 0.000 13.130 21.400 0.000 13.060
3 0 22.500 0.000 13.130 22.560 0.000 11.340 22.900 0.000 11.300
3 0 22.900 0.000 11.300 23.500 0.000 13.060 22.500 0.000 13.130
3 0 9.500 0.000 -8.400 9.300 0.000 -13.500 10.000 0.000 -11.000
3 0 10.000 0.000 -11.000 10.000 0.000 -10.850 9.500 0.000 -8.400
3 0 -23.900 0.000 7.350 -23.900 0.000 5.760 -23.400 0.000 5.760
3 0 -23.400 0.000 5.760 -23.400 0.000 7.350 -23.900 0.000 7.350
3 0 -4.350 0.000 13.130 -4.562 0.000 13.013 -2.770 0.000 12.880
3 0 -2.770 0.000 12.880 -3.670 0.000 13.130 -4.350 0.000 13.130
3 0 -4.820 0.000 10.350 -4.820 0.000 -0.750 -2.820 0.000 -0.750
3 0 -2.820 0.000 -0.750 -2.770 0.000 12.880 -4.820 0.000 10.350
3 0 3.140 0.000 12.630 3.978 0.000 5.721 4.169 0.000 6.183
3 0 4.169 0.000 6.183 5.740 0.000 12.630 3.140 0.000 12.630
3 0 4.631 0.000 5.992 5.093 0.000 5.801 5.740 0.000 12.630
3 0 5.740 0.000 12.630 4.169 0.000 6.183 4.631 0.000 5.992
1 16 0.0000 0.0000 0.0000 1.0000 0.0000 0.0000 0.0000 1.0000 0.0000 0.0000 0.0000 1.0000 s/87079s01.dat
1 16 11.2100 0.0000 -9.4000 1.0000 0.0000 0.0000 0.0000 1.0000 0.0000 0.0000 0.0000 1.0000 1-4ndis.dat
1 16 11.0100 0.0000 -9.5300 0.5000 0.0000 0.0000 0.0000 1.0000 0.0000 0.0000 0.0000 0.5000 1-4chrd.dat
1 16 23.5000 0.0000 10.6600 2.4000 0.0000 0.0000 0.0000 1.0000 0.0000 0.0000 0.0000 2.4000 1-4ndis.dat
1 16 21.4000 0.0000 10.6600 -2.4000 0.0000 0.0000 0.0000 1.0000 0.0000 0.0000 0.0000 2.4000 1-4ndis.dat
1 16 22.9000 0.0000 10.1000 1.2000 0.0000 0.0000 0.0000 1.0000 0.0000 0.0000 0.0000 1.2000 1-4chrd.dat
1 16 22.2000 0.0000 10.1000 -1.2000 0.0000 0.0000 0.0000 1.0000 0.0000 0.0000 0.0000 1.2000 1-4chrd.dat
1 16 2.3900 0.0000 -10.0500 0.1800 0.0000 -0.0800 0.0000 1.0000 0.0000 -0.0800 0.0000 -0.1800 3-8chrd.dat
1 16 0.8300 0.0000 -8.5500 -0.3500 0.0000 -0.1000 0.0000 1.0000 0.0000 0.0000 0.0000 0.1500 2-4ndis.DAT
1 16 3.9700 0.0000 -8.5500 -0.3500 0.0000 0.1000 0.0000 1.0000 0.0000 0.0000 0.0000 0.1500 2-4ndis.DAT
1 16 -5.6200 0.0000 -10.7200 -0.1500 0.0000 0.0000 0.0000 1.0000 0.0000 0.0000 0.0000 0.1000 2-4chrd.dat
1 16 -6.8800 0.0000 -10.9300 0.2000 0.0000 0.0000 0.0000 1.0000 0.0000 0.0000 0.0000 -0.1500 2-4chrd.dat
1 16 -12.0000 0.0000 -8.6000 -0.2000 0.0000 0.0000 0.0000 1.0000 0.0000 0.0000 0.0000 0.2000 1-4ndis.dat
1 16 -12.0000 0.0000 -13.4500 -0.2000 0.0000 0.0000 0.0000 1.0000 0.0000 0.0000 0.0000 -0.2000 1-4ndis.dat
1 16 -5.5900 0.0000 -8.5500 -0.3500 0.0000 0.0000 0.0000 1.0000 0.0000 0.0000 0.0000 0.1500 2-4ndis.DAT
1 16 -36.0000 0.0000 15.9000 -2.0000 0.0000 0.0000 0.0000 1.0000 0.0000 0.0000 0.0000 2.0000 1-4ndis.dat
1 16 36.0000 0.0000 15.9000 2.0000 0.0000 0.0000 0.0000 1.0000 0.0000 0.0000 0.0000 2.0000 1-4ndis.dat
1 16 -36.0000 0.0000 -15.9000 -2.0000 0.0000 0.0000 0.0000 1.0000 0.0000 0.0000 0.0000 -2.0000 1-4ndis.dat
1 16 36.0000 0.0000 -15.9000 2.0000 0.0000 0.0000 0.0000 1.0000 0.0000 0.0000 0.0000 -2.0000 1-4ndis.dat
1 16 -36.0000 0.0000 15.9000 -1.0000 0.0000 0.0000 0.0000 1.0000 0.0000 0.0000 0.0000 1.0000 1-4chrd.dat
1 16 36.0000 0.0000 15.9000 1.0000 0.0000 0.0000 0.0000 1.0000 0.0000 0.0000 0.0000 1.0000 1-4chrd.dat
1 16 -36.0000 0.0000 -15.9000 -1.0000 0.0000 0.0000 0.0000 1.0000 0.0000 0.0000 0.0000 -1.0000 1-4chrd.dat
1 16 36.0000 0.0000 -15.9000 1.0000 0.0000 0.0000 0.0000 1.0000 0.0000 0.0000 0.0000 -1.0000 1-4chrd.dat
1 16 -7.9700 0.0000 -8.5500 -0.3500 0.0000 0.0000 0.0000 1.0000 0.0000 0.0000 0.0000 0.1500 2-4ndis.DAT
1 16 -3.1600 0.0000 -8.5500 -0.3500 0.0000 0.0000 0.0000 1.0000 0.0000 0.0000 0.0000 0.1500 2-4ndis.DAT
1 16 -10.2100 0.0000 -11.0300 0.0000 0.0000 0.1500 0.0000 1.0000 0.0000 0.3500 0.0000 0.0000 2-4ndis.DAT
1 16 -9.3500 0.0000 -8.7500 0.0000 0.0000 0.1500 0.0000 1.0000 0.0000 0.3500 0.0000 0.0000 2-4ndis.DAT
1 16 -9.3500 0.0000 -13.3000 0.0000 0.0000 0.1500 0.0000 1.0000 0.0000 0.3500 0.0000 0.0000 2-4ndis.DAT
1 16 -15.9100 0.0000 -8.5500 -0.3500 0.0000 0.0000 0.0000 1.0000 0.0000 0.0000 0.0000 0.1500 2-4ndis.DAT
1 16 -13.7100 0.0000 -8.5500 -0.3500 0.0000 0.0000 0.0000 1.0000 0.0000 0.0000 0.0000 0.1500 2-4ndis.DAT
1 16 -13.7100 0.0000 -13.5000 0.3500 0.0000 0.0000 0.0000 1.0000 0.0000 0.0000 0.0000 -0.1500 2-4ndis.DAT
1 16 -15.9100 0.0000 -13.5000 0.3500 0.0000 0.0000 0.0000 1.0000 0.0000 0.0000 0.0000 -0.1500 2-4ndis.DAT
1 16 -4.1400 0.0000 -13.5000 0.3500 0.0000 0.0000 0.0000 1.0000 0.0000 0.0000 0.0000 -0.1500 2-4ndis.DAT
1 16 -6.9100 0.0000 -13.5000 0.3500 0.0000 0.0000 0.0000 1.0000 0.0000 0.0000 0.0000 -0.1500 2-4ndis.DAT
1 16 -4.3400 0.0000 -10.9300 0.2000 0.0000 0.0000 0.0000 1.0000 0.0000 0.0000 0.0000 -0.1500 2-4chrd.dat
1 16 2.3800 0.0000 -13.5000 0.3500 0.0000 0.0000 0.0000 1.0000 0.0000 0.0000 0.0000 -0.1500 2-4ndis.DAT
1 16 9.6500 0.0000 -13.5000 0.3500 0.0000 0.0000 0.0000 1.0000 0.0000 0.0000 0.0000 -0.1500 2-4ndis.DAT
1 16 9.5000 0.0000 -8.6000 -0.2000 0.0000 0.0000 0.0000 1.0000 0.0000 0.0000 0.0000 0.2000 1-4ndis.dat
1 16 11.7500 0.0000 -13.5000 0.3500 0.0000 0.0500 0.0000 1.0000 0.0000 0.0000 0.0000 -0.1500 2-4ndis.DAT
1 16 13.8900 0.0000 -13.5000 0.3500 0.0000 0.0000 0.0000 1.0000 0.0000 0.0000 0.0000 -0.1500 2-4ndis.DAT
1 16 16.1600 0.0000 -8.5500 -0.3500 0.0000 0.1000 0.0000 1.0000 0.0000 0.0000 0.0000 0.1500 2-4ndis.DAT
1 16 13.8900 0.0000 -8.5500 -0.3500 0.0000 0.0000 0.0000 1.0000 0.0000 0.0000 0.0000 0.1500 2-4ndis.DAT
1 16 16.0900 0.0000 -13.5000 0.3500 0.0000 0.0700 0.0000 1.0000 0.0000 0.0000 0.0000 -0.1500 2-4ndis.DAT
1 16 10.1500 0.0000 -9.1800 -0.1500 0.0000 0.0000 0.0000 1.0000 0.0000 0.0000 0.0000 0.1500 1-4chrd.dat
1 16 10.1500 0.0000 -11.7800 -0.1500 0.0000 0.0000 0.0000 1.0000 0.0000 0.0000 0.0000 0.1500 1-4chrd.dat
1 16 10.1500 0.0000 -10.8500 0.0000 0.0000 -0.1500 0.0000 1.0000 0.0000 -0.1500 0.0000 0.0000 1-4chrd.dat
1 16 11.0600 0.0000 -10.5500 0.0000 0.0000 0.4500 0.0000 1.0000 0.0000 -0.4500 0.0000 0.0000 1-4chrd.dat
1 16 11.4100 0.0000 -10.7000 0.8000 0.0000 0.0000 0.0000 1.0000 0.0000 0.0000 0.0000 -0.8000 3-16ndis.dat
1 16 7.2000 0.0000 -9.4000 1.0000 0.0000 0.0000 0.0000 1.0000 0.0000 0.0000 0.0000 1.0000 1-4ndis.dat
1 16 7.0000 0.0000 -9.6000 0.5000 0.0000 0.0000 0.0000 1.0000 0.0000 0.0000 0.0000 0.5000 1-4chrd.dat
1 16 6.5000 0.0000 -9.6000 0.0000 0.0000 -0.5000 0.0000 1.0000 0.0000 0.5000 0.0000 0.0000 1-4chrd.dat
1 16 6.3000 0.0000 -9.4000 0.0000 0.0000 -1.0000 0.0000 1.0000 0.0000 1.0000 0.0000 0.0000 1-4ndis.dat
1 16 6.3000 0.0000 -12.6500 -1.0000 0.0000 0.0000 0.0000 1.0000 0.0000 0.0000 0.0000 -1.0000 1-4ndis.dat
1 16 6.5000 0.0000 -12.4500 -0.5000 0.0000 0.0000 0.0000 1.0000 0.0000 0.0000 0.0000 -0.5000 1-4chrd.dat
1 16 7.0000 0.0000 -12.4500 0.0000 0.0000 0.5000 0.0000 1.0000 0.0000 -0.5000 0.0000 0.0000 1-4chrd.dat
1 16 7.2000 0.0000 -12.6500 0.0000 0.0000 1.0000 0.0000 1.0000 0.0000 -1.0000 0.0000 0.0000 1-4ndis.dat
1 16 -11.3000 0.0000 -9.2500 -0.1500 0.0000 0.0000 0.0000 1.0000 0.0000 0.0000 0.0000 0.1500 1-4chrd.dat
1 16 -11.3000 0.0000 -11.5300 -0.1500 0.0000 0.0000 0.0000 1.0000 0.0000 0.0000 0.0000 0.1500 1-4chrd.dat
1 16 -11.3000 0.0000 -10.5300 0.0000 0.0000 -0.1500 0.0000 1.0000 0.0000 -0.1500 0.0000 0.0000 1-4chrd.dat
1 16 -11.3000 0.0000 -12.8000 0.0000 0.0000 -0.1500 0.0000 1.0000 0.0000 -0.1500 0.0000 0.0000 1-4chrd.dat
1 16 21.4000 0.0000 1.1500 -2.4000 0.0000 0.0000 0.0000 1.0000 0.0000 0.0000 0.0000 -2.4000 1-4ndis.dat
1 16 23.5000 0.0000 1.1500 2.4000 0.0000 0.0000 0.0000 1.0000 0.0000 0.0000 0.0000 -2.4000 1-4ndis.dat
1 16 22.2000 0.0000 1.5500 -1.2000 0.0000 0.0000 0.0000 1.0000 0.0000 0.0000 0.0000 -1.2000 1-4chrd.dat
1 16 22.9000 0.0000 1.5500 1.2000 0.0000 0.0000 0.0000 1.0000 0.0000 0.0000 0.0000 -1.2000 1-4chrd.dat
1 16 20.5000 0.0000 -14.6000 1.0000 0.0000 0.0000 0.0000 1.0000 0.0000 0.0000 0.0000 -1.0000 4-4ndis.dat
1 16 -20.5000 0.0000 -14.6000 1.0000 0.0000 0.0000 0.0000 1.0000 0.0000 0.0000 0.0000 -1.0000 4-4ndis.dat
1 16 -24.9000 0.0000 -0.7500 1.0000 0.0000 0.0000 0.0000 1.0000 0.0000 0.0000 0.0000 -0.5000 2-4ndis.DAT
1 16 -24.9000 0.0000 12.6300 -1.0000 0.0000 0.0000 0.0000 1.0000 0.0000 0.0000 0.0000 0.5000 1-4ndis.dat
1 16 -23.4000 0.0000 11.0300 0.0000 0.0000 -0.5000 0.0000 1.0000 0.0000 0.5000 0.0000 0.0000 1-4chrd.dat
1 16 -23.4000 0.0000 5.2600 0.0000 0.0000 -0.5000 0.0000 1.0000 0.0000 0.5000 0.0000 0.0000 1-4chrd.dat
1 16 -23.4000 0.0000 7.8500 -0.5000 0.0000 0.0000 0.0000 1.0000 0.0000 0.0000 0.0000 -0.5000 1-4chrd.dat
1 16 -21.4200 0.0000 10.7300 2.4000 0.0000 0.0000 0.0000 1.0000 0.0000 0.0000 0.0000 2.4000 1-4ndis.dat
1 16 -22.0200 0.0000 10.3300 1.2000 0.0000 0.0000 0.0000 1.0000 0.0000 0.0000 0.0000 1.2000 1-4chrd.dat
1 16 -21.4100 0.0000 8.1500 0.0000 0.0000 2.4000 0.0000 1.0000 0.0000 -2.4000 0.0000 0.0000 1-4ndis.dat
1 16 -22.0200 0.0000 8.5500 0.0000 0.0000 1.2000 0.0000 1.0000 0.0000 -1.2000 0.0000 0.0000 1-4chrd.dat
1 16 -3.8200 0.0000 -0.7500 1.0000 0.0000 0.0000 0.0000 1.0000 0.0000 0.0000 0.0000 -0.5000 2-4ndis.DAT
1 16 2.1100 0.0000 -0.7500 1.3000 0.0000 -0.1000 0.0000 1.0000 0.0000 0.0000 0.0000 -0.5000 2-4ndis.DAT
1 16 6.7600 0.0000 -0.7500 1.3000 0.0000 0.1000 0.0000 1.0000 0.0000 0.0000 0.0000 -0.5000 2-4ndis.DAT
1 16 11.0400 0.0000 -0.7500 1.0000 0.0000 0.0000 0.0000 1.0000 0.0000 0.0000 0.0000 -0.5000 2-4ndis.DAT
1 16 16.0100 0.0000 -0.7500 1.0000 0.0000 0.2000 0.0000 1.0000 0.0000 0.0000 0.0000 -0.5000 2-4ndis.DAT
1 16 20.0000 0.0000 10.1000 1.0000 0.0000 0.0000 0.0000 1.0000 0.0000 0.0000 0.0000 -0.5000 2-4ndis.DAT
1 16 20.0000 0.0000 1.5500 -1.0000 0.0000 0.0000 0.0000 1.0000 0.0000 0.0000 0.0000 0.5000 2-4ndis.DAT
1 16 22.5300 0.0000 6.2400 0.0000 0.0000 -0.4000 0.0000 1.0000 0.0000 -0.8000 0.0000 0.0000 2-4ndis.DAT
1 16 -16.3500 0.0000 12.6300 0.0000 0.0000 -0.5000 0.0000 1.0000 0.0000 0.5000 0.0000 0.0000 1-4ndis.dat
1 16 -15.9500 0.0000 5.4800 0.9000 0.0000 0.0000 0.0000 1.0000 0.0000 0.0000 0.0000 -0.2500 2-4ndis.DAT
1 16 -3.6700 0.0000 12.8800 0.9000 0.0000 0.0000 0.0000 1.0000 0.0000 0.0000 0.0000 0.2500 1-4ndis.dat
1 16 -4.3500 0.0000 12.7300 0.0000 0.0000 -0.3000 0.0000 1.0000 0.0000 0.4000 0.0000 0.0000 1-8ndis.dat
1 16 -10.3600 0.0000 12.3300 0.0000 0.0000 0.4000 0.0000 1.0000 0.0000 0.8000 0.0000 0.0000 2-4ndis.DAT
1 16 -6.1000 0.0000 11.5500 0.0000 0.0000 -0.4000 0.0000 1.0000 0.0000 -0.8000 0.0000 0.0000 2-4ndis.DAT
1 16 -14.5200 0.0000 11.0400 0.0000 0.0000 -0.5000 0.0000 1.0000 0.0000 0.5000 0.0000 0.0000 1-4chrd.dat
1 16 -13.1000 0.0000 5.6000 3.0000 0.0000 0.0000 0.0000 1.0000 0.0000 0.0000 0.0000 2.8000 1-4ndis.dat
1 16 -13.1700 0.0000 5.6200 1.4000 0.0000 0.0000 0.0000 1.0000 0.0000 0.0000 0.0000 1.2000 1-4chrd.dat
1 16 -13.4500 0.0000 5.4800 0.0000 0.0000 -1.6000 0.0000 1.0000 0.0000 1.3600 0.0000 0.0000 1-4chrd.dat
1 16 -14.5200 0.0000 8.7300 -0.5000 0.0000 0.0000 0.0000 1.0000 0.0000 0.0000 0.0000 -0.5000 1-4chrd.dat
1 16 -5.3200 0.0000 10.3500 0.5000 0.0000 0.0000 0.0000 1.0000 0.0000 0.0000 0.0000 0.5000 1-4chrd.dat
1 16 -13.3000 0.0000 1.1500 3.2000 0.0000 0.0000 0.0000 1.0000 0.0000 0.0000 0.0000 -2.4000 1-4ndis.dat
1 16 -13.2700 0.0000 1.5500 1.5000 0.0000 0.0000 0.0000 1.0000 0.0000 0.0000 0.0000 -1.2000 1-4chrd.dat
1 16 -13.3000 0.0000 0.9500 -3.5000 0.0000 0.0000 0.0000 1.0000 0.0000 0.0000 0.0000 -2.2000 1-4ndis.dat
1 16 -13.2700 0.0000 0.9500 -1.5300 0.0000 0.0000 0.0000 1.0000 0.0000 0.0000 0.0000 -0.6000 1-4chrd.dat
1 16 -15.8000 0.0000 0.9500 -1.0000 0.0000 -0.2000 0.0000 1.0000 0.0000 0.0000 0.0000 1.0000 2-4ndis.DAT
1 16 15.6200 0.0000 12.6300 -1.2000 0.0000 0.2000 0.0000 1.0000 0.0000 0.0000 0.0000 0.5000 2-4ndis.DAT
1 16 11.0400 0.0000 12.6300 -1.0000 0.0000 0.0000 0.0000 1.0000 0.0000 0.0000 0.0000 0.5000 2-4ndis.DAT
1 16 4.4400 0.0000 12.6300 -1.3000 0.0000 0.0000 0.0000 1.0000 0.0000 0.0000 0.0000 0.5000 2-4ndis.DAT
1 16 4.1100 0.0000 0.3400 0.1000 0.0000 -0.5001 0.0000 1.0000 0.0000 0.5001 0.0000 -0.0020 1-4chrd.dat
1 16 4.8100 0.0000 0.3400 -0.1000 0.0000 0.5001 0.0000 1.0000 0.0000 0.5001 0.0000 -0.0020 1-4chrd.dat
1 16 4.1100 0.0000 3.1400 -0.1000 0.0000 -0.5001 0.0000 1.0000 0.0000 -0.5001 0.0000 -0.0020 1-4chrd.dat
1 16 4.8100 0.0000 3.1400 0.1000 0.0000 0.5001 0.0000 1.0000 0.0000 -0.5001 0.0000 -0.0020 1-4chrd.dat
1 16 4.4400 0.0000 5.5300 -0.4619 0.0000 0.1913 0.0000 1.0000 0.0000 0.1913 0.0000 0.4619 3-8chrd.dat
1 0 11.2100 0.0000 -9.4000 1.0000 0.0000 0.0000 0.0000 1.0000 0.0000 0.0000 0.0000 1.0000 1-4chrd.dat
1 0 11.0100 0.0000 -9.5300 0.5000 0.0000 0.0000 0.0000 1.0000 0.0000 0.0000 0.0000 0.5000 1-4ndis.dat
1 0 23.5000 0.0000 10.6600 2.4000 0.0000 0.0000 0.0000 1.0000 0.0000 0.0000 0.0000 2.4000 1-4chrd.dat
1 0 21.4000 0.0000 10.6600 -2.4000 0.0000 0.0000 0.0000 1.0000 0.0000 0.0000 0.0000 2.4000 1-4chrd.dat
1 0 22.9000 0.0000 10.1000 1.2000 0.0000 0.0000 0.0000 1.0000 0.0000 0.0000 0.0000 1.2000 1-4ndis.dat
1 0 22.2000 0.0000 10.1000 -1.2000 0.0000 0.0000 0.0000 1.0000 0.0000 0.0000 0.0000 1.2000 1-4ndis.dat
1 0 2.3900 0.0000 -10.0500 0.1800 0.0000 -0.0800 0.0000 1.0000 0.0000 -0.0800 0.0000 -0.1800 3-8ndis.dat
1 0 0.8300 0.0000 -8.5500 -0.3500 0.0000 -0.1000 0.0000 1.0000 0.0000 0.0000 0.0000 0.1500 2-4chrd.dat
1 0 3.9700 0.0000 -8.5500 -0.3500 0.0000 0.1000 0.0000 1.0000 0.0000 0.0000 0.0000 0.1500 2-4chrd.dat
1 0 -5.6200 0.0000 -10.7200 -0.1500 0.0000 0.0000 0.0000 1.0000 0.0000 0.0000 0.0000 0.1000 2-4ndis.DAT
1 0 -6.8800 0.0000 -10.9300 0.2000 0.0000 0.0000 0.0000 1.0000 0.0000 0.0000 0.0000 -0.1500 2-4ndis.DAT
1 0 -12.0000 0.0000 -8.6000 -0.2000 0.0000 0.0000 0.0000 1.0000 0.0000 0.0000 0.0000 0.2000 1-4chrd.dat
1 0 -12.0000 0.0000 -13.4500 -0.2000 0.0000 0.0000 0.0000 1.0000 0.0000 0.0000 0.0000 -0.2000 1-4chrd.dat
1 0 -5.5900 0.0000 -8.5500 -0.3500 0.0000 0.0000 0.0000 1.0000 0.0000 0.0000 0.0000 0.1500 2-4chrd.dat
1 0 -36.0000 0.0000 15.9000 -1.0000 0.0000 0.0000 0.0000 1.0000 0.0000 0.0000 0.0000 1.0000 1-4ring1.dat
1 0 36.0000 0.0000 15.9000 1.0000 0.0000 0.0000 0.0000 1.0000 0.0000 0.0000 0.0000 1.0000 1-4ring1.dat
1 0 -36.0000 0.0000 -15.9000 -1.0000 0.0000 0.0000 0.0000 1.0000 0.0000 0.0000 0.0000 -1.0000 1-4ring1.dat
1 0 36.0000 0.0000 -15.9000 1.0000 0.0000 0.0000 0.0000 1.0000 0.0000 0.0000 0.0000 -1.0000 1-4ring1.dat
1 0 -7.9700 0.0000 -8.5500 -0.3500 0.0000 0.0000 0.0000 1.0000 0.0000 0.0000 0.0000 0.1500 2-4chrd.dat
1 0 -3.1600 0.0000 -8.5500 -0.3500 0.0000 0.0000 0.0000 1.0000 0.0000 0.0000 0.0000 0.1500 2-4chrd.dat
1 0 -10.2100 0.0000 -11.0300 0.0000 0.0000 0.1500 0.0000 1.0000 0.0000 0.3500 0.0000 0.0000 2-4chrd.dat
1 0 -9.3500 0.0000 -8.7500 0.0000 0.0000 0.1500 0.0000 1.0000 0.0000 0.3500 0.0000 0.0000 2-4chrd.dat
1 0 -9.3500 0.0000 -13.3000 0.0000 0.0000 0.1500 0.0000 1.0000 0.0000 0.3500 0.0000 0.0000 2-4chrd.dat
1 0 -15.9100 0.0000 -8.5500 -0.3500 0.0000 0.0000 0.0000 1.0000 0.0000 0.0000 0.0000 0.1500 2-4chrd.dat
1 0 -13.7100 0.0000 -8.5500 -0.3500 0.0000 0.0000 0.0000 1.0000 0.0000 0.0000 0.0000 0.1500 2-4chrd.dat
1 0 -13.7100 0.0000 -13.5000 0.3500 0.0000 0.0000 0.0000 1.0000 0.0000 0.0000 0.0000 -0.1500 2-4chrd.dat
1 0 -15.9100 0.0000 -13.5000 0.3500 0.0000 0.0000 0.0000 1.0000 0.0000 0.0000 0.0000 -0.1500 2-4chrd.dat
1 0 -4.1400 0.0000 -13.5000 0.3500 0.0000 0.0000 0.0000 1.0000 0.0000 0.0000 0.0000 -0.1500 2-4chrd.dat
1 0 -6.9100 0.0000 -13.5000 0.3500 0.0000 0.0000 0.0000 1.0000 0.0000 0.0000 0.0000 -0.1500 2-4chrd.dat
1 0 -4.3400 0.0000 -10.9300 0.2000 0.0000 0.0000 0.0000 1.0000 0.0000 0.0000 0.0000 -0.1500 2-4ndis.DAT
1 0 2.3800 0.0000 -13.5000 0.3500 0.0000 0.0000 0.0000 1.0000 0.0000 0.0000 0.0000 -0.1500 2-4chrd.dat
1 0 9.6500 0.0000 -13.5000 0.3500 0.0000 0.0000 0.0000 1.0000 0.0000 0.0000 0.0000 -0.1500 2-4chrd.dat
1 0 9.5000 0.0000 -8.6000 -0.2000 0.0000 0.0000 0.0000 1.0000 0.0000 0.0000 0.0000 0.2000 1-4chrd.dat
1 0 11.7500 0.0000 -13.5000 0.3500 0.0000 0.0500 0.0000 1.0000 0.0000 0.0000 0.0000 -0.1500 2-4chrd.dat
1 0 13.8900 0.0000 -13.5000 0.3500 0.0000 0.0000 0.0000 1.0000 0.0000 0.0000 0.0000 -0.1500 2-4chrd.dat
1 0 16.1600 0.0000 -8.5500 -0.3500 0.0000 0.1000 0.0000 1.0000 0.0000 0.0000 0.0000 0.1500 2-4chrd.dat
1 0 13.8900 0.0000 -8.5500 -0.3500 0.0000 0.0000 0.0000 1.0000 0.0000 0.0000 0.0000 0.1500 2-4chrd.dat
1 0 16.0900 0.0000 -13.5000 0.3500 0.0000 0.0700 0.0000 1.0000 0.0000 0.0000 0.0000 -0.1500 2-4chrd.dat
1 0 10.1500 0.0000 -9.1800 -0.1500 0.0000 0.0000 0.0000 1.0000 0.0000 0.0000 0.0000 0.1500 1-4ndis.dat
1 0 10.1500 0.0000 -11.7800 -0.1500 0.0000 0.0000 0.0000 1.0000 0.0000 0.0000 0.0000 0.1500 1-4ndis.dat
1 0 10.1500 0.0000 -10.8500 0.0000 0.0000 -0.1500 0.0000 1.0000 0.0000 -0.1500 0.0000 0.0000 1-4ndis.dat
1 0 11.0600 0.0000 -10.5500 0.0000 0.0000 0.4500 0.0000 1.0000 0.0000 -0.4500 0.0000 0.0000 1-4ndis.dat
1 0 11.4100 0.0000 -10.7000 0.8000 0.0000 0.0000 0.0000 1.0000 0.0000 0.0000 0.0000 -0.8000 3-16chrd.dat
1 0 7.2000 0.0000 -9.4000 1.0000 0.0000 0.0000 0.0000 1.0000 0.0000 0.0000 0.0000 1.0000 1-4chrd.dat
1 0 7.0000 0.0000 -9.6000 0.5000 0.0000 0.0000 0.0000 1.0000 0.0000 0.0000 0.0000 0.5000 1-4ndis.dat
1 0 6.5000 0.0000 -9.6000 0.0000 0.0000 -0.5000 0.0000 1.0000 0.0000 0.5000 0.0000 0.0000 1-4ndis.dat
1 0 6.3000 0.0000 -9.4000 0.0000 0.0000 -1.0000 0.0000 1.0000 0.0000 1.0000 0.0000 0.0000 1-4chrd.dat
1 0 6.3000 0.0000 -12.6500 -1.0000 0.0000 0.0000 0.0000 1.0000 0.0000 0.0000 0.0000 -1.0000 1-4chrd.dat
1 0 6.5000 0.0000 -12.4500 -0.5000 0.0000 0.0000 0.0000 1.0000 0.0000 0.0000 0.0000 -0.5000 1-4ndis.dat
1 0 7.0000 0.0000 -12.4500 0.0000 0.0000 0.5000 0.0000 1.0000 0.0000 -0.5000 0.0000 0.0000 1-4ndis.dat
1 0 7.2000 0.0000 -12.6500 0.0000 0.0000 1.0000 0.0000 1.0000 0.0000 -1.0000 0.0000 0.0000 1-4chrd.dat
1 0 -11.3000 0.0000 -9.2500 -0.1500 0.0000 0.0000 0.0000 1.0000 0.0000 0.0000 0.0000 0.1500 1-4ndis.dat
1 0 -11.3000 0.0000 -11.5300 -0.1500 0.0000 0.0000 0.0000 1.0000 0.0000 0.0000 0.0000 0.1500 1-4ndis.dat
1 0 -11.3000 0.0000 -10.5300 0.0000 0.0000 -0.1500 0.0000 1.0000 0.0000 -0.1500 0.0000 0.0000 1-4ndis.dat
1 0 -11.3000 0.0000 -12.8000 0.0000 0.0000 -0.1500 0.0000 1.0000 0.0000 -0.1500 0.0000 0.0000 1-4ndis.dat
1 0 21.4000 0.0000 1.1500 -2.4000 0.0000 0.0000 0.0000 1.0000 0.0000 0.0000 0.0000 -2.4000 1-4chrd.dat
1 0 23.5000 0.0000 1.1500 2.4000 0.0000 0.0000 0.0000 1.0000 0.0000 0.0000 0.0000 -2.4000 1-4chrd.dat
1 0 22.2000 0.0000 1.5500 -1.2000 0.0000 0.0000 0.0000 1.0000 0.0000 0.0000 0.0000 -1.2000 1-4ndis.dat
1 0 22.9000 0.0000 1.5500 1.2000 0.0000 0.0000 0.0000 1.0000 0.0000 0.0000 0.0000 -1.2000 1-4ndis.dat
1 0 20.5000 0.0000 -14.6000 1.0000 0.0000 0.0000 0.0000 1.0000 0.0000 0.0000 0.0000 -1.0000 4-4disc.dat
1 0 -20.5000 0.0000 -14.6000 1.0000 0.0000 0.0000 0.0000 1.0000 0.0000 0.0000 0.0000 -1.0000 4-4disc.dat
1 0 -24.9000 0.0000 -0.7500 1.0000 0.0000 0.0000 0.0000 1.0000 0.0000 0.0000 0.0000 -0.5000 2-4chrd.dat
1 0 -24.9000 0.0000 12.6300 -1.0000 0.0000 0.0000 0.0000 1.0000 0.0000 0.0000 0.0000 0.5000 1-4chrd.dat
1 0 -23.4000 0.0000 11.0300 0.0000 0.0000 -0.5000 0.0000 1.0000 0.0000 0.5000 0.0000 0.0000 1-4ndis.dat
1 0 -23.4000 0.0000 5.2600 0.0000 0.0000 -0.5000 0.0000 1.0000 0.0000 0.5000 0.0000 0.0000 1-4ndis.dat
1 0 -23.4000 0.0000 7.8500 -0.5000 0.0000 0.0000 0.0000 1.0000 0.0000 0.0000 0.0000 -0.5000 1-4ndis.dat
1 0 -21.4200 0.0000 10.7300 2.4000 0.0000 0.0000 0.0000 1.0000 0.0000 0.0000 0.0000 2.4000 1-4chrd.dat
1 0 -22.0200 0.0000 10.3300 1.2000 0.0000 0.0000 0.0000 1.0000 0.0000 0.0000 0.0000 1.2000 1-4ndis.dat
1 0 -21.4100 0.0000 8.1500 0.0000 0.0000 2.4000 0.0000 1.0000 0.0000 -2.4000 0.0000 0.0000 1-4chrd.dat
1 0 -22.0200 0.0000 8.5500 0.0000 0.0000 1.2000 0.0000 1.0000 0.0000 -1.2000 0.0000 0.0000 1-4ndis.dat
1 0 -3.8200 0.0000 -0.7500 1.0000 0.0000 0.0000 0.0000 1.0000 0.0000 0.0000 0.0000 -0.5000 2-4chrd.dat
1 0 2.1100 0.0000 -0.7500 1.3000 0.0000 -0.1000 0.0000 1.0000 0.0000 0.0000 0.0000 -0.5000 2-4chrd.dat
1 0 6.7600 0.0000 -0.7500 1.3000 0.0000 0.1000 0.0000 1.0000 0.0000 0.0000 0.0000 -0.5000 2-4chrd.dat
1 0 11.0400 0.0000 -0.7500 1.0000 0.0000 0.0000 0.0000 1.0000 0.0000 0.0000 0.0000 -0.5000 2-4chrd.dat
1 0 16.0100 0.0000 -0.7500 1.0000 0.0000 0.2000 0.0000 1.0000 0.0000 0.0000 0.0000 -0.5000 2-4chrd.dat
1 0 20.0000 0.0000 10.1000 1.0000 0.0000 0.0000 0.0000 1.0000 0.0000 0.0000 0.0000 -0.5000 2-4chrd.dat
1 0 20.0000 0.0000 1.5500 -1.0000 0.0000 0.0000 0.0000 1.0000 0.0000 0.0000 0.0000 0.5000 2-4chrd.dat
1 0 22.5300 0.0000 6.2400 0.0000 0.0000 -0.4000 0.0000 1.0000 0.0000 -0.8000 0.0000 0.0000 2-4chrd.dat
1 0 -16.3500 0.0000 12.6300 0.0000 0.0000 -0.5000 0.0000 1.0000 0.0000 0.5000 0.0000 0.0000 1-4chrd.dat
1 0 -15.9500 0.0000 5.4800 0.9000 0.0000 0.0000 0.0000 1.0000 0.0000 0.0000 0.0000 -0.2500 2-4chrd.dat
1 0 -3.6700 0.0000 12.8800 0.9000 0.0000 0.0000 0.0000 1.0000 0.0000 0.0000 0.0000 0.2500 1-4chrd.dat
1 0 -4.3500 0.0000 12.7300 0.0000 0.0000 -0.3000 0.0000 1.0000 0.0000 0.4000 0.0000 0.0000 1-8chrd.dat
1 0 -10.3600 0.0000 12.3300 0.0000 0.0000 0.4000 0.0000 1.0000 0.0000 0.8000 0.0000 0.0000 2-4chrd.dat
1 0 -6.1000 0.0000 11.5500 0.0000 0.0000 -0.4000 0.0000 1.0000 0.0000 -0.8000 0.0000 0.0000 2-4chrd.dat
1 0 -14.5200 0.0000 11.0400 0.0000 0.0000 -0.5000 0.0000 1.0000 0.0000 0.5000 0.0000 0.0000 1-4ndis.dat
1 0 -13.1000 0.0000 5.6000 3.0000 0.0000 0.0000 0.0000 1.0000 0.0000 0.0000 0.0000 2.8000 1-4chrd.dat
1 0 -13.1700 0.0000 5.6200 1.4000 0.0000 0.0000 0.0000 1.0000 0.0000 0.0000 0.0000 1.2000 1-4ndis.dat
1 0 -13.4500 0.0000 5.4800 0.0000 0.0000 -1.6000 0.0000 1.0000 0.0000 1.3600 0.0000 0.0000 1-4ndis.dat
1 0 -14.5200 0.0000 8.7300 -0.5000 0.0000 0.0000 0.0000 1.0000 0.0000 0.0000 0.0000 -0.5000 1-4ndis.dat
1 0 -5.3200 0.0000 10.3500 0.5000 0.0000 0.0000 0.0000 1.0000 0.0000 0.0000 0.0000 0.5000 1-4ndis.dat
1 0 -13.3000 0.0000 1.1500 3.2000 0.0000 0.0000 0.0000 1.0000 0.0000 0.0000 0.0000 -2.4000 1-4chrd.dat
1 0 -13.2700 0.0000 1.5500 1.5000 0.0000 0.0000 0.0000 1.0000 0.0000 0.0000 0.0000 -1.2000 1-4ndis.dat
1 0 -13.3000 0.0000 0.9500 -3.5000 0.0000 0.0000 0.0000 1.0000 0.0000 0.0000 0.0000 -2.2000 1-4chrd.dat
1 0 -13.2700 0.0000 0.9500 -1.5300 0.0000 0.0000 0.0000 1.0000 0.0000 0.0000 0.0000 -0.6000 1-4ndis.dat
1 0 -15.8000 0.0000 0.9500 -1.0000 0.0000 -0.2000 0.0000 1.0000 0.0000 0.0000 0.0000 1.0000 2-4chrd.dat
1 0 15.6200 0.0000 12.6300 -1.2000 0.0000 0.2000 0.0000 1.0000 0.0000 0.0000 0.0000 0.5000 2-4chrd.dat
1 0 11.0400 0.0000 12.6300 -1.0000 0.0000 0.0000 0.0000 1.0000 0.0000 0.0000 0.0000 0.5000 2-4chrd.dat
1 0 4.4400 0.0000 12.6300 -1.3000 0.0000 0.0000 0.0000 1.0000 0.0000 0.0000 0.0000 0.5000 2-4chrd.dat
1 0 4.1100 0.0000 0.3400 0.1000 0.0000 -0.5001 0.0000 1.0000 0.0000 0.5001 0.0000 -0.0020 1-4ndis.dat
1 0 4.8100 0.0000 0.3400 -0.1000 0.0000 0.5001 0.0000 1.0000 0.0000 0.5001 0.0000 -0.0020 1-4ndis.dat
1 0 4.1100 0.0000 3.1400 -0.1000 0.0000 -0.5001 0.0000 1.0000 0.0000 -0.5001 0.0000 -0.0020 1-4ndis.dat
1 0 4.8100 0.0000 3.1400 0.1000 0.0000 0.5001 0.0000 1.0000 0.0000 -0.5001 0.0000 -0.0020 1-4ndis.dat
1 0 4.4400 0.0000 5.5300 -0.4619 0.0000 0.1913 0.0000 1.0000 0.0000 0.1913 0.0000 0.4619 3-8ndis.dat
