0 FILE 92747pb09.dat
0 Minifigure, Shield Oval with Dimensions Keystone Symbol with Large White Circle, Lines and Characters Pattern
0 Name:  92747pb09.dat
0 Author:  
0 BL_Item_No 92747pb09
0 BFC CERTIFY CCW
3 16 -1.200 16.742 -8.000 -2.275 16.636 -8.000 -4.100 17.700 -8.000
3 16 -4.100 17.700 -8.000 -1.200 17.700 -8.000 -1.200 16.742 -8.000
3 16 -4.100 17.700 -8.000 -2.275 16.636 -8.000 -4.462 15.972 -8.000
3 16 -4.462 15.972 -8.000 -6.000 15.150 -8.000 -4.100 20.200 -8.000
3 16 -4.100 20.200 -8.000 -4.100 17.700 -8.000 -4.462 15.972 -8.000
3 16 -6.000 15.150 -8.000 -6.000 35.589 -8.000 -3.000 23.400 -8.000
3 16 -3.000 23.400 -8.000 -4.100 20.200 -8.000 -6.000 15.150 -8.000
3 16 0.300 20.200 -8.000 -4.100 20.200 -8.000 -3.000 23.400 -8.000
3 16 1.200 16.742 -8.000 1.200 17.700 -8.000 4.300 17.700 -8.000
3 16 4.300 17.700 -8.000 2.275 16.636 -8.000 1.200 16.742 -8.000
3 16 2.275 16.636 -8.000 4.300 17.700 -8.000 4.462 15.972 -8.000
3 16 4.462 15.972 -8.000 4.300 17.700 -8.000 4.300 19.800 -8.000
3 16 4.300 19.800 -8.000 6.000 15.150 -8.000 4.462 15.972 -8.000
3 16 6.000 35.589 -8.000 6.000 15.150 -8.000 4.300 19.800 -8.000
3 16 4.300 19.800 -8.000 -1.100 25.200 -8.000 4.920 36.314 -8.000
3 16 4.920 36.314 -8.000 6.000 35.589 -8.000 4.300 19.800 -8.000
3 16 4.920 36.314 -8.000 -1.100 25.200 -8.000 0.000 37.595 -8.000
3 16 0.000 37.595 -8.000 2.481 37.273 -8.000 4.920 36.314 -8.000
3 16 0.000 37.595 -8.000 -1.100 25.200 -8.000 -4.920 36.314 -8.000
3 16 -4.920 36.314 -8.000 -2.481 37.273 -8.000 0.000 37.595 -8.000
3 16 -4.920 36.314 -8.000 -1.100 25.200 -8.000 -3.000 23.400 -8.000
3 16 -3.000 23.400 -8.000 -6.000 35.589 -8.000 -4.920 36.314 -8.000
3 16 6.800 35.052 -8.000 7.275 34.733 -8.000 9.505 32.558 -8.000
3 16 9.505 32.558 -8.000 6.800 14.631 -8.000 6.800 35.052 -8.000
3 16 9.505 32.558 -8.000 11.573 29.826 -8.000 13.442 26.584 -8.000
3 16 13.442 26.584 -8.000 6.800 14.631 -8.000 9.505 32.558 -8.000
3 16 13.442 26.584 -8.000 15.082 22.886 -8.000 16.463 18.798 -8.000
3 16 16.463 18.798 -8.000 6.800 14.631 -8.000 13.442 26.584 -8.000
3 16 16.463 18.798 -8.000 17.563 14.387 -8.000 8.245 13.445 -8.000
3 16 8.245 13.445 -8.000 6.800 14.631 -8.000 16.463 18.798 -8.000
3 16 8.245 13.445 -8.000 17.563 14.387 -8.000 9.695 11.678 -8.000
3 16 9.695 11.678 -8.000 17.563 14.387 -8.000 18.362 9.730 -8.000
3 16 18.362 9.730 -8.000 10.772 9.662 -8.000 9.695 11.678 -8.000
3 16 10.772 9.662 -8.000 18.362 9.730 -8.000 14.500 6.400 -8.000
3 16 14.500 6.400 -8.000 11.436 7.475 -8.000 10.772 9.662 -8.000
3 16 14.500 6.400 -8.000 11.542 6.400 -8.000 11.436 7.475 -8.000
3 16 -6.800 35.052 -8.000 -6.800 14.631 -8.000 -9.505 32.558 -8.000
3 16 -9.505 32.558 -8.000 -7.275 34.733 -8.000 -6.800 35.052 -8.000
3 16 -9.505 32.558 -8.000 -6.800 14.631 -8.000 -13.442 26.584 -8.000
3 16 -13.442 26.584 -8.000 -11.573 29.826 -8.000 -9.505 32.558 -8.000
3 16 -13.442 26.584 -8.000 -6.800 14.631 -8.000 -16.463 18.798 -8.000
3 16 -16.463 18.798 -8.000 -15.082 22.886 -8.000 -13.442 26.584 -8.000
3 16 -8.245 13.445 -8.000 -16.463 18.798 -8.000 -6.800 14.631 -8.000
3 16 -9.695 11.678 -8.000 -16.463 18.798 -8.000 -8.245 13.445 -8.000
3 16 -9.695 11.678 -8.000 -10.772 9.662 -8.000 -17.563 14.387 -8.000
3 16 -17.563 14.387 -8.000 -16.463 18.798 -8.000 -9.695 11.678 -8.000
3 16 -17.563 14.387 -8.000 -10.772 9.662 -8.000 -11.436 7.475 -8.000
3 16 -11.436 7.475 -8.000 -18.362 9.730 -8.000 -17.563 14.387 -8.000
3 16 -18.362 9.730 -8.000 -11.436 7.475 -8.000 -11.542 6.400 -8.000
3 16 -11.542 6.400 -8.000 -14.500 6.400 -8.000 -18.362 9.730 -8.000
3 16 -18.362 9.730 -8.000 -14.500 6.400 -8.000 -14.500 4.000 -8.000
3 16 -14.500 4.000 -8.000 -18.847 4.907 -8.000 -18.362 9.730 -8.000
3 16 -18.847 4.907 -8.000 -14.500 4.000 -8.000 -11.436 2.925 -8.000
3 16 -11.436 2.925 -8.000 -19.010 0.000 -8.000 -18.847 4.907 -8.000
3 16 -11.542 4.000 -8.000 -11.436 2.925 -8.000 -14.500 4.000 -8.000
3 16 -10.772 0.738 -8.000 -19.010 0.000 -8.000 -11.436 2.925 -8.000
3 16 -10.772 0.738 -8.000 -9.695 -1.278 -8.000 -18.847 -4.907 -8.000
3 16 -18.847 -4.907 -8.000 -19.010 0.000 -8.000 -10.772 0.738 -8.000
3 16 -18.847 -4.907 -8.000 -9.695 -1.278 -8.000 -8.245 -3.045 -8.000
3 16 -8.245 -3.045 -8.000 -18.362 -9.730 -8.000 -18.847 -4.907 -8.000
3 16 -3.164 -9.471 -8.000 -3.226 -10.100 -8.000 -4.181 -15.019 -8.000
3 16 -4.181 -15.019 -8.000 -4.462 -5.572 -8.000 -3.164 -9.471 -8.000
3 16 -3.164 -9.471 -8.000 -4.462 -5.572 -8.000 -2.980 -8.865 -8.000
3 16 -2.980 -8.865 -8.000 -4.462 -5.572 -8.000 -2.682 -8.308 -8.000
3 16 -2.682 -8.308 -8.000 -4.462 -5.572 -8.000 -2.275 -6.236 -8.000
3 16 -2.275 -6.236 -8.000 -2.281 -7.819 -8.000 -2.682 -8.308 -8.000
3 16 -2.275 -6.236 -8.000 -1.792 -7.418 -8.000 -2.281 -7.819 -8.000
3 16 -1.792 -7.418 -8.000 -2.275 -6.236 -8.000 -1.200 -6.342 -8.000
3 16 -1.200 -6.342 -8.000 -1.200 -7.100 -8.000 -1.792 -7.418 -8.000
3 16 -2.682 -11.892 -8.000 -2.281 -12.381 -8.000 -2.263 -13.737 -8.000
3 16 -2.263 -13.737 -8.000 -3.285 -14.284 -8.000 -2.682 -11.892 -8.000
3 16 -2.281 -12.381 -8.000 -1.792 -12.782 -8.000 -1.300 -13.445 -8.000
3 16 -1.300 -13.445 -8.000 -2.263 -13.737 -8.000 -2.281 -12.381 -8.000
3 16 -1.792 -12.782 -8.000 -1.300 -13.045 -8.000 -1.300 -13.445 -8.000
3 16 -17.563 -14.387 -8.000 -5.799 -18.046 -8.000 -15.082 -22.886 -8.000
3 16 -15.082 -22.886 -8.000 -16.463 -18.798 -8.000 -17.563 -14.387 -8.000
3 16 -5.913 -19.200 -8.000 -15.082 -22.886 -8.000 -5.799 -18.046 -8.000
3 16 -5.799 -20.354 -8.000 -15.082 -22.886 -8.000 -5.913 -19.200 -8.000
3 16 -5.463 -21.463 -8.000 -15.082 -22.886 -8.000 -5.799 -20.354 -8.000
3 16 -4.916 -22.485 -8.000 -15.082 -22.886 -8.000 -5.463 -21.463 -8.000
3 16 -4.916 -22.485 -8.000 -4.181 -23.381 -8.000 -13.442 -26.584 -8.000
3 16 -13.442 -26.584 -8.000 -15.082 -22.886 -8.000 -4.916 -22.485 -8.000
3 16 -13.442 -26.584 -8.000 -4.181 -23.381 -8.000 -9.505 -32.558 -8.000
3 16 -9.505 -32.558 -8.000 -11.573 -29.826 -8.000 -13.442 -26.584 -8.000
3 16 -4.181 -23.381 -8.000 -3.285 -24.117 -8.000 -9.505 -32.558 -8.000
3 16 -3.285 -24.117 -8.000 -2.263 -24.663 -8.000 -9.505 -32.558 -8.000
3 16 -2.263 -24.663 -8.000 -1.154 -24.999 -8.000 -9.505 -32.558 -8.000
3 16 -1.154 -24.999 -8.000 0.000 -25.113 -8.000 -7.275 -34.733 -8.000
3 16 -7.275 -34.733 -8.000 -9.505 -32.558 -8.000 -1.154 -24.999 -8.000
3 16 -7.275 -34.733 -8.000 0.000 -25.113 -8.000 -2.481 -37.273 -8.000
3 16 -2.481 -37.273 -8.000 -4.920 -36.314 -8.000 -7.275 -34.733 -8.000
3 16 -2.481 -37.273 -8.000 0.000 -25.113 -8.000 0.700 -25.044 -8.000
3 16 0.700 -25.044 -8.000 0.000 -37.595 -8.000 -2.481 -37.273 -8.000
3 16 0.000 -37.595 -8.000 0.700 -25.044 -8.000 4.920 -36.314 -8.000
3 16 4.920 -36.314 -8.000 2.481 -37.273 -8.000 0.000 -37.595 -8.000
3 16 4.920 -36.314 -8.000 0.700 -25.044 -8.000 9.505 -32.558 -8.000
3 16 9.505 -32.558 -8.000 7.275 -34.733 -8.000 4.920 -36.314 -8.000
3 16 9.505 -32.558 -8.000 0.700 -25.044 -8.000 13.442 -26.584 -8.000
3 16 13.442 -26.584 -8.000 11.573 -29.826 -8.000 9.505 -32.558 -8.000
3 16 0.700 -25.044 -8.000 0.700 -22.480 -8.000 3.280 -18.548 -8.000
3 16 3.280 -18.548 -8.000 13.442 -26.584 -8.000 0.700 -25.044 -8.000
3 16 3.280 -18.548 -8.000 5.642 -17.527 -8.000 15.082 -22.886 -8.000
3 16 15.082 -22.886 -8.000 13.442 -26.584 -8.000 3.280 -18.548 -8.000
3 16 15.082 -22.886 -8.000 5.642 -17.527 -8.000 17.563 -14.387 -8.000
3 16 17.563 -14.387 -8.000 16.463 -18.798 -8.000 15.082 -22.886 -8.000
3 16 0.700 -22.480 -8.000 0.000 -22.544 -8.000 -0.652 -22.480 -8.000
3 16 -0.652 -22.480 -8.000 0.000 -20.000 -8.000 0.700 -22.480 -8.000
3 16 -0.652 -22.480 -8.000 -1.280 -22.289 -8.000 -1.858 -21.980 -8.000
3 16 -1.858 -21.980 -8.000 0.000 -20.000 -8.000 -0.652 -22.480 -8.000
3 16 -1.858 -21.980 -8.000 -2.365 -21.565 -8.000 -2.780 -21.058 -8.000
3 16 -2.780 -21.058 -8.000 0.000 -20.000 -8.000 -1.858 -21.980 -8.000
3 16 -2.780 -21.058 -8.000 -3.089 -20.480 -8.000 -3.280 -19.852 -8.000
3 16 -3.280 -19.852 -8.000 0.000 -20.000 -8.000 -2.780 -21.058 -8.000
3 16 -3.280 -19.852 -8.000 -3.344 -19.200 -8.000 -3.280 -18.548 -8.000
3 16 -3.280 -18.548 -8.000 0.000 -20.000 -8.000 -3.280 -19.852 -8.000
3 16 -3.280 -18.548 -8.000 -3.089 -17.920 -8.000 -2.780 -17.342 -8.000
3 16 -2.780 -17.342 -8.000 0.000 -20.000 -8.000 -3.280 -18.548 -8.000
3 16 -2.780 -17.342 -8.000 -2.365 -16.836 -8.000 -1.858 -16.420 -8.000
3 16 -1.858 -16.420 -8.000 0.000 -20.000 -8.000 -2.780 -17.342 -8.000
3 16 -1.858 -16.420 -8.000 -1.280 -16.111 -8.000 -0.652 -15.920 -8.000
3 16 -0.652 -15.920 -8.000 0.000 -20.000 -8.000 -1.858 -16.420 -8.000
3 16 -0.652 -15.920 -8.000 0.000 -15.856 -8.000 0.652 -15.920 -8.000
3 16 0.652 -15.920 -8.000 0.000 -20.000 -8.000 -0.652 -15.920 -8.000
3 16 0.652 -15.920 -8.000 1.280 -16.111 -8.000 1.858 -16.420 -8.000
3 16 1.858 -16.420 -8.000 0.000 -20.000 -8.000 0.652 -15.920 -8.000
3 16 1.858 -16.420 -8.000 2.365 -16.836 -8.000 2.780 -17.342 -8.000
3 16 2.780 -17.342 -8.000 0.000 -20.000 -8.000 1.858 -16.420 -8.000
3 16 2.780 -17.342 -8.000 3.089 -17.920 -8.000 3.280 -18.548 -8.000
3 16 3.280 -18.548 -8.000 0.000 -20.000 -8.000 2.780 -17.342 -8.000
3 16 0.000 -20.000 -8.000 3.280 -18.548 -8.000 0.700 -22.480 -8.000
3 16 5.463 -16.937 -8.000 17.563 -14.387 -8.000 5.642 -17.527 -8.000
3 16 4.916 -15.915 -8.000 17.563 -14.387 -8.000 5.463 -16.937 -8.000
3 16 4.181 -15.019 -8.000 17.563 -14.387 -8.000 4.916 -15.915 -8.000
3 16 4.181 -15.019 -8.000 3.285 -14.284 -8.000 2.281 -12.381 -8.000
3 16 2.281 -12.381 -8.000 17.563 -14.387 -8.000 4.181 -15.019 -8.000
3 16 2.682 -11.892 -8.000 17.563 -14.387 -8.000 2.281 -12.381 -8.000
3 16 2.980 -11.335 -8.000 17.563 -14.387 -8.000 2.682 -11.892 -8.000
3 16 3.164 -10.729 -8.000 17.563 -14.387 -8.000 2.980 -11.335 -8.000
3 16 3.226 -10.100 -8.000 17.563 -14.387 -8.000 3.164 -10.729 -8.000
3 16 1.300 -13.045 -8.000 1.792 -12.782 -8.000 2.263 -13.737 -8.000
3 16 2.263 -13.737 -8.000 1.300 -13.445 -8.000 1.300 -13.045 -8.000
3 16 1.792 -12.782 -8.000 2.281 -12.381 -8.000 3.285 -14.284 -8.000
3 16 3.285 -14.284 -8.000 2.263 -13.737 -8.000 1.792 -12.782 -8.000
3 16 1.200 -6.342 -8.000 2.275 -6.236 -8.000 1.792 -7.418 -8.000
3 16 1.792 -7.418 -8.000 1.200 -7.100 -8.000 1.200 -6.342 -8.000
3 16 2.275 -6.236 -8.000 2.281 -7.819 -8.000 1.792 -7.418 -8.000
3 16 2.281 -7.819 -8.000 2.275 -6.236 -8.000 4.462 -5.572 -8.000
3 16 4.462 -5.572 -8.000 2.682 -8.308 -8.000 2.281 -7.819 -8.000
3 16 2.980 -8.865 -8.000 2.682 -8.308 -8.000 4.462 -5.572 -8.000
3 16 9.695 -1.278 -8.000 10.772 0.738 -8.000 19.010 0.000 -8.000
3 16 19.010 0.000 -8.000 18.847 -4.907 -8.000 9.695 -1.278 -8.000
3 16 10.772 0.738 -8.000 11.436 2.925 -8.000 14.500 4.000 -8.000
3 16 14.500 4.000 -8.000 19.010 0.000 -8.000 10.772 0.738 -8.000
3 16 19.010 0.000 -8.000 14.500 4.000 -8.000 14.500 6.400 -8.000
3 16 14.500 6.400 -8.000 18.847 4.907 -8.000 19.010 0.000 -8.000
3 16 11.436 2.925 -8.000 11.542 4.000 -8.000 14.500 4.000 -8.000
3 16 18.847 4.907 -8.000 14.500 6.400 -8.000 18.362 9.730 -8.000
3 16 3.226 -10.100 -8.000 3.164 -9.471 -8.000 4.462 -5.572 -8.000
3 16 4.462 -5.572 -8.000 17.563 -14.387 -8.000 3.226 -10.100 -8.000
3 16 2.980 -8.865 -8.000 4.462 -5.572 -8.000 3.164 -9.471 -8.000
3 16 -5.799 -18.046 -8.000 -17.563 -14.387 -8.000 -6.593 -4.401 -8.000
3 16 -6.593 -4.401 -8.000 -5.463 -16.937 -8.000 -5.799 -18.046 -8.000
3 16 -6.593 -4.401 -8.000 -6.478 -4.495 -8.000 -4.916 -15.915 -8.000
3 16 -4.916 -15.915 -8.000 -5.463 -16.937 -8.000 -6.593 -4.401 -8.000
3 16 -4.916 -15.915 -8.000 -6.478 -4.495 -8.000 -4.462 -5.572 -8.000
3 16 -4.462 -5.572 -8.000 -4.181 -15.019 -8.000 -4.916 -15.915 -8.000
3 16 -3.226 -10.100 -8.000 -3.164 -10.729 -8.000 -3.285 -14.284 -8.000
3 16 -3.285 -14.284 -8.000 -4.181 -15.019 -8.000 -3.226 -10.100 -8.000
3 16 -2.980 -11.335 -8.000 -3.285 -14.284 -8.000 -3.164 -10.729 -8.000
3 16 -2.682 -11.892 -8.000 -3.285 -14.284 -8.000 -2.980 -11.335 -8.000
3 16 6.478 -4.495 -8.000 17.563 -14.387 -8.000 4.462 -5.572 -8.000
3 16 6.593 -4.401 -8.000 17.563 -14.387 -8.000 6.478 -4.495 -8.000
3 16 7.404 -3.735 -8.000 8.245 -3.045 -8.000 18.847 -4.907 -8.000
3 16 18.847 -4.907 -8.000 18.362 -9.730 -8.000 7.404 -3.735 -8.000
3 16 18.847 -4.907 -8.000 8.245 -3.045 -8.000 9.695 -1.278 -8.000
3 16 -8.245 -3.045 -8.000 -7.404 -3.735 -8.000 -17.763 -13.223 -8.000
3 16 -17.763 -13.223 -8.000 -18.362 -9.730 -8.000 -8.245 -3.045 -8.000
3 16 17.763 -13.223 -8.000 7.404 -3.735 -8.000 18.362 -9.730 -8.000
3 85 -20.000 0.000 -8.000 -19.828 5.037 -8.000 -18.847 4.907 -8.000
3 85 -18.847 4.907 -8.000 -19.010 0.000 -8.000 -20.000 0.000 -8.000
3 85 -19.828 5.037 -8.000 -19.318 9.990 -8.000 -18.362 9.730 -8.000
3 85 -18.362 9.730 -8.000 -18.847 4.907 -8.000 -19.828 5.037 -8.000
3 85 -19.318 9.990 -8.000 -18.478 14.772 -8.000 -17.563 14.387 -8.000
3 85 -17.563 14.387 -8.000 -18.362 9.730 -8.000 -19.318 9.990 -8.000
3 85 -17.320 19.300 -8.000 -15.868 23.500 -8.000 -15.082 22.886 -8.000
3 85 -15.082 22.886 -8.000 -16.463 18.798 -8.000 -17.320 19.300 -8.000
3 85 -15.868 23.500 -8.000 -14.142 27.294 -8.000 -13.442 26.584 -8.000
3 85 -13.442 26.584 -8.000 -15.082 22.886 -8.000 -15.868 23.500 -8.000
3 85 -14.142 27.294 -8.000 -12.176 30.625 -8.000 -11.573 29.826 -8.000
3 85 -11.573 29.826 -8.000 -13.442 26.584 -8.000 -14.142 27.294 -8.000
3 85 -12.176 30.625 -8.000 -10.000 33.428 -8.000 -9.505 32.558 -8.000
3 85 -9.505 32.558 -8.000 -11.573 29.826 -8.000 -12.176 30.625 -8.000
3 85 -10.000 33.428 -8.000 -7.654 35.663 -8.000 -7.275 34.733 -8.000
3 85 -7.275 34.733 -8.000 -9.505 32.558 -8.000 -10.000 33.428 -8.000
3 85 -5.176 37.284 -8.000 -2.610 38.268 -8.000 -2.481 37.273 -8.000
3 85 -2.481 37.273 -8.000 -4.920 36.314 -8.000 -5.176 37.284 -8.000
3 85 -2.610 38.268 -8.000 0.000 38.600 -8.000 0.000 37.595 -8.000
3 85 0.000 37.595 -8.000 -2.481 37.273 -8.000 -2.610 38.268 -8.000
3 85 20.000 0.000 -8.000 19.010 0.000 -8.000 18.847 4.907 -8.000
3 85 18.847 4.907 -8.000 19.828 5.037 -8.000 20.000 0.000 -8.000
3 85 19.828 5.037 -8.000 18.847 4.907 -8.000 18.362 9.730 -8.000
3 85 18.362 9.730 -8.000 19.318 9.990 -8.000 19.828 5.037 -8.000
3 85 18.478 14.772 -8.000 17.563 14.387 -8.000 16.463 18.798 -8.000
3 85 16.463 18.798 -8.000 17.320 19.300 -8.000 18.478 14.772 -8.000
3 85 17.320 19.300 -8.000 16.463 18.798 -8.000 15.082 22.886 -8.000
3 85 15.082 22.886 -8.000 15.868 23.500 -8.000 17.320 19.300 -8.000
3 85 14.142 27.294 -8.000 13.442 26.584 -8.000 11.573 29.826 -8.000
3 85 11.573 29.826 -8.000 12.176 30.625 -8.000 14.142 27.294 -8.000
3 85 12.176 30.625 -8.000 11.573 29.826 -8.000 9.505 32.558 -8.000
3 85 9.505 32.558 -8.000 10.000 33.428 -8.000 12.176 30.625 -8.000
3 85 10.000 33.428 -8.000 9.505 32.558 -8.000 7.275 34.733 -8.000
3 85 7.275 34.733 -8.000 7.654 35.663 -8.000 10.000 33.428 -8.000
3 85 5.176 37.284 -8.000 4.920 36.314 -8.000 2.481 37.273 -8.000
3 85 2.481 37.273 -8.000 2.610 38.268 -8.000 5.176 37.284 -8.000
3 85 2.610 38.268 -8.000 2.481 37.273 -8.000 0.000 37.595 -8.000
3 85 0.000 37.595 -8.000 0.000 38.600 -8.000 2.610 38.268 -8.000
3 85 -20.000 0.000 -8.000 -19.010 0.000 -8.000 -18.847 -4.907 -8.000
3 85 -18.847 -4.907 -8.000 -19.828 -5.037 -8.000 -20.000 0.000 -8.000
3 85 -19.828 -5.037 -8.000 -18.847 -4.907 -8.000 -18.362 -9.730 -8.000
3 85 -18.362 -9.730 -8.000 -19.318 -9.990 -8.000 -19.828 -5.037 -8.000
3 85 -18.478 -14.772 -8.000 -17.563 -14.387 -8.000 -16.463 -18.798 -8.000
3 85 -16.463 -18.798 -8.000 -17.320 -19.300 -8.000 -18.478 -14.772 -8.000
3 85 -15.868 -23.500 -8.000 -15.082 -22.886 -8.000 -13.442 -26.584 -8.000
3 85 -13.442 -26.584 -8.000 -14.142 -27.294 -8.000 -15.868 -23.500 -8.000
3 85 -14.142 -27.294 -8.000 -13.442 -26.584 -8.000 -11.573 -29.826 -8.000
3 85 -11.573 -29.826 -8.000 -12.176 -30.625 -8.000 -14.142 -27.294 -8.000
3 85 -12.176 -30.625 -8.000 -11.573 -29.826 -8.000 -9.505 -32.558 -8.000
3 85 -9.505 -32.558 -8.000 -10.000 -33.428 -8.000 -12.176 -30.625 -8.000
3 85 -10.000 -33.428 -8.000 -9.505 -32.558 -8.000 -7.275 -34.733 -8.000
3 85 -7.275 -34.733 -8.000 -7.654 -35.663 -8.000 -10.000 -33.428 -8.000
3 85 -7.654 -35.663 -8.000 -7.275 -34.733 -8.000 -4.920 -36.314 -8.000
3 85 -4.920 -36.314 -8.000 -5.176 -37.284 -8.000 -7.654 -35.663 -8.000
3 85 -5.176 -37.284 -8.000 -4.920 -36.314 -8.000 -2.481 -37.273 -8.000
3 85 -2.481 -37.273 -8.000 -2.610 -38.268 -8.000 -5.176 -37.284 -8.000
3 85 -2.610 -38.268 -8.000 -2.481 -37.273 -8.000 0.000 -37.595 -8.000
3 85 0.000 -37.595 -8.000 0.000 -38.600 -8.000 -2.610 -38.268 -8.000
3 85 10.000 -33.428 -8.000 7.654 -35.663 -8.000 7.275 -34.733 -8.000
3 85 7.275 -34.733 -8.000 9.505 -32.558 -8.000 10.000 -33.428 -8.000
3 85 7.654 -35.663 -8.000 5.176 -37.284 -8.000 4.920 -36.314 -8.000
3 85 4.920 -36.314 -8.000 7.275 -34.733 -8.000 7.654 -35.663 -8.000
3 85 5.176 -37.284 -8.000 2.610 -38.268 -8.000 2.481 -37.273 -8.000
3 85 2.481 -37.273 -8.000 4.920 -36.314 -8.000 5.176 -37.284 -8.000
3 85 2.610 -38.268 -8.000 0.000 -38.600 -8.000 0.000 -37.595 -8.000
3 85 0.000 -37.595 -8.000 2.481 -37.273 -8.000 2.610 -38.268 -8.000
3 85 15.868 -23.500 -8.000 14.142 -27.294 -8.000 13.442 -26.584 -8.000
3 85 13.442 -26.584 -8.000 15.082 -22.886 -8.000 15.868 -23.500 -8.000
3 85 14.142 -27.294 -8.000 12.176 -30.625 -8.000 11.573 -29.826 -8.000
3 85 11.573 -29.826 -8.000 13.442 -26.584 -8.000 14.142 -27.294 -8.000
3 85 20.000 0.000 -8.000 19.828 -5.037 -8.000 18.847 -4.907 -8.000
3 85 18.847 -4.907 -8.000 19.010 0.000 -8.000 20.000 0.000 -8.000
3 85 19.828 -5.037 -8.000 19.318 -9.990 -8.000 18.362 -9.730 -8.000
3 85 18.362 -9.730 -8.000 18.847 -4.907 -8.000 19.828 -5.037 -8.000
3 85 18.478 -14.772 -8.000 17.320 -19.300 -8.000 16.463 -18.798 -8.000
3 85 16.463 -18.798 -8.000 17.563 -14.387 -8.000 18.478 -14.772 -8.000
3 85 17.320 -19.300 -8.000 15.868 -23.500 -8.000 15.082 -22.886 -8.000
3 85 15.082 -22.886 -8.000 16.463 -18.798 -8.000 17.320 -19.300 -8.000
3 85 13.442 26.584 -8.000 14.142 27.294 -8.000 15.868 23.500 -8.000
3 85 15.868 23.500 -8.000 15.082 22.886 -8.000 13.442 26.584 -8.000
3 85 -17.320 -19.300 -8.000 -16.463 -18.798 -8.000 -15.082 -22.886 -8.000
3 85 -15.082 -22.886 -8.000 -15.868 -23.500 -8.000 -17.320 -19.300 -8.000
3 85 -17.320 19.300 -8.000 -16.463 18.798 -8.000 -17.563 14.387 -8.000
3 85 -17.563 14.387 -8.000 -18.478 14.772 -8.000 -17.320 19.300 -8.000
3 85 17.563 14.387 -8.000 18.478 14.772 -8.000 19.318 9.990 -8.000
3 85 19.318 9.990 -8.000 18.362 9.730 -8.000 17.563 14.387 -8.000
3 85 11.573 -29.826 -8.000 12.176 -30.625 -8.000 10.000 -33.428 -8.000
3 85 10.000 -33.428 -8.000 9.505 -32.558 -8.000 11.573 -29.826 -8.000
3 85 -1.936 -4.532 -8.000 -2.127 -5.492 -8.000 -4.172 -4.871 -8.000
3 85 -4.172 -4.871 -8.000 -3.797 -3.968 -8.000 -1.936 -4.532 -8.000
3 85 -3.797 -3.968 -8.000 -4.172 -4.871 -8.000 -6.056 -3.864 -8.000
3 85 -6.056 -3.864 -8.000 -5.513 -3.051 -8.000 -3.797 -3.968 -8.000
3 85 -5.513 -3.051 -8.000 -6.056 -3.864 -8.000 -7.708 -2.508 -8.000
3 85 -7.708 -2.508 -8.000 -7.017 -1.817 -8.000 -5.513 -3.051 -8.000
3 85 -7.017 -1.817 -8.000 -7.708 -2.508 -8.000 -9.064 -0.856 -8.000
3 85 -9.064 -0.856 -8.000 -8.251 -0.313 -8.000 -7.017 -1.817 -8.000
3 85 -8.251 -0.313 -8.000 -9.064 -0.856 -8.000 -10.071 1.028 -8.000
3 85 -10.071 1.028 -8.000 -9.168 1.403 -8.000 -8.251 -0.313 -8.000
3 85 -9.168 1.403 -8.000 -10.071 1.028 -8.000 -10.692 3.073 -8.000
3 85 -10.692 3.073 -8.000 -9.732 3.264 -8.000 -9.168 1.403 -8.000
3 80 -11.436 2.925 -8.000 -10.692 3.073 -8.000 -10.071 1.028 -8.000
3 80 -10.071 1.028 -8.000 -10.772 0.738 -8.000 -11.436 2.925 -8.000
3 80 -10.772 0.738 -8.000 -10.071 1.028 -8.000 -9.064 -0.856 -8.000
3 80 -9.064 -0.856 -8.000 -9.695 -1.278 -8.000 -10.772 0.738 -8.000
3 80 -9.695 -1.278 -8.000 -9.064 -0.856 -8.000 -7.708 -2.508 -8.000
3 80 -7.708 -2.508 -8.000 -8.245 -3.045 -8.000 -9.695 -1.278 -8.000
3 80 -6.478 -4.495 -8.000 -6.056 -3.864 -8.000 -4.172 -4.871 -8.000
3 80 -4.172 -4.871 -8.000 -4.462 -5.572 -8.000 -6.478 -4.495 -8.000
3 80 -4.462 -5.572 -8.000 -4.172 -4.871 -8.000 -2.127 -5.492 -8.000
3 80 -2.127 -5.492 -8.000 -2.275 -6.236 -8.000 -4.462 -5.572 -8.000
3 85 -10.842 4.600 -8.000 -9.864 4.600 -8.000 -9.732 3.264 -8.000
3 85 -9.732 3.264 -8.000 -10.692 3.073 -8.000 -10.842 4.600 -8.000
3 80 -10.842 4.600 -8.000 -10.692 3.073 -8.000 -11.436 2.925 -8.000
3 80 -11.436 2.925 -8.000 -11.542 4.000 -8.000 -10.842 4.600 -8.000
3 80 -13.800 4.600 -8.000 -10.842 4.600 -8.000 -11.542 4.000 -8.000
3 80 -11.542 4.000 -8.000 -14.500 4.000 -8.000 -13.800 4.600 -8.000
3 85 -1.936 -4.532 -8.000 -0.600 -4.664 -8.000 -0.600 -5.642 -8.000
3 85 -0.600 -5.642 -8.000 -2.127 -5.492 -8.000 -1.936 -4.532 -8.000
3 80 -2.127 -5.492 -8.000 -0.600 -5.642 -8.000 -1.200 -6.342 -8.000
3 80 -1.200 -6.342 -8.000 -2.275 -6.236 -8.000 -2.127 -5.492 -8.000
3 85 1.936 -4.532 -8.000 3.797 -3.968 -8.000 4.172 -4.871 -8.000
3 85 4.172 -4.871 -8.000 2.127 -5.492 -8.000 1.936 -4.532 -8.000
3 85 3.797 -3.968 -8.000 5.513 -3.051 -8.000 6.056 -3.864 -8.000
3 85 6.056 -3.864 -8.000 4.172 -4.871 -8.000 3.797 -3.968 -8.000
3 85 5.513 -3.051 -8.000 7.017 -1.817 -8.000 7.708 -2.508 -8.000
3 85 7.708 -2.508 -8.000 6.056 -3.864 -8.000 5.513 -3.051 -8.000
3 85 7.017 -1.817 -8.000 8.251 -0.313 -8.000 9.064 -0.856 -8.000
3 85 9.064 -0.856 -8.000 7.708 -2.508 -8.000 7.017 -1.817 -8.000
3 85 8.251 -0.313 -8.000 9.168 1.403 -8.000 10.071 1.028 -8.000
3 85 10.071 1.028 -8.000 9.064 -0.856 -8.000 8.251 -0.313 -8.000
3 85 9.168 1.403 -8.000 9.732 3.264 -8.000 10.692 3.073 -8.000
3 85 10.692 3.073 -8.000 10.071 1.028 -8.000 9.168 1.403 -8.000
3 80 11.436 2.925 -8.000 10.772 0.738 -8.000 10.071 1.028 -8.000
3 80 10.071 1.028 -8.000 10.692 3.073 -8.000 11.436 2.925 -8.000
3 80 10.772 0.738 -8.000 9.695 -1.278 -8.000 9.064 -0.856 -8.000
3 80 9.064 -0.856 -8.000 10.071 1.028 -8.000 10.772 0.738 -8.000
3 80 9.695 -1.278 -8.000 8.245 -3.045 -8.000 7.708 -2.508 -8.000
3 80 7.708 -2.508 -8.000 9.064 -0.856 -8.000 9.695 -1.278 -8.000
3 80 6.478 -4.495 -8.000 4.462 -5.572 -8.000 4.172 -4.871 -8.000
3 80 4.172 -4.871 -8.000 6.056 -3.864 -8.000 6.478 -4.495 -8.000
3 80 4.462 -5.572 -8.000 2.275 -6.236 -8.000 2.127 -5.492 -8.000
3 80 2.127 -5.492 -8.000 4.172 -4.871 -8.000 4.462 -5.572 -8.000
3 85 10.842 4.600 -8.000 10.692 3.073 -8.000 9.732 3.264 -8.000
3 85 9.732 3.264 -8.000 9.864 4.600 -8.000 10.842 4.600 -8.000
3 80 10.842 4.600 -8.000 11.542 4.000 -8.000 11.436 2.925 -8.000
3 80 11.436 2.925 -8.000 10.692 3.073 -8.000 10.842 4.600 -8.000
3 80 13.800 4.600 -8.000 14.500 4.000 -8.000 11.542 4.000 -8.000
3 80 11.542 4.000 -8.000 10.842 4.600 -8.000 13.800 4.600 -8.000
3 85 1.936 -4.532 -8.000 2.127 -5.492 -8.000 0.600 -5.642 -8.000
3 85 0.600 -5.642 -8.000 0.600 -4.664 -8.000 1.936 -4.532 -8.000
3 80 2.127 -5.492 -8.000 2.275 -6.236 -8.000 1.200 -6.342 -8.000
3 80 1.200 -6.342 -8.000 0.600 -5.642 -8.000 2.127 -5.492 -8.000
3 85 -1.936 14.932 -8.000 -3.797 14.368 -8.000 -4.172 15.271 -8.000
3 85 -4.172 15.271 -8.000 -2.127 15.892 -8.000 -1.936 14.932 -8.000
3 85 -3.797 14.368 -8.000 -5.513 13.451 -8.000 -6.056 14.264 -8.000
3 85 -6.056 14.264 -8.000 -4.172 15.271 -8.000 -3.797 14.368 -8.000
3 85 -5.513 13.451 -8.000 -7.017 12.217 -8.000 -7.708 12.908 -8.000
3 85 -7.708 12.908 -8.000 -6.056 14.264 -8.000 -5.513 13.451 -8.000
3 85 -7.017 12.217 -8.000 -8.251 10.713 -8.000 -9.064 11.256 -8.000
3 85 -9.064 11.256 -8.000 -7.708 12.908 -8.000 -7.017 12.217 -8.000
3 85 -8.251 10.713 -8.000 -9.168 8.997 -8.000 -10.071 9.372 -8.000
3 85 -10.071 9.372 -8.000 -9.064 11.256 -8.000 -8.251 10.713 -8.000
3 85 -9.168 8.997 -8.000 -9.732 7.136 -8.000 -10.692 7.327 -8.000
3 85 -10.692 7.327 -8.000 -10.071 9.372 -8.000 -9.168 8.997 -8.000
3 80 -11.436 7.475 -8.000 -10.772 9.662 -8.000 -10.071 9.372 -8.000
3 80 -10.071 9.372 -8.000 -10.692 7.327 -8.000 -11.436 7.475 -8.000
3 80 -10.772 9.662 -8.000 -9.695 11.678 -8.000 -9.064 11.256 -8.000
3 80 -9.064 11.256 -8.000 -10.071 9.372 -8.000 -10.772 9.662 -8.000
3 80 -9.695 11.678 -8.000 -8.245 13.445 -8.000 -7.708 12.908 -8.000
3 80 -7.708 12.908 -8.000 -9.064 11.256 -8.000 -9.695 11.678 -8.000
3 80 -4.462 15.972 -8.000 -2.275 16.636 -8.000 -2.127 15.892 -8.000
3 80 -2.127 15.892 -8.000 -4.172 15.271 -8.000 -4.462 15.972 -8.000
3 85 -10.842 5.800 -8.000 -10.692 7.327 -8.000 -9.732 7.136 -8.000
3 85 -9.732 7.136 -8.000 -9.864 5.800 -8.000 -10.842 5.800 -8.000
3 80 -10.842 5.800 -8.000 -11.542 6.400 -8.000 -11.436 7.475 -8.000
3 80 -11.436 7.475 -8.000 -10.692 7.327 -8.000 -10.842 5.800 -8.000
3 80 -13.800 5.800 -8.000 -14.500 6.400 -8.000 -11.542 6.400 -8.000
3 80 -11.542 6.400 -8.000 -10.842 5.800 -8.000 -13.800 5.800 -8.000
3 85 0.000 12.000 -8.000 -0.600 12.000 -8.000 -0.600 15.064 -8.000
3 85 -0.600 15.064 -8.000 0.000 15.123 -8.000 0.000 12.000 -8.000
3 85 -1.936 14.932 -8.000 -2.127 15.892 -8.000 -0.600 16.042 -8.000
3 85 -0.600 16.042 -8.000 -0.600 15.064 -8.000 -1.936 14.932 -8.000
3 80 -2.127 15.892 -8.000 -2.275 16.636 -8.000 -1.200 16.742 -8.000
3 80 -1.200 16.742 -8.000 -0.600 16.042 -8.000 -2.127 15.892 -8.000
3 85 -0.600 16.042 -8.000 -0.600 16.801 -8.000 0.000 16.860 -8.000
3 85 0.000 16.860 -8.000 0.000 16.101 -8.000 -0.600 16.042 -8.000
3 85 -0.600 15.064 -8.000 -0.600 16.042 -8.000 0.000 16.101 -8.000
3 85 0.000 16.101 -8.000 0.000 15.123 -8.000 -0.600 15.064 -8.000
3 85 -0.600 16.801 -8.000 -0.600 18.400 -8.000 0.000 19.400 -8.000
3 85 0.000 19.400 -8.000 0.000 16.860 -8.000 -0.600 16.801 -8.000
3 80 -0.600 18.400 -8.000 -0.600 16.801 -8.000 -1.200 16.742 -8.000
3 80 -1.200 16.742 -8.000 -1.200 17.700 -8.000 -0.600 18.400 -8.000
3 80 -1.200 16.742 -8.000 -0.600 16.801 -8.000 -0.600 16.042 -8.000
3 85 1.936 14.932 -8.000 2.127 15.892 -8.000 4.172 15.271 -8.000
3 85 4.172 15.271 -8.000 3.797 14.368 -8.000 1.936 14.932 -8.000
3 85 3.797 14.368 -8.000 4.172 15.271 -8.000 6.056 14.264 -8.000
3 85 6.056 14.264 -8.000 5.513 13.451 -8.000 3.797 14.368 -8.000
3 85 5.513 13.451 -8.000 6.056 14.264 -8.000 7.708 12.908 -8.000
3 85 7.708 12.908 -8.000 7.017 12.217 -8.000 5.513 13.451 -8.000
3 85 7.017 12.217 -8.000 7.708 12.908 -8.000 9.064 11.256 -8.000
3 85 9.064 11.256 -8.000 8.251 10.713 -8.000 7.017 12.217 -8.000
3 85 8.251 10.713 -8.000 9.064 11.256 -8.000 10.071 9.372 -8.000
3 85 10.071 9.372 -8.000 9.168 8.997 -8.000 8.251 10.713 -8.000
3 85 9.168 8.997 -8.000 10.071 9.372 -8.000 10.692 7.327 -8.000
3 85 10.692 7.327 -8.000 9.732 7.136 -8.000 9.168 8.997 -8.000
3 80 11.436 7.475 -8.000 10.692 7.327 -8.000 10.071 9.372 -8.000
3 80 10.071 9.372 -8.000 10.772 9.662 -8.000 11.436 7.475 -8.000
3 80 10.772 9.662 -8.000 10.071 9.372 -8.000 9.064 11.256 -8.000
3 80 9.064 11.256 -8.000 9.695 11.678 -8.000 10.772 9.662 -8.000
3 80 9.695 11.678 -8.000 9.064 11.256 -8.000 7.708 12.908 -8.000
3 80 7.708 12.908 -8.000 8.245 13.445 -8.000 9.695 11.678 -8.000
3 80 4.462 15.972 -8.000 4.172 15.271 -8.000 2.127 15.892 -8.000
3 80 2.127 15.892 -8.000 2.275 16.636 -8.000 4.462 15.972 -8.000
3 85 10.842 5.800 -8.000 9.864 5.800 -8.000 9.732 7.136 -8.000
3 85 9.732 7.136 -8.000 10.692 7.327 -8.000 10.842 5.800 -8.000
3 80 10.842 5.800 -8.000 10.692 7.327 -8.000 11.436 7.475 -8.000
3 80 11.436 7.475 -8.000 11.542 6.400 -8.000 10.842 5.800 -8.000
3 80 13.800 5.800 -8.000 10.842 5.800 -8.000 11.542 6.400 -8.000
3 80 11.542 6.400 -8.000 14.500 6.400 -8.000 13.800 5.800 -8.000
3 85 0.000 12.000 -8.000 0.000 15.123 -8.000 0.600 15.064 -8.000
3 85 0.600 15.064 -8.000 0.600 12.000 -8.000 0.000 12.000 -8.000
3 85 1.936 14.932 -8.000 0.600 15.064 -8.000 0.600 16.042 -8.000
3 85 0.600 16.042 -8.000 2.127 15.892 -8.000 1.936 14.932 -8.000
3 80 2.127 15.892 -8.000 0.600 16.042 -8.000 1.200 16.742 -8.000
3 80 1.200 16.742 -8.000 2.275 16.636 -8.000 2.127 15.892 -8.000
3 85 0.600 16.042 -8.000 0.000 16.101 -8.000 0.000 16.860 -8.000
3 85 0.000 16.860 -8.000 0.600 16.801 -8.000 0.600 16.042 -8.000
3 85 0.600 15.064 -8.000 0.000 15.123 -8.000 0.000 16.101 -8.000
3 85 0.000 16.101 -8.000 0.600 16.042 -8.000 0.600 15.064 -8.000
3 85 0.600 16.801 -8.000 0.000 16.860 -8.000 0.000 19.400 -8.000
3 85 0.000 19.400 -8.000 0.600 18.400 -8.000 0.600 16.801 -8.000
3 80 0.600 18.400 -8.000 1.200 17.700 -8.000 1.200 16.742 -8.000
3 80 1.200 16.742 -8.000 0.600 16.801 -8.000 0.600 18.400 -8.000
3 80 0.600 16.042 -8.000 0.600 16.801 -8.000 1.200 16.742 -8.000
3 85 -0.600 18.400 -8.000 -3.400 18.400 -8.000 -3.400 19.400 -8.000
3 85 -3.400 19.400 -8.000 0.000 19.400 -8.000 -0.600 18.400 -8.000
3 85 0.600 18.400 -8.000 0.000 19.400 -8.000 2.100 19.400 -8.000
3 85 2.100 19.400 -8.000 3.600 18.400 -8.000 0.600 18.400 -8.000
3 85 3.600 18.400 -8.000 2.100 19.400 -8.000 -1.800 23.300 -8.000
3 85 -1.800 23.300 -8.000 3.600 19.400 -8.000 3.600 18.400 -8.000
3 85 -1.100 24.000 -8.000 3.600 19.400 -8.000 -1.800 23.300 -8.000
3 80 -0.600 18.400 -8.000 -1.200 17.700 -8.000 -4.100 17.700 -8.000
3 80 -4.100 17.700 -8.000 -3.400 18.400 -8.000 -0.600 18.400 -8.000
3 80 -3.400 18.400 -8.000 -4.100 17.700 -8.000 -4.100 20.200 -8.000
3 80 -4.100 20.200 -8.000 -3.400 19.400 -8.000 -3.400 18.400 -8.000
3 80 -3.400 19.400 -8.000 -4.100 20.200 -8.000 0.300 20.200 -8.000
3 80 0.300 20.200 -8.000 0.000 19.400 -8.000 -3.400 19.400 -8.000
3 80 2.100 19.400 -8.000 0.000 19.400 -8.000 0.300 20.200 -8.000
3 80 2.100 19.400 -8.000 0.300 20.200 -8.000 -3.000 23.400 -8.000
3 80 -3.000 23.400 -8.000 -1.800 23.300 -8.000 2.100 19.400 -8.000
3 80 -1.800 23.300 -8.000 -3.000 23.400 -8.000 -1.100 25.200 -8.000
3 80 -1.100 25.200 -8.000 -1.100 24.000 -8.000 -1.800 23.300 -8.000
3 80 -1.100 25.200 -8.000 4.300 19.800 -8.000 3.600 19.400 -8.000
3 80 3.600 19.400 -8.000 -1.100 24.000 -8.000 -1.100 25.200 -8.000
3 80 4.300 19.800 -8.000 4.300 17.700 -8.000 3.600 18.400 -8.000
3 80 3.600 18.400 -8.000 3.600 19.400 -8.000 4.300 19.800 -8.000
3 80 4.300 17.700 -8.000 1.200 17.700 -8.000 0.600 18.400 -8.000
3 80 0.600 18.400 -8.000 3.600 18.400 -8.000 4.300 17.700 -8.000
3 85 -1.366 -10.372 -8.000 -2.342 -10.566 -8.000 -2.388 -10.100 -8.000
3 85 -2.388 -10.100 -8.000 -1.392 -10.100 -8.000 -1.366 -10.372 -8.000
3 85 -1.392 -10.100 -8.000 -2.388 -10.100 -8.000 -2.342 -9.634 -8.000
3 85 -2.342 -9.634 -8.000 -1.366 -9.828 -8.000 -1.392 -10.100 -8.000
3 85 -1.366 -9.828 -8.000 -2.342 -9.634 -8.000 -2.206 -9.186 -8.000
3 85 -2.206 -9.186 -8.000 -1.286 -9.567 -8.000 -1.366 -9.828 -8.000
3 85 -1.286 -9.567 -8.000 -2.206 -9.186 -8.000 -1.986 -8.773 -8.000
3 85 -1.986 -8.773 -8.000 -1.158 -9.326 -8.000 -1.286 -9.567 -8.000
3 85 -1.158 -9.326 -8.000 -1.986 -8.773 -8.000 -1.689 -8.411 -8.000
3 85 -1.689 -8.411 -8.000 -0.985 -9.116 -8.000 -1.158 -9.326 -8.000
3 85 -0.985 -9.116 -8.000 -1.689 -8.411 -8.000 -1.327 -8.114 -8.000
3 85 -1.327 -8.114 -8.000 -0.774 -8.942 -8.000 -0.985 -9.116 -8.000
3 85 -0.774 -8.942 -8.000 -1.327 -8.114 -8.000 -0.914 -7.894 -8.000
3 85 -0.914 -7.894 -8.000 -0.533 -8.814 -8.000 -0.774 -8.942 -8.000
3 85 -0.533 -8.814 -8.000 -0.914 -7.894 -8.000 -0.600 -7.799 -8.000
3 85 -0.600 -7.799 -8.000 -0.272 -8.734 -8.000 -0.533 -8.814 -8.000
3 85 0.533 -8.814 -8.000 0.914 -7.894 -8.000 1.327 -8.114 -8.000
3 85 1.327 -8.114 -8.000 0.774 -8.942 -8.000 0.533 -8.814 -8.000
3 85 0.774 -8.942 -8.000 1.327 -8.114 -8.000 1.689 -8.411 -8.000
3 85 1.689 -8.411 -8.000 0.985 -9.116 -8.000 0.774 -8.942 -8.000
3 85 0.985 -9.116 -8.000 1.689 -8.411 -8.000 1.986 -8.773 -8.000
3 85 1.986 -8.773 -8.000 1.158 -9.326 -8.000 0.985 -9.116 -8.000
3 85 1.158 -9.326 -8.000 1.986 -8.773 -8.000 2.206 -9.186 -8.000
3 85 2.206 -9.186 -8.000 1.286 -9.567 -8.000 1.158 -9.326 -8.000
3 85 1.286 -9.567 -8.000 2.206 -9.186 -8.000 2.342 -9.634 -8.000
3 85 2.342 -9.634 -8.000 1.366 -9.828 -8.000 1.286 -9.567 -8.000
3 85 1.366 -9.828 -8.000 2.342 -9.634 -8.000 2.388 -10.100 -8.000
3 85 2.388 -10.100 -8.000 1.392 -10.100 -8.000 1.366 -9.828 -8.000
3 85 1.392 -10.100 -8.000 2.388 -10.100 -8.000 2.342 -10.566 -8.000
3 85 2.342 -10.566 -8.000 1.366 -10.372 -8.000 1.392 -10.100 -8.000
3 85 1.366 -10.372 -8.000 2.342 -10.566 -8.000 2.206 -11.014 -8.000
3 85 2.206 -11.014 -8.000 1.286 -10.633 -8.000 1.366 -10.372 -8.000
3 85 1.286 -10.633 -8.000 2.206 -11.014 -8.000 1.986 -11.427 -8.000
3 85 1.986 -11.427 -8.000 1.158 -10.874 -8.000 1.286 -10.633 -8.000
3 85 1.158 -10.874 -8.000 1.986 -11.427 -8.000 1.689 -11.789 -8.000
3 85 1.689 -11.789 -8.000 0.985 -11.085 -8.000 1.158 -10.874 -8.000
3 85 0.985 -11.085 -8.000 1.689 -11.789 -8.000 1.327 -12.086 -8.000
3 85 1.327 -12.086 -8.000 0.774 -11.258 -8.000 0.985 -11.085 -8.000
3 85 0.774 -11.258 -8.000 1.327 -12.086 -8.000 0.914 -12.306 -8.000
3 85 0.914 -12.306 -8.000 0.533 -11.386 -8.000 0.774 -11.258 -8.000
3 85 0.533 -11.386 -8.000 0.914 -12.306 -8.000 0.600 -12.401 -8.000
3 85 0.600 -12.401 -8.000 0.272 -11.466 -8.000 0.533 -11.386 -8.000
3 85 -0.533 -11.386 -8.000 -0.914 -12.306 -8.000 -1.327 -12.086 -8.000
3 85 -1.327 -12.086 -8.000 -0.774 -11.258 -8.000 -0.533 -11.386 -8.000
3 85 -0.774 -11.258 -8.000 -1.327 -12.086 -8.000 -1.689 -11.789 -8.000
3 85 -1.689 -11.789 -8.000 -0.985 -11.085 -8.000 -0.774 -11.258 -8.000
3 85 -0.985 -11.085 -8.000 -1.689 -11.789 -8.000 -1.986 -11.427 -8.000
3 85 -1.986 -11.427 -8.000 -1.158 -10.874 -8.000 -0.985 -11.085 -8.000
3 85 -1.158 -10.874 -8.000 -1.986 -11.427 -8.000 -2.206 -11.014 -8.000
3 85 -2.206 -11.014 -8.000 -1.286 -10.633 -8.000 -1.158 -10.874 -8.000
3 85 -1.286 -10.633 -8.000 -2.206 -11.014 -8.000 -2.342 -10.566 -8.000
3 85 -2.342 -10.566 -8.000 -1.366 -10.372 -8.000 -1.286 -10.633 -8.000
3 322 -1.392 -10.100 -8.000 0.000 -10.100 -8.000 -1.286 -10.633 -8.000
3 322 -1.286 -10.633 -8.000 -1.366 -10.372 -8.000 -1.392 -10.100 -8.000
3 322 -1.286 -10.633 -8.000 0.000 -10.100 -8.000 -0.985 -11.085 -8.000
3 322 -0.985 -11.085 -8.000 -1.158 -10.874 -8.000 -1.286 -10.633 -8.000
3 322 -0.985 -11.085 -8.000 0.000 -10.100 -8.000 -0.533 -11.386 -8.000
3 322 -0.533 -11.386 -8.000 -0.774 -11.258 -8.000 -0.985 -11.085 -8.000
3 322 -0.533 -11.386 -8.000 0.000 -10.100 -8.000 0.000 -11.492 -8.000
3 322 0.000 -11.492 -8.000 -0.272 -11.466 -8.000 -0.533 -11.386 -8.000
3 322 0.000 -11.492 -8.000 0.000 -10.100 -8.000 0.533 -11.386 -8.000
3 322 0.533 -11.386 -8.000 0.272 -11.466 -8.000 0.000 -11.492 -8.000
3 322 0.533 -11.386 -8.000 0.000 -10.100 -8.000 0.985 -11.085 -8.000
3 322 0.985 -11.085 -8.000 0.774 -11.258 -8.000 0.533 -11.386 -8.000
3 322 0.985 -11.085 -8.000 0.000 -10.100 -8.000 1.286 -10.633 -8.000
3 322 1.286 -10.633 -8.000 1.158 -10.874 -8.000 0.985 -11.085 -8.000
3 322 1.286 -10.633 -8.000 0.000 -10.100 -8.000 1.392 -10.100 -8.000
3 322 1.392 -10.100 -8.000 1.366 -10.372 -8.000 1.286 -10.633 -8.000
3 322 1.392 -10.100 -8.000 0.000 -10.100 -8.000 1.286 -9.567 -8.000
3 322 1.286 -9.567 -8.000 1.366 -9.828 -8.000 1.392 -10.100 -8.000
3 322 1.286 -9.567 -8.000 0.000 -10.100 -8.000 0.985 -9.116 -8.000
3 322 0.985 -9.116 -8.000 1.158 -9.326 -8.000 1.286 -9.567 -8.000
3 322 0.985 -9.116 -8.000 0.000 -10.100 -8.000 0.533 -8.814 -8.000
3 322 0.533 -8.814 -8.000 0.774 -8.942 -8.000 0.985 -9.116 -8.000
3 322 0.533 -8.814 -8.000 0.000 -10.100 -8.000 0.000 -8.708 -8.000
3 322 0.000 -8.708 -8.000 0.272 -8.734 -8.000 0.533 -8.814 -8.000
3 322 0.000 -8.708 -8.000 0.000 -10.100 -8.000 -0.533 -8.814 -8.000
3 322 -0.533 -8.814 -8.000 -0.272 -8.734 -8.000 0.000 -8.708 -8.000
3 322 -0.533 -8.814 -8.000 0.000 -10.100 -8.000 -0.985 -9.116 -8.000
3 322 -0.985 -9.116 -8.000 -0.774 -8.942 -8.000 -0.533 -8.814 -8.000
3 322 -0.985 -9.116 -8.000 0.000 -10.100 -8.000 -1.286 -9.567 -8.000
3 322 -1.286 -9.567 -8.000 -1.158 -9.326 -8.000 -0.985 -9.116 -8.000
3 322 -1.286 -9.567 -8.000 0.000 -10.100 -8.000 -1.392 -10.100 -8.000
3 322 -1.392 -10.100 -8.000 -1.366 -9.828 -8.000 -1.286 -9.567 -8.000
3 80 -1.200 -7.100 -8.000 -0.914 -7.894 -8.000 -1.327 -8.114 -8.000
3 80 -1.327 -8.114 -8.000 -1.792 -7.418 -8.000 -1.200 -7.100 -8.000
3 80 -2.281 -7.819 -8.000 -1.792 -7.418 -8.000 -1.327 -8.114 -8.000
3 80 -1.327 -8.114 -8.000 -1.689 -8.411 -8.000 -2.281 -7.819 -8.000
3 80 -2.281 -7.819 -8.000 -1.689 -8.411 -8.000 -1.986 -8.773 -8.000
3 80 -1.986 -8.773 -8.000 -2.682 -8.308 -8.000 -2.281 -7.819 -8.000
3 80 -2.682 -8.308 -8.000 -1.986 -8.773 -8.000 -2.206 -9.186 -8.000
3 80 -2.206 -9.186 -8.000 -2.980 -8.865 -8.000 -2.682 -8.308 -8.000
3 80 -2.980 -8.865 -8.000 -2.206 -9.186 -8.000 -2.342 -9.634 -8.000
3 80 -2.342 -9.634 -8.000 -3.164 -9.471 -8.000 -2.980 -8.865 -8.000
3 80 -3.164 -9.471 -8.000 -2.342 -9.634 -8.000 -2.388 -10.100 -8.000
3 80 -2.388 -10.100 -8.000 -3.226 -10.100 -8.000 -3.164 -9.471 -8.000
3 80 -3.226 -10.100 -8.000 -2.388 -10.100 -8.000 -2.342 -10.566 -8.000
3 80 -2.342 -10.566 -8.000 -3.164 -10.729 -8.000 -3.226 -10.100 -8.000
3 80 -3.164 -10.729 -8.000 -2.342 -10.566 -8.000 -2.206 -11.014 -8.000
3 80 -2.206 -11.014 -8.000 -2.980 -11.335 -8.000 -3.164 -10.729 -8.000
3 80 -2.980 -11.335 -8.000 -2.206 -11.014 -8.000 -1.986 -11.427 -8.000
3 80 -1.986 -11.427 -8.000 -2.682 -11.892 -8.000 -2.980 -11.335 -8.000
3 80 -2.682 -11.892 -8.000 -1.986 -11.427 -8.000 -1.689 -11.789 -8.000
3 80 -1.689 -11.789 -8.000 -2.281 -12.381 -8.000 -2.682 -11.892 -8.000
3 80 -2.281 -12.381 -8.000 -1.689 -11.789 -8.000 -1.327 -12.086 -8.000
3 80 -1.327 -12.086 -8.000 -1.792 -12.782 -8.000 -2.281 -12.381 -8.000
3 80 1.792 -12.782 -8.000 1.327 -12.086 -8.000 1.689 -11.789 -8.000
3 80 1.689 -11.789 -8.000 2.281 -12.381 -8.000 1.792 -12.782 -8.000
3 80 2.281 -12.381 -8.000 1.689 -11.789 -8.000 1.986 -11.427 -8.000
3 80 1.986 -11.427 -8.000 2.682 -11.892 -8.000 2.281 -12.381 -8.000
3 80 2.682 -11.892 -8.000 1.986 -11.427 -8.000 2.206 -11.014 -8.000
3 80 2.206 -11.014 -8.000 2.980 -11.335 -8.000 2.682 -11.892 -8.000
3 80 2.980 -11.335 -8.000 2.206 -11.014 -8.000 2.342 -10.566 -8.000
3 80 2.342 -10.566 -8.000 3.164 -10.729 -8.000 2.980 -11.335 -8.000
3 80 3.164 -10.729 -8.000 2.342 -10.566 -8.000 2.388 -10.100 -8.000
3 80 2.388 -10.100 -8.000 3.226 -10.100 -8.000 3.164 -10.729 -8.000
3 80 3.226 -10.100 -8.000 2.388 -10.100 -8.000 2.342 -9.634 -8.000
3 80 2.342 -9.634 -8.000 3.164 -9.471 -8.000 3.226 -10.100 -8.000
3 80 3.164 -9.471 -8.000 2.342 -9.634 -8.000 2.206 -9.186 -8.000
3 80 2.206 -9.186 -8.000 2.980 -8.865 -8.000 3.164 -9.471 -8.000
3 80 2.980 -8.865 -8.000 2.206 -9.186 -8.000 1.986 -8.773 -8.000
3 80 1.986 -8.773 -8.000 2.682 -8.308 -8.000 2.980 -8.865 -8.000
3 80 2.682 -8.308 -8.000 1.986 -8.773 -8.000 1.689 -8.411 -8.000
3 80 1.689 -8.411 -8.000 2.281 -7.819 -8.000 2.682 -8.308 -8.000
3 80 2.281 -7.819 -8.000 1.689 -8.411 -8.000 1.327 -8.114 -8.000
3 80 1.327 -8.114 -8.000 1.792 -7.418 -8.000 2.281 -7.819 -8.000
3 80 1.792 -7.418 -8.000 1.327 -8.114 -8.000 0.914 -7.894 -8.000
3 80 0.914 -7.894 -8.000 1.200 -7.100 -8.000 1.792 -7.418 -8.000
3 80 0.600 -7.799 -8.000 0.600 -5.642 -8.000 1.200 -7.100 -8.000
3 80 1.200 -7.100 -8.000 0.914 -7.894 -8.000 0.600 -7.799 -8.000
3 80 0.600 -5.642 -8.000 1.200 -6.342 -8.000 1.200 -7.100 -8.000
3 80 -0.600 -7.799 -8.000 -0.914 -7.894 -8.000 -1.200 -7.100 -8.000
3 80 -1.200 -7.100 -8.000 -0.600 -5.642 -8.000 -0.600 -7.799 -8.000
3 80 -0.600 -5.642 -8.000 -1.200 -7.100 -8.000 -1.200 -6.342 -8.000
3 85 -0.272 -8.734 -8.000 -0.600 -7.799 -8.000 0.600 -7.799 -8.000
3 85 0.600 -7.799 -8.000 0.000 -8.708 -8.000 -0.272 -8.734 -8.000
3 85 0.600 -7.799 -8.000 0.272 -8.734 -8.000 0.000 -8.708 -8.000
3 85 0.272 -8.734 -8.000 0.600 -7.799 -8.000 0.914 -7.894 -8.000
3 85 0.914 -7.894 -8.000 0.533 -8.814 -8.000 0.272 -8.734 -8.000
3 85 -0.600 -7.799 -8.000 -0.600 -5.642 -8.000 0.600 -5.642 -8.000
3 85 0.600 -5.642 -8.000 0.600 -7.799 -8.000 -0.600 -7.799 -8.000
3 85 -0.600 -5.642 -8.000 -0.600 -4.664 -8.000 0.600 -4.664 -8.000
3 85 0.600 -4.664 -8.000 0.600 -5.642 -8.000 -0.600 -5.642 -8.000
3 85 -0.600 -4.664 -8.000 -0.600 -1.600 -8.000 0.600 -1.600 -8.000
3 85 0.600 -1.600 -8.000 0.600 -4.664 -8.000 -0.600 -4.664 -8.000
3 85 -13.800 4.600 -8.000 -13.800 5.800 -8.000 -10.842 5.800 -8.000
3 85 -10.842 5.800 -8.000 -10.842 4.600 -8.000 -13.800 4.600 -8.000
3 85 -10.842 4.600 -8.000 -10.842 5.800 -8.000 -9.864 5.800 -8.000
3 85 -9.864 5.800 -8.000 -9.864 4.600 -8.000 -10.842 4.600 -8.000
3 85 -9.864 4.600 -8.000 -9.864 5.800 -8.000 -7.000 5.800 -8.000
3 85 -7.000 5.800 -8.000 -7.000 4.600 -8.000 -9.864 4.600 -8.000
3 80 -14.500 6.400 -8.000 -13.800 5.800 -8.000 -13.800 4.600 -8.000
3 80 -13.800 4.600 -8.000 -14.500 4.000 -8.000 -14.500 6.400 -8.000
3 80 13.800 5.800 -8.000 14.500 6.400 -8.000 14.500 4.000 -8.000
3 80 14.500 4.000 -8.000 13.800 4.600 -8.000 13.800 5.800 -8.000
3 85 7.000 4.600 -8.000 7.000 5.800 -8.000 9.864 5.800 -8.000
3 85 9.864 5.800 -8.000 9.864 4.600 -8.000 7.000 4.600 -8.000
3 85 9.864 4.600 -8.000 9.864 5.800 -8.000 10.842 5.800 -8.000
3 85 10.842 5.800 -8.000 10.842 4.600 -8.000 9.864 4.600 -8.000
3 85 10.842 4.600 -8.000 10.842 5.800 -8.000 13.800 5.800 -8.000
3 85 13.800 5.800 -8.000 13.800 4.600 -8.000 10.842 4.600 -8.000
3 85 -4.052 -20.006 -8.000 -5.008 -20.196 -8.000 -5.106 -19.200 -8.000
3 85 -5.106 -19.200 -8.000 -4.132 -19.200 -8.000 -4.052 -20.006 -8.000
3 85 -4.132 -19.200 -8.000 -5.106 -19.200 -8.000 -5.008 -18.204 -8.000
3 85 -5.008 -18.204 -8.000 -4.052 -18.394 -8.000 -4.132 -19.200 -8.000
3 85 -4.052 -18.394 -8.000 -5.008 -18.204 -8.000 -4.717 -17.246 -8.000
3 85 -4.717 -17.246 -8.000 -3.817 -17.619 -8.000 -4.052 -18.394 -8.000
3 85 -3.817 -17.619 -8.000 -4.717 -17.246 -8.000 -4.245 -16.363 -8.000
3 85 -4.245 -16.363 -8.000 -3.435 -16.905 -8.000 -3.817 -17.619 -8.000
3 85 -3.435 -16.905 -8.000 -4.245 -16.363 -8.000 -3.610 -15.590 -8.000
3 85 -3.610 -15.590 -8.000 -2.922 -16.279 -8.000 -3.435 -16.905 -8.000
3 85 -2.922 -16.279 -8.000 -3.610 -15.590 -8.000 -2.837 -14.955 -8.000
3 85 -2.837 -14.955 -8.000 -2.295 -15.765 -8.000 -2.922 -16.279 -8.000
3 85 -2.295 -15.765 -8.000 -2.837 -14.955 -8.000 -1.954 -14.483 -8.000
3 85 -1.954 -14.483 -8.000 -1.581 -15.383 -8.000 -2.295 -15.765 -8.000
3 85 -1.581 -15.383 -8.000 -1.954 -14.483 -8.000 -0.996 -14.192 -8.000
3 85 -0.996 -14.192 -8.000 -0.806 -15.148 -8.000 -1.581 -15.383 -8.000
3 85 0.806 -15.148 -8.000 0.996 -14.192 -8.000 1.954 -14.483 -8.000
3 85 1.954 -14.483 -8.000 1.581 -15.383 -8.000 0.806 -15.148 -8.000
3 85 1.581 -15.383 -8.000 1.954 -14.483 -8.000 2.837 -14.955 -8.000
3 85 2.837 -14.955 -8.000 2.295 -15.765 -8.000 1.581 -15.383 -8.000
3 85 2.295 -15.765 -8.000 2.837 -14.955 -8.000 3.610 -15.590 -8.000
3 85 3.610 -15.590 -8.000 2.922 -16.279 -8.000 2.295 -15.765 -8.000
3 85 2.922 -16.279 -8.000 3.610 -15.590 -8.000 4.245 -16.363 -8.000
3 85 4.245 -16.363 -8.000 3.435 -16.905 -8.000 2.922 -16.279 -8.000
3 85 3.435 -16.905 -8.000 4.245 -16.363 -8.000 4.717 -17.246 -8.000
3 85 4.717 -17.246 -8.000 3.817 -17.619 -8.000 3.435 -16.905 -8.000
3 85 0.000 -23.332 -8.000 0.000 -24.306 -8.000 -0.996 -24.208 -8.000
3 85 -0.996 -24.208 -8.000 -0.806 -23.252 -8.000 0.000 -23.332 -8.000
3 85 -0.806 -23.252 -8.000 -0.996 -24.208 -8.000 -1.954 -23.917 -8.000
3 85 -1.954 -23.917 -8.000 -1.581 -23.017 -8.000 -0.806 -23.252 -8.000
3 85 -1.581 -23.017 -8.000 -1.954 -23.917 -8.000 -2.837 -23.446 -8.000
3 85 -2.837 -23.446 -8.000 -2.295 -22.635 -8.000 -1.581 -23.017 -8.000
3 85 -2.295 -22.635 -8.000 -2.837 -23.446 -8.000 -3.610 -22.811 -8.000
3 85 -3.610 -22.811 -8.000 -2.922 -22.122 -8.000 -2.295 -22.635 -8.000
3 85 -2.922 -22.122 -8.000 -3.610 -22.811 -8.000 -4.245 -22.037 -8.000
3 85 -4.245 -22.037 -8.000 -3.435 -21.495 -8.000 -2.922 -22.122 -8.000
3 85 -3.435 -21.495 -8.000 -4.245 -22.037 -8.000 -4.717 -21.154 -8.000
3 85 -4.717 -21.154 -8.000 -3.817 -20.781 -8.000 -3.435 -21.495 -8.000
3 85 -3.817 -20.781 -8.000 -4.717 -21.154 -8.000 -5.008 -20.196 -8.000
3 85 -5.008 -20.196 -8.000 -4.052 -20.006 -8.000 -3.817 -20.781 -8.000
3 80 -5.799 -18.046 -8.000 -5.008 -18.204 -8.000 -5.106 -19.200 -8.000
3 80 -5.106 -19.200 -8.000 -5.913 -19.200 -8.000 -5.799 -18.046 -8.000
3 80 -5.913 -19.200 -8.000 -5.106 -19.200 -8.000 -5.008 -20.196 -8.000
3 80 -5.008 -20.196 -8.000 -5.799 -20.354 -8.000 -5.913 -19.200 -8.000
3 80 -5.799 -20.354 -8.000 -5.008 -20.196 -8.000 -4.717 -21.154 -8.000
3 80 -4.717 -21.154 -8.000 -5.463 -21.463 -8.000 -5.799 -20.354 -8.000
3 80 -5.463 -21.463 -8.000 -4.717 -21.154 -8.000 -4.245 -22.037 -8.000
3 80 -4.245 -22.037 -8.000 -4.916 -22.485 -8.000 -5.463 -21.463 -8.000
3 80 -4.916 -22.485 -8.000 -4.245 -22.037 -8.000 -3.610 -22.811 -8.000
3 80 -3.610 -22.811 -8.000 -4.181 -23.381 -8.000 -4.916 -22.485 -8.000
3 80 -4.181 -23.381 -8.000 -3.610 -22.811 -8.000 -2.837 -23.446 -8.000
3 80 -2.837 -23.446 -8.000 -3.285 -24.117 -8.000 -4.181 -23.381 -8.000
3 80 -3.285 -24.117 -8.000 -2.837 -23.446 -8.000 -1.954 -23.917 -8.000
3 80 -1.954 -23.917 -8.000 -2.263 -24.663 -8.000 -3.285 -24.117 -8.000
3 80 -2.263 -24.663 -8.000 -1.954 -23.917 -8.000 -0.996 -24.208 -8.000
3 80 -0.996 -24.208 -8.000 -1.154 -24.999 -8.000 -2.263 -24.663 -8.000
3 80 -1.154 -24.999 -8.000 -0.996 -24.208 -8.000 0.000 -24.306 -8.000
3 80 0.000 -24.306 -8.000 0.000 -25.113 -8.000 -1.154 -24.999 -8.000
3 80 -4.052 -18.394 -8.000 -3.280 -18.548 -8.000 -3.344 -19.200 -8.000
3 80 -3.344 -19.200 -8.000 -4.132 -19.200 -8.000 -4.052 -18.394 -8.000
3 80 -4.132 -19.200 -8.000 -3.344 -19.200 -8.000 -3.280 -19.852 -8.000
3 80 -3.280 -19.852 -8.000 -4.052 -20.006 -8.000 -4.132 -19.200 -8.000
3 80 -4.052 -20.006 -8.000 -3.280 -19.852 -8.000 -3.089 -20.480 -8.000
3 80 -3.089 -20.480 -8.000 -3.817 -20.781 -8.000 -4.052 -20.006 -8.000
3 80 -3.817 -20.781 -8.000 -3.089 -20.480 -8.000 -2.780 -21.058 -8.000
3 80 -2.780 -21.058 -8.000 -3.435 -21.495 -8.000 -3.817 -20.781 -8.000
3 80 -3.435 -21.495 -8.000 -2.780 -21.058 -8.000 -2.365 -21.565 -8.000
3 80 -2.365 -21.565 -8.000 -2.922 -22.122 -8.000 -3.435 -21.495 -8.000
3 80 -2.922 -22.122 -8.000 -2.365 -21.565 -8.000 -1.858 -21.980 -8.000
3 80 -1.858 -21.980 -8.000 -2.295 -22.635 -8.000 -2.922 -22.122 -8.000
3 80 -2.295 -22.635 -8.000 -1.858 -21.980 -8.000 -1.280 -22.289 -8.000
3 80 -1.280 -22.289 -8.000 -1.581 -23.017 -8.000 -2.295 -22.635 -8.000
3 80 -1.581 -23.017 -8.000 -1.280 -22.289 -8.000 -0.652 -22.480 -8.000
3 80 -0.652 -22.480 -8.000 -0.806 -23.252 -8.000 -1.581 -23.017 -8.000
3 80 -0.806 -23.252 -8.000 -0.652 -22.480 -8.000 0.000 -22.544 -8.000
3 80 0.000 -22.544 -8.000 0.000 -23.332 -8.000 -0.806 -23.252 -8.000
3 80 0.000 -22.544 -8.000 0.700 -22.480 -8.000 0.000 -23.332 -8.000
3 80 0.000 -23.332 -8.000 0.700 -22.480 -8.000 0.000 -24.306 -8.000
3 80 0.000 -24.306 -8.000 0.700 -22.480 -8.000 0.700 -25.044 -8.000
3 80 0.700 -25.044 -8.000 0.000 -25.113 -8.000 0.000 -24.306 -8.000
3 80 -3.817 -17.619 -8.000 -3.089 -17.920 -8.000 -3.280 -18.548 -8.000
3 80 -3.280 -18.548 -8.000 -4.052 -18.394 -8.000 -3.817 -17.619 -8.000
3 80 -3.435 -16.905 -8.000 -2.780 -17.342 -8.000 -3.089 -17.920 -8.000
3 80 -3.089 -17.920 -8.000 -3.817 -17.619 -8.000 -3.435 -16.905 -8.000
3 80 -2.922 -16.279 -8.000 -2.365 -16.836 -8.000 -2.780 -17.342 -8.000
3 80 -2.780 -17.342 -8.000 -3.435 -16.905 -8.000 -2.922 -16.279 -8.000
3 80 -2.922 -16.279 -8.000 -2.295 -15.765 -8.000 -1.858 -16.420 -8.000
3 80 -1.858 -16.420 -8.000 -2.365 -16.836 -8.000 -2.922 -16.279 -8.000
3 80 -2.295 -15.765 -8.000 -1.581 -15.383 -8.000 -1.280 -16.111 -8.000
3 80 -1.280 -16.111 -8.000 -1.858 -16.420 -8.000 -2.295 -15.765 -8.000
3 80 -1.581 -15.383 -8.000 -0.806 -15.148 -8.000 -0.652 -15.920 -8.000
3 80 -0.652 -15.920 -8.000 -1.280 -16.111 -8.000 -1.581 -15.383 -8.000
3 80 -0.652 -15.920 -8.000 -0.806 -15.148 -8.000 0.000 -15.068 -8.000
3 80 0.000 -15.068 -8.000 0.000 -15.856 -8.000 -0.652 -15.920 -8.000
3 80 0.000 -15.856 -8.000 0.000 -15.068 -8.000 0.806 -15.148 -8.000
3 80 0.806 -15.148 -8.000 0.652 -15.920 -8.000 0.000 -15.856 -8.000
3 80 0.652 -15.920 -8.000 0.806 -15.148 -8.000 1.581 -15.383 -8.000
3 80 1.581 -15.383 -8.000 1.280 -16.111 -8.000 0.652 -15.920 -8.000
3 80 1.280 -16.111 -8.000 1.581 -15.383 -8.000 2.295 -15.765 -8.000
3 80 2.295 -15.765 -8.000 1.858 -16.420 -8.000 1.280 -16.111 -8.000
3 80 2.295 -15.765 -8.000 2.922 -16.279 -8.000 2.365 -16.836 -8.000
3 80 2.365 -16.836 -8.000 1.858 -16.420 -8.000 2.295 -15.765 -8.000
3 80 2.922 -16.279 -8.000 3.435 -16.905 -8.000 2.780 -17.342 -8.000
3 80 2.780 -17.342 -8.000 2.365 -16.836 -8.000 2.922 -16.279 -8.000
3 80 3.435 -16.905 -8.000 3.817 -17.619 -8.000 3.089 -17.920 -8.000
3 80 3.089 -17.920 -8.000 2.780 -17.342 -8.000 3.435 -16.905 -8.000
3 80 3.280 -18.548 -8.000 3.089 -17.920 -8.000 3.817 -17.619 -8.000
3 80 3.280 -18.548 -8.000 3.817 -17.619 -8.000 4.717 -17.246 -8.000
3 80 4.717 -17.246 -8.000 5.463 -16.937 -8.000 5.642 -17.527 -8.000
3 80 5.642 -17.527 -8.000 3.280 -18.548 -8.000 4.717 -17.246 -8.000
3 80 4.245 -16.363 -8.000 4.916 -15.915 -8.000 5.463 -16.937 -8.000
3 80 5.463 -16.937 -8.000 4.717 -17.246 -8.000 4.245 -16.363 -8.000
3 80 3.610 -15.590 -8.000 4.181 -15.019 -8.000 4.916 -15.915 -8.000
3 80 4.916 -15.915 -8.000 4.245 -16.363 -8.000 3.610 -15.590 -8.000
3 80 2.837 -14.955 -8.000 3.285 -14.284 -8.000 4.181 -15.019 -8.000
3 80 4.181 -15.019 -8.000 3.610 -15.590 -8.000 2.837 -14.955 -8.000
3 80 2.263 -13.737 -8.000 3.285 -14.284 -8.000 2.837 -14.955 -8.000
3 80 2.837 -14.955 -8.000 1.954 -14.483 -8.000 2.263 -13.737 -8.000
3 80 1.954 -14.483 -8.000 0.996 -14.192 -8.000 1.300 -13.445 -8.000
3 80 1.300 -13.445 -8.000 2.263 -13.737 -8.000 1.954 -14.483 -8.000
3 80 -5.463 -16.937 -8.000 -4.717 -17.246 -8.000 -5.008 -18.204 -8.000
3 80 -5.008 -18.204 -8.000 -5.799 -18.046 -8.000 -5.463 -16.937 -8.000
3 80 -4.916 -15.915 -8.000 -4.245 -16.363 -8.000 -4.717 -17.246 -8.000
3 80 -4.717 -17.246 -8.000 -5.463 -16.937 -8.000 -4.916 -15.915 -8.000
3 80 -4.916 -15.915 -8.000 -4.181 -15.019 -8.000 -3.610 -15.590 -8.000
3 80 -3.610 -15.590 -8.000 -4.245 -16.363 -8.000 -4.916 -15.915 -8.000
3 80 -4.181 -15.019 -8.000 -3.285 -14.284 -8.000 -2.837 -14.955 -8.000
3 80 -2.837 -14.955 -8.000 -3.610 -15.590 -8.000 -4.181 -15.019 -8.000
3 80 -3.285 -14.284 -8.000 -2.263 -13.737 -8.000 -1.954 -14.483 -8.000
3 80 -1.954 -14.483 -8.000 -2.837 -14.955 -8.000 -3.285 -14.284 -8.000
3 80 -1.954 -14.483 -8.000 -2.263 -13.737 -8.000 -1.300 -13.445 -8.000
3 80 -1.300 -13.445 -8.000 -0.996 -14.192 -8.000 -1.954 -14.483 -8.000
3 85 -0.914 -12.306 -8.000 -0.533 -11.386 -8.000 -0.272 -11.466 -8.000
3 85 -0.272 -11.466 -8.000 -0.600 -12.401 -8.000 -0.914 -12.306 -8.000
3 85 -0.600 -12.401 -8.000 -0.272 -11.466 -8.000 0.000 -11.492 -8.000
3 85 0.000 -11.492 -8.000 0.600 -12.401 -8.000 -0.600 -12.401 -8.000
3 85 0.000 -11.492 -8.000 0.272 -11.466 -8.000 0.600 -12.401 -8.000
3 85 -0.600 -13.267 -8.000 -0.600 -12.401 -8.000 0.600 -12.401 -8.000
3 85 0.600 -12.401 -8.000 0.600 -13.267 -8.000 -0.600 -13.267 -8.000
3 85 -0.600 -14.153 -8.000 -0.600 -13.267 -8.000 0.600 -13.267 -8.000
3 85 0.600 -13.267 -8.000 0.000 -14.094 -8.000 -0.600 -14.153 -8.000
3 85 0.600 -13.267 -8.000 0.600 -14.153 -8.000 0.000 -15.068 -8.000
3 85 0.000 -15.068 -8.000 0.000 -14.094 -8.000 0.600 -13.267 -8.000
3 85 -0.996 -14.192 -8.000 -0.600 -14.153 -8.000 0.000 -15.068 -8.000
3 85 0.000 -15.068 -8.000 -0.806 -15.148 -8.000 -0.996 -14.192 -8.000
3 85 0.000 -14.094 -8.000 0.000 -15.068 -8.000 -0.600 -14.153 -8.000
3 85 0.000 -15.068 -8.000 0.600 -14.153 -8.000 0.996 -14.192 -8.000
3 85 0.996 -14.192 -8.000 0.806 -15.148 -8.000 0.000 -15.068 -8.000
3 80 -1.300 -13.445 -8.000 -1.300 -13.045 -8.000 -0.600 -12.401 -8.000
3 80 -0.600 -12.401 -8.000 -0.600 -13.267 -8.000 -1.300 -13.445 -8.000
3 80 1.300 -13.445 -8.000 0.600 -13.267 -8.000 0.914 -12.306 -8.000
3 80 0.914 -12.306 -8.000 1.300 -13.045 -8.000 1.300 -13.445 -8.000
3 80 -1.792 -12.782 -8.000 -1.327 -12.086 -8.000 -0.914 -12.306 -8.000
3 80 -0.914 -12.306 -8.000 -1.300 -13.045 -8.000 -1.792 -12.782 -8.000
3 80 -1.300 -13.045 -8.000 -0.914 -12.306 -8.000 -0.600 -12.401 -8.000
3 80 0.600 -13.267 -8.000 0.600 -12.401 -8.000 0.914 -12.306 -8.000
3 80 0.914 -12.306 -8.000 1.327 -12.086 -8.000 1.792 -12.782 -8.000
3 80 1.792 -12.782 -8.000 1.300 -13.045 -8.000 0.914 -12.306 -8.000
3 80 -1.300 -13.445 -8.000 -0.600 -13.267 -8.000 -0.600 -14.153 -8.000
3 80 -0.600 -14.153 -8.000 -0.996 -14.192 -8.000 -1.300 -13.445 -8.000
3 80 0.600 -14.153 -8.000 0.600 -13.267 -8.000 1.300 -13.445 -8.000
3 80 1.300 -13.445 -8.000 0.996 -14.192 -8.000 0.600 -14.153 -8.000
3 85 -6.800 14.631 -8.000 -6.800 35.052 -8.000 -6.000 35.589 -8.000
3 85 -6.000 35.589 -8.000 -6.478 14.895 -8.000 -6.800 14.631 -8.000
3 85 -6.000 35.589 -8.000 -6.000 15.150 -8.000 -6.478 14.895 -8.000
3 85 6.800 14.631 -8.000 6.478 14.895 -8.000 6.000 35.589 -8.000
3 85 6.000 35.589 -8.000 6.800 35.052 -8.000 6.800 14.631 -8.000
3 85 6.000 35.589 -8.000 6.478 14.895 -8.000 6.000 15.150 -8.000
3 85 -7.275 34.733 -8.000 -7.654 35.663 -8.000 -5.176 37.284 -8.000
3 85 -5.176 37.284 -8.000 -6.800 35.052 -8.000 -7.275 34.733 -8.000
3 85 -6.800 35.052 -8.000 -5.176 37.284 -8.000 -6.000 35.589 -8.000
3 85 -6.000 35.589 -8.000 -5.176 37.284 -8.000 -4.920 36.314 -8.000
3 85 4.920 36.314 -8.000 5.176 37.284 -8.000 7.654 35.663 -8.000
3 85 7.654 35.663 -8.000 6.000 35.589 -8.000 4.920 36.314 -8.000
3 85 6.000 35.589 -8.000 7.654 35.663 -8.000 6.800 35.052 -8.000
3 85 6.800 35.052 -8.000 7.654 35.663 -8.000 7.275 34.733 -8.000
3 80 -8.245 13.445 -8.000 -6.800 14.631 -8.000 -6.056 14.264 -8.000
3 80 -6.056 14.264 -8.000 -7.708 12.908 -8.000 -8.245 13.445 -8.000
3 80 -6.800 14.631 -8.000 -6.478 14.895 -8.000 -6.000 15.150 -8.000
3 80 -6.000 15.150 -8.000 -6.056 14.264 -8.000 -6.800 14.631 -8.000
3 80 -6.056 14.264 -8.000 -6.000 15.150 -8.000 -4.462 15.972 -8.000
3 80 -4.462 15.972 -8.000 -4.172 15.271 -8.000 -6.056 14.264 -8.000
3 80 4.462 15.972 -8.000 6.000 15.150 -8.000 6.056 14.264 -8.000
3 80 6.056 14.264 -8.000 4.172 15.271 -8.000 4.462 15.972 -8.000
3 80 6.000 15.150 -8.000 6.478 14.895 -8.000 6.800 14.631 -8.000
3 80 6.800 14.631 -8.000 6.056 14.264 -8.000 6.000 15.150 -8.000
3 80 6.056 14.264 -8.000 6.800 14.631 -8.000 8.245 13.445 -8.000
3 80 8.245 13.445 -8.000 7.708 12.908 -8.000 6.056 14.264 -8.000
3 85 -3.243 10.257 -8.000 -2.634 10.866 -8.000 -2.429 10.616 -8.000
3 85 -2.429 10.616 -8.000 -3.145 10.138 -8.000 -3.243 10.257 -8.000
3 85 -3.145 10.138 -8.000 -2.429 10.616 -8.000 -2.277 10.331 -8.000
3 85 -2.277 10.331 -8.000 -3.072 10.001 -8.000 -3.145 10.138 -8.000
3 85 -3.072 10.001 -8.000 -2.277 10.331 -8.000 -2.183 10.022 -8.000
3 85 -2.183 10.022 -8.000 -3.027 9.854 -8.000 -3.072 10.001 -8.000
3 85 -3.027 9.854 -8.000 -2.183 10.022 -8.000 -2.151 9.700 -8.000
3 85 -2.151 9.700 -8.000 -3.012 9.700 -8.000 -3.027 9.854 -8.000
3 85 -3.012 9.700 -8.000 -2.151 9.700 -8.000 -2.183 9.378 -8.000
3 85 -2.183 9.378 -8.000 -3.027 9.546 -8.000 -3.012 9.700 -8.000
3 85 -3.027 9.546 -8.000 -2.183 9.378 -8.000 -2.277 9.069 -8.000
3 85 -2.277 9.069 -8.000 -3.072 9.399 -8.000 -3.027 9.546 -8.000
3 85 -3.145 9.262 -8.000 -3.072 9.399 -8.000 -2.277 9.069 -8.000
3 85 -3.499 8.972 -8.000 -3.169 8.177 -8.000 -3.478 8.083 -8.000
3 85 -3.478 8.083 -8.000 -3.646 8.927 -8.000 -3.499 8.972 -8.000
3 85 -3.646 8.927 -8.000 -3.478 8.083 -8.000 -3.800 8.051 -8.000
3 85 -3.800 8.051 -8.000 -3.800 8.912 -8.000 -3.646 8.927 -8.000
3 85 -3.800 8.912 -8.000 -3.800 8.051 -8.000 -4.122 8.083 -8.000
3 85 -4.122 8.083 -8.000 -3.954 8.927 -8.000 -3.800 8.912 -8.000
3 85 -3.954 8.927 -8.000 -4.122 8.083 -8.000 -4.431 8.177 -8.000
3 85 -4.431 8.177 -8.000 -4.101 8.972 -8.000 -3.954 8.927 -8.000
3 85 -4.101 8.972 -8.000 -4.431 8.177 -8.000 -4.716 8.329 -8.000
3 85 -4.716 8.329 -8.000 -4.238 9.045 -8.000 -4.101 8.972 -8.000
3 85 -4.238 9.045 -8.000 -4.716 8.329 -8.000 -4.966 8.534 -8.000
3 85 -4.966 8.534 -8.000 -4.357 9.143 -8.000 -4.238 9.045 -8.000
3 85 0.500 5.408 -8.000 0.500 6.391 -8.000 0.849 6.357 -8.000
3 85 0.849 6.357 -8.000 0.658 5.393 -8.000 0.500 5.408 -8.000
3 85 0.658 5.393 -8.000 0.849 6.357 -8.000 1.185 6.255 -8.000
3 85 1.185 6.255 -8.000 0.809 5.347 -8.000 0.658 5.393 -8.000
3 85 0.809 5.347 -8.000 1.185 6.255 -8.000 1.495 6.089 -8.000
3 85 1.495 6.089 -8.000 0.949 5.272 -8.000 0.809 5.347 -8.000
3 85 0.949 5.272 -8.000 1.495 6.089 -8.000 1.766 5.866 -8.000
3 85 1.766 5.866 -8.000 1.072 5.172 -8.000 0.949 5.272 -8.000
3 85 1.072 5.172 -8.000 1.766 5.866 -8.000 1.989 5.595 -8.000
3 85 1.989 5.595 -8.000 1.172 5.049 -8.000 1.072 5.172 -8.000
3 85 1.172 5.049 -8.000 1.989 5.595 -8.000 2.155 5.285 -8.000
3 85 2.155 5.285 -8.000 1.247 4.909 -8.000 1.172 5.049 -8.000
3 85 1.247 4.909 -8.000 2.155 5.285 -8.000 2.257 4.949 -8.000
3 85 2.257 4.949 -8.000 1.293 4.758 -8.000 1.247 4.909 -8.000
3 85 1.293 4.758 -8.000 2.257 4.949 -8.000 2.291 4.600 -8.000
3 85 2.291 4.600 -8.000 1.308 4.600 -8.000 1.293 4.758 -8.000
3 85 1.308 4.600 -8.000 2.291 4.600 -8.000 2.251 4.231 -8.000
3 85 2.251 4.231 -8.000 1.293 4.442 -8.000 1.308 4.600 -8.000
3 85 5.400 0.900 -8.000 4.700 0.200 -8.000 1.071 4.022 -8.000
3 85 1.071 4.022 -8.000 2.251 4.231 -8.000 5.400 0.900 -8.000
3 85 1.293 4.442 -8.000 2.251 4.231 -8.000 1.247 4.291 -8.000
3 85 2.251 4.231 -8.000 1.071 4.022 -8.000 1.247 4.291 -8.000
3 85 0.051 5.272 -8.000 0.177 6.359 -8.000 0.500 6.391 -8.000
3 85 0.500 6.391 -8.000 0.191 5.347 -8.000 0.051 5.272 -8.000
3 85 0.191 5.347 -8.000 0.500 6.391 -8.000 0.342 5.393 -8.000
3 85 0.342 5.393 -8.000 0.500 6.391 -8.000 0.500 5.408 -8.000
3 85 -3.499 8.972 -8.000 -3.362 9.045 -8.000 -3.112 8.207 -8.000
3 85 -3.112 8.207 -8.000 -3.169 8.177 -8.000 -3.499 8.972 -8.000
3 85 -3.362 9.045 -8.000 -3.243 9.143 -8.000 -2.379 8.876 -8.000
3 85 -2.379 8.876 -8.000 -3.112 8.207 -8.000 -3.362 9.045 -8.000
3 85 -3.145 9.262 -8.000 -2.277 9.069 -8.000 -2.379 8.876 -8.000
3 85 -2.379 8.876 -8.000 -3.243 9.143 -8.000 -3.145 9.262 -8.000
3 85 -2.379 8.876 -8.000 0.177 6.359 -8.000 0.051 5.272 -8.000
3 85 0.051 5.272 -8.000 -3.112 8.207 -8.000 -2.379 8.876 -8.000
3 85 -3.112 8.207 -8.000 0.051 5.272 -8.000 -0.059 5.181 -8.000
3 80 0.500 6.391 -8.000 0.369 7.167 -8.000 0.800 7.209 -8.000
3 80 0.800 7.209 -8.000 0.849 6.357 -8.000 0.500 6.391 -8.000
3 80 0.849 6.357 -8.000 0.800 7.209 -8.000 1.231 7.167 -8.000
3 80 1.231 7.167 -8.000 1.185 6.255 -8.000 0.849 6.357 -8.000
3 80 1.231 7.167 -8.000 1.645 7.041 -8.000 1.495 6.089 -8.000
3 80 1.495 6.089 -8.000 1.185 6.255 -8.000 1.231 7.167 -8.000
3 80 1.645 7.041 -8.000 2.027 6.837 -8.000 1.766 5.866 -8.000
3 80 1.766 5.866 -8.000 1.495 6.089 -8.000 1.645 7.041 -8.000
3 80 2.027 6.837 -8.000 2.362 6.562 -8.000 1.989 5.595 -8.000
3 80 1.989 5.595 -8.000 1.766 5.866 -8.000 2.027 6.837 -8.000
3 80 2.362 6.562 -8.000 2.637 6.227 -8.000 2.155 5.285 -8.000
3 80 2.155 5.285 -8.000 1.989 5.595 -8.000 2.362 6.562 -8.000
3 80 2.637 6.227 -8.000 2.841 5.845 -8.000 2.257 4.949 -8.000
3 80 2.257 4.949 -8.000 2.155 5.285 -8.000 2.637 6.227 -8.000
3 80 2.841 5.845 -8.000 2.967 5.431 -8.000 3.009 5.000 -8.000
3 80 3.009 5.000 -8.000 2.257 4.949 -8.000 2.841 5.845 -8.000
3 80 2.257 4.949 -8.000 3.009 5.000 -8.000 2.967 4.569 -8.000
3 80 2.967 4.569 -8.000 2.291 4.600 -8.000 2.257 4.949 -8.000
3 80 2.291 4.600 -8.000 2.967 4.569 -8.000 5.400 0.900 -8.000
3 80 5.400 0.900 -8.000 2.251 4.231 -8.000 2.291 4.600 -8.000
3 80 -4.966 8.534 -8.000 -4.716 8.329 -8.000 -5.225 7.567 -8.000
3 80 -5.225 7.567 -8.000 -5.614 7.886 -8.000 -4.966 8.534 -8.000
3 80 -5.225 7.567 -8.000 -4.716 8.329 -8.000 -4.431 8.177 -8.000
3 80 -4.431 8.177 -8.000 -4.782 7.330 -8.000 -5.225 7.567 -8.000
3 80 -4.782 7.330 -8.000 -4.431 8.177 -8.000 -4.122 8.083 -8.000
3 80 -4.122 8.083 -8.000 -4.300 7.184 -8.000 -4.782 7.330 -8.000
3 80 -4.300 7.184 -8.000 -4.122 8.083 -8.000 -3.800 8.051 -8.000
3 80 -3.800 8.051 -8.000 -3.800 7.135 -8.000 -4.300 7.184 -8.000
3 80 -3.800 7.135 -8.000 -3.800 8.051 -8.000 -3.478 8.083 -8.000
3 80 -3.478 8.083 -8.000 -3.300 7.184 -8.000 -3.800 7.135 -8.000
3 80 -2.277 9.069 -8.000 -1.430 8.718 -8.000 0.177 6.359 -8.000
3 80 0.177 6.359 -8.000 -2.379 8.876 -8.000 -2.277 9.069 -8.000
3 80 -2.277 9.069 -8.000 -2.183 9.378 -8.000 -1.235 9.700 -8.000
3 80 -1.235 9.700 -8.000 -1.284 9.200 -8.000 -2.277 9.069 -8.000
3 80 -2.183 9.378 -8.000 -2.151 9.700 -8.000 -1.284 10.200 -8.000
3 80 -1.284 10.200 -8.000 -1.235 9.700 -8.000 -2.183 9.378 -8.000
3 80 -2.151 9.700 -8.000 -2.183 10.022 -8.000 -1.430 10.682 -8.000
3 80 -1.430 10.682 -8.000 -1.284 10.200 -8.000 -2.151 9.700 -8.000
3 80 -2.183 10.022 -8.000 -2.277 10.331 -8.000 -1.667 11.125 -8.000
3 80 -1.667 11.125 -8.000 -1.430 10.682 -8.000 -2.183 10.022 -8.000
3 80 -2.277 10.331 -8.000 -2.429 10.616 -8.000 -1.986 11.514 -8.000
3 80 -1.986 11.514 -8.000 -1.667 11.125 -8.000 -2.277 10.331 -8.000
3 80 -2.429 10.616 -8.000 -2.634 10.866 -8.000 -2.500 12.000 -8.000
3 80 -2.500 12.000 -8.000 -1.986 11.514 -8.000 -2.429 10.616 -8.000
3 80 -6.100 8.400 -8.000 -4.966 8.534 -8.000 -5.614 7.886 -8.000
3 80 -4.357 9.143 -8.000 -4.966 8.534 -8.000 -6.100 8.400 -8.000
3 80 -4.357 9.143 -8.000 -6.100 8.400 -8.000 -2.500 12.000 -8.000
3 80 -2.500 12.000 -8.000 -3.243 10.257 -8.000 -4.357 9.143 -8.000
3 80 -2.634 10.866 -8.000 -3.243 10.257 -8.000 -2.500 12.000 -8.000
3 80 -3.243 10.257 -8.000 -3.145 10.138 -8.000 -3.072 10.001 -8.000
3 80 -3.072 10.001 -8.000 -4.357 9.143 -8.000 -3.243 10.257 -8.000
3 80 -3.072 10.001 -8.000 -3.027 9.854 -8.000 -3.012 9.700 -8.000
3 80 -3.012 9.700 -8.000 -4.357 9.143 -8.000 -3.072 10.001 -8.000
3 80 -3.012 9.700 -8.000 -3.027 9.546 -8.000 -3.072 9.399 -8.000
3 80 -3.072 9.399 -8.000 -4.357 9.143 -8.000 -3.012 9.700 -8.000
3 80 -3.072 9.399 -8.000 -3.145 9.262 -8.000 -3.243 9.143 -8.000
3 80 -3.243 9.143 -8.000 -4.357 9.143 -8.000 -3.072 9.399 -8.000
3 80 -3.243 9.143 -8.000 -3.362 9.045 -8.000 -3.499 8.972 -8.000
3 80 -3.499 8.972 -8.000 -4.357 9.143 -8.000 -3.243 9.143 -8.000
3 80 -3.499 8.972 -8.000 -3.646 8.927 -8.000 -3.800 8.912 -8.000
3 80 -3.800 8.912 -8.000 -4.357 9.143 -8.000 -3.499 8.972 -8.000
3 80 -3.800 8.912 -8.000 -3.954 8.927 -8.000 -4.101 8.972 -8.000
3 80 -4.101 8.972 -8.000 -4.357 9.143 -8.000 -3.800 8.912 -8.000
3 80 -4.101 8.972 -8.000 -4.238 9.045 -8.000 -4.357 9.143 -8.000
3 80 5.400 0.900 -8.000 2.967 4.569 -8.000 6.500 1.000 -8.000
3 80 6.500 1.000 -8.000 4.700 -0.700 -8.000 4.700 0.200 -8.000
3 80 4.700 0.200 -8.000 5.400 0.900 -8.000 6.500 1.000 -8.000
3 80 -3.300 7.184 -8.000 -3.478 8.083 -8.000 -3.169 8.177 -8.000
3 80 -3.169 8.177 -8.000 -3.064 7.256 -8.000 -3.300 7.184 -8.000
3 80 -3.169 8.177 -8.000 -3.112 8.207 -8.000 -0.059 5.181 -8.000
3 80 -0.059 5.181 -8.000 -3.064 7.256 -8.000 -3.169 8.177 -8.000
3 80 -3.064 7.256 -8.000 -0.059 5.181 -8.000 1.071 4.022 -8.000
3 80 1.071 4.022 -8.000 4.700 -0.700 -8.000 -3.064 7.256 -8.000
3 80 1.071 4.022 -8.000 4.700 0.200 -8.000 4.700 -0.700 -8.000
3 80 -0.059 5.181 -8.000 0.051 5.272 -8.000 1.247 4.291 -8.000
3 80 1.247 4.291 -8.000 1.071 4.022 -8.000 -0.059 5.181 -8.000
3 80 1.247 4.291 -8.000 0.051 5.272 -8.000 1.308 4.600 -8.000
3 80 1.308 4.600 -8.000 1.293 4.442 -8.000 1.247 4.291 -8.000
3 80 1.308 4.600 -8.000 0.051 5.272 -8.000 0.191 5.347 -8.000
3 80 0.191 5.347 -8.000 1.293 4.758 -8.000 1.308 4.600 -8.000
3 80 1.293 4.758 -8.000 0.191 5.347 -8.000 1.172 5.049 -8.000
3 80 1.172 5.049 -8.000 1.247 4.909 -8.000 1.293 4.758 -8.000
3 80 1.172 5.049 -8.000 0.191 5.347 -8.000 0.342 5.393 -8.000
3 80 0.342 5.393 -8.000 1.072 5.172 -8.000 1.172 5.049 -8.000
3 80 1.072 5.172 -8.000 0.342 5.393 -8.000 0.809 5.347 -8.000
3 80 0.809 5.347 -8.000 0.949 5.272 -8.000 1.072 5.172 -8.000
3 80 0.809 5.347 -8.000 0.342 5.393 -8.000 0.500 5.408 -8.000
3 80 0.500 5.408 -8.000 0.658 5.393 -8.000 0.809 5.347 -8.000
3 80 0.177 6.359 -8.000 -1.430 8.718 -8.000 0.369 7.167 -8.000
3 80 0.369 7.167 -8.000 0.500 6.391 -8.000 0.177 6.359 -8.000
3 80 -1.341 9.013 -8.000 -2.277 9.069 -8.000 -1.284 9.200 -8.000
3 80 -1.430 8.718 -8.000 -2.277 9.069 -8.000 -1.341 9.013 -8.000
3 80 0.369 7.167 -8.000 -1.430 8.718 -8.000 -1.341 9.013 -8.000
3 15 -9.864 4.600 -8.000 -7.000 4.600 -8.000 -9.168 1.403 -8.000
3 15 -9.168 1.403 -8.000 -9.732 3.264 -8.000 -9.864 4.600 -8.000
3 15 -9.168 1.403 -8.000 -7.000 4.600 -8.000 -7.017 -1.817 -8.000
3 15 -7.017 -1.817 -8.000 -8.251 -0.313 -8.000 -9.168 1.403 -8.000
3 15 -7.000 4.600 -8.000 -0.600 -1.600 -8.000 -5.513 -3.051 -8.000
3 15 -5.513 -3.051 -8.000 -7.017 -1.817 -8.000 -7.000 4.600 -8.000
3 15 -5.513 -3.051 -8.000 -0.600 -1.600 -8.000 -1.936 -4.532 -8.000
3 15 -1.936 -4.532 -8.000 -3.797 -3.968 -8.000 -5.513 -3.051 -8.000
3 15 -0.600 -1.600 -8.000 -0.600 -4.664 -8.000 -1.936 -4.532 -8.000
3 15 0.600 -4.664 -8.000 0.600 -1.600 -8.000 3.797 -3.968 -8.000
3 15 3.797 -3.968 -8.000 1.936 -4.532 -8.000 0.600 -4.664 -8.000
3 15 0.600 -1.600 -8.000 4.700 -0.700 -8.000 5.513 -3.051 -8.000
3 15 5.513 -3.051 -8.000 3.797 -3.968 -8.000 0.600 -1.600 -8.000
3 15 5.513 -3.051 -8.000 4.700 -0.700 -8.000 6.500 1.000 -8.000
3 15 6.500 1.000 -8.000 7.017 -1.817 -8.000 5.513 -3.051 -8.000
3 15 7.017 -1.817 -8.000 6.500 1.000 -8.000 9.168 1.403 -8.000
3 15 9.168 1.403 -8.000 8.251 -0.313 -8.000 7.017 -1.817 -8.000
3 15 9.168 1.403 -8.000 6.500 1.000 -8.000 7.000 4.600 -8.000
3 15 7.000 4.600 -8.000 9.732 3.264 -8.000 9.168 1.403 -8.000
3 15 7.000 4.600 -8.000 9.864 4.600 -8.000 9.732 3.264 -8.000
3 15 2.967 4.569 -8.000 3.009 5.000 -8.000 7.000 5.800 -8.000
3 15 7.000 5.800 -8.000 7.000 4.600 -8.000 2.967 4.569 -8.000
3 15 7.000 5.800 -8.000 3.009 5.000 -8.000 2.967 5.431 -8.000
3 15 2.967 5.431 -8.000 2.841 5.845 -8.000 9.168 8.997 -8.000
3 15 9.168 8.997 -8.000 7.000 5.800 -8.000 2.967 5.431 -8.000
3 15 9.168 8.997 -8.000 9.732 7.136 -8.000 9.864 5.800 -8.000
3 15 9.864 5.800 -8.000 7.000 5.800 -8.000 9.168 8.997 -8.000
3 15 2.841 5.845 -8.000 2.637 6.227 -8.000 8.251 10.713 -8.000
3 15 8.251 10.713 -8.000 9.168 8.997 -8.000 2.841 5.845 -8.000
3 15 8.251 10.713 -8.000 2.637 6.227 -8.000 2.362 6.562 -8.000
3 15 2.362 6.562 -8.000 2.027 6.837 -8.000 7.017 12.217 -8.000
3 15 7.017 12.217 -8.000 8.251 10.713 -8.000 2.362 6.562 -8.000
3 15 7.017 12.217 -8.000 2.027 6.837 -8.000 1.645 7.041 -8.000
3 15 1.645 7.041 -8.000 5.513 13.451 -8.000 7.017 12.217 -8.000
3 15 1.645 7.041 -8.000 1.231 7.167 -8.000 0.600 12.000 -8.000
3 15 0.600 12.000 -8.000 5.513 13.451 -8.000 1.645 7.041 -8.000
3 15 5.513 13.451 -8.000 0.600 12.000 -8.000 1.936 14.932 -8.000
3 15 1.936 14.932 -8.000 3.797 14.368 -8.000 5.513 13.451 -8.000
3 15 0.600 12.000 -8.000 0.600 15.064 -8.000 1.936 14.932 -8.000
3 15 1.231 7.167 -8.000 0.800 7.209 -8.000 0.600 12.000 -8.000
3 15 0.800 7.209 -8.000 0.369 7.167 -8.000 0.000 12.000 -8.000
3 15 0.000 12.000 -8.000 0.600 12.000 -8.000 0.800 7.209 -8.000
3 15 0.000 12.000 -8.000 0.369 7.167 -8.000 -1.235 9.700 -8.000
3 15 -1.235 9.700 -8.000 -0.600 12.000 -8.000 0.000 12.000 -8.000
3 15 -1.235 9.700 -8.000 0.369 7.167 -8.000 -1.284 9.200 -8.000
3 15 -1.284 9.200 -8.000 0.369 7.167 -8.000 -1.341 9.013 -8.000
3 15 -0.600 12.000 -8.000 -1.235 9.700 -8.000 -1.284 10.200 -8.000
3 15 -0.600 12.000 -8.000 -1.284 10.200 -8.000 -1.430 10.682 -8.000
3 15 -0.600 12.000 -8.000 -1.430 10.682 -8.000 -1.667 11.125 -8.000
3 15 -0.600 12.000 -8.000 -1.667 11.125 -8.000 -1.986 11.514 -8.000
3 15 -1.986 11.514 -8.000 -2.500 12.000 -8.000 -0.600 15.064 -8.000
3 15 -0.600 15.064 -8.000 -0.600 12.000 -8.000 -1.986 11.514 -8.000
3 15 -0.600 15.064 -8.000 -2.500 12.000 -8.000 -3.797 14.368 -8.000
3 15 -3.797 14.368 -8.000 -1.936 14.932 -8.000 -0.600 15.064 -8.000
3 15 -3.797 14.368 -8.000 -2.500 12.000 -8.000 -7.017 12.217 -8.000
3 15 -7.017 12.217 -8.000 -5.513 13.451 -8.000 -3.797 14.368 -8.000
3 15 -2.500 12.000 -8.000 -6.100 8.400 -8.000 -8.251 10.713 -8.000
3 15 -8.251 10.713 -8.000 -7.017 12.217 -8.000 -2.500 12.000 -8.000
3 15 -8.251 10.713 -8.000 -6.100 8.400 -8.000 -9.732 7.136 -8.000
3 15 -9.732 7.136 -8.000 -9.168 8.997 -8.000 -8.251 10.713 -8.000
3 15 -6.100 8.400 -8.000 -7.000 5.800 -8.000 -9.864 5.800 -8.000
3 15 -9.864 5.800 -8.000 -9.732 7.136 -8.000 -6.100 8.400 -8.000
3 15 -6.100 8.400 -8.000 -5.614 7.886 -8.000 -7.000 4.600 -8.000
3 15 -7.000 4.600 -8.000 -7.000 5.800 -8.000 -6.100 8.400 -8.000
3 15 -7.000 4.600 -8.000 -5.614 7.886 -8.000 -5.225 7.567 -8.000
3 15 -7.000 4.600 -8.000 -5.225 7.567 -8.000 -4.782 7.330 -8.000
3 15 -7.000 4.600 -8.000 -4.782 7.330 -8.000 -4.300 7.184 -8.000
3 15 -4.300 7.184 -8.000 -3.800 7.135 -8.000 -0.600 -1.600 -8.000
3 15 -0.600 -1.600 -8.000 -7.000 4.600 -8.000 -4.300 7.184 -8.000
3 15 -3.800 7.135 -8.000 -3.300 7.184 -8.000 -0.600 -1.600 -8.000
3 15 -3.300 7.184 -8.000 -3.064 7.256 -8.000 0.600 -1.600 -8.000
3 15 0.600 -1.600 -8.000 -0.600 -1.600 -8.000 -3.300 7.184 -8.000
3 15 4.700 -0.700 -8.000 0.600 -1.600 -8.000 -3.064 7.256 -8.000
3 15 7.000 4.600 -8.000 6.500 1.000 -8.000 2.967 4.569 -8.000
3 85 -6.593 -4.401 -8.000 -17.563 -14.387 -8.000 -17.763 -13.223 -8.000
3 85 -17.763 -13.223 -8.000 -7.404 -3.735 -8.000 -6.593 -4.401 -8.000
3 85 6.593 -4.401 -8.000 7.404 -3.735 -8.000 17.763 -13.223 -8.000
3 85 17.763 -13.223 -8.000 17.563 -14.387 -8.000 6.593 -4.401 -8.000
3 80 -8.245 -3.045 -8.000 -7.708 -2.508 -8.000 -6.056 -3.864 -8.000
3 80 -6.056 -3.864 -8.000 -7.404 -3.735 -8.000 -8.245 -3.045 -8.000
3 80 -7.404 -3.735 -8.000 -6.056 -3.864 -8.000 -6.593 -4.401 -8.000
3 80 -6.593 -4.401 -8.000 -6.056 -3.864 -8.000 -6.478 -4.495 -8.000
3 80 6.056 -3.864 -8.000 6.593 -4.401 -8.000 6.478 -4.495 -8.000
3 80 6.593 -4.401 -8.000 6.056 -3.864 -8.000 7.708 -2.508 -8.000
3 80 7.708 -2.508 -8.000 7.404 -3.735 -8.000 6.593 -4.401 -8.000
3 80 8.245 -3.045 -8.000 7.404 -3.735 -8.000 7.708 -2.508 -8.000
3 85 -17.563 -14.387 -8.000 -18.478 -14.772 -8.000 -19.318 -9.990 -8.000
3 85 -19.318 -9.990 -8.000 -17.763 -13.223 -8.000 -17.563 -14.387 -8.000
3 85 -17.763 -13.223 -8.000 -19.318 -9.990 -8.000 -18.362 -9.730 -8.000
3 85 17.563 -14.387 -8.000 17.763 -13.223 -8.000 19.318 -9.990 -8.000
3 85 19.318 -9.990 -8.000 18.478 -14.772 -8.000 17.563 -14.387 -8.000
3 85 18.362 -9.730 -8.000 19.318 -9.990 -8.000 17.763 -13.223 -8.000
1 16 0.0000 0.0000 0.0000 1.0000 0.0000 0.0000 0.0000 1.0000 0.0000 0.0000 0.0000 1.0000 s/92747s01.dat
