0 FILE 973pua.dat
0 Torso Jacket with Striped Trim, Silver Buttons, Pockets over White Undershirt Pattern
0 Name:  973pua.dat
0 Author:  
0 BL_Item_No 973pb3624
0 BFC CERTIFY CCW
3 16 3.900 4.750 -10.000 4.600 4.500 -10.000 4.200 4.050 -10.000
3 16 4.200 4.050 -10.000 3.950 4.400 -10.000 3.900 4.750 -10.000
3 16 4.600 4.500 -10.000 5.600 4.000 -10.000 5.850 3.050 -10.000
3 16 5.850 3.050 -10.000 4.200 4.050 -10.000 4.600 4.500 -10.000
3 16 5.600 4.000 -10.000 6.950 3.150 -10.000 6.850 2.400 -10.000
3 16 6.850 2.400 -10.000 5.850 3.050 -10.000 5.600 4.000 -10.000
3 16 6.950 3.150 -10.000 8.250 2.150 -10.000 7.600 1.850 -10.000
3 16 7.600 1.850 -10.000 6.850 2.400 -10.000 6.950 3.150 -10.000
3 16 8.250 2.150 -10.000 9.050 1.250 -10.000 8.400 1.050 -10.000
3 16 8.400 1.050 -10.000 7.600 1.850 -10.000 8.250 2.150 -10.000
3 16 9.050 1.250 -10.000 9.600 0.500 -10.000 8.750 0.450 -10.000
3 16 8.750 0.450 -10.000 8.400 1.050 -10.000 9.050 1.250 -10.000
3 16 8.750 0.450 -10.000 9.600 0.500 -10.000 10.450 0.500 -10.000
3 16 10.450 0.500 -10.000 12.000 0.000 -10.000 8.750 0.450 -10.000
3 16 12.000 0.000 -10.000 10.450 0.500 -10.000 11.250 0.500 -10.000
3 16 12.000 0.000 -10.000 11.250 0.500 -10.000 12.100 0.550 -10.000
3 16 12.000 0.000 -10.000 12.100 0.550 -10.000 12.900 1.650 -10.000
3 16 12.900 1.650 -10.000 14.345 2.000 -10.000 12.000 0.000 -10.000
3 16 12.100 0.550 -10.000 12.050 1.000 -10.000 12.250 2.700 -10.000
3 16 12.250 2.700 -10.000 12.900 1.650 -10.000 12.100 0.550 -10.000
3 16 3.900 8.250 -10.000 5.300 7.750 -10.000 5.350 6.700 -10.000
3 16 5.350 6.700 -10.000 3.900 7.100 -10.000 3.900 8.250 -10.000
3 16 5.300 7.750 -10.000 7.000 7.050 -10.000 6.850 6.100 -10.000
3 16 6.850 6.100 -10.000 5.350 6.700 -10.000 5.300 7.750 -10.000
3 16 7.000 7.050 -10.000 8.450 6.200 -10.000 8.200 5.300 -10.000
3 16 8.200 5.300 -10.000 6.850 6.100 -10.000 7.000 7.050 -10.000
3 16 8.450 6.200 -10.000 10.050 5.050 -10.000 9.750 4.150 -10.000
3 16 9.750 4.150 -10.000 8.200 5.300 -10.000 8.450 6.200 -10.000
3 16 10.050 5.050 -10.000 11.400 3.750 -10.000 10.850 2.950 -10.000
3 16 10.850 2.950 -10.000 9.750 4.150 -10.000 10.050 5.050 -10.000
3 16 11.400 3.750 -10.000 12.250 2.700 -10.000 11.600 1.850 -10.000
3 16 11.600 1.850 -10.000 10.850 2.950 -10.000 11.400 3.750 -10.000
3 16 12.050 1.000 -10.000 11.600 1.850 -10.000 12.250 2.700 -10.000
3 16 11.250 0.500 -10.000 10.450 0.500 -10.000 10.050 1.300 -10.000
3 16 10.050 1.300 -10.000 10.850 1.450 -10.000 11.250 0.500 -10.000
3 16 10.850 1.450 -10.000 10.050 1.300 -10.000 9.000 2.550 -10.000
3 16 9.000 2.550 -10.000 10.150 2.400 -10.000 10.850 1.450 -10.000
3 16 10.150 2.400 -10.000 9.000 2.550 -10.000 7.550 3.850 -10.000
3 16 7.550 3.850 -10.000 9.100 3.550 -10.000 10.150 2.400 -10.000
3 16 9.100 3.550 -10.000 7.550 3.850 -10.000 5.950 4.800 -10.000
3 16 5.950 4.800 -10.000 7.750 4.600 -10.000 9.100 3.550 -10.000
3 16 7.750 4.600 -10.000 5.950 4.800 -10.000 4.750 5.300 -10.000
3 16 4.750 5.300 -10.000 6.450 5.400 -10.000 7.750 4.600 -10.000
3 16 6.450 5.400 -10.000 4.750 5.300 -10.000 3.900 5.500 -10.000
3 16 3.900 5.500 -10.000 5.150 6.000 -10.000 6.450 5.400 -10.000
3 16 3.900 5.500 -10.000 3.900 6.450 -10.000 5.150 6.000 -10.000
3 16 12.900 1.650 -10.000 13.450 2.050 -10.000 14.345 2.000 -10.000
3 16 13.450 2.050 -10.000 13.000 2.900 -10.000 12.500 14.850 -10.000
3 16 12.500 14.850 -10.000 14.345 2.000 -10.000 13.450 2.050 -10.000
3 16 13.000 2.900 -10.000 12.100 4.150 -10.000 10.550 16.050 -10.000
3 16 10.550 16.050 -10.000 12.500 14.850 -10.000 13.000 2.900 -10.000
3 16 10.550 16.050 -10.000 12.100 4.150 -10.000 10.450 5.700 -10.000
3 16 10.450 5.700 -10.000 8.118 10.950 -10.000 10.550 16.050 -10.000
3 16 8.800 6.800 -10.000 7.732 10.018 -10.000 8.018 10.446 -10.000
3 16 8.018 10.446 -10.000 10.450 5.700 -10.000 8.800 6.800 -10.000
3 16 10.450 5.700 -10.000 8.018 10.446 -10.000 8.118 10.950 -10.000
3 16 7.732 10.018 -10.000 8.800 6.800 -10.000 7.250 7.700 -10.000
3 16 7.250 7.700 -10.000 7.304 9.732 -10.000 7.732 10.018 -10.000
3 16 7.304 9.732 -10.000 7.250 7.700 -10.000 5.550 8.400 -10.000
3 16 5.550 8.400 -10.000 6.800 9.632 -10.000 7.304 9.732 -10.000
3 16 5.550 8.400 -10.000 6.296 9.732 -10.000 6.800 9.632 -10.000
3 16 6.296 9.732 -10.000 5.550 8.400 -10.000 3.900 8.950 -10.000
3 16 3.900 8.950 -10.000 5.868 10.018 -10.000 6.296 9.732 -10.000
3 16 3.900 8.950 -10.000 5.582 10.446 -10.000 5.868 10.018 -10.000
3 16 3.900 8.950 -10.000 5.482 10.950 -10.000 5.582 10.446 -10.000
3 16 5.482 10.950 -10.000 3.900 8.950 -10.000 3.900 19.050 -10.000
3 16 3.900 19.050 -10.000 5.582 11.454 -10.000 5.482 10.950 -10.000
3 16 3.900 19.050 -10.000 5.882 15.746 -10.000 5.868 11.882 -10.000
3 16 5.868 11.882 -10.000 5.582 11.454 -10.000 3.900 19.050 -10.000
3 16 5.882 15.746 -10.000 6.168 15.318 -10.000 6.296 12.168 -10.000
3 16 6.296 12.168 -10.000 5.868 11.882 -10.000 5.882 15.746 -10.000
3 16 6.168 15.318 -10.000 6.596 15.032 -10.000 6.800 12.268 -10.000
3 16 6.800 12.268 -10.000 6.296 12.168 -10.000 6.168 15.318 -10.000
3 16 6.596 15.032 -10.000 7.100 14.932 -10.000 7.304 12.168 -10.000
3 16 7.304 12.168 -10.000 6.800 12.268 -10.000 6.596 15.032 -10.000
3 16 7.100 14.932 -10.000 7.604 15.032 -10.000 7.732 11.882 -10.000
3 16 7.732 11.882 -10.000 7.304 12.168 -10.000 7.100 14.932 -10.000
3 16 7.604 15.032 -10.000 8.032 15.318 -10.000 8.018 11.454 -10.000
3 16 8.018 11.454 -10.000 7.732 11.882 -10.000 7.604 15.032 -10.000
3 16 8.032 15.318 -10.000 10.550 16.050 -10.000 8.118 10.950 -10.000
3 16 8.118 10.950 -10.000 8.018 11.454 -10.000 8.032 15.318 -10.000
3 16 12.500 14.850 -10.000 13.450 16.850 -10.000 14.400 18.650 -10.000
3 16 14.400 18.650 -10.000 14.345 2.000 -10.000 12.500 14.850 -10.000
3 16 14.400 18.650 -10.000 15.400 20.450 -10.000 16.250 21.600 -10.000
3 16 16.250 21.600 -10.000 14.345 2.000 -10.000 14.400 18.650 -10.000
3 16 14.345 2.000 -10.000 16.250 21.600 -10.000 16.900 22.400 -10.000
3 16 16.900 22.400 -10.000 17.500 25.000 -10.000 19.000 29.000 -10.000
3 16 19.000 29.000 -10.000 14.345 2.000 -10.000 16.900 22.400 -10.000
3 16 8.032 15.318 -10.000 8.318 15.746 -10.000 10.550 16.050 -10.000
3 16 8.318 15.746 -10.000 8.418 16.250 -10.000 11.550 18.300 -10.000
3 16 11.550 18.300 -10.000 10.550 16.050 -10.000 8.318 15.746 -10.000
3 16 8.418 16.250 -10.000 8.318 16.754 -10.000 11.550 18.300 -10.000
3 16 8.318 16.754 -10.000 8.032 17.182 -10.000 12.550 20.200 -10.000
3 16 12.550 20.200 -10.000 11.550 18.300 -10.000 8.318 16.754 -10.000
3 16 8.032 17.182 -10.000 7.604 17.468 -10.000 8.232 21.018 -10.000
3 16 8.232 21.018 -10.000 12.550 20.200 -10.000 8.032 17.182 -10.000
3 16 8.232 21.018 -10.000 7.604 17.468 -10.000 7.100 17.568 -10.000
3 16 7.100 17.568 -10.000 7.804 20.732 -10.000 8.232 21.018 -10.000
3 16 7.804 20.732 -10.000 7.100 17.568 -10.000 6.596 17.468 -10.000
3 16 6.596 17.468 -10.000 7.300 20.632 -10.000 7.804 20.732 -10.000
3 16 7.300 20.632 -10.000 6.596 17.468 -10.000 6.168 17.182 -10.000
3 16 6.168 17.182 -10.000 6.796 20.732 -10.000 7.300 20.632 -10.000
3 16 6.796 20.732 -10.000 6.168 17.182 -10.000 3.900 19.050 -10.000
3 16 3.900 19.050 -10.000 6.368 21.018 -10.000 6.796 20.732 -10.000
3 16 5.882 16.754 -10.000 3.900 19.050 -10.000 6.168 17.182 -10.000
3 16 5.782 16.250 -10.000 3.900 19.050 -10.000 5.882 16.754 -10.000
3 16 5.882 15.746 -10.000 3.900 19.050 -10.000 5.782 16.250 -10.000
3 16 3.900 19.050 -10.000 6.082 21.446 -10.000 6.368 21.018 -10.000
3 16 6.082 21.446 -10.000 3.900 19.050 -10.000 3.950 23.900 -10.000
3 16 3.950 23.900 -10.000 5.982 21.950 -10.000 6.082 21.446 -10.000
3 16 5.982 21.950 -10.000 3.950 23.900 -10.000 6.082 22.454 -10.000
3 16 6.082 22.454 -10.000 3.950 23.900 -10.000 4.000 25.900 -10.000
3 16 4.000 25.900 -10.000 6.368 22.882 -10.000 6.082 22.454 -10.000
3 16 6.368 22.882 -10.000 4.000 25.900 -10.000 7.650 25.750 -10.000
3 16 7.650 25.750 -10.000 6.796 23.168 -10.000 6.368 22.882 -10.000
3 16 6.796 23.168 -10.000 7.650 25.750 -10.000 7.300 23.268 -10.000
3 16 7.300 23.268 -10.000 7.650 25.750 -10.000 12.150 25.500 -10.000
3 16 12.150 25.500 -10.000 7.804 23.168 -10.000 7.300 23.268 -10.000
3 16 8.232 22.882 -10.000 7.804 23.168 -10.000 12.150 25.500 -10.000
3 16 8.232 22.882 -10.000 12.150 25.500 -10.000 14.500 22.900 -10.000
3 16 14.500 22.900 -10.000 8.518 22.454 -10.000 8.232 22.882 -10.000
3 16 14.500 22.900 -10.000 13.650 21.800 -10.000 8.618 21.950 -10.000
3 16 8.618 21.950 -10.000 8.518 22.454 -10.000 14.500 22.900 -10.000
3 16 13.650 21.800 -10.000 12.550 20.200 -10.000 8.518 21.446 -10.000
3 16 8.518 21.446 -10.000 8.618 21.950 -10.000 13.650 21.800 -10.000
3 16 12.550 20.200 -10.000 8.232 21.018 -10.000 8.518 21.446 -10.000
3 16 14.500 22.900 -10.000 12.150 25.500 -10.000 15.300 23.900 -10.000
3 16 15.300 23.900 -10.000 12.150 25.500 -10.000 17.500 25.000 -10.000
3 16 16.900 22.400 -10.000 15.300 23.900 -10.000 17.500 25.000 -10.000
3 16 4.050 26.650 -10.000 6.482 27.646 -10.000 6.768 27.218 -10.000
3 16 6.768 27.218 -10.000 7.196 26.932 -10.000 7.650 26.500 -10.000
3 16 7.650 26.500 -10.000 4.050 26.650 -10.000 6.768 27.218 -10.000
3 16 7.650 26.500 -10.000 7.196 26.932 -10.000 7.700 26.832 -10.000
3 16 7.700 26.832 -10.000 8.204 26.932 -10.000 10.550 26.850 -10.000
3 16 10.550 26.850 -10.000 7.650 26.500 -10.000 7.700 26.832 -10.000
3 16 10.550 26.850 -10.000 8.204 26.932 -10.000 8.632 27.218 -10.000
3 16 8.632 27.218 -10.000 8.918 27.646 -10.000 10.650 27.650 -10.000
3 16 10.650 27.650 -10.000 10.550 26.850 -10.000 8.632 27.218 -10.000
3 16 8.918 27.646 -10.000 9.018 28.150 -10.000 10.750 28.500 -10.000
3 16 10.750 28.500 -10.000 10.650 27.650 -10.000 8.918 27.646 -10.000
3 16 9.018 28.150 -10.000 8.918 28.654 -10.000 10.850 29.400 -10.000
3 16 10.850 29.400 -10.000 10.750 28.500 -10.000 9.018 28.150 -10.000
3 16 8.918 28.654 -10.000 8.632 29.082 -10.000 7.950 30.700 -10.000
3 16 7.950 30.700 -10.000 10.850 29.400 -10.000 8.918 28.654 -10.000
3 16 8.632 29.082 -10.000 8.204 29.368 -10.000 7.950 30.700 -10.000
3 16 8.204 29.368 -10.000 7.700 29.468 -10.000 7.950 30.700 -10.000
3 16 7.700 29.468 -10.000 7.196 29.368 -10.000 4.600 30.900 -10.000
3 16 4.600 30.900 -10.000 7.950 30.700 -10.000 7.700 29.468 -10.000
3 16 7.196 29.368 -10.000 6.768 29.082 -10.000 4.350 30.350 -10.000
3 16 4.350 30.350 -10.000 4.600 30.900 -10.000 7.196 29.368 -10.000
3 16 6.768 29.082 -10.000 6.482 28.654 -10.000 4.200 28.850 -10.000
3 16 4.200 28.850 -10.000 4.350 30.350 -10.000 6.768 29.082 -10.000
3 16 6.482 28.654 -10.000 6.382 28.150 -10.000 4.050 26.650 -10.000
3 16 4.050 26.650 -10.000 4.200 28.850 -10.000 6.482 28.654 -10.000
3 16 4.050 26.650 -10.000 6.382 28.150 -10.000 6.482 27.646 -10.000
3 16 7.950 30.700 -10.000 13.200 30.250 -10.000 18.000 28.700 -10.000
3 16 18.000 28.700 -10.000 10.850 29.400 -10.000 7.950 30.700 -10.000
3 16 13.200 30.250 -10.000 18.100 29.550 -10.000 19.000 29.000 -10.000
3 16 19.000 29.000 -10.000 18.000 28.700 -10.000 13.200 30.250 -10.000
3 16 18.100 29.550 -10.000 18.150 30.250 -10.000 19.000 32.000 -10.000
3 16 19.000 32.000 -10.000 19.000 29.000 -10.000 18.100 29.550 -10.000
3 16 18.150 30.250 -10.000 18.150 31.350 -10.000 19.000 32.000 -10.000
3 16 18.150 31.350 -10.000 8.000 31.350 -10.000 4.100 31.550 -10.000
3 16 4.100 31.550 -10.000 19.000 32.000 -10.000 18.150 31.350 -10.000
3 16 10.750 28.500 -10.000 17.850 27.800 -10.000 17.750 27.050 -10.000
3 16 17.750 27.050 -10.000 10.650 27.650 -10.000 10.750 28.500 -10.000
3 16 17.750 27.050 -10.000 17.850 27.800 -10.000 18.000 28.700 -10.000
3 16 18.000 28.700 -10.000 19.000 29.000 -10.000 17.750 27.050 -10.000
3 16 17.650 26.200 -10.000 17.750 27.050 -10.000 19.000 29.000 -10.000
3 16 17.600 25.800 -10.000 17.650 26.200 -10.000 19.000 29.000 -10.000
3 16 17.500 25.000 -10.000 17.600 25.800 -10.000 19.000 29.000 -10.000
3 16 17.600 25.800 -10.000 12.250 26.300 -10.000 10.550 26.850 -10.000
3 16 10.550 26.850 -10.000 17.650 26.200 -10.000 17.600 25.800 -10.000
3 16 12.250 26.300 -10.000 7.650 26.500 -10.000 10.550 26.850 -10.000
3 16 -3.900 4.750 -10.000 -3.950 4.400 -10.000 -4.200 4.050 -10.000
3 16 -4.200 4.050 -10.000 -4.600 4.500 -10.000 -3.900 4.750 -10.000
3 16 -4.600 4.500 -10.000 -4.200 4.050 -10.000 -5.850 3.050 -10.000
3 16 -5.850 3.050 -10.000 -5.600 4.000 -10.000 -4.600 4.500 -10.000
3 16 -5.600 4.000 -10.000 -5.850 3.050 -10.000 -6.850 2.400 -10.000
3 16 -6.850 2.400 -10.000 -6.950 3.150 -10.000 -5.600 4.000 -10.000
3 16 -6.950 3.150 -10.000 -6.850 2.400 -10.000 -7.600 1.850 -10.000
3 16 -7.600 1.850 -10.000 -8.250 2.150 -10.000 -6.950 3.150 -10.000
3 16 -8.250 2.150 -10.000 -7.600 1.850 -10.000 -8.400 1.050 -10.000
3 16 -8.400 1.050 -10.000 -9.050 1.250 -10.000 -8.250 2.150 -10.000
3 16 -9.050 1.250 -10.000 -8.400 1.050 -10.000 -8.750 0.450 -10.000
3 16 -8.750 0.450 -10.000 -9.600 0.500 -10.000 -9.050 1.250 -10.000
3 16 -8.750 0.450 -10.000 -12.000 0.000 -10.000 -10.450 0.500 -10.000
3 16 -10.450 0.500 -10.000 -9.600 0.500 -10.000 -8.750 0.450 -10.000
3 16 -12.000 0.000 -10.000 -11.250 0.500 -10.000 -10.450 0.500 -10.000
3 16 -12.000 0.000 -10.000 -12.100 0.550 -10.000 -11.250 0.500 -10.000
3 16 -12.000 0.000 -10.000 -14.345 2.000 -10.000 -12.900 1.650 -10.000
3 16 -12.900 1.650 -10.000 -12.100 0.550 -10.000 -12.000 0.000 -10.000
3 16 -12.100 0.550 -10.000 -12.900 1.650 -10.000 -12.250 2.700 -10.000
3 16 -12.250 2.700 -10.000 -12.050 1.000 -10.000 -12.100 0.550 -10.000
3 16 -3.900 8.250 -10.000 -3.900 7.100 -10.000 -5.350 6.700 -10.000
3 16 -5.350 6.700 -10.000 -5.300 7.750 -10.000 -3.900 8.250 -10.000
3 16 -5.300 7.750 -10.000 -5.350 6.700 -10.000 -6.850 6.100 -10.000
3 16 -6.850 6.100 -10.000 -7.000 7.050 -10.000 -5.300 7.750 -10.000
3 16 -7.000 7.050 -10.000 -6.850 6.100 -10.000 -8.200 5.300 -10.000
3 16 -8.200 5.300 -10.000 -8.450 6.200 -10.000 -7.000 7.050 -10.000
3 16 -8.450 6.200 -10.000 -8.200 5.300 -10.000 -9.750 4.150 -10.000
3 16 -9.750 4.150 -10.000 -10.050 5.050 -10.000 -8.450 6.200 -10.000
3 16 -10.050 5.050 -10.000 -9.750 4.150 -10.000 -10.850 2.950 -10.000
3 16 -10.850 2.950 -10.000 -11.400 3.750 -10.000 -10.050 5.050 -10.000
3 16 -11.400 3.750 -10.000 -10.850 2.950 -10.000 -11.600 1.850 -10.000
3 16 -11.600 1.850 -10.000 -12.250 2.700 -10.000 -11.400 3.750 -10.000
3 16 -12.050 1.000 -10.000 -12.250 2.700 -10.000 -11.600 1.850 -10.000
3 16 -11.250 0.500 -10.000 -10.850 1.450 -10.000 -10.050 1.300 -10.000
3 16 -10.050 1.300 -10.000 -10.450 0.500 -10.000 -11.250 0.500 -10.000
3 16 -10.850 1.450 -10.000 -10.150 2.400 -10.000 -9.000 2.550 -10.000
3 16 -9.000 2.550 -10.000 -10.050 1.300 -10.000 -10.850 1.450 -10.000
3 16 -10.150 2.400 -10.000 -9.100 3.550 -10.000 -7.550 3.850 -10.000
3 16 -7.550 3.850 -10.000 -9.000 2.550 -10.000 -10.150 2.400 -10.000
3 16 -9.100 3.550 -10.000 -7.750 4.600 -10.000 -5.950 4.800 -10.000
3 16 -5.950 4.800 -10.000 -7.550 3.850 -10.000 -9.100 3.550 -10.000
3 16 -7.750 4.600 -10.000 -6.450 5.400 -10.000 -4.750 5.300 -10.000
3 16 -4.750 5.300 -10.000 -5.950 4.800 -10.000 -7.750 4.600 -10.000
3 16 -6.450 5.400 -10.000 -5.150 6.000 -10.000 -3.900 5.500 -10.000
3 16 -3.900 5.500 -10.000 -4.750 5.300 -10.000 -6.450 5.400 -10.000
3 16 -3.900 5.500 -10.000 -5.150 6.000 -10.000 -3.900 6.450 -10.000
3 16 -12.900 1.650 -10.000 -14.345 2.000 -10.000 -13.450 2.050 -10.000
3 16 -13.450 2.050 -10.000 -14.345 2.000 -10.000 -12.500 14.850 -10.000
3 16 -12.500 14.850 -10.000 -13.000 2.900 -10.000 -13.450 2.050 -10.000
3 16 -13.000 2.900 -10.000 -12.500 14.850 -10.000 -10.550 16.050 -10.000
3 16 -10.550 16.050 -10.000 -12.100 4.150 -10.000 -13.000 2.900 -10.000
3 16 -10.550 16.050 -10.000 -7.618 10.700 -10.000 -10.450 5.700 -10.000
3 16 -10.450 5.700 -10.000 -12.100 4.150 -10.000 -10.550 16.050 -10.000
3 16 -8.800 6.800 -10.000 -10.450 5.700 -10.000 -7.518 10.196 -10.000
3 16 -7.518 10.196 -10.000 -7.232 9.768 -10.000 -8.800 6.800 -10.000
3 16 -10.450 5.700 -10.000 -7.618 10.700 -10.000 -7.518 10.196 -10.000
3 16 -7.232 9.768 -10.000 -6.804 9.482 -10.000 -7.250 7.700 -10.000
3 16 -7.250 7.700 -10.000 -8.800 6.800 -10.000 -7.232 9.768 -10.000
3 16 -6.804 9.482 -10.000 -6.300 9.382 -10.000 -5.550 8.400 -10.000
3 16 -5.550 8.400 -10.000 -7.250 7.700 -10.000 -6.804 9.482 -10.000
3 16 -5.550 8.400 -10.000 -6.300 9.382 -10.000 -5.796 9.482 -10.000
3 16 -5.796 9.482 -10.000 -5.368 9.768 -10.000 -3.900 8.950 -10.000
3 16 -3.900 8.950 -10.000 -5.550 8.400 -10.000 -5.796 9.482 -10.000
3 16 -3.900 8.950 -10.000 -5.368 9.768 -10.000 -5.082 10.196 -10.000
3 16 -3.900 8.950 -10.000 -5.082 10.196 -10.000 -4.982 10.700 -10.000
3 16 -4.982 10.700 -10.000 -5.082 11.204 -10.000 -4.250 19.050 -10.000
3 16 -4.250 19.050 -10.000 -3.900 8.950 -10.000 -4.982 10.700 -10.000
3 16 -4.250 19.050 -10.000 -5.082 11.204 -10.000 -5.368 11.632 -10.000
3 16 -5.368 11.632 -10.000 -5.382 15.796 -10.000 -4.250 19.050 -10.000
3 16 -5.382 15.796 -10.000 -5.368 11.632 -10.000 -5.796 11.918 -10.000
3 16 -5.796 11.918 -10.000 -5.668 15.368 -10.000 -5.382 15.796 -10.000
3 16 -5.668 15.368 -10.000 -5.796 11.918 -10.000 -6.300 12.018 -10.000
3 16 -6.300 12.018 -10.000 -6.096 15.082 -10.000 -5.668 15.368 -10.000
3 16 -6.096 15.082 -10.000 -6.300 12.018 -10.000 -6.804 11.918 -10.000
3 16 -6.804 11.918 -10.000 -6.600 14.982 -10.000 -6.096 15.082 -10.000
3 16 -6.600 14.982 -10.000 -6.804 11.918 -10.000 -7.232 11.632 -10.000
3 16 -7.232 11.632 -10.000 -7.104 15.082 -10.000 -6.600 14.982 -10.000
3 16 -7.104 15.082 -10.000 -7.232 11.632 -10.000 -7.518 11.204 -10.000
3 16 -7.518 11.204 -10.000 -7.532 15.368 -10.000 -7.104 15.082 -10.000
3 16 -7.532 15.368 -10.000 -7.518 11.204 -10.000 -7.618 10.700 -10.000
3 16 -7.618 10.700 -10.000 -10.550 16.050 -10.000 -7.532 15.368 -10.000
3 16 -12.500 14.850 -10.000 -14.345 2.000 -10.000 -14.400 18.650 -10.000
3 16 -14.400 18.650 -10.000 -13.450 16.850 -10.000 -12.500 14.850 -10.000
3 16 -14.400 18.650 -10.000 -14.345 2.000 -10.000 -16.250 21.600 -10.000
3 16 -16.250 21.600 -10.000 -15.400 20.450 -10.000 -14.400 18.650 -10.000
3 16 -14.345 2.000 -10.000 -16.900 22.400 -10.000 -16.250 21.600 -10.000
3 16 -16.900 22.400 -10.000 -14.345 2.000 -10.000 -19.000 29.000 -10.000
3 16 -19.000 29.000 -10.000 -17.500 25.000 -10.000 -16.900 22.400 -10.000
3 16 -7.532 15.368 -10.000 -10.550 16.050 -10.000 -7.818 15.796 -10.000
3 16 -7.818 15.796 -10.000 -10.550 16.050 -10.000 -11.550 18.300 -10.000
3 16 -11.550 18.300 -10.000 -7.918 16.300 -10.000 -7.818 15.796 -10.000
3 16 -7.918 16.300 -10.000 -11.550 18.300 -10.000 -7.818 16.804 -10.000
3 16 -7.818 16.804 -10.000 -11.550 18.300 -10.000 -12.550 20.200 -10.000
3 16 -12.550 20.200 -10.000 -7.532 17.232 -10.000 -7.818 16.804 -10.000
3 16 -7.532 17.232 -10.000 -12.550 20.200 -10.000 -7.882 21.368 -10.000
3 16 -7.882 21.368 -10.000 -7.104 17.518 -10.000 -7.532 17.232 -10.000
3 16 -7.882 21.368 -10.000 -7.454 21.082 -10.000 -6.600 17.618 -10.000
3 16 -6.600 17.618 -10.000 -7.104 17.518 -10.000 -7.882 21.368 -10.000
3 16 -7.454 21.082 -10.000 -6.950 20.982 -10.000 -6.096 17.518 -10.000
3 16 -6.096 17.518 -10.000 -6.600 17.618 -10.000 -7.454 21.082 -10.000
3 16 -6.950 20.982 -10.000 -6.446 21.082 -10.000 -5.668 17.232 -10.000
3 16 -5.668 17.232 -10.000 -6.096 17.518 -10.000 -6.950 20.982 -10.000
3 16 -6.446 21.082 -10.000 -6.018 21.368 -10.000 -4.250 19.050 -10.000
3 16 -4.250 19.050 -10.000 -5.668 17.232 -10.000 -6.446 21.082 -10.000
3 16 -5.382 16.804 -10.000 -5.668 17.232 -10.000 -4.250 19.050 -10.000
3 16 -5.282 16.300 -10.000 -5.382 16.804 -10.000 -4.250 19.050 -10.000
3 16 -5.382 15.796 -10.000 -5.282 16.300 -10.000 -4.250 19.050 -10.000
3 16 -4.250 19.050 -10.000 -6.018 21.368 -10.000 -5.732 21.796 -10.000
3 16 -5.732 21.796 -10.000 -5.632 22.300 -10.000 -4.600 23.850 -10.000
3 16 -4.600 23.850 -10.000 -4.250 19.050 -10.000 -5.732 21.796 -10.000
3 16 -5.632 22.300 -10.000 -5.732 22.804 -10.000 -4.600 23.850 -10.000
3 16 -5.732 22.804 -10.000 -6.018 23.232 -10.000 -4.750 25.900 -10.000
3 16 -4.750 25.900 -10.000 -4.600 23.850 -10.000 -5.732 22.804 -10.000
3 16 -6.018 23.232 -10.000 -6.446 23.518 -10.000 -7.650 25.750 -10.000
3 16 -7.650 25.750 -10.000 -4.750 25.900 -10.000 -6.018 23.232 -10.000
3 16 -6.446 23.518 -10.000 -6.950 23.618 -10.000 -7.650 25.750 -10.000
3 16 -6.950 23.618 -10.000 -7.454 23.518 -10.000 -12.150 25.500 -10.000
3 16 -12.150 25.500 -10.000 -7.650 25.750 -10.000 -6.950 23.618 -10.000
3 16 -7.882 23.232 -10.000 -12.150 25.500 -10.000 -7.454 23.518 -10.000
3 16 -7.882 23.232 -10.000 -8.168 22.804 -10.000 -14.500 22.900 -10.000
3 16 -14.500 22.900 -10.000 -12.150 25.500 -10.000 -7.882 23.232 -10.000
3 16 -14.500 22.900 -10.000 -8.168 22.804 -10.000 -8.268 22.300 -10.000
3 16 -8.268 22.300 -10.000 -13.650 21.800 -10.000 -14.500 22.900 -10.000
3 16 -13.650 21.800 -10.000 -8.268 22.300 -10.000 -8.168 21.796 -10.000
3 16 -8.168 21.796 -10.000 -12.550 20.200 -10.000 -13.650 21.800 -10.000
3 16 -12.550 20.200 -10.000 -8.168 21.796 -10.000 -7.882 21.368 -10.000
3 16 -14.500 22.900 -10.000 -15.300 23.900 -10.000 -12.150 25.500 -10.000
3 16 -15.300 23.900 -10.000 -17.500 25.000 -10.000 -12.150 25.500 -10.000
3 16 -16.900 22.400 -10.000 -17.500 25.000 -10.000 -15.300 23.900 -10.000
3 16 -4.800 26.650 -10.000 -6.918 27.568 -10.000 -6.632 27.996 -10.000
3 16 -6.918 27.568 -10.000 -4.800 26.650 -10.000 -7.650 26.500 -10.000
3 16 -7.650 26.500 -10.000 -7.346 27.282 -10.000 -6.918 27.568 -10.000
3 16 -7.650 26.500 -10.000 -7.850 27.182 -10.000 -7.346 27.282 -10.000
3 16 -7.850 27.182 -10.000 -7.650 26.500 -10.000 -10.550 26.850 -10.000
3 16 -10.550 26.850 -10.000 -8.354 27.282 -10.000 -7.850 27.182 -10.000
3 16 -10.550 26.850 -10.000 -8.782 27.568 -10.000 -8.354 27.282 -10.000
3 16 -8.782 27.568 -10.000 -10.550 26.850 -10.000 -10.650 27.650 -10.000
3 16 -10.650 27.650 -10.000 -9.068 27.996 -10.000 -8.782 27.568 -10.000
3 16 -9.068 27.996 -10.000 -10.650 27.650 -10.000 -10.750 28.500 -10.000
3 16 -10.750 28.500 -10.000 -9.168 28.500 -10.000 -9.068 27.996 -10.000
3 16 -9.168 28.500 -10.000 -10.750 28.500 -10.000 -10.850 29.400 -10.000
3 16 -10.850 29.400 -10.000 -9.068 29.004 -10.000 -9.168 28.500 -10.000
3 16 -9.068 29.004 -10.000 -10.850 29.400 -10.000 -7.950 30.700 -10.000
3 16 -7.950 30.700 -10.000 -8.782 29.432 -10.000 -9.068 29.004 -10.000
3 16 -8.782 29.432 -10.000 -7.950 30.700 -10.000 -8.354 29.718 -10.000
3 16 -8.354 29.718 -10.000 -7.950 30.700 -10.000 -7.850 29.818 -10.000
3 16 -7.850 29.818 -10.000 -7.950 30.700 -10.000 -5.500 30.900 -10.000
3 16 -5.500 30.900 -10.000 -7.346 29.718 -10.000 -7.850 29.818 -10.000
3 16 -7.346 29.718 -10.000 -5.500 30.900 -10.000 -5.250 30.350 -10.000
3 16 -5.250 30.350 -10.000 -6.918 29.432 -10.000 -7.346 29.718 -10.000
3 16 -6.918 29.432 -10.000 -5.250 30.350 -10.000 -5.050 28.850 -10.000
3 16 -5.050 28.850 -10.000 -6.632 29.004 -10.000 -6.918 29.432 -10.000
3 16 -6.632 29.004 -10.000 -5.050 28.850 -10.000 -4.800 26.650 -10.000
3 16 -4.800 26.650 -10.000 -6.532 28.500 -10.000 -6.632 29.004 -10.000
3 16 -4.800 26.650 -10.000 -6.632 27.996 -10.000 -6.532 28.500 -10.000
3 16 -7.950 30.700 -10.000 -10.850 29.400 -10.000 -18.000 28.700 -10.000
3 16 -18.000 28.700 -10.000 -13.200 30.250 -10.000 -7.950 30.700 -10.000
3 16 -13.200 30.250 -10.000 -18.000 28.700 -10.000 -19.000 29.000 -10.000
3 16 -19.000 29.000 -10.000 -18.100 29.550 -10.000 -13.200 30.250 -10.000
3 16 -18.100 29.550 -10.000 -19.000 29.000 -10.000 -19.000 32.000 -10.000
3 16 -19.000 32.000 -10.000 -18.150 30.250 -10.000 -18.100 29.550 -10.000
3 16 -18.150 30.250 -10.000 -19.000 32.000 -10.000 -18.150 31.350 -10.000
3 16 -18.150 31.350 -10.000 -19.000 32.000 -10.000 -5.000 31.550 -10.000
3 16 -5.000 31.550 -10.000 -8.000 31.350 -10.000 -18.150 31.350 -10.000
3 16 -10.750 28.500 -10.000 -10.650 27.650 -10.000 -17.750 27.050 -10.000
3 16 -17.750 27.050 -10.000 -17.850 27.800 -10.000 -10.750 28.500 -10.000
3 16 -17.750 27.050 -10.000 -19.000 29.000 -10.000 -18.000 28.700 -10.000
3 16 -18.000 28.700 -10.000 -17.850 27.800 -10.000 -17.750 27.050 -10.000
3 16 -17.650 26.200 -10.000 -19.000 29.000 -10.000 -17.750 27.050 -10.000
3 16 -17.600 25.800 -10.000 -19.000 29.000 -10.000 -17.650 26.200 -10.000
3 16 -17.500 25.000 -10.000 -19.000 29.000 -10.000 -17.600 25.800 -10.000
3 16 -17.600 25.800 -10.000 -17.650 26.200 -10.000 -10.550 26.850 -10.000
3 16 -10.550 26.850 -10.000 -12.250 26.300 -10.000 -17.600 25.800 -10.000
3 16 -12.250 26.300 -10.000 -10.550 26.850 -10.000 -7.650 26.500 -10.000
3 16 -12.000 0.000 -10.000 -8.750 0.450 -10.000 -8.300 0.450 -10.000
3 16 -8.300 0.450 -10.000 8.300 0.450 -10.000 12.000 0.000 -10.000
3 16 12.000 0.000 -10.000 -12.000 0.000 -10.000 -8.300 0.450 -10.000
3 16 12.000 0.000 -10.000 8.300 0.450 -10.000 8.750 0.450 -10.000
3 16 -5.000 31.550 -10.000 -19.000 32.000 -10.000 19.000 32.000 -10.000
3 16 19.000 32.000 -10.000 4.100 31.550 -10.000 -5.000 31.550 -10.000
3 16 0.000 29.100 10.000 -4.400 29.050 10.000 -4.400 28.350 10.000
3 16 -4.400 28.350 10.000 0.000 28.400 10.000 0.000 29.100 10.000
3 16 -4.400 29.050 10.000 -8.550 28.900 10.000 -8.550 28.200 10.000
3 16 -8.550 28.200 10.000 -4.400 28.350 10.000 -4.400 29.050 10.000
3 16 -8.550 28.900 10.000 -12.450 28.700 10.000 -12.450 28.000 10.000
3 16 -12.450 28.000 10.000 -8.550 28.200 10.000 -8.550 28.900 10.000
3 16 -12.450 28.700 10.000 -18.200 28.100 10.000 -17.900 27.450 10.000
3 16 -17.900 27.450 10.000 -12.450 28.000 10.000 -12.450 28.700 10.000
3 16 0.000 30.700 10.000 -4.400 30.650 10.000 -4.400 29.750 10.000
3 16 -4.400 29.750 10.000 0.000 29.800 10.000 0.000 30.700 10.000
3 16 -4.400 30.650 10.000 -8.550 30.500 10.000 -8.550 29.600 10.000
3 16 -8.550 29.600 10.000 -4.400 29.750 10.000 -4.400 30.650 10.000
3 16 -8.550 30.500 10.000 -12.450 30.300 10.000 -12.450 29.400 10.000
3 16 -12.450 29.400 10.000 -8.550 29.600 10.000 -8.550 30.500 10.000
3 16 -12.450 30.300 10.000 -18.500 29.650 10.000 -18.200 28.800 10.000
3 16 -18.200 28.800 10.000 -12.450 29.400 10.000 -12.450 30.300 10.000
3 16 0.000 27.700 10.000 -4.400 27.650 10.000 -4.400 27.100 10.000
3 16 -4.400 27.100 10.000 0.000 27.150 10.000 0.000 27.700 10.000
3 16 -4.400 27.650 10.000 -8.550 27.500 10.000 -8.550 26.950 10.000
3 16 -8.550 26.950 10.000 -4.400 27.100 10.000 -4.400 27.650 10.000
3 16 -8.550 27.500 10.000 -12.450 27.300 10.000 -12.450 26.750 10.000
3 16 -12.450 26.750 10.000 -8.550 26.950 10.000 -8.550 27.500 10.000
3 16 -12.450 27.300 10.000 -17.900 26.750 10.000 -18.200 26.150 10.000
3 16 -18.200 26.150 10.000 -12.450 26.750 10.000 -12.450 27.300 10.000
3 16 -12.000 0.000 10.000 0.000 26.450 10.000 -4.400 26.400 10.000
3 16 -4.400 26.400 10.000 -14.345 2.000 10.000 -12.000 0.000 10.000
3 16 -4.400 26.400 10.000 -8.550 26.000 10.000 -10.550 25.200 10.000
3 16 -10.550 25.200 10.000 -14.345 2.000 10.000 -4.400 26.400 10.000
3 16 -10.550 25.200 10.000 -11.650 24.650 10.000 -12.250 24.250 10.000
3 16 -12.250 24.250 10.000 -14.345 2.000 10.000 -10.550 25.200 10.000
3 16 -12.250 24.250 10.000 -12.400 24.450 10.000 -17.900 25.500 10.000
3 16 -17.900 25.500 10.000 -14.345 2.000 10.000 -12.250 24.250 10.000
3 16 -12.400 24.450 10.000 -12.200 25.200 10.000 -12.450 26.050 10.000
3 16 -12.450 26.050 10.000 -17.900 25.500 10.000 -12.400 24.450 10.000
3 16 -12.200 25.200 10.000 -11.350 25.850 10.000 -12.450 26.050 10.000
3 16 -18.500 31.550 10.000 -19.000 32.000 10.000 -19.000 29.000 10.000
3 16 -19.000 29.000 10.000 -18.500 30.150 10.000 -18.500 31.550 10.000
3 16 -19.000 29.000 10.000 -18.500 29.650 10.000 -18.500 30.150 10.000
3 16 -18.500 29.650 10.000 -19.000 29.000 10.000 -18.200 28.100 10.000
3 16 -18.200 28.100 10.000 -18.200 28.800 10.000 -18.500 29.650 10.000
3 16 -19.000 29.000 10.000 -18.200 26.150 10.000 -17.900 27.450 10.000
3 16 -17.900 27.450 10.000 -18.200 28.100 10.000 -19.000 29.000 10.000
3 16 -18.200 26.150 10.000 -17.900 26.750 10.000 -17.900 27.450 10.000
3 16 -14.345 2.000 10.000 -18.200 26.150 10.000 -19.000 29.000 10.000
3 16 -14.345 2.000 10.000 -17.900 25.500 10.000 -18.200 26.150 10.000
3 16 -1.150 31.187 10.000 0.000 31.200 10.000 -1.900 31.550 10.000
3 16 -18.500 31.550 10.000 -1.900 31.550 10.000 -19.000 32.000 10.000
3 16 0.000 29.100 10.000 0.000 28.400 10.000 4.400 28.350 10.000
3 16 4.400 28.350 10.000 4.400 29.050 10.000 0.000 29.100 10.000
3 16 4.400 29.050 10.000 4.400 28.350 10.000 8.550 28.200 10.000
3 16 8.550 28.200 10.000 8.550 28.900 10.000 4.400 29.050 10.000
3 16 8.550 28.900 10.000 8.550 28.200 10.000 12.450 28.000 10.000
3 16 12.450 28.000 10.000 12.450 28.700 10.000 8.550 28.900 10.000
3 16 12.450 28.700 10.000 12.450 28.000 10.000 17.900 27.450 10.000
3 16 17.900 27.450 10.000 18.200 28.100 10.000 12.450 28.700 10.000
3 16 0.000 30.700 10.000 0.000 29.800 10.000 4.400 29.750 10.000
3 16 4.400 29.750 10.000 4.400 30.650 10.000 0.000 30.700 10.000
3 16 4.400 30.650 10.000 4.400 29.750 10.000 8.550 29.600 10.000
3 16 8.550 29.600 10.000 8.550 30.500 10.000 4.400 30.650 10.000
3 16 8.550 30.500 10.000 8.550 29.600 10.000 12.450 29.400 10.000
3 16 12.450 29.400 10.000 12.450 30.300 10.000 8.550 30.500 10.000
3 16 12.450 30.300 10.000 12.450 29.400 10.000 18.200 28.800 10.000
3 16 18.200 28.800 10.000 18.500 29.650 10.000 12.450 30.300 10.000
3 16 0.000 27.700 10.000 0.000 27.150 10.000 4.400 27.100 10.000
3 16 4.400 27.100 10.000 4.400 27.650 10.000 0.000 27.700 10.000
3 16 4.400 27.650 10.000 4.400 27.100 10.000 8.550 26.950 10.000
3 16 8.550 26.950 10.000 8.550 27.500 10.000 4.400 27.650 10.000
3 16 8.550 27.500 10.000 8.550 26.950 10.000 12.450 26.750 10.000
3 16 12.450 26.750 10.000 12.450 27.300 10.000 8.550 27.500 10.000
3 16 12.450 27.300 10.000 12.450 26.750 10.000 18.200 26.150 10.000
3 16 18.200 26.150 10.000 17.900 26.750 10.000 12.450 27.300 10.000
3 16 12.000 0.000 10.000 14.345 2.000 10.000 4.400 26.400 10.000
3 16 4.400 26.400 10.000 0.000 26.450 10.000 12.000 0.000 10.000
3 16 4.400 26.400 10.000 14.345 2.000 10.000 10.900 25.200 10.000
3 16 10.900 25.200 10.000 8.550 26.000 10.000 4.400 26.400 10.000
3 16 10.900 25.200 10.000 14.345 2.000 10.000 13.100 23.800 10.000
3 16 13.100 23.800 10.000 12.200 24.500 10.000 10.900 25.200 10.000
3 16 13.100 23.800 10.000 14.345 2.000 10.000 17.900 25.500 10.000
3 16 17.900 25.500 10.000 13.250 24.000 10.000 13.100 23.800 10.000
3 16 13.250 24.000 10.000 17.900 25.500 10.000 12.450 26.050 10.000
3 16 12.450 26.050 10.000 12.750 25.050 10.000 13.250 24.000 10.000
3 16 12.750 25.050 10.000 12.450 26.050 10.000 11.700 25.850 10.000
3 16 18.500 31.550 10.000 18.500 30.150 10.000 19.000 29.000 10.000
3 16 19.000 29.000 10.000 19.000 32.000 10.000 18.500 31.550 10.000
3 16 19.000 29.000 10.000 18.500 30.150 10.000 18.500 29.650 10.000
3 16 18.500 29.650 10.000 18.200 28.800 10.000 18.200 28.100 10.000
3 16 18.200 28.100 10.000 19.000 29.000 10.000 18.500 29.650 10.000
3 16 19.000 29.000 10.000 18.200 28.100 10.000 17.900 27.450 10.000
3 16 17.900 27.450 10.000 18.200 26.150 10.000 19.000 29.000 10.000
3 16 18.200 26.150 10.000 17.900 27.450 10.000 17.900 26.750 10.000
3 16 14.345 2.000 10.000 19.000 29.000 10.000 18.200 26.150 10.000
3 16 14.345 2.000 10.000 18.200 26.150 10.000 17.900 25.500 10.000
3 16 1.150 31.187 10.000 1.900 31.550 10.000 0.000 31.200 10.000
3 16 1.900 31.550 10.000 18.500 31.550 10.000 19.000 32.000 10.000
3 16 2.800 3.050 10.000 0.000 26.450 10.000 0.000 3.250 10.000
3 16 5.900 2.450 10.000 0.000 26.450 10.000 2.800 3.050 10.000
3 16 8.050 1.800 10.000 0.000 26.450 10.000 5.900 2.450 10.000
3 16 8.950 1.400 10.000 0.000 26.450 10.000 8.050 1.800 10.000
3 16 12.000 0.000 10.000 0.000 26.450 10.000 8.950 1.400 10.000
3 16 12.000 0.000 10.000 8.950 1.400 10.000 8.900 1.300 10.000
3 16 8.900 1.300 10.000 8.000 1.500 10.000 5.800 1.800 10.000
3 16 5.800 1.800 10.000 12.000 0.000 10.000 8.900 1.300 10.000
3 16 5.800 1.800 10.000 2.750 2.050 10.000 0.000 2.150 10.000
3 16 0.000 2.150 10.000 12.000 0.000 10.000 5.800 1.800 10.000
3 16 -12.000 0.000 10.000 -8.900 1.300 10.000 -8.950 1.400 10.000
3 16 -8.900 1.300 10.000 -12.000 0.000 10.000 -5.800 1.800 10.000
3 16 -5.800 1.800 10.000 -8.000 1.500 10.000 -8.900 1.300 10.000
3 16 -5.800 1.800 10.000 -12.000 0.000 10.000 0.000 2.150 10.000
3 16 0.000 2.150 10.000 -2.750 2.050 10.000 -5.800 1.800 10.000
3 16 -12.000 0.000 10.000 -8.950 1.400 10.000 0.000 26.450 10.000
3 16 -8.950 1.400 10.000 -8.050 1.800 10.000 0.000 26.450 10.000
3 16 -8.050 1.800 10.000 -5.900 2.450 10.000 0.000 26.450 10.000
3 16 -5.900 2.450 10.000 -2.800 3.050 10.000 0.000 26.450 10.000
3 16 -2.800 3.050 10.000 0.000 3.250 10.000 0.000 26.450 10.000
3 16 -12.000 0.000 10.000 12.000 0.000 10.000 0.000 2.150 10.000
3 16 0.000 31.200 10.000 1.900 31.550 10.000 -1.900 31.550 10.000
3 16 -1.900 31.550 10.000 1.900 31.550 10.000 -19.000 32.000 10.000
3 16 -19.000 32.000 10.000 1.900 31.550 10.000 19.000 32.000 10.000
3 0 5.987 10.613 -10.000 5.582 10.446 -10.000 5.482 10.950 -10.000
3 0 5.482 10.950 -10.000 5.920 10.950 -10.000 5.987 10.613 -10.000
3 0 5.920 10.950 -10.000 5.482 10.950 -10.000 5.582 11.454 -10.000
3 0 5.582 11.454 -10.000 5.987 11.287 -10.000 5.920 10.950 -10.000
3 0 5.987 11.287 -10.000 5.582 11.454 -10.000 5.868 11.882 -10.000
3 0 5.868 11.882 -10.000 6.178 11.572 -10.000 5.987 11.287 -10.000
3 0 6.178 11.572 -10.000 5.868 11.882 -10.000 6.296 12.168 -10.000
3 0 6.296 12.168 -10.000 6.463 11.763 -10.000 6.178 11.572 -10.000
3 0 6.463 11.763 -10.000 6.296 12.168 -10.000 6.800 12.268 -10.000
3 0 6.800 12.268 -10.000 6.800 11.830 -10.000 6.463 11.763 -10.000
3 0 6.800 11.830 -10.000 6.800 12.268 -10.000 7.304 12.168 -10.000
3 0 7.304 12.168 -10.000 7.137 11.763 -10.000 6.800 11.830 -10.000
3 0 7.137 11.763 -10.000 7.304 12.168 -10.000 7.732 11.882 -10.000
3 0 7.732 11.882 -10.000 7.422 11.572 -10.000 7.137 11.763 -10.000
3 0 7.422 11.572 -10.000 7.732 11.882 -10.000 8.018 11.454 -10.000
3 0 8.018 11.454 -10.000 7.613 11.287 -10.000 7.422 11.572 -10.000
3 0 7.613 11.287 -10.000 8.018 11.454 -10.000 8.118 10.950 -10.000
3 0 8.118 10.950 -10.000 7.680 10.950 -10.000 7.613 11.287 -10.000
3 0 7.680 10.950 -10.000 8.118 10.950 -10.000 8.018 10.446 -10.000
3 0 8.018 10.446 -10.000 7.613 10.613 -10.000 7.680 10.950 -10.000
3 0 7.613 10.613 -10.000 8.018 10.446 -10.000 7.732 10.018 -10.000
3 0 7.732 10.018 -10.000 7.422 10.328 -10.000 7.613 10.613 -10.000
3 0 7.422 10.328 -10.000 7.732 10.018 -10.000 7.304 9.732 -10.000
3 0 7.304 9.732 -10.000 7.137 10.137 -10.000 7.422 10.328 -10.000
3 0 7.137 10.137 -10.000 7.304 9.732 -10.000 6.800 9.632 -10.000
3 0 6.800 9.632 -10.000 6.800 10.070 -10.000 7.137 10.137 -10.000
3 0 6.800 10.070 -10.000 6.800 9.632 -10.000 6.296 9.732 -10.000
3 0 6.296 9.732 -10.000 6.463 10.137 -10.000 6.800 10.070 -10.000
3 0 6.463 10.137 -10.000 6.296 9.732 -10.000 5.868 10.018 -10.000
3 0 5.868 10.018 -10.000 6.178 10.328 -10.000 6.463 10.137 -10.000
3 0 6.178 10.328 -10.000 5.868 10.018 -10.000 5.582 10.446 -10.000
3 0 5.582 10.446 -10.000 5.987 10.613 -10.000 6.178 10.328 -10.000
3 80 7.137 10.137 -10.000 6.800 10.070 -10.000 7.613 10.613 -10.000
3 80 7.613 10.613 -10.000 7.422 10.328 -10.000 7.137 10.137 -10.000
3 80 7.613 10.613 -10.000 6.800 10.070 -10.000 7.613 11.287 -10.000
3 80 7.613 11.287 -10.000 7.680 10.950 -10.000 7.613 10.613 -10.000
3 80 7.613 11.287 -10.000 6.800 10.070 -10.000 7.137 11.763 -10.000
3 80 7.137 11.763 -10.000 7.422 11.572 -10.000 7.613 11.287 -10.000
3 80 7.137 11.763 -10.000 6.800 10.070 -10.000 6.463 11.763 -10.000
3 80 6.463 11.763 -10.000 6.800 11.830 -10.000 7.137 11.763 -10.000
3 80 6.463 11.763 -10.000 6.800 10.070 -10.000 5.987 11.287 -10.000
3 80 5.987 11.287 -10.000 6.178 11.572 -10.000 6.463 11.763 -10.000
3 80 5.987 11.287 -10.000 6.800 10.070 -10.000 5.987 10.613 -10.000
3 80 5.987 10.613 -10.000 5.920 10.950 -10.000 5.987 11.287 -10.000
3 80 5.987 10.613 -10.000 6.800 10.070 -10.000 6.463 10.137 -10.000
3 80 6.463 10.137 -10.000 6.178 10.328 -10.000 5.987 10.613 -10.000
3 0 6.287 15.913 -10.000 5.882 15.746 -10.000 5.782 16.250 -10.000
3 0 5.782 16.250 -10.000 6.220 16.250 -10.000 6.287 15.913 -10.000
3 0 6.220 16.250 -10.000 5.782 16.250 -10.000 5.882 16.754 -10.000
3 0 5.882 16.754 -10.000 6.287 16.587 -10.000 6.220 16.250 -10.000
3 0 6.287 16.587 -10.000 5.882 16.754 -10.000 6.168 17.182 -10.000
3 0 6.168 17.182 -10.000 6.478 16.872 -10.000 6.287 16.587 -10.000
3 0 6.478 16.872 -10.000 6.168 17.182 -10.000 6.596 17.468 -10.000
3 0 6.596 17.468 -10.000 6.763 17.063 -10.000 6.478 16.872 -10.000
3 0 6.763 17.063 -10.000 6.596 17.468 -10.000 7.100 17.568 -10.000
3 0 7.100 17.568 -10.000 7.100 17.130 -10.000 6.763 17.063 -10.000
3 0 7.100 17.130 -10.000 7.100 17.568 -10.000 7.604 17.468 -10.000
3 0 7.604 17.468 -10.000 7.437 17.063 -10.000 7.100 17.130 -10.000
3 0 7.437 17.063 -10.000 7.604 17.468 -10.000 8.032 17.182 -10.000
3 0 8.032 17.182 -10.000 7.722 16.872 -10.000 7.437 17.063 -10.000
3 0 7.722 16.872 -10.000 8.032 17.182 -10.000 8.318 16.754 -10.000
3 0 8.318 16.754 -10.000 7.913 16.587 -10.000 7.722 16.872 -10.000
3 0 7.913 16.587 -10.000 8.318 16.754 -10.000 8.418 16.250 -10.000
3 0 8.418 16.250 -10.000 7.980 16.250 -10.000 7.913 16.587 -10.000
3 0 7.980 16.250 -10.000 8.418 16.250 -10.000 8.318 15.746 -10.000
3 0 8.318 15.746 -10.000 7.913 15.913 -10.000 7.980 16.250 -10.000
3 0 7.913 15.913 -10.000 8.318 15.746 -10.000 8.032 15.318 -10.000
3 0 8.032 15.318 -10.000 7.722 15.628 -10.000 7.913 15.913 -10.000
3 0 7.722 15.628 -10.000 8.032 15.318 -10.000 7.604 15.032 -10.000
3 0 7.604 15.032 -10.000 7.437 15.437 -10.000 7.722 15.628 -10.000
3 0 7.437 15.437 -10.000 7.604 15.032 -10.000 7.100 14.932 -10.000
3 0 7.100 14.932 -10.000 7.100 15.370 -10.000 7.437 15.437 -10.000
3 0 7.100 15.370 -10.000 7.100 14.932 -10.000 6.596 15.032 -10.000
3 0 6.596 15.032 -10.000 6.763 15.437 -10.000 7.100 15.370 -10.000
3 0 6.763 15.437 -10.000 6.596 15.032 -10.000 6.168 15.318 -10.000
3 0 6.168 15.318 -10.000 6.478 15.628 -10.000 6.763 15.437 -10.000
3 0 6.478 15.628 -10.000 6.168 15.318 -10.000 5.882 15.746 -10.000
3 0 5.882 15.746 -10.000 6.287 15.913 -10.000 6.478 15.628 -10.000
3 80 7.437 15.437 -10.000 7.100 15.370 -10.000 7.913 15.913 -10.000
3 80 7.913 15.913 -10.000 7.722 15.628 -10.000 7.437 15.437 -10.000
3 80 7.913 15.913 -10.000 7.100 15.370 -10.000 7.913 16.587 -10.000
3 80 7.913 16.587 -10.000 7.980 16.250 -10.000 7.913 15.913 -10.000
3 80 7.913 16.587 -10.000 7.100 15.370 -10.000 7.437 17.063 -10.000
3 80 7.437 17.063 -10.000 7.722 16.872 -10.000 7.913 16.587 -10.000
3 80 7.437 17.063 -10.000 7.100 15.370 -10.000 6.763 17.063 -10.000
3 80 6.763 17.063 -10.000 7.100 17.130 -10.000 7.437 17.063 -10.000
3 80 6.763 17.063 -10.000 7.100 15.370 -10.000 6.287 16.587 -10.000
3 80 6.287 16.587 -10.000 6.478 16.872 -10.000 6.763 17.063 -10.000
3 80 6.287 16.587 -10.000 7.100 15.370 -10.000 6.287 15.913 -10.000
3 80 6.287 15.913 -10.000 6.220 16.250 -10.000 6.287 16.587 -10.000
3 80 6.287 15.913 -10.000 7.100 15.370 -10.000 6.763 15.437 -10.000
3 80 6.763 15.437 -10.000 6.478 15.628 -10.000 6.287 15.913 -10.000
3 0 6.487 21.613 -10.000 6.082 21.446 -10.000 5.982 21.950 -10.000
3 0 5.982 21.950 -10.000 6.420 21.950 -10.000 6.487 21.613 -10.000
3 0 6.420 21.950 -10.000 5.982 21.950 -10.000 6.082 22.454 -10.000
3 0 6.082 22.454 -10.000 6.487 22.287 -10.000 6.420 21.950 -10.000
3 0 6.487 22.287 -10.000 6.082 22.454 -10.000 6.368 22.882 -10.000
3 0 6.368 22.882 -10.000 6.678 22.572 -10.000 6.487 22.287 -10.000
3 0 6.678 22.572 -10.000 6.368 22.882 -10.000 6.796 23.168 -10.000
3 0 6.796 23.168 -10.000 6.963 22.763 -10.000 6.678 22.572 -10.000
3 0 6.963 22.763 -10.000 6.796 23.168 -10.000 7.300 23.268 -10.000
3 0 7.300 23.268 -10.000 7.300 22.830 -10.000 6.963 22.763 -10.000
3 0 7.300 22.830 -10.000 7.300 23.268 -10.000 7.804 23.168 -10.000
3 0 7.804 23.168 -10.000 7.637 22.763 -10.000 7.300 22.830 -10.000
3 0 7.637 22.763 -10.000 7.804 23.168 -10.000 8.232 22.882 -10.000
3 0 8.232 22.882 -10.000 7.922 22.572 -10.000 7.637 22.763 -10.000
3 0 7.922 22.572 -10.000 8.232 22.882 -10.000 8.518 22.454 -10.000
3 0 8.518 22.454 -10.000 8.113 22.287 -10.000 7.922 22.572 -10.000
3 0 8.113 22.287 -10.000 8.518 22.454 -10.000 8.618 21.950 -10.000
3 0 8.618 21.950 -10.000 8.180 21.950 -10.000 8.113 22.287 -10.000
3 0 8.180 21.950 -10.000 8.618 21.950 -10.000 8.518 21.446 -10.000
3 0 8.518 21.446 -10.000 8.113 21.613 -10.000 8.180 21.950 -10.000
3 0 8.113 21.613 -10.000 8.518 21.446 -10.000 8.232 21.018 -10.000
3 0 8.232 21.018 -10.000 7.922 21.328 -10.000 8.113 21.613 -10.000
3 0 7.922 21.328 -10.000 8.232 21.018 -10.000 7.804 20.732 -10.000
3 0 7.804 20.732 -10.000 7.637 21.137 -10.000 7.922 21.328 -10.000
3 0 7.637 21.137 -10.000 7.804 20.732 -10.000 7.300 20.632 -10.000
3 0 7.300 20.632 -10.000 7.300 21.070 -10.000 7.637 21.137 -10.000
3 0 7.300 21.070 -10.000 7.300 20.632 -10.000 6.796 20.732 -10.000
3 0 6.796 20.732 -10.000 6.963 21.137 -10.000 7.300 21.070 -10.000
3 0 6.963 21.137 -10.000 6.796 20.732 -10.000 6.368 21.018 -10.000
3 0 6.368 21.018 -10.000 6.678 21.328 -10.000 6.963 21.137 -10.000
3 0 6.678 21.328 -10.000 6.368 21.018 -10.000 6.082 21.446 -10.000
3 0 6.082 21.446 -10.000 6.487 21.613 -10.000 6.678 21.328 -10.000
3 80 7.637 21.137 -10.000 7.300 21.070 -10.000 8.113 21.613 -10.000
3 80 8.113 21.613 -10.000 7.922 21.328 -10.000 7.637 21.137 -10.000
3 80 8.113 21.613 -10.000 7.300 21.070 -10.000 8.113 22.287 -10.000
3 80 8.113 22.287 -10.000 8.180 21.950 -10.000 8.113 21.613 -10.000
3 80 8.113 22.287 -10.000 7.300 21.070 -10.000 7.637 22.763 -10.000
3 80 7.637 22.763 -10.000 7.922 22.572 -10.000 8.113 22.287 -10.000
3 80 7.637 22.763 -10.000 7.300 21.070 -10.000 6.963 22.763 -10.000
3 80 6.963 22.763 -10.000 7.300 22.830 -10.000 7.637 22.763 -10.000
3 80 6.963 22.763 -10.000 7.300 21.070 -10.000 6.487 22.287 -10.000
3 80 6.487 22.287 -10.000 6.678 22.572 -10.000 6.963 22.763 -10.000
3 80 6.487 22.287 -10.000 7.300 21.070 -10.000 6.487 21.613 -10.000
3 80 6.487 21.613 -10.000 6.420 21.950 -10.000 6.487 22.287 -10.000
3 80 6.487 21.613 -10.000 7.300 21.070 -10.000 6.963 21.137 -10.000
3 80 6.963 21.137 -10.000 6.678 21.328 -10.000 6.487 21.613 -10.000
3 0 6.887 27.813 -10.000 6.482 27.646 -10.000 6.382 28.150 -10.000
3 0 6.382 28.150 -10.000 6.820 28.150 -10.000 6.887 27.813 -10.000
3 0 6.820 28.150 -10.000 6.382 28.150 -10.000 6.482 28.654 -10.000
3 0 6.482 28.654 -10.000 6.887 28.487 -10.000 6.820 28.150 -10.000
3 0 6.887 28.487 -10.000 6.482 28.654 -10.000 6.768 29.082 -10.000
3 0 6.768 29.082 -10.000 7.078 28.772 -10.000 6.887 28.487 -10.000
3 0 7.078 28.772 -10.000 6.768 29.082 -10.000 7.196 29.368 -10.000
3 0 7.196 29.368 -10.000 7.363 28.963 -10.000 7.078 28.772 -10.000
3 0 7.363 28.963 -10.000 7.196 29.368 -10.000 7.700 29.468 -10.000
3 0 7.700 29.468 -10.000 7.700 29.030 -10.000 7.363 28.963 -10.000
3 0 7.700 29.030 -10.000 7.700 29.468 -10.000 8.204 29.368 -10.000
3 0 8.204 29.368 -10.000 8.037 28.963 -10.000 7.700 29.030 -10.000
3 0 8.037 28.963 -10.000 8.204 29.368 -10.000 8.632 29.082 -10.000
3 0 8.632 29.082 -10.000 8.322 28.772 -10.000 8.037 28.963 -10.000
3 0 8.322 28.772 -10.000 8.632 29.082 -10.000 8.918 28.654 -10.000
3 0 8.918 28.654 -10.000 8.513 28.487 -10.000 8.322 28.772 -10.000
3 0 8.513 28.487 -10.000 8.918 28.654 -10.000 9.018 28.150 -10.000
3 0 9.018 28.150 -10.000 8.580 28.150 -10.000 8.513 28.487 -10.000
3 0 8.580 28.150 -10.000 9.018 28.150 -10.000 8.918 27.646 -10.000
3 0 8.918 27.646 -10.000 8.513 27.813 -10.000 8.580 28.150 -10.000
3 0 8.513 27.813 -10.000 8.918 27.646 -10.000 8.632 27.218 -10.000
3 0 8.632 27.218 -10.000 8.322 27.528 -10.000 8.513 27.813 -10.000
3 0 8.322 27.528 -10.000 8.632 27.218 -10.000 8.204 26.932 -10.000
3 0 8.204 26.932 -10.000 8.037 27.337 -10.000 8.322 27.528 -10.000
3 0 8.037 27.337 -10.000 8.204 26.932 -10.000 7.700 26.832 -10.000
3 0 7.700 26.832 -10.000 7.700 27.270 -10.000 8.037 27.337 -10.000
3 0 7.700 27.270 -10.000 7.700 26.832 -10.000 7.196 26.932 -10.000
3 0 7.196 26.932 -10.000 7.363 27.337 -10.000 7.700 27.270 -10.000
3 0 7.363 27.337 -10.000 7.196 26.932 -10.000 6.768 27.218 -10.000
3 0 6.768 27.218 -10.000 7.078 27.528 -10.000 7.363 27.337 -10.000
3 0 7.078 27.528 -10.000 6.768 27.218 -10.000 6.482 27.646 -10.000
3 0 6.482 27.646 -10.000 6.887 27.813 -10.000 7.078 27.528 -10.000
3 80 8.037 27.337 -10.000 7.700 27.270 -10.000 8.513 27.813 -10.000
3 80 8.513 27.813 -10.000 8.322 27.528 -10.000 8.037 27.337 -10.000
3 80 8.513 27.813 -10.000 7.700 27.270 -10.000 8.513 28.487 -10.000
3 80 8.513 28.487 -10.000 8.580 28.150 -10.000 8.513 27.813 -10.000
3 80 8.513 28.487 -10.000 7.700 27.270 -10.000 8.037 28.963 -10.000
3 80 8.037 28.963 -10.000 8.322 28.772 -10.000 8.513 28.487 -10.000
3 80 8.037 28.963 -10.000 7.700 27.270 -10.000 7.363 28.963 -10.000
3 80 7.363 28.963 -10.000 7.700 29.030 -10.000 8.037 28.963 -10.000
3 80 7.363 28.963 -10.000 7.700 27.270 -10.000 6.887 28.487 -10.000
3 80 6.887 28.487 -10.000 7.078 28.772 -10.000 7.363 28.963 -10.000
3 80 6.887 28.487 -10.000 7.700 27.270 -10.000 6.887 27.813 -10.000
3 80 6.887 27.813 -10.000 6.820 28.150 -10.000 6.887 28.487 -10.000
3 80 6.887 27.813 -10.000 7.700 27.270 -10.000 7.363 27.337 -10.000
3 80 7.363 27.337 -10.000 7.078 27.528 -10.000 6.887 27.813 -10.000
3 15 12.250 15.550 -10.000 11.250 16.250 -10.000 12.050 18.050 -10.000
3 15 12.050 18.050 -10.000 13.050 17.150 -10.000 12.250 15.550 -10.000
3 15 13.050 17.150 -10.000 12.050 18.050 -10.000 13.050 19.950 -10.000
3 15 13.050 19.950 -10.000 14.000 18.950 -10.000 13.050 17.150 -10.000
3 15 14.000 18.950 -10.000 13.050 19.950 -10.000 14.150 21.550 -10.000
3 15 14.150 21.550 -10.000 15.000 20.750 -10.000 14.000 18.950 -10.000
3 15 15.000 20.750 -10.000 14.150 21.550 -10.000 15.000 22.650 -10.000
3 15 15.000 22.650 -10.000 15.850 21.900 -10.000 15.000 20.750 -10.000
3 15 15.000 22.650 -10.000 15.400 23.100 -10.000 16.250 22.350 -10.000
3 15 16.250 22.350 -10.000 15.850 21.900 -10.000 15.000 22.650 -10.000
3 0 13.050 17.150 -10.000 14.000 18.950 -10.000 14.400 18.650 -10.000
3 0 14.400 18.650 -10.000 13.450 16.850 -10.000 13.050 17.150 -10.000
3 0 14.000 18.950 -10.000 15.000 20.750 -10.000 15.400 20.450 -10.000
3 0 15.400 20.450 -10.000 14.400 18.650 -10.000 14.000 18.950 -10.000
3 0 15.000 20.750 -10.000 15.850 21.900 -10.000 16.250 21.600 -10.000
3 0 16.250 21.600 -10.000 15.400 20.450 -10.000 15.000 20.750 -10.000
3 0 15.850 21.900 -10.000 16.250 22.350 -10.000 16.900 22.400 -10.000
3 0 16.900 22.400 -10.000 16.250 21.600 -10.000 15.850 21.900 -10.000
3 0 11.550 18.300 -10.000 12.550 20.200 -10.000 13.050 19.950 -10.000
3 0 13.050 19.950 -10.000 12.050 18.050 -10.000 11.550 18.300 -10.000
3 0 12.550 20.200 -10.000 13.650 21.800 -10.000 14.150 21.550 -10.000
3 0 14.150 21.550 -10.000 13.050 19.950 -10.000 12.550 20.200 -10.000
3 0 13.650 21.800 -10.000 14.500 22.900 -10.000 15.000 22.650 -10.000
3 0 15.000 22.650 -10.000 14.150 21.550 -10.000 13.650 21.800 -10.000
3 0 14.500 22.900 -10.000 15.300 23.900 -10.000 15.400 23.100 -10.000
3 0 15.400 23.100 -10.000 15.000 22.650 -10.000 14.500 22.900 -10.000
3 0 15.400 23.100 -10.000 15.300 23.900 -10.000 16.900 22.400 -10.000
3 0 16.900 22.400 -10.000 16.250 22.350 -10.000 15.400 23.100 -10.000
3 0 12.250 15.550 -10.000 13.050 17.150 -10.000 13.450 16.850 -10.000
3 0 13.450 16.850 -10.000 12.500 14.850 -10.000 12.250 15.550 -10.000
3 0 12.250 15.550 -10.000 12.500 14.850 -10.000 10.550 16.050 -10.000
3 0 10.550 16.050 -10.000 11.250 16.250 -10.000 12.250 15.550 -10.000
3 0 10.550 16.050 -10.000 11.550 18.300 -10.000 12.050 18.050 -10.000
3 0 12.050 18.050 -10.000 11.250 16.250 -10.000 10.550 16.050 -10.000
3 0 18.100 29.550 -10.000 13.200 30.250 -10.000 13.300 30.900 -10.000
3 0 13.300 30.900 -10.000 18.150 30.250 -10.000 18.100 29.550 -10.000
3 0 13.200 30.250 -10.000 7.950 30.700 -10.000 8.000 31.350 -10.000
3 0 8.000 31.350 -10.000 13.300 30.900 -10.000 13.200 30.250 -10.000
3 0 7.950 30.700 -10.000 4.600 30.900 -10.000 4.100 31.550 -10.000
3 0 4.100 31.550 -10.000 8.000 31.350 -10.000 7.950 30.700 -10.000
3 15 13.300 30.900 -10.000 8.000 31.350 -10.000 18.150 31.350 -10.000
3 15 18.150 30.250 -10.000 13.300 30.900 -10.000 18.150 31.350 -10.000
3 15 10.850 29.400 -10.000 18.000 28.700 -10.000 17.850 27.800 -10.000
3 15 17.850 27.800 -10.000 10.750 28.500 -10.000 10.850 29.400 -10.000
3 15 10.650 27.650 -10.000 17.750 27.050 -10.000 17.650 26.200 -10.000
3 15 17.650 26.200 -10.000 10.550 26.850 -10.000 10.650 27.650 -10.000
3 320 17.600 25.800 -10.000 17.500 25.000 -10.000 12.150 25.500 -10.000
3 320 12.150 25.500 -10.000 12.250 26.300 -10.000 17.600 25.800 -10.000
3 320 12.250 26.300 -10.000 12.150 25.500 -10.000 7.650 25.750 -10.000
3 320 7.650 25.750 -10.000 7.650 26.500 -10.000 12.250 26.300 -10.000
3 320 7.650 26.500 -10.000 7.650 25.750 -10.000 4.000 25.900 -10.000
3 320 4.000 25.900 -10.000 4.050 26.650 -10.000 7.650 26.500 -10.000
3 320 3.900 8.950 -10.000 5.550 8.400 -10.000 5.300 7.750 -10.000
3 320 5.300 7.750 -10.000 3.900 8.250 -10.000 3.900 8.950 -10.000
3 320 5.300 7.750 -10.000 5.550 8.400 -10.000 7.250 7.700 -10.000
3 320 7.250 7.700 -10.000 7.000 7.050 -10.000 5.300 7.750 -10.000
3 320 7.000 7.050 -10.000 7.250 7.700 -10.000 8.800 6.800 -10.000
3 320 8.800 6.800 -10.000 8.450 6.200 -10.000 7.000 7.050 -10.000
3 320 8.450 6.200 -10.000 8.800 6.800 -10.000 10.450 5.700 -10.000
3 320 10.450 5.700 -10.000 10.050 5.050 -10.000 8.450 6.200 -10.000
3 320 10.050 5.050 -10.000 10.450 5.700 -10.000 12.100 4.150 -10.000
3 320 12.100 4.150 -10.000 11.400 3.750 -10.000 10.050 5.050 -10.000
3 320 11.400 3.750 -10.000 12.100 4.150 -10.000 13.000 2.900 -10.000
3 320 13.000 2.900 -10.000 12.250 2.700 -10.000 11.400 3.750 -10.000
3 320 12.250 2.700 -10.000 13.000 2.900 -10.000 13.450 2.050 -10.000
3 320 13.450 2.050 -10.000 12.900 1.650 -10.000 12.250 2.700 -10.000
3 15 3.900 7.100 -10.000 5.350 6.700 -10.000 5.150 6.000 -10.000
3 15 5.150 6.000 -10.000 3.900 6.450 -10.000 3.900 7.100 -10.000
3 15 5.350 6.700 -10.000 6.850 6.100 -10.000 6.450 5.400 -10.000
3 15 6.450 5.400 -10.000 5.150 6.000 -10.000 5.350 6.700 -10.000
3 15 6.850 6.100 -10.000 8.200 5.300 -10.000 7.750 4.600 -10.000
3 15 7.750 4.600 -10.000 6.450 5.400 -10.000 6.850 6.100 -10.000
3 15 8.200 5.300 -10.000 9.750 4.150 -10.000 9.100 3.550 -10.000
3 15 9.100 3.550 -10.000 7.750 4.600 -10.000 8.200 5.300 -10.000
3 15 9.750 4.150 -10.000 10.850 2.950 -10.000 10.150 2.400 -10.000
3 15 10.150 2.400 -10.000 9.100 3.550 -10.000 9.750 4.150 -10.000
3 15 10.850 2.950 -10.000 11.600 1.850 -10.000 10.850 1.450 -10.000
3 15 10.850 1.450 -10.000 10.150 2.400 -10.000 10.850 2.950 -10.000
3 15 11.600 1.850 -10.000 12.050 1.000 -10.000 11.250 0.500 -10.000
3 15 11.250 0.500 -10.000 10.850 1.450 -10.000 11.600 1.850 -10.000
3 15 11.250 0.500 -10.000 12.050 1.000 -10.000 12.100 0.550 -10.000
3 15 10.450 0.500 -10.000 9.600 0.500 -10.000 9.050 1.250 -10.000
3 15 9.050 1.250 -10.000 10.050 1.300 -10.000 10.450 0.500 -10.000
3 15 10.050 1.300 -10.000 9.050 1.250 -10.000 8.250 2.150 -10.000
3 15 8.250 2.150 -10.000 9.000 2.550 -10.000 10.050 1.300 -10.000
3 15 9.000 2.550 -10.000 8.250 2.150 -10.000 6.950 3.150 -10.000
3 15 6.950 3.150 -10.000 7.550 3.850 -10.000 9.000 2.550 -10.000
3 15 7.550 3.850 -10.000 6.950 3.150 -10.000 5.600 4.000 -10.000
3 15 5.600 4.000 -10.000 5.950 4.800 -10.000 7.550 3.850 -10.000
3 15 5.950 4.800 -10.000 5.600 4.000 -10.000 4.600 4.500 -10.000
3 15 4.600 4.500 -10.000 4.750 5.300 -10.000 5.950 4.800 -10.000
3 15 4.600 4.500 -10.000 3.900 4.750 -10.000 3.900 5.500 -10.000
3 15 3.900 5.500 -10.000 4.750 5.300 -10.000 4.600 4.500 -10.000
3 0 8.750 0.450 -10.000 8.300 0.450 -10.000 7.700 1.100 -10.000
3 0 7.700 1.100 -10.000 8.400 1.050 -10.000 8.750 0.450 -10.000
3 0 8.400 1.050 -10.000 7.700 1.100 -10.000 6.550 1.950 -10.000
3 0 6.550 1.950 -10.000 7.600 1.850 -10.000 8.400 1.050 -10.000
3 0 7.600 1.850 -10.000 6.550 1.950 -10.000 5.700 2.550 -10.000
3 0 5.700 2.550 -10.000 6.850 2.400 -10.000 7.600 1.850 -10.000
3 0 6.850 2.400 -10.000 5.700 2.550 -10.000 4.000 3.550 -10.000
3 0 4.000 3.550 -10.000 5.850 3.050 -10.000 6.850 2.400 -10.000
3 0 5.850 3.050 -10.000 4.000 3.550 -10.000 3.550 4.000 -10.000
3 0 3.550 4.000 -10.000 4.200 4.050 -10.000 5.850 3.050 -10.000
3 0 4.200 4.050 -10.000 3.550 4.000 -10.000 3.350 4.700 -10.000
3 0 3.350 4.700 -10.000 3.950 4.400 -10.000 4.200 4.050 -10.000
3 0 3.950 4.400 -10.000 3.350 4.700 -10.000 3.900 4.750 -10.000
3 0 3.900 4.750 -10.000 3.350 4.700 -10.000 3.250 6.500 -10.000
3 0 3.250 6.500 -10.000 3.900 5.500 -10.000 3.900 4.750 -10.000
3 0 3.900 5.500 -10.000 3.250 6.500 -10.000 3.900 6.450 -10.000
3 0 3.900 6.450 -10.000 3.250 6.500 -10.000 3.250 8.700 -10.000
3 0 3.250 8.700 -10.000 3.900 7.100 -10.000 3.900 6.450 -10.000
3 0 3.900 7.100 -10.000 3.250 8.700 -10.000 3.900 8.250 -10.000
3 0 3.900 8.250 -10.000 3.250 8.700 -10.000 3.900 8.950 -10.000
3 0 3.900 8.950 -10.000 3.250 8.700 -10.000 3.250 19.050 -10.000
3 0 3.250 19.050 -10.000 3.900 19.050 -10.000 3.900 8.950 -10.000
3 0 3.250 19.050 -10.000 3.300 23.950 -10.000 3.950 23.900 -10.000
3 0 3.950 23.900 -10.000 3.900 19.050 -10.000 3.250 19.050 -10.000
3 0 3.950 23.900 -10.000 3.300 23.950 -10.000 3.400 26.200 -10.000
3 0 3.400 26.200 -10.000 4.000 25.900 -10.000 3.950 23.900 -10.000
3 0 4.000 25.900 -10.000 3.400 26.200 -10.000 3.500 28.800 -10.000
3 0 3.500 28.800 -10.000 4.050 26.650 -10.000 4.000 25.900 -10.000
3 0 4.050 26.650 -10.000 3.500 28.800 -10.000 3.700 30.500 -10.000
3 0 3.700 30.500 -10.000 4.200 28.850 -10.000 4.050 26.650 -10.000
3 0 4.200 28.850 -10.000 3.700 30.500 -10.000 3.850 31.450 -10.000
3 0 3.850 31.450 -10.000 4.350 30.350 -10.000 4.200 28.850 -10.000
3 0 4.350 30.350 -10.000 3.850 31.450 -10.000 4.100 31.550 -10.000
3 0 4.100 31.550 -10.000 4.600 30.900 -10.000 4.350 30.350 -10.000
3 0 -5.487 10.363 -10.000 -5.420 10.700 -10.000 -4.982 10.700 -10.000
3 0 -4.982 10.700 -10.000 -5.082 10.196 -10.000 -5.487 10.363 -10.000
3 0 -5.420 10.700 -10.000 -5.487 11.037 -10.000 -5.082 11.204 -10.000
3 0 -5.082 11.204 -10.000 -4.982 10.700 -10.000 -5.420 10.700 -10.000
3 0 -5.487 11.037 -10.000 -5.678 11.322 -10.000 -5.368 11.632 -10.000
3 0 -5.368 11.632 -10.000 -5.082 11.204 -10.000 -5.487 11.037 -10.000
3 0 -5.678 11.322 -10.000 -5.963 11.513 -10.000 -5.796 11.918 -10.000
3 0 -5.796 11.918 -10.000 -5.368 11.632 -10.000 -5.678 11.322 -10.000
3 0 -5.963 11.513 -10.000 -6.300 11.580 -10.000 -6.300 12.018 -10.000
3 0 -6.300 12.018 -10.000 -5.796 11.918 -10.000 -5.963 11.513 -10.000
3 0 -6.300 11.580 -10.000 -6.637 11.513 -10.000 -6.804 11.918 -10.000
3 0 -6.804 11.918 -10.000 -6.300 12.018 -10.000 -6.300 11.580 -10.000
3 0 -6.637 11.513 -10.000 -6.922 11.322 -10.000 -7.232 11.632 -10.000
3 0 -7.232 11.632 -10.000 -6.804 11.918 -10.000 -6.637 11.513 -10.000
3 0 -6.922 11.322 -10.000 -7.113 11.037 -10.000 -7.518 11.204 -10.000
3 0 -7.518 11.204 -10.000 -7.232 11.632 -10.000 -6.922 11.322 -10.000
3 0 -7.113 11.037 -10.000 -7.180 10.700 -10.000 -7.618 10.700 -10.000
3 0 -7.618 10.700 -10.000 -7.518 11.204 -10.000 -7.113 11.037 -10.000
3 0 -7.180 10.700 -10.000 -7.113 10.363 -10.000 -7.518 10.196 -10.000
3 0 -7.518 10.196 -10.000 -7.618 10.700 -10.000 -7.180 10.700 -10.000
3 0 -7.113 10.363 -10.000 -6.922 10.078 -10.000 -7.232 9.768 -10.000
3 0 -7.232 9.768 -10.000 -7.518 10.196 -10.000 -7.113 10.363 -10.000
3 0 -6.922 10.078 -10.000 -6.637 9.887 -10.000 -6.804 9.482 -10.000
3 0 -6.804 9.482 -10.000 -7.232 9.768 -10.000 -6.922 10.078 -10.000
3 0 -6.637 9.887 -10.000 -6.300 9.820 -10.000 -6.300 9.382 -10.000
3 0 -6.300 9.382 -10.000 -6.804 9.482 -10.000 -6.637 9.887 -10.000
3 0 -6.300 9.820 -10.000 -5.963 9.887 -10.000 -5.796 9.482 -10.000
3 0 -5.796 9.482 -10.000 -6.300 9.382 -10.000 -6.300 9.820 -10.000
3 0 -5.963 9.887 -10.000 -5.678 10.078 -10.000 -5.368 9.768 -10.000
3 0 -5.368 9.768 -10.000 -5.796 9.482 -10.000 -5.963 9.887 -10.000
3 0 -5.678 10.078 -10.000 -5.487 10.363 -10.000 -5.082 10.196 -10.000
3 0 -5.082 10.196 -10.000 -5.368 9.768 -10.000 -5.678 10.078 -10.000
3 0 -6.155 10.555 -10.000 -6.300 10.495 -10.000 -6.155 10.845 -10.000
3 0 -6.155 10.845 -10.000 -6.095 10.700 -10.000 -6.155 10.555 -10.000
3 0 -6.155 10.845 -10.000 -6.300 10.495 -10.000 -6.445 10.845 -10.000
3 0 -6.445 10.845 -10.000 -6.300 10.905 -10.000 -6.155 10.845 -10.000
3 0 -6.445 10.845 -10.000 -6.300 10.495 -10.000 -6.445 10.555 -10.000
3 0 -6.445 10.555 -10.000 -6.505 10.700 -10.000 -6.445 10.845 -10.000
3 80 -6.300 9.820 -10.000 -6.637 9.887 -10.000 -6.445 10.555 -10.000
3 80 -6.445 10.555 -10.000 -6.300 10.495 -10.000 -6.300 9.820 -10.000
3 80 -6.637 9.887 -10.000 -6.922 10.078 -10.000 -7.113 10.363 -10.000
3 80 -7.113 10.363 -10.000 -6.445 10.555 -10.000 -6.637 9.887 -10.000
3 80 -6.445 10.555 -10.000 -7.113 10.363 -10.000 -7.180 10.700 -10.000
3 80 -7.180 10.700 -10.000 -6.505 10.700 -10.000 -6.445 10.555 -10.000
3 80 -7.180 10.700 -10.000 -7.113 11.037 -10.000 -6.445 10.845 -10.000
3 80 -6.445 10.845 -10.000 -6.505 10.700 -10.000 -7.180 10.700 -10.000
3 80 -7.113 11.037 -10.000 -6.922 11.322 -10.000 -6.637 11.513 -10.000
3 80 -6.637 11.513 -10.000 -6.445 10.845 -10.000 -7.113 11.037 -10.000
3 80 -6.445 10.845 -10.000 -6.637 11.513 -10.000 -6.300 11.580 -10.000
3 80 -6.300 11.580 -10.000 -6.300 10.905 -10.000 -6.445 10.845 -10.000
3 80 -6.300 11.580 -10.000 -5.963 11.513 -10.000 -6.155 10.845 -10.000
3 80 -6.155 10.845 -10.000 -6.300 10.905 -10.000 -6.300 11.580 -10.000
3 80 -5.963 11.513 -10.000 -5.678 11.322 -10.000 -5.487 11.037 -10.000
3 80 -5.487 11.037 -10.000 -6.155 10.845 -10.000 -5.963 11.513 -10.000
3 80 -6.155 10.845 -10.000 -5.487 11.037 -10.000 -5.420 10.700 -10.000
3 80 -5.420 10.700 -10.000 -6.095 10.700 -10.000 -6.155 10.845 -10.000
3 80 -5.420 10.700 -10.000 -5.487 10.363 -10.000 -6.155 10.555 -10.000
3 80 -6.155 10.555 -10.000 -6.095 10.700 -10.000 -5.420 10.700 -10.000
3 80 -5.487 10.363 -10.000 -5.678 10.078 -10.000 -5.963 9.887 -10.000
3 80 -5.963 9.887 -10.000 -6.155 10.555 -10.000 -5.487 10.363 -10.000
3 80 -6.155 10.555 -10.000 -5.963 9.887 -10.000 -6.300 9.820 -10.000
3 80 -6.300 9.820 -10.000 -6.300 10.495 -10.000 -6.155 10.555 -10.000
3 0 -5.787 15.963 -10.000 -5.720 16.300 -10.000 -5.282 16.300 -10.000
3 0 -5.282 16.300 -10.000 -5.382 15.796 -10.000 -5.787 15.963 -10.000
3 0 -5.720 16.300 -10.000 -5.787 16.637 -10.000 -5.382 16.804 -10.000
3 0 -5.382 16.804 -10.000 -5.282 16.300 -10.000 -5.720 16.300 -10.000
3 0 -5.787 16.637 -10.000 -5.978 16.922 -10.000 -5.668 17.232 -10.000
3 0 -5.668 17.232 -10.000 -5.382 16.804 -10.000 -5.787 16.637 -10.000
3 0 -5.978 16.922 -10.000 -6.263 17.113 -10.000 -6.096 17.518 -10.000
3 0 -6.096 17.518 -10.000 -5.668 17.232 -10.000 -5.978 16.922 -10.000
3 0 -6.263 17.113 -10.000 -6.600 17.180 -10.000 -6.600 17.618 -10.000
3 0 -6.600 17.618 -10.000 -6.096 17.518 -10.000 -6.263 17.113 -10.000
3 0 -6.600 17.180 -10.000 -6.937 17.113 -10.000 -7.104 17.518 -10.000
3 0 -7.104 17.518 -10.000 -6.600 17.618 -10.000 -6.600 17.180 -10.000
3 0 -6.937 17.113 -10.000 -7.222 16.922 -10.000 -7.532 17.232 -10.000
3 0 -7.532 17.232 -10.000 -7.104 17.518 -10.000 -6.937 17.113 -10.000
3 0 -7.222 16.922 -10.000 -7.413 16.637 -10.000 -7.818 16.804 -10.000
3 0 -7.818 16.804 -10.000 -7.532 17.232 -10.000 -7.222 16.922 -10.000
3 0 -7.413 16.637 -10.000 -7.480 16.300 -10.000 -7.918 16.300 -10.000
3 0 -7.918 16.300 -10.000 -7.818 16.804 -10.000 -7.413 16.637 -10.000
3 0 -7.480 16.300 -10.000 -7.413 15.963 -10.000 -7.818 15.796 -10.000
3 0 -7.818 15.796 -10.000 -7.918 16.300 -10.000 -7.480 16.300 -10.000
3 0 -7.413 15.963 -10.000 -7.222 15.678 -10.000 -7.532 15.368 -10.000
3 0 -7.532 15.368 -10.000 -7.818 15.796 -10.000 -7.413 15.963 -10.000
3 0 -7.222 15.678 -10.000 -6.937 15.487 -10.000 -7.104 15.082 -10.000
3 0 -7.104 15.082 -10.000 -7.532 15.368 -10.000 -7.222 15.678 -10.000
3 0 -6.937 15.487 -10.000 -6.600 15.420 -10.000 -6.600 14.982 -10.000
3 0 -6.600 14.982 -10.000 -7.104 15.082 -10.000 -6.937 15.487 -10.000
3 0 -6.600 15.420 -10.000 -6.263 15.487 -10.000 -6.096 15.082 -10.000
3 0 -6.096 15.082 -10.000 -6.600 14.982 -10.000 -6.600 15.420 -10.000
3 0 -6.263 15.487 -10.000 -5.978 15.678 -10.000 -5.668 15.368 -10.000
3 0 -5.668 15.368 -10.000 -6.096 15.082 -10.000 -6.263 15.487 -10.000
3 0 -5.978 15.678 -10.000 -5.787 15.963 -10.000 -5.382 15.796 -10.000
3 0 -5.382 15.796 -10.000 -5.668 15.368 -10.000 -5.978 15.678 -10.000
3 0 -6.455 16.155 -10.000 -6.600 16.095 -10.000 -6.455 16.445 -10.000
3 0 -6.455 16.445 -10.000 -6.395 16.300 -10.000 -6.455 16.155 -10.000
3 0 -6.455 16.445 -10.000 -6.600 16.095 -10.000 -6.745 16.445 -10.000
3 0 -6.745 16.445 -10.000 -6.600 16.505 -10.000 -6.455 16.445 -10.000
3 0 -6.745 16.445 -10.000 -6.600 16.095 -10.000 -6.745 16.155 -10.000
3 0 -6.745 16.155 -10.000 -6.805 16.300 -10.000 -6.745 16.445 -10.000
3 80 -6.600 15.420 -10.000 -6.937 15.487 -10.000 -6.745 16.155 -10.000
3 80 -6.745 16.155 -10.000 -6.600 16.095 -10.000 -6.600 15.420 -10.000
3 80 -6.937 15.487 -10.000 -7.222 15.678 -10.000 -7.413 15.963 -10.000
3 80 -7.413 15.963 -10.000 -6.745 16.155 -10.000 -6.937 15.487 -10.000
3 80 -6.745 16.155 -10.000 -7.413 15.963 -10.000 -7.480 16.300 -10.000
3 80 -7.480 16.300 -10.000 -6.805 16.300 -10.000 -6.745 16.155 -10.000
3 80 -7.480 16.300 -10.000 -7.413 16.637 -10.000 -6.745 16.445 -10.000
3 80 -6.745 16.445 -10.000 -6.805 16.300 -10.000 -7.480 16.300 -10.000
3 80 -7.413 16.637 -10.000 -7.222 16.922 -10.000 -6.937 17.113 -10.000
3 80 -6.937 17.113 -10.000 -6.745 16.445 -10.000 -7.413 16.637 -10.000
3 80 -6.745 16.445 -10.000 -6.937 17.113 -10.000 -6.600 17.180 -10.000
3 80 -6.600 17.180 -10.000 -6.600 16.505 -10.000 -6.745 16.445 -10.000
3 80 -6.600 17.180 -10.000 -6.263 17.113 -10.000 -6.455 16.445 -10.000
3 80 -6.455 16.445 -10.000 -6.600 16.505 -10.000 -6.600 17.180 -10.000
3 80 -6.263 17.113 -10.000 -5.978 16.922 -10.000 -5.787 16.637 -10.000
3 80 -5.787 16.637 -10.000 -6.455 16.445 -10.000 -6.263 17.113 -10.000
3 80 -6.455 16.445 -10.000 -5.787 16.637 -10.000 -5.720 16.300 -10.000
3 80 -5.720 16.300 -10.000 -6.395 16.300 -10.000 -6.455 16.445 -10.000
3 80 -5.720 16.300 -10.000 -5.787 15.963 -10.000 -6.455 16.155 -10.000
3 80 -6.455 16.155 -10.000 -6.395 16.300 -10.000 -5.720 16.300 -10.000
3 80 -5.787 15.963 -10.000 -5.978 15.678 -10.000 -6.263 15.487 -10.000
3 80 -6.263 15.487 -10.000 -6.455 16.155 -10.000 -5.787 15.963 -10.000
3 80 -6.455 16.155 -10.000 -6.263 15.487 -10.000 -6.600 15.420 -10.000
3 80 -6.600 15.420 -10.000 -6.600 16.095 -10.000 -6.455 16.155 -10.000
3 0 -6.137 21.963 -10.000 -6.070 22.300 -10.000 -5.632 22.300 -10.000
3 0 -5.632 22.300 -10.000 -5.732 21.796 -10.000 -6.137 21.963 -10.000
3 0 -6.070 22.300 -10.000 -6.137 22.637 -10.000 -5.732 22.804 -10.000
3 0 -5.732 22.804 -10.000 -5.632 22.300 -10.000 -6.070 22.300 -10.000
3 0 -6.137 22.637 -10.000 -6.328 22.922 -10.000 -6.018 23.232 -10.000
3 0 -6.018 23.232 -10.000 -5.732 22.804 -10.000 -6.137 22.637 -10.000
3 0 -6.328 22.922 -10.000 -6.613 23.113 -10.000 -6.446 23.518 -10.000
3 0 -6.446 23.518 -10.000 -6.018 23.232 -10.000 -6.328 22.922 -10.000
3 0 -6.613 23.113 -10.000 -6.950 23.180 -10.000 -6.950 23.618 -10.000
3 0 -6.950 23.618 -10.000 -6.446 23.518 -10.000 -6.613 23.113 -10.000
3 0 -6.950 23.180 -10.000 -7.287 23.113 -10.000 -7.454 23.518 -10.000
3 0 -7.454 23.518 -10.000 -6.950 23.618 -10.000 -6.950 23.180 -10.000
3 0 -7.287 23.113 -10.000 -7.572 22.922 -10.000 -7.882 23.232 -10.000
3 0 -7.882 23.232 -10.000 -7.454 23.518 -10.000 -7.287 23.113 -10.000
3 0 -7.572 22.922 -10.000 -7.763 22.637 -10.000 -8.168 22.804 -10.000
3 0 -8.168 22.804 -10.000 -7.882 23.232 -10.000 -7.572 22.922 -10.000
3 0 -7.763 22.637 -10.000 -7.830 22.300 -10.000 -8.268 22.300 -10.000
3 0 -8.268 22.300 -10.000 -8.168 22.804 -10.000 -7.763 22.637 -10.000
3 0 -7.830 22.300 -10.000 -7.763 21.963 -10.000 -8.168 21.796 -10.000
3 0 -8.168 21.796 -10.000 -8.268 22.300 -10.000 -7.830 22.300 -10.000
3 0 -7.763 21.963 -10.000 -7.572 21.678 -10.000 -7.882 21.368 -10.000
3 0 -7.882 21.368 -10.000 -8.168 21.796 -10.000 -7.763 21.963 -10.000
3 0 -7.572 21.678 -10.000 -7.287 21.487 -10.000 -7.454 21.082 -10.000
3 0 -7.454 21.082 -10.000 -7.882 21.368 -10.000 -7.572 21.678 -10.000
3 0 -7.287 21.487 -10.000 -6.950 21.420 -10.000 -6.950 20.982 -10.000
3 0 -6.950 20.982 -10.000 -7.454 21.082 -10.000 -7.287 21.487 -10.000
3 0 -6.950 21.420 -10.000 -6.613 21.487 -10.000 -6.446 21.082 -10.000
3 0 -6.446 21.082 -10.000 -6.950 20.982 -10.000 -6.950 21.420 -10.000
3 0 -6.613 21.487 -10.000 -6.328 21.678 -10.000 -6.018 21.368 -10.000
3 0 -6.018 21.368 -10.000 -6.446 21.082 -10.000 -6.613 21.487 -10.000
3 0 -6.328 21.678 -10.000 -6.137 21.963 -10.000 -5.732 21.796 -10.000
3 0 -5.732 21.796 -10.000 -6.018 21.368 -10.000 -6.328 21.678 -10.000
3 0 -6.805 22.155 -10.000 -6.950 22.095 -10.000 -6.805 22.445 -10.000
3 0 -6.805 22.445 -10.000 -6.745 22.300 -10.000 -6.805 22.155 -10.000
3 0 -6.805 22.445 -10.000 -6.950 22.095 -10.000 -7.095 22.445 -10.000
3 0 -7.095 22.445 -10.000 -6.950 22.505 -10.000 -6.805 22.445 -10.000
3 0 -7.095 22.445 -10.000 -6.950 22.095 -10.000 -7.095 22.155 -10.000
3 0 -7.095 22.155 -10.000 -7.155 22.300 -10.000 -7.095 22.445 -10.000
3 80 -6.950 21.420 -10.000 -7.287 21.487 -10.000 -7.095 22.155 -10.000
3 80 -7.095 22.155 -10.000 -6.950 22.095 -10.000 -6.950 21.420 -10.000
3 80 -7.287 21.487 -10.000 -7.572 21.678 -10.000 -7.763 21.963 -10.000
3 80 -7.763 21.963 -10.000 -7.095 22.155 -10.000 -7.287 21.487 -10.000
3 80 -7.095 22.155 -10.000 -7.763 21.963 -10.000 -7.830 22.300 -10.000
3 80 -7.830 22.300 -10.000 -7.155 22.300 -10.000 -7.095 22.155 -10.000
3 80 -7.830 22.300 -10.000 -7.763 22.637 -10.000 -7.095 22.445 -10.000
3 80 -7.095 22.445 -10.000 -7.155 22.300 -10.000 -7.830 22.300 -10.000
3 80 -7.763 22.637 -10.000 -7.572 22.922 -10.000 -7.287 23.113 -10.000
3 80 -7.287 23.113 -10.000 -7.095 22.445 -10.000 -7.763 22.637 -10.000
3 80 -7.095 22.445 -10.000 -7.287 23.113 -10.000 -6.950 23.180 -10.000
3 80 -6.950 23.180 -10.000 -6.950 22.505 -10.000 -7.095 22.445 -10.000
3 80 -6.950 23.180 -10.000 -6.613 23.113 -10.000 -6.805 22.445 -10.000
3 80 -6.805 22.445 -10.000 -6.950 22.505 -10.000 -6.950 23.180 -10.000
3 80 -6.613 23.113 -10.000 -6.328 22.922 -10.000 -6.137 22.637 -10.000
3 80 -6.137 22.637 -10.000 -6.805 22.445 -10.000 -6.613 23.113 -10.000
3 80 -6.805 22.445 -10.000 -6.137 22.637 -10.000 -6.070 22.300 -10.000
3 80 -6.070 22.300 -10.000 -6.745 22.300 -10.000 -6.805 22.445 -10.000
3 80 -6.070 22.300 -10.000 -6.137 21.963 -10.000 -6.805 22.155 -10.000
3 80 -6.805 22.155 -10.000 -6.745 22.300 -10.000 -6.070 22.300 -10.000
3 80 -6.137 21.963 -10.000 -6.328 21.678 -10.000 -6.613 21.487 -10.000
3 80 -6.613 21.487 -10.000 -6.805 22.155 -10.000 -6.137 21.963 -10.000
3 80 -6.805 22.155 -10.000 -6.613 21.487 -10.000 -6.950 21.420 -10.000
3 80 -6.950 21.420 -10.000 -6.950 22.095 -10.000 -6.805 22.155 -10.000
3 0 -7.037 28.163 -10.000 -6.970 28.500 -10.000 -6.532 28.500 -10.000
3 0 -6.532 28.500 -10.000 -6.632 27.996 -10.000 -7.037 28.163 -10.000
3 0 -6.970 28.500 -10.000 -7.037 28.837 -10.000 -6.632 29.004 -10.000
3 0 -6.632 29.004 -10.000 -6.532 28.500 -10.000 -6.970 28.500 -10.000
3 0 -7.037 28.837 -10.000 -7.228 29.122 -10.000 -6.918 29.432 -10.000
3 0 -6.918 29.432 -10.000 -6.632 29.004 -10.000 -7.037 28.837 -10.000
3 0 -7.228 29.122 -10.000 -7.513 29.313 -10.000 -7.346 29.718 -10.000
3 0 -7.346 29.718 -10.000 -6.918 29.432 -10.000 -7.228 29.122 -10.000
3 0 -7.513 29.313 -10.000 -7.850 29.380 -10.000 -7.850 29.818 -10.000
3 0 -7.850 29.818 -10.000 -7.346 29.718 -10.000 -7.513 29.313 -10.000
3 0 -7.850 29.380 -10.000 -8.187 29.313 -10.000 -8.354 29.718 -10.000
3 0 -8.354 29.718 -10.000 -7.850 29.818 -10.000 -7.850 29.380 -10.000
3 0 -8.187 29.313 -10.000 -8.472 29.122 -10.000 -8.782 29.432 -10.000
3 0 -8.782 29.432 -10.000 -8.354 29.718 -10.000 -8.187 29.313 -10.000
3 0 -8.472 29.122 -10.000 -8.663 28.837 -10.000 -9.068 29.004 -10.000
3 0 -9.068 29.004 -10.000 -8.782 29.432 -10.000 -8.472 29.122 -10.000
3 0 -8.663 28.837 -10.000 -8.730 28.500 -10.000 -9.168 28.500 -10.000
3 0 -9.168 28.500 -10.000 -9.068 29.004 -10.000 -8.663 28.837 -10.000
3 0 -8.730 28.500 -10.000 -8.663 28.163 -10.000 -9.068 27.996 -10.000
3 0 -9.068 27.996 -10.000 -9.168 28.500 -10.000 -8.730 28.500 -10.000
3 0 -8.663 28.163 -10.000 -8.472 27.878 -10.000 -8.782 27.568 -10.000
3 0 -8.782 27.568 -10.000 -9.068 27.996 -10.000 -8.663 28.163 -10.000
3 0 -8.472 27.878 -10.000 -8.187 27.687 -10.000 -8.354 27.282 -10.000
3 0 -8.354 27.282 -10.000 -8.782 27.568 -10.000 -8.472 27.878 -10.000
3 0 -8.187 27.687 -10.000 -7.850 27.620 -10.000 -7.850 27.182 -10.000
3 0 -7.850 27.182 -10.000 -8.354 27.282 -10.000 -8.187 27.687 -10.000
3 0 -7.850 27.620 -10.000 -7.513 27.687 -10.000 -7.346 27.282 -10.000
3 0 -7.346 27.282 -10.000 -7.850 27.182 -10.000 -7.850 27.620 -10.000
3 0 -7.513 27.687 -10.000 -7.228 27.878 -10.000 -6.918 27.568 -10.000
3 0 -6.918 27.568 -10.000 -7.346 27.282 -10.000 -7.513 27.687 -10.000
3 0 -7.228 27.878 -10.000 -7.037 28.163 -10.000 -6.632 27.996 -10.000
3 0 -6.632 27.996 -10.000 -6.918 27.568 -10.000 -7.228 27.878 -10.000
3 0 -7.705 28.355 -10.000 -7.850 28.295 -10.000 -7.705 28.645 -10.000
3 0 -7.705 28.645 -10.000 -7.645 28.500 -10.000 -7.705 28.355 -10.000
3 0 -7.705 28.645 -10.000 -7.850 28.295 -10.000 -7.995 28.645 -10.000
3 0 -7.995 28.645 -10.000 -7.850 28.705 -10.000 -7.705 28.645 -10.000
3 0 -7.995 28.645 -10.000 -7.850 28.295 -10.000 -7.995 28.355 -10.000
3 0 -7.995 28.355 -10.000 -8.055 28.500 -10.000 -7.995 28.645 -10.000
3 80 -7.850 27.620 -10.000 -8.187 27.687 -10.000 -7.995 28.355 -10.000
3 80 -7.995 28.355 -10.000 -7.850 28.295 -10.000 -7.850 27.620 -10.000
3 80 -8.187 27.687 -10.000 -8.472 27.878 -10.000 -8.663 28.163 -10.000
3 80 -8.663 28.163 -10.000 -7.995 28.355 -10.000 -8.187 27.687 -10.000
3 80 -7.995 28.355 -10.000 -8.663 28.163 -10.000 -8.730 28.500 -10.000
3 80 -8.730 28.500 -10.000 -8.055 28.500 -10.000 -7.995 28.355 -10.000
3 80 -8.730 28.500 -10.000 -8.663 28.837 -10.000 -7.995 28.645 -10.000
3 80 -7.995 28.645 -10.000 -8.055 28.500 -10.000 -8.730 28.500 -10.000
3 80 -8.663 28.837 -10.000 -8.472 29.122 -10.000 -8.187 29.313 -10.000
3 80 -8.187 29.313 -10.000 -7.995 28.645 -10.000 -8.663 28.837 -10.000
3 80 -7.995 28.645 -10.000 -8.187 29.313 -10.000 -7.850 29.380 -10.000
3 80 -7.850 29.380 -10.000 -7.850 28.705 -10.000 -7.995 28.645 -10.000
3 80 -7.850 29.380 -10.000 -7.513 29.313 -10.000 -7.705 28.645 -10.000
3 80 -7.705 28.645 -10.000 -7.850 28.705 -10.000 -7.850 29.380 -10.000
3 80 -7.513 29.313 -10.000 -7.228 29.122 -10.000 -7.037 28.837 -10.000
3 80 -7.037 28.837 -10.000 -7.705 28.645 -10.000 -7.513 29.313 -10.000
3 80 -7.705 28.645 -10.000 -7.037 28.837 -10.000 -6.970 28.500 -10.000
3 80 -6.970 28.500 -10.000 -7.645 28.500 -10.000 -7.705 28.645 -10.000
3 80 -6.970 28.500 -10.000 -7.037 28.163 -10.000 -7.705 28.355 -10.000
3 80 -7.705 28.355 -10.000 -7.645 28.500 -10.000 -6.970 28.500 -10.000
3 80 -7.037 28.163 -10.000 -7.228 27.878 -10.000 -7.513 27.687 -10.000
3 80 -7.513 27.687 -10.000 -7.705 28.355 -10.000 -7.037 28.163 -10.000
3 80 -7.705 28.355 -10.000 -7.513 27.687 -10.000 -7.850 27.620 -10.000
3 80 -7.850 27.620 -10.000 -7.850 28.295 -10.000 -7.705 28.355 -10.000
3 15 -12.250 15.550 -10.000 -13.050 17.150 -10.000 -12.050 18.050 -10.000
3 15 -12.050 18.050 -10.000 -11.250 16.250 -10.000 -12.250 15.550 -10.000
3 15 -13.050 17.150 -10.000 -14.000 18.950 -10.000 -13.050 19.950 -10.000
3 15 -13.050 19.950 -10.000 -12.050 18.050 -10.000 -13.050 17.150 -10.000
3 15 -14.000 18.950 -10.000 -15.000 20.750 -10.000 -14.150 21.550 -10.000
3 15 -14.150 21.550 -10.000 -13.050 19.950 -10.000 -14.000 18.950 -10.000
3 15 -15.000 20.750 -10.000 -15.850 21.900 -10.000 -15.000 22.650 -10.000
3 15 -15.000 22.650 -10.000 -14.150 21.550 -10.000 -15.000 20.750 -10.000
3 15 -15.000 22.650 -10.000 -15.850 21.900 -10.000 -16.250 22.350 -10.000
3 15 -16.250 22.350 -10.000 -15.400 23.100 -10.000 -15.000 22.650 -10.000
3 0 -13.050 17.150 -10.000 -13.450 16.850 -10.000 -14.400 18.650 -10.000
3 0 -14.400 18.650 -10.000 -14.000 18.950 -10.000 -13.050 17.150 -10.000
3 0 -14.000 18.950 -10.000 -14.400 18.650 -10.000 -15.400 20.450 -10.000
3 0 -15.400 20.450 -10.000 -15.000 20.750 -10.000 -14.000 18.950 -10.000
3 0 -15.000 20.750 -10.000 -15.400 20.450 -10.000 -16.250 21.600 -10.000
3 0 -16.250 21.600 -10.000 -15.850 21.900 -10.000 -15.000 20.750 -10.000
3 0 -15.850 21.900 -10.000 -16.250 21.600 -10.000 -16.900 22.400 -10.000
3 0 -16.900 22.400 -10.000 -16.250 22.350 -10.000 -15.850 21.900 -10.000
3 0 -11.550 18.300 -10.000 -12.050 18.050 -10.000 -13.050 19.950 -10.000
3 0 -13.050 19.950 -10.000 -12.550 20.200 -10.000 -11.550 18.300 -10.000
3 0 -12.550 20.200 -10.000 -13.050 19.950 -10.000 -14.150 21.550 -10.000
3 0 -14.150 21.550 -10.000 -13.650 21.800 -10.000 -12.550 20.200 -10.000
3 0 -13.650 21.800 -10.000 -14.150 21.550 -10.000 -15.000 22.650 -10.000
3 0 -15.000 22.650 -10.000 -14.500 22.900 -10.000 -13.650 21.800 -10.000
3 0 -14.500 22.900 -10.000 -15.000 22.650 -10.000 -15.400 23.100 -10.000
3 0 -15.400 23.100 -10.000 -15.300 23.900 -10.000 -14.500 22.900 -10.000
3 0 -15.400 23.100 -10.000 -16.250 22.350 -10.000 -16.900 22.400 -10.000
3 0 -16.900 22.400 -10.000 -15.300 23.900 -10.000 -15.400 23.100 -10.000
3 0 -12.250 15.550 -10.000 -12.500 14.850 -10.000 -13.450 16.850 -10.000
3 0 -13.450 16.850 -10.000 -13.050 17.150 -10.000 -12.250 15.550 -10.000
3 0 -12.250 15.550 -10.000 -11.250 16.250 -10.000 -10.550 16.050 -10.000
3 0 -10.550 16.050 -10.000 -12.500 14.850 -10.000 -12.250 15.550 -10.000
3 0 -10.550 16.050 -10.000 -11.250 16.250 -10.000 -12.050 18.050 -10.000
3 0 -12.050 18.050 -10.000 -11.550 18.300 -10.000 -10.550 16.050 -10.000
3 0 -18.100 29.550 -10.000 -18.150 30.250 -10.000 -13.300 30.900 -10.000
3 0 -13.300 30.900 -10.000 -13.200 30.250 -10.000 -18.100 29.550 -10.000
3 0 -13.200 30.250 -10.000 -13.300 30.900 -10.000 -8.000 31.350 -10.000
3 0 -8.000 31.350 -10.000 -7.950 30.700 -10.000 -13.200 30.250 -10.000
3 0 -7.950 30.700 -10.000 -8.000 31.350 -10.000 -5.000 31.550 -10.000
3 0 -5.000 31.550 -10.000 -5.500 30.900 -10.000 -7.950 30.700 -10.000
3 15 -13.300 30.900 -10.000 -18.150 31.350 -10.000 -8.000 31.350 -10.000
3 15 -18.150 30.250 -10.000 -18.150 31.350 -10.000 -13.300 30.900 -10.000
3 15 -10.850 29.400 -10.000 -10.750 28.500 -10.000 -17.850 27.800 -10.000
3 15 -17.850 27.800 -10.000 -18.000 28.700 -10.000 -10.850 29.400 -10.000
3 15 -10.650 27.650 -10.000 -10.550 26.850 -10.000 -17.650 26.200 -10.000
3 15 -17.650 26.200 -10.000 -17.750 27.050 -10.000 -10.650 27.650 -10.000
3 320 -17.600 25.800 -10.000 -12.250 26.300 -10.000 -12.150 25.500 -10.000
3 320 -12.150 25.500 -10.000 -17.500 25.000 -10.000 -17.600 25.800 -10.000
3 320 -12.250 26.300 -10.000 -7.650 26.500 -10.000 -7.650 25.750 -10.000
3 320 -7.650 25.750 -10.000 -12.150 25.500 -10.000 -12.250 26.300 -10.000
3 320 -7.650 26.500 -10.000 -4.800 26.650 -10.000 -4.750 25.900 -10.000
3 320 -4.750 25.900 -10.000 -7.650 25.750 -10.000 -7.650 26.500 -10.000
3 320 -3.900 8.950 -10.000 -3.900 8.250 -10.000 -5.300 7.750 -10.000
3 320 -5.300 7.750 -10.000 -5.550 8.400 -10.000 -3.900 8.950 -10.000
3 320 -5.300 7.750 -10.000 -7.000 7.050 -10.000 -7.250 7.700 -10.000
3 320 -7.250 7.700 -10.000 -5.550 8.400 -10.000 -5.300 7.750 -10.000
3 320 -7.000 7.050 -10.000 -8.450 6.200 -10.000 -8.800 6.800 -10.000
3 320 -8.800 6.800 -10.000 -7.250 7.700 -10.000 -7.000 7.050 -10.000
3 320 -8.450 6.200 -10.000 -10.050 5.050 -10.000 -10.450 5.700 -10.000
3 320 -10.450 5.700 -10.000 -8.800 6.800 -10.000 -8.450 6.200 -10.000
3 320 -10.050 5.050 -10.000 -11.400 3.750 -10.000 -12.100 4.150 -10.000
3 320 -12.100 4.150 -10.000 -10.450 5.700 -10.000 -10.050 5.050 -10.000
3 320 -11.400 3.750 -10.000 -12.250 2.700 -10.000 -13.000 2.900 -10.000
3 320 -13.000 2.900 -10.000 -12.100 4.150 -10.000 -11.400 3.750 -10.000
3 320 -12.250 2.700 -10.000 -12.900 1.650 -10.000 -13.450 2.050 -10.000
3 320 -13.450 2.050 -10.000 -13.000 2.900 -10.000 -12.250 2.700 -10.000
3 15 -3.900 7.100 -10.000 -3.900 6.450 -10.000 -5.150 6.000 -10.000
3 15 -5.150 6.000 -10.000 -5.350 6.700 -10.000 -3.900 7.100 -10.000
3 15 -5.350 6.700 -10.000 -5.150 6.000 -10.000 -6.450 5.400 -10.000
3 15 -6.450 5.400 -10.000 -6.850 6.100 -10.000 -5.350 6.700 -10.000
3 15 -6.850 6.100 -10.000 -6.450 5.400 -10.000 -7.750 4.600 -10.000
3 15 -7.750 4.600 -10.000 -8.200 5.300 -10.000 -6.850 6.100 -10.000
3 15 -8.200 5.300 -10.000 -7.750 4.600 -10.000 -9.100 3.550 -10.000
3 15 -9.100 3.550 -10.000 -9.750 4.150 -10.000 -8.200 5.300 -10.000
3 15 -9.750 4.150 -10.000 -9.100 3.550 -10.000 -10.150 2.400 -10.000
3 15 -10.150 2.400 -10.000 -10.850 2.950 -10.000 -9.750 4.150 -10.000
3 15 -10.850 2.950 -10.000 -10.150 2.400 -10.000 -10.850 1.450 -10.000
3 15 -10.850 1.450 -10.000 -11.600 1.850 -10.000 -10.850 2.950 -10.000
3 15 -11.600 1.850 -10.000 -10.850 1.450 -10.000 -11.250 0.500 -10.000
3 15 -11.250 0.500 -10.000 -12.050 1.000 -10.000 -11.600 1.850 -10.000
3 15 -11.250 0.500 -10.000 -12.100 0.550 -10.000 -12.050 1.000 -10.000
3 15 -10.450 0.500 -10.000 -10.050 1.300 -10.000 -9.050 1.250 -10.000
3 15 -9.050 1.250 -10.000 -9.600 0.500 -10.000 -10.450 0.500 -10.000
3 15 -10.050 1.300 -10.000 -9.000 2.550 -10.000 -8.250 2.150 -10.000
3 15 -8.250 2.150 -10.000 -9.050 1.250 -10.000 -10.050 1.300 -10.000
3 15 -9.000 2.550 -10.000 -7.550 3.850 -10.000 -6.950 3.150 -10.000
3 15 -6.950 3.150 -10.000 -8.250 2.150 -10.000 -9.000 2.550 -10.000
3 15 -7.550 3.850 -10.000 -5.950 4.800 -10.000 -5.600 4.000 -10.000
3 15 -5.600 4.000 -10.000 -6.950 3.150 -10.000 -7.550 3.850 -10.000
3 15 -5.950 4.800 -10.000 -4.750 5.300 -10.000 -4.600 4.500 -10.000
3 15 -4.600 4.500 -10.000 -5.600 4.000 -10.000 -5.950 4.800 -10.000
3 15 -4.600 4.500 -10.000 -4.750 5.300 -10.000 -3.900 5.500 -10.000
3 15 -3.900 5.500 -10.000 -3.900 4.750 -10.000 -4.600 4.500 -10.000
3 0 -8.750 0.450 -10.000 -8.400 1.050 -10.000 -7.700 1.100 -10.000
3 0 -7.700 1.100 -10.000 -8.300 0.450 -10.000 -8.750 0.450 -10.000
3 0 -8.400 1.050 -10.000 -7.600 1.850 -10.000 -6.550 1.950 -10.000
3 0 -6.550 1.950 -10.000 -7.700 1.100 -10.000 -8.400 1.050 -10.000
3 0 -7.600 1.850 -10.000 -6.850 2.400 -10.000 -5.700 2.550 -10.000
3 0 -5.700 2.550 -10.000 -6.550 1.950 -10.000 -7.600 1.850 -10.000
3 0 -6.850 2.400 -10.000 -5.850 3.050 -10.000 -4.000 3.550 -10.000
3 0 -4.000 3.550 -10.000 -5.700 2.550 -10.000 -6.850 2.400 -10.000
3 0 -5.850 3.050 -10.000 -4.200 4.050 -10.000 -3.550 4.000 -10.000
3 0 -3.550 4.000 -10.000 -4.000 3.550 -10.000 -5.850 3.050 -10.000
3 0 -4.200 4.050 -10.000 -3.950 4.400 -10.000 -3.350 4.700 -10.000
3 0 -3.350 4.700 -10.000 -3.550 4.000 -10.000 -4.200 4.050 -10.000
3 0 -3.950 4.400 -10.000 -3.900 4.750 -10.000 -3.350 4.700 -10.000
3 0 -3.900 4.750 -10.000 -3.900 5.500 -10.000 -3.250 6.500 -10.000
3 0 -3.250 6.500 -10.000 -3.350 4.700 -10.000 -3.900 4.750 -10.000
3 0 -3.900 5.500 -10.000 -3.900 6.450 -10.000 -3.250 6.500 -10.000
3 0 -3.900 6.450 -10.000 -3.900 7.100 -10.000 -3.250 8.700 -10.000
3 0 -3.250 8.700 -10.000 -3.250 6.500 -10.000 -3.900 6.450 -10.000
3 0 -3.900 7.100 -10.000 -3.900 8.250 -10.000 -3.250 8.700 -10.000
3 0 -3.900 8.250 -10.000 -3.900 8.950 -10.000 -3.250 8.700 -10.000
3 0 -3.900 8.950 -10.000 -4.250 19.050 -10.000 -3.600 19.050 -10.000
3 0 -3.600 19.050 -10.000 -3.250 8.700 -10.000 -3.900 8.950 -10.000
3 0 -3.600 19.050 -10.000 -4.250 19.050 -10.000 -4.600 23.850 -10.000
3 0 -4.600 23.850 -10.000 -3.950 23.900 -10.000 -3.600 19.050 -10.000
3 0 -4.600 23.850 -10.000 -4.750 25.900 -10.000 -4.150 26.200 -10.000
3 0 -4.150 26.200 -10.000 -3.950 23.900 -10.000 -4.600 23.850 -10.000
3 0 -4.750 25.900 -10.000 -4.800 26.650 -10.000 -4.350 28.800 -10.000
3 0 -4.350 28.800 -10.000 -4.150 26.200 -10.000 -4.750 25.900 -10.000
3 0 -4.800 26.650 -10.000 -5.050 28.850 -10.000 -4.600 30.500 -10.000
3 0 -4.600 30.500 -10.000 -4.350 28.800 -10.000 -4.800 26.650 -10.000
3 0 -5.050 28.850 -10.000 -5.250 30.350 -10.000 -4.750 31.450 -10.000
3 0 -4.750 31.450 -10.000 -4.600 30.500 -10.000 -5.050 28.850 -10.000
3 0 -5.250 30.350 -10.000 -5.500 30.900 -10.000 -5.000 31.550 -10.000
3 0 -5.000 31.550 -10.000 -4.750 31.450 -10.000 -5.250 30.350 -10.000
3 15 -8.300 0.450 -10.000 -7.700 1.100 -10.000 7.700 1.100 -10.000
3 15 7.700 1.100 -10.000 8.300 0.450 -10.000 -8.300 0.450 -10.000
3 15 -7.700 1.100 -10.000 -6.550 1.950 -10.000 6.550 1.950 -10.000
3 15 6.550 1.950 -10.000 7.700 1.100 -10.000 -7.700 1.100 -10.000
3 15 -6.550 1.950 -10.000 -5.700 2.550 -10.000 5.700 2.550 -10.000
3 15 5.700 2.550 -10.000 6.550 1.950 -10.000 -6.550 1.950 -10.000
3 15 -5.700 2.550 -10.000 -4.000 3.550 -10.000 4.000 3.550 -10.000
3 15 4.000 3.550 -10.000 5.700 2.550 -10.000 -5.700 2.550 -10.000
3 15 -4.000 3.550 -10.000 -3.550 4.000 -10.000 3.550 4.000 -10.000
3 15 3.550 4.000 -10.000 4.000 3.550 -10.000 -4.000 3.550 -10.000
3 15 -3.550 4.000 -10.000 -3.350 4.700 -10.000 3.350 4.700 -10.000
3 15 3.350 4.700 -10.000 3.550 4.000 -10.000 -3.550 4.000 -10.000
3 15 -3.350 4.700 -10.000 -3.250 6.500 -10.000 3.250 6.500 -10.000
3 15 3.250 6.500 -10.000 3.350 4.700 -10.000 -3.350 4.700 -10.000
3 15 -3.250 6.500 -10.000 -3.250 8.700 -10.000 3.250 8.700 -10.000
3 15 3.250 8.700 -10.000 3.250 6.500 -10.000 -3.250 6.500 -10.000
3 15 -3.250 8.700 -10.000 -3.600 19.050 -10.000 3.250 19.050 -10.000
3 15 3.250 19.050 -10.000 3.250 8.700 -10.000 -3.250 8.700 -10.000
3 15 -3.600 19.050 -10.000 -3.950 23.900 -10.000 3.300 23.950 -10.000
3 15 3.300 23.950 -10.000 3.250 19.050 -10.000 -3.600 19.050 -10.000
3 15 -3.950 23.900 -10.000 -4.150 26.200 -10.000 3.400 26.200 -10.000
3 15 3.400 26.200 -10.000 3.300 23.950 -10.000 -3.950 23.900 -10.000
3 15 -4.150 26.200 -10.000 -4.350 28.800 -10.000 3.500 28.800 -10.000
3 15 3.500 28.800 -10.000 3.400 26.200 -10.000 -4.150 26.200 -10.000
3 15 -4.350 28.800 -10.000 -4.600 30.500 -10.000 3.700 30.500 -10.000
3 15 3.700 30.500 -10.000 3.500 28.800 -10.000 -4.350 28.800 -10.000
3 15 -4.600 30.500 -10.000 -4.750 31.450 -10.000 3.850 31.450 -10.000
3 15 3.850 31.450 -10.000 3.700 30.500 -10.000 -4.600 30.500 -10.000
3 15 3.850 31.450 -10.000 -4.750 31.450 -10.000 -5.000 31.550 -10.000
3 15 -5.000 31.550 -10.000 4.100 31.550 -10.000 3.850 31.450 -10.000
3 15 0.000 28.400 10.000 -4.400 28.350 10.000 -4.400 27.650 10.000
3 15 -4.400 27.650 10.000 0.000 27.700 10.000 0.000 28.400 10.000
3 15 -4.400 28.350 10.000 -8.550 28.200 10.000 -8.550 27.500 10.000
3 15 -8.550 27.500 10.000 -4.400 27.650 10.000 -4.400 28.350 10.000
3 15 -8.550 28.200 10.000 -12.450 28.000 10.000 -12.450 27.300 10.000
3 15 -12.450 27.300 10.000 -8.550 27.500 10.000 -8.550 28.200 10.000
3 15 -12.450 28.000 10.000 -17.900 27.450 10.000 -17.900 26.750 10.000
3 15 -17.900 26.750 10.000 -12.450 27.300 10.000 -12.450 28.000 10.000
3 15 0.000 29.800 10.000 -4.400 29.750 10.000 -4.400 29.050 10.000
3 15 -4.400 29.050 10.000 0.000 29.100 10.000 0.000 29.800 10.000
3 15 -4.400 29.750 10.000 -8.550 29.600 10.000 -8.550 28.900 10.000
3 15 -8.550 28.900 10.000 -4.400 29.050 10.000 -4.400 29.750 10.000
3 15 -8.550 29.600 10.000 -12.450 29.400 10.000 -12.450 28.700 10.000
3 15 -12.450 28.700 10.000 -8.550 28.900 10.000 -8.550 29.600 10.000
3 15 -12.450 29.400 10.000 -18.200 28.800 10.000 -18.200 28.100 10.000
3 15 -18.200 28.100 10.000 -12.450 28.700 10.000 -12.450 29.400 10.000
3 0 0.000 30.700 10.000 -4.400 31.150 10.000 -8.550 31.000 10.000
3 0 -8.550 31.000 10.000 -4.400 30.650 10.000 0.000 30.700 10.000
3 0 -4.400 30.650 10.000 -8.550 31.000 10.000 -12.450 30.800 10.000
3 0 -12.450 30.800 10.000 -8.550 30.500 10.000 -4.400 30.650 10.000
3 0 -8.550 30.500 10.000 -12.450 30.800 10.000 -18.500 30.150 10.000
3 0 -18.500 30.150 10.000 -12.450 30.300 10.000 -8.550 30.500 10.000
3 0 -18.500 29.650 10.000 -12.450 30.300 10.000 -18.500 30.150 10.000
3 0 0.000 30.700 10.000 -1.150 31.187 10.000 -4.400 31.150 10.000
3 0 -1.150 31.187 10.000 0.000 30.700 10.000 1.150 31.187 10.000
3 0 1.150 31.187 10.000 0.000 31.200 10.000 -1.150 31.187 10.000
3 15 -4.400 31.150 10.000 -1.150 31.187 10.000 -1.900 31.550 10.000
3 15 -4.400 31.150 10.000 -1.900 31.550 10.000 -18.500 31.550 10.000
3 15 -18.500 31.550 10.000 -8.550 31.000 10.000 -4.400 31.150 10.000
3 15 -12.450 30.800 10.000 -8.550 31.000 10.000 -18.500 31.550 10.000
3 15 -18.500 30.150 10.000 -12.450 30.800 10.000 -18.500 31.550 10.000
3 320 0.000 27.150 10.000 -4.400 27.100 10.000 -4.400 26.400 10.000
3 320 -4.400 26.400 10.000 0.000 26.450 10.000 0.000 27.150 10.000
3 320 -4.400 27.100 10.000 -8.550 26.950 10.000 -8.550 26.000 10.000
3 320 -8.550 26.000 10.000 -4.400 26.400 10.000 -4.400 27.100 10.000
3 320 -8.550 26.950 10.000 -12.450 26.750 10.000 -12.450 26.050 10.000
3 320 -12.450 26.050 10.000 -8.550 26.000 10.000 -8.550 26.950 10.000
3 320 -17.900 25.500 10.000 -12.450 26.050 10.000 -12.450 26.750 10.000
3 320 -12.450 26.750 10.000 -18.200 26.150 10.000 -17.900 25.500 10.000
3 320 -11.350 25.850 10.000 -8.550 26.000 10.000 -12.450 26.050 10.000
3 320 -8.550 26.000 10.000 -11.350 25.850 10.000 -12.200 25.200 10.000
3 320 -12.200 25.200 10.000 -10.550 25.200 10.000 -8.550 26.000 10.000
3 320 -10.550 25.200 10.000 -12.200 25.200 10.000 -12.400 24.450 10.000
3 320 -12.400 24.450 10.000 -11.650 24.650 10.000 -10.550 25.200 10.000
3 320 -12.250 24.250 10.000 -11.650 24.650 10.000 -12.400 24.450 10.000
3 15 0.000 28.400 10.000 0.000 27.700 10.000 4.400 27.650 10.000
3 15 4.400 27.650 10.000 4.400 28.350 10.000 0.000 28.400 10.000
3 15 4.400 28.350 10.000 4.400 27.650 10.000 8.550 27.500 10.000
3 15 8.550 27.500 10.000 8.550 28.200 10.000 4.400 28.350 10.000
3 15 8.550 28.200 10.000 8.550 27.500 10.000 12.450 27.300 10.000
3 15 12.450 27.300 10.000 12.450 28.000 10.000 8.550 28.200 10.000
3 15 12.450 28.000 10.000 12.450 27.300 10.000 17.900 26.750 10.000
3 15 17.900 26.750 10.000 17.900 27.450 10.000 12.450 28.000 10.000
3 15 0.000 29.800 10.000 0.000 29.100 10.000 4.400 29.050 10.000
3 15 4.400 29.050 10.000 4.400 29.750 10.000 0.000 29.800 10.000
3 15 4.400 29.750 10.000 4.400 29.050 10.000 8.550 28.900 10.000
3 15 8.550 28.900 10.000 8.550 29.600 10.000 4.400 29.750 10.000
3 15 8.550 29.600 10.000 8.550 28.900 10.000 12.450 28.700 10.000
3 15 12.450 28.700 10.000 12.450 29.400 10.000 8.550 29.600 10.000
3 15 12.450 29.400 10.000 12.450 28.700 10.000 18.200 28.100 10.000
3 15 18.200 28.100 10.000 18.200 28.800 10.000 12.450 29.400 10.000
3 0 0.000 30.700 10.000 4.400 30.650 10.000 8.550 31.000 10.000
3 0 8.550 31.000 10.000 4.400 31.150 10.000 0.000 30.700 10.000
3 0 4.400 30.650 10.000 8.550 30.500 10.000 12.450 30.800 10.000
3 0 12.450 30.800 10.000 8.550 31.000 10.000 4.400 30.650 10.000
3 0 8.550 30.500 10.000 12.450 30.300 10.000 18.500 30.150 10.000
3 0 18.500 30.150 10.000 12.450 30.800 10.000 8.550 30.500 10.000
3 0 18.500 29.650 10.000 18.500 30.150 10.000 12.450 30.300 10.000
3 0 0.000 30.700 10.000 4.400 31.150 10.000 1.150 31.187 10.000
3 15 4.400 31.150 10.000 1.900 31.550 10.000 1.150 31.187 10.000
3 15 4.400 31.150 10.000 8.550 31.000 10.000 18.500 31.550 10.000
3 15 18.500 31.550 10.000 1.900 31.550 10.000 4.400 31.150 10.000
3 15 12.450 30.800 10.000 18.500 31.550 10.000 8.550 31.000 10.000
3 15 18.500 30.150 10.000 18.500 31.550 10.000 12.450 30.800 10.000
3 320 0.000 27.150 10.000 0.000 26.450 10.000 4.400 26.400 10.000
3 320 4.400 26.400 10.000 4.400 27.100 10.000 0.000 27.150 10.000
3 320 4.400 27.100 10.000 4.400 26.400 10.000 8.550 26.000 10.000
3 320 8.550 26.000 10.000 8.550 26.950 10.000 4.400 27.100 10.000
3 320 8.550 26.950 10.000 8.550 26.000 10.000 12.450 26.050 10.000
3 320 12.450 26.050 10.000 12.450 26.750 10.000 8.550 26.950 10.000
3 320 17.900 25.500 10.000 18.200 26.150 10.000 12.450 26.750 10.000
3 320 12.450 26.750 10.000 12.450 26.050 10.000 17.900 25.500 10.000
3 320 11.700 25.850 10.000 12.450 26.050 10.000 8.550 26.000 10.000
3 320 8.550 26.000 10.000 10.900 25.200 10.000 12.750 25.050 10.000
3 320 12.750 25.050 10.000 11.700 25.850 10.000 8.550 26.000 10.000
3 320 10.900 25.200 10.000 12.200 24.500 10.000 13.250 24.000 10.000
3 320 13.250 24.000 10.000 12.750 25.050 10.000 10.900 25.200 10.000
3 320 13.100 23.800 10.000 13.250 24.000 10.000 12.200 24.500 10.000
3 320 0.000 3.250 10.000 0.000 2.150 10.000 2.750 2.050 10.000
3 320 2.750 2.050 10.000 2.800 3.050 10.000 0.000 3.250 10.000
3 320 2.800 3.050 10.000 2.750 2.050 10.000 5.800 1.800 10.000
3 320 5.800 1.800 10.000 5.900 2.450 10.000 2.800 3.050 10.000
3 320 5.900 2.450 10.000 5.800 1.800 10.000 8.000 1.500 10.000
3 320 8.000 1.500 10.000 8.050 1.800 10.000 5.900 2.450 10.000
3 320 8.050 1.800 10.000 8.000 1.500 10.000 8.900 1.300 10.000
3 320 8.900 1.300 10.000 8.950 1.400 10.000 8.050 1.800 10.000
3 320 0.000 3.250 10.000 -2.800 3.050 10.000 -2.750 2.050 10.000
3 320 -2.750 2.050 10.000 0.000 2.150 10.000 0.000 3.250 10.000
3 320 -2.800 3.050 10.000 -5.900 2.450 10.000 -5.800 1.800 10.000
3 320 -5.800 1.800 10.000 -2.750 2.050 10.000 -2.800 3.050 10.000
3 320 -5.900 2.450 10.000 -8.050 1.800 10.000 -8.000 1.500 10.000
3 320 -8.000 1.500 10.000 -5.800 1.800 10.000 -5.900 2.450 10.000
3 320 -8.050 1.800 10.000 -8.950 1.400 10.000 -8.900 1.300 10.000
3 320 -8.900 1.300 10.000 -8.000 1.500 10.000 -8.050 1.800 10.000
1 16 0.0000 0.0000 0.0000 1.0000 0.0000 0.0000 0.0000 1.0000 0.0000 0.0000 0.0000 1.0000 s/973s01.dat
1 0 0.0000 -4.0000 0.0000 4.2430 0.0000 -4.2430 0.0000 -8.0000 0.0000 -4.2430 0.0000 -4.2430 1-4cyli.dat
