0 FILE 973pu9.dat
0 Torso Police Uniform Vintage, Gold Star Badge, Buttons, Buckle and Black Belt Pattern
0 Name:  973pu9.dat
0 Author:  
0 BL_Item_No 973pb4127
0 BFC CERTIFY CCW
3 16 12.174 10.781 -10.000 12.051 11.273 -10.000 12.051 11.929 -10.000
3 16 12.051 11.929 -10.000 12.379 10.330 -10.000 12.174 10.781 -10.000
3 16 12.051 11.929 -10.000 12.215 12.790 -10.000 12.461 13.897 -10.000
3 16 12.461 13.897 -10.000 12.379 10.330 -10.000 12.051 11.929 -10.000
3 16 -8.750 2.650 -10.000 -14.345 2.000 -10.000 -10.950 4.000 -10.000
3 16 -10.950 4.000 -10.000 -7.500 4.350 -10.000 -8.750 2.650 -10.000
3 16 -8.750 2.650 -10.000 -9.050 1.600 -10.000 -12.000 0.000 -10.000
3 16 -12.000 0.000 -10.000 -14.345 2.000 -10.000 -8.750 2.650 -10.000
3 16 -12.000 0.000 -10.000 -9.050 1.600 -10.000 -8.950 0.850 -10.000
3 16 -12.000 0.000 -10.000 -8.950 0.850 -10.000 -8.150 0.900 -10.000
3 16 -8.150 0.900 -10.000 -7.600 0.950 -10.000 -7.200 0.950 -10.000
3 16 -7.200 0.950 -10.000 -12.000 0.000 -10.000 -8.150 0.900 -10.000
3 16 -7.200 0.950 -10.000 -1.000 0.900 -10.000 0.000 0.800 -10.000
3 16 0.000 0.800 -10.000 -12.000 0.000 -10.000 -7.200 0.950 -10.000
3 16 -1.000 0.900 -10.000 -7.200 0.950 -10.000 -5.050 1.600 -10.000
3 16 -5.050 1.600 -10.000 -4.550 1.600 -10.000 -1.000 0.900 -10.000
3 16 -7.200 0.950 -10.000 -5.750 2.350 -10.000 -5.050 1.600 -10.000
3 16 -1.000 0.900 -10.000 -4.550 1.600 -10.000 -2.650 3.100 -10.000
3 16 -7.600 1.300 -10.000 -6.400 4.000 -10.000 -4.550 5.750 -10.000
3 16 -4.550 5.750 -10.000 -3.950 5.150 -10.000 -7.600 1.300 -10.000
3 16 -6.400 4.000 -10.000 -7.600 1.300 -10.000 -8.100 1.600 -10.000
3 16 -8.100 1.600 -10.000 -7.600 2.400 -10.000 -6.400 4.000 -10.000
3 16 -7.600 1.300 -10.000 -7.600 0.950 -10.000 -8.150 0.900 -10.000
3 16 -8.150 0.900 -10.000 -8.100 1.600 -10.000 -7.600 1.300 -10.000
3 16 0.000 0.800 -10.000 12.000 0.000 -10.000 -12.000 0.000 -10.000
3 16 -3.150 5.750 -10.000 -3.529 6.331 -10.000 0.000 6.450 -10.000
3 16 0.000 6.450 -10.000 0.000 5.850 -10.000 -3.150 5.750 -10.000
3 16 -2.600 5.000 -10.000 0.000 5.150 -10.000 0.300 2.350 -10.000
3 16 0.300 2.350 -10.000 -0.300 2.350 -10.000 -2.600 5.000 -10.000
3 16 0.300 2.350 -10.000 0.000 5.150 -10.000 2.600 5.000 -10.000
3 16 7.200 0.950 -10.000 12.000 0.000 -10.000 0.000 0.800 -10.000
3 16 0.000 0.800 -10.000 1.000 0.900 -10.000 7.200 0.950 -10.000
3 16 1.000 0.900 -10.000 4.550 1.600 -10.000 5.050 1.600 -10.000
3 16 5.050 1.600 -10.000 7.200 0.950 -10.000 1.000 0.900 -10.000
3 16 1.000 0.900 -10.000 2.650 3.100 -10.000 4.550 1.600 -10.000
3 16 3.150 5.750 -10.000 0.000 5.850 -10.000 0.000 6.450 -10.000
3 16 0.000 6.450 -10.000 3.529 6.331 -10.000 3.150 5.750 -10.000
3 16 7.600 1.300 -10.000 3.950 5.150 -10.000 4.550 5.750 -10.000
3 16 4.550 5.750 -10.000 6.400 4.000 -10.000 7.600 1.300 -10.000
3 16 14.345 2.000 -10.000 12.000 0.000 -10.000 8.950 0.850 -10.000
3 16 8.950 0.850 -10.000 9.050 1.600 -10.000 14.345 2.000 -10.000
3 16 12.000 0.000 -10.000 8.150 0.900 -10.000 8.950 0.850 -10.000
3 16 8.150 0.900 -10.000 12.000 0.000 -10.000 7.200 0.950 -10.000
3 16 7.200 0.950 -10.000 7.600 0.950 -10.000 8.150 0.900 -10.000
3 16 7.200 0.950 -10.000 5.050 1.600 -10.000 5.750 2.350 -10.000
3 16 6.400 4.000 -10.000 7.600 2.400 -10.000 8.100 1.600 -10.000
3 16 8.100 1.600 -10.000 7.600 1.300 -10.000 6.400 4.000 -10.000
3 16 7.600 1.300 -10.000 8.100 1.600 -10.000 8.150 0.900 -10.000
3 16 8.150 0.900 -10.000 7.600 0.950 -10.000 7.600 1.300 -10.000
3 16 8.750 2.650 -10.000 7.500 4.350 -10.000 8.400 5.683 -10.000
3 16 8.400 5.683 -10.000 14.345 2.000 -10.000 8.750 2.650 -10.000
3 16 14.345 2.000 -10.000 9.050 1.600 -10.000 8.750 2.650 -10.000
3 16 -2.750 25.200 -10.000 -2.200 25.300 -10.000 -1.505 25.093 -10.000
3 16 -1.505 25.093 -10.000 -2.950 24.700 -10.000 -2.750 25.200 -10.000
3 16 -2.950 24.700 -10.000 -1.505 25.093 -10.000 -0.779 24.792 -10.000
3 16 -0.779 24.792 -10.000 -3.250 24.350 -10.000 -2.950 24.700 -10.000
3 16 -0.779 24.792 -10.000 0.000 24.689 -10.000 -3.850 24.150 -10.000
3 16 -3.850 24.150 -10.000 -3.250 24.350 -10.000 -0.779 24.792 -10.000
3 16 -2.750 30.200 -10.000 -2.950 30.700 -10.000 -1.505 30.307 -10.000
3 16 -1.505 30.307 -10.000 -2.200 30.100 -10.000 -2.750 30.200 -10.000
3 16 -1.505 30.307 -10.000 -2.950 30.700 -10.000 -3.250 31.050 -10.000
3 16 -3.250 31.050 -10.000 -0.779 30.608 -10.000 -1.505 30.307 -10.000
3 16 -0.779 30.608 -10.000 -3.250 31.050 -10.000 -3.850 31.250 -10.000
3 16 -3.850 31.250 -10.000 0.000 30.711 -10.000 -0.779 30.608 -10.000
3 16 2.750 25.200 -10.000 2.950 24.700 -10.000 1.505 25.093 -10.000
3 16 1.505 25.093 -10.000 2.200 25.300 -10.000 2.750 25.200 -10.000
3 16 2.750 30.200 -10.000 2.200 30.100 -10.000 1.505 30.307 -10.000
3 16 1.505 30.307 -10.000 2.950 30.700 -10.000 2.750 30.200 -10.000
3 16 3.250 31.050 -10.000 2.950 30.700 -10.000 1.505 30.307 -10.000
3 16 1.505 30.307 -10.000 0.779 30.608 -10.000 3.250 31.050 -10.000
3 16 2.950 24.700 -10.000 3.250 24.350 -10.000 0.779 24.792 -10.000
3 16 0.779 24.792 -10.000 1.505 25.093 -10.000 2.950 24.700 -10.000
3 16 0.779 24.792 -10.000 3.250 24.350 -10.000 3.850 24.150 -10.000
3 16 3.850 24.150 -10.000 0.000 24.689 -10.000 0.779 24.792 -10.000
3 16 0.779 30.608 -10.000 0.000 30.711 -10.000 3.850 31.250 -10.000
3 16 3.850 31.250 -10.000 3.250 31.050 -10.000 0.779 30.608 -10.000
3 16 5.500 25.400 -10.000 11.000 25.400 -10.000 12.450 24.100 -10.000
3 16 12.450 24.100 -10.000 5.400 24.900 -10.000 5.500 25.400 -10.000
3 16 12.450 24.100 -10.000 13.300 23.100 -10.000 13.950 22.200 -10.000
3 16 13.950 22.200 -10.000 5.400 24.900 -10.000 12.450 24.100 -10.000
3 16 14.200 21.650 -10.000 5.400 24.900 -10.000 13.950 22.200 -10.000
3 16 14.200 21.650 -10.000 14.400 21.400 -10.000 7.100 23.200 -10.000
3 16 7.100 23.200 -10.000 5.400 24.900 -10.000 14.200 21.650 -10.000
3 16 14.600 21.450 -10.000 14.650 21.750 -10.000 17.450 25.400 -10.000
3 16 17.450 25.400 -10.000 14.650 21.750 -10.000 14.550 22.450 -10.000
3 16 14.550 22.450 -10.000 14.750 23.850 -10.000 17.450 25.400 -10.000
3 16 14.750 23.850 -10.000 14.650 24.350 -10.000 17.450 25.400 -10.000
3 16 14.650 24.350 -10.000 14.300 24.800 -10.000 17.450 25.400 -10.000
3 16 14.300 24.800 -10.000 13.650 25.400 -10.000 17.450 25.400 -10.000
3 16 13.100 24.800 -10.000 14.000 24.200 -10.000 14.550 23.750 -10.000
3 16 14.550 23.750 -10.000 14.050 23.500 -10.000 13.100 24.800 -10.000
3 16 14.550 22.450 -10.000 14.050 23.500 -10.000 14.550 23.750 -10.000
3 16 14.550 22.450 -10.000 14.550 23.750 -10.000 14.750 23.850 -10.000
3 16 17.450 25.400 -10.000 18.050 30.000 -10.000 19.000 32.000 -10.000
3 16 19.000 32.000 -10.000 19.000 29.000 -10.000 17.450 25.400 -10.000
3 16 18.050 30.000 -10.000 5.500 30.000 -10.000 5.400 30.500 -10.000
3 16 5.400 30.500 -10.000 19.000 32.000 -10.000 18.050 30.000 -10.000
3 16 5.400 30.500 -10.000 5.050 30.950 -10.000 19.000 32.000 -10.000
3 16 5.050 30.950 -10.000 4.500 31.200 -10.000 19.000 32.000 -10.000
3 16 -13.950 22.350 -10.000 -17.450 25.400 -10.000 -15.050 24.050 -10.000
3 16 -15.050 24.050 -10.000 -14.000 22.650 -10.000 -13.950 22.350 -10.000
3 16 -15.050 24.050 -10.000 -17.450 25.400 -10.000 -14.950 24.550 -10.000
3 16 -14.950 24.550 -10.000 -17.450 25.400 -10.000 -14.600 25.000 -10.000
3 16 -14.600 25.000 -10.000 -17.450 25.400 -10.000 -13.850 25.350 -10.000
3 16 -12.850 25.100 -10.000 -13.400 24.400 -10.000 -14.850 23.950 -10.000
3 16 -14.850 23.950 -10.000 -14.250 24.600 -10.000 -12.850 25.100 -10.000
3 16 -13.900 23.350 -10.000 -14.850 23.950 -10.000 -13.400 24.400 -10.000
3 16 -14.850 23.950 -10.000 -13.900 23.350 -10.000 -14.000 22.650 -10.000
3 16 -14.000 22.650 -10.000 -15.050 24.050 -10.000 -14.850 23.950 -10.000
3 16 -17.450 25.400 -10.000 -19.000 29.000 -10.000 -19.000 32.000 -10.000
3 16 -19.000 32.000 -10.000 -18.050 30.000 -10.000 -17.450 25.400 -10.000
3 16 -8.750 31.500 -10.000 -8.100 31.500 -10.000 -7.950 30.000 -10.000
3 16 -7.950 30.000 -10.000 -8.550 30.000 -10.000 -8.750 31.500 -10.000
3 16 -7.300 30.000 -10.000 -7.650 31.500 -10.000 -5.400 30.500 -10.000
3 16 -5.400 30.500 -10.000 -5.500 30.000 -10.000 -7.300 30.000 -10.000
3 16 -5.400 30.500 -10.000 -7.650 31.500 -10.000 -5.050 30.950 -10.000
3 16 -5.050 30.950 -10.000 -7.650 31.500 -10.000 -4.500 31.200 -10.000
3 16 -4.500 31.200 -10.000 -7.650 31.500 -10.000 -3.850 31.250 -10.000
3 16 4.500 31.200 -10.000 3.850 31.250 -10.000 19.000 32.000 -10.000
3 16 19.000 32.000 -10.000 3.850 31.250 -10.000 -3.850 31.250 -10.000
3 16 -3.850 31.250 -10.000 -7.650 31.500 -10.000 19.000 32.000 -10.000
3 16 0.000 30.711 -10.000 -3.850 31.250 -10.000 3.850 31.250 -10.000
3 16 0.000 24.689 -10.000 3.850 24.150 -10.000 -3.850 23.100 -10.000
3 16 -3.850 23.100 -10.000 -3.850 24.150 -10.000 0.000 24.689 -10.000
3 16 -19.000 32.000 -10.000 -9.300 31.500 -10.000 -9.300 30.000 -10.000
3 16 -9.300 30.000 -10.000 -18.050 30.000 -10.000 -19.000 32.000 -10.000
3 16 -6.050 6.050 -10.000 -6.600 5.300 -10.000 -8.200 5.663 -10.000
3 16 -8.200 5.663 -10.000 -7.382 5.883 -10.000 -6.050 6.050 -10.000
3 16 -10.250 4.800 -10.000 -8.200 5.663 -10.000 -6.600 5.300 -10.000
3 16 -8.200 5.663 -10.000 -10.250 4.800 -10.000 -9.850 5.600 -10.000
3 16 -9.850 5.600 -10.000 -9.018 5.883 -10.000 -8.200 5.663 -10.000
3 16 -10.250 4.800 -10.000 -10.400 5.900 -10.000 -10.000 7.350 -10.000
3 16 -10.000 7.350 -10.000 -9.850 5.600 -10.000 -10.250 4.800 -10.000
3 16 -10.400 5.900 -10.000 -10.550 7.700 -10.000 -9.900 9.350 -10.000
3 16 -9.900 9.350 -10.000 -10.000 7.350 -10.000 -10.400 5.900 -10.000
3 16 -10.550 7.700 -10.000 -10.500 10.400 -10.000 -9.800 12.250 -10.000
3 16 -9.800 12.250 -10.000 -9.900 9.350 -10.000 -10.550 7.700 -10.000
3 16 -10.500 10.400 -10.000 -10.150 13.350 -10.000 -9.350 14.900 -10.000
3 16 -9.350 14.900 -10.000 -9.800 12.250 -10.000 -10.500 10.400 -10.000
3 16 -10.150 13.350 -10.000 -9.500 16.500 -10.000 -8.850 17.200 -10.000
3 16 -8.850 17.200 -10.000 -9.350 14.900 -10.000 -10.150 13.350 -10.000
3 16 -9.500 16.500 -10.000 -9.150 19.300 -10.000 -8.550 19.600 -10.000
3 16 -8.550 19.600 -10.000 -8.850 17.200 -10.000 -9.500 16.500 -10.000
3 16 -8.550 19.600 -10.000 -9.150 19.300 -10.000 -8.850 22.550 -10.000
3 16 -8.850 22.550 -10.000 -8.350 22.050 -10.000 -8.550 19.600 -10.000
3 16 -8.350 22.050 -10.000 -8.850 22.550 -10.000 -8.700 25.400 -10.000
3 16 -8.700 25.400 -10.000 -8.100 23.750 -10.000 -8.350 22.050 -10.000
3 16 -8.100 23.750 -10.000 -8.700 25.400 -10.000 -8.100 25.400 -10.000
3 16 -11.000 25.400 -10.000 -9.600 25.400 -10.000 -9.650 22.600 -10.000
3 16 -9.650 22.600 -10.000 -12.000 24.700 -10.000 -11.000 25.400 -10.000
3 16 -12.000 24.700 -10.000 -9.650 22.600 -10.000 -13.300 23.100 -10.000
3 16 -13.300 23.100 -10.000 -12.650 24.000 -10.000 -12.000 24.700 -10.000
3 16 -13.300 23.100 -10.000 -9.650 22.600 -10.000 -9.950 19.350 -10.000
3 16 -9.950 19.350 -10.000 -13.550 22.550 -10.000 -13.300 23.100 -10.000
3 16 -13.550 22.550 -10.000 -9.950 19.350 -10.000 -10.450 16.450 -10.000
3 16 -10.450 16.450 -10.000 -13.750 22.300 -10.000 -13.550 22.550 -10.000
3 16 -10.450 16.450 -10.000 -11.000 13.400 -10.000 -13.950 22.350 -10.000
3 16 -13.950 22.350 -10.000 -13.750 22.300 -10.000 -10.450 16.450 -10.000
3 16 -13.950 22.350 -10.000 -11.000 13.400 -10.000 -11.350 10.400 -10.000
3 16 -11.350 10.400 -10.000 -17.450 25.400 -10.000 -13.950 22.350 -10.000
3 16 -11.350 10.400 -10.000 -11.450 7.600 -10.000 -14.345 2.000 -10.000
3 16 -14.345 2.000 -10.000 -17.450 25.400 -10.000 -11.350 10.400 -10.000
3 16 -14.345 2.000 -10.000 -19.000 29.000 -10.000 -17.450 25.400 -10.000
3 16 -14.345 2.000 -10.000 -11.450 7.600 -10.000 -11.300 5.700 -10.000
3 16 -14.345 2.000 -10.000 -11.300 5.700 -10.000 -10.950 4.000 -10.000
3 16 -4.500 24.200 -10.000 -3.850 24.150 -10.000 -3.850 23.100 -10.000
3 16 -3.850 23.100 -10.000 -4.300 23.200 -10.000 -4.500 24.200 -10.000
3 16 3.850 24.150 -10.000 3.833 22.518 -10.000 -3.800 22.800 -10.000
3 16 -3.800 22.800 -10.000 -3.850 23.100 -10.000 3.850 24.150 -10.000
3 16 -3.800 22.800 -10.000 3.833 22.518 -10.000 3.613 21.700 -10.000
3 16 3.613 21.700 -10.000 -4.063 21.600 -10.000 -3.800 22.800 -10.000
3 16 -4.063 21.600 -10.000 3.613 21.700 -10.000 3.833 20.882 -10.000
3 16 3.833 20.882 -10.000 -4.283 20.782 -10.000 -4.063 21.600 -10.000
3 16 -4.283 20.782 -10.000 3.833 20.882 -10.000 4.432 20.283 -10.000
3 16 4.432 20.283 -10.000 -4.882 20.183 -10.000 -4.283 20.782 -10.000
3 16 -4.283 22.418 -10.000 -4.150 22.650 -10.000 -3.800 22.800 -10.000
3 16 -3.800 22.800 -10.000 -4.063 21.600 -10.000 -4.283 22.418 -10.000
3 16 -4.500 24.200 -10.000 -4.300 23.200 -10.000 -5.700 23.237 -10.000
3 16 -5.700 23.237 -10.000 -5.050 24.450 -10.000 -4.500 24.200 -10.000
3 16 -5.050 24.450 -10.000 -5.700 23.237 -10.000 -6.518 23.018 -10.000
3 16 -6.518 23.018 -10.000 -5.400 24.900 -10.000 -5.050 24.450 -10.000
3 16 -6.518 23.018 -10.000 -7.550 25.400 -10.000 -5.500 25.400 -10.000
3 16 -5.500 25.400 -10.000 -5.400 24.900 -10.000 -6.518 23.018 -10.000
3 16 -7.550 25.400 -10.000 -6.518 23.018 -10.000 -7.118 22.418 -10.000
3 16 -7.118 22.418 -10.000 -7.550 23.700 -10.000 -7.550 25.400 -10.000
3 16 -7.550 23.700 -10.000 -7.118 22.418 -10.000 -7.337 21.600 -10.000
3 16 -7.337 21.600 -10.000 -7.800 22.000 -10.000 -7.550 23.700 -10.000
3 16 -7.800 22.000 -10.000 -7.337 21.600 -10.000 -7.118 20.782 -10.000
3 16 -7.118 20.782 -10.000 -8.000 19.600 -10.000 -7.800 22.000 -10.000
3 16 -7.118 20.782 -10.000 -6.518 20.183 -10.000 -8.300 17.100 -10.000
3 16 -8.300 17.100 -10.000 -8.000 19.600 -10.000 -7.118 20.782 -10.000
3 16 -6.518 20.183 -10.000 -5.700 19.963 -10.000 -6.600 16.337 -10.000
3 16 -6.600 16.337 -10.000 -8.300 17.100 -10.000 -6.518 20.183 -10.000
3 16 -5.700 19.963 -10.000 -4.882 20.183 -10.000 -5.200 16.300 -10.000
3 16 -5.200 16.300 -10.000 -6.600 16.337 -10.000 -5.700 19.963 -10.000
3 16 -5.200 16.300 -10.000 -4.882 20.183 -10.000 4.432 20.283 -10.000
3 16 4.432 20.283 -10.000 -4.750 16.200 -10.000 -5.200 16.300 -10.000
3 16 4.432 20.283 -10.000 5.081 16.398 -10.000 4.261 15.701 -10.000
3 16 4.261 15.701 -10.000 -4.750 16.200 -10.000 4.432 20.283 -10.000
3 16 4.261 15.701 -10.000 3.687 14.799 -10.000 -4.700 15.900 -10.000
3 16 -4.700 15.900 -10.000 -4.750 16.200 -10.000 4.261 15.701 -10.000
3 16 3.687 14.799 -10.000 -4.963 14.700 -10.000 -5.183 15.518 -10.000
3 16 -5.183 15.518 -10.000 -4.700 15.900 -10.000 3.687 14.799 -10.000
3 16 -5.183 15.518 -10.000 -5.050 15.750 -10.000 -4.700 15.900 -10.000
3 16 -7.418 16.118 -10.000 -8.300 17.100 -10.000 -6.600 16.337 -10.000
3 16 -7.418 16.118 -10.000 -8.018 15.518 -10.000 -8.800 14.850 -10.000
3 16 -8.800 14.850 -10.000 -8.300 17.100 -10.000 -7.418 16.118 -10.000
3 16 -8.018 15.518 -10.000 -8.237 14.700 -10.000 -9.250 12.150 -10.000
3 16 -9.250 12.150 -10.000 -8.800 14.850 -10.000 -8.018 15.518 -10.000
3 16 -9.250 12.150 -10.000 -8.237 14.700 -10.000 -8.018 13.882 -10.000
3 16 -8.018 13.882 -10.000 -7.418 13.283 -10.000 -9.350 9.000 -10.000
3 16 -9.350 9.000 -10.000 -9.250 12.150 -10.000 -8.018 13.882 -10.000
3 16 -9.350 9.000 -10.000 -7.418 13.283 -10.000 -6.600 13.063 -10.000
3 16 -6.600 13.063 -10.000 -8.200 9.037 -10.000 -9.350 9.000 -10.000
3 16 -6.800 8.900 -10.000 -8.200 9.037 -10.000 -6.600 13.063 -10.000
3 16 -6.800 8.900 -10.000 -6.600 13.063 -10.000 -5.782 13.283 -10.000
3 16 -5.782 13.283 -10.000 -6.350 8.800 -10.000 -6.800 8.900 -10.000
3 16 -6.350 8.800 -10.000 -5.782 13.283 -10.000 4.507 10.207 -10.000
3 16 4.507 10.207 -10.000 4.220 9.592 -10.000 -6.350 8.800 -10.000
3 16 -5.782 13.283 -10.000 -5.183 13.882 -10.000 4.384 11.478 -10.000
3 16 4.384 11.478 -10.000 4.507 10.207 -10.000 -5.782 13.283 -10.000
3 16 4.384 11.478 -10.000 -5.183 13.882 -10.000 -4.963 14.700 -10.000
3 16 -4.963 14.700 -10.000 3.851 12.749 -10.000 4.384 11.478 -10.000
3 16 3.851 12.749 -10.000 -4.963 14.700 -10.000 3.564 14.061 -10.000
3 16 3.564 14.061 -10.000 -4.963 14.700 -10.000 3.687 14.799 -10.000
3 16 4.220 9.592 -10.000 5.573 8.116 -10.000 4.450 7.100 -10.000
3 16 4.450 7.100 -10.000 -6.350 8.800 -10.000 4.220 9.592 -10.000
3 16 4.450 7.100 -10.000 3.900 6.900 -10.000 0.000 7.000 -10.000
3 16 0.000 7.000 -10.000 -6.350 8.800 -10.000 4.450 7.100 -10.000
3 16 0.000 7.000 -10.000 -3.900 6.900 -10.000 -4.450 7.100 -10.000
3 16 -4.450 7.100 -10.000 -6.350 8.800 -10.000 0.000 7.000 -10.000
3 16 -6.350 8.800 -10.000 -4.450 7.100 -10.000 -5.250 6.750 -10.000
3 16 -5.250 6.750 -10.000 -6.300 8.500 -10.000 -6.350 8.800 -10.000
3 16 -5.250 6.750 -10.000 -6.563 7.300 -10.000 -6.650 8.350 -10.000
3 16 -6.650 8.350 -10.000 -6.300 8.500 -10.000 -5.250 6.750 -10.000
3 16 -6.563 7.300 -10.000 -6.783 8.118 -10.000 -6.650 8.350 -10.000
3 16 -6.783 6.482 -10.000 -6.563 7.300 -10.000 -5.250 6.750 -10.000
3 16 3.850 24.150 -10.000 4.500 24.200 -10.000 4.432 23.118 -10.000
3 16 4.432 23.118 -10.000 3.833 22.518 -10.000 3.850 24.150 -10.000
3 16 4.432 23.118 -10.000 4.500 24.200 -10.000 5.050 24.450 -10.000
3 16 5.050 24.450 -10.000 5.250 23.337 -10.000 4.432 23.118 -10.000
3 16 5.250 23.337 -10.000 5.050 24.450 -10.000 5.400 24.900 -10.000
3 16 5.400 24.900 -10.000 6.650 23.300 -10.000 5.250 23.337 -10.000
3 16 7.100 23.200 -10.000 6.650 23.300 -10.000 5.400 24.900 -10.000
3 16 7.100 23.200 -10.000 14.400 21.400 -10.000 9.181 17.136 -10.000
3 16 9.181 17.136 -10.000 7.150 22.900 -10.000 7.100 23.200 -10.000
3 16 9.181 17.136 -10.000 6.887 21.700 -10.000 6.800 22.750 -10.000
3 16 6.800 22.750 -10.000 7.150 22.900 -10.000 9.181 17.136 -10.000
3 16 6.887 21.700 -10.000 6.668 22.518 -10.000 6.800 22.750 -10.000
3 16 6.668 20.882 -10.000 7.705 17.669 -10.000 7.295 17.423 -10.000
3 16 7.295 17.423 -10.000 6.068 20.283 -10.000 6.668 20.882 -10.000
3 16 6.668 20.882 -10.000 6.887 21.700 -10.000 8.156 17.423 -10.000
3 16 8.156 17.423 -10.000 7.705 17.669 -10.000 6.668 20.882 -10.000
3 16 9.181 17.136 -10.000 8.156 17.423 -10.000 6.887 21.700 -10.000
3 16 7.295 17.423 -10.000 6.598 17.136 -10.000 5.250 20.063 -10.000
3 16 5.250 20.063 -10.000 6.068 20.283 -10.000 7.295 17.423 -10.000
3 16 6.598 17.136 -10.000 5.081 16.398 -10.000 4.432 20.283 -10.000
3 16 4.432 20.283 -10.000 5.250 20.063 -10.000 6.598 17.136 -10.000
3 16 10.903 16.644 -10.000 9.181 17.136 -10.000 14.400 21.400 -10.000
3 16 10.903 16.644 -10.000 14.400 21.400 -10.000 14.600 21.450 -10.000
3 16 14.600 21.450 -10.000 11.764 16.070 -10.000 10.903 16.644 -10.000
3 16 11.764 16.070 -10.000 14.600 21.450 -10.000 17.450 25.400 -10.000
3 16 17.450 25.400 -10.000 12.379 15.004 -10.000 11.764 16.070 -10.000
3 16 6.957 8.183 -10.000 6.733 7.350 -10.000 5.573 8.116 -10.000
3 16 5.573 8.116 -10.000 6.516 8.280 -10.000 6.957 8.183 -10.000
3 16 6.733 7.350 -10.000 5.250 6.750 -10.000 4.450 7.100 -10.000
3 16 4.450 7.100 -10.000 5.573 8.116 -10.000 6.733 7.350 -10.000
3 16 5.250 6.750 -10.000 6.733 7.350 -10.000 6.957 6.517 -10.000
3 16 6.957 6.517 -10.000 6.050 6.050 -10.000 5.250 6.750 -10.000
3 16 6.050 6.050 -10.000 6.957 6.517 -10.000 7.567 5.907 -10.000
3 16 7.567 5.907 -10.000 6.600 5.300 -10.000 6.050 6.050 -10.000
3 16 6.600 5.300 -10.000 7.567 5.907 -10.000 8.400 5.683 -10.000
3 16 8.400 5.683 -10.000 7.500 4.350 -10.000 6.600 5.300 -10.000
3 16 14.345 2.000 -10.000 8.400 5.683 -10.000 9.233 5.907 -10.000
3 16 14.345 2.000 -10.000 9.233 5.907 -10.000 9.843 6.517 -10.000
3 16 14.345 2.000 -10.000 9.843 6.517 -10.000 10.067 7.350 -10.000
3 16 10.067 7.350 -10.000 11.395 8.567 -10.000 14.345 2.000 -10.000
3 16 11.395 8.567 -10.000 10.067 7.350 -10.000 9.843 8.183 -10.000
3 16 9.843 8.183 -10.000 10.616 8.608 -10.000 11.395 8.567 -10.000
3 16 9.843 8.183 -10.000 9.673 8.567 -10.000 10.616 8.608 -10.000
3 16 14.345 2.000 -10.000 11.395 8.567 -10.000 12.379 10.330 -10.000
3 16 12.379 10.330 -10.000 12.461 13.897 -10.000 17.450 25.400 -10.000
3 16 17.450 25.400 -10.000 14.345 2.000 -10.000 12.379 10.330 -10.000
3 16 14.345 2.000 -10.000 17.450 25.400 -10.000 19.000 29.000 -10.000
3 16 12.461 13.897 -10.000 12.379 15.004 -10.000 17.450 25.400 -10.000
3 16 4.200 10.500 10.000 0.000 10.550 10.000 0.000 3.000 10.000
3 16 0.000 3.000 10.000 3.150 2.850 10.000 4.200 10.500 10.000
3 16 3.150 2.850 10.000 5.500 2.500 10.000 8.200 10.300 10.000
3 16 8.200 10.300 10.000 4.200 10.500 10.000 3.150 2.850 10.000
3 16 5.500 2.500 10.000 7.750 1.900 10.000 11.450 10.050 10.000
3 16 11.450 10.050 10.000 8.200 10.300 10.000 5.500 2.500 10.000
3 16 7.750 1.900 10.000 8.700 1.300 10.000 14.650 9.700 10.000
3 16 14.650 9.700 10.000 11.450 10.050 10.000 7.750 1.900 10.000
3 16 14.650 9.700 10.000 8.700 1.300 10.000 8.600 1.050 10.000
3 16 8.600 1.050 10.000 14.345 2.000 10.000 14.650 9.700 10.000
3 16 12.000 0.000 10.000 14.345 2.000 10.000 8.600 1.050 10.000
3 16 12.000 0.000 10.000 8.600 1.050 10.000 7.650 1.000 10.000
3 16 12.000 0.000 10.000 7.650 1.000 10.000 -7.650 1.000 10.000
3 16 -7.650 1.000 10.000 -12.000 0.000 10.000 12.000 0.000 10.000
3 16 14.345 2.000 10.000 15.000 10.050 10.000 14.650 9.700 10.000
3 16 14.850 10.550 10.000 15.000 10.050 10.000 19.000 29.000 10.000
3 16 19.000 29.000 10.000 15.000 11.250 10.000 14.850 10.550 10.000
3 16 14.850 10.550 10.000 15.000 11.250 10.000 14.650 11.100 10.000
3 16 14.850 10.550 10.000 14.650 11.100 10.000 11.450 11.450 10.000
3 16 11.450 11.450 10.000 11.550 10.950 10.000 14.850 10.550 10.000
3 16 11.550 10.950 10.000 11.450 11.450 10.000 8.200 11.700 10.000
3 16 8.200 11.700 10.000 8.250 11.150 10.000 11.550 10.950 10.000
3 16 8.250 11.150 10.000 8.200 11.700 10.000 4.200 11.900 10.000
3 16 4.200 11.900 10.000 4.350 11.300 10.000 8.250 11.150 10.000
3 16 4.350 11.300 10.000 4.200 11.900 10.000 0.000 11.950 10.000
3 16 0.000 11.950 10.000 0.000 11.350 10.000 4.350 11.300 10.000
3 16 11.550 12.150 10.000 14.850 11.750 10.000 10.550 24.850 10.000
3 16 10.550 24.850 10.000 8.650 25.400 10.000 11.550 12.150 10.000
3 16 11.550 12.150 10.000 8.650 25.400 10.000 8.250 12.350 10.000
3 16 8.250 12.350 10.000 8.650 25.400 10.000 4.350 12.500 10.000
3 16 4.350 12.500 10.000 8.650 25.400 10.000 -5.350 25.400 10.000
3 16 -5.350 25.400 10.000 0.000 12.550 10.000 4.350 12.500 10.000
3 16 -4.200 10.500 10.000 -3.150 2.850 10.000 0.000 3.000 10.000
3 16 0.000 3.000 10.000 0.000 10.550 10.000 -4.200 10.500 10.000
3 16 -3.150 2.850 10.000 -4.200 10.500 10.000 -8.200 10.300 10.000
3 16 -8.200 10.300 10.000 -5.500 2.500 10.000 -3.150 2.850 10.000
3 16 -5.500 2.500 10.000 -8.200 10.300 10.000 -11.450 10.050 10.000
3 16 -11.450 10.050 10.000 -7.750 1.900 10.000 -5.500 2.500 10.000
3 16 -7.750 1.900 10.000 -11.450 10.050 10.000 -14.650 9.700 10.000
3 16 -14.650 9.700 10.000 -8.700 1.300 10.000 -7.750 1.900 10.000
3 16 -14.650 9.700 10.000 -14.345 2.000 10.000 -8.600 1.050 10.000
3 16 -8.600 1.050 10.000 -8.700 1.300 10.000 -14.650 9.700 10.000
3 16 -12.000 0.000 10.000 -8.600 1.050 10.000 -14.345 2.000 10.000
3 16 -12.000 0.000 10.000 -7.650 1.000 10.000 -8.600 1.050 10.000
3 16 -14.345 2.000 10.000 -14.650 9.700 10.000 -15.000 10.050 10.000
3 16 -14.850 10.550 10.000 -15.000 11.250 10.000 -19.000 29.000 10.000
3 16 -19.000 29.000 10.000 -15.000 10.050 10.000 -14.850 10.550 10.000
3 16 -14.850 10.550 10.000 -14.650 11.100 10.000 -15.000 11.250 10.000
3 16 -14.850 10.550 10.000 -11.550 10.950 10.000 -11.450 11.450 10.000
3 16 -11.450 11.450 10.000 -14.650 11.100 10.000 -14.850 10.550 10.000
3 16 -11.550 10.950 10.000 -8.250 11.150 10.000 -8.200 11.700 10.000
3 16 -8.200 11.700 10.000 -11.450 11.450 10.000 -11.550 10.950 10.000
3 16 -8.250 11.150 10.000 -4.350 11.300 10.000 -4.200 11.900 10.000
3 16 -4.200 11.900 10.000 -8.200 11.700 10.000 -8.250 11.150 10.000
3 16 -4.350 11.300 10.000 0.000 11.350 10.000 0.000 11.950 10.000
3 16 0.000 11.950 10.000 -4.200 11.900 10.000 -4.350 11.300 10.000
3 16 -4.350 12.500 10.000 0.000 12.550 10.000 -5.350 25.400 10.000
3 16 -8.250 12.350 10.000 -4.350 12.500 10.000 -5.350 25.400 10.000
3 16 -11.550 12.150 10.000 -8.250 12.350 10.000 -5.350 25.400 10.000
3 16 -11.550 12.150 10.000 -5.350 25.400 10.000 -7.000 24.800 10.000
3 16 -7.000 24.800 10.000 -14.850 11.750 10.000 -11.550 12.150 10.000
3 16 6.450 1.250 10.000 -6.450 1.250 10.000 -7.650 1.000 10.000
3 16 -7.650 1.000 10.000 7.650 1.000 10.000 6.450 1.250 10.000
3 16 6.450 1.250 10.000 4.850 1.650 10.000 -4.850 1.650 10.000
3 16 -4.850 1.650 10.000 -6.450 1.250 10.000 6.450 1.250 10.000
3 16 -4.850 1.650 10.000 4.850 1.650 10.000 0.000 2.100 10.000
3 16 0.000 2.100 10.000 -2.550 2.050 10.000 -4.850 1.650 10.000
3 16 4.850 1.650 10.000 2.550 2.050 10.000 0.000 2.100 10.000
3 16 -7.000 24.800 10.000 -8.150 24.150 10.000 -8.800 23.750 10.000
3 16 -8.800 23.750 10.000 -14.850 11.750 10.000 -7.000 24.800 10.000
3 16 -14.850 11.750 10.000 -8.800 23.750 10.000 -9.000 23.700 10.000
3 16 -9.000 23.700 10.000 -12.400 23.500 10.000 -12.850 23.300 10.000
3 16 -12.850 23.300 10.000 -14.850 11.750 10.000 -9.000 23.700 10.000
3 16 -12.850 23.300 10.000 -13.000 23.450 10.000 -17.450 25.400 10.000
3 16 -17.450 25.400 10.000 -14.850 11.750 10.000 -12.850 23.300 10.000
3 16 -13.000 23.450 10.000 -12.850 23.950 10.000 -17.450 25.400 10.000
3 16 -12.850 23.950 10.000 -12.250 24.800 10.000 -17.450 25.400 10.000
3 16 -12.250 24.800 10.000 -11.450 25.400 10.000 -17.450 25.400 10.000
3 16 -11.550 24.200 10.000 -9.000 23.700 10.000 -8.950 23.950 10.000
3 16 -8.950 23.950 10.000 -10.700 24.850 10.000 -11.550 24.200 10.000
3 16 -10.700 24.850 10.000 -8.950 23.950 10.000 -8.550 24.700 10.000
3 16 -8.550 24.700 10.000 -9.400 25.400 10.000 -10.700 24.850 10.000
3 16 -8.550 24.700 10.000 -7.750 25.400 10.000 -9.400 25.400 10.000
3 16 -12.400 23.500 10.000 -9.000 23.700 10.000 -11.550 24.200 10.000
3 16 10.550 24.850 10.000 14.850 11.750 10.000 12.600 23.650 10.000
3 16 12.600 23.650 10.000 11.850 24.250 10.000 10.550 24.850 10.000
3 16 14.850 11.750 10.000 13.050 23.500 10.000 12.600 23.650 10.000
3 16 13.050 23.500 10.000 14.850 11.750 10.000 17.450 25.400 10.000
3 16 17.450 25.400 10.000 13.300 23.700 10.000 13.050 23.500 10.000
3 16 13.300 23.700 10.000 17.450 25.400 10.000 13.250 24.050 10.000
3 16 13.250 24.050 10.000 17.450 25.400 10.000 12.450 24.750 10.000
3 16 12.450 24.750 10.000 17.450 25.400 10.000 11.550 25.400 10.000
3 16 19.000 32.000 10.000 18.050 29.450 10.000 17.450 25.400 10.000
3 16 17.450 25.400 10.000 19.000 29.000 10.000 19.000 32.000 10.000
3 16 19.000 29.000 10.000 17.450 25.400 10.000 14.850 11.750 10.000
3 16 14.850 11.750 10.000 15.000 11.250 10.000 19.000 29.000 10.000
3 16 14.345 2.000 10.000 19.000 29.000 10.000 15.000 10.050 10.000
3 16 -19.000 32.000 10.000 -19.000 29.000 10.000 -17.450 25.400 10.000
3 16 -17.450 25.400 10.000 -18.050 29.450 10.000 -19.000 32.000 10.000
3 16 -19.000 29.000 10.000 -15.000 11.250 10.000 -14.850 11.750 10.000
3 16 -14.850 11.750 10.000 -17.450 25.400 10.000 -19.000 29.000 10.000
3 16 -14.345 2.000 10.000 -15.000 10.050 10.000 -19.000 29.000 10.000
3 16 -6.250 29.450 10.000 -6.700 29.900 10.000 -7.200 30.200 10.000
3 16 -7.200 30.200 10.000 -18.050 29.450 10.000 -6.250 29.450 10.000
3 16 -18.050 29.450 10.000 -7.200 30.200 10.000 -7.150 30.400 10.000
3 16 -7.150 30.400 10.000 -19.000 32.000 10.000 -18.050 29.450 10.000
3 16 -7.150 30.400 10.000 -6.850 30.400 10.000 19.000 32.000 10.000
3 16 19.000 32.000 10.000 -19.000 32.000 10.000 -7.150 30.400 10.000
3 16 19.000 32.000 10.000 -6.850 30.400 10.000 -5.600 30.050 10.000
3 16 -5.600 30.050 10.000 10.950 30.150 10.000 19.000 32.000 10.000
3 16 -5.600 30.050 10.000 -4.550 29.450 10.000 9.250 29.450 10.000
3 16 9.250 29.450 10.000 10.950 30.150 10.000 -5.600 30.050 10.000
3 16 10.950 30.150 10.000 11.150 29.900 10.000 18.050 29.450 10.000
3 16 18.050 29.450 10.000 19.000 32.000 10.000 10.950 30.150 10.000
3 16 10.700 29.450 10.000 18.050 29.450 10.000 11.150 29.900 10.000
3 16 -8.750 31.500 -10.000 -9.300 31.500 -10.000 -19.000 32.000 -10.000
3 16 -8.750 31.500 -10.000 -19.000 32.000 -10.000 -8.100 31.500 -10.000
3 16 -8.100 31.500 -10.000 -19.000 32.000 -10.000 19.000 32.000 -10.000
3 16 19.000 32.000 -10.000 -7.650 31.500 -10.000 -8.100 31.500 -10.000
3 82 -6.506 21.135 -10.000 -6.631 21.600 -10.000 -6.506 22.066 -10.000
3 82 -6.506 22.066 -10.000 -5.700 20.669 -10.000 -6.506 21.135 -10.000
3 82 -6.506 22.066 -10.000 -6.166 22.406 -10.000 -5.700 22.531 -10.000
3 82 -5.700 22.531 -10.000 -5.700 20.669 -10.000 -6.506 22.066 -10.000
3 82 -5.700 22.531 -10.000 -5.235 22.406 -10.000 -4.894 22.066 -10.000
3 82 -4.894 22.066 -10.000 -5.700 20.669 -10.000 -5.700 22.531 -10.000
3 82 -4.894 22.066 -10.000 -4.769 21.600 -10.000 -4.894 21.135 -10.000
3 82 -4.894 21.135 -10.000 -5.700 20.669 -10.000 -4.894 22.066 -10.000
3 82 -5.700 20.669 -10.000 -4.894 21.135 -10.000 -5.235 20.794 -10.000
3 82 -5.700 20.669 -10.000 -6.166 20.794 -10.000 -6.506 21.135 -10.000
3 0 -6.506 21.135 -10.000 -7.118 20.782 -10.000 -7.337 21.600 -10.000
3 0 -7.337 21.600 -10.000 -6.631 21.600 -10.000 -6.506 21.135 -10.000
3 0 -6.631 21.600 -10.000 -7.337 21.600 -10.000 -7.118 22.418 -10.000
3 0 -7.118 22.418 -10.000 -6.506 22.066 -10.000 -6.631 21.600 -10.000
3 0 -6.506 22.066 -10.000 -7.118 22.418 -10.000 -6.518 23.018 -10.000
3 0 -6.518 23.018 -10.000 -6.166 22.406 -10.000 -6.506 22.066 -10.000
3 0 -6.166 22.406 -10.000 -6.518 23.018 -10.000 -5.700 23.237 -10.000
3 0 -5.700 23.237 -10.000 -5.700 22.531 -10.000 -6.166 22.406 -10.000
3 0 -5.235 22.406 -10.000 -5.700 22.531 -10.000 -5.700 23.237 -10.000
3 0 -5.235 22.406 -10.000 -5.700 23.237 -10.000 -4.283 22.418 -10.000
3 0 -4.283 22.418 -10.000 -4.894 22.066 -10.000 -5.235 22.406 -10.000
3 0 -4.894 22.066 -10.000 -4.283 22.418 -10.000 -4.063 21.600 -10.000
3 0 -4.063 21.600 -10.000 -4.769 21.600 -10.000 -4.894 22.066 -10.000
3 0 -4.769 21.600 -10.000 -4.063 21.600 -10.000 -4.283 20.782 -10.000
3 0 -4.283 20.782 -10.000 -4.894 21.135 -10.000 -4.769 21.600 -10.000
3 0 -4.894 21.135 -10.000 -4.283 20.782 -10.000 -4.882 20.183 -10.000
3 0 -4.882 20.183 -10.000 -5.235 20.794 -10.000 -4.894 21.135 -10.000
3 0 -5.235 20.794 -10.000 -4.882 20.183 -10.000 -5.700 19.963 -10.000
3 0 -5.700 19.963 -10.000 -5.700 20.669 -10.000 -5.235 20.794 -10.000
3 0 -5.700 20.669 -10.000 -5.700 19.963 -10.000 -6.518 20.183 -10.000
3 0 -6.518 20.183 -10.000 -6.166 20.794 -10.000 -5.700 20.669 -10.000
3 0 -6.166 20.794 -10.000 -6.518 20.183 -10.000 -7.118 20.782 -10.000
3 0 -7.118 20.782 -10.000 -6.506 21.135 -10.000 -6.166 20.794 -10.000
3 82 4.917 9.715 -10.000 5.877 9.524 -10.000 6.475 8.936 -10.000
3 82 6.475 8.936 -10.000 5.737 8.731 -10.000 4.917 9.715 -10.000
3 82 5.877 9.524 -10.000 6.926 9.479 -10.000 7.172 8.936 -10.000
3 82 7.172 8.936 -10.000 6.475 8.936 -10.000 5.877 9.524 -10.000
3 82 6.926 9.479 -10.000 7.747 9.388 -10.000 7.746 8.854 -10.000
3 82 7.746 8.854 -10.000 7.172 8.936 -10.000 6.926 9.479 -10.000
3 82 7.747 9.388 -10.000 8.249 9.160 -10.000 8.320 8.649 -10.000
3 82 8.320 8.649 -10.000 7.746 8.854 -10.000 7.747 9.388 -10.000
3 82 8.249 9.160 -10.000 8.796 9.433 -10.000 8.894 8.936 -10.000
3 82 8.894 8.936 -10.000 8.320 8.649 -10.000 8.249 9.160 -10.000
3 82 8.796 9.433 -10.000 9.526 9.616 -10.000 9.550 9.100 -10.000
3 82 9.550 9.100 -10.000 8.894 8.936 -10.000 8.796 9.433 -10.000
3 82 9.526 9.616 -10.000 10.667 9.753 -10.000 10.329 9.141 -10.000
3 82 10.329 9.141 -10.000 9.550 9.100 -10.000 9.526 9.616 -10.000
3 82 10.329 9.141 -10.000 10.667 9.753 -10.000 11.559 10.207 -10.000
3 82 11.559 10.207 -10.000 10.944 9.141 -10.000 10.329 9.141 -10.000
3 82 10.667 9.753 -10.000 11.231 10.781 -10.000 11.559 10.207 -10.000
3 82 10.667 9.753 -10.000 11.030 12.129 -10.000 11.190 11.478 -10.000
3 82 11.190 11.478 -10.000 11.231 10.781 -10.000 10.667 9.753 -10.000
3 82 11.190 11.478 -10.000 11.030 12.129 -10.000 11.077 12.946 -10.000
3 82 11.077 12.946 -10.000 11.231 12.093 -10.000 11.190 11.478 -10.000
3 82 11.231 12.093 -10.000 11.077 12.946 -10.000 11.641 13.610 -10.000
3 82 11.641 13.610 -10.000 11.436 12.831 -10.000 11.231 12.093 -10.000
3 82 11.077 12.946 -10.000 10.803 13.949 -10.000 11.641 14.635 -10.000
3 82 11.641 14.635 -10.000 11.641 13.610 -10.000 11.077 12.946 -10.000
3 82 10.803 13.949 -10.000 10.256 14.862 -10.000 11.190 15.455 -10.000
3 82 11.190 15.455 -10.000 11.641 14.635 -10.000 10.803 13.949 -10.000
3 82 10.256 14.862 -10.000 9.715 15.480 -10.000 10.288 16.111 -10.000
3 82 10.288 16.111 -10.000 11.190 15.455 -10.000 10.256 14.862 -10.000
3 82 9.715 15.480 -10.000 8.933 15.865 -10.000 8.894 16.562 -10.000
3 82 8.894 16.562 -10.000 10.288 16.111 -10.000 9.715 15.480 -10.000
3 82 8.933 15.865 -10.000 8.066 16.048 -10.000 8.238 16.726 -10.000
3 82 8.238 16.726 -10.000 8.894 16.562 -10.000 8.933 15.865 -10.000
3 82 8.066 16.048 -10.000 7.565 16.002 -10.000 7.787 16.931 -10.000
3 82 7.787 16.931 -10.000 8.238 16.726 -10.000 8.066 16.048 -10.000
3 82 7.565 16.002 -10.000 7.418 16.685 -10.000 7.787 16.931 -10.000
3 82 7.418 16.685 -10.000 7.565 16.002 -10.000 6.789 15.728 -10.000
3 82 6.789 15.728 -10.000 6.844 16.521 -10.000 7.418 16.685 -10.000
3 82 6.844 16.521 -10.000 6.789 15.728 -10.000 6.122 15.266 -10.000
3 82 6.122 15.266 -10.000 5.409 15.783 -10.000 6.844 16.521 -10.000
3 82 5.409 15.783 -10.000 6.122 15.266 -10.000 5.512 14.588 -10.000
3 82 5.512 14.588 -10.000 4.753 15.168 -10.000 5.409 15.783 -10.000
3 82 4.753 15.168 -10.000 5.512 14.588 -10.000 4.179 14.020 -10.000
3 82 4.179 14.020 -10.000 4.384 14.676 -10.000 4.753 15.168 -10.000
3 82 5.512 14.588 -10.000 5.056 13.676 -10.000 4.384 13.118 -10.000
3 82 4.384 13.118 -10.000 4.179 14.020 -10.000 5.512 14.588 -10.000
3 82 5.056 13.676 -10.000 5.010 12.763 -10.000 4.794 12.052 -10.000
3 82 4.794 12.052 -10.000 4.384 13.118 -10.000 5.056 13.676 -10.000
3 82 5.010 12.763 -10.000 5.216 11.782 -10.000 5.163 11.027 -10.000
3 82 5.163 11.027 -10.000 4.794 12.052 -10.000 5.010 12.763 -10.000
3 82 5.163 11.027 -10.000 5.216 11.782 -10.000 5.877 9.524 -10.000
3 82 5.877 9.524 -10.000 5.204 10.412 -10.000 5.163 11.027 -10.000
3 82 5.877 9.524 -10.000 4.917 9.715 -10.000 5.204 10.412 -10.000
3 300 8.249 9.160 -10.000 7.747 9.388 -10.000 7.483 11.964 -10.000
3 300 7.483 11.964 -10.000 8.194 10.783 -10.000 8.249 9.160 -10.000
3 300 7.747 9.388 -10.000 6.926 9.479 -10.000 7.483 11.964 -10.000
3 300 6.926 9.479 -10.000 5.877 9.524 -10.000 5.216 11.782 -10.000
3 300 5.216 11.782 -10.000 7.483 11.964 -10.000 6.926 9.479 -10.000
3 300 5.216 11.782 -10.000 5.010 12.763 -10.000 5.056 13.676 -10.000
3 300 5.056 13.676 -10.000 7.005 13.161 -10.000 5.216 11.782 -10.000
3 300 5.056 13.676 -10.000 5.512 14.588 -10.000 6.122 15.266 -10.000
3 300 6.122 15.266 -10.000 7.005 13.161 -10.000 5.056 13.676 -10.000
3 300 6.122 15.266 -10.000 6.789 15.728 -10.000 7.565 16.002 -10.000
3 300 7.565 16.002 -10.000 7.995 13.986 -10.000 6.122 15.266 -10.000
3 300 7.565 16.002 -10.000 8.066 16.048 -10.000 8.933 15.865 -10.000
3 300 8.933 15.865 -10.000 7.995 13.986 -10.000 7.565 16.002 -10.000
3 300 8.933 15.865 -10.000 9.715 15.480 -10.000 9.205 14.673 -10.000
3 300 9.205 14.673 -10.000 7.995 13.986 -10.000 8.933 15.865 -10.000
3 300 9.715 15.480 -10.000 10.256 14.862 -10.000 10.803 13.949 -10.000
3 300 10.803 13.949 -10.000 9.085 13.300 -10.000 9.715 15.480 -10.000
3 300 10.803 13.949 -10.000 11.077 12.946 -10.000 11.030 12.129 -10.000
3 300 11.030 12.129 -10.000 9.085 13.300 -10.000 10.803 13.949 -10.000
3 300 11.030 12.129 -10.000 10.667 9.753 -10.000 9.526 9.616 -10.000
3 300 9.526 9.616 -10.000 8.769 12.051 -10.000 11.030 12.129 -10.000
3 300 8.769 12.051 -10.000 9.526 9.616 -10.000 8.796 9.433 -10.000
3 300 8.796 9.433 -10.000 8.194 10.783 -10.000 8.769 12.051 -10.000
3 300 8.249 9.160 -10.000 8.194 10.783 -10.000 8.796 9.433 -10.000
3 0 7.172 8.936 -10.000 6.516 8.280 -10.000 5.573 8.116 -10.000
3 0 5.573 8.116 -10.000 6.475 8.936 -10.000 7.172 8.936 -10.000
3 0 5.573 8.116 -10.000 5.737 8.731 -10.000 6.475 8.936 -10.000
3 0 5.573 8.116 -10.000 4.220 9.592 -10.000 4.917 9.715 -10.000
3 0 4.917 9.715 -10.000 5.737 8.731 -10.000 5.573 8.116 -10.000
3 0 4.220 9.592 -10.000 4.507 10.207 -10.000 5.204 10.412 -10.000
3 0 5.204 10.412 -10.000 4.917 9.715 -10.000 4.220 9.592 -10.000
3 0 4.507 10.207 -10.000 4.384 11.478 -10.000 5.163 11.027 -10.000
3 0 5.163 11.027 -10.000 5.204 10.412 -10.000 4.507 10.207 -10.000
3 0 5.163 11.027 -10.000 4.384 11.478 -10.000 3.851 12.749 -10.000
3 0 3.851 12.749 -10.000 4.794 12.052 -10.000 5.163 11.027 -10.000
3 0 4.794 12.052 -10.000 3.851 12.749 -10.000 3.564 14.061 -10.000
3 0 3.564 14.061 -10.000 4.384 13.118 -10.000 4.794 12.052 -10.000
3 0 4.384 13.118 -10.000 3.564 14.061 -10.000 3.687 14.799 -10.000
3 0 3.687 14.799 -10.000 4.179 14.020 -10.000 4.384 13.118 -10.000
3 0 4.179 14.020 -10.000 3.687 14.799 -10.000 4.261 15.701 -10.000
3 0 4.261 15.701 -10.000 4.384 14.676 -10.000 4.179 14.020 -10.000
3 0 4.384 14.676 -10.000 4.261 15.701 -10.000 5.081 16.398 -10.000
3 0 5.081 16.398 -10.000 4.753 15.168 -10.000 4.384 14.676 -10.000
3 0 4.753 15.168 -10.000 5.081 16.398 -10.000 6.598 17.136 -10.000
3 0 6.598 17.136 -10.000 5.409 15.783 -10.000 4.753 15.168 -10.000
3 0 5.409 15.783 -10.000 6.598 17.136 -10.000 7.295 17.423 -10.000
3 0 7.295 17.423 -10.000 6.844 16.521 -10.000 5.409 15.783 -10.000
3 0 6.844 16.521 -10.000 7.295 17.423 -10.000 7.705 17.669 -10.000
3 0 7.705 17.669 -10.000 7.418 16.685 -10.000 6.844 16.521 -10.000
3 0 7.418 16.685 -10.000 7.705 17.669 -10.000 8.156 17.423 -10.000
3 0 8.156 17.423 -10.000 7.787 16.931 -10.000 7.418 16.685 -10.000
3 0 7.787 16.931 -10.000 8.156 17.423 -10.000 9.181 17.136 -10.000
3 0 9.181 17.136 -10.000 8.238 16.726 -10.000 7.787 16.931 -10.000
3 0 8.238 16.726 -10.000 9.181 17.136 -10.000 10.903 16.644 -10.000
3 0 10.903 16.644 -10.000 8.894 16.562 -10.000 8.238 16.726 -10.000
3 0 8.894 16.562 -10.000 10.903 16.644 -10.000 11.764 16.070 -10.000
3 0 11.764 16.070 -10.000 10.288 16.111 -10.000 8.894 16.562 -10.000
3 0 10.288 16.111 -10.000 11.764 16.070 -10.000 12.379 15.004 -10.000
3 0 12.379 15.004 -10.000 11.190 15.455 -10.000 10.288 16.111 -10.000
3 0 11.190 15.455 -10.000 12.379 15.004 -10.000 12.461 13.897 -10.000
3 0 12.461 13.897 -10.000 11.641 14.635 -10.000 11.190 15.455 -10.000
3 0 11.641 14.635 -10.000 12.461 13.897 -10.000 12.215 12.790 -10.000
3 0 12.215 12.790 -10.000 11.641 13.610 -10.000 11.641 14.635 -10.000
3 0 11.641 13.610 -10.000 12.215 12.790 -10.000 12.051 11.929 -10.000
3 0 12.051 11.929 -10.000 11.436 12.831 -10.000 11.641 13.610 -10.000
3 0 11.436 12.831 -10.000 12.051 11.929 -10.000 11.190 11.478 -10.000
3 0 11.190 11.478 -10.000 11.231 12.093 -10.000 11.436 12.831 -10.000
3 0 12.051 11.929 -10.000 12.051 11.273 -10.000 11.231 10.781 -10.000
3 0 11.231 10.781 -10.000 11.190 11.478 -10.000 12.051 11.929 -10.000
3 0 12.051 11.273 -10.000 12.174 10.781 -10.000 11.559 10.207 -10.000
3 0 11.559 10.207 -10.000 11.231 10.781 -10.000 12.051 11.273 -10.000
3 0 12.174 10.781 -10.000 12.379 10.330 -10.000 11.395 8.567 -10.000
3 0 11.395 8.567 -10.000 11.559 10.207 -10.000 12.174 10.781 -10.000
3 0 11.395 8.567 -10.000 10.944 9.141 -10.000 11.559 10.207 -10.000
3 0 11.395 8.567 -10.000 10.616 8.608 -10.000 10.329 9.141 -10.000
3 0 10.329 9.141 -10.000 10.944 9.141 -10.000 11.395 8.567 -10.000
3 0 10.616 8.608 -10.000 9.673 8.567 -10.000 9.550 9.100 -10.000
3 0 9.550 9.100 -10.000 10.329 9.141 -10.000 10.616 8.608 -10.000
3 0 9.673 8.567 -10.000 8.894 8.936 -10.000 9.550 9.100 -10.000
3 82 7.579 6.876 -10.000 7.452 7.350 -10.000 7.579 7.824 -10.000
3 82 7.579 7.824 -10.000 8.400 6.402 -10.000 7.579 6.876 -10.000
3 82 7.579 7.824 -10.000 7.826 8.171 -10.000 8.350 7.800 -10.000
3 82 8.350 7.800 -10.000 8.400 6.402 -10.000 7.579 7.824 -10.000
3 82 8.350 7.800 -10.000 8.874 8.171 -10.000 9.221 7.824 -10.000
3 82 9.221 7.824 -10.000 8.400 6.402 -10.000 8.350 7.800 -10.000
3 82 9.221 7.824 -10.000 9.348 7.350 -10.000 9.221 6.876 -10.000
3 82 9.221 6.876 -10.000 8.400 6.402 -10.000 9.221 7.824 -10.000
3 82 8.400 6.402 -10.000 9.221 6.876 -10.000 8.874 6.529 -10.000
3 82 8.400 6.402 -10.000 7.926 6.529 -10.000 7.579 6.876 -10.000
3 0 7.579 6.876 -10.000 6.957 6.517 -10.000 6.733 7.350 -10.000
3 0 6.733 7.350 -10.000 7.452 7.350 -10.000 7.579 6.876 -10.000
3 0 7.452 7.350 -10.000 6.733 7.350 -10.000 6.957 8.183 -10.000
3 0 6.957 8.183 -10.000 7.579 7.824 -10.000 7.452 7.350 -10.000
3 0 7.579 7.824 -10.000 6.957 8.183 -10.000 7.172 8.936 -10.000
3 0 7.172 8.936 -10.000 7.826 8.171 -10.000 7.579 7.824 -10.000
3 0 8.874 8.171 -10.000 8.894 8.936 -10.000 9.843 8.183 -10.000
3 0 9.843 8.183 -10.000 9.221 7.824 -10.000 8.874 8.171 -10.000
3 0 9.221 7.824 -10.000 9.843 8.183 -10.000 10.067 7.350 -10.000
3 0 10.067 7.350 -10.000 9.348 7.350 -10.000 9.221 7.824 -10.000
3 0 9.348 7.350 -10.000 10.067 7.350 -10.000 9.843 6.517 -10.000
3 0 9.843 6.517 -10.000 9.221 6.876 -10.000 9.348 7.350 -10.000
3 0 9.221 6.876 -10.000 9.843 6.517 -10.000 9.233 5.907 -10.000
3 0 9.233 5.907 -10.000 8.874 6.529 -10.000 9.221 6.876 -10.000
3 0 8.874 6.529 -10.000 9.233 5.907 -10.000 8.400 5.683 -10.000
3 0 8.400 5.683 -10.000 8.400 6.402 -10.000 8.874 6.529 -10.000
3 0 8.400 6.402 -10.000 8.400 5.683 -10.000 7.567 5.907 -10.000
3 0 7.567 5.907 -10.000 7.926 6.529 -10.000 8.400 6.402 -10.000
3 0 7.926 6.529 -10.000 7.567 5.907 -10.000 6.957 6.517 -10.000
3 0 6.957 6.517 -10.000 7.579 6.876 -10.000 7.926 6.529 -10.000
3 82 9.205 14.673 -10.000 9.085 13.300 -10.000 8.769 12.051 -10.000
3 82 8.769 12.051 -10.000 7.995 13.986 -10.000 9.205 14.673 -10.000
3 82 8.769 12.051 -10.000 9.085 13.300 -10.000 10.112 12.360 -10.000
3 82 8.769 12.051 -10.000 7.005 13.161 -10.000 6.726 14.525 -10.000
3 82 6.726 14.525 -10.000 7.995 13.986 -10.000 8.769 12.051 -10.000
3 82 7.005 13.161 -10.000 8.769 12.051 -10.000 8.194 10.783 -10.000
3 82 8.194 10.783 -10.000 7.483 11.964 -10.000 7.005 13.161 -10.000
3 82 7.483 11.964 -10.000 6.101 12.121 -10.000 7.005 13.161 -10.000
3 300 5.216 11.782 -10.000 6.101 12.121 -10.000 7.483 11.964 -10.000
3 300 5.216 11.782 -10.000 7.005 13.161 -10.000 6.101 12.121 -10.000
3 300 7.005 13.161 -10.000 6.122 15.266 -10.000 6.726 14.525 -10.000
3 300 7.995 13.986 -10.000 6.726 14.525 -10.000 6.122 15.266 -10.000
3 300 9.085 13.300 -10.000 9.205 14.673 -10.000 9.715 15.480 -10.000
3 300 11.030 12.129 -10.000 10.112 12.360 -10.000 9.085 13.300 -10.000
3 300 8.769 12.051 -10.000 10.112 12.360 -10.000 11.030 12.129 -10.000
3 0 8.320 8.649 -10.000 8.894 8.936 -10.000 8.874 8.171 -10.000
3 0 8.874 8.171 -10.000 8.350 7.800 -10.000 8.320 8.649 -10.000
3 0 9.843 8.183 -10.000 8.894 8.936 -10.000 9.673 8.567 -10.000
3 0 6.957 8.183 -10.000 6.516 8.280 -10.000 7.172 8.936 -10.000
3 0 7.172 8.936 -10.000 7.746 8.854 -10.000 8.320 8.649 -10.000
3 0 8.320 8.649 -10.000 7.826 8.171 -10.000 7.172 8.936 -10.000
3 0 8.350 7.800 -10.000 7.826 8.171 -10.000 8.320 8.649 -10.000
3 0 -4.283 22.418 -10.000 -5.700 23.237 -10.000 -4.300 23.200 -10.000
3 0 -4.300 23.200 -10.000 -4.150 22.650 -10.000 -4.283 22.418 -10.000
3 0 -4.300 23.200 -10.000 -3.850 23.100 -10.000 -3.800 22.800 -10.000
3 0 -3.800 22.800 -10.000 -4.150 22.650 -10.000 -4.300 23.200 -10.000
3 82 -7.406 14.235 -10.000 -7.531 14.700 -10.000 -7.406 15.166 -10.000
3 82 -7.406 15.166 -10.000 -6.600 13.769 -10.000 -7.406 14.235 -10.000
3 82 -7.406 15.166 -10.000 -7.066 15.506 -10.000 -6.600 15.631 -10.000
3 82 -6.600 15.631 -10.000 -6.600 13.769 -10.000 -7.406 15.166 -10.000
3 82 -6.600 15.631 -10.000 -6.135 15.506 -10.000 -5.794 15.166 -10.000
3 82 -5.794 15.166 -10.000 -6.600 13.769 -10.000 -6.600 15.631 -10.000
3 82 -5.794 15.166 -10.000 -5.669 14.700 -10.000 -5.794 14.235 -10.000
3 82 -5.794 14.235 -10.000 -6.600 13.769 -10.000 -5.794 15.166 -10.000
3 82 -6.600 13.769 -10.000 -5.794 14.235 -10.000 -6.135 13.894 -10.000
3 82 -6.600 13.769 -10.000 -7.066 13.894 -10.000 -7.406 14.235 -10.000
3 0 -7.406 14.235 -10.000 -8.018 13.882 -10.000 -8.237 14.700 -10.000
3 0 -8.237 14.700 -10.000 -7.531 14.700 -10.000 -7.406 14.235 -10.000
3 0 -7.531 14.700 -10.000 -8.237 14.700 -10.000 -8.018 15.518 -10.000
3 0 -8.018 15.518 -10.000 -7.406 15.166 -10.000 -7.531 14.700 -10.000
3 0 -7.406 15.166 -10.000 -8.018 15.518 -10.000 -7.418 16.118 -10.000
3 0 -7.418 16.118 -10.000 -7.066 15.506 -10.000 -7.406 15.166 -10.000
3 0 -7.066 15.506 -10.000 -7.418 16.118 -10.000 -6.600 16.337 -10.000
3 0 -6.600 16.337 -10.000 -6.600 15.631 -10.000 -7.066 15.506 -10.000
3 0 -6.135 15.506 -10.000 -6.600 15.631 -10.000 -6.600 16.337 -10.000
3 0 -6.135 15.506 -10.000 -6.600 16.337 -10.000 -5.183 15.518 -10.000
3 0 -5.183 15.518 -10.000 -5.794 15.166 -10.000 -6.135 15.506 -10.000
3 0 -5.794 15.166 -10.000 -5.183 15.518 -10.000 -4.963 14.700 -10.000
3 0 -4.963 14.700 -10.000 -5.669 14.700 -10.000 -5.794 15.166 -10.000
3 0 -5.669 14.700 -10.000 -4.963 14.700 -10.000 -5.183 13.882 -10.000
3 0 -5.183 13.882 -10.000 -5.794 14.235 -10.000 -5.669 14.700 -10.000
3 0 -5.794 14.235 -10.000 -5.183 13.882 -10.000 -5.782 13.283 -10.000
3 0 -5.782 13.283 -10.000 -6.135 13.894 -10.000 -5.794 14.235 -10.000
3 0 -6.135 13.894 -10.000 -5.782 13.283 -10.000 -6.600 13.063 -10.000
3 0 -6.600 13.063 -10.000 -6.600 13.769 -10.000 -6.135 13.894 -10.000
3 0 -6.600 13.769 -10.000 -6.600 13.063 -10.000 -7.418 13.283 -10.000
3 0 -7.418 13.283 -10.000 -7.066 13.894 -10.000 -6.600 13.769 -10.000
3 0 -7.066 13.894 -10.000 -7.418 13.283 -10.000 -8.018 13.882 -10.000
3 0 -8.018 13.882 -10.000 -7.406 14.235 -10.000 -7.066 13.894 -10.000
3 0 -5.183 15.518 -10.000 -6.600 16.337 -10.000 -5.200 16.300 -10.000
3 0 -5.200 16.300 -10.000 -5.050 15.750 -10.000 -5.183 15.518 -10.000
3 0 -5.200 16.300 -10.000 -4.750 16.200 -10.000 -4.700 15.900 -10.000
3 0 -4.700 15.900 -10.000 -5.050 15.750 -10.000 -5.200 16.300 -10.000
3 82 4.444 21.235 -10.000 4.319 21.700 -10.000 4.444 22.166 -10.000
3 82 4.444 22.166 -10.000 5.250 20.769 -10.000 4.444 21.235 -10.000
3 82 4.444 22.166 -10.000 4.785 22.506 -10.000 5.250 22.631 -10.000
3 82 5.250 22.631 -10.000 5.250 20.769 -10.000 4.444 22.166 -10.000
3 82 5.250 22.631 -10.000 5.716 22.506 -10.000 6.056 22.166 -10.000
3 82 6.056 22.166 -10.000 5.250 20.769 -10.000 5.250 22.631 -10.000
3 82 6.056 22.166 -10.000 6.181 21.700 -10.000 6.056 21.235 -10.000
3 82 6.056 21.235 -10.000 5.250 20.769 -10.000 6.056 22.166 -10.000
3 82 5.250 20.769 -10.000 6.056 21.235 -10.000 5.716 20.894 -10.000
3 82 5.250 20.769 -10.000 4.785 20.894 -10.000 4.444 21.235 -10.000
3 0 4.444 21.235 -10.000 3.833 20.882 -10.000 3.613 21.700 -10.000
3 0 3.613 21.700 -10.000 4.319 21.700 -10.000 4.444 21.235 -10.000
3 0 4.319 21.700 -10.000 3.613 21.700 -10.000 3.833 22.518 -10.000
3 0 3.833 22.518 -10.000 4.444 22.166 -10.000 4.319 21.700 -10.000
3 0 4.444 22.166 -10.000 3.833 22.518 -10.000 4.432 23.118 -10.000
3 0 4.432 23.118 -10.000 4.785 22.506 -10.000 4.444 22.166 -10.000
3 0 4.785 22.506 -10.000 4.432 23.118 -10.000 5.250 23.337 -10.000
3 0 5.250 23.337 -10.000 5.250 22.631 -10.000 4.785 22.506 -10.000
3 0 5.716 22.506 -10.000 5.250 22.631 -10.000 5.250 23.337 -10.000
3 0 5.716 22.506 -10.000 5.250 23.337 -10.000 6.668 22.518 -10.000
3 0 6.668 22.518 -10.000 6.056 22.166 -10.000 5.716 22.506 -10.000
3 0 6.056 22.166 -10.000 6.668 22.518 -10.000 6.887 21.700 -10.000
3 0 6.887 21.700 -10.000 6.181 21.700 -10.000 6.056 22.166 -10.000
3 0 6.181 21.700 -10.000 6.887 21.700 -10.000 6.668 20.882 -10.000
3 0 6.668 20.882 -10.000 6.056 21.235 -10.000 6.181 21.700 -10.000
3 0 6.056 21.235 -10.000 6.668 20.882 -10.000 6.068 20.283 -10.000
3 0 6.068 20.283 -10.000 5.716 20.894 -10.000 6.056 21.235 -10.000
3 0 5.716 20.894 -10.000 6.068 20.283 -10.000 5.250 20.063 -10.000
3 0 5.250 20.063 -10.000 5.250 20.769 -10.000 5.716 20.894 -10.000
3 0 5.250 20.769 -10.000 5.250 20.063 -10.000 4.432 20.283 -10.000
3 0 4.432 20.283 -10.000 4.785 20.894 -10.000 5.250 20.769 -10.000
3 0 4.785 20.894 -10.000 4.432 20.283 -10.000 3.833 20.882 -10.000
3 0 3.833 20.882 -10.000 4.444 21.235 -10.000 4.785 20.894 -10.000
3 0 6.668 22.518 -10.000 5.250 23.337 -10.000 6.650 23.300 -10.000
3 0 6.650 23.300 -10.000 6.800 22.750 -10.000 6.668 22.518 -10.000
3 0 6.650 23.300 -10.000 7.100 23.200 -10.000 7.150 22.900 -10.000
3 0 7.150 22.900 -10.000 6.800 22.750 -10.000 6.650 23.300 -10.000
3 82 -9.006 6.835 -10.000 -9.131 7.300 -10.000 -9.006 7.766 -10.000
3 82 -9.006 7.766 -10.000 -8.200 6.369 -10.000 -9.006 6.835 -10.000
3 82 -9.006 7.766 -10.000 -8.666 8.106 -10.000 -8.200 8.231 -10.000
3 82 -8.200 8.231 -10.000 -8.200 6.369 -10.000 -9.006 7.766 -10.000
3 82 -8.200 8.231 -10.000 -7.735 8.106 -10.000 -7.394 7.766 -10.000
3 82 -7.394 7.766 -10.000 -8.200 6.369 -10.000 -8.200 8.231 -10.000
3 82 -7.394 7.766 -10.000 -7.269 7.300 -10.000 -7.394 6.835 -10.000
3 82 -7.394 6.835 -10.000 -8.200 6.369 -10.000 -7.394 7.766 -10.000
3 82 -8.200 6.369 -10.000 -7.394 6.835 -10.000 -7.735 6.494 -10.000
3 82 -8.200 6.369 -10.000 -8.666 6.494 -10.000 -9.006 6.835 -10.000
3 0 -9.131 7.300 -10.000 -9.006 6.835 -10.000 -9.018 5.883 -10.000
3 0 -9.018 5.883 -10.000 -10.000 7.350 -10.000 -9.131 7.300 -10.000
3 0 -9.131 7.300 -10.000 -10.000 7.350 -10.000 -9.350 9.000 -10.000
3 0 -9.350 9.000 -10.000 -9.006 7.766 -10.000 -9.131 7.300 -10.000
3 0 -9.006 7.766 -10.000 -9.350 9.000 -10.000 -8.666 8.106 -10.000
3 0 -8.666 8.106 -10.000 -9.350 9.000 -10.000 -8.200 9.037 -10.000
3 0 -8.200 9.037 -10.000 -8.200 8.231 -10.000 -8.666 8.106 -10.000
3 0 -7.735 8.106 -10.000 -8.200 8.231 -10.000 -8.200 9.037 -10.000
3 0 -7.735 8.106 -10.000 -8.200 9.037 -10.000 -6.783 8.118 -10.000
3 0 -6.783 8.118 -10.000 -7.394 7.766 -10.000 -7.735 8.106 -10.000
3 0 -7.394 7.766 -10.000 -6.783 8.118 -10.000 -6.563 7.300 -10.000
3 0 -6.563 7.300 -10.000 -7.269 7.300 -10.000 -7.394 7.766 -10.000
3 0 -7.269 7.300 -10.000 -6.563 7.300 -10.000 -6.783 6.482 -10.000
3 0 -6.783 6.482 -10.000 -7.394 6.835 -10.000 -7.269 7.300 -10.000
3 0 -7.394 6.835 -10.000 -6.783 6.482 -10.000 -7.382 5.883 -10.000
3 0 -7.382 5.883 -10.000 -7.735 6.494 -10.000 -7.394 6.835 -10.000
3 0 -7.735 6.494 -10.000 -7.382 5.883 -10.000 -8.200 5.663 -10.000
3 0 -8.200 5.663 -10.000 -8.200 6.369 -10.000 -7.735 6.494 -10.000
3 0 -8.200 6.369 -10.000 -8.200 5.663 -10.000 -9.018 5.883 -10.000
3 0 -9.018 5.883 -10.000 -8.666 6.494 -10.000 -8.200 6.369 -10.000
3 0 -9.018 5.883 -10.000 -9.006 6.835 -10.000 -8.666 6.494 -10.000
3 0 -6.783 8.118 -10.000 -8.200 9.037 -10.000 -6.800 8.900 -10.000
3 0 -6.800 8.900 -10.000 -6.650 8.350 -10.000 -6.783 8.118 -10.000
3 0 -6.800 8.900 -10.000 -6.350 8.800 -10.000 -6.300 8.500 -10.000
3 0 -6.300 8.500 -10.000 -6.650 8.350 -10.000 -6.800 8.900 -10.000
3 0 -1.000 0.900 -10.000 -2.650 3.100 -10.000 -2.600 5.000 -10.000
3 0 -2.600 5.000 -10.000 -0.300 2.350 -10.000 -1.000 0.900 -10.000
3 82 -4.850 2.350 -10.000 -5.250 2.950 -10.000 -3.450 4.550 -10.000
3 82 -3.450 4.550 -10.000 -3.000 3.800 -10.000 -4.850 2.350 -10.000
3 0 -2.650 3.100 -10.000 -3.000 3.800 -10.000 -2.600 5.000 -10.000
3 0 -3.000 3.800 -10.000 -3.450 4.550 -10.000 -2.600 5.000 -10.000
3 0 -3.450 4.550 -10.000 -3.950 5.150 -10.000 -3.150 5.750 -10.000
3 0 -3.150 5.750 -10.000 -2.600 5.000 -10.000 -3.450 4.550 -10.000
3 0 -3.950 5.150 -10.000 -4.550 5.750 -10.000 -3.529 6.331 -10.000
3 0 -3.529 6.331 -10.000 -3.150 5.750 -10.000 -3.950 5.150 -10.000
3 0 -3.900 6.900 -10.000 -4.550 5.750 -10.000 -5.250 6.750 -10.000
3 0 -5.250 6.750 -10.000 -4.450 7.100 -10.000 -3.900 6.900 -10.000
3 0 -5.250 6.750 -10.000 -4.550 5.750 -10.000 -6.400 4.000 -10.000
3 0 -6.400 4.000 -10.000 -6.050 6.050 -10.000 -5.250 6.750 -10.000
3 0 -6.400 4.000 -10.000 -6.600 5.300 -10.000 -6.050 6.050 -10.000
3 0 -6.600 5.300 -10.000 -6.400 4.000 -10.000 -7.600 2.400 -10.000
3 0 -7.600 2.400 -10.000 -7.500 4.350 -10.000 -6.600 5.300 -10.000
3 0 -7.500 4.350 -10.000 -7.600 2.400 -10.000 -9.050 1.600 -10.000
3 0 -9.050 1.600 -10.000 -8.750 2.650 -10.000 -7.500 4.350 -10.000
3 0 -7.600 2.400 -10.000 -8.100 1.600 -10.000 -8.950 0.850 -10.000
3 0 -8.950 0.850 -10.000 -9.050 1.600 -10.000 -7.600 2.400 -10.000
3 0 -8.950 0.850 -10.000 -8.100 1.600 -10.000 -8.150 0.900 -10.000
3 0 -3.950 5.150 -10.000 -5.250 2.950 -10.000 -5.750 2.350 -10.000
3 0 -5.750 2.350 -10.000 -7.600 1.300 -10.000 -3.950 5.150 -10.000
3 0 -5.750 2.350 -10.000 -7.200 0.950 -10.000 -7.600 0.950 -10.000
3 0 -7.600 0.950 -10.000 -7.600 1.300 -10.000 -5.750 2.350 -10.000
3 0 -5.250 2.950 -10.000 -3.950 5.150 -10.000 -3.450 4.550 -10.000
3 0 -3.000 3.800 -10.000 -2.650 3.100 -10.000 -4.550 1.600 -10.000
3 0 -4.550 1.600 -10.000 -4.850 2.350 -10.000 -3.000 3.800 -10.000
3 0 -4.550 1.600 -10.000 -5.050 1.600 -10.000 -5.750 2.350 -10.000
3 0 -5.750 2.350 -10.000 -4.850 2.350 -10.000 -4.550 1.600 -10.000
3 0 -4.850 2.350 -10.000 -5.750 2.350 -10.000 -5.250 2.950 -10.000
3 0 -1.000 0.900 -10.000 -0.300 2.350 -10.000 0.300 2.350 -10.000
3 0 0.300 2.350 -10.000 0.000 0.800 -10.000 -1.000 0.900 -10.000
3 0 -4.550 5.750 -10.000 -3.900 6.900 -10.000 -3.529 6.331 -10.000
3 0 -3.529 6.331 -10.000 -3.900 6.900 -10.000 0.000 7.000 -10.000
3 0 0.000 7.000 -10.000 0.000 6.450 -10.000 -3.529 6.331 -10.000
3 0 0.000 5.850 -10.000 0.000 5.150 -10.000 -2.600 5.000 -10.000
3 0 -2.600 5.000 -10.000 -3.150 5.750 -10.000 0.000 5.850 -10.000
3 0 1.000 0.900 -10.000 0.300 2.350 -10.000 2.600 5.000 -10.000
3 0 2.600 5.000 -10.000 2.650 3.100 -10.000 1.000 0.900 -10.000
3 0 0.000 0.800 -10.000 0.300 2.350 -10.000 1.000 0.900 -10.000
3 0 0.000 5.850 -10.000 3.150 5.750 -10.000 2.600 5.000 -10.000
3 0 2.600 5.000 -10.000 0.000 5.150 -10.000 0.000 5.850 -10.000
3 0 2.650 3.100 -10.000 2.600 5.000 -10.000 3.000 3.800 -10.000
3 0 3.000 3.800 -10.000 2.600 5.000 -10.000 3.450 4.550 -10.000
3 0 3.450 4.550 -10.000 2.600 5.000 -10.000 3.150 5.750 -10.000
3 0 3.150 5.750 -10.000 3.950 5.150 -10.000 3.450 4.550 -10.000
3 0 3.000 3.800 -10.000 4.850 2.350 -10.000 4.550 1.600 -10.000
3 0 4.550 1.600 -10.000 2.650 3.100 -10.000 3.000 3.800 -10.000
3 0 3.950 5.150 -10.000 3.150 5.750 -10.000 3.529 6.331 -10.000
3 0 3.529 6.331 -10.000 4.550 5.750 -10.000 3.950 5.150 -10.000
3 82 4.850 2.350 -10.000 3.000 3.800 -10.000 3.450 4.550 -10.000
3 82 3.450 4.550 -10.000 5.250 2.950 -10.000 4.850 2.350 -10.000
3 0 3.450 4.550 -10.000 3.950 5.150 -10.000 7.600 1.300 -10.000
3 0 7.600 1.300 -10.000 5.250 2.950 -10.000 3.450 4.550 -10.000
3 0 5.750 2.350 -10.000 7.600 1.300 -10.000 7.600 0.950 -10.000
3 0 7.600 0.950 -10.000 7.200 0.950 -10.000 5.750 2.350 -10.000
3 0 4.550 1.600 -10.000 4.850 2.350 -10.000 5.750 2.350 -10.000
3 0 5.750 2.350 -10.000 5.050 1.600 -10.000 4.550 1.600 -10.000
3 0 5.750 2.350 -10.000 4.850 2.350 -10.000 5.250 2.950 -10.000
3 0 3.900 6.900 -10.000 4.450 7.100 -10.000 5.250 6.750 -10.000
3 0 5.250 6.750 -10.000 4.550 5.750 -10.000 3.900 6.900 -10.000
3 0 5.250 6.750 -10.000 6.050 6.050 -10.000 6.400 4.000 -10.000
3 0 6.400 4.000 -10.000 4.550 5.750 -10.000 5.250 6.750 -10.000
3 0 4.550 5.750 -10.000 3.529 6.331 -10.000 3.900 6.900 -10.000
3 0 3.529 6.331 -10.000 0.000 6.450 -10.000 0.000 7.000 -10.000
3 0 0.000 7.000 -10.000 3.900 6.900 -10.000 3.529 6.331 -10.000
3 0 7.600 1.300 -10.000 5.750 2.350 -10.000 5.250 2.950 -10.000
3 0 6.400 4.000 -10.000 6.050 6.050 -10.000 6.600 5.300 -10.000
3 0 6.600 5.300 -10.000 7.500 4.350 -10.000 7.600 2.400 -10.000
3 0 7.600 2.400 -10.000 6.400 4.000 -10.000 6.600 5.300 -10.000
3 0 8.750 2.650 -10.000 9.050 1.600 -10.000 8.100 1.600 -10.000
3 0 8.100 1.600 -10.000 7.600 2.400 -10.000 8.750 2.650 -10.000
3 0 9.050 1.600 -10.000 8.950 0.850 -10.000 8.150 0.900 -10.000
3 0 8.150 0.900 -10.000 8.100 1.600 -10.000 9.050 1.600 -10.000
3 0 7.600 2.400 -10.000 7.500 4.350 -10.000 8.750 2.650 -10.000
3 0 -2.417 27.052 -10.000 -2.908 26.921 -10.000 -3.011 27.700 -10.000
3 0 -3.011 27.700 -10.000 -2.503 27.700 -10.000 -2.417 27.052 -10.000
3 0 -2.503 27.700 -10.000 -3.011 27.700 -10.000 -2.908 28.479 -10.000
3 0 -2.908 28.479 -10.000 -2.417 28.348 -10.000 -2.503 27.700 -10.000
3 0 -2.417 28.348 -10.000 -2.908 28.479 -10.000 -2.607 29.205 -10.000
3 0 -2.607 29.205 -10.000 -2.167 28.951 -10.000 -2.417 28.348 -10.000
3 0 -2.167 28.951 -10.000 -2.607 29.205 -10.000 -2.279 29.679 -10.000
3 0 -2.279 29.679 -10.000 -1.770 29.470 -10.000 -2.167 28.951 -10.000
3 0 -1.770 29.470 -10.000 -2.279 29.679 -10.000 -1.505 30.307 -10.000
3 0 -1.505 30.307 -10.000 -1.251 29.867 -10.000 -1.770 29.470 -10.000
3 0 -1.251 29.867 -10.000 -1.505 30.307 -10.000 -0.779 30.608 -10.000
3 0 -0.779 30.608 -10.000 -0.648 30.117 -10.000 -1.251 29.867 -10.000
3 0 -0.648 30.117 -10.000 -0.779 30.608 -10.000 0.000 30.711 -10.000
3 0 0.000 30.711 -10.000 0.000 30.203 -10.000 -0.648 30.117 -10.000
3 0 0.000 30.203 -10.000 0.000 30.711 -10.000 0.779 30.608 -10.000
3 0 0.779 30.608 -10.000 0.648 30.117 -10.000 0.000 30.203 -10.000
3 0 0.648 30.117 -10.000 0.779 30.608 -10.000 1.505 30.307 -10.000
3 0 1.505 30.307 -10.000 1.251 29.867 -10.000 0.648 30.117 -10.000
3 0 1.251 29.867 -10.000 1.505 30.307 -10.000 2.279 29.679 -10.000
3 0 2.279 29.679 -10.000 1.770 29.470 -10.000 1.251 29.867 -10.000
3 0 1.770 29.470 -10.000 2.279 29.679 -10.000 2.607 29.205 -10.000
3 0 2.607 29.205 -10.000 2.167 28.951 -10.000 1.770 29.470 -10.000
3 0 2.167 28.951 -10.000 2.607 29.205 -10.000 2.908 28.479 -10.000
3 0 2.908 28.479 -10.000 2.417 28.348 -10.000 2.167 28.951 -10.000
3 0 2.417 28.348 -10.000 2.908 28.479 -10.000 3.011 27.700 -10.000
3 0 3.011 27.700 -10.000 2.503 27.700 -10.000 2.417 28.348 -10.000
3 0 2.503 27.700 -10.000 3.011 27.700 -10.000 2.908 26.921 -10.000
3 0 2.908 26.921 -10.000 2.417 27.052 -10.000 2.503 27.700 -10.000
3 0 2.417 27.052 -10.000 2.908 26.921 -10.000 2.607 26.195 -10.000
3 0 2.607 26.195 -10.000 2.167 26.449 -10.000 2.417 27.052 -10.000
3 0 2.167 26.449 -10.000 2.607 26.195 -10.000 2.279 25.721 -10.000
3 0 2.279 25.721 -10.000 1.770 25.930 -10.000 2.167 26.449 -10.000
3 0 1.770 25.930 -10.000 2.279 25.721 -10.000 1.505 25.093 -10.000
3 0 1.505 25.093 -10.000 1.251 25.533 -10.000 1.770 25.930 -10.000
3 0 1.251 25.533 -10.000 1.505 25.093 -10.000 0.779 24.792 -10.000
3 0 0.779 24.792 -10.000 0.648 25.283 -10.000 1.251 25.533 -10.000
3 0 0.648 25.283 -10.000 0.779 24.792 -10.000 0.000 24.689 -10.000
3 0 0.000 24.689 -10.000 0.000 25.198 -10.000 0.648 25.283 -10.000
3 0 0.000 25.198 -10.000 0.000 24.689 -10.000 -0.779 24.792 -10.000
3 0 -0.779 24.792 -10.000 -0.648 25.283 -10.000 0.000 25.198 -10.000
3 0 -0.648 25.283 -10.000 -0.779 24.792 -10.000 -1.505 25.093 -10.000
3 0 -1.505 25.093 -10.000 -1.251 25.533 -10.000 -0.648 25.283 -10.000
3 0 -1.251 25.533 -10.000 -1.505 25.093 -10.000 -2.279 25.721 -10.000
3 0 -2.279 25.721 -10.000 -1.770 25.930 -10.000 -1.251 25.533 -10.000
3 0 -1.770 25.930 -10.000 -2.279 25.721 -10.000 -2.607 26.195 -10.000
3 0 -2.607 26.195 -10.000 -2.167 26.449 -10.000 -1.770 25.930 -10.000
3 0 -2.167 26.449 -10.000 -2.607 26.195 -10.000 -2.908 26.921 -10.000
3 0 -2.908 26.921 -10.000 -2.417 27.052 -10.000 -2.167 26.449 -10.000
3 300 -0.709 27.406 -10.000 -1.843 26.937 -10.000 -1.995 27.700 -10.000
3 300 -1.995 27.700 -10.000 -0.767 27.700 -10.000 -0.709 27.406 -10.000
3 300 -0.767 27.700 -10.000 -1.995 27.700 -10.000 -1.843 28.463 -10.000
3 300 -1.843 28.463 -10.000 -0.709 27.994 -10.000 -0.767 27.700 -10.000
3 300 -0.709 27.994 -10.000 -1.843 28.463 -10.000 -1.411 29.111 -10.000
3 300 -1.411 29.111 -10.000 -0.543 28.243 -10.000 -0.709 27.994 -10.000
3 300 -0.543 28.243 -10.000 -1.411 29.111 -10.000 -0.763 29.543 -10.000
3 300 -0.763 29.543 -10.000 -0.294 28.409 -10.000 -0.543 28.243 -10.000
3 300 -0.294 28.409 -10.000 -0.763 29.543 -10.000 0.000 29.695 -10.000
3 300 0.000 29.695 -10.000 0.000 28.467 -10.000 -0.294 28.409 -10.000
3 300 0.000 28.467 -10.000 0.000 29.695 -10.000 0.763 29.543 -10.000
3 300 0.763 29.543 -10.000 0.294 28.409 -10.000 0.000 28.467 -10.000
3 300 0.294 28.409 -10.000 0.763 29.543 -10.000 1.411 29.111 -10.000
3 300 1.411 29.111 -10.000 0.543 28.243 -10.000 0.294 28.409 -10.000
3 300 0.543 28.243 -10.000 1.411 29.111 -10.000 1.843 28.463 -10.000
3 300 1.843 28.463 -10.000 0.709 27.994 -10.000 0.543 28.243 -10.000
3 300 0.709 27.994 -10.000 1.843 28.463 -10.000 1.995 27.700 -10.000
3 300 1.995 27.700 -10.000 0.767 27.700 -10.000 0.709 27.994 -10.000
3 300 0.767 27.700 -10.000 1.995 27.700 -10.000 1.843 26.937 -10.000
3 300 1.843 26.937 -10.000 0.709 27.406 -10.000 0.767 27.700 -10.000
3 300 0.709 27.406 -10.000 1.843 26.937 -10.000 1.411 26.290 -10.000
3 300 1.411 26.290 -10.000 0.543 27.157 -10.000 0.709 27.406 -10.000
3 300 0.543 27.157 -10.000 1.411 26.290 -10.000 0.763 25.857 -10.000
3 300 0.763 25.857 -10.000 0.294 26.991 -10.000 0.543 27.157 -10.000
3 300 0.294 26.991 -10.000 0.763 25.857 -10.000 0.000 25.705 -10.000
3 300 0.000 25.705 -10.000 0.000 26.933 -10.000 0.294 26.991 -10.000
3 300 0.000 26.933 -10.000 0.000 25.705 -10.000 -0.763 25.857 -10.000
3 300 -0.763 25.857 -10.000 -0.294 26.991 -10.000 0.000 26.933 -10.000
3 300 -0.294 26.991 -10.000 -0.763 25.857 -10.000 -1.411 26.290 -10.000
3 300 -1.411 26.290 -10.000 -0.543 27.157 -10.000 -0.294 26.991 -10.000
3 300 -0.543 27.157 -10.000 -1.411 26.290 -10.000 -1.843 26.937 -10.000
3 300 -1.843 26.937 -10.000 -0.709 27.406 -10.000 -0.543 27.157 -10.000
3 82 -0.763 25.857 -10.000 0.000 25.705 -10.000 0.000 25.198 -10.000
3 82 0.000 25.198 -10.000 -0.648 25.283 -10.000 -0.763 25.857 -10.000
3 82 -0.648 25.283 -10.000 -1.251 25.533 -10.000 -1.411 26.290 -10.000
3 82 -1.411 26.290 -10.000 -0.763 25.857 -10.000 -0.648 25.283 -10.000
3 82 -1.251 25.533 -10.000 -1.770 25.930 -10.000 -2.167 26.449 -10.000
3 82 -2.167 26.449 -10.000 -1.411 26.290 -10.000 -1.251 25.533 -10.000
3 82 -1.411 26.290 -10.000 -2.167 26.449 -10.000 -2.417 27.052 -10.000
3 82 -2.417 27.052 -10.000 -1.843 26.937 -10.000 -1.411 26.290 -10.000
3 82 -1.843 26.937 -10.000 -2.417 27.052 -10.000 -2.503 27.700 -10.000
3 82 -2.503 27.700 -10.000 -1.995 27.700 -10.000 -1.843 26.937 -10.000
3 82 -0.767 27.700 -10.000 0.000 26.933 -10.000 -0.294 26.991 -10.000
3 82 -0.294 26.991 -10.000 -0.709 27.406 -10.000 -0.767 27.700 -10.000
3 82 -0.294 26.991 -10.000 -0.543 27.157 -10.000 -0.709 27.406 -10.000
3 82 -0.767 27.700 -10.000 -0.709 27.994 -10.000 -0.294 28.409 -10.000
3 82 -0.294 28.409 -10.000 0.000 28.467 -10.000 -0.767 27.700 -10.000
3 82 -1.770 29.470 -10.000 -1.411 29.111 -10.000 -1.843 28.463 -10.000
3 82 -1.843 28.463 -10.000 -2.167 28.951 -10.000 -1.770 29.470 -10.000
3 82 -0.709 27.994 -10.000 -0.543 28.243 -10.000 -0.294 28.409 -10.000
3 82 -2.167 28.951 -10.000 -1.843 28.463 -10.000 -1.995 27.700 -10.000
3 82 -1.995 27.700 -10.000 -2.417 28.348 -10.000 -2.167 28.951 -10.000
3 82 -1.770 29.470 -10.000 -1.251 29.867 -10.000 -0.763 29.543 -10.000
3 82 -0.763 29.543 -10.000 -1.411 29.111 -10.000 -1.770 29.470 -10.000
3 82 -1.995 27.700 -10.000 -2.503 27.700 -10.000 -2.417 28.348 -10.000
3 82 -1.251 29.867 -10.000 -0.648 30.117 -10.000 0.000 29.695 -10.000
3 82 0.000 29.695 -10.000 -0.763 29.543 -10.000 -1.251 29.867 -10.000
3 82 -0.648 30.117 -10.000 0.000 30.203 -10.000 0.648 30.117 -10.000
3 82 0.648 30.117 -10.000 0.000 29.695 -10.000 -0.648 30.117 -10.000
3 82 -0.767 27.700 -10.000 0.000 28.467 -10.000 0.767 27.700 -10.000
3 82 0.767 27.700 -10.000 0.000 26.933 -10.000 -0.767 27.700 -10.000
3 82 2.417 27.052 -10.000 1.995 27.700 -10.000 2.417 28.348 -10.000
3 82 2.417 28.348 -10.000 2.503 27.700 -10.000 2.417 27.052 -10.000
3 82 0.767 27.700 -10.000 0.000 28.467 -10.000 0.294 28.409 -10.000
3 82 0.294 28.409 -10.000 0.709 27.994 -10.000 0.767 27.700 -10.000
3 82 0.767 27.700 -10.000 0.709 27.406 -10.000 0.294 26.991 -10.000
3 82 0.294 26.991 -10.000 0.000 26.933 -10.000 0.767 27.700 -10.000
3 82 1.995 27.700 -10.000 2.417 27.052 -10.000 2.167 26.449 -10.000
3 82 2.167 26.449 -10.000 1.843 26.937 -10.000 1.995 27.700 -10.000
3 82 1.995 27.700 -10.000 1.843 28.463 -10.000 2.167 28.951 -10.000
3 82 2.167 28.951 -10.000 2.417 28.348 -10.000 1.995 27.700 -10.000
3 82 0.709 27.994 -10.000 0.294 28.409 -10.000 0.543 28.243 -10.000
3 82 0.294 26.991 -10.000 0.709 27.406 -10.000 0.543 27.157 -10.000
3 82 1.843 26.937 -10.000 2.167 26.449 -10.000 1.770 25.930 -10.000
3 82 1.770 25.930 -10.000 1.411 26.290 -10.000 1.843 26.937 -10.000
3 82 1.843 28.463 -10.000 1.411 29.111 -10.000 1.770 29.470 -10.000
3 82 1.770 29.470 -10.000 2.167 28.951 -10.000 1.843 28.463 -10.000
3 82 0.763 25.857 -10.000 1.411 26.290 -10.000 1.770 25.930 -10.000
3 82 1.770 25.930 -10.000 1.251 25.533 -10.000 0.763 25.857 -10.000
3 82 1.770 29.470 -10.000 1.411 29.111 -10.000 0.763 29.543 -10.000
3 82 0.763 29.543 -10.000 1.251 29.867 -10.000 1.770 29.470 -10.000
3 82 1.251 25.533 -10.000 0.648 25.283 -10.000 0.000 25.705 -10.000
3 82 0.000 25.705 -10.000 0.763 25.857 -10.000 1.251 25.533 -10.000
3 82 1.251 29.867 -10.000 0.763 29.543 -10.000 0.000 29.695 -10.000
3 82 0.000 29.695 -10.000 0.648 30.117 -10.000 1.251 29.867 -10.000
3 82 0.000 25.198 -10.000 0.000 25.705 -10.000 0.648 25.283 -10.000
3 82 -2.279 25.721 -10.000 -2.650 25.750 -10.000 -3.050 25.900 -10.000
3 82 -3.050 25.900 -10.000 -2.607 26.195 -10.000 -2.279 25.721 -10.000
3 82 -3.050 25.900 -10.000 -3.400 26.350 -10.000 -2.908 26.921 -10.000
3 82 -2.908 26.921 -10.000 -2.607 26.195 -10.000 -3.050 25.900 -10.000
3 82 -2.908 26.921 -10.000 -3.400 26.350 -10.000 -4.800 25.200 -10.000
3 82 -4.800 25.200 -10.000 -3.011 27.700 -10.000 -2.908 26.921 -10.000
3 82 -3.400 26.350 -10.000 -3.400 25.200 -10.000 -4.050 24.700 -10.000
3 82 -4.050 24.700 -10.000 -4.800 25.200 -10.000 -3.400 26.350 -10.000
3 82 -4.050 24.700 -10.000 -4.550 24.850 -10.000 -4.800 25.200 -10.000
3 82 -4.050 24.700 -10.000 -3.400 25.200 -10.000 -3.600 24.850 -10.000
3 0 -2.200 25.300 -10.000 -2.750 25.200 -10.000 -3.050 25.900 -10.000
3 0 -3.050 25.900 -10.000 -2.650 25.750 -10.000 -2.200 25.300 -10.000
3 0 -2.750 25.200 -10.000 -3.400 25.200 -10.000 -3.400 26.350 -10.000
3 0 -3.400 26.350 -10.000 -3.050 25.900 -10.000 -2.750 25.200 -10.000
3 0 -2.750 25.200 -10.000 -2.950 24.700 -10.000 -3.600 24.850 -10.000
3 0 -3.600 24.850 -10.000 -3.400 25.200 -10.000 -2.750 25.200 -10.000
3 0 -2.950 24.700 -10.000 -3.250 24.350 -10.000 -4.050 24.700 -10.000
3 0 -4.050 24.700 -10.000 -3.600 24.850 -10.000 -2.950 24.700 -10.000
3 0 -3.250 24.350 -10.000 -3.850 24.150 -10.000 -4.550 24.850 -10.000
3 0 -4.550 24.850 -10.000 -4.050 24.700 -10.000 -3.250 24.350 -10.000
3 0 -3.850 24.150 -10.000 -4.500 24.200 -10.000 -5.050 24.450 -10.000
3 0 -5.050 24.450 -10.000 -4.550 24.850 -10.000 -3.850 24.150 -10.000
3 0 -4.550 24.850 -10.000 -5.050 24.450 -10.000 -5.400 24.900 -10.000
3 0 -5.400 24.900 -10.000 -4.800 25.200 -10.000 -4.550 24.850 -10.000
3 0 -5.400 24.900 -10.000 -5.500 25.400 -10.000 -4.800 30.200 -10.000
3 0 -4.800 30.200 -10.000 -4.800 25.200 -10.000 -5.400 24.900 -10.000
3 0 -2.750 30.200 -10.000 -3.050 29.500 -10.000 -3.400 29.050 -10.000
3 0 -3.400 29.050 -10.000 -3.400 30.200 -10.000 -2.750 30.200 -10.000
3 0 -2.750 30.200 -10.000 -3.400 30.200 -10.000 -3.600 30.550 -10.000
3 0 -3.600 30.550 -10.000 -2.950 30.700 -10.000 -2.750 30.200 -10.000
3 0 -2.200 30.100 -10.000 -2.650 29.650 -10.000 -3.050 29.500 -10.000
3 0 -3.050 29.500 -10.000 -2.750 30.200 -10.000 -2.200 30.100 -10.000
3 0 -2.950 30.700 -10.000 -3.600 30.550 -10.000 -4.050 30.700 -10.000
3 0 -4.050 30.700 -10.000 -3.250 31.050 -10.000 -2.950 30.700 -10.000
3 0 -3.250 31.050 -10.000 -4.050 30.700 -10.000 -4.550 30.550 -10.000
3 0 -4.550 30.550 -10.000 -3.850 31.250 -10.000 -3.250 31.050 -10.000
3 0 -3.850 31.250 -10.000 -4.550 30.550 -10.000 -5.050 30.950 -10.000
3 0 -5.050 30.950 -10.000 -4.500 31.200 -10.000 -3.850 31.250 -10.000
3 0 -4.550 30.550 -10.000 -4.800 30.200 -10.000 -5.400 30.500 -10.000
3 0 -5.400 30.500 -10.000 -5.050 30.950 -10.000 -4.550 30.550 -10.000
3 0 -5.400 30.500 -10.000 -4.800 30.200 -10.000 -5.500 25.400 -10.000
3 0 -5.500 25.400 -10.000 -5.500 30.000 -10.000 -5.400 30.500 -10.000
3 82 -2.908 28.479 -10.000 -3.400 29.050 -10.000 -3.050 29.500 -10.000
3 82 -3.050 29.500 -10.000 -2.607 29.205 -10.000 -2.908 28.479 -10.000
3 82 -3.400 29.050 -10.000 -4.800 30.200 -10.000 -4.050 30.700 -10.000
3 82 -4.050 30.700 -10.000 -3.400 30.200 -10.000 -3.400 29.050 -10.000
3 82 -3.400 30.200 -10.000 -4.050 30.700 -10.000 -3.600 30.550 -10.000
3 82 -3.050 29.500 -10.000 -2.650 29.650 -10.000 -2.279 29.679 -10.000
3 82 -2.279 29.679 -10.000 -2.607 29.205 -10.000 -3.050 29.500 -10.000
3 82 -2.908 28.479 -10.000 -3.011 27.700 -10.000 -4.800 30.200 -10.000
3 82 -4.800 30.200 -10.000 -3.400 29.050 -10.000 -2.908 28.479 -10.000
3 82 -4.800 30.200 -10.000 -4.550 30.550 -10.000 -4.050 30.700 -10.000
3 0 -2.650 25.750 -10.000 -2.279 25.721 -10.000 -1.505 25.093 -10.000
3 0 -1.505 25.093 -10.000 -2.200 25.300 -10.000 -2.650 25.750 -10.000
3 0 -2.650 29.650 -10.000 -2.200 30.100 -10.000 -1.505 30.307 -10.000
3 0 -1.505 30.307 -10.000 -2.279 29.679 -10.000 -2.650 29.650 -10.000
3 82 -4.800 25.200 -10.000 -4.800 30.200 -10.000 -3.011 27.700 -10.000
3 82 2.279 25.721 -10.000 2.607 26.195 -10.000 3.050 25.900 -10.000
3 82 3.050 25.900 -10.000 2.650 25.750 -10.000 2.279 25.721 -10.000
3 82 3.050 25.900 -10.000 2.607 26.195 -10.000 2.908 26.921 -10.000
3 82 2.908 26.921 -10.000 3.400 26.350 -10.000 3.050 25.900 -10.000
3 82 3.400 26.350 -10.000 4.800 25.200 -10.000 4.050 24.700 -10.000
3 82 4.050 24.700 -10.000 3.400 25.200 -10.000 3.400 26.350 -10.000
3 82 4.050 24.700 -10.000 4.800 25.200 -10.000 4.550 24.850 -10.000
3 82 4.050 24.700 -10.000 3.600 24.850 -10.000 3.400 25.200 -10.000
3 0 2.200 25.300 -10.000 2.650 25.750 -10.000 3.050 25.900 -10.000
3 0 3.050 25.900 -10.000 2.750 25.200 -10.000 2.200 25.300 -10.000
3 0 2.750 25.200 -10.000 3.050 25.900 -10.000 3.400 26.350 -10.000
3 0 3.400 26.350 -10.000 3.400 25.200 -10.000 2.750 25.200 -10.000
3 0 2.750 25.200 -10.000 3.400 25.200 -10.000 3.600 24.850 -10.000
3 0 3.600 24.850 -10.000 2.950 24.700 -10.000 2.750 25.200 -10.000
3 0 2.950 24.700 -10.000 3.600 24.850 -10.000 4.050 24.700 -10.000
3 0 4.050 24.700 -10.000 3.250 24.350 -10.000 2.950 24.700 -10.000
3 0 3.250 24.350 -10.000 4.050 24.700 -10.000 4.550 24.850 -10.000
3 0 4.550 24.850 -10.000 3.850 24.150 -10.000 3.250 24.350 -10.000
3 0 3.850 24.150 -10.000 4.550 24.850 -10.000 5.050 24.450 -10.000
3 0 5.050 24.450 -10.000 4.500 24.200 -10.000 3.850 24.150 -10.000
3 0 4.550 24.850 -10.000 4.800 25.200 -10.000 5.400 24.900 -10.000
3 0 5.400 24.900 -10.000 5.050 24.450 -10.000 4.550 24.850 -10.000
3 0 5.400 24.900 -10.000 4.800 25.200 -10.000 4.800 30.200 -10.000
3 0 4.800 30.200 -10.000 5.500 25.400 -10.000 5.400 24.900 -10.000
3 0 2.650 25.750 -10.000 2.200 25.300 -10.000 1.505 25.093 -10.000
3 0 1.505 25.093 -10.000 2.279 25.721 -10.000 2.650 25.750 -10.000
3 0 2.750 30.200 -10.000 3.400 30.200 -10.000 3.400 29.050 -10.000
3 0 3.400 29.050 -10.000 3.050 29.500 -10.000 2.750 30.200 -10.000
3 0 2.750 30.200 -10.000 2.950 30.700 -10.000 3.600 30.550 -10.000
3 0 3.600 30.550 -10.000 3.400 30.200 -10.000 2.750 30.200 -10.000
3 0 2.200 30.100 -10.000 2.750 30.200 -10.000 3.050 29.500 -10.000
3 0 3.050 29.500 -10.000 2.650 29.650 -10.000 2.200 30.100 -10.000
3 0 2.950 30.700 -10.000 3.250 31.050 -10.000 4.050 30.700 -10.000
3 0 4.050 30.700 -10.000 3.600 30.550 -10.000 2.950 30.700 -10.000
3 0 3.250 31.050 -10.000 3.850 31.250 -10.000 4.550 30.550 -10.000
3 0 4.550 30.550 -10.000 4.050 30.700 -10.000 3.250 31.050 -10.000
3 0 3.850 31.250 -10.000 4.500 31.200 -10.000 5.050 30.950 -10.000
3 0 5.050 30.950 -10.000 4.550 30.550 -10.000 3.850 31.250 -10.000
3 0 4.550 30.550 -10.000 5.050 30.950 -10.000 5.400 30.500 -10.000
3 0 5.400 30.500 -10.000 4.800 30.200 -10.000 4.550 30.550 -10.000
3 0 5.400 30.500 -10.000 5.500 30.000 -10.000 5.500 25.400 -10.000
3 0 5.500 25.400 -10.000 4.800 30.200 -10.000 5.400 30.500 -10.000
3 82 3.400 29.050 -10.000 3.400 30.200 -10.000 4.050 30.700 -10.000
3 82 4.050 30.700 -10.000 4.800 30.200 -10.000 3.400 29.050 -10.000
3 82 3.400 30.200 -10.000 3.600 30.550 -10.000 4.050 30.700 -10.000
3 82 2.650 29.650 -10.000 3.050 29.500 -10.000 3.400 29.050 -10.000
3 82 3.400 29.050 -10.000 2.607 29.205 -10.000 2.650 29.650 -10.000
3 82 2.607 29.205 -10.000 2.279 29.679 -10.000 2.650 29.650 -10.000
3 82 4.800 30.200 -10.000 4.050 30.700 -10.000 4.550 30.550 -10.000
3 0 2.650 29.650 -10.000 2.279 29.679 -10.000 1.505 30.307 -10.000
3 0 1.505 30.307 -10.000 2.200 30.100 -10.000 2.650 29.650 -10.000
3 82 4.800 30.200 -10.000 4.800 25.200 -10.000 3.400 26.350 -10.000
3 82 3.400 26.350 -10.000 3.011 27.700 -10.000 4.800 30.200 -10.000
3 82 2.908 28.479 -10.000 3.400 29.050 -10.000 4.800 30.200 -10.000
3 82 4.800 30.200 -10.000 3.011 27.700 -10.000 2.908 28.479 -10.000
3 82 3.400 26.350 -10.000 2.908 26.921 -10.000 3.011 27.700 -10.000
3 82 2.908 28.479 -10.000 2.607 29.205 -10.000 3.400 29.050 -10.000
3 0 18.050 30.000 -10.000 17.450 25.400 -10.000 13.650 25.400 -10.000
3 0 13.650 25.400 -10.000 5.500 30.000 -10.000 18.050 30.000 -10.000
3 0 11.000 25.400 -10.000 5.500 25.400 -10.000 5.500 30.000 -10.000
3 0 5.500 30.000 -10.000 13.650 25.400 -10.000 13.100 24.800 -10.000
3 0 13.100 24.800 -10.000 11.000 25.400 -10.000 5.500 30.000 -10.000
3 0 11.000 25.400 -10.000 13.100 24.800 -10.000 14.050 23.500 -10.000
3 0 14.050 23.500 -10.000 12.450 24.100 -10.000 11.000 25.400 -10.000
3 0 13.650 25.400 -10.000 14.300 24.800 -10.000 14.000 24.200 -10.000
3 0 14.000 24.200 -10.000 13.100 24.800 -10.000 13.650 25.400 -10.000
3 0 14.300 24.800 -10.000 14.650 24.350 -10.000 14.750 23.850 -10.000
3 0 14.750 23.850 -10.000 14.000 24.200 -10.000 14.300 24.800 -10.000
3 0 14.550 23.750 -10.000 14.000 24.200 -10.000 14.750 23.850 -10.000
3 0 12.450 24.100 -10.000 14.050 23.500 -10.000 14.550 22.450 -10.000
3 0 14.550 22.450 -10.000 13.300 23.100 -10.000 12.450 24.100 -10.000
3 0 13.300 23.100 -10.000 14.550 22.450 -10.000 14.650 21.750 -10.000
3 0 14.650 21.750 -10.000 13.950 22.200 -10.000 13.300 23.100 -10.000
3 0 13.950 22.200 -10.000 14.650 21.750 -10.000 14.400 21.400 -10.000
3 0 14.400 21.400 -10.000 14.200 21.650 -10.000 13.950 22.200 -10.000
3 0 14.400 21.400 -10.000 14.650 21.750 -10.000 14.600 21.450 -10.000
3 0 -17.450 25.400 -10.000 -5.500 30.000 -10.000 -11.000 25.400 -10.000
3 0 -11.000 25.400 -10.000 -13.850 25.350 -10.000 -17.450 25.400 -10.000
3 0 -11.000 25.400 -10.000 -12.000 24.700 -10.000 -13.400 24.400 -10.000
3 0 -13.400 24.400 -10.000 -12.850 25.100 -10.000 -11.000 25.400 -10.000
3 0 -11.000 25.400 -10.000 -12.850 25.100 -10.000 -14.600 25.000 -10.000
3 0 -14.600 25.000 -10.000 -13.850 25.350 -10.000 -11.000 25.400 -10.000
3 0 -12.850 25.100 -10.000 -14.250 24.600 -10.000 -14.950 24.550 -10.000
3 0 -14.950 24.550 -10.000 -14.600 25.000 -10.000 -12.850 25.100 -10.000
3 0 -14.950 24.550 -10.000 -14.250 24.600 -10.000 -14.850 23.950 -10.000
3 0 -14.850 23.950 -10.000 -15.050 24.050 -10.000 -14.950 24.550 -10.000
3 0 -12.000 24.700 -10.000 -12.650 24.000 -10.000 -13.900 23.350 -10.000
3 0 -13.900 23.350 -10.000 -13.400 24.400 -10.000 -12.000 24.700 -10.000
3 0 -12.650 24.000 -10.000 -13.300 23.100 -10.000 -14.000 22.650 -10.000
3 0 -14.000 22.650 -10.000 -13.900 23.350 -10.000 -12.650 24.000 -10.000
3 0 -13.300 23.100 -10.000 -13.550 22.550 -10.000 -13.750 22.300 -10.000
3 0 -13.750 22.300 -10.000 -14.000 22.650 -10.000 -13.300 23.100 -10.000
3 0 -13.750 22.300 -10.000 -13.950 22.350 -10.000 -14.000 22.650 -10.000
3 0 -17.450 25.400 -10.000 -7.300 30.000 -10.000 -5.500 30.000 -10.000
3 0 -17.450 25.400 -10.000 -7.950 30.000 -10.000 -7.300 30.000 -10.000
3 0 -17.450 25.400 -10.000 -8.550 30.000 -10.000 -7.950 30.000 -10.000
3 0 -17.450 25.400 -10.000 -9.300 30.000 -10.000 -8.550 30.000 -10.000
3 0 -17.450 25.400 -10.000 -18.050 30.000 -10.000 -9.300 30.000 -10.000
3 0 -8.100 31.500 -10.000 -7.650 31.500 -10.000 -7.300 30.000 -10.000
3 0 -7.300 30.000 -10.000 -7.950 30.000 -10.000 -8.100 31.500 -10.000
3 0 -9.300 31.500 -10.000 -8.750 31.500 -10.000 -8.550 30.000 -10.000
3 0 -8.550 30.000 -10.000 -9.300 30.000 -10.000 -9.300 31.500 -10.000
3 0 -9.600 25.400 -10.000 -11.000 25.400 -10.000 -5.500 30.000 -10.000
3 0 -8.700 25.400 -10.000 -9.600 25.400 -10.000 -5.500 30.000 -10.000
3 0 -8.100 25.400 -10.000 -8.700 25.400 -10.000 -5.500 30.000 -10.000
3 0 -5.500 25.400 -10.000 -7.550 25.400 -10.000 -5.500 30.000 -10.000
3 0 -7.550 25.400 -10.000 -8.100 25.400 -10.000 -5.500 30.000 -10.000
3 0 -9.600 25.400 -10.000 -8.700 25.400 -10.000 -8.850 22.550 -10.000
3 0 -8.850 22.550 -10.000 -9.650 22.600 -10.000 -9.600 25.400 -10.000
3 0 -8.850 22.550 -10.000 -9.150 19.300 -10.000 -9.950 19.350 -10.000
3 0 -9.950 19.350 -10.000 -9.650 22.600 -10.000 -8.850 22.550 -10.000
3 0 -9.150 19.300 -10.000 -9.500 16.500 -10.000 -10.450 16.450 -10.000
3 0 -10.450 16.450 -10.000 -9.950 19.350 -10.000 -9.150 19.300 -10.000
3 0 -9.500 16.500 -10.000 -10.150 13.350 -10.000 -11.000 13.400 -10.000
3 0 -11.000 13.400 -10.000 -10.450 16.450 -10.000 -9.500 16.500 -10.000
3 0 -10.150 13.350 -10.000 -10.500 10.400 -10.000 -11.350 10.400 -10.000
3 0 -11.350 10.400 -10.000 -11.000 13.400 -10.000 -10.150 13.350 -10.000
3 0 -10.500 10.400 -10.000 -10.550 7.700 -10.000 -11.450 7.600 -10.000
3 0 -11.450 7.600 -10.000 -11.350 10.400 -10.000 -10.500 10.400 -10.000
3 0 -10.550 7.700 -10.000 -10.400 5.900 -10.000 -11.300 5.700 -10.000
3 0 -11.300 5.700 -10.000 -11.450 7.600 -10.000 -10.550 7.700 -10.000
3 0 -10.400 5.900 -10.000 -10.250 4.800 -10.000 -10.950 4.000 -10.000
3 0 -10.950 4.000 -10.000 -11.300 5.700 -10.000 -10.400 5.900 -10.000
3 0 -10.950 4.000 -10.000 -10.250 4.800 -10.000 -6.600 5.300 -10.000
3 0 -6.600 5.300 -10.000 -7.500 4.350 -10.000 -10.950 4.000 -10.000
3 0 -7.550 25.400 -10.000 -7.550 23.700 -10.000 -8.100 23.750 -10.000
3 0 -8.100 23.750 -10.000 -8.100 25.400 -10.000 -7.550 25.400 -10.000
3 0 -7.550 23.700 -10.000 -7.800 22.000 -10.000 -8.350 22.050 -10.000
3 0 -8.350 22.050 -10.000 -8.100 23.750 -10.000 -7.550 23.700 -10.000
3 0 -7.800 22.000 -10.000 -8.000 19.600 -10.000 -8.550 19.600 -10.000
3 0 -8.550 19.600 -10.000 -8.350 22.050 -10.000 -7.800 22.000 -10.000
3 0 -8.000 19.600 -10.000 -8.300 17.100 -10.000 -8.850 17.200 -10.000
3 0 -8.850 17.200 -10.000 -8.550 19.600 -10.000 -8.000 19.600 -10.000
3 0 -8.300 17.100 -10.000 -8.800 14.850 -10.000 -9.350 14.900 -10.000
3 0 -9.350 14.900 -10.000 -8.850 17.200 -10.000 -8.300 17.100 -10.000
3 0 -8.800 14.850 -10.000 -9.250 12.150 -10.000 -9.800 12.250 -10.000
3 0 -9.800 12.250 -10.000 -9.350 14.900 -10.000 -8.800 14.850 -10.000
3 0 -9.250 12.150 -10.000 -9.350 9.000 -10.000 -9.900 9.350 -10.000
3 0 -9.900 9.350 -10.000 -9.800 12.250 -10.000 -9.250 12.150 -10.000
3 0 -10.000 7.350 -10.000 -9.900 9.350 -10.000 -9.350 9.000 -10.000
3 0 -9.850 5.600 -10.000 -10.000 7.350 -10.000 -9.018 5.883 -10.000
3 0 -7.382 5.883 -10.000 -6.783 6.482 -10.000 -5.250 6.750 -10.000
3 0 -5.250 6.750 -10.000 -6.050 6.050 -10.000 -7.382 5.883 -10.000
3 0 18.050 29.450 10.000 10.700 29.450 10.000 11.550 25.400 10.000
3 0 11.550 25.400 10.000 17.450 25.400 10.000 18.050 29.450 10.000
3 0 -17.450 25.400 10.000 -6.250 29.450 10.000 -18.050 29.450 10.000
3 0 9.250 29.450 10.000 -17.450 25.400 10.000 -11.450 25.400 10.000
3 0 -11.450 25.400 10.000 10.700 29.450 10.000 9.250 29.450 10.000
3 0 9.250 29.450 10.000 10.700 29.450 10.000 11.150 29.900 10.000
3 0 11.150 29.900 10.000 10.950 30.150 10.000 9.250 29.450 10.000
3 0 10.700 29.450 10.000 8.650 25.400 10.000 10.550 24.850 10.000
3 0 10.550 24.850 10.000 11.550 25.400 10.000 10.700 29.450 10.000
3 0 11.550 25.400 10.000 10.550 24.850 10.000 11.850 24.250 10.000
3 0 11.850 24.250 10.000 12.450 24.750 10.000 11.550 25.400 10.000
3 0 12.450 24.750 10.000 11.850 24.250 10.000 12.600 23.650 10.000
3 0 12.600 23.650 10.000 13.250 24.050 10.000 12.450 24.750 10.000
3 0 12.600 23.650 10.000 13.050 23.500 10.000 13.300 23.700 10.000
3 0 13.300 23.700 10.000 13.250 24.050 10.000 12.600 23.650 10.000
3 0 -17.450 25.400 10.000 -4.550 29.450 10.000 -6.250 29.450 10.000
3 0 -17.450 25.400 10.000 9.250 29.450 10.000 -4.550 29.450 10.000
3 0 -5.350 25.400 10.000 8.650 25.400 10.000 10.700 29.450 10.000
3 0 -7.750 25.400 10.000 -5.350 25.400 10.000 10.700 29.450 10.000
3 0 -9.400 25.400 10.000 -7.750 25.400 10.000 10.700 29.450 10.000
3 0 -11.450 25.400 10.000 -9.400 25.400 10.000 10.700 29.450 10.000
3 0 -5.350 25.400 10.000 -7.750 25.400 10.000 -8.550 24.700 10.000
3 0 -8.550 24.700 10.000 -7.000 24.800 10.000 -5.350 25.400 10.000
3 0 -7.000 24.800 10.000 -8.550 24.700 10.000 -8.950 23.950 10.000
3 0 -8.950 23.950 10.000 -8.150 24.150 10.000 -7.000 24.800 10.000
3 0 -8.150 24.150 10.000 -8.950 23.950 10.000 -9.000 23.700 10.000
3 0 -9.000 23.700 10.000 -8.800 23.750 10.000 -8.150 24.150 10.000
3 0 -9.400 25.400 10.000 -11.450 25.400 10.000 -12.250 24.800 10.000
3 0 -12.250 24.800 10.000 -10.700 24.850 10.000 -9.400 25.400 10.000
3 0 -10.700 24.850 10.000 -12.250 24.800 10.000 -12.850 23.950 10.000
3 0 -12.850 23.950 10.000 -11.550 24.200 10.000 -10.700 24.850 10.000
3 0 -11.550 24.200 10.000 -12.850 23.950 10.000 -13.000 23.450 10.000
3 0 -13.000 23.450 10.000 -12.400 23.500 10.000 -11.550 24.200 10.000
3 0 -12.850 23.300 10.000 -12.400 23.500 10.000 -13.000 23.450 10.000
3 0 -4.550 29.450 10.000 -5.600 30.050 10.000 -6.700 29.900 10.000
3 0 -6.700 29.900 10.000 -6.250 29.450 10.000 -4.550 29.450 10.000
3 0 -5.600 30.050 10.000 -6.850 30.400 10.000 -7.200 30.200 10.000
3 0 -7.200 30.200 10.000 -6.700 29.900 10.000 -5.600 30.050 10.000
3 0 -7.200 30.200 10.000 -6.850 30.400 10.000 -7.150 30.400 10.000
3 0 0.000 12.550 10.000 0.000 11.950 10.000 4.200 11.900 10.000
3 0 4.200 11.900 10.000 4.350 12.500 10.000 0.000 12.550 10.000
3 0 4.350 12.500 10.000 4.200 11.900 10.000 8.200 11.700 10.000
3 0 8.200 11.700 10.000 8.250 12.350 10.000 4.350 12.500 10.000
3 0 8.250 12.350 10.000 8.200 11.700 10.000 11.450 11.450 10.000
3 0 11.450 11.450 10.000 11.550 12.150 10.000 8.250 12.350 10.000
3 0 11.550 12.150 10.000 11.450 11.450 10.000 14.650 11.100 10.000
3 0 14.650 11.100 10.000 14.850 11.750 10.000 11.550 12.150 10.000
3 0 14.650 11.100 10.000 15.000 11.250 10.000 14.850 11.750 10.000
3 0 0.000 11.350 10.000 0.000 10.550 10.000 4.200 10.500 10.000
3 0 4.200 10.500 10.000 4.350 11.300 10.000 0.000 11.350 10.000
3 0 4.350 11.300 10.000 4.200 10.500 10.000 8.200 10.300 10.000
3 0 8.200 10.300 10.000 8.250 11.150 10.000 4.350 11.300 10.000
3 0 8.250 11.150 10.000 8.200 10.300 10.000 11.450 10.050 10.000
3 0 11.450 10.050 10.000 11.550 10.950 10.000 8.250 11.150 10.000
3 0 11.550 10.950 10.000 11.450 10.050 10.000 14.650 9.700 10.000
3 0 14.650 9.700 10.000 14.850 10.550 10.000 11.550 10.950 10.000
3 0 14.650 9.700 10.000 15.000 10.050 10.000 14.850 10.550 10.000
3 0 0.000 3.000 10.000 0.000 2.100 10.000 2.550 2.050 10.000
3 0 2.550 2.050 10.000 3.150 2.850 10.000 0.000 3.000 10.000
3 0 3.150 2.850 10.000 2.550 2.050 10.000 4.850 1.650 10.000
3 0 4.850 1.650 10.000 5.500 2.500 10.000 3.150 2.850 10.000
3 0 5.500 2.500 10.000 4.850 1.650 10.000 6.450 1.250 10.000
3 0 6.450 1.250 10.000 7.750 1.900 10.000 5.500 2.500 10.000
3 0 6.450 1.250 10.000 7.650 1.000 10.000 8.600 1.050 10.000
3 0 8.600 1.050 10.000 7.750 1.900 10.000 6.450 1.250 10.000
3 0 8.600 1.050 10.000 8.700 1.300 10.000 7.750 1.900 10.000
3 0 0.000 12.550 10.000 -4.350 12.500 10.000 -4.200 11.900 10.000
3 0 -4.200 11.900 10.000 0.000 11.950 10.000 0.000 12.550 10.000
3 0 -4.350 12.500 10.000 -8.250 12.350 10.000 -8.200 11.700 10.000
3 0 -8.200 11.700 10.000 -4.200 11.900 10.000 -4.350 12.500 10.000
3 0 -8.250 12.350 10.000 -11.550 12.150 10.000 -11.450 11.450 10.000
3 0 -11.450 11.450 10.000 -8.200 11.700 10.000 -8.250 12.350 10.000
3 0 -11.550 12.150 10.000 -14.850 11.750 10.000 -14.650 11.100 10.000
3 0 -14.650 11.100 10.000 -11.450 11.450 10.000 -11.550 12.150 10.000
3 0 -14.650 11.100 10.000 -14.850 11.750 10.000 -15.000 11.250 10.000
3 0 0.000 11.350 10.000 -4.350 11.300 10.000 -4.200 10.500 10.000
3 0 -4.200 10.500 10.000 0.000 10.550 10.000 0.000 11.350 10.000
3 0 -4.350 11.300 10.000 -8.250 11.150 10.000 -8.200 10.300 10.000
3 0 -8.200 10.300 10.000 -4.200 10.500 10.000 -4.350 11.300 10.000
3 0 -8.250 11.150 10.000 -11.550 10.950 10.000 -11.450 10.050 10.000
3 0 -11.450 10.050 10.000 -8.200 10.300 10.000 -8.250 11.150 10.000
3 0 -11.550 10.950 10.000 -14.850 10.550 10.000 -14.650 9.700 10.000
3 0 -14.650 9.700 10.000 -11.450 10.050 10.000 -11.550 10.950 10.000
3 0 -14.650 9.700 10.000 -14.850 10.550 10.000 -15.000 10.050 10.000
3 0 0.000 3.000 10.000 -3.150 2.850 10.000 -2.550 2.050 10.000
3 0 -2.550 2.050 10.000 0.000 2.100 10.000 0.000 3.000 10.000
3 0 -3.150 2.850 10.000 -5.500 2.500 10.000 -4.850 1.650 10.000
3 0 -4.850 1.650 10.000 -2.550 2.050 10.000 -3.150 2.850 10.000
3 0 -5.500 2.500 10.000 -7.750 1.900 10.000 -6.450 1.250 10.000
3 0 -6.450 1.250 10.000 -4.850 1.650 10.000 -5.500 2.500 10.000
3 0 -6.450 1.250 10.000 -7.750 1.900 10.000 -8.600 1.050 10.000
3 0 -8.600 1.050 10.000 -7.650 1.000 10.000 -6.450 1.250 10.000
3 0 -8.600 1.050 10.000 -7.750 1.900 10.000 -8.700 1.300 10.000
1 16 0.0000 0.0000 0.0000 1.0000 0.0000 0.0000 0.0000 1.0000 0.0000 0.0000 0.0000 1.0000 s/973s01.dat
1 15 0.0000 -4.0000 0.0000 4.2430 0.0000 -4.2430 0.0000 -8.0000 0.0000 -4.2430 0.0000 -4.2430 1-4cyli.dat
