0 FILE 973pb0862.dat
0 Torso Zipper Jacket with Light Blue Shirt and Ticket in Pocket Pattern
0 Name:  973pb0862.dat
0 Author:  
0 BL_Item_No 973pb0862
0 BFC CERTIFY CCW
3 16 19.000 32.000 10.000 -19.000 32.000 10.000 -19.000 29.000 10.000
3 16 -19.000 29.000 10.000 19.000 29.000 10.000 19.000 32.000 10.000
3 16 14.345 2.000 10.000 19.000 29.000 10.000 -19.000 29.000 10.000
3 16 -19.000 29.000 10.000 -14.345 2.000 10.000 14.345 2.000 10.000
3 16 -12.000 0.000 10.000 12.000 0.000 10.000 14.345 2.000 10.000
3 16 14.345 2.000 10.000 -14.345 2.000 10.000 -12.000 0.000 10.000
3 16 -14.345 2.000 -10.000 -8.055 5.739 -10.000 -7.960 2.136 -10.000
3 16 -7.960 2.136 -10.000 -12.000 0.000 -10.000 -14.345 2.000 -10.000
3 16 6.108 4.699 -10.000 7.897 5.409 -10.000 8.118 3.062 -10.000
3 16 8.118 3.062 -10.000 6.614 2.352 -10.000 6.108 4.699 -10.000
3 16 6.614 0.946 -10.000 6.614 2.352 -10.000 8.118 3.062 -10.000
3 16 8.118 3.062 -10.000 8.150 1.541 -10.000 6.614 0.946 -10.000
3 16 7.897 5.409 -10.000 6.108 4.699 -10.000 5.028 6.617 -10.000
3 16 5.028 6.617 -10.000 7.391 8.417 -10.000 7.897 5.409 -10.000
3 16 5.028 6.617 -10.000 4.522 7.245 -10.000 5.225 10.400 -10.000
3 16 5.225 10.400 -10.000 7.391 8.417 -10.000 5.028 6.617 -10.000
3 16 4.522 7.245 -10.000 2.466 8.931 -10.000 2.656 9.922 -10.000
3 16 2.656 9.922 -10.000 3.961 10.004 -10.000 4.522 7.245 -10.000
3 16 2.466 8.931 -10.000 1.992 9.493 -10.000 1.802 9.889 -10.000
3 16 1.802 9.889 -10.000 2.656 9.922 -10.000 2.466 8.931 -10.000
3 16 4.522 7.245 -10.000 3.961 10.004 -10.000 5.225 10.400 -10.000
3 16 7.391 8.417 -10.000 5.225 10.400 -10.000 6.632 10.896 -10.000
3 16 8.403 5.971 -10.000 14.345 2.000 -10.000 12.000 0.000 -10.000
3 16 12.000 0.000 -10.000 8.624 2.863 -10.000 8.403 5.971 -10.000
3 16 8.055 0.946 -10.000 6.614 0.946 -10.000 8.150 1.541 -10.000
3 16 12.000 0.000 -10.000 8.466 0.946 -10.000 8.624 2.863 -10.000
3 16 7.035 11.822 -10.000 5.384 11.227 -10.000 5.067 11.227 -10.000
3 16 5.067 11.227 -10.000 4.720 12.351 -10.000 7.035 11.822 -10.000
3 16 -19.000 32.000 -10.000 -10.650 22.600 -10.000 -12.600 22.300 -10.000
3 16 -12.600 22.300 -10.000 -19.000 29.000 -10.000 -19.000 32.000 -10.000
3 16 -1.510 9.799 -10.000 -2.553 8.351 -10.000 -5.905 5.541 -10.000
3 16 -5.905 5.541 -10.000 -3.217 9.871 -10.000 -1.510 9.799 -10.000
3 16 -3.217 9.871 -10.000 -5.905 5.541 -10.000 -7.201 6.533 -10.000
3 16 -7.201 6.533 -10.000 -6.727 8.814 -10.000 -3.217 9.871 -10.000
3 16 -6.727 8.814 -10.000 -6.158 10.665 -10.000 -5.083 10.301 -10.000
3 16 -2.775 10.962 -10.000 -3.502 11.062 -10.000 -4.577 11.458 -10.000
3 16 -4.577 11.458 -10.000 -3.900 13.400 -10.000 -2.775 10.962 -10.000
3 16 -4.577 11.458 -10.000 -5.462 11.954 -10.000 -6.474 12.681 -10.000
3 16 -6.474 12.681 -10.000 -3.900 13.400 -10.000 -4.577 11.458 -10.000
3 16 -8.055 7.326 -10.000 -9.050 10.550 -10.000 -8.950 11.075 -10.000
3 16 -8.950 11.075 -10.000 -7.771 9.475 -10.000 -8.055 7.326 -10.000
3 16 -7.518 3.855 -10.000 -7.201 6.533 -10.000 -5.905 5.541 -10.000
3 16 -5.905 5.541 -10.000 -6.474 4.549 -10.000 -7.518 3.855 -10.000
3 16 -6.158 0.946 -10.000 -7.549 0.946 -10.000 -7.518 3.855 -10.000
3 16 -7.518 3.855 -10.000 -6.316 2.070 -10.000 -6.158 0.946 -10.000
3 16 -12.000 0.000 -10.000 -7.960 2.136 -10.000 -7.834 0.946 -10.000
3 16 -6.126 3.425 -10.000 -6.474 4.549 -10.000 -5.778 5.045 -10.000
3 16 -6.727 8.814 -10.000 -5.083 10.301 -10.000 -3.217 9.871 -10.000
3 16 -6.474 4.549 -10.000 -6.126 3.425 -10.000 -6.316 2.070 -10.000
3 16 -6.316 2.070 -10.000 -7.518 3.855 -10.000 -6.474 4.549 -10.000
3 16 -11.305 10.288 -10.000 -11.010 11.509 -10.000 -9.550 11.200 -10.000
3 16 -9.550 11.200 -10.000 -9.650 10.675 -10.000 -11.305 10.288 -10.000
3 16 -8.400 22.100 -10.000 -9.300 20.600 -10.000 -10.000 20.700 -10.000
3 16 -10.000 20.700 -10.000 -10.600 22.000 -10.000 -8.400 22.100 -10.000
3 16 -6.474 12.681 -10.000 -7.500 12.900 -10.000 -3.900 13.400 -10.000
3 16 -12.900 22.000 -10.000 -19.000 29.000 -10.000 -12.600 22.300 -10.000
3 16 -14.345 2.000 -10.000 -19.000 29.000 -10.000 -12.900 22.000 -10.000
3 16 -12.900 22.000 -10.000 -13.100 13.300 -10.000 -14.345 2.000 -10.000
3 16 -5.800 14.200 -10.000 -7.500 20.000 -10.000 -4.600 21.700 -10.000
3 16 -4.600 21.700 -10.000 -4.400 14.000 -10.000 -5.800 14.200 -10.000
3 16 -10.200 20.000 -10.000 -7.500 20.000 -10.000 -11.400 16.400 -10.000
3 16 -11.400 16.400 -10.000 -10.500 19.700 -10.000 -10.200 20.000 -10.000
3 16 -10.800 20.200 -10.000 -12.400 21.700 -10.000 -10.600 22.000 -10.000
3 16 -10.600 22.000 -10.000 -10.600 20.600 -10.000 -10.800 20.200 -10.000
3 16 -11.400 17.400 -10.000 -12.400 21.700 -10.000 -10.800 20.200 -10.000
3 16 -4.600 21.700 -10.000 -7.500 20.000 -10.000 -8.400 22.100 -10.000
3 16 -8.400 22.100 -10.000 -5.600 21.900 -10.000 -4.600 21.700 -10.000
3 16 -12.600 14.000 -10.000 -11.400 16.400 -10.000 -10.800 14.200 -10.000
3 16 -10.800 14.200 -10.000 -11.400 16.400 -10.000 -7.500 20.000 -10.000
3 16 -7.500 20.000 -10.000 -9.500 14.300 -10.000 -10.800 14.200 -10.000
3 16 -7.400 14.300 -10.000 -9.500 14.300 -10.000 -7.500 20.000 -10.000
3 16 -7.500 20.000 -10.000 -9.300 20.600 -10.000 -8.400 22.100 -10.000
3 16 -5.800 14.200 -10.000 -7.400 14.300 -10.000 -7.500 20.000 -10.000
3 16 -10.600 20.600 -10.000 -10.600 22.000 -10.000 -10.000 20.700 -10.000
3 16 -11.400 17.400 -10.000 -11.400 16.400 -10.000 -12.600 14.000 -10.000
3 16 -12.600 14.000 -10.000 -12.400 21.700 -10.000 -11.400 17.400 -10.000
3 16 4.720 12.351 -10.000 5.950 12.900 -10.000 6.450 12.900 -10.000
3 16 6.450 12.900 -10.000 7.035 11.822 -10.000 4.720 12.351 -10.000
3 16 7.035 11.822 -10.000 6.450 12.900 -10.000 12.950 12.900 -10.000
3 16 7.929 8.615 -10.000 7.035 11.822 -10.000 12.950 12.900 -10.000
3 16 15.509 8.750 -10.000 13.450 12.900 -10.000 13.450 13.400 -10.000
3 16 13.450 13.400 -10.000 16.091 12.125 -10.000 15.509 8.750 -10.000
3 16 17.182 18.453 -10.000 16.818 16.344 -10.000 13.450 16.500 -10.000
3 16 13.450 16.500 -10.000 13.450 17.000 -10.000 17.182 18.453 -10.000
3 16 13.450 17.000 -10.000 12.950 17.000 -10.000 17.182 18.453 -10.000
3 16 12.950 17.000 -10.000 6.450 17.000 -10.000 19.000 29.000 -10.000
3 16 19.000 29.000 -10.000 17.182 18.453 -10.000 12.950 17.000 -10.000
3 16 5.950 12.900 -10.000 4.720 12.351 -10.000 1.500 12.700 -10.000
3 16 1.500 12.700 -10.000 5.950 13.400 -10.000 5.950 12.900 -10.000
3 16 -19.000 32.000 -10.000 -1.925 32.000 -10.000 -1.300 30.912 -10.000
3 16 -1.300 30.912 -10.000 -10.650 22.600 -10.000 -19.000 32.000 -10.000
3 16 15.509 8.750 -10.000 14.345 2.000 -10.000 12.950 12.900 -10.000
3 16 12.950 12.900 -10.000 13.450 12.900 -10.000 15.509 8.750 -10.000
3 16 14.345 2.000 -10.000 8.403 5.971 -10.000 7.929 8.615 -10.000
3 16 7.929 8.615 -10.000 12.950 12.900 -10.000 14.345 2.000 -10.000
3 16 16.091 12.125 -10.000 13.450 13.400 -10.000 13.450 16.500 -10.000
3 16 13.450 16.500 -10.000 16.818 16.344 -10.000 16.091 12.125 -10.000
3 16 -6.158 0.946 -10.000 -5.778 0.946 -10.000 0.000 0.000 -10.000
3 16 0.000 0.000 -10.000 -7.000 0.000 -10.000 -6.158 0.946 -10.000
3 16 -7.549 0.946 -10.000 -7.000 0.000 -10.000 -12.000 0.000 -10.000
3 16 -12.000 0.000 -10.000 -7.834 0.946 -10.000 -7.549 0.946 -10.000
3 16 -7.000 0.000 -10.000 -7.549 0.946 -10.000 -6.158 0.946 -10.000
3 16 -11.305 10.288 -10.000 -8.055 7.326 -10.000 -8.055 5.739 -10.000
3 16 -8.055 5.739 -10.000 -11.392 9.968 -10.000 -11.305 10.288 -10.000
3 16 -11.945 10.462 -10.000 -12.000 11.740 -10.000 -11.675 11.650 -10.000
3 16 -12.000 11.740 -10.000 -11.945 10.462 -10.000 -12.032 10.142 -10.000
3 16 -12.032 10.142 -10.000 -12.360 11.840 -10.000 -12.000 11.740 -10.000
3 16 -12.032 10.142 -10.000 -14.345 2.000 -10.000 -13.100 13.300 -10.000
3 16 -13.100 13.300 -10.000 -12.360 11.840 -10.000 -12.032 10.142 -10.000
3 16 -8.950 11.075 -10.000 -8.500 10.990 -10.000 -8.140 10.890 -10.000
3 16 -8.140 10.890 -10.000 -7.771 9.475 -10.000 -8.950 11.075 -10.000
3 16 -7.771 9.475 -10.000 -8.140 10.890 -10.000 -8.040 11.250 -10.000
3 16 -8.040 11.250 -10.000 -7.201 11.425 -10.000 -7.771 9.475 -10.000
3 16 -8.040 11.250 -10.000 -7.500 12.900 -10.000 -6.474 12.681 -10.000
3 16 -6.474 12.681 -10.000 -7.201 11.425 -10.000 -8.040 11.250 -10.000
3 16 -2.775 10.962 -10.000 -3.900 13.400 -10.000 -1.600 11.000 -10.000
3 16 -1.600 11.000 -10.000 -2.016 10.962 -10.000 -2.775 10.962 -10.000
3 16 -1.600 11.000 -10.000 -3.900 13.400 -10.000 -1.600 12.000 -10.000
3 16 -1.600 12.000 -10.000 -3.900 13.400 -10.000 -1.300 13.900 -10.000
3 16 -1.300 13.900 -10.000 -1.300 12.700 -10.000 -1.600 12.000 -10.000
3 16 -3.900 13.400 -10.000 -1.300 14.925 -10.000 -1.300 13.900 -10.000
3 16 -3.900 13.400 -10.000 -1.300 15.762 -10.000 -1.300 14.925 -10.000
3 16 -1.300 15.762 -10.000 -3.900 13.400 -10.000 -4.100 21.400 -10.000
3 16 -4.100 21.400 -10.000 -1.300 17.175 -10.000 -1.300 15.762 -10.000
3 16 -1.300 17.175 -10.000 -4.100 21.400 -10.000 -1.300 17.975 -10.000
3 16 -1.300 17.975 -10.000 -4.100 21.400 -10.000 -1.300 19.375 -10.000
3 16 -1.300 19.375 -10.000 -4.100 21.400 -10.000 -1.300 20.162 -10.000
3 16 -1.300 20.162 -10.000 -4.100 21.400 -10.000 -1.300 21.538 -10.000
3 16 -1.300 21.538 -10.000 -4.100 21.400 -10.000 -4.200 22.100 -10.000
3 16 -4.200 22.100 -10.000 -1.300 22.312 -10.000 -1.300 21.538 -10.000
3 16 -1.300 22.312 -10.000 -4.200 22.100 -10.000 -4.611 22.349 -10.000
3 16 -4.611 22.349 -10.000 -1.300 23.688 -10.000 -1.300 22.312 -10.000
3 16 -1.300 23.688 -10.000 -4.611 22.349 -10.000 -6.400 22.610 -10.000
3 16 -6.400 22.610 -10.000 -1.300 24.462 -10.000 -1.300 23.688 -10.000
3 16 -6.400 22.610 -10.000 -1.300 25.838 -10.000 -1.300 24.462 -10.000
3 16 -1.300 30.912 -10.000 -1.925 32.000 -10.000 -1.300 31.675 -10.000
3 16 -10.650 22.600 -10.000 -1.300 30.912 -10.000 -1.300 30.138 -10.000
3 16 -1.300 30.138 -10.000 -8.200 22.700 -10.000 -10.650 22.600 -10.000
3 16 -8.200 22.700 -10.000 -1.300 30.138 -10.000 -1.300 28.762 -10.000
3 16 -1.300 28.762 -10.000 -6.400 22.610 -10.000 -8.200 22.700 -10.000
3 16 -6.400 22.610 -10.000 -1.300 28.762 -10.000 -1.300 27.988 -10.000
3 16 -6.400 22.610 -10.000 -1.300 27.988 -10.000 -1.300 26.612 -10.000
3 16 -6.400 22.610 -10.000 -1.300 26.612 -10.000 -1.300 25.838 -10.000
3 16 -1.925 32.000 -10.000 0.000 32.000 -10.000 -0.800 31.675 -10.000
3 16 -0.800 31.675 -10.000 -1.300 31.675 -10.000 -1.925 32.000 -10.000
3 16 -0.800 31.675 -10.000 0.000 32.000 -10.000 0.100 31.700 -10.000
3 16 1.000 31.700 -10.000 0.100 31.700 -10.000 0.000 32.000 -10.000
3 16 1.000 31.700 -10.000 0.000 32.000 -10.000 3.025 32.000 -10.000
3 16 3.025 32.000 -10.000 1.500 31.700 -10.000 1.000 31.700 -10.000
3 16 1.500 31.212 -10.000 1.500 31.700 -10.000 3.025 32.000 -10.000
3 16 1.500 29.838 -10.000 1.500 31.212 -10.000 3.025 32.000 -10.000
3 16 2.100 11.100 -10.000 1.900 11.300 -10.000 1.900 12.000 -10.000
3 16 1.900 12.000 -10.000 2.400 11.100 -10.000 2.100 11.100 -10.000
3 16 2.400 11.100 -10.000 1.900 12.000 -10.000 3.929 11.723 -10.000
3 16 3.929 11.723 -10.000 3.360 11.425 -10.000 2.400 11.100 -10.000
3 16 3.929 11.723 -10.000 1.900 12.000 -10.000 1.500 12.700 -10.000
3 16 1.500 12.700 -10.000 4.720 12.351 -10.000 3.929 11.723 -10.000
3 16 1.500 12.700 -10.000 2.900 15.600 -10.000 5.950 16.500 -10.000
3 16 5.950 16.500 -10.000 5.950 13.400 -10.000 1.500 12.700 -10.000
3 16 2.900 15.600 -10.000 2.900 16.300 -10.000 5.950 17.000 -10.000
3 16 5.950 17.000 -10.000 5.950 16.500 -10.000 2.900 15.600 -10.000
3 16 2.900 16.300 -10.000 2.600 16.800 -10.000 5.950 17.000 -10.000
3 16 1.500 17.300 -10.000 1.500 18.275 -10.000 5.950 17.000 -10.000
3 16 5.950 17.000 -10.000 2.600 16.800 -10.000 1.500 17.300 -10.000
3 16 5.950 17.000 -10.000 1.500 18.275 -10.000 1.500 19.075 -10.000
3 16 1.500 19.075 -10.000 1.500 20.462 -10.000 6.450 17.000 -10.000
3 16 6.450 17.000 -10.000 5.950 17.000 -10.000 1.500 19.075 -10.000
3 16 6.450 17.000 -10.000 1.500 20.462 -10.000 1.500 21.238 -10.000
3 16 6.450 17.000 -10.000 1.500 21.238 -10.000 1.500 22.612 -10.000
3 16 6.450 17.000 -10.000 1.500 22.612 -10.000 1.500 23.388 -10.000
3 16 6.450 17.000 -10.000 1.500 23.388 -10.000 1.500 24.762 -10.000
3 16 1.500 24.762 -10.000 1.500 25.538 -10.000 19.000 29.000 -10.000
3 16 19.000 29.000 -10.000 6.450 17.000 -10.000 1.500 24.762 -10.000
3 16 1.500 29.062 -10.000 1.500 29.838 -10.000 3.025 32.000 -10.000
3 16 1.500 27.688 -10.000 1.500 29.062 -10.000 3.025 32.000 -10.000
3 16 1.500 27.688 -10.000 3.025 32.000 -10.000 19.000 32.000 -10.000
3 16 19.000 32.000 -10.000 1.500 26.912 -10.000 1.500 27.688 -10.000
3 16 19.000 32.000 -10.000 19.000 29.000 -10.000 1.500 25.538 -10.000
3 16 1.500 25.538 -10.000 1.500 26.912 -10.000 19.000 32.000 -10.000
3 16 -12.100 12.800 -10.000 -12.260 12.200 -10.000 -12.360 11.840 -10.000
3 16 -12.360 11.840 -10.000 -13.100 13.300 -10.000 -12.100 12.800 -10.000
3 16 -11.305 10.288 -10.000 -9.650 10.675 -10.000 -9.050 10.550 -10.000
3 16 -9.050 10.550 -10.000 -8.055 7.326 -10.000 -11.305 10.288 -10.000
3 16 -5.778 0.946 -10.000 5.976 0.946 -10.000 7.100 0.000 -10.000
3 16 7.100 0.000 -10.000 0.000 0.000 -10.000 -5.778 0.946 -10.000
3 16 7.100 0.000 -10.000 5.976 0.946 -10.000 8.055 0.946 -10.000
3 16 8.055 0.946 -10.000 8.466 0.946 -10.000 12.000 0.000 -10.000
3 16 12.000 0.000 -10.000 7.100 0.000 -10.000 8.055 0.946 -10.000
3 16 -12.032 10.142 -10.000 -11.712 10.055 -10.000 -14.345 2.000 -10.000
3 16 -11.712 10.055 -10.000 -11.392 9.968 -10.000 -14.345 2.000 -10.000
3 16 -14.345 2.000 -10.000 -11.392 9.968 -10.000 -8.055 5.739 -10.000
3 0 4.522 7.245 -10.000 5.028 6.617 -10.000 6.108 4.699 -10.000
3 0 6.108 4.699 -10.000 4.522 6.220 -10.000 4.522 7.245 -10.000
3 0 6.614 2.352 -10.000 6.614 0.946 -10.000 5.976 0.946 -10.000
3 0 5.976 0.946 -10.000 6.208 2.088 -10.000 6.614 2.352 -10.000
3 15 3.731 7.079 -10.000 4.522 6.220 -10.000 3.194 6.187 -10.000
3 15 3.194 6.187 -10.000 3.447 6.617 -10.000 3.731 7.079 -10.000
3 0 8.403 5.971 -10.000 8.624 2.863 -10.000 8.150 1.541 -10.000
3 0 8.150 1.541 -10.000 8.118 3.062 -10.000 8.403 5.971 -10.000
3 0 4.720 12.351 -10.000 5.067 11.227 -10.000 3.961 10.004 -10.000
3 0 3.961 10.004 -10.000 3.929 11.723 -10.000 4.720 12.351 -10.000
3 15 3.194 6.187 -10.000 4.522 6.220 -10.000 3.642 4.220 -10.000
3 15 3.642 4.220 -10.000 2.877 5.724 -10.000 3.194 6.187 -10.000
3 0 0.150 10.467 -10.000 0.741 9.773 -10.000 0.696 9.327 -10.000
3 0 0.696 9.327 -10.000 -0.498 9.376 -10.000 0.150 10.467 -10.000
3 15 -2.775 4.814 -10.000 -3.660 4.285 -10.000 -4.602 5.401 -10.000
3 15 -4.602 5.401 -10.000 -3.507 6.599 -10.000 -2.775 4.814 -10.000
3 0 7.035 11.822 -10.000 6.632 10.896 -10.000 5.225 10.400 -10.000
3 0 5.225 10.400 -10.000 5.384 11.227 -10.000 7.035 11.822 -10.000
3 0 7.391 8.417 -10.000 7.929 8.615 -10.000 8.403 5.971 -10.000
3 0 8.403 5.971 -10.000 7.897 5.409 -10.000 7.391 8.417 -10.000
3 0 8.118 3.062 -10.000 7.897 5.409 -10.000 8.403 5.971 -10.000
3 0 8.624 2.863 -10.000 8.466 0.946 -10.000 8.055 0.946 -10.000
3 0 8.055 0.946 -10.000 8.150 1.541 -10.000 8.624 2.863 -10.000
3 0 7.929 8.615 -10.000 7.391 8.417 -10.000 6.632 10.896 -10.000
3 0 6.632 10.896 -10.000 7.035 11.822 -10.000 7.929 8.615 -10.000
3 0 5.384 11.227 -10.000 5.225 10.400 -10.000 3.961 10.004 -10.000
3 0 3.961 10.004 -10.000 5.067 11.227 -10.000 5.384 11.227 -10.000
3 0 3.929 11.723 -10.000 3.961 10.004 -10.000 2.656 9.922 -10.000
3 0 2.656 9.922 -10.000 3.360 11.425 -10.000 3.929 11.723 -10.000
3 0 -6.158 10.665 -10.000 -7.201 11.425 -10.000 -6.474 12.681 -10.000
3 0 -6.474 12.681 -10.000 -5.462 11.954 -10.000 -6.158 10.665 -10.000
3 0 -5.800 14.200 -10.000 -7.800 13.800 -10.000 -8.500 13.800 -10.000
3 0 -8.500 13.800 -10.000 -7.400 14.300 -10.000 -5.800 14.200 -10.000
3 0 2.466 8.931 -10.000 4.522 7.245 -10.000 3.731 7.079 -10.000
3 0 3.731 7.079 -10.000 3.312 7.401 -10.000 2.466 8.931 -10.000
3 0 -0.466 5.640 -10.000 -0.909 4.814 -10.000 -1.984 5.276 -10.000
3 0 -1.984 5.276 -10.000 -1.288 6.103 -10.000 -0.466 5.640 -10.000
3 15 3.312 7.401 -10.000 2.688 6.650 -10.000 2.182 6.451 -10.000
3 15 2.182 6.451 -10.000 1.929 8.501 -10.000 3.312 7.401 -10.000
3 0 -1.162 4.615 -10.000 -1.446 4.450 -10.000 -1.763 4.384 -10.000
3 0 -1.763 4.384 -10.000 -2.016 5.111 -10.000 -1.162 4.615 -10.000
3 0 1.802 9.889 -10.000 1.992 9.493 -10.000 1.929 8.501 -10.000
3 0 1.929 8.501 -10.000 0.741 9.773 -10.000 1.802 9.889 -10.000
3 0 -0.909 4.814 -10.000 -1.162 4.615 -10.000 -2.016 5.111 -10.000
3 0 -2.016 5.111 -10.000 -1.984 5.276 -10.000 -0.909 4.814 -10.000
3 15 -1.099 6.334 -10.000 -1.984 6.202 -10.000 -2.142 7.690 -10.000
3 15 -2.142 7.690 -10.000 -0.846 7.227 -10.000 -1.099 6.334 -10.000
3 0 0.261 5.772 -10.000 1.581 6.451 -10.000 2.119 4.831 -10.000
3 0 2.119 4.831 -10.000 0.759 4.831 -10.000 0.261 5.772 -10.000
3 15 5.064 3.129 -10.000 4.432 3.724 -10.000 5.154 5.261 -10.000
3 15 5.154 5.261 -10.000 5.670 4.468 -10.000 5.064 3.129 -10.000
3 0 2.245 3.972 -10.000 1.170 4.236 -10.000 0.759 4.831 -10.000
3 0 0.759 4.831 -10.000 2.119 4.831 -10.000 2.245 3.972 -10.000
3 0 5.670 4.468 -10.000 5.154 5.261 -10.000 6.108 4.699 -10.000
3 0 6.050 2.088 -10.000 5.407 1.889 -10.000 4.617 2.617 -10.000
3 0 4.617 2.617 -10.000 5.697 2.501 -10.000 6.050 2.088 -10.000
3 0 6.108 4.699 -10.000 6.614 2.352 -10.000 6.176 2.517 -10.000
3 0 6.176 2.517 -10.000 6.018 3.476 -10.000 6.108 4.699 -10.000
3 0 5.976 0.946 -10.000 5.755 1.493 -10.000 6.050 2.088 -10.000
3 0 6.050 2.088 -10.000 6.208 2.088 -10.000 5.976 0.946 -10.000
3 0 -3.217 9.871 -10.000 -5.083 10.301 -10.000 -4.577 11.458 -10.000
3 0 -4.577 11.458 -10.000 -3.502 11.062 -10.000 -3.217 9.871 -10.000
3 0 -2.775 10.962 -10.000 -2.016 10.962 -10.000 -1.510 9.799 -10.000
3 0 -1.510 9.799 -10.000 -3.217 9.871 -10.000 -2.775 10.962 -10.000
3 0 -2.016 10.962 -10.000 -1.600 11.000 -10.000 -1.200 11.000 -10.000
3 0 -1.200 11.000 -10.000 -1.510 9.799 -10.000 -2.016 10.962 -10.000
3 0 -6.158 10.665 -10.000 -6.727 8.814 -10.000 -8.055 7.326 -10.000
3 0 -8.055 7.326 -10.000 -7.771 9.475 -10.000 -6.158 10.665 -10.000
3 0 -6.727 8.814 -10.000 -7.201 6.533 -10.000 -8.055 5.739 -10.000
3 0 -8.055 5.739 -10.000 -8.055 7.326 -10.000 -6.727 8.814 -10.000
3 0 -2.142 7.690 -10.000 -2.553 8.351 -10.000 -1.510 9.799 -10.000
3 0 -1.510 9.799 -10.000 -1.352 8.450 -10.000 -2.142 7.690 -10.000
3 0 -8.950 11.075 -10.000 -9.550 11.200 -10.000 -11.900 12.100 -10.000
3 0 -11.900 12.100 -10.000 -8.400 11.350 -10.000 -8.950 11.075 -10.000
3 0 -7.201 6.533 -10.000 -7.518 3.855 -10.000 -7.960 2.136 -10.000
3 0 -7.960 2.136 -10.000 -8.055 5.739 -10.000 -7.201 6.533 -10.000
3 0 -7.518 3.855 -10.000 -7.549 0.946 -10.000 -7.834 0.946 -10.000
3 0 -7.834 0.946 -10.000 -7.960 2.136 -10.000 -7.518 3.855 -10.000
3 0 -5.146 2.004 -10.000 -5.778 0.946 -10.000 -6.158 0.946 -10.000
3 0 -6.158 0.946 -10.000 -6.316 2.070 -10.000 -5.146 2.004 -10.000
3 0 -4.577 11.458 -10.000 -5.083 10.301 -10.000 -6.158 10.665 -10.000
3 0 -6.158 10.665 -10.000 -5.462 11.954 -10.000 -4.577 11.458 -10.000
3 0 -7.771 9.475 -10.000 -7.201 11.425 -10.000 -6.158 10.665 -10.000
3 0 -3.217 9.871 -10.000 -3.502 11.062 -10.000 -2.775 10.962 -10.000
3 15 0.741 9.773 -10.000 1.929 8.501 -10.000 1.012 7.079 -10.000
3 15 1.012 7.079 -10.000 0.696 9.327 -10.000 0.741 9.773 -10.000
3 0 -2.775 4.814 -10.000 -2.553 4.119 -10.000 -3.312 3.723 -10.000
3 0 -3.312 3.723 -10.000 -3.660 4.285 -10.000 -2.775 4.814 -10.000
3 0 -3.312 3.723 -10.000 -4.261 2.962 -10.000 -5.209 2.764 -10.000
3 0 -5.209 2.764 -10.000 -4.482 3.590 -10.000 -3.312 3.723 -10.000
3 0 -6.474 4.549 -10.000 -5.905 5.541 -10.000 -5.778 5.045 -10.000
3 15 -5.689 2.433 -10.000 -5.386 3.888 -10.000 -4.482 3.590 -10.000
3 15 -4.482 3.590 -10.000 -5.209 2.764 -10.000 -5.689 2.433 -10.000
3 0 6.208 2.088 -10.000 6.176 2.517 -10.000 6.614 2.352 -10.000
3 15 6.050 2.088 -10.000 5.697 2.501 -10.000 6.018 3.476 -10.000
3 15 6.018 3.476 -10.000 6.176 2.517 -10.000 6.050 2.088 -10.000
3 15 5.697 2.501 -10.000 5.064 3.129 -10.000 5.670 4.468 -10.000
3 15 5.670 4.468 -10.000 6.018 3.476 -10.000 5.697 2.501 -10.000
3 0 6.018 3.476 -10.000 5.670 4.468 -10.000 6.108 4.699 -10.000
3 0 5.064 3.129 -10.000 4.617 2.617 -10.000 3.510 3.410 -10.000
3 0 3.510 3.410 -10.000 4.432 3.724 -10.000 5.064 3.129 -10.000
3 15 4.432 3.724 -10.000 3.642 4.220 -10.000 4.522 6.220 -10.000
3 15 4.522 6.220 -10.000 5.154 5.261 -10.000 4.432 3.724 -10.000
3 0 6.108 4.699 -10.000 5.154 5.261 -10.000 4.522 6.220 -10.000
3 0 4.522 6.220 -10.000 3.731 7.079 -10.000 4.522 7.245 -10.000
3 0 3.447 6.617 -10.000 2.688 6.650 -10.000 3.312 7.401 -10.000
3 0 3.312 7.401 -10.000 3.731 7.079 -10.000 3.447 6.617 -10.000
3 0 3.447 6.617 -10.000 3.194 6.187 -10.000 2.877 5.724 -10.000
3 0 2.877 5.724 -10.000 2.688 6.650 -10.000 3.447 6.617 -10.000
3 15 3.642 4.220 -10.000 2.625 4.633 -10.000 2.877 5.724 -10.000
3 15 2.625 4.633 -10.000 2.119 4.831 -10.000 2.877 5.724 -10.000
3 0 2.688 6.650 -10.000 2.877 5.724 -10.000 2.119 4.831 -10.000
3 0 2.119 4.831 -10.000 2.182 6.451 -10.000 2.688 6.650 -10.000
3 0 2.119 4.831 -10.000 1.581 6.451 -10.000 2.182 6.451 -10.000
3 0 2.119 4.831 -10.000 2.625 4.633 -10.000 3.642 4.220 -10.000
3 0 3.642 4.220 -10.000 2.245 3.972 -10.000 2.119 4.831 -10.000
3 0 2.245 3.972 -10.000 3.642 4.220 -10.000 4.432 3.724 -10.000
3 0 4.432 3.724 -10.000 3.510 3.410 -10.000 2.245 3.972 -10.000
3 0 5.697 2.501 -10.000 4.617 2.617 -10.000 5.064 3.129 -10.000
3 15 6.208 2.088 -10.000 6.050 2.088 -10.000 6.176 2.517 -10.000
3 0 5.755 1.493 -10.000 5.407 1.889 -10.000 6.050 2.088 -10.000
3 0 -5.525 2.433 -10.000 -5.209 2.764 -10.000 -4.261 2.962 -10.000
3 0 -4.261 2.962 -10.000 -5.146 2.004 -10.000 -5.525 2.433 -10.000
3 15 -5.386 3.888 -10.000 -5.113 4.606 -10.000 -3.660 4.285 -10.000
3 15 -3.660 4.285 -10.000 -4.482 3.590 -10.000 -5.386 3.888 -10.000
3 0 -6.316 2.070 -10.000 -6.126 3.425 -10.000 -5.386 3.888 -10.000
3 0 -5.386 3.888 -10.000 -5.689 2.433 -10.000 -6.316 2.070 -10.000
3 0 -4.482 3.590 -10.000 -3.660 4.285 -10.000 -3.312 3.723 -10.000
3 15 -3.660 4.285 -10.000 -5.113 4.606 -10.000 -4.602 5.401 -10.000
3 15 -3.507 6.599 -10.000 -2.547 5.656 -10.000 -2.016 5.111 -10.000
3 15 -2.016 5.111 -10.000 -2.775 4.814 -10.000 -3.507 6.599 -10.000
3 0 -1.763 4.384 -10.000 -2.553 4.119 -10.000 -2.775 4.814 -10.000
3 0 -2.775 4.814 -10.000 -2.016 5.111 -10.000 -1.763 4.384 -10.000
3 0 -0.030 7.029 -10.000 -0.466 5.640 -10.000 -1.288 6.103 -10.000
3 0 -1.288 6.103 -10.000 -1.099 6.334 -10.000 -0.030 7.029 -10.000
3 0 -1.288 6.103 -10.000 -1.984 5.276 -10.000 -2.547 5.656 -10.000
3 0 -2.547 5.656 -10.000 -1.668 6.103 -10.000 -1.288 6.103 -10.000
3 15 -2.016 5.111 -10.000 -2.547 5.656 -10.000 -1.984 5.276 -10.000
3 15 -1.984 6.202 -10.000 -2.933 6.797 -10.000 -2.996 7.029 -10.000
3 15 -2.996 7.029 -10.000 -2.142 7.690 -10.000 -1.984 6.202 -10.000
3 0 -2.553 8.351 -10.000 -3.507 6.599 -10.000 -4.602 5.401 -10.000
3 0 -4.602 5.401 -10.000 -5.905 5.541 -10.000 -2.553 8.351 -10.000
3 0 -5.905 5.541 -10.000 -4.602 5.401 -10.000 -5.113 4.606 -10.000
3 0 -5.113 4.606 -10.000 -5.778 5.045 -10.000 -5.905 5.541 -10.000
3 0 -6.126 3.425 -10.000 -5.778 5.045 -10.000 -5.113 4.606 -10.000
3 0 -5.113 4.606 -10.000 -5.386 3.888 -10.000 -6.126 3.425 -10.000
3 15 -5.525 2.433 -10.000 -5.689 2.433 -10.000 -5.209 2.764 -10.000
3 0 -1.099 6.334 -10.000 -0.846 7.227 -10.000 -0.030 7.029 -10.000
3 15 -0.846 7.227 -10.000 -2.142 7.690 -10.000 -1.352 8.450 -10.000
3 15 -0.846 7.227 -10.000 -1.352 8.450 -10.000 -0.498 9.376 -10.000
3 0 0.696 9.327 -10.000 -0.030 7.029 -10.000 -0.846 7.227 -10.000
3 0 -0.846 7.227 -10.000 -0.498 9.376 -10.000 0.696 9.327 -10.000
3 0 -0.100 10.500 -10.000 -0.498 9.376 -10.000 -1.510 9.799 -10.000
3 0 -1.510 9.799 -10.000 -0.300 10.700 -10.000 -0.100 10.500 -10.000
3 0 -1.352 8.450 -10.000 -1.510 9.799 -10.000 -0.498 9.376 -10.000
3 0 -2.996 7.029 -10.000 -2.553 8.351 -10.000 -2.142 7.690 -10.000
3 0 -3.507 6.599 -10.000 -2.996 7.029 -10.000 -2.933 6.797 -10.000
3 0 -3.507 6.599 -10.000 -2.553 8.351 -10.000 -2.996 7.029 -10.000
3 0 -2.933 6.797 -10.000 -1.984 6.202 -10.000 -2.547 5.656 -10.000
3 0 -2.547 5.656 -10.000 -3.507 6.599 -10.000 -2.933 6.797 -10.000
3 15 -1.984 6.202 -10.000 -1.099 6.334 -10.000 -1.288 6.103 -10.000
3 15 -1.288 6.103 -10.000 -1.668 6.103 -10.000 -1.984 6.202 -10.000
3 0 -2.547 5.656 -10.000 -1.984 6.202 -10.000 -1.668 6.103 -10.000
3 15 1.929 8.501 -10.000 2.182 6.451 -10.000 1.581 6.451 -10.000
3 15 1.581 6.451 -10.000 1.012 7.079 -10.000 1.929 8.501 -10.000
3 0 3.312 7.401 -10.000 1.929 8.501 -10.000 1.992 9.493 -10.000
3 0 1.992 9.493 -10.000 2.466 8.931 -10.000 3.312 7.401 -10.000
3 0 -0.030 7.029 -10.000 0.696 9.327 -10.000 1.012 7.079 -10.000
3 0 0.261 5.772 -10.000 -0.030 7.029 -10.000 1.012 7.079 -10.000
3 0 1.012 7.079 -10.000 1.170 6.749 -10.000 0.261 5.772 -10.000
3 15 1.581 6.451 -10.000 1.170 6.749 -10.000 1.012 7.079 -10.000
3 0 0.261 5.772 -10.000 1.170 6.749 -10.000 1.581 6.451 -10.000
3 0 -13.100 13.300 -10.000 -12.600 14.000 -10.000 -11.600 13.600 -10.000
3 0 -11.600 13.600 -10.000 -12.100 12.800 -10.000 -13.100 13.300 -10.000
3 0 -9.650 10.675 -10.000 -9.550 11.200 -10.000 -8.950 11.075 -10.000
3 0 -8.950 11.075 -10.000 -9.050 10.550 -10.000 -9.650 10.675 -10.000
3 0 -12.900 22.000 -10.000 -12.600 22.300 -10.000 -10.650 22.600 -10.000
3 0 -10.650 22.600 -10.000 -12.400 21.700 -10.000 -12.900 22.000 -10.000
3 0 -4.611 22.349 -10.000 -4.200 22.100 -10.000 -4.100 21.400 -10.000
3 0 -4.100 21.400 -10.000 -4.600 21.700 -10.000 -4.611 22.349 -10.000
3 0 -6.400 22.610 -10.000 -4.611 22.349 -10.000 -4.600 21.700 -10.000
3 0 -4.600 21.700 -10.000 -5.600 21.900 -10.000 -6.400 22.610 -10.000
3 0 -10.600 22.000 -10.000 -10.650 22.600 -10.000 -8.200 22.700 -10.000
3 0 -8.200 22.700 -10.000 -8.400 22.100 -10.000 -10.600 22.000 -10.000
3 0 -8.700 12.650 -10.000 -8.950 12.700 -10.000 -8.750 13.800 -10.000
3 0 -8.750 13.800 -10.000 -8.500 13.800 -10.000 -8.700 12.650 -10.000
3 0 -9.550 11.200 -10.000 -11.010 11.509 -10.000 -11.900 12.100 -10.000
3 0 -11.010 11.509 -10.000 -11.675 11.650 -10.000 -12.000 11.740 -10.000
3 0 -12.000 11.740 -10.000 -11.900 12.100 -10.000 -11.010 11.509 -10.000
3 7 -9.450 12.350 -10.000 -8.950 12.700 -10.000 -8.700 12.650 -10.000
3 7 -8.700 12.650 -10.000 -8.400 11.350 -10.000 -9.450 12.350 -10.000
3 0 0.400 10.500 -10.000 0.600 10.700 -10.000 1.100 10.800 -10.000
3 0 1.100 10.800 -10.000 0.741 9.773 -10.000 0.400 10.500 -10.000
3 0 -0.498 9.376 -10.000 -0.100 10.500 -10.000 0.150 10.467 -10.000
3 0 0.741 9.773 -10.000 0.150 10.467 -10.000 0.400 10.500 -10.000
3 0 -7.800 13.800 -10.000 -7.500 12.900 -10.000 -8.040 11.250 -10.000
3 0 -8.040 11.250 -10.000 -8.400 11.350 -10.000 -7.800 13.800 -10.000
3 7 -7.800 13.800 -10.000 -8.400 11.350 -10.000 -8.700 12.650 -10.000
3 7 -8.700 12.650 -10.000 -8.500 13.800 -10.000 -7.800 13.800 -10.000
3 0 -9.450 12.350 -10.000 -9.700 12.400 -10.000 -9.400 13.775 -10.000
3 0 -9.400 13.775 -10.000 -9.150 13.800 -10.000 -9.450 12.350 -10.000
3 7 -8.750 13.800 -10.000 -8.950 12.700 -10.000 -9.450 12.350 -10.000
3 7 -9.450 12.350 -10.000 -9.150 13.800 -10.000 -8.750 13.800 -10.000
3 0 -8.500 13.800 -10.000 -8.750 13.800 -10.000 -9.500 14.300 -10.000
3 0 -9.500 14.300 -10.000 -7.400 14.300 -10.000 -8.500 13.800 -10.000
3 0 -9.150 13.800 -10.000 -9.400 13.775 -10.000 -9.850 13.750 -10.000
3 0 -9.850 13.750 -10.000 -9.500 14.300 -10.000 -9.150 13.800 -10.000
3 7 -9.400 13.775 -10.000 -9.700 12.400 -10.000 -10.100 12.350 -10.000
3 7 -10.100 12.350 -10.000 -9.850 13.750 -10.000 -9.400 13.775 -10.000
3 7 -9.450 12.350 -10.000 -8.400 11.350 -10.000 -10.100 12.350 -10.000
3 7 -10.100 12.350 -10.000 -9.700 12.400 -10.000 -9.450 12.350 -10.000
3 7 -11.900 12.100 -10.000 -10.350 12.400 -10.000 -10.100 12.350 -10.000
3 7 -10.100 12.350 -10.000 -8.400 11.350 -10.000 -11.900 12.100 -10.000
3 0 -9.850 13.750 -10.000 -10.100 12.350 -10.000 -10.350 12.400 -10.000
3 0 -10.350 12.400 -10.000 -10.100 13.725 -10.000 -9.850 13.750 -10.000
3 0 -10.750 13.675 -10.000 -10.500 13.700 -10.000 -10.600 13.050 -10.000
3 0 -10.600 13.050 -10.000 -10.850 13.100 -10.000 -10.750 13.675 -10.000
3 0 -10.500 13.700 -10.000 -10.750 13.675 -10.000 -11.600 13.600 -10.000
3 0 -11.600 13.600 -10.000 -10.800 14.200 -10.000 -10.500 13.700 -10.000
3 0 -10.500 13.700 -10.000 -10.800 14.200 -10.000 -9.500 14.300 -10.000
3 0 -9.500 14.300 -10.000 -10.100 13.725 -10.000 -10.500 13.700 -10.000
3 7 -10.500 13.700 -10.000 -10.100 13.725 -10.000 -10.350 12.400 -10.000
3 7 -10.350 12.400 -10.000 -10.600 13.050 -10.000 -10.500 13.700 -10.000
3 0 -8.750 13.800 -10.000 -9.150 13.800 -10.000 -9.500 14.300 -10.000
3 0 -10.100 13.725 -10.000 -9.500 14.300 -10.000 -9.850 13.750 -10.000
3 7 -10.750 13.675 -10.000 -10.850 13.100 -10.000 -11.900 12.100 -10.000
3 7 -11.900 12.100 -10.000 -11.600 13.600 -10.000 -10.750 13.675 -10.000
3 0 -11.600 13.600 -10.000 -11.900 12.100 -10.000 -12.260 12.200 -10.000
3 0 -12.260 12.200 -10.000 -12.100 12.800 -10.000 -11.600 13.600 -10.000
3 7 -11.900 12.100 -10.000 -10.850 13.100 -10.000 -10.600 13.050 -10.000
3 7 -10.600 13.050 -10.000 -10.350 12.400 -10.000 -11.900 12.100 -10.000
3 0 -4.400 14.000 -10.000 -7.500 12.900 -10.000 -7.800 13.800 -10.000
3 0 -7.800 13.800 -10.000 -5.800 14.200 -10.000 -4.400 14.000 -10.000
3 0 -4.600 21.700 -10.000 -4.100 21.400 -10.000 -3.900 13.400 -10.000
3 0 -3.900 13.400 -10.000 -4.400 14.000 -10.000 -4.600 21.700 -10.000
3 0 -8.200 22.700 -10.000 -6.400 22.610 -10.000 -5.600 21.900 -10.000
3 0 -5.600 21.900 -10.000 -8.400 22.100 -10.000 -8.200 22.700 -10.000
3 0 -12.400 21.700 -10.000 -10.650 22.600 -10.000 -10.600 22.000 -10.000
3 0 -12.400 21.700 -10.000 -12.600 14.000 -10.000 -13.100 13.300 -10.000
3 0 -13.100 13.300 -10.000 -12.900 22.000 -10.000 -12.400 21.700 -10.000
3 0 -11.600 13.600 -10.000 -12.600 14.000 -10.000 -10.800 14.200 -10.000
3 0 -11.400 16.400 -10.000 -11.400 17.400 -10.000 -10.800 20.200 -10.000
3 0 -10.800 20.200 -10.000 -10.500 19.700 -10.000 -11.400 16.400 -10.000
3 0 -7.500 12.900 -10.000 -4.400 14.000 -10.000 -3.900 13.400 -10.000
3 0 -10.800 20.200 -10.000 -10.600 20.600 -10.000 -10.000 20.700 -10.000
3 0 -10.000 20.700 -10.000 -10.200 20.000 -10.000 -10.800 20.200 -10.000
3 0 -7.500 20.000 -10.000 -10.200 20.000 -10.000 -10.000 20.700 -10.000
3 0 -10.000 20.700 -10.000 -9.300 20.600 -10.000 -7.500 20.000 -10.000
3 0 -10.500 19.700 -10.000 -10.800 20.200 -10.000 -10.200 20.000 -10.000
3 0 6.450 12.900 -10.000 6.450 13.400 -10.000 12.950 13.400 -10.000
3 0 12.950 13.400 -10.000 12.950 12.900 -10.000 6.450 12.900 -10.000
3 0 6.450 16.500 -10.000 6.450 13.400 -10.000 5.950 13.400 -10.000
3 0 5.950 13.400 -10.000 5.950 16.500 -10.000 6.450 16.500 -10.000
3 0 12.950 17.000 -10.000 12.950 16.500 -10.000 6.450 16.500 -10.000
3 0 6.450 16.500 -10.000 6.450 17.000 -10.000 12.950 17.000 -10.000
3 0 13.450 16.500 -10.000 13.450 13.400 -10.000 12.950 13.400 -10.000
3 0 12.950 13.400 -10.000 12.950 16.500 -10.000 13.450 16.500 -10.000
3 7 6.750 14.650 -10.000 6.750 15.250 -10.000 11.150 15.250 -10.000
3 7 11.150 15.250 -10.000 11.150 14.650 -10.000 6.750 14.650 -10.000
3 7 6.750 15.450 -10.000 6.750 16.050 -10.000 11.850 16.050 -10.000
3 7 11.850 16.050 -10.000 11.850 15.450 -10.000 6.750 15.450 -10.000
3 15 6.750 13.850 -10.000 11.500 13.850 -10.000 12.950 13.400 -10.000
3 15 12.950 13.400 -10.000 6.450 13.400 -10.000 6.750 13.850 -10.000
3 15 11.500 13.850 -10.000 11.500 14.450 -10.000 11.850 15.450 -10.000
3 15 11.850 15.450 -10.000 12.950 13.400 -10.000 11.500 13.850 -10.000
3 15 6.750 15.250 -10.000 6.750 15.450 -10.000 11.850 15.450 -10.000
3 15 11.850 15.450 -10.000 11.150 15.250 -10.000 6.750 15.250 -10.000
3 15 6.750 16.050 -10.000 6.450 16.500 -10.000 12.950 16.500 -10.000
3 15 12.950 16.500 -10.000 11.850 16.050 -10.000 6.750 16.050 -10.000
3 15 6.750 14.650 -10.000 6.450 13.400 -10.000 6.450 16.500 -10.000
3 15 6.450 16.500 -10.000 6.750 15.250 -10.000 6.750 14.650 -10.000
3 15 6.750 15.450 -10.000 6.450 16.500 -10.000 6.750 16.050 -10.000
3 15 6.750 15.250 -10.000 6.450 16.500 -10.000 6.750 15.450 -10.000
3 15 11.850 16.050 -10.000 12.950 16.500 -10.000 12.950 13.400 -10.000
3 15 12.950 13.400 -10.000 11.850 15.450 -10.000 11.850 16.050 -10.000
3 15 11.500 14.450 -10.000 11.150 14.650 -10.000 11.150 15.250 -10.000
3 15 11.150 15.250 -10.000 11.850 15.450 -10.000 11.500 14.450 -10.000
3 7 6.750 13.850 -10.000 6.750 14.450 -10.000 11.500 14.450 -10.000
3 7 11.500 14.450 -10.000 11.500 13.850 -10.000 6.750 13.850 -10.000
3 15 6.450 13.400 -10.000 6.750 14.650 -10.000 6.750 14.450 -10.000
3 15 6.450 13.400 -10.000 6.750 14.450 -10.000 6.750 13.850 -10.000
3 15 6.750 14.450 -10.000 6.750 14.650 -10.000 11.150 14.650 -10.000
3 15 11.150 14.650 -10.000 11.500 14.450 -10.000 6.750 14.450 -10.000
3 0 1.023 14.265 -10.000 0.323 14.560 -10.000 0.400 14.745 -10.000
3 0 0.400 14.745 -10.000 1.100 14.450 -10.000 1.023 14.265 -10.000
3 0 1.100 14.450 -10.000 0.400 14.745 -10.000 0.477 14.930 -10.000
3 0 0.477 14.930 -10.000 1.177 14.635 -10.000 1.100 14.450 -10.000
3 0 -5.525 2.433 -10.000 -5.146 2.004 -10.000 -6.316 2.070 -10.000
3 0 -6.316 2.070 -10.000 -5.689 2.433 -10.000 -5.525 2.433 -10.000
3 14 -1.446 4.450 -10.000 -1.162 4.615 -10.000 0.759 4.831 -10.000
3 14 0.759 4.831 -10.000 1.170 4.236 -10.000 -1.446 4.450 -10.000
3 14 -5.778 0.946 -10.000 -5.146 2.004 -10.000 -4.261 2.962 -10.000
3 14 -4.261 2.962 -10.000 1.170 4.236 -10.000 -5.778 0.946 -10.000
3 14 -4.261 2.962 -10.000 -3.312 3.723 -10.000 -2.553 4.119 -10.000
3 14 -2.553 4.119 -10.000 1.170 4.236 -10.000 -4.261 2.962 -10.000
3 14 5.976 0.946 -10.000 -5.778 0.946 -10.000 1.170 4.236 -10.000
3 14 1.170 4.236 -10.000 4.617 2.617 -10.000 5.976 0.946 -10.000
3 14 -2.553 4.119 -10.000 -1.763 4.384 -10.000 -1.446 4.450 -10.000
3 14 -1.446 4.450 -10.000 1.170 4.236 -10.000 -2.553 4.119 -10.000
3 14 0.261 5.772 -10.000 0.759 4.831 -10.000 -0.909 4.814 -10.000
3 14 -0.909 4.814 -10.000 -0.466 5.640 -10.000 0.261 5.772 -10.000
3 14 -0.466 5.640 -10.000 -0.030 7.029 -10.000 0.261 5.772 -10.000
3 14 -1.162 4.615 -10.000 -0.909 4.814 -10.000 0.759 4.831 -10.000
3 14 1.170 4.236 -10.000 2.245 3.972 -10.000 3.510 3.410 -10.000
3 14 3.510 3.410 -10.000 4.617 2.617 -10.000 1.170 4.236 -10.000
3 14 4.617 2.617 -10.000 5.407 1.889 -10.000 5.755 1.493 -10.000
3 14 5.755 1.493 -10.000 5.976 0.946 -10.000 4.617 2.617 -10.000
3 0 1.623 15.665 -10.000 0.923 15.960 -10.000 1.000 16.145 -10.000
3 0 1.000 16.145 -10.000 1.700 15.850 -10.000 1.623 15.665 -10.000
3 0 1.700 15.850 -10.000 1.000 16.145 -10.000 1.077 16.330 -10.000
3 0 1.077 16.330 -10.000 1.777 16.035 -10.000 1.700 15.850 -10.000
3 0 1.323 14.965 -10.000 0.623 15.260 -10.000 0.700 15.445 -10.000
3 0 0.700 15.445 -10.000 1.400 15.150 -10.000 1.323 14.965 -10.000
3 0 1.400 15.150 -10.000 0.700 15.445 -10.000 0.777 15.630 -10.000
3 0 0.777 15.630 -10.000 1.477 15.335 -10.000 1.400 15.150 -10.000
3 80 1.477 15.335 -10.000 0.777 15.630 -10.000 0.923 15.960 -10.000
3 80 0.923 15.960 -10.000 1.623 15.665 -10.000 1.477 15.335 -10.000
3 80 0.777 15.630 -10.000 0.592 15.707 -10.000 0.738 16.037 -10.000
3 80 0.738 16.037 -10.000 0.923 15.960 -10.000 0.777 15.630 -10.000
3 80 1.662 15.258 -10.000 1.477 15.335 -10.000 1.623 15.665 -10.000
3 80 1.623 15.665 -10.000 1.808 15.588 -10.000 1.662 15.258 -10.000
3 80 0.438 15.337 -10.000 0.623 15.260 -10.000 0.477 14.930 -10.000
3 80 0.477 14.930 -10.000 0.292 15.007 -10.000 0.438 15.337 -10.000
3 80 0.623 15.260 -10.000 1.323 14.965 -10.000 1.177 14.635 -10.000
3 80 1.177 14.635 -10.000 0.477 14.930 -10.000 0.623 15.260 -10.000
3 80 1.323 14.965 -10.000 1.508 14.888 -10.000 1.362 14.558 -10.000
3 80 1.362 14.558 -10.000 1.177 14.635 -10.000 1.323 14.965 -10.000
3 80 0.600 13.000 -10.000 0.150 10.467 -10.000 -0.300 10.700 -10.000
3 80 -0.300 10.700 -10.000 -0.300 13.000 -10.000 0.600 13.000 -10.000
3 80 0.150 10.467 -10.000 -0.100 10.500 -10.000 -0.300 10.700 -10.000
3 80 0.400 10.500 -10.000 0.150 10.467 -10.000 0.600 13.000 -10.000
3 80 0.600 13.000 -10.000 0.600 10.700 -10.000 0.400 10.500 -10.000
3 80 -0.900 10.800 -10.000 -1.200 11.000 -10.000 -0.500 11.000 -10.000
3 80 -0.500 11.000 -10.000 -0.800 10.800 -10.000 -0.900 10.800 -10.000
3 80 1.200 10.800 -10.000 1.100 10.800 -10.000 0.800 11.000 -10.000
3 80 0.800 11.000 -10.000 1.500 11.000 -10.000 1.200 10.800 -10.000
3 80 -1.200 12.000 -10.000 -0.500 11.800 -10.000 -0.500 11.000 -10.000
3 80 -0.500 11.000 -10.000 -1.200 11.000 -10.000 -1.200 12.000 -10.000
3 80 1.500 12.000 -10.000 1.500 11.000 -10.000 0.800 11.000 -10.000
3 80 0.800 11.000 -10.000 0.800 11.800 -10.000 1.500 12.000 -10.000
3 80 -0.950 12.300 -10.000 -0.800 12.300 -10.000 -0.500 11.800 -10.000
3 80 -0.500 11.800 -10.000 -1.200 12.000 -10.000 -0.950 12.300 -10.000
3 80 1.300 12.300 -10.000 1.500 12.000 -10.000 0.800 11.800 -10.000
3 80 0.800 11.800 -10.000 1.100 12.300 -10.000 1.300 12.300 -10.000
3 0 -0.300 13.200 -10.000 0.600 13.200 -10.000 0.600 13.000 -10.000
3 0 0.600 13.000 -10.000 -0.300 13.000 -10.000 -0.300 13.200 -10.000
3 0 0.600 13.200 -10.000 0.800 13.000 -10.000 0.800 12.500 -10.000
3 0 0.800 12.500 -10.000 0.600 13.000 -10.000 0.600 13.200 -10.000
3 0 -0.300 13.200 -10.000 -0.300 13.000 -10.000 -0.500 12.700 -10.000
3 0 -0.500 12.700 -10.000 -0.500 13.000 -10.000 -0.300 13.200 -10.000
3 0 -0.300 13.000 -10.000 -0.300 10.700 -10.000 -0.500 11.000 -10.000
3 0 -0.500 11.000 -10.000 -0.500 11.800 -10.000 -0.300 13.000 -10.000
3 0 0.600 13.000 -10.000 0.800 11.800 -10.000 0.800 11.000 -10.000
3 0 0.800 11.000 -10.000 0.600 10.700 -10.000 0.600 13.000 -10.000
3 0 0.600 10.700 -10.000 0.800 11.000 -10.000 1.100 10.800 -10.000
3 0 -0.500 11.000 -10.000 -0.300 10.700 -10.000 -1.510 9.799 -10.000
3 0 -1.510 9.799 -10.000 -0.800 10.800 -10.000 -0.500 11.000 -10.000
3 0 0.800 11.800 -10.000 0.900 12.400 -10.000 1.000 12.500 -10.000
3 0 1.000 12.500 -10.000 1.100 12.300 -10.000 0.800 11.800 -10.000
3 0 -0.500 11.800 -10.000 -0.800 12.300 -10.000 -0.700 12.700 -10.000
3 0 -0.700 12.700 -10.000 -0.600 12.600 -10.000 -0.500 11.800 -10.000
3 0 -0.800 12.300 -10.000 -0.950 12.300 -10.000 -1.300 12.700 -10.000
3 0 -1.300 12.700 -10.000 -0.700 12.700 -10.000 -0.800 12.300 -10.000
3 0 1.100 12.300 -10.000 1.000 12.500 -10.000 1.500 12.700 -10.000
3 0 1.500 12.700 -10.000 1.300 12.300 -10.000 1.100 12.300 -10.000
3 0 -0.500 11.800 -10.000 -0.500 12.700 -10.000 -0.300 13.000 -10.000
3 0 0.800 11.800 -10.000 0.600 13.000 -10.000 0.800 12.500 -10.000
3 0 -0.500 11.800 -10.000 -0.600 12.600 -10.000 -0.500 12.700 -10.000
3 0 0.800 11.800 -10.000 0.800 12.500 -10.000 0.900 12.400 -10.000
3 80 0.600 13.200 -10.000 -0.300 13.200 -10.000 0.323 14.560 -10.000
3 80 0.323 14.560 -10.000 1.023 14.265 -10.000 0.600 13.200 -10.000
3 80 -0.500 13.000 -10.000 -0.500 12.700 -10.000 -0.600 12.600 -10.000
3 80 -0.600 12.600 -10.000 -0.700 12.700 -10.000 -0.500 13.000 -10.000
3 80 0.800 13.000 -10.000 1.000 12.500 -10.000 0.900 12.400 -10.000
3 80 0.900 12.400 -10.000 0.800 12.500 -10.000 0.800 13.000 -10.000
3 80 -0.700 12.700 -10.000 -0.700 13.000 -10.000 -0.500 13.000 -10.000
3 80 1.000 12.500 -10.000 0.800 13.000 -10.000 1.000 12.800 -10.000
3 0 -1.200 12.000 -10.000 -1.200 11.000 -10.000 -1.600 11.000 -10.000
3 0 -1.600 11.000 -10.000 -1.600 12.000 -10.000 -1.200 12.000 -10.000
3 0 1.900 12.000 -10.000 1.900 11.300 -10.000 1.500 11.000 -10.000
3 0 1.500 11.000 -10.000 1.500 12.000 -10.000 1.900 12.000 -10.000
3 80 2.300 16.500 -10.000 1.077 16.330 -10.000 0.800 17.000 -10.000
3 80 0.800 17.000 -10.000 1.100 17.000 -10.000 2.300 16.500 -10.000
3 80 0.800 17.000 -10.000 0.892 16.407 -10.000 0.815 16.222 -10.000
3 80 0.815 16.222 -10.000 0.300 16.600 -10.000 0.800 17.000 -10.000
3 80 2.300 16.500 -10.000 2.500 16.200 -10.000 1.962 15.958 -10.000
3 80 1.962 15.958 -10.000 1.777 16.035 -10.000 2.300 16.500 -10.000
3 80 2.500 16.200 -10.000 2.500 15.700 -10.000 1.885 15.773 -10.000
3 80 1.885 15.773 -10.000 1.962 15.958 -10.000 2.500 16.200 -10.000
3 80 1.777 16.035 -10.000 1.077 16.330 -10.000 2.300 16.500 -10.000
3 80 1.077 16.330 -10.000 0.892 16.407 -10.000 0.800 17.000 -10.000
3 80 0.323 14.560 -10.000 -0.300 13.200 -10.000 -0.450 13.900 -10.000
3 80 -0.450 13.900 -10.000 0.138 14.637 -10.000 0.323 14.560 -10.000
3 80 0.600 13.200 -10.000 1.023 14.265 -10.000 1.208 14.188 -10.000
3 0 2.900 15.600 -10.000 2.500 15.700 -10.000 2.500 16.200 -10.000
3 0 2.500 16.200 -10.000 2.900 16.300 -10.000 2.900 15.600 -10.000
3 0 2.600 16.800 -10.000 2.900 16.300 -10.000 2.500 16.200 -10.000
3 0 2.500 16.200 -10.000 2.300 16.500 -10.000 2.600 16.800 -10.000
3 0 1.500 17.300 -10.000 2.600 16.800 -10.000 2.300 16.500 -10.000
3 0 2.300 16.500 -10.000 1.100 17.000 -10.000 1.500 17.300 -10.000
3 0 -1.600 12.000 -10.000 -1.300 12.700 -10.000 -0.950 12.300 -10.000
3 0 -0.950 12.300 -10.000 -1.200 12.000 -10.000 -1.600 12.000 -10.000
3 0 1.900 12.000 -10.000 1.500 12.000 -10.000 1.300 12.300 -10.000
3 0 1.300 12.300 -10.000 1.500 12.700 -10.000 1.900 12.000 -10.000
3 0 1.000 12.500 -10.000 1.000 12.800 -10.000 2.900 15.600 -10.000
3 0 2.900 15.600 -10.000 1.500 12.700 -10.000 1.000 12.500 -10.000
3 0 -0.700 12.700 -10.000 -1.300 12.700 -10.000 -0.800 13.900 -10.000
3 0 -0.800 13.900 -10.000 -0.700 13.000 -10.000 -0.700 12.700 -10.000
3 80 1.000 18.375 -10.000 0.100 18.375 -10.000 0.100 18.975 -10.000
3 80 0.100 18.975 -10.000 1.000 18.975 -10.000 1.000 18.375 -10.000
3 80 -0.200 18.075 -10.000 -0.800 18.075 -10.000 0.100 18.975 -10.000
3 80 0.100 18.975 -10.000 0.100 18.375 -10.000 -0.200 18.075 -10.000
3 80 -0.200 19.275 -10.000 0.100 18.975 -10.000 -0.800 18.075 -10.000
3 80 -0.800 18.075 -10.000 -0.800 19.275 -10.000 -0.200 19.275 -10.000
3 80 -0.800 20.075 -10.000 0.100 20.075 -10.000 0.100 19.475 -10.000
3 80 0.100 19.475 -10.000 -0.800 19.475 -10.000 -0.800 20.075 -10.000
3 80 0.400 20.375 -10.000 1.000 20.375 -10.000 0.100 19.475 -10.000
3 80 0.100 19.475 -10.000 0.100 20.075 -10.000 0.400 20.375 -10.000
3 80 0.400 19.175 -10.000 0.100 19.475 -10.000 1.000 20.375 -10.000
3 80 1.000 20.375 -10.000 1.000 19.175 -10.000 0.400 19.175 -10.000
3 80 1.000 20.550 -10.000 0.100 20.550 -10.000 0.100 21.150 -10.000
3 80 0.100 21.150 -10.000 1.000 21.150 -10.000 1.000 20.550 -10.000
3 80 -0.200 20.250 -10.000 -0.800 20.250 -10.000 0.100 21.150 -10.000
3 80 0.100 21.150 -10.000 0.100 20.550 -10.000 -0.200 20.250 -10.000
3 80 -0.200 21.450 -10.000 0.100 21.150 -10.000 -0.800 20.250 -10.000
3 80 -0.800 20.250 -10.000 -0.800 21.450 -10.000 -0.200 21.450 -10.000
3 80 -0.800 22.225 -10.000 0.100 22.225 -10.000 0.100 21.625 -10.000
3 80 0.100 21.625 -10.000 -0.800 21.625 -10.000 -0.800 22.225 -10.000
3 80 0.400 22.525 -10.000 1.000 22.525 -10.000 0.100 21.625 -10.000
3 80 0.100 21.625 -10.000 0.100 22.225 -10.000 0.400 22.525 -10.000
3 80 0.400 21.325 -10.000 0.100 21.625 -10.000 1.000 22.525 -10.000
3 80 1.000 22.525 -10.000 1.000 21.325 -10.000 0.400 21.325 -10.000
3 80 1.000 22.700 -10.000 0.100 22.700 -10.000 0.100 23.300 -10.000
3 80 0.100 23.300 -10.000 1.000 23.300 -10.000 1.000 22.700 -10.000
3 80 -0.200 22.400 -10.000 -0.800 22.400 -10.000 0.100 23.300 -10.000
3 80 0.100 23.300 -10.000 0.100 22.700 -10.000 -0.200 22.400 -10.000
3 80 -0.200 23.600 -10.000 0.100 23.300 -10.000 -0.800 22.400 -10.000
3 80 -0.800 22.400 -10.000 -0.800 23.600 -10.000 -0.200 23.600 -10.000
3 80 -0.800 24.375 -10.000 0.100 24.375 -10.000 0.100 23.775 -10.000
3 80 0.100 23.775 -10.000 -0.800 23.775 -10.000 -0.800 24.375 -10.000
3 80 0.400 24.675 -10.000 1.000 24.675 -10.000 0.100 23.775 -10.000
3 80 0.100 23.775 -10.000 0.100 24.375 -10.000 0.400 24.675 -10.000
3 80 0.425 23.475 -10.000 0.100 23.775 -10.000 1.000 24.675 -10.000
3 80 1.000 24.675 -10.000 1.000 23.475 -10.000 0.425 23.475 -10.000
3 80 1.000 24.850 -10.000 0.100 24.850 -10.000 0.100 25.450 -10.000
3 80 0.100 25.450 -10.000 1.000 25.450 -10.000 1.000 24.850 -10.000
3 80 -0.200 24.550 -10.000 -0.800 24.550 -10.000 0.100 25.450 -10.000
3 80 0.100 25.450 -10.000 0.100 24.850 -10.000 -0.200 24.550 -10.000
3 80 -0.200 25.750 -10.000 0.100 25.450 -10.000 -0.800 24.550 -10.000
3 80 -0.800 24.550 -10.000 -0.800 25.750 -10.000 -0.200 25.750 -10.000
3 80 -0.800 26.525 -10.000 0.100 26.525 -10.000 0.100 25.925 -10.000
3 80 0.100 25.925 -10.000 -0.800 25.925 -10.000 -0.800 26.525 -10.000
3 80 0.400 26.825 -10.000 1.000 26.825 -10.000 0.100 25.925 -10.000
3 80 0.100 25.925 -10.000 0.100 26.525 -10.000 0.400 26.825 -10.000
3 80 0.400 25.625 -10.000 0.100 25.925 -10.000 1.000 26.825 -10.000
3 80 1.000 26.825 -10.000 1.000 25.625 -10.000 0.400 25.625 -10.000
3 80 1.000 27.000 -10.000 0.100 27.000 -10.000 0.100 27.600 -10.000
3 80 0.100 27.600 -10.000 1.000 27.600 -10.000 1.000 27.000 -10.000
3 80 -0.200 26.700 -10.000 -0.800 26.700 -10.000 0.100 27.600 -10.000
3 80 0.100 27.600 -10.000 0.100 27.000 -10.000 -0.200 26.700 -10.000
3 80 -0.200 27.900 -10.000 0.100 27.600 -10.000 -0.800 26.700 -10.000
3 80 -0.800 26.700 -10.000 -0.800 27.900 -10.000 -0.200 27.900 -10.000
3 80 -0.800 28.675 -10.000 0.100 28.675 -10.000 0.100 28.075 -10.000
3 80 0.100 28.075 -10.000 -0.800 28.075 -10.000 -0.800 28.675 -10.000
3 80 0.400 28.975 -10.000 1.000 28.975 -10.000 0.100 28.075 -10.000
3 80 0.100 28.075 -10.000 0.100 28.675 -10.000 0.400 28.975 -10.000
3 80 0.400 27.775 -10.000 0.100 28.075 -10.000 1.000 28.975 -10.000
3 80 1.000 28.975 -10.000 1.000 27.775 -10.000 0.400 27.775 -10.000
3 80 1.000 29.150 -10.000 0.100 29.150 -10.000 0.100 29.750 -10.000
3 80 0.100 29.750 -10.000 1.000 29.750 -10.000 1.000 29.150 -10.000
3 80 -0.200 28.850 -10.000 -0.800 28.850 -10.000 0.100 29.750 -10.000
3 80 0.100 29.750 -10.000 0.100 29.150 -10.000 -0.200 28.850 -10.000
3 80 -0.200 30.050 -10.000 0.100 29.750 -10.000 -0.800 28.850 -10.000
3 80 -0.800 28.850 -10.000 -0.800 30.050 -10.000 -0.200 30.050 -10.000
3 80 -0.800 30.825 -10.000 0.100 30.825 -10.000 0.100 30.225 -10.000
3 80 0.100 30.225 -10.000 -0.800 30.225 -10.000 -0.800 30.825 -10.000
3 80 0.400 31.125 -10.000 1.000 31.125 -10.000 0.100 30.225 -10.000
3 80 0.100 30.225 -10.000 0.100 30.825 -10.000 0.400 31.125 -10.000
3 80 0.400 29.925 -10.000 0.100 30.225 -10.000 1.000 31.125 -10.000
3 80 1.000 31.125 -10.000 1.000 29.925 -10.000 0.400 29.925 -10.000
3 80 -0.200 31.000 -10.000 -0.800 31.000 -10.000 0.100 31.700 -10.000
3 80 0.100 31.700 -10.000 0.100 31.300 -10.000 -0.200 31.000 -10.000
3 80 -0.800 31.000 -10.000 -0.800 31.675 -10.000 0.100 31.700 -10.000
3 80 1.000 31.300 -10.000 0.100 31.300 -10.000 0.100 31.700 -10.000
3 80 0.100 31.700 -10.000 1.000 31.700 -10.000 1.000 31.300 -10.000
3 80 -0.800 17.875 -10.000 0.100 17.875 -10.000 0.100 17.275 -10.000
3 80 0.100 17.275 -10.000 -0.800 17.275 -10.000 -0.800 17.875 -10.000
3 80 0.400 18.175 -10.000 1.000 18.175 -10.000 0.100 17.275 -10.000
3 80 0.100 17.275 -10.000 0.100 17.875 -10.000 0.400 18.175 -10.000
3 80 1.000 18.175 -10.000 1.000 17.350 -10.000 0.662 17.275 -10.000
3 80 0.662 17.275 -10.000 0.100 17.275 -10.000 1.000 18.175 -10.000
3 80 -0.800 15.875 -10.000 -0.800 17.075 -10.000 -0.200 17.075 -10.000
3 80 -0.200 17.075 -10.000 0.075 16.800 -10.000 -0.800 15.875 -10.000
3 80 -0.200 15.875 -10.000 -0.800 15.875 -10.000 0.075 16.800 -10.000
3 80 -0.425 15.050 -10.000 -0.800 15.050 -10.000 -0.800 15.650 -10.000
3 80 -0.800 15.650 -10.000 -0.275 15.650 -10.000 -0.425 15.050 -10.000
3 80 -0.800 13.900 -10.000 -0.800 14.800 -10.000 -0.475 14.800 -10.000
3 80 -0.475 14.800 -10.000 -0.700 13.900 -10.000 -0.800 13.900 -10.000
3 0 -0.800 15.050 -10.000 -0.425 15.050 -10.000 -0.475 14.800 -10.000
3 0 -0.475 14.800 -10.000 -0.800 14.800 -10.000 -0.800 15.050 -10.000
3 0 -0.800 15.875 -10.000 -0.200 15.875 -10.000 -0.275 15.650 -10.000
3 0 -0.275 15.650 -10.000 -0.800 15.650 -10.000 -0.800 15.875 -10.000
3 0 -0.800 17.275 -10.000 0.100 17.275 -10.000 -0.200 17.075 -10.000
3 0 -0.200 17.075 -10.000 -0.800 17.075 -10.000 -0.800 17.275 -10.000
3 0 0.100 17.275 -10.000 0.325 17.050 -10.000 0.075 16.800 -10.000
3 0 0.075 16.800 -10.000 -0.200 17.075 -10.000 0.100 17.275 -10.000
3 0 -0.800 18.075 -10.000 -0.200 18.075 -10.000 0.100 17.875 -10.000
3 0 0.100 17.875 -10.000 -0.800 17.875 -10.000 -0.800 18.075 -10.000
3 0 -0.200 18.075 -10.000 0.100 18.375 -10.000 0.400 18.175 -10.000
3 0 0.400 18.175 -10.000 0.100 17.875 -10.000 -0.200 18.075 -10.000
3 0 0.100 18.375 -10.000 1.000 18.375 -10.000 1.000 18.175 -10.000
3 0 1.000 18.175 -10.000 0.400 18.175 -10.000 0.100 18.375 -10.000
3 0 -0.800 19.475 -10.000 0.100 19.475 -10.000 -0.200 19.275 -10.000
3 0 -0.200 19.275 -10.000 -0.800 19.275 -10.000 -0.800 19.475 -10.000
3 0 -0.200 19.275 -10.000 0.100 19.475 -10.000 0.400 19.175 -10.000
3 0 0.400 19.175 -10.000 0.100 18.975 -10.000 -0.200 19.275 -10.000
3 0 0.400 19.175 -10.000 1.000 19.175 -10.000 1.000 18.975 -10.000
3 0 1.000 18.975 -10.000 0.100 18.975 -10.000 0.400 19.175 -10.000
3 0 -0.800 20.250 -10.000 -0.200 20.250 -10.000 0.100 20.075 -10.000
3 0 0.100 20.075 -10.000 -0.800 20.075 -10.000 -0.800 20.250 -10.000
3 0 -0.200 20.250 -10.000 0.100 20.550 -10.000 0.400 20.375 -10.000
3 0 0.400 20.375 -10.000 0.100 20.075 -10.000 -0.200 20.250 -10.000
3 0 0.100 20.550 -10.000 1.000 20.550 -10.000 1.000 20.375 -10.000
3 0 1.000 20.375 -10.000 0.400 20.375 -10.000 0.100 20.550 -10.000
3 0 -0.800 21.625 -10.000 0.100 21.625 -10.000 -0.200 21.450 -10.000
3 0 -0.200 21.450 -10.000 -0.800 21.450 -10.000 -0.800 21.625 -10.000
3 0 -0.200 21.450 -10.000 0.100 21.625 -10.000 0.400 21.325 -10.000
3 0 0.400 21.325 -10.000 0.100 21.150 -10.000 -0.200 21.450 -10.000
3 0 0.400 21.325 -10.000 1.000 21.325 -10.000 1.000 21.150 -10.000
3 0 1.000 21.150 -10.000 0.100 21.150 -10.000 0.400 21.325 -10.000
3 0 -0.800 22.400 -10.000 -0.200 22.400 -10.000 0.100 22.225 -10.000
3 0 0.100 22.225 -10.000 -0.800 22.225 -10.000 -0.800 22.400 -10.000
3 0 -0.200 22.400 -10.000 0.100 22.700 -10.000 0.400 22.525 -10.000
3 0 0.400 22.525 -10.000 0.100 22.225 -10.000 -0.200 22.400 -10.000
3 0 0.100 22.700 -10.000 1.000 22.700 -10.000 1.000 22.525 -10.000
3 0 1.000 22.525 -10.000 0.400 22.525 -10.000 0.100 22.700 -10.000
3 0 -0.800 23.775 -10.000 0.100 23.775 -10.000 -0.200 23.600 -10.000
3 0 -0.200 23.600 -10.000 -0.800 23.600 -10.000 -0.800 23.775 -10.000
3 0 -0.200 23.600 -10.000 0.100 23.775 -10.000 0.425 23.475 -10.000
3 0 0.425 23.475 -10.000 0.100 23.300 -10.000 -0.200 23.600 -10.000
3 0 0.425 23.475 -10.000 1.000 23.475 -10.000 1.000 23.300 -10.000
3 0 1.000 23.300 -10.000 0.100 23.300 -10.000 0.425 23.475 -10.000
3 0 -0.800 24.550 -10.000 -0.200 24.550 -10.000 0.100 24.375 -10.000
3 0 0.100 24.375 -10.000 -0.800 24.375 -10.000 -0.800 24.550 -10.000
3 0 -0.200 24.550 -10.000 0.100 24.850 -10.000 0.400 24.675 -10.000
3 0 0.400 24.675 -10.000 0.100 24.375 -10.000 -0.200 24.550 -10.000
3 0 0.100 24.850 -10.000 1.000 24.850 -10.000 1.000 24.675 -10.000
3 0 1.000 24.675 -10.000 0.400 24.675 -10.000 0.100 24.850 -10.000
3 0 -0.800 25.925 -10.000 0.100 25.925 -10.000 -0.200 25.750 -10.000
3 0 -0.200 25.750 -10.000 -0.800 25.750 -10.000 -0.800 25.925 -10.000
3 0 -0.200 25.750 -10.000 0.100 25.925 -10.000 0.400 25.625 -10.000
3 0 0.400 25.625 -10.000 0.100 25.450 -10.000 -0.200 25.750 -10.000
3 0 0.100 25.450 -10.000 0.400 25.625 -10.000 1.000 25.625 -10.000
3 0 1.000 25.625 -10.000 1.000 25.450 -10.000 0.100 25.450 -10.000
3 0 -0.800 26.700 -10.000 -0.200 26.700 -10.000 0.100 26.525 -10.000
3 0 0.100 26.525 -10.000 -0.800 26.525 -10.000 -0.800 26.700 -10.000
3 0 -0.200 26.700 -10.000 0.100 27.000 -10.000 0.400 26.825 -10.000
3 0 0.400 26.825 -10.000 0.100 26.525 -10.000 -0.200 26.700 -10.000
3 0 0.100 27.000 -10.000 1.000 27.000 -10.000 1.000 26.825 -10.000
3 0 1.000 26.825 -10.000 0.400 26.825 -10.000 0.100 27.000 -10.000
3 0 -0.800 28.075 -10.000 0.100 28.075 -10.000 -0.200 27.900 -10.000
3 0 -0.200 27.900 -10.000 -0.800 27.900 -10.000 -0.800 28.075 -10.000
3 0 -0.200 27.900 -10.000 0.100 28.075 -10.000 0.400 27.775 -10.000
3 0 0.400 27.775 -10.000 0.100 27.600 -10.000 -0.200 27.900 -10.000
3 0 0.400 27.775 -10.000 1.000 27.775 -10.000 1.000 27.600 -10.000
3 0 1.000 27.600 -10.000 0.100 27.600 -10.000 0.400 27.775 -10.000
3 0 -0.800 28.850 -10.000 -0.200 28.850 -10.000 0.100 28.675 -10.000
3 0 0.100 28.675 -10.000 -0.800 28.675 -10.000 -0.800 28.850 -10.000
3 0 -0.200 28.850 -10.000 0.100 29.150 -10.000 0.400 28.975 -10.000
3 0 0.400 28.975 -10.000 0.100 28.675 -10.000 -0.200 28.850 -10.000
3 0 0.100 29.150 -10.000 1.000 29.150 -10.000 1.000 28.975 -10.000
3 0 1.000 28.975 -10.000 0.400 28.975 -10.000 0.100 29.150 -10.000
3 0 -0.800 30.225 -10.000 0.100 30.225 -10.000 -0.200 30.050 -10.000
3 0 -0.200 30.050 -10.000 -0.800 30.050 -10.000 -0.800 30.225 -10.000
3 0 -0.200 30.050 -10.000 0.100 30.225 -10.000 0.400 29.925 -10.000
3 0 0.400 29.925 -10.000 0.100 29.750 -10.000 -0.200 30.050 -10.000
3 0 0.100 29.750 -10.000 0.400 29.925 -10.000 1.000 29.925 -10.000
3 0 1.000 29.925 -10.000 1.000 29.750 -10.000 0.100 29.750 -10.000
3 0 -0.800 31.000 -10.000 -0.200 31.000 -10.000 0.100 30.825 -10.000
3 0 0.100 30.825 -10.000 -0.800 30.825 -10.000 -0.800 31.000 -10.000
3 0 -0.200 31.000 -10.000 0.100 31.300 -10.000 0.400 31.125 -10.000
3 0 0.400 31.125 -10.000 0.100 30.825 -10.000 -0.200 31.000 -10.000
3 0 0.100 31.300 -10.000 1.000 31.300 -10.000 1.000 31.125 -10.000
3 0 1.000 31.125 -10.000 0.400 31.125 -10.000 0.100 31.300 -10.000
3 0 -0.800 15.050 -10.000 -0.800 14.800 -10.000 -1.300 13.900 -10.000
3 0 -1.300 13.900 -10.000 -1.300 14.925 -10.000 -0.800 15.050 -10.000
3 0 -1.300 15.762 -10.000 -0.800 15.650 -10.000 -0.800 15.050 -10.000
3 0 -0.800 15.050 -10.000 -1.300 14.925 -10.000 -1.300 15.762 -10.000
3 0 -0.800 15.650 -10.000 -1.300 15.762 -10.000 -0.800 15.875 -10.000
3 0 -0.800 17.075 -10.000 -1.300 17.175 -10.000 -1.300 17.975 -10.000
3 0 -1.300 17.975 -10.000 -0.800 17.275 -10.000 -0.800 17.075 -10.000
3 0 -0.800 17.875 -10.000 -1.300 17.975 -10.000 -1.300 19.375 -10.000
3 0 -1.300 19.375 -10.000 -0.800 18.075 -10.000 -0.800 17.875 -10.000
3 0 -0.800 19.275 -10.000 -1.300 19.375 -10.000 -1.300 20.162 -10.000
3 0 -1.300 20.162 -10.000 -0.800 19.475 -10.000 -0.800 19.275 -10.000
3 0 -0.800 20.075 -10.000 -1.300 20.162 -10.000 -1.300 21.538 -10.000
3 0 -1.300 21.538 -10.000 -0.800 20.250 -10.000 -0.800 20.075 -10.000
3 0 -0.800 21.450 -10.000 -1.300 21.538 -10.000 -1.300 22.312 -10.000
3 0 -1.300 22.312 -10.000 -0.800 21.625 -10.000 -0.800 21.450 -10.000
3 0 -0.800 22.225 -10.000 -1.300 22.312 -10.000 -1.300 23.688 -10.000
3 0 -1.300 23.688 -10.000 -0.800 22.400 -10.000 -0.800 22.225 -10.000
3 0 -0.800 23.600 -10.000 -1.300 23.688 -10.000 -1.300 24.462 -10.000
3 0 -1.300 24.462 -10.000 -0.800 23.775 -10.000 -0.800 23.600 -10.000
3 0 -0.800 24.375 -10.000 -1.300 24.462 -10.000 -0.800 24.550 -10.000
3 0 -0.800 25.925 -10.000 -0.800 25.750 -10.000 -1.300 24.462 -10.000
3 0 -1.300 24.462 -10.000 -1.300 25.838 -10.000 -0.800 25.925 -10.000
3 0 -0.800 26.700 -10.000 -0.800 26.525 -10.000 -1.300 25.838 -10.000
3 0 -1.300 25.838 -10.000 -1.300 26.612 -10.000 -0.800 26.700 -10.000
3 0 -0.800 28.075 -10.000 -0.800 27.900 -10.000 -1.300 26.612 -10.000
3 0 -1.300 26.612 -10.000 -1.300 27.988 -10.000 -0.800 28.075 -10.000
3 0 -0.800 28.850 -10.000 -0.800 28.675 -10.000 -1.300 27.988 -10.000
3 0 -1.300 27.988 -10.000 -1.300 28.762 -10.000 -0.800 28.850 -10.000
3 0 -0.800 30.225 -10.000 -0.800 30.050 -10.000 -1.300 28.762 -10.000
3 0 -1.300 28.762 -10.000 -1.300 30.138 -10.000 -0.800 30.225 -10.000
3 0 -0.800 31.000 -10.000 -0.800 30.825 -10.000 -1.300 30.138 -10.000
3 0 -1.300 30.138 -10.000 -1.300 30.912 -10.000 -0.800 31.000 -10.000
3 0 -1.300 30.138 -10.000 -0.800 30.825 -10.000 -0.800 30.225 -10.000
3 0 -1.300 28.762 -10.000 -0.800 30.050 -10.000 -0.800 28.850 -10.000
3 0 -1.300 27.988 -10.000 -0.800 28.675 -10.000 -0.800 28.075 -10.000
3 0 -1.300 26.612 -10.000 -0.800 27.900 -10.000 -0.800 26.700 -10.000
3 0 -1.300 25.838 -10.000 -0.800 26.525 -10.000 -0.800 25.925 -10.000
3 0 -1.300 24.462 -10.000 -0.800 25.750 -10.000 -0.800 24.550 -10.000
3 0 -0.800 23.775 -10.000 -1.300 24.462 -10.000 -0.800 24.375 -10.000
3 0 -0.800 22.400 -10.000 -1.300 23.688 -10.000 -0.800 23.600 -10.000
3 0 -0.800 21.625 -10.000 -1.300 22.312 -10.000 -0.800 22.225 -10.000
3 0 -0.800 20.250 -10.000 -1.300 21.538 -10.000 -0.800 21.450 -10.000
3 0 -0.800 19.475 -10.000 -1.300 20.162 -10.000 -0.800 20.075 -10.000
3 0 -0.800 18.075 -10.000 -1.300 19.375 -10.000 -0.800 19.275 -10.000
3 0 -0.800 17.275 -10.000 -1.300 17.975 -10.000 -0.800 17.875 -10.000
3 0 -1.300 17.175 -10.000 -0.800 17.075 -10.000 -0.800 15.875 -10.000
3 0 -0.800 15.875 -10.000 -1.300 15.762 -10.000 -1.300 17.175 -10.000
3 0 -0.800 14.800 -10.000 -0.800 13.900 -10.000 -1.300 12.700 -10.000
3 0 -1.300 12.700 -10.000 -1.300 13.900 -10.000 -0.800 14.800 -10.000
3 0 1.000 31.125 -10.000 1.000 31.300 -10.000 1.500 31.700 -10.000
3 0 1.500 31.700 -10.000 1.500 31.212 -10.000 1.000 31.125 -10.000
3 0 1.000 29.750 -10.000 1.000 29.925 -10.000 1.500 31.212 -10.000
3 0 1.500 31.212 -10.000 1.500 29.838 -10.000 1.000 29.750 -10.000
3 0 1.000 18.175 -10.000 1.000 18.375 -10.000 1.500 19.075 -10.000
3 0 1.500 19.075 -10.000 1.500 18.275 -10.000 1.000 18.175 -10.000
3 0 1.000 29.925 -10.000 1.000 31.125 -10.000 1.500 31.212 -10.000
3 0 1.000 29.750 -10.000 1.500 29.838 -10.000 1.500 29.062 -10.000
3 0 1.500 29.062 -10.000 1.000 29.150 -10.000 1.000 29.750 -10.000
3 0 1.000 28.975 -10.000 1.000 29.150 -10.000 1.500 29.062 -10.000
3 0 1.000 28.975 -10.000 1.500 29.062 -10.000 1.500 27.688 -10.000
3 0 1.500 27.688 -10.000 1.000 27.775 -10.000 1.000 28.975 -10.000
3 0 1.000 27.600 -10.000 1.000 27.775 -10.000 1.500 27.688 -10.000
3 0 1.000 27.600 -10.000 1.500 27.688 -10.000 1.500 26.912 -10.000
3 0 1.500 26.912 -10.000 1.000 27.000 -10.000 1.000 27.600 -10.000
3 0 1.000 26.825 -10.000 1.000 27.000 -10.000 1.500 26.912 -10.000
3 0 1.000 26.825 -10.000 1.500 26.912 -10.000 1.500 25.538 -10.000
3 0 1.500 25.538 -10.000 1.000 25.625 -10.000 1.000 26.825 -10.000
3 0 1.000 25.450 -10.000 1.000 25.625 -10.000 1.500 25.538 -10.000
3 0 1.000 25.450 -10.000 1.500 25.538 -10.000 1.500 24.762 -10.000
3 0 1.500 24.762 -10.000 1.000 24.850 -10.000 1.000 25.450 -10.000
3 0 1.000 24.675 -10.000 1.000 24.850 -10.000 1.500 24.762 -10.000
3 0 1.000 24.675 -10.000 1.500 24.762 -10.000 1.500 23.388 -10.000
3 0 1.500 23.388 -10.000 1.000 23.475 -10.000 1.000 24.675 -10.000
3 0 1.000 23.300 -10.000 1.000 23.475 -10.000 1.500 23.388 -10.000
3 0 1.000 23.300 -10.000 1.500 23.388 -10.000 1.500 22.612 -10.000
3 0 1.500 22.612 -10.000 1.000 22.700 -10.000 1.000 23.300 -10.000
3 0 1.000 22.525 -10.000 1.000 22.700 -10.000 1.500 22.612 -10.000
3 0 1.000 22.525 -10.000 1.500 22.612 -10.000 1.500 21.238 -10.000
3 0 1.500 21.238 -10.000 1.000 21.325 -10.000 1.000 22.525 -10.000
3 0 1.000 21.150 -10.000 1.000 21.325 -10.000 1.500 21.238 -10.000
3 0 1.000 21.150 -10.000 1.500 21.238 -10.000 1.500 20.462 -10.000
3 0 1.500 20.462 -10.000 1.000 20.550 -10.000 1.000 21.150 -10.000
3 0 1.000 20.375 -10.000 1.000 20.550 -10.000 1.500 20.462 -10.000
3 0 1.000 20.375 -10.000 1.500 20.462 -10.000 1.500 19.075 -10.000
3 0 1.500 19.075 -10.000 1.000 19.175 -10.000 1.000 20.375 -10.000
3 0 1.000 18.975 -10.000 1.000 19.175 -10.000 1.500 19.075 -10.000
3 0 1.000 18.375 -10.000 1.000 18.975 -10.000 1.500 19.075 -10.000
3 0 1.000 18.175 -10.000 1.500 18.275 -10.000 1.500 17.300 -10.000
3 0 1.500 17.300 -10.000 1.000 17.350 -10.000 1.000 18.175 -10.000
3 0 1.500 17.300 -10.000 1.100 17.000 -10.000 0.800 17.000 -10.000
3 0 0.800 17.000 -10.000 1.000 17.350 -10.000 1.500 17.300 -10.000
3 0 0.800 17.000 -10.000 0.300 16.600 -10.000 0.075 16.800 -10.000
3 0 0.075 16.800 -10.000 0.325 17.050 -10.000 0.800 17.000 -10.000
3 0 -0.200 15.875 -10.000 0.050 15.700 -10.000 -0.425 15.050 -10.000
3 0 -0.425 15.050 -10.000 -0.275 15.650 -10.000 -0.200 15.875 -10.000
3 0 0.050 15.700 -10.000 -0.200 14.800 -10.000 -0.475 14.800 -10.000
3 0 -0.475 14.800 -10.000 -0.425 15.050 -10.000 0.050 15.700 -10.000
3 0 -0.475 14.800 -10.000 -0.200 14.800 -10.000 -0.450 13.900 -10.000
3 0 -0.450 13.900 -10.000 -0.700 13.900 -10.000 -0.475 14.800 -10.000
3 0 0.050 15.700 -10.000 -0.200 15.875 -10.000 0.075 16.800 -10.000
3 0 0.075 16.800 -10.000 0.300 16.600 -10.000 0.050 15.700 -10.000
3 0 -0.700 13.000 -10.000 -0.800 13.900 -10.000 -0.700 13.900 -10.000
3 0 -0.700 13.000 -10.000 -0.700 13.900 -10.000 -0.450 13.900 -10.000
3 80 0.325 17.050 -10.000 0.100 17.275 -10.000 0.662 17.275 -10.000
3 0 0.325 17.050 -10.000 0.662 17.275 -10.000 1.000 17.350 -10.000
3 0 1.000 17.350 -10.000 0.800 17.000 -10.000 0.325 17.050 -10.000
3 80 0.592 15.707 -10.000 0.050 15.700 -10.000 0.300 16.600 -10.000
3 80 0.300 16.600 -10.000 0.738 16.037 -10.000 0.592 15.707 -10.000
3 80 0.050 15.700 -10.000 0.438 15.337 -10.000 0.292 15.007 -10.000
3 80 0.292 15.007 -10.000 -0.200 14.800 -10.000 0.050 15.700 -10.000
3 80 -0.450 13.900 -10.000 -0.200 14.800 -10.000 0.215 14.822 -10.000
3 80 0.215 14.822 -10.000 0.138 14.637 -10.000 -0.450 13.900 -10.000
3 80 -0.450 13.900 -10.000 -0.300 13.200 -10.000 -0.500 13.000 -10.000
3 80 -0.500 13.000 -10.000 -0.700 13.000 -10.000 -0.450 13.900 -10.000
3 0 1.000 12.800 -10.000 1.750 14.250 -10.000 2.900 15.600 -10.000
3 0 1.750 14.250 -10.000 2.125 14.975 -10.000 2.900 15.600 -10.000
3 0 2.125 14.975 -10.000 2.500 15.700 -10.000 2.900 15.600 -10.000
3 80 2.500 15.700 -10.000 2.125 14.975 -10.000 1.662 15.258 -10.000
3 80 1.662 15.258 -10.000 1.808 15.588 -10.000 2.500 15.700 -10.000
3 80 2.125 14.975 -10.000 1.750 14.250 -10.000 1.362 14.558 -10.000
3 80 1.362 14.558 -10.000 1.508 14.888 -10.000 2.125 14.975 -10.000
3 80 0.800 13.000 -10.000 0.600 13.200 -10.000 1.208 14.188 -10.000
3 80 1.208 14.188 -10.000 1.750 14.250 -10.000 0.800 13.000 -10.000
3 80 1.000 12.800 -10.000 0.800 13.000 -10.000 1.750 14.250 -10.000
3 0 1.100 10.800 -10.000 1.200 10.800 -10.000 1.802 9.889 -10.000
3 0 1.802 9.889 -10.000 0.741 9.773 -10.000 1.100 10.800 -10.000
3 0 -1.510 9.799 -10.000 -0.900 10.800 -10.000 -0.800 10.800 -10.000
3 0 -1.510 9.799 -10.000 -1.200 11.000 -10.000 -0.900 10.800 -10.000
3 0 1.200 10.800 -10.000 1.500 11.000 -10.000 2.100 11.100 -10.000
3 0 2.100 11.100 -10.000 1.802 9.889 -10.000 1.200 10.800 -10.000
3 0 1.500 11.000 -10.000 1.900 11.300 -10.000 2.100 11.100 -10.000
3 0 3.360 11.425 -10.000 2.656 9.922 -10.000 1.802 9.889 -10.000
3 0 1.802 9.889 -10.000 2.400 11.100 -10.000 3.360 11.425 -10.000
3 0 1.802 9.889 -10.000 2.100 11.100 -10.000 2.400 11.100 -10.000
3 0 -0.800 31.000 -10.000 -1.300 30.912 -10.000 -1.300 31.675 -10.000
3 0 -1.300 31.675 -10.000 -0.800 31.675 -10.000 -0.800 31.000 -10.000
3 0 1.000 31.300 -10.000 1.000 31.700 -10.000 1.500 31.700 -10.000
3 0 -8.500 10.990 -10.000 -8.950 11.075 -10.000 -8.400 11.350 -10.000
3 0 -11.305 10.288 -10.000 -11.625 10.375 -10.000 -11.675 11.650 -10.000
3 0 -11.675 11.650 -10.000 -11.010 11.509 -10.000 -11.305 10.288 -10.000
3 0 -11.625 10.375 -10.000 -11.945 10.462 -10.000 -11.675 11.650 -10.000
3 80 1.208 14.188 -10.000 1.285 14.373 -10.000 1.750 14.250 -10.000
3 80 1.750 14.250 -10.000 1.285 14.373 -10.000 1.362 14.558 -10.000
3 80 0.738 16.037 -10.000 0.300 16.600 -10.000 0.815 16.222 -10.000
3 80 0.515 15.522 -10.000 0.050 15.700 -10.000 0.592 15.707 -10.000
3 80 0.438 15.337 -10.000 0.050 15.700 -10.000 0.515 15.522 -10.000
3 80 -0.200 14.800 -10.000 0.292 15.007 -10.000 0.215 14.822 -10.000
3 80 1.508 14.888 -10.000 1.585 15.073 -10.000 2.125 14.975 -10.000
3 80 2.125 14.975 -10.000 1.585 15.073 -10.000 1.662 15.258 -10.000
3 80 1.808 15.588 -10.000 1.885 15.773 -10.000 2.500 15.700 -10.000
1 16 0.0000 0.0000 0.0000 1.0000 0.0000 0.0000 0.0000 1.0000 0.0000 0.0000 0.0000 1.0000 s/973s01.dat
1 15 0.0000 -4.0000 0.0000 4.2430 0.0000 -4.2430 0.0000 -8.0000 0.0000 -4.2430 0.0000 -4.2430 1-4cyli.dat
1 0 12.9500 13.4000 -10.0000 0.0000 0.0000 0.5000 -0.5000 0.0000 0.0000 0.0000 1.0000 0.0000 1-4disc.dat
1 0 6.4500 13.4000 -10.0000 -0.5000 0.0000 0.0000 0.0000 0.0000 -0.5000 0.0000 1.0000 0.0000 1-4disc.dat
1 0 6.4500 16.5000 -10.0000 0.0000 0.0000 -0.5000 0.5000 0.0000 0.0000 0.0000 1.0000 0.0000 1-4disc.dat
1 0 12.9500 16.5000 -10.0000 0.5000 0.0000 0.0000 0.0000 0.0000 0.5000 0.0000 1.0000 0.0000 1-4disc.dat
1 16 6.4500 16.5000 -10.0000 -0.5000 0.0000 0.0000 0.0000 0.0000 0.5000 0.0000 1.0000 0.0000 1-4ndis.dat
1 16 12.9500 16.5000 -10.0000 0.0000 0.0000 0.5000 0.5000 0.0000 0.0000 0.0000 1.0000 0.0000 1-4ndis.dat
1 16 12.9500 13.4000 -10.0000 0.5000 0.0000 0.0000 0.0000 0.0000 -0.5000 0.0000 1.0000 0.0000 1-4ndis.dat
1 16 6.4500 13.4000 -10.0000 0.0000 0.0000 -0.5000 -0.5000 0.0000 0.0000 0.0000 1.0000 0.0000 1-4ndis.dat
1 0 0.4000 14.7450 -10.0000 -0.0770 0.0000 -0.1850 -0.1850 0.0000 0.0770 0.0000 1.0000 0.0000 2-4DISC.DAT
1 0 1.1000 14.4500 -10.0000 0.0770 0.0000 0.1850 0.1850 0.0000 -0.0770 0.0000 1.0000 0.0000 2-4DISC.DAT
1 80 0.4000 14.7450 -10.0000 -0.0770 0.0000 -0.1850 -0.1850 0.0000 0.0770 0.0000 1.0000 0.0000 2-4ndis.dat
1 80 1.1000 14.4500 -10.0000 0.0770 0.0000 0.1850 0.1850 0.0000 -0.0770 0.0000 1.0000 0.0000 2-4ndis.dat
1 80 0.7000 15.4450 -10.0000 -0.0770 0.0000 -0.1850 -0.1850 0.0000 0.0770 0.0000 1.0000 0.0000 2-4ndis.dat
1 0 0.7000 15.4450 -10.0000 -0.0770 0.0000 -0.1850 -0.1850 0.0000 0.0770 0.0000 1.0000 0.0000 2-4DISC.DAT
1 0 1.4000 15.1500 -10.0000 0.0770 0.0000 0.1850 0.1850 0.0000 -0.0770 0.0000 1.0000 0.0000 2-4DISC.DAT
1 80 1.4000 15.1500 -10.0000 0.0770 0.0000 0.1850 0.1850 0.0000 -0.0770 0.0000 1.0000 0.0000 2-4ndis.dat
1 0 1.0000 16.1450 -10.0000 -0.0770 0.0000 -0.1850 -0.1850 0.0000 0.0770 0.0000 1.0000 0.0000 2-4DISC.DAT
1 80 1.0000 16.1450 -10.0000 -0.0770 0.0000 -0.1850 -0.1850 0.0000 0.0770 0.0000 1.0000 0.0000 2-4ndis.dat
1 0 1.7000 15.8500 -10.0000 0.0770 0.0000 0.1850 0.1850 0.0000 -0.0770 0.0000 1.0000 0.0000 2-4DISC.DAT
1 80 1.7000 15.8500 -10.0000 0.0770 0.0000 0.1850 0.1850 0.0000 -0.0770 0.0000 1.0000 0.0000 2-4ndis.dat
1 0 -11.9000 12.1000 -10.0000 -0.1000 0.0000 -0.3600 -0.3600 0.0000 0.1000 0.0000 1.0000 0.0000 1-4disc.dat
1 0 -8.4000 11.3500 -10.0000 0.3600 0.0000 -0.1000 -0.1000 0.0000 -0.3600 0.0000 1.0000 0.0000 1-4disc.dat
1 16 -11.9000 12.1000 -10.0000 -0.1000 0.0000 -0.3600 -0.3600 0.0000 0.1000 0.0000 1.0000 0.0000 1-4ndis.dat
1 16 -8.4000 11.3500 -10.0000 0.3600 0.0000 -0.1000 -0.1000 0.0000 -0.3600 0.0000 1.0000 0.0000 1-4ndis.dat
1 0 -11.6250 10.3750 -10.0000 0.3200 0.0000 -0.0870 -0.0870 0.0000 -0.3200 0.0000 1.0000 0.0000 2-4DISC.DAT
1 16 -11.6250 10.3750 -10.0000 0.3200 0.0000 -0.0870 -0.0870 0.0000 -0.3200 0.0000 1.0000 0.0000 2-4ndis.dat
