0 FILE 973pb0033.dat
0 Torso Hospital Red Cross Plain Pattern (Sticker)
0 Name:  973pb0033.dat
0 Author:  
0 BL_Item_No 973pb0033
0 BFC CERTIFY CCW
1 16 0.0000 0.0000 0.0000 1.0000 0.0000 0.0000 0.0000 1.0000 0.0000 0.0000 0.0000 1.0000 973.dat
3 15 -2.500 23.500 -10.250 -2.500 18.500 -10.250 -7.500 18.500 -10.250
3 15 -7.500 18.500 -10.250 -18.000 31.000 -10.250 -2.500 23.500 -10.250
3 15 18.000 31.000 -10.250 2.500 23.500 -10.250 -2.500 23.500 -10.250
3 15 -2.500 23.500 -10.250 -18.000 31.000 -10.250 18.000 31.000 -10.250
3 15 7.500 18.500 -10.250 2.500 18.500 -10.250 2.500 23.500 -10.250
3 15 2.500 23.500 -10.250 18.000 31.000 -10.250 7.500 18.500 -10.250
3 15 10.000 1.250 -10.250 7.500 13.500 -10.250 7.500 18.500 -10.250
3 15 7.500 18.500 -10.250 18.000 31.000 -10.250 10.000 1.250 -10.250
3 15 2.500 8.500 -10.250 2.500 13.500 -10.250 7.500 13.500 -10.250
3 15 7.500 13.500 -10.250 10.000 1.250 -10.250 2.500 8.500 -10.250
3 15 -11.500 2.000 -10.250 -2.500 8.500 -10.250 2.500 8.500 -10.250
3 15 2.500 8.500 -10.250 10.000 1.250 -10.250 -11.500 2.000 -10.250
3 15 -7.500 13.500 -10.250 -2.500 13.500 -10.250 -2.500 8.500 -10.250
3 15 -2.500 8.500 -10.250 -11.500 2.000 -10.250 -7.500 13.500 -10.250
3 15 -7.500 18.500 -10.250 -7.500 13.500 -10.250 -11.500 2.000 -10.250
3 15 -11.500 2.000 -10.250 -18.000 31.000 -10.250 -7.500 18.500 -10.250
3 4 2.500 23.500 -10.250 2.500 18.500 -10.250 -2.500 18.500 -10.250
3 4 -2.500 18.500 -10.250 -2.500 23.500 -10.250 2.500 23.500 -10.250
3 4 2.500 13.500 -10.250 2.500 8.500 -10.250 -2.500 8.500 -10.250
3 4 -2.500 8.500 -10.250 -2.500 13.500 -10.250 2.500 13.500 -10.250
3 4 7.500 13.500 -10.250 2.500 13.500 -10.250 2.500 18.500 -10.250
3 4 2.500 18.500 -10.250 7.500 18.500 -10.250 7.500 13.500 -10.250
3 4 2.500 13.500 -10.250 -2.500 13.500 -10.250 -2.500 18.500 -10.250
3 4 -2.500 18.500 -10.250 2.500 18.500 -10.250 2.500 13.500 -10.250
3 4 -2.500 13.500 -10.250 -7.500 13.500 -10.250 -7.500 18.500 -10.250
3 4 -7.500 18.500 -10.250 -2.500 18.500 -10.250 -2.500 13.500 -10.250
3 15 -11.500 2.000 -10.250 -8.500 1.000 -10.250 -10.000 1.250 -10.250
3 15 -11.500 2.000 -10.250 -12.000 3.000 -10.250 -18.000 31.000 -10.250
3 15 18.000 31.000 -10.250 12.000 3.000 -10.250 10.000 1.250 -10.250
3 15 10.000 1.250 -10.250 12.000 3.000 -10.250 11.500 2.000 -10.250
3 15 -11.500 2.000 -10.250 10.000 1.250 -10.250 8.500 1.000 -10.250
3 15 8.500 1.000 -10.250 -8.500 1.000 -10.250 -11.500 2.000 -10.250
1 16 0.0000 16.0000 -10.0000 1.0000 0.0000 0.0000 0.0000 0.0000 -1.0000 0.0000 1.0000 0.0000 s/004315s01.dat
