0 FILE 973p0i.dat
0 Torso Rescue Coast Guard Logo, Red Tie, Suit Buttons Pattern
0 Name:  973p0i.dat
0 Author:  
0 BL_Item_No 973pb0041
0 BFC CERTIFY CCW
3 16 19.000 29.000 10.000 19.000 32.000 10.000 -19.000 32.000 10.000
3 16 -19.000 32.000 10.000 -19.000 29.000 10.000 19.000 29.000 10.000
3 16 -19.000 29.000 10.000 -14.345 2.000 10.000 14.345 2.000 10.000
3 16 14.345 2.000 10.000 19.000 29.000 10.000 -19.000 29.000 10.000
3 16 -14.345 2.000 10.000 -12.000 0.000 10.000 12.000 0.000 10.000
3 16 12.000 0.000 10.000 14.345 2.000 10.000 -14.345 2.000 10.000
3 16 -9.480 0.820 -10.000 -6.450 0.620 -10.000 -6.450 0.380 -10.000
3 16 -6.450 0.380 -10.000 -9.740 0.340 -10.000 -9.480 0.820 -10.000
3 16 -9.480 0.820 -10.000 -9.240 2.340 -10.000 -6.040 1.230 -10.000
3 16 -6.040 1.230 -10.000 -6.450 0.620 -10.000 -9.480 0.820 -10.000
3 16 -6.040 1.230 -10.000 -9.240 2.340 -10.000 -8.730 4.120 -10.000
3 16 -8.730 4.120 -10.000 -4.970 2.770 -10.000 -6.040 1.230 -10.000
3 16 -8.730 4.120 -10.000 -8.090 5.690 -10.000 -7.740 6.330 -10.000
3 16 -7.740 6.330 -10.000 -4.970 2.770 -10.000 -8.730 4.120 -10.000
3 16 -7.740 6.330 -10.000 -6.080 6.440 -10.000 -4.130 4.230 -10.000
3 16 -4.130 4.230 -10.000 -4.970 2.770 -10.000 -7.740 6.330 -10.000
3 16 -6.080 6.440 -10.000 -4.240 6.490 -10.000 -3.490 5.690 -10.000
3 16 -3.490 5.690 -10.000 -4.130 4.230 -10.000 -6.080 6.440 -10.000
3 16 -3.490 5.690 -10.000 -4.240 6.490 -10.000 -4.070 6.580 -10.000
3 16 -4.070 6.580 -10.000 -4.030 6.740 -10.000 -2.700 7.520 -10.000
3 16 -2.700 7.520 -10.000 -3.490 5.690 -10.000 -4.070 6.580 -10.000
3 16 -4.030 6.740 -10.000 -4.130 7.000 -10.000 -2.700 7.520 -10.000
3 16 -4.130 7.000 -10.000 -4.580 7.620 -10.000 -2.700 7.520 -10.000
3 16 -4.580 7.620 -10.000 -5.530 8.670 -10.000 -2.180 9.430 -10.000
3 16 -2.180 9.430 -10.000 -2.700 7.520 -10.000 -4.580 7.620 -10.000
3 16 -5.530 8.670 -10.000 -6.050 9.350 -10.000 -5.290 10.180 -10.000
3 16 -5.290 10.180 -10.000 -2.180 9.430 -10.000 -5.530 8.670 -10.000
3 16 -5.290 10.180 -10.000 -3.530 12.140 -10.000 -1.620 11.420 -10.000
3 16 -1.620 11.420 -10.000 -2.180 9.430 -10.000 -5.290 10.180 -10.000
3 16 -3.530 12.140 -10.000 -2.120 13.690 -10.000 -1.020 13.680 -10.000
3 16 -1.020 13.680 -10.000 -1.620 11.420 -10.000 -3.530 12.140 -10.000
3 16 -1.020 13.680 -10.000 -2.120 13.690 -10.000 -0.870 15.120 -10.000
3 16 -5.420 7.190 -10.000 -6.390 7.190 -10.000 -6.350 8.340 -10.000
3 16 -6.390 7.190 -10.000 -7.640 7.150 -10.000 -6.950 9.240 -10.000
3 16 -6.950 9.240 -10.000 -6.350 8.340 -10.000 -6.390 7.190 -10.000
3 16 -7.640 7.150 -10.000 -8.070 7.120 -10.000 -7.000 9.540 -10.000
3 16 -7.000 9.540 -10.000 -6.950 9.240 -10.000 -7.640 7.150 -10.000
3 16 -8.070 7.120 -10.000 -8.300 6.920 -10.000 -19.000 29.000 -10.000
3 16 -19.000 29.000 -10.000 -7.000 9.540 -10.000 -8.070 7.120 -10.000
3 16 -12.000 0.000 -10.000 -10.300 0.600 -10.000 -10.200 0.300 -10.000
3 16 -12.000 0.000 -10.000 -10.200 0.300 -10.000 -9.970 0.230 -10.000
3 16 -9.740 0.340 -10.000 -6.450 0.380 -10.000 -6.340 0.200 -10.000
3 16 -6.340 0.200 -10.000 -9.970 0.230 -10.000 -9.740 0.340 -10.000
3 16 -6.340 0.200 -10.000 -6.100 0.130 -10.000 -12.000 0.000 -10.000
3 16 -12.000 0.000 -10.000 -9.970 0.230 -10.000 -6.340 0.200 -10.000
3 16 -10.300 0.600 -10.000 -12.000 0.000 -10.000 -14.345 2.000 -10.000
3 16 -14.345 2.000 -10.000 -10.290 1.230 -10.000 -10.300 0.600 -10.000
3 16 -10.290 1.230 -10.000 -14.345 2.000 -10.000 -10.030 2.580 -10.000
3 16 -10.030 2.580 -10.000 -14.345 2.000 -10.000 -8.820 5.980 -10.000
3 16 -8.820 5.980 -10.000 -9.400 4.280 -10.000 -10.030 2.580 -10.000
3 16 -8.820 5.980 -10.000 -14.345 2.000 -10.000 -19.000 29.000 -10.000
3 16 -19.000 29.000 -10.000 -8.300 6.920 -10.000 -8.820 5.980 -10.000
3 16 -19.000 29.000 -10.000 -19.000 32.000 -10.000 -6.870 9.830 -10.000
3 16 -6.870 9.830 -10.000 -7.000 9.540 -10.000 -19.000 29.000 -10.000
3 16 -6.870 9.830 -10.000 -19.000 32.000 -10.000 -4.300 12.570 -10.000
3 16 -4.300 12.570 -10.000 -5.900 10.850 -10.000 -6.870 9.830 -10.000
3 16 -4.300 12.570 -10.000 -19.000 32.000 -10.000 -2.830 14.130 -10.000
3 16 9.480 0.820 -10.000 9.740 0.340 -10.000 6.450 0.380 -10.000
3 16 6.450 0.380 -10.000 6.450 0.620 -10.000 9.480 0.820 -10.000
3 16 9.480 0.820 -10.000 6.450 0.620 -10.000 6.040 1.230 -10.000
3 16 6.040 1.230 -10.000 9.240 2.340 -10.000 9.480 0.820 -10.000
3 16 6.040 1.230 -10.000 4.970 2.770 -10.000 8.730 4.120 -10.000
3 16 8.730 4.120 -10.000 9.240 2.340 -10.000 6.040 1.230 -10.000
3 16 8.730 4.120 -10.000 4.970 2.770 -10.000 7.740 6.330 -10.000
3 16 7.740 6.330 -10.000 8.090 5.690 -10.000 8.730 4.120 -10.000
3 16 7.740 6.330 -10.000 4.970 2.770 -10.000 4.130 4.230 -10.000
3 16 4.130 4.230 -10.000 6.080 6.440 -10.000 7.740 6.330 -10.000
3 16 6.080 6.440 -10.000 4.130 4.230 -10.000 3.490 5.690 -10.000
3 16 3.490 5.690 -10.000 4.240 6.490 -10.000 6.080 6.440 -10.000
3 16 3.490 5.690 -10.000 4.070 6.580 -10.000 4.240 6.490 -10.000
3 16 4.070 6.580 -10.000 3.490 5.690 -10.000 2.700 7.520 -10.000
3 16 2.700 7.520 -10.000 4.030 6.740 -10.000 4.070 6.580 -10.000
3 16 4.030 6.740 -10.000 2.700 7.520 -10.000 4.130 7.000 -10.000
3 16 4.130 7.000 -10.000 2.700 7.520 -10.000 4.580 7.620 -10.000
3 16 4.580 7.620 -10.000 2.700 7.520 -10.000 2.180 9.430 -10.000
3 16 2.180 9.430 -10.000 5.530 8.670 -10.000 4.580 7.620 -10.000
3 16 5.530 8.670 -10.000 2.180 9.430 -10.000 5.290 10.180 -10.000
3 16 5.290 10.180 -10.000 6.050 9.350 -10.000 5.530 8.670 -10.000
3 16 5.290 10.180 -10.000 2.180 9.430 -10.000 1.620 11.420 -10.000
3 16 1.620 11.420 -10.000 3.530 12.140 -10.000 5.290 10.180 -10.000
3 16 3.530 12.140 -10.000 1.620 11.420 -10.000 1.020 13.680 -10.000
3 16 1.020 13.680 -10.000 2.120 13.690 -10.000 3.530 12.140 -10.000
3 16 1.020 13.680 -10.000 0.870 15.120 -10.000 2.120 13.690 -10.000
3 16 6.390 7.190 -10.000 5.420 7.190 -10.000 6.350 8.340 -10.000
3 16 6.390 7.190 -10.000 6.350 8.340 -10.000 6.950 9.240 -10.000
3 16 6.950 9.240 -10.000 7.640 7.150 -10.000 6.390 7.190 -10.000
3 16 7.640 7.150 -10.000 6.950 9.240 -10.000 7.000 9.540 -10.000
3 16 7.000 9.540 -10.000 8.070 7.120 -10.000 7.640 7.150 -10.000
3 16 8.300 6.920 -10.000 8.070 7.120 -10.000 7.000 9.540 -10.000
3 16 12.000 0.000 -10.000 10.200 0.300 -10.000 10.300 0.600 -10.000
3 16 12.000 0.000 -10.000 9.970 0.230 -10.000 10.200 0.300 -10.000
3 16 9.740 0.340 -10.000 9.970 0.230 -10.000 6.340 0.200 -10.000
3 16 6.340 0.200 -10.000 6.450 0.380 -10.000 9.740 0.340 -10.000
3 16 6.340 0.200 -10.000 9.970 0.230 -10.000 12.000 0.000 -10.000
3 16 12.000 0.000 -10.000 6.100 0.130 -10.000 6.340 0.200 -10.000
3 16 10.300 0.600 -10.000 10.290 1.230 -10.000 14.345 2.000 -10.000
3 16 14.345 2.000 -10.000 12.000 0.000 -10.000 10.300 0.600 -10.000
3 16 10.290 1.230 -10.000 10.030 2.580 -10.000 14.345 2.000 -10.000
3 16 10.030 2.580 -10.000 9.400 4.280 -10.000 8.820 5.980 -10.000
3 16 8.820 5.980 -10.000 14.345 2.000 -10.000 10.030 2.580 -10.000
3 16 14.345 2.000 -10.000 8.820 5.980 -10.000 8.300 6.920 -10.000
3 16 6.100 0.130 -10.000 1.370 0.280 -10.000 1.610 0.400 -10.000
3 16 1.610 0.400 -10.000 5.720 0.330 -10.000 6.100 0.130 -10.000
3 16 1.120 0.330 -10.000 -1.120 0.330 -10.000 -0.950 0.470 -10.000
3 16 -0.950 0.470 -10.000 0.950 0.470 -10.000 1.120 0.330 -10.000
3 16 1.120 0.330 -10.000 1.370 0.280 -10.000 -1.370 0.280 -10.000
3 16 -1.370 0.280 -10.000 -1.120 0.330 -10.000 1.120 0.330 -10.000
3 16 -1.370 0.280 -10.000 -6.100 0.130 -10.000 -5.720 0.330 -10.000
3 16 -5.720 0.330 -10.000 -1.610 0.400 -10.000 -1.370 0.280 -10.000
3 16 1.370 0.280 -10.000 6.100 0.130 -10.000 -6.100 0.130 -10.000
3 16 -6.100 0.130 -10.000 -1.370 0.280 -10.000 1.370 0.280 -10.000
3 16 -6.100 0.130 -10.000 6.100 0.130 -10.000 12.000 0.000 -10.000
3 16 12.000 0.000 -10.000 -12.000 0.000 -10.000 -6.100 0.130 -10.000
3 16 -2.250 27.800 -10.000 -2.250 25.200 -10.000 -3.450 25.200 -10.000
3 16 -3.450 25.200 -10.000 -3.450 27.800 -10.000 -2.250 27.800 -10.000
3 16 -1.050 25.200 -10.000 -2.250 25.200 -10.000 -2.250 27.800 -10.000
3 16 -2.250 27.800 -10.000 -1.050 27.800 -10.000 -1.050 25.200 -10.000
3 16 -3.450 22.800 -10.000 -2.250 22.800 -10.000 -2.250 20.200 -10.000
3 16 -2.250 20.200 -10.000 -3.450 20.200 -10.000 -3.450 22.800 -10.000
3 16 -2.250 20.200 -10.000 -2.250 22.800 -10.000 -1.050 22.800 -10.000
3 16 -1.050 22.800 -10.000 -1.050 20.200 -10.000 -2.250 20.200 -10.000
3 16 -3.450 17.800 -10.000 -2.250 17.800 -10.000 -1.020 16.080 -10.000
3 16 -1.020 16.080 -10.000 -2.830 14.130 -10.000 -3.450 17.800 -10.000
3 16 -2.250 17.800 -10.000 -1.050 17.800 -10.000 -0.500 16.610 -10.000
3 16 -0.500 16.610 -10.000 -1.020 16.080 -10.000 -2.250 17.800 -10.000
3 16 -0.500 16.610 -10.000 -1.050 17.800 -10.000 -1.050 19.000 -10.000
3 16 -0.500 16.610 -10.000 -1.050 19.000 -10.000 -1.050 20.200 -10.000
3 16 -0.500 16.610 -10.000 -1.050 20.200 -10.000 -1.050 22.800 -10.000
3 16 -0.500 16.610 -10.000 -1.050 22.800 -10.000 -1.050 24.000 -10.000
3 16 -0.500 16.610 -10.000 -1.050 24.000 -10.000 -1.050 25.200 -10.000
3 16 -1.050 27.800 -10.000 -0.490 31.400 -10.000 -0.500 16.610 -10.000
3 16 -0.500 16.610 -10.000 -1.050 25.200 -10.000 -1.050 27.800 -10.000
3 16 -0.490 31.400 -10.000 -1.050 27.800 -10.000 -1.050 29.000 -10.000
3 16 -0.490 31.400 -10.000 -1.050 29.000 -10.000 -1.050 30.200 -10.000
3 16 -0.490 31.400 -10.000 -1.050 30.200 -10.000 -2.250 30.200 -10.000
3 16 -3.450 30.200 -10.000 -19.000 32.000 -10.000 -0.490 31.400 -10.000
3 16 -0.490 31.400 -10.000 -2.250 30.200 -10.000 -3.450 30.200 -10.000
3 16 -19.000 32.000 -10.000 19.000 32.000 -10.000 0.500 31.400 -10.000
3 16 0.500 31.400 -10.000 -0.490 31.400 -10.000 -19.000 32.000 -10.000
3 16 -19.000 32.000 -10.000 -3.450 30.200 -10.000 -3.450 29.000 -10.000
3 16 -19.000 32.000 -10.000 -3.450 29.000 -10.000 -3.450 27.800 -10.000
3 16 -19.000 32.000 -10.000 -3.450 27.800 -10.000 -3.450 25.200 -10.000
3 16 -19.000 32.000 -10.000 -3.450 25.200 -10.000 -3.450 24.000 -10.000
3 16 -19.000 32.000 -10.000 -3.450 24.000 -10.000 -3.450 22.800 -10.000
3 16 -19.000 32.000 -10.000 -3.450 22.800 -10.000 -3.450 20.200 -10.000
3 16 -19.000 32.000 -10.000 -3.450 20.200 -10.000 -3.450 19.000 -10.000
3 16 -19.000 32.000 -10.000 -3.450 19.000 -10.000 -3.450 17.800 -10.000
3 16 -3.450 17.800 -10.000 -2.830 14.130 -10.000 -19.000 32.000 -10.000
3 16 1.020 16.080 -10.000 0.500 16.610 -10.000 3.230 14.920 -10.000
3 16 1.020 16.080 -10.000 3.230 14.920 -10.000 2.830 14.130 -10.000
3 16 2.830 14.130 -10.000 3.230 14.920 -10.000 4.300 12.570 -10.000
3 16 4.300 12.570 -10.000 3.230 14.920 -10.000 9.000 14.750 -10.000
3 16 4.300 12.570 -10.000 9.000 14.750 -10.000 5.900 10.850 -10.000
3 16 5.900 10.850 -10.000 9.000 14.750 -10.000 6.870 9.830 -10.000
3 16 6.870 9.830 -10.000 9.000 14.750 -10.000 7.000 9.540 -10.000
3 16 7.000 9.540 -10.000 9.000 14.750 -10.000 14.770 14.920 -10.000
3 16 7.000 9.540 -10.000 14.770 14.920 -10.000 8.300 6.920 -10.000
3 16 8.300 6.920 -10.000 14.770 14.920 -10.000 14.345 2.000 -10.000
3 16 14.345 2.000 -10.000 14.770 14.920 -10.000 19.000 29.000 -10.000
3 16 19.000 29.000 -10.000 14.770 14.920 -10.000 14.770 22.460 -10.000
3 16 19.000 29.000 -10.000 14.770 22.460 -10.000 14.650 23.290 -10.000
3 16 19.000 29.000 -10.000 14.650 23.290 -10.000 14.270 24.060 -10.000
3 16 19.000 29.000 -10.000 14.270 24.060 -10.000 13.740 24.740 -10.000
3 16 19.000 29.000 -10.000 13.740 24.740 -10.000 13.060 25.300 -10.000
3 16 19.000 29.000 -10.000 13.060 25.300 -10.000 12.280 25.710 -10.000
3 16 19.000 29.000 -10.000 12.280 25.710 -10.000 19.000 32.000 -10.000
3 16 19.000 32.000 -10.000 12.280 25.710 -10.000 11.440 25.970 -10.000
3 16 19.000 32.000 -10.000 11.440 25.970 -10.000 9.000 26.760 -10.000
3 16 19.000 32.000 -10.000 9.000 26.760 -10.000 0.500 31.400 -10.000
3 16 0.500 31.400 -10.000 9.000 26.760 -10.000 6.560 25.970 -10.000
3 16 0.500 31.400 -10.000 6.560 25.970 -10.000 5.720 25.710 -10.000
3 16 0.500 31.400 -10.000 5.720 25.710 -10.000 4.940 25.300 -10.000
3 16 0.500 31.400 -10.000 4.940 25.300 -10.000 4.260 24.740 -10.000
3 16 0.500 31.400 -10.000 4.260 24.740 -10.000 3.730 24.060 -10.000
3 16 0.500 31.400 -10.000 3.730 24.060 -10.000 3.350 23.290 -10.000
3 16 0.500 31.400 -10.000 3.350 23.290 -10.000 3.230 22.460 -10.000
3 16 0.500 31.400 -10.000 3.230 22.460 -10.000 0.500 16.610 -10.000
3 16 0.500 16.610 -10.000 3.230 22.460 -10.000 3.230 14.920 -10.000
3 0 -10.200 0.300 -10.000 -10.300 0.600 -10.000 -9.740 0.340 -10.000
3 0 -9.740 0.340 -10.000 -9.970 0.230 -10.000 -10.200 0.300 -10.000
3 0 -9.740 0.340 -10.000 -10.300 0.600 -10.000 -10.290 1.230 -10.000
3 0 -10.290 1.230 -10.000 -9.480 0.820 -10.000 -9.740 0.340 -10.000
3 0 -10.290 1.230 -10.000 -10.030 2.580 -10.000 -9.240 2.340 -10.000
3 0 -9.240 2.340 -10.000 -9.480 0.820 -10.000 -10.290 1.230 -10.000
3 0 -10.030 2.580 -10.000 -9.400 4.280 -10.000 -8.730 4.120 -10.000
3 0 -8.730 4.120 -10.000 -9.240 2.340 -10.000 -10.030 2.580 -10.000
3 0 -9.400 4.280 -10.000 -8.820 5.980 -10.000 -8.090 5.690 -10.000
3 0 -8.090 5.690 -10.000 -8.730 4.120 -10.000 -9.400 4.280 -10.000
3 0 -8.090 5.690 -10.000 -8.820 5.980 -10.000 -8.300 6.920 -10.000
3 0 -8.300 6.920 -10.000 -7.740 6.330 -10.000 -8.090 5.690 -10.000
3 0 -8.300 6.920 -10.000 -8.070 7.120 -10.000 -7.640 7.150 -10.000
3 0 -7.640 7.150 -10.000 -7.740 6.330 -10.000 -8.300 6.920 -10.000
3 0 -7.640 7.150 -10.000 -6.390 7.190 -10.000 -6.080 6.440 -10.000
3 0 -6.080 6.440 -10.000 -7.740 6.330 -10.000 -7.640 7.150 -10.000
3 0 -6.390 7.190 -10.000 -5.420 7.190 -10.000 -4.240 6.490 -10.000
3 0 -4.240 6.490 -10.000 -6.080 6.440 -10.000 -6.390 7.190 -10.000
3 0 -4.240 6.490 -10.000 -5.420 7.190 -10.000 -4.030 6.740 -10.000
3 0 -4.030 6.740 -10.000 -4.070 6.580 -10.000 -4.240 6.490 -10.000
3 0 -4.030 6.740 -10.000 -5.420 7.190 -10.000 -4.580 7.620 -10.000
3 0 -4.580 7.620 -10.000 -4.130 7.000 -10.000 -4.030 6.740 -10.000
3 0 -4.580 7.620 -10.000 -5.420 7.190 -10.000 -6.350 8.340 -10.000
3 0 -6.350 8.340 -10.000 -5.530 8.670 -10.000 -4.580 7.620 -10.000
3 0 -6.350 8.340 -10.000 -6.950 9.240 -10.000 -6.050 9.350 -10.000
3 0 -6.050 9.350 -10.000 -5.530 8.670 -10.000 -6.350 8.340 -10.000
3 0 -6.950 9.240 -10.000 -7.000 9.540 -10.000 -6.870 9.830 -10.000
3 0 -6.870 9.830 -10.000 -6.050 9.350 -10.000 -6.950 9.240 -10.000
3 0 -6.870 9.830 -10.000 -5.900 10.850 -10.000 -5.290 10.180 -10.000
3 0 -5.290 10.180 -10.000 -6.050 9.350 -10.000 -6.870 9.830 -10.000
3 0 -5.900 10.850 -10.000 -4.300 12.570 -10.000 -3.530 12.140 -10.000
3 0 -3.530 12.140 -10.000 -5.290 10.180 -10.000 -5.900 10.850 -10.000
3 0 -4.300 12.570 -10.000 -2.830 14.130 -10.000 -2.120 13.690 -10.000
3 0 -2.120 13.690 -10.000 -3.530 12.140 -10.000 -4.300 12.570 -10.000
3 0 -2.120 13.690 -10.000 -2.830 14.130 -10.000 -1.020 16.080 -10.000
3 0 -1.020 16.080 -10.000 -0.870 15.120 -10.000 -2.120 13.690 -10.000
3 0 -1.020 16.080 -10.000 -0.500 16.610 -10.000 0.000 14.550 -10.000
3 0 0.000 14.550 -10.000 -0.870 15.120 -10.000 -1.020 16.080 -10.000
3 0 -0.870 15.120 -10.000 0.000 14.550 -10.000 -0.330 13.190 -10.000
3 0 -0.330 13.190 -10.000 -1.020 13.680 -10.000 -0.870 15.120 -10.000
3 0 -0.330 13.190 -10.000 -0.840 11.250 -10.000 -1.620 11.420 -10.000
3 0 -1.620 11.420 -10.000 -1.020 13.680 -10.000 -0.330 13.190 -10.000
3 0 -0.840 11.250 -10.000 -1.400 9.300 -10.000 -2.180 9.430 -10.000
3 0 -2.180 9.430 -10.000 -1.620 11.420 -10.000 -0.840 11.250 -10.000
3 0 -1.400 9.300 -10.000 -1.950 7.480 -10.000 -2.700 7.520 -10.000
3 0 -2.700 7.520 -10.000 -2.180 9.430 -10.000 -1.400 9.300 -10.000
3 0 -1.950 7.480 -10.000 -2.330 6.340 -10.000 -3.490 5.690 -10.000
3 0 -3.490 5.690 -10.000 -2.700 7.520 -10.000 -1.950 7.480 -10.000
3 0 -2.330 6.340 -10.000 -3.320 4.390 -10.000 -4.130 4.230 -10.000
3 0 -4.130 4.230 -10.000 -3.490 5.690 -10.000 -2.330 6.340 -10.000
3 0 -3.320 4.390 -10.000 -3.750 3.530 -10.000 -4.470 2.250 -10.000
3 0 -4.470 2.250 -10.000 -4.130 4.230 -10.000 -3.320 4.390 -10.000
3 0 -4.130 4.230 -10.000 -4.470 2.250 -10.000 -5.190 1.130 -10.000
3 0 -5.190 1.130 -10.000 -4.970 2.770 -10.000 -4.130 4.230 -10.000
3 0 -4.970 2.770 -10.000 -5.190 1.130 -10.000 -6.450 0.620 -10.000
3 0 -6.450 0.620 -10.000 -6.040 1.230 -10.000 -4.970 2.770 -10.000
3 0 -5.190 1.130 -10.000 -5.720 0.330 -10.000 -6.450 0.380 -10.000
3 0 -6.450 0.380 -10.000 -6.450 0.620 -10.000 -5.190 1.130 -10.000
3 0 -6.450 0.380 -10.000 -5.720 0.330 -10.000 -6.100 0.130 -10.000
3 0 -6.100 0.130 -10.000 -6.340 0.200 -10.000 -6.450 0.380 -10.000
3 0 -3.750 3.530 -10.000 -3.320 4.390 -10.000 -2.500 3.120 -10.000
3 0 -2.500 3.120 -10.000 -2.890 2.410 -10.000 -3.750 3.530 -10.000
3 0 -2.500 3.120 -10.000 -1.850 2.570 -10.000 -1.830 2.120 -10.000
3 0 -1.830 2.120 -10.000 -2.890 2.410 -10.000 -2.500 3.120 -10.000
3 0 -2.890 2.410 -10.000 -1.830 2.120 -10.000 -1.290 1.100 -10.000
3 0 -1.290 1.100 -10.000 -2.370 1.450 -10.000 -2.890 2.410 -10.000
3 0 -2.370 1.450 -10.000 -1.290 1.100 -10.000 -0.950 0.470 -10.000
3 0 -0.950 0.470 -10.000 -1.800 0.740 -10.000 -2.370 1.450 -10.000
3 0 -1.800 0.740 -10.000 -0.950 0.470 -10.000 -1.120 0.330 -10.000
3 0 -1.120 0.330 -10.000 -1.610 0.400 -10.000 -1.800 0.740 -10.000
3 0 -1.370 0.280 -10.000 -1.610 0.400 -10.000 -1.120 0.330 -10.000
3 0 -2.500 3.120 -10.000 -1.900 3.570 -10.000 -1.650 2.860 -10.000
3 0 -1.650 2.860 -10.000 -1.850 2.570 -10.000 -2.500 3.120 -10.000
3 0 -1.900 3.570 -10.000 -1.440 3.790 -10.000 -0.930 3.180 -10.000
3 0 -0.930 3.180 -10.000 -1.650 2.860 -10.000 -1.900 3.570 -10.000
3 0 -1.440 3.790 -10.000 -0.750 4.000 -10.000 0.000 4.040 -10.000
3 0 0.000 4.040 -10.000 -0.930 3.180 -10.000 -1.440 3.790 -10.000
3 0 -0.930 3.180 -10.000 0.000 4.040 -10.000 0.000 3.220 -10.000
3 0 -1.440 3.790 -10.000 -1.570 4.520 -10.000 -1.020 4.910 -10.000
3 0 -1.020 4.910 -10.000 -0.750 4.000 -10.000 -1.440 3.790 -10.000
3 0 -1.570 4.520 -10.000 -1.930 5.550 -10.000 -1.490 6.360 -10.000
3 0 -1.490 6.360 -10.000 -1.020 4.910 -10.000 -1.570 4.520 -10.000
3 0 -1.930 5.550 -10.000 -2.330 6.340 -10.000 -1.950 7.480 -10.000
3 0 -1.950 7.480 -10.000 -1.490 6.360 -10.000 -1.930 5.550 -10.000
3 15 -1.900 3.570 -10.000 -1.570 4.520 -10.000 -1.440 3.790 -10.000
3 15 -1.900 3.570 -10.000 -2.500 3.120 -10.000 -3.320 4.390 -10.000
3 15 -3.320 4.390 -10.000 -1.570 4.520 -10.000 -1.900 3.570 -10.000
3 15 -1.570 4.520 -10.000 -3.320 4.390 -10.000 -2.330 6.340 -10.000
3 15 -2.330 6.340 -10.000 -1.930 5.550 -10.000 -1.570 4.520 -10.000
3 15 -4.470 2.250 -10.000 -3.750 3.530 -10.000 -2.890 2.410 -10.000
3 15 -4.470 2.250 -10.000 -2.890 2.410 -10.000 -2.370 1.450 -10.000
3 15 -2.370 1.450 -10.000 -5.190 1.130 -10.000 -4.470 2.250 -10.000
3 15 -5.190 1.130 -10.000 -2.370 1.450 -10.000 -1.800 0.740 -10.000
3 15 -1.800 0.740 -10.000 -5.720 0.330 -10.000 -5.190 1.130 -10.000
3 15 -5.720 0.330 -10.000 -1.800 0.740 -10.000 -1.610 0.400 -10.000
3 4 -1.850 2.570 -10.000 -1.650 2.860 -10.000 -0.930 3.180 -10.000
3 4 -0.930 3.180 -10.000 -1.830 2.120 -10.000 -1.850 2.570 -10.000
3 4 -0.930 3.180 -10.000 0.000 3.220 -10.000 -1.290 1.100 -10.000
3 4 -1.290 1.100 -10.000 -1.830 2.120 -10.000 -0.930 3.180 -10.000
3 4 -1.290 1.100 -10.000 0.000 3.220 -10.000 0.950 0.470 -10.000
3 4 0.950 0.470 -10.000 -0.950 0.470 -10.000 -1.290 1.100 -10.000
3 0 10.200 0.300 -10.000 9.970 0.230 -10.000 9.740 0.340 -10.000
3 0 9.740 0.340 -10.000 10.300 0.600 -10.000 10.200 0.300 -10.000
3 0 9.740 0.340 -10.000 9.480 0.820 -10.000 10.290 1.230 -10.000
3 0 10.290 1.230 -10.000 10.300 0.600 -10.000 9.740 0.340 -10.000
3 0 10.290 1.230 -10.000 9.480 0.820 -10.000 9.240 2.340 -10.000
3 0 9.240 2.340 -10.000 10.030 2.580 -10.000 10.290 1.230 -10.000
3 0 10.030 2.580 -10.000 9.240 2.340 -10.000 8.730 4.120 -10.000
3 0 8.730 4.120 -10.000 9.400 4.280 -10.000 10.030 2.580 -10.000
3 0 9.400 4.280 -10.000 8.730 4.120 -10.000 8.090 5.690 -10.000
3 0 8.090 5.690 -10.000 8.820 5.980 -10.000 9.400 4.280 -10.000
3 0 8.090 5.690 -10.000 7.740 6.330 -10.000 8.300 6.920 -10.000
3 0 8.300 6.920 -10.000 8.820 5.980 -10.000 8.090 5.690 -10.000
3 0 8.300 6.920 -10.000 7.740 6.330 -10.000 7.640 7.150 -10.000
3 0 7.640 7.150 -10.000 8.070 7.120 -10.000 8.300 6.920 -10.000
3 0 7.640 7.150 -10.000 7.740 6.330 -10.000 6.080 6.440 -10.000
3 0 6.080 6.440 -10.000 6.390 7.190 -10.000 7.640 7.150 -10.000
3 0 6.390 7.190 -10.000 6.080 6.440 -10.000 4.240 6.490 -10.000
3 0 4.240 6.490 -10.000 5.420 7.190 -10.000 6.390 7.190 -10.000
3 0 4.240 6.490 -10.000 4.070 6.580 -10.000 4.030 6.740 -10.000
3 0 4.030 6.740 -10.000 5.420 7.190 -10.000 4.240 6.490 -10.000
3 0 4.030 6.740 -10.000 4.130 7.000 -10.000 4.580 7.620 -10.000
3 0 4.580 7.620 -10.000 5.420 7.190 -10.000 4.030 6.740 -10.000
3 0 4.580 7.620 -10.000 5.530 8.670 -10.000 6.350 8.340 -10.000
3 0 6.350 8.340 -10.000 5.420 7.190 -10.000 4.580 7.620 -10.000
3 0 6.350 8.340 -10.000 5.530 8.670 -10.000 6.050 9.350 -10.000
3 0 6.050 9.350 -10.000 6.950 9.240 -10.000 6.350 8.340 -10.000
3 0 6.950 9.240 -10.000 6.050 9.350 -10.000 6.870 9.830 -10.000
3 0 6.870 9.830 -10.000 7.000 9.540 -10.000 6.950 9.240 -10.000
3 0 6.870 9.830 -10.000 6.050 9.350 -10.000 5.290 10.180 -10.000
3 0 5.290 10.180 -10.000 5.900 10.850 -10.000 6.870 9.830 -10.000
3 0 5.900 10.850 -10.000 5.290 10.180 -10.000 3.530 12.140 -10.000
3 0 3.530 12.140 -10.000 4.300 12.570 -10.000 5.900 10.850 -10.000
3 0 4.300 12.570 -10.000 3.530 12.140 -10.000 2.120 13.690 -10.000
3 0 2.120 13.690 -10.000 2.830 14.130 -10.000 4.300 12.570 -10.000
3 0 2.120 13.690 -10.000 0.870 15.120 -10.000 1.020 16.080 -10.000
3 0 1.020 16.080 -10.000 2.830 14.130 -10.000 2.120 13.690 -10.000
3 0 1.020 16.080 -10.000 0.870 15.120 -10.000 0.000 14.550 -10.000
3 0 0.000 14.550 -10.000 0.500 16.610 -10.000 1.020 16.080 -10.000
3 0 0.870 15.120 -10.000 1.020 13.680 -10.000 0.330 13.190 -10.000
3 0 0.330 13.190 -10.000 0.000 14.550 -10.000 0.870 15.120 -10.000
3 0 0.330 13.190 -10.000 1.020 13.680 -10.000 1.620 11.420 -10.000
3 0 1.620 11.420 -10.000 0.840 11.250 -10.000 0.330 13.190 -10.000
3 0 0.840 11.250 -10.000 1.620 11.420 -10.000 2.180 9.430 -10.000
3 0 2.180 9.430 -10.000 1.400 9.300 -10.000 0.840 11.250 -10.000
3 0 1.400 9.300 -10.000 2.180 9.430 -10.000 2.700 7.520 -10.000
3 0 2.700 7.520 -10.000 1.950 7.480 -10.000 1.400 9.300 -10.000
3 0 1.950 7.480 -10.000 2.700 7.520 -10.000 3.490 5.690 -10.000
3 0 3.490 5.690 -10.000 2.330 6.340 -10.000 1.950 7.480 -10.000
3 0 2.330 6.340 -10.000 3.490 5.690 -10.000 4.130 4.230 -10.000
3 0 4.130 4.230 -10.000 3.320 4.390 -10.000 2.330 6.340 -10.000
3 0 3.320 4.390 -10.000 4.130 4.230 -10.000 4.470 2.250 -10.000
3 0 4.470 2.250 -10.000 3.750 3.530 -10.000 3.320 4.390 -10.000
3 0 4.130 4.230 -10.000 4.970 2.770 -10.000 5.190 1.130 -10.000
3 0 5.190 1.130 -10.000 4.470 2.250 -10.000 4.130 4.230 -10.000
3 0 4.970 2.770 -10.000 6.040 1.230 -10.000 6.450 0.620 -10.000
3 0 6.450 0.620 -10.000 5.190 1.130 -10.000 4.970 2.770 -10.000
3 0 5.190 1.130 -10.000 6.450 0.620 -10.000 6.450 0.380 -10.000
3 0 6.450 0.380 -10.000 5.720 0.330 -10.000 5.190 1.130 -10.000
3 0 6.450 0.380 -10.000 6.340 0.200 -10.000 6.100 0.130 -10.000
3 0 6.100 0.130 -10.000 5.720 0.330 -10.000 6.450 0.380 -10.000
3 0 3.750 3.530 -10.000 2.890 2.410 -10.000 2.500 3.120 -10.000
3 0 2.500 3.120 -10.000 3.320 4.390 -10.000 3.750 3.530 -10.000
3 0 2.500 3.120 -10.000 2.890 2.410 -10.000 1.830 2.120 -10.000
3 0 1.830 2.120 -10.000 1.850 2.570 -10.000 2.500 3.120 -10.000
3 0 2.890 2.410 -10.000 2.370 1.450 -10.000 1.290 1.100 -10.000
3 0 1.290 1.100 -10.000 1.830 2.120 -10.000 2.890 2.410 -10.000
3 0 2.370 1.450 -10.000 1.800 0.740 -10.000 0.950 0.470 -10.000
3 0 0.950 0.470 -10.000 1.290 1.100 -10.000 2.370 1.450 -10.000
3 0 1.800 0.740 -10.000 1.610 0.400 -10.000 1.120 0.330 -10.000
3 0 1.120 0.330 -10.000 0.950 0.470 -10.000 1.800 0.740 -10.000
3 0 1.370 0.280 -10.000 1.120 0.330 -10.000 1.610 0.400 -10.000
3 0 2.500 3.120 -10.000 1.850 2.570 -10.000 1.650 2.860 -10.000
3 0 1.650 2.860 -10.000 1.900 3.570 -10.000 2.500 3.120 -10.000
3 0 1.900 3.570 -10.000 1.650 2.860 -10.000 0.930 3.180 -10.000
3 0 0.930 3.180 -10.000 1.440 3.790 -10.000 1.900 3.570 -10.000
3 0 1.440 3.790 -10.000 0.930 3.180 -10.000 0.000 4.040 -10.000
3 0 0.000 4.040 -10.000 0.750 4.000 -10.000 1.440 3.790 -10.000
3 0 0.930 3.180 -10.000 0.000 3.220 -10.000 0.000 4.040 -10.000
3 0 1.440 3.790 -10.000 0.750 4.000 -10.000 1.020 4.910 -10.000
3 0 1.020 4.910 -10.000 1.570 4.520 -10.000 1.440 3.790 -10.000
3 0 1.570 4.520 -10.000 1.020 4.910 -10.000 1.490 6.360 -10.000
3 0 1.490 6.360 -10.000 1.930 5.550 -10.000 1.570 4.520 -10.000
3 0 1.930 5.550 -10.000 1.490 6.360 -10.000 1.950 7.480 -10.000
3 0 1.950 7.480 -10.000 2.330 6.340 -10.000 1.930 5.550 -10.000
3 15 1.900 3.570 -10.000 1.440 3.790 -10.000 1.570 4.520 -10.000
3 15 1.900 3.570 -10.000 1.570 4.520 -10.000 3.320 4.390 -10.000
3 15 3.320 4.390 -10.000 2.500 3.120 -10.000 1.900 3.570 -10.000
3 15 1.570 4.520 -10.000 1.930 5.550 -10.000 2.330 6.340 -10.000
3 15 2.330 6.340 -10.000 3.320 4.390 -10.000 1.570 4.520 -10.000
3 15 4.470 2.250 -10.000 2.890 2.410 -10.000 3.750 3.530 -10.000
3 15 4.470 2.250 -10.000 5.190 1.130 -10.000 2.370 1.450 -10.000
3 15 2.370 1.450 -10.000 2.890 2.410 -10.000 4.470 2.250 -10.000
3 15 5.190 1.130 -10.000 5.720 0.330 -10.000 1.800 0.740 -10.000
3 15 1.800 0.740 -10.000 2.370 1.450 -10.000 5.190 1.130 -10.000
3 15 5.720 0.330 -10.000 1.610 0.400 -10.000 1.800 0.740 -10.000
3 4 1.850 2.570 -10.000 1.830 2.120 -10.000 0.930 3.180 -10.000
3 4 0.930 3.180 -10.000 1.650 2.860 -10.000 1.850 2.570 -10.000
3 4 0.930 3.180 -10.000 1.830 2.120 -10.000 1.290 1.100 -10.000
3 4 1.290 1.100 -10.000 0.000 3.220 -10.000 0.930 3.180 -10.000
3 4 0.950 0.470 -10.000 0.000 3.220 -10.000 1.290 1.100 -10.000
3 4 -0.750 4.000 -10.000 -1.020 4.910 -10.000 1.020 4.910 -10.000
3 4 1.020 4.910 -10.000 0.000 4.040 -10.000 -0.750 4.000 -10.000
3 4 0.750 4.000 -10.000 0.000 4.040 -10.000 1.020 4.910 -10.000
3 4 -1.490 6.360 -10.000 1.490 6.360 -10.000 1.020 4.910 -10.000
3 4 1.020 4.910 -10.000 -1.020 4.910 -10.000 -1.490 6.360 -10.000
3 4 -1.950 7.480 -10.000 1.950 7.480 -10.000 1.490 6.360 -10.000
3 4 1.490 6.360 -10.000 -1.490 6.360 -10.000 -1.950 7.480 -10.000
3 4 -1.950 7.480 -10.000 -1.400 9.300 -10.000 1.400 9.300 -10.000
3 4 1.400 9.300 -10.000 1.950 7.480 -10.000 -1.950 7.480 -10.000
3 4 -1.400 9.300 -10.000 -0.840 11.250 -10.000 0.840 11.250 -10.000
3 4 0.840 11.250 -10.000 1.400 9.300 -10.000 -1.400 9.300 -10.000
3 4 -0.840 11.250 -10.000 -0.330 13.190 -10.000 0.330 13.190 -10.000
3 4 0.330 13.190 -10.000 0.840 11.250 -10.000 -0.840 11.250 -10.000
3 4 0.330 13.190 -10.000 -0.330 13.190 -10.000 0.000 14.550 -10.000
3 0 0.000 14.550 -10.000 -0.500 16.610 -10.000 -0.490 31.400 -10.000
3 0 -0.490 31.400 -10.000 0.500 16.610 -10.000 0.000 14.550 -10.000
3 0 0.500 16.610 -10.000 -0.490 31.400 -10.000 0.500 31.400 -10.000
1 16 0.0000 0.0000 0.0000 1.0000 0.0000 0.0000 0.0000 1.0000 0.0000 0.0000 0.0000 1.0000 s/973s01.dat
1 0 0.0000 -4.0000 0.0000 4.2430 0.0000 -4.2430 0.0000 -8.0000 0.0000 -4.2430 0.0000 -4.2430 1-4cyli.dat
3 16 8.310 26.140 -10.000 7.880 26.050 -10.000 9.000 26.760 -10.000
3 16 9.000 26.760 -10.000 8.670 26.380 -10.000 8.310 26.140 -10.000
3 16 7.880 26.050 -10.000 7.430 26.050 -10.000 9.000 26.760 -10.000
3 16 6.560 25.970 -10.000 9.000 26.760 -10.000 7.430 26.050 -10.000
3 16 5.890 15.810 -10.000 6.870 15.760 -10.000 7.820 15.470 -10.000
3 16 7.820 15.470 -10.000 4.900 15.600 -10.000 5.890 15.810 -10.000
3 16 4.900 15.600 -10.000 7.820 15.470 -10.000 3.230 14.920 -10.000
3 16 3.230 14.920 -10.000 3.960 15.310 -10.000 4.900 15.600 -10.000
3 16 7.820 15.470 -10.000 8.690 15.010 -10.000 9.000 14.750 -10.000
3 16 9.000 14.750 -10.000 3.230 14.920 -10.000 7.820 15.470 -10.000
3 0 4.500 16.190 -10.000 4.340 16.660 -10.000 5.240 16.930 -10.000
3 0 5.240 16.930 -10.000 5.340 16.440 -10.000 4.500 16.190 -10.000
3 0 5.340 16.440 -10.000 5.240 16.930 -10.000 6.220 17.030 -10.000
3 0 6.220 17.030 -10.000 6.220 16.530 -10.000 5.340 16.440 -10.000
3 0 6.220 16.530 -10.000 6.220 17.030 -10.000 7.200 16.930 -10.000
3 0 7.200 16.930 -10.000 7.100 16.440 -10.000 6.220 16.530 -10.000
3 0 7.100 16.440 -10.000 7.200 16.930 -10.000 8.130 16.650 -10.000
3 0 8.130 16.650 -10.000 7.940 16.190 -10.000 7.100 16.440 -10.000
3 0 7.940 16.190 -10.000 8.130 16.650 -10.000 9.000 16.190 -10.000
3 0 9.000 16.190 -10.000 8.720 15.770 -10.000 7.940 16.190 -10.000
3 0 9.000 15.550 -10.000 8.720 15.770 -10.000 9.000 16.190 -10.000
3 0 4.350 22.300 -10.000 4.340 22.200 -10.000 3.850 22.200 -10.000
3 0 3.950 22.940 -10.000 4.420 22.750 -10.000 4.350 22.300 -10.000
3 0 4.350 22.300 -10.000 3.850 22.200 -10.000 3.950 22.940 -10.000
3 0 4.420 22.750 -10.000 3.950 22.940 -10.000 4.290 23.630 -10.000
3 0 4.290 23.630 -10.000 4.710 23.350 -10.000 4.420 22.750 -10.000
3 0 4.710 23.350 -10.000 4.290 23.630 -10.000 4.770 24.240 -10.000
3 0 4.770 24.240 -10.000 5.130 23.880 -10.000 4.710 23.350 -10.000
3 0 5.130 23.880 -10.000 4.770 24.240 -10.000 5.380 24.740 -10.000
3 0 5.380 24.740 -10.000 5.660 24.320 -10.000 5.130 23.880 -10.000
3 0 5.660 24.320 -10.000 5.380 24.740 -10.000 6.070 25.110 -10.000
3 0 6.070 25.110 -10.000 6.260 24.640 -10.000 5.660 24.320 -10.000
3 0 6.260 24.640 -10.000 6.070 25.110 -10.000 6.820 25.330 -10.000
3 0 6.820 25.330 -10.000 6.920 24.840 -10.000 6.260 24.640 -10.000
3 0 6.920 24.840 -10.000 6.820 25.330 -10.000 7.600 25.410 -10.000
3 0 7.600 25.410 -10.000 7.600 24.910 -10.000 6.920 24.840 -10.000
3 0 3.850 15.840 -10.000 4.340 16.660 -10.000 4.500 16.190 -10.000
3 0 9.000 25.290 -10.000 8.920 25.940 -10.000 9.000 26.100 -10.000
3 0 9.000 25.290 -10.000 8.710 25.700 -10.000 8.920 25.940 -10.000
3 0 8.710 25.700 -10.000 9.000 25.290 -10.000 8.570 25.020 -10.000
3 0 8.570 25.020 -10.000 8.380 25.490 -10.000 8.710 25.700 -10.000
3 0 8.380 25.490 -10.000 8.570 25.020 -10.000 8.000 24.910 -10.000
3 0 8.000 24.910 -10.000 8.000 25.410 -10.000 8.380 25.490 -10.000
3 0 8.000 25.410 -10.000 8.000 24.910 -10.000 7.600 24.910 -10.000
3 0 7.600 24.910 -10.000 7.600 25.410 -10.000 8.000 25.410 -10.000
3 15 3.960 15.310 -10.000 3.850 15.840 -10.000 4.500 16.190 -10.000
3 15 4.500 16.190 -10.000 4.900 15.600 -10.000 3.960 15.310 -10.000
3 15 4.900 15.600 -10.000 4.500 16.190 -10.000 5.340 16.440 -10.000
3 15 5.340 16.440 -10.000 5.890 15.810 -10.000 4.900 15.600 -10.000
3 15 5.890 15.810 -10.000 6.220 16.530 -10.000 7.100 16.440 -10.000
3 15 7.100 16.440 -10.000 6.870 15.760 -10.000 5.890 15.810 -10.000
3 15 6.870 15.760 -10.000 7.100 16.440 -10.000 7.940 16.190 -10.000
3 15 7.940 16.190 -10.000 7.820 15.470 -10.000 6.870 15.760 -10.000
3 15 7.820 15.470 -10.000 7.940 16.190 -10.000 8.720 15.770 -10.000
3 15 8.720 15.770 -10.000 8.690 15.010 -10.000 7.820 15.470 -10.000
3 15 9.000 14.750 -10.000 8.690 15.010 -10.000 8.720 15.770 -10.000
3 15 8.720 15.770 -10.000 9.000 15.550 -10.000 9.000 14.750 -10.000
3 15 3.850 22.200 -10.000 3.230 22.460 -10.000 3.350 23.290 -10.000
3 15 3.350 23.290 -10.000 3.950 22.940 -10.000 3.850 22.200 -10.000
3 15 3.950 22.940 -10.000 3.350 23.290 -10.000 3.730 24.060 -10.000
3 15 3.730 24.060 -10.000 4.290 23.630 -10.000 3.950 22.940 -10.000
3 15 4.290 23.630 -10.000 3.730 24.060 -10.000 4.260 24.740 -10.000
3 15 4.260 24.740 -10.000 4.770 24.240 -10.000 4.290 23.630 -10.000
3 15 4.770 24.240 -10.000 4.260 24.740 -10.000 4.940 25.300 -10.000
3 15 4.940 25.300 -10.000 5.380 24.740 -10.000 4.770 24.240 -10.000
3 15 5.380 24.740 -10.000 4.940 25.300 -10.000 5.720 25.710 -10.000
3 15 5.720 25.710 -10.000 6.070 25.110 -10.000 5.380 24.740 -10.000
3 15 6.070 25.110 -10.000 5.720 25.710 -10.000 6.560 25.970 -10.000
3 15 6.560 25.970 -10.000 6.820 25.330 -10.000 6.070 25.110 -10.000
3 15 6.820 25.330 -10.000 6.560 25.970 -10.000 7.430 26.050 -10.000
3 15 7.430 26.050 -10.000 7.600 25.410 -10.000 6.820 25.330 -10.000
3 15 3.230 22.460 -10.000 3.850 22.200 -10.000 3.850 15.840 -10.000
3 15 3.850 15.840 -10.000 3.230 14.920 -10.000 3.230 22.460 -10.000
3 15 3.230 14.920 -10.000 3.850 15.840 -10.000 3.960 15.310 -10.000
3 15 9.000 26.100 -10.000 8.670 26.380 -10.000 9.000 26.760 -10.000
3 15 8.670 26.380 -10.000 9.000 26.100 -10.000 8.920 25.940 -10.000
3 15 8.920 25.940 -10.000 8.310 26.140 -10.000 8.670 26.380 -10.000
3 15 7.880 26.050 -10.000 8.310 26.140 -10.000 8.920 25.940 -10.000
3 15 8.920 25.940 -10.000 8.710 25.700 -10.000 7.880 26.050 -10.000
3 15 7.880 26.050 -10.000 8.000 25.410 -10.000 7.600 25.410 -10.000
3 15 7.600 25.410 -10.000 7.430 26.050 -10.000 7.880 26.050 -10.000
3 15 8.000 25.410 -10.000 7.880 26.050 -10.000 8.710 25.700 -10.000
3 15 8.710 25.700 -10.000 8.380 25.490 -10.000 8.000 25.410 -10.000
3 15 5.890 15.810 -10.000 5.340 16.440 -10.000 6.220 16.530 -10.000
3 1 6.610 18.000 -10.000 7.150 19.580 -10.000 7.590 18.940 -10.000
3 1 7.590 18.940 -10.000 7.060 18.100 -10.000 6.610 18.000 -10.000
3 1 7.060 18.100 -10.000 7.590 18.940 -10.000 8.230 18.500 -10.000
3 1 8.230 18.500 -10.000 7.520 18.140 -10.000 7.060 18.100 -10.000
3 1 7.980 18.100 -10.000 7.520 18.140 -10.000 8.230 18.500 -10.000
3 1 7.980 18.100 -10.000 8.230 18.500 -10.000 9.000 18.350 -10.000
3 1 9.000 18.350 -10.000 8.430 18.000 -10.000 7.980 18.100 -10.000
3 1 8.840 17.810 -10.000 8.430 18.000 -10.000 9.000 18.350 -10.000
3 1 9.000 17.690 -10.000 8.840 17.810 -10.000 9.000 18.350 -10.000
3 1 7.000 20.340 -10.000 6.270 21.200 -10.000 6.500 21.960 -10.000
3 1 6.500 21.960 -10.000 7.150 21.120 -10.000 7.000 20.340 -10.000
3 1 7.150 21.120 -10.000 6.500 21.960 -10.000 7.080 22.540 -10.000
3 1 7.080 22.540 -10.000 7.590 21.760 -10.000 7.150 21.120 -10.000
3 1 7.590 21.760 -10.000 7.080 22.540 -10.000 7.840 22.860 -10.000
3 1 7.840 22.860 -10.000 8.230 22.200 -10.000 7.590 21.760 -10.000
3 1 7.840 22.860 -10.000 8.460 22.900 -10.000 9.000 22.350 -10.000
3 1 9.000 22.350 -10.000 8.230 22.200 -10.000 7.840 22.860 -10.000
3 1 6.270 21.200 -10.000 7.000 20.340 -10.000 7.150 19.580 -10.000
3 1 7.150 19.580 -10.000 6.270 17.840 -10.000 6.270 21.200 -10.000
3 1 6.270 17.840 -10.000 7.150 19.580 -10.000 6.610 18.000 -10.000
3 1 9.000 22.350 -10.000 8.750 22.990 -10.000 9.000 23.260 -10.000
3 1 9.000 22.350 -10.000 8.460 22.900 -10.000 8.750 22.990 -10.000
3 1 8.200 20.020 -10.000 8.130 20.350 -10.000 8.200 20.680 -10.000
3 1 8.200 20.680 -10.000 9.000 21.220 -10.000 8.200 20.020 -10.000
3 1 8.200 20.680 -10.000 8.390 20.960 -10.000 8.670 21.150 -10.000
3 1 8.670 21.150 -10.000 9.000 21.220 -10.000 8.200 20.680 -10.000
3 1 9.000 19.480 -10.000 8.670 19.550 -10.000 8.390 19.740 -10.000
3 1 8.390 19.740 -10.000 9.000 21.220 -10.000 9.000 19.480 -10.000
3 1 8.390 19.740 -10.000 8.200 20.020 -10.000 9.000 21.220 -10.000
3 15 8.200 20.020 -10.000 7.150 19.580 -10.000 7.000 20.340 -10.000
3 15 7.000 20.340 -10.000 8.130 20.350 -10.000 8.200 20.020 -10.000
3 15 8.130 20.350 -10.000 7.000 20.340 -10.000 7.150 21.120 -10.000
3 15 7.150 21.120 -10.000 8.200 20.680 -10.000 8.130 20.350 -10.000
3 15 8.200 20.680 -10.000 7.150 21.120 -10.000 7.590 21.760 -10.000
3 15 7.590 21.760 -10.000 8.390 20.960 -10.000 8.200 20.680 -10.000
3 4 8.390 20.960 -10.000 7.590 21.760 -10.000 8.230 22.200 -10.000
3 4 8.230 22.200 -10.000 8.670 21.150 -10.000 8.390 20.960 -10.000
3 4 8.670 21.150 -10.000 8.230 22.200 -10.000 9.000 22.350 -10.000
3 4 9.000 22.350 -10.000 9.000 21.220 -10.000 8.670 21.150 -10.000
3 4 9.000 19.480 -10.000 9.000 18.350 -10.000 8.230 18.500 -10.000
3 4 8.230 18.500 -10.000 8.670 19.550 -10.000 9.000 19.480 -10.000
3 4 8.670 19.550 -10.000 8.230 18.500 -10.000 7.590 18.940 -10.000
3 4 7.590 18.940 -10.000 8.390 19.740 -10.000 8.670 19.550 -10.000
3 15 8.390 19.740 -10.000 7.590 18.940 -10.000 7.150 19.580 -10.000
3 15 7.150 19.580 -10.000 8.200 20.020 -10.000 8.390 19.740 -10.000
3 4 5.850 18.600 -10.000 4.340 18.600 -10.000 4.340 19.500 -10.000
3 4 4.340 19.500 -10.000 5.850 19.500 -10.000 5.850 18.600 -10.000
3 4 5.850 20.000 -10.000 4.340 20.000 -10.000 4.340 20.900 -10.000
3 4 4.340 20.900 -10.000 5.850 20.900 -10.000 5.850 20.000 -10.000
3 4 5.850 21.400 -10.000 4.340 21.400 -10.000 4.340 22.200 -10.000
3 4 4.340 22.200 -10.000 5.850 22.300 -10.000 5.850 21.400 -10.000
3 4 4.340 22.200 -10.000 4.350 22.300 -10.000 5.850 22.300 -10.000
3 0 4.340 21.400 -10.000 3.850 22.200 -10.000 4.340 22.200 -10.000
3 0 4.340 20.900 -10.000 3.850 22.200 -10.000 4.340 21.400 -10.000
3 0 4.340 20.000 -10.000 3.850 22.200 -10.000 4.340 20.900 -10.000
3 0 4.340 20.000 -10.000 4.340 19.500 -10.000 3.850 15.840 -10.000
3 0 3.850 15.840 -10.000 3.850 22.200 -10.000 4.340 20.000 -10.000
3 0 3.850 15.840 -10.000 4.340 19.500 -10.000 4.340 18.600 -10.000
3 0 3.850 15.840 -10.000 4.340 18.600 -10.000 4.340 16.660 -10.000
3 15 4.340 19.500 -10.000 4.340 20.000 -10.000 5.850 20.000 -10.000
3 15 5.850 20.000 -10.000 5.850 19.500 -10.000 4.340 19.500 -10.000
3 15 4.340 20.900 -10.000 4.340 21.400 -10.000 5.850 21.400 -10.000
3 15 5.850 21.400 -10.000 5.850 20.900 -10.000 4.340 20.900 -10.000
3 15 5.850 20.900 -10.000 5.850 21.400 -10.000 6.500 21.960 -10.000
3 15 6.500 21.960 -10.000 6.270 21.200 -10.000 5.850 20.900 -10.000
3 15 5.850 21.400 -10.000 5.850 22.300 -10.000 7.080 22.540 -10.000
3 15 7.080 22.540 -10.000 6.500 21.960 -10.000 5.850 21.400 -10.000
3 15 7.080 22.540 -10.000 5.850 22.300 -10.000 4.350 22.300 -10.000
3 15 4.350 22.300 -10.000 4.420 22.750 -10.000 7.080 22.540 -10.000
3 15 4.420 22.750 -10.000 4.710 23.350 -10.000 5.130 23.880 -10.000
3 15 5.130 23.880 -10.000 7.080 22.540 -10.000 4.420 22.750 -10.000
3 15 5.130 23.880 -10.000 5.660 24.320 -10.000 6.260 24.640 -10.000
3 15 6.260 24.640 -10.000 7.080 22.540 -10.000 5.130 23.880 -10.000
3 15 6.260 24.640 -10.000 6.920 24.840 -10.000 7.840 22.860 -10.000
3 15 7.840 22.860 -10.000 7.080 22.540 -10.000 6.260 24.640 -10.000
3 15 6.920 24.840 -10.000 7.600 24.910 -10.000 8.000 24.910 -10.000
3 15 8.000 24.910 -10.000 7.840 22.860 -10.000 6.920 24.840 -10.000
3 15 7.840 22.860 -10.000 8.000 24.910 -10.000 8.750 22.990 -10.000
3 15 8.750 22.990 -10.000 8.460 22.900 -10.000 7.840 22.860 -10.000
3 15 8.750 22.990 -10.000 8.000 24.910 -10.000 8.570 25.020 -10.000
3 15 8.570 25.020 -10.000 9.000 23.260 -10.000 8.750 22.990 -10.000
3 15 9.000 23.260 -10.000 8.570 25.020 -10.000 9.000 25.290 -10.000
3 15 5.850 20.900 -10.000 6.270 21.200 -10.000 6.270 17.840 -10.000
3 15 6.270 17.840 -10.000 5.850 20.000 -10.000 5.850 20.900 -10.000
3 15 6.270 17.840 -10.000 5.850 19.500 -10.000 5.850 20.000 -10.000
3 15 6.270 17.840 -10.000 5.850 18.600 -10.000 5.850 19.500 -10.000
3 15 5.850 18.600 -10.000 6.270 17.840 -10.000 5.240 16.930 -10.000
3 15 5.240 16.930 -10.000 4.340 18.600 -10.000 5.850 18.600 -10.000
3 15 4.340 16.660 -10.000 4.340 18.600 -10.000 5.240 16.930 -10.000
3 15 5.240 16.930 -10.000 6.270 17.840 -10.000 6.610 18.000 -10.000
3 15 6.610 18.000 -10.000 6.220 17.030 -10.000 5.240 16.930 -10.000
3 15 6.220 17.030 -10.000 6.610 18.000 -10.000 7.060 18.100 -10.000
3 15 7.060 18.100 -10.000 7.200 16.930 -10.000 6.220 17.030 -10.000
3 15 7.060 18.100 -10.000 7.520 18.140 -10.000 7.980 18.100 -10.000
3 15 7.980 18.100 -10.000 7.200 16.930 -10.000 7.060 18.100 -10.000
3 15 7.980 18.100 -10.000 8.430 18.000 -10.000 8.840 17.810 -10.000
3 15 8.840 17.810 -10.000 7.200 16.930 -10.000 7.980 18.100 -10.000
3 15 8.840 17.810 -10.000 9.000 17.690 -10.000 8.130 16.650 -10.000
3 15 8.130 16.650 -10.000 7.200 16.930 -10.000 8.840 17.810 -10.000
3 15 9.000 16.190 -10.000 8.130 16.650 -10.000 9.000 17.690 -10.000
3 16 9.000 26.760 -10.000 10.120 26.050 -10.000 9.690 26.140 -10.000
3 16 9.690 26.140 -10.000 9.330 26.380 -10.000 9.000 26.760 -10.000
3 16 9.000 26.760 -10.000 10.570 26.050 -10.000 10.120 26.050 -10.000
3 16 10.570 26.050 -10.000 9.000 26.760 -10.000 11.440 25.970 -10.000
3 16 10.180 15.470 -10.000 11.130 15.760 -10.000 12.110 15.810 -10.000
3 16 12.110 15.810 -10.000 13.100 15.600 -10.000 10.180 15.470 -10.000
3 16 14.770 14.920 -10.000 10.180 15.470 -10.000 13.100 15.600 -10.000
3 16 13.100 15.600 -10.000 14.040 15.310 -10.000 14.770 14.920 -10.000
3 16 9.000 14.750 -10.000 9.310 15.010 -10.000 10.180 15.470 -10.000
3 16 10.180 15.470 -10.000 14.770 14.920 -10.000 9.000 14.750 -10.000
3 0 12.760 16.930 -10.000 13.660 16.660 -10.000 13.500 16.190 -10.000
3 0 13.500 16.190 -10.000 12.660 16.440 -10.000 12.760 16.930 -10.000
3 0 11.780 17.030 -10.000 12.760 16.930 -10.000 12.660 16.440 -10.000
3 0 12.660 16.440 -10.000 11.780 16.530 -10.000 11.780 17.030 -10.000
3 0 10.800 16.930 -10.000 11.780 17.030 -10.000 11.780 16.530 -10.000
3 0 11.780 16.530 -10.000 10.900 16.440 -10.000 10.800 16.930 -10.000
3 0 9.870 16.650 -10.000 10.800 16.930 -10.000 10.900 16.440 -10.000
3 0 10.900 16.440 -10.000 10.060 16.190 -10.000 9.870 16.650 -10.000
3 0 9.000 16.190 -10.000 9.870 16.650 -10.000 10.060 16.190 -10.000
3 0 10.060 16.190 -10.000 9.280 15.770 -10.000 9.000 16.190 -10.000
3 0 9.000 16.190 -10.000 9.280 15.770 -10.000 9.000 15.550 -10.000
3 0 14.150 22.200 -10.000 13.660 22.200 -10.000 13.650 22.300 -10.000
3 0 13.650 22.300 -10.000 13.580 22.750 -10.000 14.050 22.940 -10.000
3 0 14.050 22.940 -10.000 14.150 22.200 -10.000 13.650 22.300 -10.000
3 0 13.710 23.630 -10.000 14.050 22.940 -10.000 13.580 22.750 -10.000
3 0 13.580 22.750 -10.000 13.290 23.350 -10.000 13.710 23.630 -10.000
3 0 13.230 24.240 -10.000 13.710 23.630 -10.000 13.290 23.350 -10.000
3 0 13.290 23.350 -10.000 12.870 23.880 -10.000 13.230 24.240 -10.000
3 0 12.620 24.740 -10.000 13.230 24.240 -10.000 12.870 23.880 -10.000
3 0 12.870 23.880 -10.000 12.340 24.320 -10.000 12.620 24.740 -10.000
3 0 11.930 25.110 -10.000 12.620 24.740 -10.000 12.340 24.320 -10.000
3 0 12.340 24.320 -10.000 11.740 24.640 -10.000 11.930 25.110 -10.000
3 0 11.180 25.330 -10.000 11.930 25.110 -10.000 11.740 24.640 -10.000
3 0 11.740 24.640 -10.000 11.080 24.840 -10.000 11.180 25.330 -10.000
3 0 10.400 25.410 -10.000 11.180 25.330 -10.000 11.080 24.840 -10.000
3 0 11.080 24.840 -10.000 10.400 24.910 -10.000 10.400 25.410 -10.000
3 0 13.500 16.190 -10.000 13.660 16.660 -10.000 14.150 15.840 -10.000
3 0 9.000 26.100 -10.000 9.080 25.940 -10.000 9.000 25.290 -10.000
3 0 9.080 25.940 -10.000 9.290 25.700 -10.000 9.000 25.290 -10.000
3 0 9.430 25.020 -10.000 9.000 25.290 -10.000 9.290 25.700 -10.000
3 0 9.290 25.700 -10.000 9.620 25.490 -10.000 9.430 25.020 -10.000
3 0 10.000 24.910 -10.000 9.430 25.020 -10.000 9.620 25.490 -10.000
3 0 9.620 25.490 -10.000 10.000 25.410 -10.000 10.000 24.910 -10.000
3 0 10.400 24.910 -10.000 10.000 24.910 -10.000 10.000 25.410 -10.000
3 0 10.000 25.410 -10.000 10.400 25.410 -10.000 10.400 24.910 -10.000
3 15 13.500 16.190 -10.000 14.150 15.840 -10.000 14.040 15.310 -10.000
3 15 14.040 15.310 -10.000 13.100 15.600 -10.000 13.500 16.190 -10.000
3 15 12.660 16.440 -10.000 13.500 16.190 -10.000 13.100 15.600 -10.000
3 15 13.100 15.600 -10.000 12.110 15.810 -10.000 12.660 16.440 -10.000
3 15 10.900 16.440 -10.000 11.780 16.530 -10.000 12.110 15.810 -10.000
3 15 12.110 15.810 -10.000 11.130 15.760 -10.000 10.900 16.440 -10.000
3 15 10.060 16.190 -10.000 10.900 16.440 -10.000 11.130 15.760 -10.000
3 15 11.130 15.760 -10.000 10.180 15.470 -10.000 10.060 16.190 -10.000
3 15 9.280 15.770 -10.000 10.060 16.190 -10.000 10.180 15.470 -10.000
3 15 10.180 15.470 -10.000 9.310 15.010 -10.000 9.280 15.770 -10.000
3 15 9.280 15.770 -10.000 9.310 15.010 -10.000 9.000 14.750 -10.000
3 15 9.000 14.750 -10.000 9.000 15.550 -10.000 9.280 15.770 -10.000
3 15 14.650 23.290 -10.000 14.770 22.460 -10.000 14.150 22.200 -10.000
3 15 14.150 22.200 -10.000 14.050 22.940 -10.000 14.650 23.290 -10.000
3 15 14.270 24.060 -10.000 14.650 23.290 -10.000 14.050 22.940 -10.000
3 15 14.050 22.940 -10.000 13.710 23.630 -10.000 14.270 24.060 -10.000
3 15 13.740 24.740 -10.000 14.270 24.060 -10.000 13.710 23.630 -10.000
3 15 13.710 23.630 -10.000 13.230 24.240 -10.000 13.740 24.740 -10.000
3 15 13.060 25.300 -10.000 13.740 24.740 -10.000 13.230 24.240 -10.000
3 15 13.230 24.240 -10.000 12.620 24.740 -10.000 13.060 25.300 -10.000
3 15 12.280 25.710 -10.000 13.060 25.300 -10.000 12.620 24.740 -10.000
3 15 12.620 24.740 -10.000 11.930 25.110 -10.000 12.280 25.710 -10.000
3 15 11.440 25.970 -10.000 12.280 25.710 -10.000 11.930 25.110 -10.000
3 15 11.930 25.110 -10.000 11.180 25.330 -10.000 11.440 25.970 -10.000
3 15 10.570 26.050 -10.000 11.440 25.970 -10.000 11.180 25.330 -10.000
3 15 11.180 25.330 -10.000 10.400 25.410 -10.000 10.570 26.050 -10.000
3 15 14.150 15.840 -10.000 14.150 22.200 -10.000 14.770 22.460 -10.000
3 15 14.770 22.460 -10.000 14.770 14.920 -10.000 14.150 15.840 -10.000
3 15 14.040 15.310 -10.000 14.150 15.840 -10.000 14.770 14.920 -10.000
3 15 9.000 26.760 -10.000 9.330 26.380 -10.000 9.000 26.100 -10.000
3 15 9.080 25.940 -10.000 9.000 26.100 -10.000 9.330 26.380 -10.000
3 15 9.330 26.380 -10.000 9.690 26.140 -10.000 9.080 25.940 -10.000
3 15 9.080 25.940 -10.000 9.690 26.140 -10.000 10.120 26.050 -10.000
3 15 10.120 26.050 -10.000 9.290 25.700 -10.000 9.080 25.940 -10.000
3 15 10.400 25.410 -10.000 10.000 25.410 -10.000 10.120 26.050 -10.000
3 15 10.120 26.050 -10.000 10.570 26.050 -10.000 10.400 25.410 -10.000
3 15 9.290 25.700 -10.000 10.120 26.050 -10.000 10.000 25.410 -10.000
3 15 10.000 25.410 -10.000 9.620 25.490 -10.000 9.290 25.700 -10.000
3 15 11.780 16.530 -10.000 12.660 16.440 -10.000 12.110 15.810 -10.000
3 1 10.410 18.940 -10.000 10.850 19.580 -10.000 11.390 18.000 -10.000
3 1 11.390 18.000 -10.000 10.940 18.100 -10.000 10.410 18.940 -10.000
3 1 9.770 18.500 -10.000 10.410 18.940 -10.000 10.940 18.100 -10.000
3 1 10.940 18.100 -10.000 10.480 18.140 -10.000 9.770 18.500 -10.000
3 1 9.770 18.500 -10.000 10.480 18.140 -10.000 10.020 18.100 -10.000
3 1 9.000 18.350 -10.000 9.770 18.500 -10.000 10.020 18.100 -10.000
3 1 10.020 18.100 -10.000 9.570 18.000 -10.000 9.000 18.350 -10.000
3 1 9.000 18.350 -10.000 9.570 18.000 -10.000 9.160 17.810 -10.000
3 1 9.000 18.350 -10.000 9.160 17.810 -10.000 9.000 17.690 -10.000
3 1 11.500 21.960 -10.000 11.730 21.200 -10.000 11.000 20.340 -10.000
3 1 11.000 20.340 -10.000 10.850 21.120 -10.000 11.500 21.960 -10.000
3 1 10.920 22.540 -10.000 11.500 21.960 -10.000 10.850 21.120 -10.000
3 1 10.850 21.120 -10.000 10.410 21.760 -10.000 10.920 22.540 -10.000
3 1 10.160 22.860 -10.000 10.920 22.540 -10.000 10.410 21.760 -10.000
3 1 10.410 21.760 -10.000 9.770 22.200 -10.000 10.160 22.860 -10.000
3 1 9.000 22.350 -10.000 9.540 22.900 -10.000 10.160 22.860 -10.000
3 1 10.160 22.860 -10.000 9.770 22.200 -10.000 9.000 22.350 -10.000
3 1 10.850 19.580 -10.000 11.000 20.340 -10.000 11.730 21.200 -10.000
3 1 11.730 21.200 -10.000 11.730 17.840 -10.000 10.850 19.580 -10.000
3 1 11.390 18.000 -10.000 10.850 19.580 -10.000 11.730 17.840 -10.000
3 1 9.000 23.260 -10.000 9.250 22.990 -10.000 9.000 22.350 -10.000
3 1 9.250 22.990 -10.000 9.540 22.900 -10.000 9.000 22.350 -10.000
3 1 9.800 20.680 -10.000 9.870 20.350 -10.000 9.800 20.020 -10.000
3 1 9.800 20.020 -10.000 9.000 21.220 -10.000 9.800 20.680 -10.000
3 1 9.330 21.150 -10.000 9.610 20.960 -10.000 9.800 20.680 -10.000
3 1 9.800 20.680 -10.000 9.000 21.220 -10.000 9.330 21.150 -10.000
3 1 9.610 19.740 -10.000 9.330 19.550 -10.000 9.000 19.480 -10.000
3 1 9.000 19.480 -10.000 9.000 21.220 -10.000 9.610 19.740 -10.000
3 1 9.000 21.220 -10.000 9.800 20.020 -10.000 9.610 19.740 -10.000
3 15 11.000 20.340 -10.000 10.850 19.580 -10.000 9.800 20.020 -10.000
3 15 9.800 20.020 -10.000 9.870 20.350 -10.000 11.000 20.340 -10.000
3 15 10.850 21.120 -10.000 11.000 20.340 -10.000 9.870 20.350 -10.000
3 15 9.870 20.350 -10.000 9.800 20.680 -10.000 10.850 21.120 -10.000
3 15 10.410 21.760 -10.000 10.850 21.120 -10.000 9.800 20.680 -10.000
3 15 9.800 20.680 -10.000 9.610 20.960 -10.000 10.410 21.760 -10.000
3 4 9.770 22.200 -10.000 10.410 21.760 -10.000 9.610 20.960 -10.000
3 4 9.610 20.960 -10.000 9.330 21.150 -10.000 9.770 22.200 -10.000
3 4 9.000 22.350 -10.000 9.770 22.200 -10.000 9.330 21.150 -10.000
3 4 9.330 21.150 -10.000 9.000 21.220 -10.000 9.000 22.350 -10.000
3 4 9.770 18.500 -10.000 9.000 18.350 -10.000 9.000 19.480 -10.000
3 4 9.000 19.480 -10.000 9.330 19.550 -10.000 9.770 18.500 -10.000
3 4 10.410 18.940 -10.000 9.770 18.500 -10.000 9.330 19.550 -10.000
3 4 9.330 19.550 -10.000 9.610 19.740 -10.000 10.410 18.940 -10.000
3 15 10.850 19.580 -10.000 10.410 18.940 -10.000 9.610 19.740 -10.000
3 15 9.610 19.740 -10.000 9.800 20.020 -10.000 10.850 19.580 -10.000
3 4 13.660 19.500 -10.000 13.660 18.600 -10.000 12.150 18.600 -10.000
3 4 12.150 18.600 -10.000 12.150 19.500 -10.000 13.660 19.500 -10.000
3 4 13.660 20.900 -10.000 13.660 20.000 -10.000 12.150 20.000 -10.000
3 4 12.150 20.000 -10.000 12.150 20.900 -10.000 13.660 20.900 -10.000
3 4 13.660 22.200 -10.000 13.660 21.400 -10.000 12.150 21.400 -10.000
3 4 12.150 21.400 -10.000 12.150 22.300 -10.000 13.660 22.200 -10.000
3 4 12.150 22.300 -10.000 13.650 22.300 -10.000 13.660 22.200 -10.000
3 0 13.660 22.200 -10.000 14.150 22.200 -10.000 13.660 21.400 -10.000
3 0 13.660 21.400 -10.000 14.150 22.200 -10.000 13.660 20.900 -10.000
3 0 13.660 20.900 -10.000 14.150 22.200 -10.000 13.660 20.000 -10.000
3 0 14.150 15.840 -10.000 13.660 19.500 -10.000 13.660 20.000 -10.000
3 0 13.660 20.000 -10.000 14.150 22.200 -10.000 14.150 15.840 -10.000
3 0 13.660 18.600 -10.000 13.660 19.500 -10.000 14.150 15.840 -10.000
3 0 13.660 16.660 -10.000 13.660 18.600 -10.000 14.150 15.840 -10.000
3 15 12.150 20.000 -10.000 13.660 20.000 -10.000 13.660 19.500 -10.000
3 15 13.660 19.500 -10.000 12.150 19.500 -10.000 12.150 20.000 -10.000
3 15 12.150 21.400 -10.000 13.660 21.400 -10.000 13.660 20.900 -10.000
3 15 13.660 20.900 -10.000 12.150 20.900 -10.000 12.150 21.400 -10.000
3 15 11.500 21.960 -10.000 12.150 21.400 -10.000 12.150 20.900 -10.000
3 15 12.150 20.900 -10.000 11.730 21.200 -10.000 11.500 21.960 -10.000
3 15 10.920 22.540 -10.000 12.150 22.300 -10.000 12.150 21.400 -10.000
3 15 12.150 21.400 -10.000 11.500 21.960 -10.000 10.920 22.540 -10.000
3 15 13.650 22.300 -10.000 12.150 22.300 -10.000 10.920 22.540 -10.000
3 15 10.920 22.540 -10.000 13.580 22.750 -10.000 13.650 22.300 -10.000
3 15 12.870 23.880 -10.000 13.290 23.350 -10.000 13.580 22.750 -10.000
3 15 13.580 22.750 -10.000 10.920 22.540 -10.000 12.870 23.880 -10.000
3 15 11.740 24.640 -10.000 12.340 24.320 -10.000 12.870 23.880 -10.000
3 15 12.870 23.880 -10.000 10.920 22.540 -10.000 11.740 24.640 -10.000
3 15 10.160 22.860 -10.000 11.080 24.840 -10.000 11.740 24.640 -10.000
3 15 11.740 24.640 -10.000 10.920 22.540 -10.000 10.160 22.860 -10.000
3 15 10.000 24.910 -10.000 10.400 24.910 -10.000 11.080 24.840 -10.000
3 15 11.080 24.840 -10.000 10.160 22.860 -10.000 10.000 24.910 -10.000
3 15 9.250 22.990 -10.000 10.000 24.910 -10.000 10.160 22.860 -10.000
3 15 10.160 22.860 -10.000 9.540 22.900 -10.000 9.250 22.990 -10.000
3 15 9.430 25.020 -10.000 10.000 24.910 -10.000 9.250 22.990 -10.000
3 15 9.250 22.990 -10.000 9.000 23.260 -10.000 9.430 25.020 -10.000
3 15 9.000 25.290 -10.000 9.430 25.020 -10.000 9.000 23.260 -10.000
3 15 11.730 17.840 -10.000 11.730 21.200 -10.000 12.150 20.900 -10.000
3 15 12.150 20.900 -10.000 12.150 20.000 -10.000 11.730 17.840 -10.000
3 15 12.150 20.000 -10.000 12.150 19.500 -10.000 11.730 17.840 -10.000
3 15 12.150 19.500 -10.000 12.150 18.600 -10.000 11.730 17.840 -10.000
3 15 12.760 16.930 -10.000 11.730 17.840 -10.000 12.150 18.600 -10.000
3 15 12.150 18.600 -10.000 13.660 18.600 -10.000 12.760 16.930 -10.000
3 15 12.760 16.930 -10.000 13.660 18.600 -10.000 13.660 16.660 -10.000
3 15 11.390 18.000 -10.000 11.730 17.840 -10.000 12.760 16.930 -10.000
3 15 12.760 16.930 -10.000 11.780 17.030 -10.000 11.390 18.000 -10.000
3 15 10.940 18.100 -10.000 11.390 18.000 -10.000 11.780 17.030 -10.000
3 15 11.780 17.030 -10.000 10.800 16.930 -10.000 10.940 18.100 -10.000
3 15 10.020 18.100 -10.000 10.480 18.140 -10.000 10.940 18.100 -10.000
3 15 10.940 18.100 -10.000 10.800 16.930 -10.000 10.020 18.100 -10.000
3 15 9.160 17.810 -10.000 9.570 18.000 -10.000 10.020 18.100 -10.000
3 15 10.020 18.100 -10.000 10.800 16.930 -10.000 9.160 17.810 -10.000
3 15 9.870 16.650 -10.000 9.000 17.690 -10.000 9.160 17.810 -10.000
3 15 9.160 17.810 -10.000 10.800 16.930 -10.000 9.870 16.650 -10.000
3 15 9.000 17.690 -10.000 9.870 16.650 -10.000 9.000 16.190 -10.000
1 1 -2.2500 19.0000 -10.0000 1.2000 0.0000 0.0000 0.0000 0.0000 -1.2000 0.0000 1.0000 0.0000 4-4disc.dat
1 1 -2.2500 24.0000 -10.0000 1.2000 0.0000 0.0000 0.0000 0.0000 -1.2000 0.0000 1.0000 0.0000 4-4disc.dat
1 1 -2.2500 29.0000 -10.0000 1.2000 0.0000 0.0000 0.0000 0.0000 -1.2000 0.0000 1.0000 0.0000 4-4disc.dat
1 16 -2.2500 19.0000 -10.0000 1.2000 0.0000 0.0000 0.0000 0.0000 -1.2000 0.0000 1.0000 0.0000 4-4ndis.dat
1 16 -2.2500 24.0000 -10.0000 1.2000 0.0000 0.0000 0.0000 0.0000 -1.2000 0.0000 1.0000 0.0000 4-4ndis.dat
1 16 -2.2500 29.0000 -10.0000 1.2000 0.0000 0.0000 0.0000 0.0000 -1.2000 0.0000 1.0000 0.0000 4-4ndis.dat
