0 FILE 973pf6.dat
0 Torso Castle Dragon Knights Dragon Face breathing Fire Pattern
0 Name:  973pf6.dat
0 Author:  
0 BL_Item_No 973pb0074
0 BFC CERTIFY CCW
3 16 19.000 32.000 10.000 -19.000 32.000 10.000 -19.000 29.000 10.000
3 16 -19.000 29.000 10.000 19.000 29.000 10.000 19.000 32.000 10.000
3 16 14.345 2.000 10.000 19.000 29.000 10.000 -19.000 29.000 10.000
3 16 -19.000 29.000 10.000 -14.345 2.000 10.000 14.345 2.000 10.000
3 16 -12.000 0.000 10.000 12.000 0.000 10.000 14.345 2.000 10.000
3 16 14.345 2.000 10.000 -14.345 2.000 10.000 -12.000 0.000 10.000
3 16 12.300 18.600 -10.000 12.600 19.700 -10.000 14.700 21.300 -10.000
3 16 14.700 21.300 -10.000 15.200 17.900 -10.000 12.300 18.600 -10.000
3 16 14.700 21.300 -10.000 12.600 19.700 -10.000 12.300 20.700 -10.000
3 16 12.300 20.700 -10.000 13.100 21.800 -10.000 14.700 21.300 -10.000
3 16 12.300 20.700 -10.000 12.600 21.600 -10.000 13.100 21.800 -10.000
3 16 12.300 20.700 -10.000 11.600 21.800 -10.000 12.600 21.600 -10.000
3 16 13.100 21.800 -10.000 13.100 22.100 -10.000 13.800 23.700 -10.000
3 16 13.800 23.700 -10.000 14.700 21.300 -10.000 13.100 21.800 -10.000
3 16 13.100 22.100 -10.000 12.100 23.100 -10.000 11.100 25.600 -10.000
3 16 11.100 25.600 -10.000 13.800 23.700 -10.000 13.100 22.100 -10.000
3 16 12.100 23.100 -10.000 10.900 25.000 -10.000 11.100 25.600 -10.000
3 16 12.100 23.100 -10.000 9.900 24.500 -10.000 10.900 25.000 -10.000
3 16 13.800 23.700 -10.000 11.100 25.600 -10.000 10.600 29.300 -10.000
3 16 10.600 29.300 -10.000 12.200 26.900 -10.000 13.800 23.700 -10.000
3 16 11.100 25.600 -10.000 10.400 25.800 -10.000 8.300 26.800 -10.000
3 16 8.300 26.800 -10.000 10.600 29.300 -10.000 11.100 25.600 -10.000
3 16 10.400 25.800 -10.000 8.200 26.300 -10.000 8.300 26.800 -10.000
3 16 7.800 25.700 -10.000 8.200 26.300 -10.000 10.400 25.800 -10.000
3 16 8.300 26.800 -10.000 7.800 27.000 -10.000 8.900 31.100 -10.000
3 16 8.900 31.100 -10.000 10.600 29.300 -10.000 8.300 26.800 -10.000
3 16 8.900 31.100 -10.000 7.800 27.000 -10.000 5.400 27.100 -10.000
3 16 5.400 27.100 -10.000 7.000 32.000 -10.000 8.900 31.100 -10.000
3 16 7.800 27.000 -10.000 6.700 26.400 -10.000 5.500 26.400 -10.000
3 16 5.500 26.400 -10.000 5.400 27.100 -10.000 7.800 27.000 -10.000
3 16 6.000 26.200 -10.000 5.500 26.400 -10.000 6.700 26.400 -10.000
3 16 5.400 27.100 -10.000 4.900 27.300 -10.000 7.000 32.000 -10.000
3 16 4.900 27.300 -10.000 3.300 26.700 -10.000 0.000 32.000 -10.000
3 16 0.000 32.000 -10.000 7.000 32.000 -10.000 4.900 27.300 -10.000
3 16 1.200 24.400 -10.000 0.000 24.300 -10.000 0.000 32.000 -10.000
3 16 0.000 32.000 -10.000 1.200 26.000 -10.000 1.200 24.400 -10.000
3 16 1.200 26.000 -10.000 0.000 32.000 -10.000 3.300 26.700 -10.000
3 16 3.300 26.700 -10.000 1.600 26.100 -10.000 1.200 26.000 -10.000
3 16 3.300 26.700 -10.000 3.300 26.000 -10.000 2.200 25.500 -10.000
3 16 2.200 25.500 -10.000 1.600 26.100 -10.000 3.300 26.700 -10.000
3 16 2.200 25.500 -10.000 3.300 26.000 -10.000 4.200 26.000 -10.000
3 16 4.200 26.000 -10.000 3.100 23.700 -10.000 2.200 25.500 -10.000
3 16 4.200 26.000 -10.000 4.900 25.700 -10.000 5.200 25.000 -10.000
3 16 5.200 25.000 -10.000 3.100 23.700 -10.000 4.200 26.000 -10.000
3 16 3.100 23.700 -10.000 5.200 25.000 -10.000 5.400 24.100 -10.000
3 16 5.400 24.100 -10.000 3.400 22.800 -10.000 3.100 23.700 -10.000
3 16 3.400 22.800 -10.000 5.400 24.100 -10.000 6.900 21.900 -10.000
3 16 6.900 21.900 -10.000 3.300 21.900 -10.000 3.400 22.800 -10.000
3 16 6.900 21.900 -10.000 5.400 24.100 -10.000 5.900 24.100 -10.000
3 16 5.900 24.100 -10.000 6.800 22.800 -10.000 6.900 21.900 -10.000
3 16 6.800 22.800 -10.000 5.900 24.100 -10.000 6.500 24.800 -10.000
3 16 6.900 21.900 -10.000 3.100 20.600 -10.000 2.900 21.400 -10.000
3 16 2.900 21.400 -10.000 3.300 21.900 -10.000 6.900 21.900 -10.000
3 16 3.100 20.600 -10.000 1.900 20.600 -10.000 2.200 21.300 -10.000
3 16 2.200 21.300 -10.000 2.900 21.400 -10.000 3.100 20.600 -10.000
3 16 1.900 20.600 -10.000 1.100 20.900 -10.000 1.300 21.500 -10.000
3 16 1.300 21.500 -10.000 2.200 21.300 -10.000 1.900 20.600 -10.000
3 16 1.100 20.900 -10.000 0.500 21.400 -10.000 0.700 22.000 -10.000
3 16 0.700 22.000 -10.000 1.300 21.500 -10.000 1.100 20.900 -10.000
3 16 3.100 20.600 -10.000 6.900 21.900 -10.000 8.200 20.300 -10.000
3 16 8.200 20.300 -10.000 3.700 19.500 -10.000 3.100 20.600 -10.000
3 16 8.200 20.300 -10.000 6.900 21.900 -10.000 7.500 22.000 -10.000
3 16 8.200 20.300 -10.000 7.500 22.000 -10.000 8.200 22.700 -10.000
3 16 8.200 20.300 -10.000 8.400 19.500 -10.000 4.600 18.500 -10.000
3 16 4.600 18.500 -10.000 3.700 19.500 -10.000 8.200 20.300 -10.000
3 16 8.400 19.500 -10.000 6.800 15.800 -10.000 5.700 15.800 -10.000
3 16 5.700 15.800 -10.000 4.600 18.500 -10.000 8.400 19.500 -10.000
3 16 5.700 15.800 -10.000 4.900 16.900 -10.000 4.600 18.500 -10.000
3 16 4.600 15.700 -10.000 4.900 16.900 -10.000 5.700 15.800 -10.000
3 16 8.400 19.500 -10.000 8.900 19.400 -10.000 7.500 15.200 -10.000
3 16 7.500 15.200 -10.000 6.800 15.800 -10.000 8.400 19.500 -10.000
3 16 7.500 15.200 -10.000 8.900 19.400 -10.000 10.600 18.300 -10.000
3 16 10.600 18.300 -10.000 10.300 17.000 -10.000 7.500 15.200 -10.000
3 16 8.900 19.400 -10.000 9.300 19.800 -10.000 10.700 19.600 -10.000
3 16 10.700 19.600 -10.000 10.600 18.300 -10.000 8.900 19.400 -10.000
3 16 10.700 19.600 -10.000 9.300 19.800 -10.000 9.600 21.200 -10.000
3 16 9.600 21.200 -10.000 10.200 20.700 -10.000 10.700 19.600 -10.000
3 16 10.300 17.000 -10.000 10.800 16.800 -10.000 10.100 14.100 -10.000
3 16 10.100 14.100 -10.000 7.500 15.200 -10.000 10.300 17.000 -10.000
3 16 7.500 15.200 -10.000 10.100 14.100 -10.000 8.500 12.300 -10.000
3 16 8.500 12.300 -10.000 7.700 14.300 -10.000 7.500 15.200 -10.000
3 16 7.700 14.300 -10.000 8.500 12.300 -10.000 7.600 11.700 -10.000
3 16 7.600 11.700 -10.000 7.400 13.600 -10.000 7.700 14.300 -10.000
3 16 7.400 13.600 -10.000 7.600 11.700 -10.000 6.600 12.400 -10.000
3 16 6.600 12.400 -10.000 6.600 12.900 -10.000 7.400 13.600 -10.000
3 16 7.900 11.000 -10.000 7.600 11.700 -10.000 8.500 12.300 -10.000
3 16 10.100 14.100 -10.000 10.800 16.800 -10.000 11.600 17.400 -10.000
3 16 11.600 17.400 -10.000 12.300 14.900 -10.000 10.100 14.100 -10.000
3 16 12.300 14.900 -10.000 11.600 17.400 -10.000 15.200 17.900 -10.000
3 16 15.200 17.900 -10.000 14.700 14.800 -10.000 12.300 14.900 -10.000
3 16 11.600 17.400 -10.000 12.300 18.600 -10.000 15.200 17.900 -10.000
3 16 6.700 7.900 -10.000 6.400 8.800 -10.000 7.300 9.500 -10.000
3 16 6.300 5.800 -10.000 6.100 2.100 -10.000 5.300 4.000 -10.000
3 16 5.300 4.000 -10.000 6.000 5.700 -10.000 6.300 5.800 -10.000
3 16 5.300 4.000 -10.000 5.300 5.700 -10.000 6.000 5.700 -10.000
3 16 6.100 2.100 -10.000 4.800 3.600 -10.000 5.300 4.000 -10.000
3 16 6.100 2.100 -10.000 4.300 3.200 -10.000 4.200 3.900 -10.000
3 16 4.200 3.900 -10.000 4.800 3.600 -10.000 6.100 2.100 -10.000
3 16 4.300 3.200 -10.000 2.200 3.900 -10.000 3.200 5.100 -10.000
3 16 3.200 5.100 -10.000 4.200 3.900 -10.000 4.300 3.200 -10.000
3 16 2.200 3.900 -10.000 0.000 4.200 -10.000 1.200 9.500 -10.000
3 16 1.200 9.500 -10.000 3.200 5.100 -10.000 2.200 3.900 -10.000
3 16 1.200 9.500 -10.000 0.000 4.200 -10.000 0.000 10.400 -10.000
3 16 0.000 10.400 -10.000 0.500 10.200 -10.000 1.200 9.500 -10.000
3 16 -8.900 31.100 -10.000 -19.000 32.000 -10.000 -7.000 32.000 -10.000
3 16 -8.900 31.100 -10.000 -10.600 29.300 -10.000 -19.000 29.000 -10.000
3 16 -19.000 29.000 -10.000 -19.000 32.000 -10.000 -8.900 31.100 -10.000
3 16 -12.200 26.900 -10.000 -19.000 29.000 -10.000 -10.600 29.300 -10.000
3 16 -13.800 23.700 -10.000 -19.000 29.000 -10.000 -12.200 26.900 -10.000
3 16 -14.700 21.300 -10.000 -19.000 29.000 -10.000 -13.800 23.700 -10.000
3 16 -15.200 17.900 -10.000 -19.000 29.000 -10.000 -14.700 21.300 -10.000
3 16 -15.300 14.000 -10.000 -19.000 29.000 -10.000 -15.200 17.900 -10.000
3 16 -19.000 29.000 -10.000 -15.300 14.000 -10.000 -13.300 2.800 -10.000
3 16 -13.300 2.800 -10.000 -14.345 2.000 -10.000 -19.000 29.000 -10.000
3 16 -13.300 2.800 -10.000 -12.800 2.000 -10.000 -12.000 0.000 -10.000
3 16 -12.000 0.000 -10.000 -14.345 2.000 -10.000 -13.300 2.800 -10.000
3 16 -12.000 0.000 -10.000 -12.800 2.000 -10.000 -12.100 1.300 -10.000
3 16 -12.000 0.000 -10.000 -12.100 1.300 -10.000 -11.200 1.000 -10.000
3 16 -12.000 0.000 -10.000 -11.200 1.000 -10.000 -6.500 1.000 -10.000
3 16 -6.500 1.000 -10.000 6.500 1.000 -10.000 12.000 0.000 -10.000
3 16 12.000 0.000 -10.000 -12.000 0.000 -10.000 -6.500 1.000 -10.000
3 16 12.000 0.000 -10.000 6.500 1.000 -10.000 11.200 1.000 -10.000
3 16 11.200 1.000 -10.000 12.100 1.300 -10.000 14.345 2.000 -10.000
3 16 14.345 2.000 -10.000 12.000 0.000 -10.000 11.200 1.000 -10.000
3 16 12.100 1.300 -10.000 12.800 2.000 -10.000 14.345 2.000 -10.000
3 16 14.345 2.000 -10.000 12.800 2.000 -10.000 13.300 2.800 -10.000
3 16 13.300 2.800 -10.000 15.300 14.000 -10.000 19.000 29.000 -10.000
3 16 19.000 29.000 -10.000 14.345 2.000 -10.000 13.300 2.800 -10.000
3 16 15.300 14.000 -10.000 18.000 29.000 -10.000 19.000 32.000 -10.000
3 16 19.000 32.000 -10.000 19.000 29.000 -10.000 15.300 14.000 -10.000
3 16 18.000 29.000 -10.000 18.000 32.000 -10.000 19.000 32.000 -10.000
3 80 -6.500 1.000 -10.000 -11.200 1.000 -10.000 -8.800 4.500 -10.000
3 80 -8.800 4.500 -10.000 -8.100 4.500 -10.000 -6.500 1.000 -10.000
3 80 -8.800 4.500 -10.000 -11.200 1.000 -10.000 -12.100 1.300 -10.000
3 80 -12.100 1.300 -10.000 -9.500 4.500 -10.000 -8.800 4.500 -10.000
3 80 -12.100 1.300 -10.000 -12.800 2.000 -10.000 -13.300 2.800 -10.000
3 80 -13.300 2.800 -10.000 -9.500 4.500 -10.000 -12.100 1.300 -10.000
3 80 -13.300 2.800 -10.000 -9.500 5.200 -10.000 -9.500 4.500 -10.000
3 80 -9.500 5.200 -10.000 -13.300 2.800 -10.000 -10.500 8.700 -10.000
3 80 -10.500 8.700 -10.000 -9.500 5.900 -10.000 -9.500 5.200 -10.000
3 80 -10.500 8.700 -10.000 -13.300 2.800 -10.000 -15.300 14.000 -10.000
3 80 -15.300 14.000 -10.000 -13.100 11.800 -10.000 -10.500 8.700 -10.000
3 80 -13.100 11.800 -10.000 -15.300 14.000 -10.000 -13.100 12.500 -10.000
3 80 -13.100 12.500 -10.000 -15.300 14.000 -10.000 -13.100 13.200 -10.000
3 80 -15.300 14.000 -10.000 -12.700 14.200 -10.000 -12.400 13.200 -10.000
3 80 -12.400 13.200 -10.000 -13.100 13.200 -10.000 -15.300 14.000 -10.000
3 80 -12.400 13.200 -10.000 -12.700 14.200 -10.000 -10.600 13.600 -10.000
3 80 -10.600 13.600 -10.000 -11.700 13.200 -10.000 -12.400 13.200 -10.000
3 80 -10.600 13.600 -10.000 -9.100 12.000 -10.000 -9.100 10.100 -10.000
3 80 -9.100 10.100 -10.000 -11.700 13.200 -10.000 -10.600 13.600 -10.000
3 80 -9.100 10.100 -10.000 -9.800 10.100 -10.000 -11.700 12.500 -10.000
3 80 -11.700 12.500 -10.000 -11.700 13.200 -10.000 -9.100 10.100 -10.000
3 80 -9.800 10.100 -10.000 -10.500 10.100 -10.000 -11.700 11.800 -10.000
3 80 -11.700 11.800 -10.000 -11.700 12.500 -10.000 -9.800 10.100 -10.000
3 80 -10.500 10.100 -10.000 -10.500 9.400 -10.000 -12.400 11.800 -10.000
3 80 -12.400 11.800 -10.000 -11.700 11.800 -10.000 -10.500 10.100 -10.000
3 80 -10.500 9.400 -10.000 -10.500 8.700 -10.000 -13.100 11.800 -10.000
3 80 -13.100 11.800 -10.000 -12.400 11.800 -10.000 -10.500 9.400 -10.000
3 80 -7.800 8.900 -10.000 -9.100 10.100 -10.000 -9.100 12.000 -10.000
3 80 -7.800 8.900 -10.000 -9.100 9.400 -10.000 -9.100 10.100 -10.000
3 80 -9.100 9.400 -10.000 -7.800 8.900 -10.000 -8.100 5.900 -10.000
3 80 -8.100 5.900 -10.000 -9.100 8.700 -10.000 -9.100 9.400 -10.000
3 80 -8.100 5.900 -10.000 -8.800 5.900 -10.000 -9.800 8.700 -10.000
3 80 -9.800 8.700 -10.000 -9.100 8.700 -10.000 -8.100 5.900 -10.000
3 80 -8.800 5.900 -10.000 -9.500 5.900 -10.000 -10.500 8.700 -10.000
3 80 -10.500 8.700 -10.000 -9.800 8.700 -10.000 -8.800 5.900 -10.000
3 80 -7.800 8.900 -10.000 -7.000 5.400 -10.000 -8.100 5.200 -10.000
3 80 -8.100 5.200 -10.000 -8.100 5.900 -10.000 -7.800 8.900 -10.000
3 80 -8.100 5.200 -10.000 -7.000 5.400 -10.000 -6.500 1.000 -10.000
3 80 -6.500 1.000 -10.000 -8.100 4.500 -10.000 -8.100 5.200 -10.000
3 14 -6.500 1.000 -10.000 -4.200 2.500 -10.000 -2.200 3.200 -10.000
3 14 -2.200 3.200 -10.000 6.500 1.000 -10.000 -6.500 1.000 -10.000
3 14 -2.200 3.200 -10.000 0.000 3.500 -10.000 2.200 3.200 -10.000
3 14 2.200 3.200 -10.000 6.500 1.000 -10.000 -2.200 3.200 -10.000
3 0 -2.900 12.700 -10.000 -3.300 13.100 -10.000 -3.500 13.700 -10.000
3 0 -3.500 13.700 -10.000 -2.300 12.800 -10.000 -2.900 12.700 -10.000
3 0 -2.300 12.800 -10.000 -3.500 13.700 -10.000 -3.500 14.600 -10.000
3 0 -3.500 14.600 -10.000 -1.800 13.500 -10.000 -2.300 12.800 -10.000
3 0 -1.800 13.500 -10.000 -3.500 14.600 -10.000 -3.200 15.700 -10.000
3 0 -3.200 15.700 -10.000 -1.500 14.400 -10.000 -1.800 13.500 -10.000
3 0 -1.500 14.400 -10.000 -3.200 15.700 -10.000 -2.600 16.200 -10.000
3 0 -2.600 16.200 -10.000 -1.500 15.500 -10.000 -1.500 14.400 -10.000
3 0 -1.500 15.500 -10.000 -2.600 16.200 -10.000 -1.800 16.100 -10.000
3 0 -4.200 5.600 -10.000 -4.500 5.900 -10.000 -4.300 6.800 -10.000
3 0 -4.300 6.800 -10.000 -3.700 6.000 -10.000 -4.200 5.600 -10.000
3 0 -4.300 6.800 -10.000 -3.200 9.500 -10.000 -0.600 12.300 -10.000
3 0 -0.600 12.300 -10.000 -3.700 6.000 -10.000 -4.300 6.800 -10.000
3 0 -3.200 9.500 -10.000 -2.100 11.600 -10.000 -1.200 12.900 -10.000
3 0 -1.200 12.900 -10.000 -0.600 12.300 -10.000 -3.200 9.500 -10.000
3 0 -1.200 12.900 -10.000 -0.900 13.900 -10.000 -0.600 13.800 -10.000
3 0 -0.600 13.800 -10.000 -0.600 12.300 -10.000 -1.200 12.900 -10.000
3 0 -3.200 9.500 -10.000 -3.400 10.000 -10.000 -2.800 11.500 -10.000
3 0 -2.800 11.500 -10.000 -2.100 11.600 -10.000 -3.200 9.500 -10.000
3 0 -3.400 10.000 -10.000 -3.800 10.000 -10.000 -4.600 10.500 -10.000
3 0 -4.600 10.500 -10.000 -2.800 11.500 -10.000 -3.400 10.000 -10.000
3 0 -4.600 10.500 -10.000 -3.800 10.000 -10.000 -5.300 7.700 -10.000
3 0 -5.300 7.700 -10.000 -5.900 8.400 -10.000 -4.600 10.500 -10.000
3 0 -5.900 8.400 -10.000 -5.300 7.700 -10.000 -5.900 7.400 -10.000
3 0 -5.900 7.400 -10.000 -6.100 7.600 -10.000 -5.900 8.400 -10.000
3 0 -4.600 10.500 -10.000 -4.600 11.000 -10.000 -3.600 12.000 -10.000
3 0 -3.600 12.000 -10.000 -2.800 11.500 -10.000 -4.600 10.500 -10.000
3 0 -4.600 11.000 -10.000 -5.200 11.200 -10.000 -4.200 12.900 -10.000
3 0 -4.200 12.900 -10.000 -3.600 12.000 -10.000 -4.600 11.000 -10.000
3 0 -4.200 12.900 -10.000 -5.200 11.200 -10.000 -6.200 10.500 -10.000
3 0 -6.200 10.500 -10.000 -5.300 12.400 -10.000 -4.200 12.900 -10.000
3 0 -5.300 12.400 -10.000 -6.200 10.500 -10.000 -7.000 10.600 -10.000
3 0 -7.000 10.600 -10.000 -6.800 11.100 -10.000 -5.300 12.400 -10.000
3 0 -6.800 10.300 -10.000 -7.000 10.600 -10.000 -6.200 10.500 -10.000
3 0 -5.300 12.400 -10.000 -5.200 13.200 -10.000 -4.500 14.400 -10.000
3 0 -4.500 14.400 -10.000 -4.200 12.900 -10.000 -5.300 12.400 -10.000
3 0 -5.200 13.200 -10.000 -6.300 13.800 -10.000 -5.900 14.800 -10.000
3 0 -5.900 14.800 -10.000 -4.500 14.400 -10.000 -5.200 13.200 -10.000
3 0 -6.300 13.800 -10.000 -6.800 14.300 -10.000 -6.700 14.700 -10.000
3 0 -6.700 14.700 -10.000 -5.900 14.800 -10.000 -6.300 13.800 -10.000
3 0 -2.000 21.900 -10.000 -2.400 22.200 -10.000 -2.500 22.900 -10.000
3 0 -2.500 22.900 -10.000 -1.400 22.000 -10.000 -2.000 21.900 -10.000
3 0 -1.400 22.000 -10.000 -2.500 22.900 -10.000 -2.000 23.400 -10.000
3 0 -2.000 23.400 -10.000 -0.900 22.700 -10.000 -1.400 22.000 -10.000
3 0 -0.900 22.700 -10.000 -2.000 23.400 -10.000 -1.400 23.500 -10.000
3 0 -1.400 23.500 -10.000 -1.100 23.200 -10.000 -0.900 22.700 -10.000
3 14 -0.500 10.200 -10.000 -0.600 12.300 -10.000 -0.600 13.800 -10.000
3 14 -0.600 13.800 -10.000 0.000 10.400 -10.000 -0.500 10.200 -10.000
3 14 -1.200 9.500 -10.000 -0.600 12.300 -10.000 -0.500 10.200 -10.000
3 14 -0.600 12.300 -10.000 -1.200 9.500 -10.000 -3.200 5.100 -10.000
3 14 -3.200 5.100 -10.000 -3.700 6.000 -10.000 -0.600 12.300 -10.000
3 14 -3.700 6.000 -10.000 -3.200 5.100 -10.000 -4.200 3.900 -10.000
3 14 -4.200 3.900 -10.000 -4.200 5.600 -10.000 -3.700 6.000 -10.000
3 14 -4.200 3.900 -10.000 -4.800 3.600 -10.000 -5.300 4.000 -10.000
3 14 -5.300 4.000 -10.000 -4.200 5.600 -10.000 -4.200 3.900 -10.000
3 14 -4.200 5.600 -10.000 -5.300 4.000 -10.000 -5.300 5.700 -10.000
3 14 -5.300 5.700 -10.000 -4.500 5.900 -10.000 -4.200 5.600 -10.000
3 14 -5.300 5.700 -10.000 -5.900 7.400 -10.000 -4.300 6.800 -10.000
3 14 -4.300 6.800 -10.000 -4.500 5.900 -10.000 -5.300 5.700 -10.000
3 14 -4.300 6.800 -10.000 -5.900 7.400 -10.000 -5.300 7.700 -10.000
3 14 -4.300 6.800 -10.000 -5.300 7.700 -10.000 -3.800 10.000 -10.000
3 14 -3.800 10.000 -10.000 -3.200 9.500 -10.000 -4.300 6.800 -10.000
3 14 -3.200 9.500 -10.000 -3.800 10.000 -10.000 -3.400 10.000 -10.000
3 14 -5.300 5.700 -10.000 -6.000 5.700 -10.000 -6.600 6.000 -10.000
3 14 -6.600 6.000 -10.000 -5.900 7.400 -10.000 -5.300 5.700 -10.000
3 14 -5.900 7.400 -10.000 -6.600 6.000 -10.000 -6.900 6.800 -10.000
3 14 -6.900 6.800 -10.000 -6.100 7.600 -10.000 -5.900 7.400 -10.000
3 14 -6.900 6.800 -10.000 -6.700 7.900 -10.000 -5.900 8.400 -10.000
3 14 -5.900 8.400 -10.000 -6.100 7.600 -10.000 -6.900 6.800 -10.000
3 14 -6.700 7.900 -10.000 -6.400 8.800 -10.000 -5.900 8.400 -10.000
3 14 -6.400 8.800 -10.000 -6.800 10.300 -10.000 -6.200 10.500 -10.000
3 14 -6.200 10.500 -10.000 -5.900 8.400 -10.000 -6.400 8.800 -10.000
3 14 -5.900 8.400 -10.000 -6.200 10.500 -10.000 -5.200 11.200 -10.000
3 14 -5.200 11.200 -10.000 -4.600 10.500 -10.000 -5.900 8.400 -10.000
3 14 -4.600 10.500 -10.000 -5.200 11.200 -10.000 -4.600 11.000 -10.000
3 14 -6.400 8.800 -10.000 -7.400 9.500 -10.000 -7.000 10.600 -10.000
3 14 -7.000 10.600 -10.000 -6.800 10.300 -10.000 -6.400 8.800 -10.000
3 14 -7.400 9.500 -10.000 -7.800 10.200 -10.000 -8.000 11.000 -10.000
3 14 -8.000 11.000 -10.000 -7.000 10.600 -10.000 -7.400 9.500 -10.000
3 14 -7.000 10.600 -10.000 -8.000 11.000 -10.000 -7.600 11.700 -10.000
3 14 -7.600 11.700 -10.000 -6.800 11.100 -10.000 -7.000 10.600 -10.000
3 14 -7.600 11.700 -10.000 -6.600 12.400 -10.000 -5.300 12.400 -10.000
3 14 -5.300 12.400 -10.000 -6.800 11.100 -10.000 -7.600 11.700 -10.000
3 14 -6.600 12.400 -10.000 -6.600 12.900 -10.000 -5.200 13.200 -10.000
3 14 -5.200 13.200 -10.000 -5.300 12.400 -10.000 -6.600 12.400 -10.000
3 14 -5.200 13.200 -10.000 -6.600 12.900 -10.000 -7.400 13.600 -10.000
3 14 -7.400 13.600 -10.000 -6.300 13.800 -10.000 -5.200 13.200 -10.000
3 14 -6.300 13.800 -10.000 -7.400 13.600 -10.000 -7.700 14.300 -10.000
3 14 -7.700 14.300 -10.000 -6.800 14.300 -10.000 -6.300 13.800 -10.000
3 14 -6.800 14.300 -10.000 -7.700 14.300 -10.000 -7.500 15.200 -10.000
3 14 -7.500 15.200 -10.000 -6.700 14.700 -10.000 -6.800 14.300 -10.000
3 14 -7.500 15.200 -10.000 -6.800 15.800 -10.000 -5.900 14.800 -10.000
3 14 -5.900 14.800 -10.000 -6.700 14.700 -10.000 -7.500 15.200 -10.000
3 14 -6.800 15.800 -10.000 -5.700 15.800 -10.000 -4.500 14.400 -10.000
3 14 -4.500 14.400 -10.000 -5.900 14.800 -10.000 -6.800 15.800 -10.000
3 14 -5.700 15.800 -10.000 -4.600 15.700 -10.000 -3.500 14.600 -10.000
3 14 -3.500 14.600 -10.000 -4.500 14.400 -10.000 -5.700 15.800 -10.000
3 14 -3.500 14.600 -10.000 -4.600 15.700 -10.000 -4.900 16.900 -10.000
3 14 -4.900 16.900 -10.000 -3.200 15.700 -10.000 -3.500 14.600 -10.000
3 14 -3.200 15.700 -10.000 -4.900 16.900 -10.000 -4.600 18.500 -10.000
3 14 -4.600 18.500 -10.000 -2.600 16.200 -10.000 -3.200 15.700 -10.000
3 14 -4.600 18.500 -10.000 -3.700 19.500 -10.000 -1.800 16.100 -10.000
3 14 -1.800 16.100 -10.000 -2.600 16.200 -10.000 -4.600 18.500 -10.000
3 14 -3.700 19.500 -10.000 -3.100 20.600 -10.000 -1.900 20.600 -10.000
3 14 -1.900 20.600 -10.000 -1.800 16.100 -10.000 -3.700 19.500 -10.000
3 14 -1.800 16.100 -10.000 -1.900 20.600 -10.000 -0.600 13.800 -10.000
3 14 -0.600 13.800 -10.000 -1.500 15.500 -10.000 -1.800 16.100 -10.000
3 14 -0.600 13.800 -10.000 -0.900 13.900 -10.000 -1.500 14.400 -10.000
3 14 -1.500 14.400 -10.000 -1.500 15.500 -10.000 -0.600 13.800 -10.000
3 14 -0.900 13.900 -10.000 -1.200 12.900 -10.000 -1.800 13.500 -10.000
3 14 -1.800 13.500 -10.000 -1.500 14.400 -10.000 -0.900 13.900 -10.000
3 14 -1.200 12.900 -10.000 -2.100 11.600 -10.000 -2.300 12.800 -10.000
3 14 -2.300 12.800 -10.000 -1.800 13.500 -10.000 -1.200 12.900 -10.000
3 14 -2.100 11.600 -10.000 -2.800 11.500 -10.000 -2.900 12.700 -10.000
3 14 -2.900 12.700 -10.000 -2.300 12.800 -10.000 -2.100 11.600 -10.000
3 14 -2.800 11.500 -10.000 -3.600 12.000 -10.000 -3.300 13.100 -10.000
3 14 -3.300 13.100 -10.000 -2.900 12.700 -10.000 -2.800 11.500 -10.000
3 14 -3.600 12.000 -10.000 -4.200 12.900 -10.000 -3.500 13.700 -10.000
3 14 -3.500 13.700 -10.000 -3.300 13.100 -10.000 -3.600 12.000 -10.000
3 14 -4.200 12.900 -10.000 -4.500 14.400 -10.000 -3.500 14.600 -10.000
3 14 -3.500 14.600 -10.000 -3.500 13.700 -10.000 -4.200 12.900 -10.000
3 14 -0.600 13.800 -10.000 -1.900 20.600 -10.000 -1.100 20.900 -10.000
3 14 -1.100 20.900 -10.000 -0.500 21.400 -10.000 0.000 10.400 -10.000
3 14 0.000 10.400 -10.000 -0.600 13.800 -10.000 -1.100 20.900 -10.000
3 14 0.000 10.400 -10.000 -0.500 21.400 -10.000 0.000 24.300 -10.000
3 14 -0.500 21.400 -10.000 -0.700 22.000 -10.000 -0.900 22.700 -10.000
3 14 -0.900 22.700 -10.000 0.000 24.300 -10.000 -0.500 21.400 -10.000
3 14 -0.900 22.700 -10.000 -0.700 22.000 -10.000 -1.300 21.500 -10.000
3 14 -1.300 21.500 -10.000 -1.400 22.000 -10.000 -0.900 22.700 -10.000
3 14 -1.400 22.000 -10.000 -1.300 21.500 -10.000 -2.200 21.300 -10.000
3 14 -2.200 21.300 -10.000 -2.000 21.900 -10.000 -1.400 22.000 -10.000
3 14 -2.200 21.300 -10.000 -2.900 21.400 -10.000 -2.400 22.200 -10.000
3 14 -2.400 22.200 -10.000 -2.000 21.900 -10.000 -2.200 21.300 -10.000
3 14 -2.900 21.400 -10.000 -3.300 21.900 -10.000 -2.500 22.900 -10.000
3 14 -2.500 22.900 -10.000 -2.400 22.200 -10.000 -2.900 21.400 -10.000
3 14 -3.300 21.900 -10.000 -3.400 22.800 -10.000 -3.100 23.700 -10.000
3 14 -3.100 23.700 -10.000 -2.500 22.900 -10.000 -3.300 21.900 -10.000
3 14 -2.500 22.900 -10.000 -3.100 23.700 -10.000 -2.200 25.500 -10.000
3 14 -2.200 25.500 -10.000 -2.000 23.400 -10.000 -2.500 22.900 -10.000
3 14 -2.200 25.500 -10.000 -1.200 24.400 -10.000 -1.400 23.500 -10.000
3 14 -1.400 23.500 -10.000 -2.000 23.400 -10.000 -2.200 25.500 -10.000
3 14 -1.200 24.400 -10.000 0.000 24.300 -10.000 -1.100 23.200 -10.000
3 14 -1.100 23.200 -10.000 -1.400 23.500 -10.000 -1.200 24.400 -10.000
3 14 -0.900 22.700 -10.000 -1.100 23.200 -10.000 0.000 24.300 -10.000
3 14 -2.200 25.500 -10.000 -1.600 26.100 -10.000 -1.200 26.000 -10.000
3 14 -1.200 26.000 -10.000 -1.200 24.400 -10.000 -2.200 25.500 -10.000
3 14 -10.800 16.800 -10.000 -11.600 17.400 -10.000 -10.600 18.300 -10.000
3 14 -10.600 18.300 -10.000 -10.300 17.000 -10.000 -10.800 16.800 -10.000
3 14 -11.600 17.400 -10.000 -12.300 18.600 -10.000 -10.700 19.600 -10.000
3 14 -10.700 19.600 -10.000 -10.600 18.300 -10.000 -11.600 17.400 -10.000
3 14 -12.300 18.600 -10.000 -12.600 19.700 -10.000 -12.300 20.700 -10.000
3 14 -12.300 20.700 -10.000 -10.700 19.600 -10.000 -12.300 18.600 -10.000
3 14 -10.700 19.600 -10.000 -12.300 20.700 -10.000 -11.600 21.800 -10.000
3 14 -11.600 21.800 -10.000 -10.200 20.700 -10.000 -10.700 19.600 -10.000
3 14 -10.200 20.700 -10.000 -11.600 21.800 -10.000 -8.200 22.700 -10.000
3 14 -8.200 22.700 -10.000 -9.600 21.200 -10.000 -10.200 20.700 -10.000
3 14 -8.200 22.700 -10.000 -8.200 20.300 -10.000 -9.300 19.800 -10.000
3 14 -9.300 19.800 -10.000 -9.600 21.200 -10.000 -8.200 22.700 -10.000
3 14 -8.200 20.300 -10.000 -8.400 19.500 -10.000 -8.900 19.400 -10.000
3 14 -8.900 19.400 -10.000 -9.300 19.800 -10.000 -8.200 20.300 -10.000
3 14 -8.200 22.700 -10.000 -11.600 21.800 -10.000 -12.100 23.100 -10.000
3 14 -12.100 23.100 -10.000 -9.900 24.500 -10.000 -8.200 22.700 -10.000
3 14 -11.600 21.800 -10.000 -12.600 21.600 -10.000 -13.100 22.100 -10.000
3 14 -13.100 22.100 -10.000 -12.100 23.100 -10.000 -11.600 21.800 -10.000
3 14 -12.600 21.600 -10.000 -13.100 21.800 -10.000 -13.100 22.100 -10.000
3 14 -9.900 24.500 -10.000 -6.500 24.800 -10.000 -6.800 22.800 -10.000
3 14 -6.800 22.800 -10.000 -8.200 22.700 -10.000 -9.900 24.500 -10.000
3 14 -8.200 22.700 -10.000 -6.800 22.800 -10.000 -6.900 21.900 -10.000
3 14 -6.900 21.900 -10.000 -7.500 22.000 -10.000 -8.200 22.700 -10.000
3 14 -6.500 24.800 -10.000 -9.900 24.500 -10.000 -10.400 25.800 -10.000
3 14 -10.400 25.800 -10.000 -7.800 25.700 -10.000 -6.500 24.800 -10.000
3 14 -9.900 24.500 -10.000 -10.900 25.000 -10.000 -11.100 25.600 -10.000
3 14 -11.100 25.600 -10.000 -10.400 25.800 -10.000 -9.900 24.500 -10.000
3 14 -6.500 24.800 -10.000 -7.800 25.700 -10.000 -6.700 26.400 -10.000
3 14 -6.700 26.400 -10.000 -6.000 26.200 -10.000 -6.500 24.800 -10.000
3 14 -7.800 25.700 -10.000 -8.200 26.300 -10.000 -7.800 27.000 -10.000
3 14 -7.800 27.000 -10.000 -6.700 26.400 -10.000 -7.800 25.700 -10.000
3 14 -8.200 26.300 -10.000 -8.300 26.800 -10.000 -7.800 27.000 -10.000
3 14 -6.000 26.200 -10.000 -4.900 25.700 -10.000 -5.200 25.000 -10.000
3 14 -5.200 25.000 -10.000 -6.500 24.800 -10.000 -6.000 26.200 -10.000
3 14 -6.500 24.800 -10.000 -5.200 25.000 -10.000 -5.400 24.100 -10.000
3 14 -5.400 24.100 -10.000 -5.900 24.100 -10.000 -6.500 24.800 -10.000
3 14 -6.000 26.200 -10.000 -5.500 26.400 -10.000 -4.200 26.000 -10.000
3 14 -4.200 26.000 -10.000 -4.900 25.700 -10.000 -6.000 26.200 -10.000
3 14 -5.500 26.400 -10.000 -5.400 27.100 -10.000 -4.900 27.300 -10.000
3 14 -4.900 27.300 -10.000 -4.200 26.000 -10.000 -5.500 26.400 -10.000
3 14 -4.900 27.300 -10.000 -3.300 26.700 -10.000 -3.300 26.000 -10.000
3 14 -3.300 26.000 -10.000 -4.200 26.000 -10.000 -4.900 27.300 -10.000
3 0 -12.300 18.600 -10.000 -15.200 17.900 -10.000 -14.700 21.300 -10.000
3 0 -14.700 21.300 -10.000 -12.600 19.700 -10.000 -12.300 18.600 -10.000
3 0 -14.700 21.300 -10.000 -13.100 21.800 -10.000 -12.300 20.700 -10.000
3 0 -12.300 20.700 -10.000 -12.600 19.700 -10.000 -14.700 21.300 -10.000
3 0 -12.300 20.700 -10.000 -13.100 21.800 -10.000 -12.600 21.600 -10.000
3 0 -12.300 20.700 -10.000 -12.600 21.600 -10.000 -11.600 21.800 -10.000
3 0 -13.100 21.800 -10.000 -14.700 21.300 -10.000 -13.800 23.700 -10.000
3 0 -13.800 23.700 -10.000 -13.100 22.100 -10.000 -13.100 21.800 -10.000
3 0 -13.100 22.100 -10.000 -13.800 23.700 -10.000 -11.100 25.600 -10.000
3 0 -11.100 25.600 -10.000 -12.100 23.100 -10.000 -13.100 22.100 -10.000
3 0 -12.100 23.100 -10.000 -11.100 25.600 -10.000 -10.900 25.000 -10.000
3 0 -12.100 23.100 -10.000 -10.900 25.000 -10.000 -9.900 24.500 -10.000
3 0 -13.800 23.700 -10.000 -12.200 26.900 -10.000 -10.600 29.300 -10.000
3 0 -10.600 29.300 -10.000 -11.100 25.600 -10.000 -13.800 23.700 -10.000
3 0 -11.100 25.600 -10.000 -10.600 29.300 -10.000 -8.300 26.800 -10.000
3 0 -8.300 26.800 -10.000 -10.400 25.800 -10.000 -11.100 25.600 -10.000
3 0 -10.400 25.800 -10.000 -8.300 26.800 -10.000 -8.200 26.300 -10.000
3 0 -7.800 25.700 -10.000 -10.400 25.800 -10.000 -8.200 26.300 -10.000
3 0 -8.300 26.800 -10.000 -10.600 29.300 -10.000 -8.900 31.100 -10.000
3 0 -8.900 31.100 -10.000 -7.800 27.000 -10.000 -8.300 26.800 -10.000
3 0 -8.900 31.100 -10.000 -7.000 32.000 -10.000 -5.400 27.100 -10.000
3 0 -5.400 27.100 -10.000 -7.800 27.000 -10.000 -8.900 31.100 -10.000
3 0 -7.800 27.000 -10.000 -5.400 27.100 -10.000 -5.500 26.400 -10.000
3 0 -5.500 26.400 -10.000 -6.700 26.400 -10.000 -7.800 27.000 -10.000
3 0 -6.000 26.200 -10.000 -6.700 26.400 -10.000 -5.500 26.400 -10.000
3 0 -5.400 27.100 -10.000 -7.000 32.000 -10.000 -4.900 27.300 -10.000
3 0 -4.900 27.300 -10.000 -7.000 32.000 -10.000 0.000 32.000 -10.000
3 0 0.000 32.000 -10.000 -3.300 26.700 -10.000 -4.900 27.300 -10.000
3 80 6.500 1.000 -10.000 8.100 4.500 -10.000 8.800 4.500 -10.000
3 80 8.800 4.500 -10.000 11.200 1.000 -10.000 6.500 1.000 -10.000
3 80 8.800 4.500 -10.000 9.500 4.500 -10.000 12.100 1.300 -10.000
3 80 12.100 1.300 -10.000 11.200 1.000 -10.000 8.800 4.500 -10.000
3 80 12.100 1.300 -10.000 9.500 4.500 -10.000 13.300 2.800 -10.000
3 80 13.300 2.800 -10.000 12.800 2.000 -10.000 12.100 1.300 -10.000
3 80 13.300 2.800 -10.000 9.500 4.500 -10.000 9.500 5.200 -10.000
3 80 9.500 5.200 -10.000 9.500 5.900 -10.000 10.500 8.700 -10.000
3 80 10.500 8.700 -10.000 13.300 2.800 -10.000 9.500 5.200 -10.000
3 80 10.500 8.700 -10.000 13.100 11.800 -10.000 15.300 14.000 -10.000
3 80 15.300 14.000 -10.000 13.300 2.800 -10.000 10.500 8.700 -10.000
3 80 13.100 11.800 -10.000 13.100 12.500 -10.000 15.300 14.000 -10.000
3 80 13.100 12.500 -10.000 13.100 13.200 -10.000 15.300 14.000 -10.000
3 80 15.300 14.000 -10.000 13.100 13.200 -10.000 12.400 13.200 -10.000
3 80 12.400 13.200 -10.000 12.700 14.200 -10.000 15.300 14.000 -10.000
3 80 12.400 13.200 -10.000 11.700 13.200 -10.000 10.600 13.600 -10.000
3 80 10.600 13.600 -10.000 12.700 14.200 -10.000 12.400 13.200 -10.000
3 80 10.600 13.600 -10.000 11.700 13.200 -10.000 9.100 10.100 -10.000
3 80 9.100 10.100 -10.000 9.100 12.000 -10.000 10.600 13.600 -10.000
3 80 9.100 10.100 -10.000 11.700 13.200 -10.000 11.700 12.500 -10.000
3 80 11.700 12.500 -10.000 9.800 10.100 -10.000 9.100 10.100 -10.000
3 80 9.800 10.100 -10.000 11.700 12.500 -10.000 11.700 11.800 -10.000
3 80 11.700 11.800 -10.000 10.500 10.100 -10.000 9.800 10.100 -10.000
3 80 10.500 10.100 -10.000 11.700 11.800 -10.000 12.400 11.800 -10.000
3 80 12.400 11.800 -10.000 10.500 9.400 -10.000 10.500 10.100 -10.000
3 80 10.500 9.400 -10.000 12.400 11.800 -10.000 13.100 11.800 -10.000
3 80 13.100 11.800 -10.000 10.500 8.700 -10.000 10.500 9.400 -10.000
3 80 7.800 8.900 -10.000 9.100 12.000 -10.000 9.100 10.100 -10.000
3 80 7.800 8.900 -10.000 9.100 10.100 -10.000 9.100 9.400 -10.000
3 80 9.100 9.400 -10.000 9.100 8.700 -10.000 8.100 5.900 -10.000
3 80 8.100 5.900 -10.000 7.800 8.900 -10.000 9.100 9.400 -10.000
3 80 8.100 5.900 -10.000 9.100 8.700 -10.000 9.800 8.700 -10.000
3 80 9.800 8.700 -10.000 8.800 5.900 -10.000 8.100 5.900 -10.000
3 80 8.800 5.900 -10.000 9.800 8.700 -10.000 10.500 8.700 -10.000
3 80 10.500 8.700 -10.000 9.500 5.900 -10.000 8.800 5.900 -10.000
3 80 7.800 8.900 -10.000 8.100 5.900 -10.000 8.100 5.200 -10.000
3 80 8.100 5.200 -10.000 7.000 5.400 -10.000 7.800 8.900 -10.000
3 80 8.100 5.200 -10.000 8.100 4.500 -10.000 6.500 1.000 -10.000
3 80 6.500 1.000 -10.000 7.000 5.400 -10.000 8.100 5.200 -10.000
3 14 6.500 1.000 -10.000 2.200 3.200 -10.000 4.200 2.500 -10.000
3 14 2.900 12.700 -10.000 2.300 12.800 -10.000 3.500 13.700 -10.000
3 14 3.500 13.700 -10.000 3.300 13.100 -10.000 2.900 12.700 -10.000
3 14 2.300 12.800 -10.000 1.800 13.500 -10.000 3.500 14.600 -10.000
3 14 3.500 14.600 -10.000 3.500 13.700 -10.000 2.300 12.800 -10.000
3 14 1.800 13.500 -10.000 1.500 14.400 -10.000 3.200 15.700 -10.000
3 14 3.200 15.700 -10.000 3.500 14.600 -10.000 1.800 13.500 -10.000
3 14 1.500 14.400 -10.000 1.500 15.500 -10.000 2.600 16.200 -10.000
3 14 2.600 16.200 -10.000 3.200 15.700 -10.000 1.500 14.400 -10.000
3 14 1.500 15.500 -10.000 1.800 16.100 -10.000 2.600 16.200 -10.000
3 14 4.200 5.600 -10.000 3.700 6.000 -10.000 4.300 6.800 -10.000
3 14 4.300 6.800 -10.000 4.500 5.900 -10.000 4.200 5.600 -10.000
3 14 4.300 6.800 -10.000 3.700 6.000 -10.000 0.600 12.300 -10.000
3 14 0.600 12.300 -10.000 3.200 9.500 -10.000 4.300 6.800 -10.000
3 14 3.200 9.500 -10.000 0.600 12.300 -10.000 1.200 12.900 -10.000
3 14 1.200 12.900 -10.000 2.100 11.600 -10.000 3.200 9.500 -10.000
3 14 1.200 12.900 -10.000 0.600 12.300 -10.000 0.600 13.800 -10.000
3 14 0.600 13.800 -10.000 0.900 13.900 -10.000 1.200 12.900 -10.000
3 14 3.200 9.500 -10.000 2.100 11.600 -10.000 2.800 11.500 -10.000
3 14 2.800 11.500 -10.000 3.400 10.000 -10.000 3.200 9.500 -10.000
3 14 3.400 10.000 -10.000 2.800 11.500 -10.000 4.600 10.500 -10.000
3 14 4.600 10.500 -10.000 3.800 10.000 -10.000 3.400 10.000 -10.000
3 14 4.600 10.500 -10.000 5.900 8.400 -10.000 5.300 7.700 -10.000
3 14 5.300 7.700 -10.000 3.800 10.000 -10.000 4.600 10.500 -10.000
3 14 5.900 8.400 -10.000 6.100 7.600 -10.000 5.900 7.400 -10.000
3 14 5.900 7.400 -10.000 5.300 7.700 -10.000 5.900 8.400 -10.000
3 14 4.600 10.500 -10.000 2.800 11.500 -10.000 3.600 12.000 -10.000
3 14 3.600 12.000 -10.000 4.600 11.000 -10.000 4.600 10.500 -10.000
3 14 4.600 11.000 -10.000 3.600 12.000 -10.000 4.200 12.900 -10.000
3 14 4.200 12.900 -10.000 5.200 11.200 -10.000 4.600 11.000 -10.000
3 14 4.200 12.900 -10.000 5.300 12.400 -10.000 6.200 10.500 -10.000
3 14 6.200 10.500 -10.000 5.200 11.200 -10.000 4.200 12.900 -10.000
3 14 5.300 12.400 -10.000 6.800 11.100 -10.000 7.000 10.600 -10.000
3 14 7.000 10.600 -10.000 6.200 10.500 -10.000 5.300 12.400 -10.000
3 14 6.800 10.300 -10.000 6.200 10.500 -10.000 7.000 10.600 -10.000
3 14 5.300 12.400 -10.000 4.200 12.900 -10.000 4.500 14.400 -10.000
3 14 4.500 14.400 -10.000 5.200 13.200 -10.000 5.300 12.400 -10.000
3 14 5.200 13.200 -10.000 4.500 14.400 -10.000 5.900 14.800 -10.000
3 14 5.900 14.800 -10.000 6.300 13.800 -10.000 5.200 13.200 -10.000
3 14 6.300 13.800 -10.000 5.900 14.800 -10.000 6.700 14.700 -10.000
3 14 6.700 14.700 -10.000 6.800 14.300 -10.000 6.300 13.800 -10.000
3 14 2.000 21.900 -10.000 1.400 22.000 -10.000 2.500 22.900 -10.000
3 14 2.500 22.900 -10.000 2.400 22.200 -10.000 2.000 21.900 -10.000
3 14 1.400 22.000 -10.000 0.900 22.700 -10.000 2.000 23.400 -10.000
3 14 2.000 23.400 -10.000 2.500 22.900 -10.000 1.400 22.000 -10.000
3 14 0.900 22.700 -10.000 1.100 23.200 -10.000 1.400 23.500 -10.000
3 14 1.400 23.500 -10.000 2.000 23.400 -10.000 0.900 22.700 -10.000
3 0 0.500 10.200 -10.000 0.000 10.400 -10.000 0.600 13.800 -10.000
3 0 0.600 13.800 -10.000 0.600 12.300 -10.000 0.500 10.200 -10.000
3 0 1.200 9.500 -10.000 0.500 10.200 -10.000 0.600 12.300 -10.000
3 0 0.600 12.300 -10.000 3.700 6.000 -10.000 3.200 5.100 -10.000
3 0 3.200 5.100 -10.000 1.200 9.500 -10.000 0.600 12.300 -10.000
3 0 3.700 6.000 -10.000 4.200 5.600 -10.000 4.200 3.900 -10.000
3 0 4.200 3.900 -10.000 3.200 5.100 -10.000 3.700 6.000 -10.000
3 0 4.200 3.900 -10.000 4.200 5.600 -10.000 5.300 4.000 -10.000
3 0 5.300 4.000 -10.000 4.800 3.600 -10.000 4.200 3.900 -10.000
3 0 4.200 5.600 -10.000 4.500 5.900 -10.000 5.300 5.700 -10.000
3 0 5.300 5.700 -10.000 5.300 4.000 -10.000 4.200 5.600 -10.000
3 0 5.300 5.700 -10.000 4.500 5.900 -10.000 4.300 6.800 -10.000
3 0 4.300 6.800 -10.000 5.900 7.400 -10.000 5.300 5.700 -10.000
3 0 4.300 6.800 -10.000 5.300 7.700 -10.000 5.900 7.400 -10.000
3 0 4.300 6.800 -10.000 3.200 9.500 -10.000 3.800 10.000 -10.000
3 0 3.800 10.000 -10.000 5.300 7.700 -10.000 4.300 6.800 -10.000
3 0 3.200 9.500 -10.000 3.400 10.000 -10.000 3.800 10.000 -10.000
3 0 5.300 5.700 -10.000 5.900 7.400 -10.000 6.300 5.800 -10.000
3 0 6.300 5.800 -10.000 6.000 5.700 -10.000 5.300 5.700 -10.000
3 0 5.900 7.400 -10.000 6.100 7.600 -10.000 6.900 6.800 -10.000
3 0 6.900 6.800 -10.000 6.300 5.800 -10.000 5.900 7.400 -10.000
3 0 6.900 6.800 -10.000 6.100 7.600 -10.000 5.900 8.400 -10.000
3 0 5.900 8.400 -10.000 6.700 7.900 -10.000 6.900 6.800 -10.000
3 0 6.700 7.900 -10.000 5.900 8.400 -10.000 6.400 8.800 -10.000
3 0 6.400 8.800 -10.000 5.900 8.400 -10.000 6.200 10.500 -10.000
3 0 6.200 10.500 -10.000 6.800 10.300 -10.000 6.400 8.800 -10.000
3 0 5.900 8.400 -10.000 4.600 10.500 -10.000 5.200 11.200 -10.000
3 0 5.200 11.200 -10.000 6.200 10.500 -10.000 5.900 8.400 -10.000
3 0 4.600 10.500 -10.000 4.600 11.000 -10.000 5.200 11.200 -10.000
3 0 6.400 8.800 -10.000 6.800 10.300 -10.000 7.000 10.600 -10.000
3 0 7.000 10.600 -10.000 7.300 9.500 -10.000 6.400 8.800 -10.000
3 0 7.000 10.600 -10.000 7.900 11.000 -10.000 7.800 8.900 -10.000
3 0 7.800 8.900 -10.000 7.300 9.500 -10.000 7.000 10.600 -10.000
3 0 7.000 10.600 -10.000 6.800 11.100 -10.000 7.600 11.700 -10.000
3 0 7.600 11.700 -10.000 7.900 11.000 -10.000 7.000 10.600 -10.000
3 0 7.600 11.700 -10.000 6.800 11.100 -10.000 5.300 12.400 -10.000
3 0 5.300 12.400 -10.000 6.600 12.400 -10.000 7.600 11.700 -10.000
3 0 6.600 12.400 -10.000 5.300 12.400 -10.000 5.200 13.200 -10.000
3 0 5.200 13.200 -10.000 6.600 12.900 -10.000 6.600 12.400 -10.000
3 0 5.200 13.200 -10.000 6.300 13.800 -10.000 7.400 13.600 -10.000
3 0 7.400 13.600 -10.000 6.600 12.900 -10.000 5.200 13.200 -10.000
3 0 6.300 13.800 -10.000 6.800 14.300 -10.000 7.700 14.300 -10.000
3 0 7.700 14.300 -10.000 7.400 13.600 -10.000 6.300 13.800 -10.000
3 0 6.800 14.300 -10.000 6.700 14.700 -10.000 7.500 15.200 -10.000
3 0 7.500 15.200 -10.000 7.700 14.300 -10.000 6.800 14.300 -10.000
3 0 7.500 15.200 -10.000 6.700 14.700 -10.000 5.900 14.800 -10.000
3 0 5.900 14.800 -10.000 6.800 15.800 -10.000 7.500 15.200 -10.000
3 0 6.800 15.800 -10.000 5.900 14.800 -10.000 4.500 14.400 -10.000
3 0 4.500 14.400 -10.000 5.700 15.800 -10.000 6.800 15.800 -10.000
3 0 5.700 15.800 -10.000 4.500 14.400 -10.000 3.500 14.600 -10.000
3 0 3.500 14.600 -10.000 4.600 15.700 -10.000 5.700 15.800 -10.000
3 0 3.500 14.600 -10.000 3.200 15.700 -10.000 4.900 16.900 -10.000
3 0 4.900 16.900 -10.000 4.600 15.700 -10.000 3.500 14.600 -10.000
3 0 3.200 15.700 -10.000 2.600 16.200 -10.000 4.600 18.500 -10.000
3 0 4.600 18.500 -10.000 4.900 16.900 -10.000 3.200 15.700 -10.000
3 0 4.600 18.500 -10.000 2.600 16.200 -10.000 1.800 16.100 -10.000
3 0 1.800 16.100 -10.000 3.700 19.500 -10.000 4.600 18.500 -10.000
3 0 3.700 19.500 -10.000 1.800 16.100 -10.000 1.900 20.600 -10.000
3 0 1.900 20.600 -10.000 3.100 20.600 -10.000 3.700 19.500 -10.000
3 0 1.800 16.100 -10.000 1.500 15.500 -10.000 0.600 13.800 -10.000
3 0 0.600 13.800 -10.000 1.900 20.600 -10.000 1.800 16.100 -10.000
3 0 0.600 13.800 -10.000 1.500 15.500 -10.000 1.500 14.400 -10.000
3 0 1.500 14.400 -10.000 0.900 13.900 -10.000 0.600 13.800 -10.000
3 0 0.900 13.900 -10.000 1.500 14.400 -10.000 1.800 13.500 -10.000
3 0 1.800 13.500 -10.000 1.200 12.900 -10.000 0.900 13.900 -10.000
3 0 1.200 12.900 -10.000 1.800 13.500 -10.000 2.300 12.800 -10.000
3 0 2.300 12.800 -10.000 2.100 11.600 -10.000 1.200 12.900 -10.000
3 0 2.100 11.600 -10.000 2.300 12.800 -10.000 2.900 12.700 -10.000
3 0 2.900 12.700 -10.000 2.800 11.500 -10.000 2.100 11.600 -10.000
3 0 2.800 11.500 -10.000 2.900 12.700 -10.000 3.300 13.100 -10.000
3 0 3.300 13.100 -10.000 3.600 12.000 -10.000 2.800 11.500 -10.000
3 0 3.600 12.000 -10.000 3.300 13.100 -10.000 3.500 13.700 -10.000
3 0 3.500 13.700 -10.000 4.200 12.900 -10.000 3.600 12.000 -10.000
3 0 4.200 12.900 -10.000 3.500 13.700 -10.000 3.500 14.600 -10.000
3 0 3.500 14.600 -10.000 4.500 14.400 -10.000 4.200 12.900 -10.000
3 0 0.600 13.800 -10.000 1.100 20.900 -10.000 1.900 20.600 -10.000
3 0 1.100 20.900 -10.000 0.600 13.800 -10.000 0.000 10.400 -10.000
3 0 0.000 10.400 -10.000 0.500 21.400 -10.000 1.100 20.900 -10.000
3 0 0.000 10.400 -10.000 0.000 24.300 -10.000 0.500 21.400 -10.000
3 0 0.500 21.400 -10.000 0.000 24.300 -10.000 0.900 22.700 -10.000
3 0 0.900 22.700 -10.000 0.700 22.000 -10.000 0.500 21.400 -10.000
3 0 0.900 22.700 -10.000 1.400 22.000 -10.000 1.300 21.500 -10.000
3 0 1.300 21.500 -10.000 0.700 22.000 -10.000 0.900 22.700 -10.000
3 0 1.400 22.000 -10.000 2.000 21.900 -10.000 2.200 21.300 -10.000
3 0 2.200 21.300 -10.000 1.300 21.500 -10.000 1.400 22.000 -10.000
3 0 2.200 21.300 -10.000 2.000 21.900 -10.000 2.400 22.200 -10.000
3 0 2.400 22.200 -10.000 2.900 21.400 -10.000 2.200 21.300 -10.000
3 0 2.900 21.400 -10.000 2.400 22.200 -10.000 2.500 22.900 -10.000
3 0 2.500 22.900 -10.000 3.300 21.900 -10.000 2.900 21.400 -10.000
3 0 3.300 21.900 -10.000 2.500 22.900 -10.000 3.100 23.700 -10.000
3 0 3.100 23.700 -10.000 3.400 22.800 -10.000 3.300 21.900 -10.000
3 0 2.500 22.900 -10.000 2.000 23.400 -10.000 2.200 25.500 -10.000
3 0 2.200 25.500 -10.000 3.100 23.700 -10.000 2.500 22.900 -10.000
3 0 2.200 25.500 -10.000 2.000 23.400 -10.000 1.400 23.500 -10.000
3 0 1.400 23.500 -10.000 1.200 24.400 -10.000 2.200 25.500 -10.000
3 0 1.200 24.400 -10.000 1.400 23.500 -10.000 1.100 23.200 -10.000
3 0 1.100 23.200 -10.000 0.000 24.300 -10.000 1.200 24.400 -10.000
3 0 0.900 22.700 -10.000 0.000 24.300 -10.000 1.100 23.200 -10.000
3 0 2.200 25.500 -10.000 1.200 24.400 -10.000 1.200 26.000 -10.000
3 0 1.200 26.000 -10.000 1.600 26.100 -10.000 2.200 25.500 -10.000
3 14 10.800 16.800 -10.000 10.300 17.000 -10.000 10.600 18.300 -10.000
3 14 10.600 18.300 -10.000 11.600 17.400 -10.000 10.800 16.800 -10.000
3 14 11.600 17.400 -10.000 10.600 18.300 -10.000 10.700 19.600 -10.000
3 14 10.700 19.600 -10.000 12.300 18.600 -10.000 11.600 17.400 -10.000
3 14 12.300 18.600 -10.000 10.700 19.600 -10.000 12.300 20.700 -10.000
3 14 12.300 20.700 -10.000 12.600 19.700 -10.000 12.300 18.600 -10.000
3 14 10.700 19.600 -10.000 10.200 20.700 -10.000 11.600 21.800 -10.000
3 14 11.600 21.800 -10.000 12.300 20.700 -10.000 10.700 19.600 -10.000
3 14 10.200 20.700 -10.000 9.600 21.200 -10.000 8.200 22.700 -10.000
3 14 8.200 22.700 -10.000 11.600 21.800 -10.000 10.200 20.700 -10.000
3 14 8.200 22.700 -10.000 9.600 21.200 -10.000 9.300 19.800 -10.000
3 14 9.300 19.800 -10.000 8.200 20.300 -10.000 8.200 22.700 -10.000
3 14 8.200 20.300 -10.000 9.300 19.800 -10.000 8.900 19.400 -10.000
3 14 8.900 19.400 -10.000 8.400 19.500 -10.000 8.200 20.300 -10.000
3 14 8.200 22.700 -10.000 9.900 24.500 -10.000 12.100 23.100 -10.000
3 14 12.100 23.100 -10.000 11.600 21.800 -10.000 8.200 22.700 -10.000
3 14 11.600 21.800 -10.000 12.100 23.100 -10.000 13.100 22.100 -10.000
3 14 13.100 22.100 -10.000 12.600 21.600 -10.000 11.600 21.800 -10.000
3 14 12.600 21.600 -10.000 13.100 22.100 -10.000 13.100 21.800 -10.000
3 14 9.900 24.500 -10.000 8.200 22.700 -10.000 6.800 22.800 -10.000
3 14 6.800 22.800 -10.000 6.500 24.800 -10.000 9.900 24.500 -10.000
3 14 8.200 22.700 -10.000 7.500 22.000 -10.000 6.900 21.900 -10.000
3 14 6.900 21.900 -10.000 6.800 22.800 -10.000 8.200 22.700 -10.000
3 14 6.500 24.800 -10.000 7.800 25.700 -10.000 10.400 25.800 -10.000
3 14 10.400 25.800 -10.000 9.900 24.500 -10.000 6.500 24.800 -10.000
3 14 9.900 24.500 -10.000 10.400 25.800 -10.000 11.100 25.600 -10.000
3 14 11.100 25.600 -10.000 10.900 25.000 -10.000 9.900 24.500 -10.000
3 14 6.500 24.800 -10.000 6.000 26.200 -10.000 6.700 26.400 -10.000
3 14 6.700 26.400 -10.000 7.800 25.700 -10.000 6.500 24.800 -10.000
3 14 7.800 25.700 -10.000 6.700 26.400 -10.000 7.800 27.000 -10.000
3 14 7.800 27.000 -10.000 8.200 26.300 -10.000 7.800 25.700 -10.000
3 14 8.200 26.300 -10.000 7.800 27.000 -10.000 8.300 26.800 -10.000
3 14 6.000 26.200 -10.000 6.500 24.800 -10.000 5.200 25.000 -10.000
3 14 5.200 25.000 -10.000 4.900 25.700 -10.000 6.000 26.200 -10.000
3 14 6.500 24.800 -10.000 5.900 24.100 -10.000 5.400 24.100 -10.000
3 14 5.400 24.100 -10.000 5.200 25.000 -10.000 6.500 24.800 -10.000
3 14 6.000 26.200 -10.000 4.900 25.700 -10.000 4.200 26.000 -10.000
3 14 4.200 26.000 -10.000 5.500 26.400 -10.000 6.000 26.200 -10.000
3 14 5.500 26.400 -10.000 4.200 26.000 -10.000 4.900 27.300 -10.000
3 14 4.900 27.300 -10.000 5.400 27.100 -10.000 5.500 26.400 -10.000
3 14 4.900 27.300 -10.000 4.200 26.000 -10.000 3.300 26.000 -10.000
3 14 3.300 26.000 -10.000 3.300 26.700 -10.000 4.900 27.300 -10.000
3 0 18.000 32.000 -10.000 18.000 29.000 -10.000 8.900 31.100 -10.000
3 0 8.900 31.100 -10.000 7.000 32.000 -10.000 18.000 32.000 -10.000
3 0 18.000 29.000 -10.000 10.600 29.300 -10.000 8.900 31.100 -10.000
3 0 12.200 26.900 -10.000 10.600 29.300 -10.000 18.000 29.000 -10.000
3 0 13.800 23.700 -10.000 12.200 26.900 -10.000 18.000 29.000 -10.000
3 0 14.700 21.300 -10.000 13.800 23.700 -10.000 18.000 29.000 -10.000
3 0 15.200 17.900 -10.000 14.700 21.300 -10.000 18.000 29.000 -10.000
3 0 18.000 29.000 -10.000 15.300 14.000 -10.000 14.700 14.800 -10.000
3 0 14.700 14.800 -10.000 15.200 17.900 -10.000 18.000 29.000 -10.000
3 0 15.300 14.000 -10.000 12.700 14.200 -10.000 12.300 14.900 -10.000
3 0 12.300 14.900 -10.000 14.700 14.800 -10.000 15.300 14.000 -10.000
3 0 12.700 14.200 -10.000 10.600 13.600 -10.000 10.100 14.100 -10.000
3 0 10.100 14.100 -10.000 12.300 14.900 -10.000 12.700 14.200 -10.000
3 0 10.600 13.600 -10.000 9.100 12.000 -10.000 8.500 12.300 -10.000
3 0 8.500 12.300 -10.000 10.100 14.100 -10.000 10.600 13.600 -10.000
3 0 8.500 12.300 -10.000 9.100 12.000 -10.000 7.800 8.900 -10.000
3 0 7.800 8.900 -10.000 7.900 11.000 -10.000 8.500 12.300 -10.000
3 0 7.300 9.500 -10.000 7.800 8.900 -10.000 6.900 6.800 -10.000
3 0 6.900 6.800 -10.000 6.700 7.900 -10.000 7.300 9.500 -10.000
3 0 7.000 5.400 -10.000 6.900 6.800 -10.000 7.800 8.900 -10.000
3 0 6.900 6.800 -10.000 7.000 5.400 -10.000 6.100 2.100 -10.000
3 0 6.100 2.100 -10.000 6.300 5.800 -10.000 6.900 6.800 -10.000
3 0 6.500 1.000 -10.000 6.100 2.100 -10.000 7.000 5.400 -10.000
3 0 6.500 1.000 -10.000 4.200 2.500 -10.000 4.300 3.200 -10.000
3 0 4.300 3.200 -10.000 6.100 2.100 -10.000 6.500 1.000 -10.000
3 0 4.200 2.500 -10.000 2.200 3.200 -10.000 2.200 3.900 -10.000
3 0 2.200 3.900 -10.000 4.300 3.200 -10.000 4.200 2.500 -10.000
3 0 2.200 3.200 -10.000 0.000 3.500 -10.000 0.000 4.200 -10.000
3 0 0.000 4.200 -10.000 2.200 3.900 -10.000 2.200 3.200 -10.000
3 0 0.000 3.500 -10.000 -2.200 3.200 -10.000 -3.200 5.100 -10.000
3 0 -3.200 5.100 -10.000 0.000 4.200 -10.000 0.000 3.500 -10.000
3 0 -3.200 5.100 -10.000 -1.200 9.500 -10.000 -0.500 10.200 -10.000
3 0 -0.500 10.200 -10.000 0.000 4.200 -10.000 -3.200 5.100 -10.000
3 0 0.000 4.200 -10.000 -0.500 10.200 -10.000 0.000 10.400 -10.000
3 0 -3.200 5.100 -10.000 -2.200 3.200 -10.000 -4.200 2.500 -10.000
3 0 -4.200 2.500 -10.000 -4.200 3.900 -10.000 -3.200 5.100 -10.000
3 0 -4.200 3.900 -10.000 -4.200 2.500 -10.000 -6.500 1.000 -10.000
3 0 -6.500 1.000 -10.000 -4.800 3.600 -10.000 -4.200 3.900 -10.000
3 0 -6.500 1.000 -10.000 -5.300 4.000 -10.000 -4.800 3.600 -10.000
3 0 -6.500 1.000 -10.000 -7.000 5.400 -10.000 -6.000 5.700 -10.000
3 0 -6.000 5.700 -10.000 -5.300 4.000 -10.000 -6.500 1.000 -10.000
3 0 -5.300 4.000 -10.000 -6.000 5.700 -10.000 -5.300 5.700 -10.000
3 0 -7.000 5.400 -10.000 -6.600 6.000 -10.000 -6.000 5.700 -10.000
3 0 -6.600 6.000 -10.000 -7.000 5.400 -10.000 -7.800 8.900 -10.000
3 0 -7.800 8.900 -10.000 -6.900 6.800 -10.000 -6.600 6.000 -10.000
3 0 -6.900 6.800 -10.000 -7.800 8.900 -10.000 -6.700 7.900 -10.000
3 0 -6.700 7.900 -10.000 -7.800 8.900 -10.000 -7.400 9.500 -10.000
3 0 -7.400 9.500 -10.000 -6.400 8.800 -10.000 -6.700 7.900 -10.000
3 0 -7.400 9.500 -10.000 -7.800 8.900 -10.000 -9.100 12.000 -10.000
3 0 -9.100 12.000 -10.000 -7.800 10.200 -10.000 -7.400 9.500 -10.000
3 0 -7.800 10.200 -10.000 -9.100 12.000 -10.000 -8.000 11.000 -10.000
3 0 -8.000 11.000 -10.000 -9.100 12.000 -10.000 -7.400 13.600 -10.000
3 0 -7.400 13.600 -10.000 -7.600 11.700 -10.000 -8.000 11.000 -10.000
3 0 -7.600 11.700 -10.000 -7.400 13.600 -10.000 -6.600 12.900 -10.000
3 0 -6.600 12.900 -10.000 -6.600 12.400 -10.000 -7.600 11.700 -10.000
3 0 -7.400 13.600 -10.000 -9.100 12.000 -10.000 -10.600 13.600 -10.000
3 0 -10.600 13.600 -10.000 -7.700 14.300 -10.000 -7.400 13.600 -10.000
3 0 -7.700 14.300 -10.000 -10.600 13.600 -10.000 -10.800 16.800 -10.000
3 0 -10.800 16.800 -10.000 -10.300 17.000 -10.000 -7.700 14.300 -10.000
3 0 -10.600 13.600 -10.000 -12.700 14.200 -10.000 -11.600 17.400 -10.000
3 0 -11.600 17.400 -10.000 -10.800 16.800 -10.000 -10.600 13.600 -10.000
3 0 -12.700 14.200 -10.000 -15.300 14.000 -10.000 -12.300 18.600 -10.000
3 0 -12.300 18.600 -10.000 -11.600 17.400 -10.000 -12.700 14.200 -10.000
3 0 -15.300 14.000 -10.000 -15.200 17.900 -10.000 -12.300 18.600 -10.000
3 0 -7.700 14.300 -10.000 -10.300 17.000 -10.000 -8.900 19.400 -10.000
3 0 -8.900 19.400 -10.000 -7.500 15.200 -10.000 -7.700 14.300 -10.000
3 0 -10.300 17.000 -10.000 -10.600 18.300 -10.000 -9.300 19.800 -10.000
3 0 -9.300 19.800 -10.000 -8.900 19.400 -10.000 -10.300 17.000 -10.000
3 0 -10.600 18.300 -10.000 -10.700 19.600 -10.000 -10.200 20.700 -10.000
3 0 -10.200 20.700 -10.000 -9.300 19.800 -10.000 -10.600 18.300 -10.000
3 0 -9.300 19.800 -10.000 -10.200 20.700 -10.000 -9.600 21.200 -10.000
3 0 -8.900 19.400 -10.000 -8.400 19.500 -10.000 -6.800 15.800 -10.000
3 0 -6.800 15.800 -10.000 -7.500 15.200 -10.000 -8.900 19.400 -10.000
3 0 -8.400 19.500 -10.000 -4.600 18.500 -10.000 -4.900 16.900 -10.000
3 0 -4.900 16.900 -10.000 -6.800 15.800 -10.000 -8.400 19.500 -10.000
3 0 -5.700 15.800 -10.000 -6.800 15.800 -10.000 -4.900 16.900 -10.000
3 0 -4.600 15.700 -10.000 -5.700 15.800 -10.000 -4.900 16.900 -10.000
3 0 -8.400 19.500 -10.000 -8.200 20.300 -10.000 -3.700 19.500 -10.000
3 0 -3.700 19.500 -10.000 -4.600 18.500 -10.000 -8.400 19.500 -10.000
3 0 -3.700 19.500 -10.000 -8.200 20.300 -10.000 -7.500 22.000 -10.000
3 0 -7.500 22.000 -10.000 -6.900 21.900 -10.000 -3.700 19.500 -10.000
3 0 -8.200 20.300 -10.000 -8.200 22.700 -10.000 -7.500 22.000 -10.000
3 0 -3.700 19.500 -10.000 -6.900 21.900 -10.000 -2.900 21.400 -10.000
3 0 -2.900 21.400 -10.000 -3.100 20.600 -10.000 -3.700 19.500 -10.000
3 0 -2.900 21.400 -10.000 -2.200 21.300 -10.000 -1.900 20.600 -10.000
3 0 -1.900 20.600 -10.000 -3.100 20.600 -10.000 -2.900 21.400 -10.000
3 0 -2.200 21.300 -10.000 -1.300 21.500 -10.000 -1.100 20.900 -10.000
3 0 -1.100 20.900 -10.000 -1.900 20.600 -10.000 -2.200 21.300 -10.000
3 0 -1.100 20.900 -10.000 -1.300 21.500 -10.000 -0.700 22.000 -10.000
3 0 -0.700 22.000 -10.000 -0.500 21.400 -10.000 -1.100 20.900 -10.000
3 0 -2.900 21.400 -10.000 -6.900 21.900 -10.000 -6.800 22.800 -10.000
3 0 -6.800 22.800 -10.000 -3.300 21.900 -10.000 -2.900 21.400 -10.000
3 0 -3.300 21.900 -10.000 -6.800 22.800 -10.000 -5.400 24.100 -10.000
3 0 -5.400 24.100 -10.000 -3.400 22.800 -10.000 -3.300 21.900 -10.000
3 0 -6.800 22.800 -10.000 -5.900 24.100 -10.000 -5.400 24.100 -10.000
3 0 -6.800 22.800 -10.000 -6.500 24.800 -10.000 -5.900 24.100 -10.000
3 0 -3.400 22.800 -10.000 -5.400 24.100 -10.000 -5.200 25.000 -10.000
3 0 -5.200 25.000 -10.000 -3.100 23.700 -10.000 -3.400 22.800 -10.000
3 0 -5.200 25.000 -10.000 -4.900 25.700 -10.000 -4.200 26.000 -10.000
3 0 -4.200 26.000 -10.000 -3.100 23.700 -10.000 -5.200 25.000 -10.000
3 0 -4.200 26.000 -10.000 -3.300 26.000 -10.000 -2.200 25.500 -10.000
3 0 -2.200 25.500 -10.000 -3.100 23.700 -10.000 -4.200 26.000 -10.000
3 0 -3.300 26.000 -10.000 -3.300 26.700 -10.000 -1.600 26.100 -10.000
3 0 -1.600 26.100 -10.000 -2.200 25.500 -10.000 -3.300 26.000 -10.000
3 0 -3.300 26.700 -10.000 0.000 32.000 -10.000 -1.200 26.000 -10.000
3 0 -1.200 26.000 -10.000 -1.600 26.100 -10.000 -3.300 26.700 -10.000
3 0 0.000 32.000 -10.000 0.000 24.300 -10.000 -1.200 24.400 -10.000
3 0 -1.200 24.400 -10.000 -1.200 26.000 -10.000 0.000 32.000 -10.000
1 16 0.0000 0.0000 0.0000 1.0000 0.0000 0.0000 0.0000 1.0000 0.0000 0.0000 0.0000 1.0000 s/973s01.dat
1 0 0.0000 -4.0000 0.0000 4.2430 0.0000 -4.2430 0.0000 -8.0000 0.0000 -4.2430 0.0000 -4.2430 1-4cyli.dat
1 0 -8.8000 5.2000 -10.0000 0.7000 0.0000 0.0000 0.0000 0.0000 -0.7000 0.0000 1.0000 0.0000 4-4disc.dat
1 0 -9.8000 9.4000 -10.0000 0.7000 0.0000 0.0000 0.0000 0.0000 -0.7000 0.0000 1.0000 0.0000 4-4disc.dat
1 0 -12.4000 12.5000 -10.0000 0.7000 0.0000 0.0000 0.0000 0.0000 -0.7000 0.0000 1.0000 0.0000 4-4disc.dat
1 80 -8.8000 5.2000 -10.0000 0.7000 0.0000 0.0000 0.0000 0.0000 -0.7000 0.0000 1.0000 0.0000 4-4ndis.dat
1 80 -9.8000 9.4000 -10.0000 0.7000 0.0000 0.0000 0.0000 0.0000 -0.7000 0.0000 1.0000 0.0000 4-4ndis.dat
1 80 -12.4000 12.5000 -10.0000 0.7000 0.0000 0.0000 0.0000 0.0000 -0.7000 0.0000 1.0000 0.0000 4-4ndis.dat
1 0 8.8000 5.2000 -10.0000 0.7000 0.0000 0.0000 0.0000 0.0000 -0.7000 0.0000 1.0000 0.0000 4-4disc.dat
1 0 9.8000 9.4000 -10.0000 0.7000 0.0000 0.0000 0.0000 0.0000 -0.7000 0.0000 1.0000 0.0000 4-4disc.dat
1 0 12.4000 12.5000 -10.0000 0.7000 0.0000 0.0000 0.0000 0.0000 -0.7000 0.0000 1.0000 0.0000 4-4disc.dat
1 80 8.8000 5.2000 -10.0000 0.7000 0.0000 0.0000 0.0000 0.0000 -0.7000 0.0000 1.0000 0.0000 4-4ndis.dat
1 80 9.8000 9.4000 -10.0000 0.7000 0.0000 0.0000 0.0000 0.0000 -0.7000 0.0000 1.0000 0.0000 4-4ndis.dat
1 80 12.4000 12.5000 -10.0000 0.7000 0.0000 0.0000 0.0000 0.0000 -0.7000 0.0000 1.0000 0.0000 4-4ndis.dat
