0 FILE 973pf7.dat
0 Torso Castle Dragon Knights Dragon Standing Pattern
0 Name:  973pf7.dat
0 Author:  
0 BL_Item_No 973pb0105
0 BFC CERTIFY CCW
3 16 19.000 32.000 10.000 -19.000 32.000 10.000 -19.000 29.000 10.000
3 16 -19.000 29.000 10.000 19.000 29.000 10.000 19.000 32.000 10.000
3 16 14.345 2.000 10.000 19.000 29.000 10.000 -19.000 29.000 10.000
3 16 -19.000 29.000 10.000 -14.345 2.000 10.000 14.345 2.000 10.000
3 16 -12.000 0.000 10.000 12.000 0.000 10.000 14.345 2.000 10.000
3 16 14.345 2.000 10.000 -14.345 2.000 10.000 -12.000 0.000 10.000
3 16 19.000 32.000 -10.000 19.000 29.000 -10.000 12.400 29.300 -10.000
3 16 12.400 29.300 -10.000 10.000 32.000 -10.000 19.000 32.000 -10.000
3 16 14.100 26.200 -10.000 12.400 29.300 -10.000 19.000 29.000 -10.000
3 16 15.100 22.900 -10.000 14.100 26.200 -10.000 19.000 29.000 -10.000
3 16 15.300 18.300 -10.000 15.100 22.900 -10.000 19.000 29.000 -10.000
3 16 15.000 12.000 -10.000 15.300 18.300 -10.000 19.000 29.000 -10.000
3 16 0.000 5.200 -10.000 -0.600 6.400 -10.000 0.000 7.800 -10.000
3 16 -0.600 6.400 -10.000 0.000 5.200 -10.000 -1.600 5.100 -10.000
3 16 -1.600 5.100 -10.000 -1.300 5.500 -10.000 -0.600 6.400 -10.000
3 16 -1.300 5.500 -10.000 -1.600 5.100 -10.000 -3.000 4.900 -10.000
3 16 -3.000 4.900 -10.000 -1.900 5.300 -10.000 -1.300 5.500 -10.000
3 16 -3.000 4.900 -10.000 -2.400 5.600 -10.000 -1.900 5.300 -10.000
3 16 -2.400 5.600 -10.000 -3.000 4.900 -10.000 -4.500 8.100 -10.000
3 16 -4.500 8.100 -10.000 -2.700 7.100 -10.000 -2.400 5.600 -10.000
3 16 -2.700 7.100 -10.000 -4.500 8.100 -10.000 -3.700 10.900 -10.000
3 16 -3.700 10.900 -10.000 -2.600 8.300 -10.000 -2.700 7.100 -10.000
3 16 -2.600 8.300 -10.000 -3.700 10.900 -10.000 -3.100 10.800 -10.000
3 16 -3.100 10.800 -10.000 -2.400 8.900 -10.000 -2.600 8.300 -10.000
3 16 -3.100 10.800 -10.000 -2.200 10.600 -10.000 -1.500 9.400 -10.000
3 16 -1.500 9.400 -10.000 -2.400 8.900 -10.000 -3.100 10.800 -10.000
3 16 -1.500 9.400 -10.000 -2.200 10.600 -10.000 -1.200 9.700 -10.000
3 16 -4.500 8.100 -10.000 -6.500 10.700 -10.000 -4.000 11.500 -10.000
3 16 -4.000 11.500 -10.000 -3.700 10.900 -10.000 -4.500 8.100 -10.000
3 16 -6.500 10.700 -10.000 -5.500 12.100 -10.000 -3.800 12.200 -10.000
3 16 -3.800 12.200 -10.000 -4.000 11.500 -10.000 -6.500 10.700 -10.000
3 16 -5.500 12.100 -10.000 -4.300 12.600 -10.000 -3.800 12.200 -10.000
3 16 -6.500 10.700 -10.000 -6.800 11.900 -10.000 -5.500 12.100 -10.000
3 16 -6.500 10.700 -10.000 -8.100 12.000 -10.000 -6.800 11.900 -10.000
3 16 -2.800 13.000 -10.000 -3.100 14.400 -10.000 -2.100 15.400 -10.000
3 16 -2.100 15.400 -10.000 -2.500 13.700 -10.000 -2.800 13.000 -10.000
3 16 -2.500 13.700 -10.000 -2.100 15.400 -10.000 -2.000 14.600 -10.000
3 16 -2.000 14.600 -10.000 -2.100 15.400 -10.000 -1.200 15.200 -10.000
3 16 -1.200 15.200 -10.000 -1.200 14.800 -10.000 -2.000 14.600 -10.000
3 16 -1.200 15.200 -10.000 -2.100 15.400 -10.000 -1.900 16.200 -10.000
3 16 -3.700 16.200 -10.000 -4.200 16.300 -10.000 -3.400 17.200 -10.000
3 16 -3.400 17.200 -10.000 -3.400 16.600 -10.000 -3.700 16.200 -10.000
3 16 -3.400 17.200 -10.000 -4.200 16.300 -10.000 -4.800 16.600 -10.000
3 16 -4.800 16.600 -10.000 -4.100 17.300 -10.000 -3.400 17.200 -10.000
3 16 -4.100 17.300 -10.000 -4.800 16.600 -10.000 -5.400 16.400 -10.000
3 16 -5.400 16.400 -10.000 -5.100 17.300 -10.000 -4.100 17.300 -10.000
3 16 -5.100 17.300 -10.000 -5.400 16.400 -10.000 -6.100 15.700 -10.000
3 16 -6.100 15.700 -10.000 -6.600 16.000 -10.000 -5.100 17.300 -10.000
3 16 -9.400 12.700 -10.000 -11.000 13.200 -10.000 -10.200 13.200 -10.000
3 16 -10.200 13.200 -10.000 -11.000 13.200 -10.000 -12.900 13.400 -10.000
3 16 -12.900 13.400 -10.000 -11.000 14.200 -10.000 -10.200 13.200 -10.000
3 16 -11.000 14.200 -10.000 -12.900 13.400 -10.000 -13.000 14.200 -10.000
3 16 -13.000 14.200 -10.000 -12.400 14.400 -10.000 -11.000 14.200 -10.000
3 16 -12.900 13.400 -10.000 -14.500 13.200 -10.000 -13.600 14.400 -10.000
3 16 -13.600 14.400 -10.000 -13.000 14.200 -10.000 -12.900 13.400 -10.000
3 16 -13.600 14.400 -10.000 -14.500 13.200 -10.000 -15.300 18.300 -10.000
3 16 -15.300 18.300 -10.000 -13.800 15.000 -10.000 -13.600 14.400 -10.000
3 16 -13.800 15.000 -10.000 -15.300 18.300 -10.000 -13.900 18.500 -10.000
3 16 -13.900 18.500 -10.000 -13.600 15.600 -10.000 -13.800 15.000 -10.000
3 16 -13.600 15.600 -10.000 -13.900 18.500 -10.000 -13.300 18.300 -10.000
3 16 -13.300 18.300 -10.000 -13.000 15.800 -10.000 -13.600 15.600 -10.000
3 16 -13.000 15.800 -10.000 -13.300 18.300 -10.000 -12.700 18.500 -10.000
3 16 -12.700 18.500 -10.000 -12.400 15.600 -10.000 -13.000 15.800 -10.000
3 16 -12.700 18.500 -10.000 -10.500 15.000 -10.000 -10.900 14.800 -10.000
3 16 -10.900 14.800 -10.000 -12.400 15.600 -10.000 -12.700 18.500 -10.000
3 16 -12.400 15.600 -10.000 -10.900 14.800 -10.000 -11.000 14.200 -10.000
3 16 -11.000 14.200 -10.000 -12.200 15.000 -10.000 -12.400 15.600 -10.000
3 16 -11.000 14.200 -10.000 -12.400 14.400 -10.000 -12.200 15.000 -10.000
3 16 -12.700 18.500 -10.000 -12.500 19.100 -10.000 -8.300 17.700 -10.000
3 16 -8.300 17.700 -10.000 -10.500 15.000 -10.000 -12.700 18.500 -10.000
3 16 -10.500 15.000 -10.000 -8.300 17.700 -10.000 -8.000 17.000 -10.000
3 16 -8.000 17.000 -10.000 -9.300 14.600 -10.000 -10.500 15.000 -10.000
3 16 -8.000 17.000 -10.000 -8.000 15.600 -10.000 -8.400 14.900 -10.000
3 16 -8.400 14.900 -10.000 -9.300 14.600 -10.000 -8.000 17.000 -10.000
3 16 -8.000 15.600 -10.000 -8.000 17.000 -10.000 -7.500 16.300 -10.000
3 16 -12.500 19.100 -10.000 -7.400 18.800 -10.000 -7.300 18.400 -10.000
3 16 -7.300 18.400 -10.000 -8.300 17.700 -10.000 -12.500 19.100 -10.000
3 16 -8.300 17.700 -10.000 -7.300 18.400 -10.000 -6.400 18.400 -10.000
3 16 -6.400 18.400 -10.000 -7.700 17.800 -10.000 -8.300 17.700 -10.000
3 16 -7.700 17.800 -10.000 -6.400 18.400 -10.000 -6.000 17.900 -10.000
3 16 -6.000 17.900 -10.000 -7.100 17.300 -10.000 -7.700 17.800 -10.000
3 16 -6.500 17.300 -10.000 -7.100 17.300 -10.000 -6.000 17.900 -10.000
3 16 -7.400 18.800 -10.000 -12.500 19.100 -10.000 -12.700 19.700 -10.000
3 16 -12.700 19.700 -10.000 -6.700 19.400 -10.000 -7.400 18.800 -10.000
3 16 -6.700 19.400 -10.000 -12.700 19.700 -10.000 -12.800 22.100 -10.000
3 16 -12.800 22.100 -10.000 -12.200 22.300 -10.000 -6.700 19.400 -10.000
3 16 -12.700 19.700 -10.000 -13.300 19.900 -10.000 -13.400 22.300 -10.000
3 16 -13.400 22.300 -10.000 -12.800 22.100 -10.000 -12.700 19.700 -10.000
3 16 -13.300 19.900 -10.000 -13.900 19.700 -10.000 -13.600 22.900 -10.000
3 16 -13.600 22.900 -10.000 -13.400 22.300 -10.000 -13.300 19.900 -10.000
3 16 -13.600 22.900 -10.000 -13.900 19.700 -10.000 -14.100 19.100 -10.000
3 16 -14.100 19.100 -10.000 -15.100 22.900 -10.000 -13.600 22.900 -10.000
3 16 -15.300 18.300 -10.000 -15.100 22.900 -10.000 -14.100 19.100 -10.000
3 16 -15.300 18.300 -10.000 -14.100 19.100 -10.000 -13.900 18.500 -10.000
3 16 -13.600 22.900 -10.000 -15.100 22.900 -10.000 -14.100 26.200 -10.000
3 16 -14.100 26.200 -10.000 -13.400 23.500 -10.000 -13.600 22.900 -10.000
3 16 -13.400 23.500 -10.000 -14.100 26.200 -10.000 -12.400 25.700 -10.000
3 16 -12.400 25.700 -10.000 -12.800 23.700 -10.000 -13.400 23.500 -10.000
3 16 -12.800 23.700 -10.000 -12.400 25.700 -10.000 -11.800 25.500 -10.000
3 16 -11.800 25.500 -10.000 -12.200 23.500 -10.000 -12.800 23.700 -10.000
3 16 -12.200 23.500 -10.000 -11.800 25.500 -10.000 -11.200 25.700 -10.000
3 16 -11.200 25.700 -10.000 -12.000 22.900 -10.000 -12.200 23.500 -10.000
3 16 -11.200 25.700 -10.000 -6.900 24.500 -10.000 -6.700 22.900 -10.000
3 16 -6.700 22.900 -10.000 -12.000 22.900 -10.000 -11.200 25.700 -10.000
3 16 -12.000 22.900 -10.000 -6.700 22.900 -10.000 -6.700 19.400 -10.000
3 16 -6.700 19.400 -10.000 -12.200 22.300 -10.000 -12.000 22.900 -10.000
3 16 -6.700 22.900 -10.000 -6.100 22.000 -10.000 -5.900 19.400 -10.000
3 16 -5.900 19.400 -10.000 -6.700 19.400 -10.000 -6.700 22.900 -10.000
3 16 -6.100 22.000 -10.000 -5.200 21.400 -10.000 -5.400 18.700 -10.000
3 16 -5.400 18.700 -10.000 -5.900 19.400 -10.000 -6.100 22.000 -10.000
3 16 -5.400 18.700 -10.000 -5.200 21.400 -10.000 -4.000 20.800 -10.000
3 16 -4.000 20.800 -10.000 -4.600 18.800 -10.000 -5.400 18.700 -10.000
3 16 -4.000 20.800 -10.000 -3.500 20.300 -10.000 -3.400 18.900 -10.000
3 16 -3.400 18.900 -10.000 -4.600 18.800 -10.000 -4.000 20.800 -10.000
3 16 -11.200 25.700 -10.000 -8.200 25.900 -10.000 -6.800 25.700 -10.000
3 16 -6.800 25.700 -10.000 -6.900 24.500 -10.000 -11.200 25.700 -10.000
3 16 -6.800 25.700 -10.000 -8.200 25.900 -10.000 -7.000 26.100 -10.000
3 16 -8.200 25.900 -10.000 -11.200 25.700 -10.000 -11.000 26.300 -10.000
3 16 -11.000 26.300 -10.000 -9.000 26.500 -10.000 -8.200 25.900 -10.000
3 16 -9.000 26.500 -10.000 -11.000 26.300 -10.000 -11.200 26.900 -10.000
3 16 -11.200 26.900 -10.000 -9.400 27.300 -10.000 -9.000 26.500 -10.000
3 16 -9.400 27.300 -10.000 -11.200 26.900 -10.000 -12.400 29.300 -10.000
3 16 -12.400 29.300 -10.000 -9.400 28.100 -10.000 -9.400 27.300 -10.000
3 16 -11.200 26.900 -10.000 -11.800 27.100 -10.000 -12.400 29.300 -10.000
3 16 -12.400 26.900 -10.000 -12.400 29.300 -10.000 -11.800 27.100 -10.000
3 16 -12.400 29.300 -10.000 -12.400 26.900 -10.000 -12.600 26.300 -10.000
3 16 -12.600 26.300 -10.000 -14.100 26.200 -10.000 -12.400 29.300 -10.000
3 16 -12.400 25.700 -10.000 -14.100 26.200 -10.000 -12.600 26.300 -10.000
3 16 -12.400 29.300 -10.000 -10.000 32.000 -10.000 -8.900 28.100 -10.000
3 16 -8.900 28.100 -10.000 -9.400 28.100 -10.000 -12.400 29.300 -10.000
3 16 -10.000 32.000 -10.000 -7.600 28.800 -10.000 -8.000 27.700 -10.000
3 16 -8.000 27.700 -10.000 -8.900 28.100 -10.000 -10.000 32.000 -10.000
3 16 -8.900 28.100 -10.000 -8.000 27.700 -10.000 -8.200 26.900 -10.000
3 16 -8.200 26.900 -10.000 -8.800 27.300 -10.000 -8.900 28.100 -10.000
3 16 -7.800 26.900 -10.000 -8.200 26.900 -10.000 -8.000 27.700 -10.000
3 16 -7.600 28.800 -10.000 -10.000 32.000 -10.000 -7.200 29.100 -10.000
3 16 -10.000 32.000 -10.000 0.000 32.000 -10.000 -6.800 28.900 -10.000
3 16 -6.800 28.900 -10.000 -7.200 29.100 -10.000 -10.000 32.000 -10.000
3 16 -6.800 28.900 -10.000 0.000 32.000 -10.000 -4.800 28.000 -10.000
3 16 -4.800 28.000 -10.000 -5.300 28.100 -10.000 -6.800 28.900 -10.000
3 16 -5.300 28.100 -10.000 -5.400 27.700 -10.000 -7.000 28.100 -10.000
3 16 -7.000 28.100 -10.000 -6.800 28.900 -10.000 -5.300 28.100 -10.000
3 16 -5.400 27.700 -10.000 -6.200 27.400 -10.000 -6.800 27.500 -10.000
3 16 -6.800 27.500 -10.000 -7.000 28.100 -10.000 -5.400 27.700 -10.000
3 16 -4.800 28.000 -10.000 0.000 32.000 -10.000 0.000 29.500 -10.000
3 16 0.000 29.500 -10.000 -0.600 29.200 -10.000 -4.800 28.000 -10.000
3 16 -0.600 29.200 -10.000 -1.200 28.500 -10.000 -4.800 27.300 -10.000
3 16 -4.800 27.300 -10.000 -4.800 28.000 -10.000 -0.600 29.200 -10.000
3 16 -1.200 28.500 -10.000 -1.500 27.500 -10.000 -5.400 26.700 -10.000
3 16 -5.400 26.700 -10.000 -4.800 27.300 -10.000 -1.200 28.500 -10.000
3 16 -1.500 27.500 -10.000 -1.300 26.500 -10.000 -5.400 26.200 -10.000
3 16 -5.400 26.200 -10.000 -5.400 26.700 -10.000 -1.500 27.500 -10.000
3 16 -5.400 26.200 -10.000 -1.300 26.500 -10.000 -0.900 25.800 -10.000
3 16 -0.900 25.800 -10.000 -4.900 25.600 -10.000 -5.400 26.200 -10.000
3 16 -4.900 25.600 -10.000 -0.900 25.800 -10.000 -0.900 24.700 -10.000
3 16 -0.900 24.700 -10.000 -5.100 25.000 -10.000 -4.900 25.600 -10.000
3 16 -5.100 25.000 -10.000 -0.900 24.700 -10.000 -4.000 23.800 -10.000
3 16 -4.000 23.800 -10.000 -4.700 24.300 -10.000 -5.100 25.000 -10.000
3 16 -4.000 23.800 -10.000 -0.900 24.700 -10.000 -1.500 23.600 -10.000
3 16 -1.500 23.600 -10.000 -2.800 23.500 -10.000 -4.000 23.800 -10.000
3 16 -2.000 23.300 -10.000 -2.800 23.500 -10.000 -1.500 23.600 -10.000
3 16 -18.000 32.000 -10.000 -18.000 29.000 -10.000 -19.000 29.000 -10.000
3 16 -19.000 29.000 -10.000 -19.000 32.000 -10.000 -18.000 32.000 -10.000
3 16 -18.000 29.000 -10.000 -15.000 12.000 -10.000 -14.345 2.000 -10.000
3 16 -14.345 2.000 -10.000 -19.000 29.000 -10.000 -18.000 29.000 -10.000
3 16 -14.345 2.000 -10.000 -15.000 12.000 -10.000 -13.500 3.000 -10.000
3 16 -13.000 2.000 -10.000 -14.345 2.000 -10.000 -13.500 3.000 -10.000
3 16 -13.000 2.000 -10.000 -12.400 1.400 -10.000 -12.000 0.000 -10.000
3 16 -12.000 0.000 -10.000 -14.345 2.000 -10.000 -13.000 2.000 -10.000
3 16 -12.000 0.000 -10.000 -12.400 1.400 -10.000 -11.500 1.000 -10.000
3 16 -12.000 0.000 -10.000 -11.500 1.000 -10.000 -7.500 1.000 -10.000
3 16 -7.500 1.000 -10.000 -6.600 1.000 -10.000 12.000 0.000 -10.000
3 16 12.000 0.000 -10.000 -12.000 0.000 -10.000 -7.500 1.000 -10.000
3 16 12.000 0.000 -10.000 -6.600 1.000 -10.000 6.600 1.000 -10.000
3 16 12.000 0.000 -10.000 6.600 1.000 -10.000 7.500 1.000 -10.000
3 16 12.000 0.000 -10.000 7.500 1.000 -10.000 11.500 1.000 -10.000
3 16 11.500 1.000 -10.000 12.400 1.400 -10.000 14.345 2.000 -10.000
3 16 14.345 2.000 -10.000 12.000 0.000 -10.000 11.500 1.000 -10.000
3 16 12.400 1.400 -10.000 13.000 2.000 -10.000 14.345 2.000 -10.000
3 16 14.345 2.000 -10.000 13.000 2.000 -10.000 13.500 3.000 -10.000
3 16 13.500 3.000 -10.000 15.000 12.000 -10.000 19.000 29.000 -10.000
3 16 19.000 29.000 -10.000 14.345 2.000 -10.000 13.500 3.000 -10.000
3 14 -6.600 1.000 -10.000 -5.000 2.700 -10.000 -3.300 4.000 -10.000
3 14 -3.300 4.000 -10.000 6.600 1.000 -10.000 -6.600 1.000 -10.000
3 14 -3.300 4.000 -10.000 -1.600 4.500 -10.000 0.000 4.600 -10.000
3 14 0.000 4.600 -10.000 6.600 1.000 -10.000 -3.300 4.000 -10.000
3 80 -6.500 5.100 -10.000 -6.500 5.900 -10.000 -5.700 5.900 -10.000
3 80 -5.700 5.900 -10.000 -5.700 5.100 -10.000 -6.500 5.100 -10.000
3 0 -6.500 5.100 -10.000 -5.700 5.100 -10.000 -5.500 4.900 -10.000
3 0 -5.500 4.900 -10.000 -6.100 4.700 -10.000 -6.500 5.100 -10.000
3 0 -5.500 4.900 -10.000 -5.700 5.100 -10.000 -5.700 5.900 -10.000
3 0 -5.700 5.900 -10.000 -5.300 5.500 -10.000 -5.500 4.900 -10.000
3 0 -5.300 5.500 -10.000 -5.700 5.900 -10.000 -5.500 6.100 -10.000
3 0 -5.500 6.100 -10.000 -5.700 5.900 -10.000 -6.500 5.900 -10.000
3 0 -6.500 5.900 -10.000 -6.100 6.300 -10.000 -5.500 6.100 -10.000
3 0 -6.500 5.900 -10.000 -6.700 6.100 -10.000 -6.100 6.300 -10.000
3 0 -6.700 6.100 -10.000 -6.500 5.900 -10.000 -6.500 5.100 -10.000
3 0 -6.500 5.100 -10.000 -6.900 5.500 -10.000 -6.700 6.100 -10.000
3 0 -6.700 4.900 -10.000 -6.900 5.500 -10.000 -6.500 5.100 -10.000
3 0 -6.100 4.700 -10.000 -6.700 4.900 -10.000 -6.500 5.100 -10.000
3 80 -9.100 8.400 -10.000 -9.100 9.200 -10.000 -8.300 9.200 -10.000
3 80 -8.300 9.200 -10.000 -8.300 8.400 -10.000 -9.100 8.400 -10.000
3 0 -9.100 8.400 -10.000 -8.300 8.400 -10.000 -8.100 8.200 -10.000
3 0 -8.100 8.200 -10.000 -8.700 8.000 -10.000 -9.100 8.400 -10.000
3 0 -8.100 8.200 -10.000 -8.300 8.400 -10.000 -8.300 9.200 -10.000
3 0 -8.300 9.200 -10.000 -7.900 8.800 -10.000 -8.100 8.200 -10.000
3 0 -7.900 8.800 -10.000 -8.300 9.200 -10.000 -8.100 9.400 -10.000
3 0 -8.100 9.400 -10.000 -8.300 9.200 -10.000 -9.100 9.200 -10.000
3 0 -9.100 9.200 -10.000 -8.700 9.600 -10.000 -8.100 9.400 -10.000
3 0 -9.100 9.200 -10.000 -9.300 9.400 -10.000 -8.700 9.600 -10.000
3 0 -9.300 9.400 -10.000 -9.100 9.200 -10.000 -9.100 8.400 -10.000
3 0 -9.100 8.400 -10.000 -9.500 8.800 -10.000 -9.300 9.400 -10.000
3 0 -9.300 8.200 -10.000 -9.500 8.800 -10.000 -9.100 8.400 -10.000
3 0 -8.700 8.000 -10.000 -9.300 8.200 -10.000 -9.100 8.400 -10.000
3 80 -12.700 10.100 -10.000 -12.700 10.900 -10.000 -11.900 10.900 -10.000
3 80 -11.900 10.900 -10.000 -11.900 10.100 -10.000 -12.700 10.100 -10.000
3 0 -12.700 10.100 -10.000 -11.900 10.100 -10.000 -11.700 9.900 -10.000
3 0 -11.700 9.900 -10.000 -12.300 9.700 -10.000 -12.700 10.100 -10.000
3 0 -11.700 9.900 -10.000 -11.900 10.100 -10.000 -11.900 10.900 -10.000
3 0 -11.900 10.900 -10.000 -11.500 10.500 -10.000 -11.700 9.900 -10.000
3 0 -11.500 10.500 -10.000 -11.900 10.900 -10.000 -11.700 11.100 -10.000
3 0 -11.700 11.100 -10.000 -11.900 10.900 -10.000 -12.700 10.900 -10.000
3 0 -12.700 10.900 -10.000 -12.300 11.300 -10.000 -11.700 11.100 -10.000
3 0 -12.700 10.900 -10.000 -12.900 11.100 -10.000 -12.300 11.300 -10.000
3 0 -12.900 11.100 -10.000 -12.700 10.900 -10.000 -12.700 10.100 -10.000
3 0 -12.700 10.100 -10.000 -13.100 10.500 -10.000 -12.900 11.100 -10.000
3 0 -12.900 9.900 -10.000 -13.100 10.500 -10.000 -12.700 10.100 -10.000
3 0 -12.300 9.700 -10.000 -12.900 9.900 -10.000 -12.700 10.100 -10.000
3 80 -7.500 1.000 -10.000 -11.500 1.000 -10.000 -6.900 5.500 -10.000
3 80 -6.900 5.500 -10.000 -6.700 4.900 -10.000 -7.500 1.000 -10.000
3 80 -11.500 1.000 -10.000 -12.400 1.400 -10.000 -13.000 2.000 -10.000
3 80 -13.000 2.000 -10.000 -6.900 5.500 -10.000 -11.500 1.000 -10.000
3 80 -13.000 2.000 -10.000 -13.500 3.000 -10.000 -8.700 8.000 -10.000
3 80 -8.700 8.000 -10.000 -6.900 5.500 -10.000 -13.000 2.000 -10.000
3 80 -13.500 3.000 -10.000 -9.300 8.200 -10.000 -8.700 8.000 -10.000
3 80 -9.300 8.200 -10.000 -13.500 3.000 -10.000 -12.300 9.700 -10.000
3 80 -12.300 9.700 -10.000 -9.500 8.800 -10.000 -9.300 8.200 -10.000
3 80 -13.500 3.000 -10.000 -12.900 9.900 -10.000 -12.300 9.700 -10.000
3 80 -13.500 3.000 -10.000 -15.000 12.000 -10.000 -13.100 10.500 -10.000
3 80 -13.100 10.500 -10.000 -12.900 9.900 -10.000 -13.500 3.000 -10.000
3 80 -13.100 10.500 -10.000 -15.000 12.000 -10.000 -13.400 12.500 -10.000
3 80 -13.400 12.500 -10.000 -12.900 11.100 -10.000 -13.100 10.500 -10.000
3 80 -12.900 11.100 -10.000 -13.400 12.500 -10.000 -11.800 12.600 -10.000
3 80 -11.800 12.600 -10.000 -12.300 11.300 -10.000 -12.900 11.100 -10.000
3 80 -12.300 11.300 -10.000 -11.800 12.600 -10.000 -9.600 12.000 -10.000
3 80 -9.600 12.000 -10.000 -11.700 11.100 -10.000 -12.300 11.300 -10.000
3 80 -9.600 12.000 -10.000 -8.700 9.600 -10.000 -11.500 10.500 -10.000
3 80 -11.500 10.500 -10.000 -11.700 11.100 -10.000 -9.600 12.000 -10.000
3 80 -8.700 9.600 -10.000 -9.300 9.400 -10.000 -11.700 9.900 -10.000
3 80 -11.700 9.900 -10.000 -11.500 10.500 -10.000 -8.700 9.600 -10.000
3 80 -9.300 9.400 -10.000 -9.500 8.800 -10.000 -12.300 9.700 -10.000
3 80 -12.300 9.700 -10.000 -11.700 9.900 -10.000 -9.300 9.400 -10.000
3 80 -8.700 9.600 -10.000 -9.600 12.000 -10.000 -7.100 10.400 -10.000
3 80 -7.100 10.400 -10.000 -8.100 9.400 -10.000 -8.700 9.600 -10.000
3 80 -7.100 10.400 -10.000 -5.200 7.900 -10.000 -7.900 8.800 -10.000
3 80 -7.900 8.800 -10.000 -8.100 9.400 -10.000 -7.100 10.400 -10.000
3 80 -5.200 7.900 -10.000 -6.100 6.300 -10.000 -6.700 6.100 -10.000
3 80 -6.700 6.100 -10.000 -7.900 8.800 -10.000 -5.200 7.900 -10.000
3 80 -7.900 8.800 -10.000 -6.700 6.100 -10.000 -6.900 5.500 -10.000
3 80 -6.900 5.500 -10.000 -8.100 8.200 -10.000 -7.900 8.800 -10.000
3 80 -6.900 5.500 -10.000 -8.700 8.000 -10.000 -8.100 8.200 -10.000
3 80 -5.500 6.100 -10.000 -6.100 6.300 -10.000 -5.200 7.900 -10.000
3 80 -5.200 7.900 -10.000 -3.600 4.700 -10.000 -5.300 5.500 -10.000
3 80 -5.300 5.500 -10.000 -5.500 6.100 -10.000 -5.200 7.900 -10.000
3 80 -5.300 5.500 -10.000 -3.600 4.700 -10.000 -5.400 3.200 -10.000
3 80 -5.400 3.200 -10.000 -5.500 4.900 -10.000 -5.300 5.500 -10.000
3 80 -5.500 4.900 -10.000 -5.400 3.200 -10.000 -7.500 1.000 -10.000
3 80 -7.500 1.000 -10.000 -6.100 4.700 -10.000 -5.500 4.900 -10.000
3 80 -7.500 1.000 -10.000 -6.700 4.900 -10.000 -6.100 4.700 -10.000
3 0 -18.000 32.000 -10.000 -10.000 32.000 -10.000 -12.400 29.300 -10.000
3 0 -12.400 29.300 -10.000 -18.000 29.000 -10.000 -18.000 32.000 -10.000
3 0 -14.100 26.200 -10.000 -18.000 29.000 -10.000 -12.400 29.300 -10.000
3 0 -15.100 22.900 -10.000 -18.000 29.000 -10.000 -14.100 26.200 -10.000
3 0 -15.300 18.300 -10.000 -18.000 29.000 -10.000 -15.100 22.900 -10.000
3 0 -18.000 29.000 -10.000 -15.300 18.300 -10.000 -14.500 13.200 -10.000
3 0 -14.500 13.200 -10.000 -15.000 12.000 -10.000 -18.000 29.000 -10.000
3 0 -13.000 14.200 -10.000 -13.600 14.400 -10.000 -13.800 15.000 -10.000
3 0 -13.800 15.000 -10.000 -12.400 14.400 -10.000 -13.000 14.200 -10.000
3 0 -12.400 14.400 -10.000 -13.800 15.000 -10.000 -13.600 15.600 -10.000
3 0 -13.600 15.600 -10.000 -12.200 15.000 -10.000 -12.400 14.400 -10.000
3 0 -12.200 15.000 -10.000 -13.600 15.600 -10.000 -13.000 15.800 -10.000
3 0 -13.000 15.800 -10.000 -12.400 15.600 -10.000 -12.200 15.000 -10.000
3 0 -13.300 18.300 -10.000 -13.900 18.500 -10.000 -14.100 19.100 -10.000
3 0 -14.100 19.100 -10.000 -12.700 18.500 -10.000 -13.300 18.300 -10.000
3 0 -12.700 18.500 -10.000 -14.100 19.100 -10.000 -13.900 19.700 -10.000
3 0 -13.900 19.700 -10.000 -12.500 19.100 -10.000 -12.700 18.500 -10.000
3 0 -12.500 19.100 -10.000 -13.900 19.700 -10.000 -13.300 19.900 -10.000
3 0 -13.300 19.900 -10.000 -12.700 19.700 -10.000 -12.500 19.100 -10.000
3 0 -12.800 22.100 -10.000 -13.400 22.300 -10.000 -13.600 22.900 -10.000
3 0 -13.600 22.900 -10.000 -12.200 22.300 -10.000 -12.800 22.100 -10.000
3 0 -12.200 22.300 -10.000 -13.600 22.900 -10.000 -13.400 23.500 -10.000
3 0 -13.400 23.500 -10.000 -12.000 22.900 -10.000 -12.200 22.300 -10.000
3 0 -12.000 22.900 -10.000 -13.400 23.500 -10.000 -12.800 23.700 -10.000
3 0 -12.800 23.700 -10.000 -12.200 23.500 -10.000 -12.000 22.900 -10.000
3 0 -11.800 25.500 -10.000 -12.400 25.700 -10.000 -12.600 26.300 -10.000
3 0 -12.600 26.300 -10.000 -11.200 25.700 -10.000 -11.800 25.500 -10.000
3 0 -11.200 25.700 -10.000 -12.600 26.300 -10.000 -12.400 26.900 -10.000
3 0 -12.400 26.900 -10.000 -11.000 26.300 -10.000 -11.200 25.700 -10.000
3 0 -11.000 26.300 -10.000 -12.400 26.900 -10.000 -11.800 27.100 -10.000
3 0 -11.800 27.100 -10.000 -11.200 26.900 -10.000 -11.000 26.300 -10.000
3 14 5.000 2.700 -10.000 6.600 1.000 -10.000 1.600 4.500 -10.000
3 14 1.600 4.500 -10.000 3.300 4.000 -10.000 5.000 2.700 -10.000
3 14 6.600 1.000 -10.000 0.000 4.600 -10.000 1.600 4.500 -10.000
3 80 6.500 5.100 -10.000 5.700 5.100 -10.000 5.700 5.900 -10.000
3 80 5.700 5.900 -10.000 6.500 5.900 -10.000 6.500 5.100 -10.000
3 0 6.500 5.100 -10.000 6.100 4.700 -10.000 5.500 4.900 -10.000
3 0 5.500 4.900 -10.000 5.700 5.100 -10.000 6.500 5.100 -10.000
3 0 5.500 4.900 -10.000 5.300 5.500 -10.000 5.700 5.900 -10.000
3 0 5.700 5.900 -10.000 5.700 5.100 -10.000 5.500 4.900 -10.000
3 0 5.300 5.500 -10.000 5.500 6.100 -10.000 5.700 5.900 -10.000
3 0 5.500 6.100 -10.000 6.100 6.300 -10.000 6.500 5.900 -10.000
3 0 6.500 5.900 -10.000 5.700 5.900 -10.000 5.500 6.100 -10.000
3 0 6.500 5.900 -10.000 6.100 6.300 -10.000 6.700 6.100 -10.000
3 0 6.700 6.100 -10.000 6.900 5.500 -10.000 6.500 5.100 -10.000
3 0 6.500 5.100 -10.000 6.500 5.900 -10.000 6.700 6.100 -10.000
3 0 6.700 4.900 -10.000 6.500 5.100 -10.000 6.900 5.500 -10.000
3 0 6.100 4.700 -10.000 6.500 5.100 -10.000 6.700 4.900 -10.000
3 80 9.100 8.400 -10.000 8.300 8.400 -10.000 8.300 9.200 -10.000
3 80 8.300 9.200 -10.000 9.100 9.200 -10.000 9.100 8.400 -10.000
3 0 9.100 8.400 -10.000 8.700 8.000 -10.000 8.100 8.200 -10.000
3 0 8.100 8.200 -10.000 8.300 8.400 -10.000 9.100 8.400 -10.000
3 0 8.100 8.200 -10.000 7.900 8.800 -10.000 8.300 9.200 -10.000
3 0 8.300 9.200 -10.000 8.300 8.400 -10.000 8.100 8.200 -10.000
3 0 7.900 8.800 -10.000 8.100 9.400 -10.000 8.300 9.200 -10.000
3 0 8.100 9.400 -10.000 8.700 9.600 -10.000 9.100 9.200 -10.000
3 0 9.100 9.200 -10.000 8.300 9.200 -10.000 8.100 9.400 -10.000
3 0 9.100 9.200 -10.000 8.700 9.600 -10.000 9.300 9.400 -10.000
3 0 9.300 9.400 -10.000 9.500 8.800 -10.000 9.100 8.400 -10.000
3 0 9.100 8.400 -10.000 9.100 9.200 -10.000 9.300 9.400 -10.000
3 0 9.300 8.200 -10.000 9.100 8.400 -10.000 9.500 8.800 -10.000
3 0 8.700 8.000 -10.000 9.100 8.400 -10.000 9.300 8.200 -10.000
3 80 12.700 10.100 -10.000 11.900 10.100 -10.000 11.900 10.900 -10.000
3 80 11.900 10.900 -10.000 12.700 10.900 -10.000 12.700 10.100 -10.000
3 0 12.700 10.100 -10.000 12.300 9.700 -10.000 11.700 9.900 -10.000
3 0 11.700 9.900 -10.000 11.900 10.100 -10.000 12.700 10.100 -10.000
3 0 11.700 9.900 -10.000 11.500 10.500 -10.000 11.900 10.900 -10.000
3 0 11.900 10.900 -10.000 11.900 10.100 -10.000 11.700 9.900 -10.000
3 0 11.500 10.500 -10.000 11.700 11.100 -10.000 11.900 10.900 -10.000
3 0 11.700 11.100 -10.000 12.300 11.300 -10.000 12.700 10.900 -10.000
3 0 12.700 10.900 -10.000 11.900 10.900 -10.000 11.700 11.100 -10.000
3 0 12.700 10.900 -10.000 12.300 11.300 -10.000 12.900 11.100 -10.000
3 0 12.900 11.100 -10.000 13.100 10.500 -10.000 12.700 10.100 -10.000
3 0 12.700 10.100 -10.000 12.700 10.900 -10.000 12.900 11.100 -10.000
3 0 12.900 9.900 -10.000 12.700 10.100 -10.000 13.100 10.500 -10.000
3 0 12.300 9.700 -10.000 12.700 10.100 -10.000 12.900 9.900 -10.000
3 80 7.500 1.000 -10.000 6.700 4.900 -10.000 6.900 5.500 -10.000
3 80 6.900 5.500 -10.000 11.500 1.000 -10.000 7.500 1.000 -10.000
3 80 11.500 1.000 -10.000 6.900 5.500 -10.000 13.000 2.000 -10.000
3 80 13.000 2.000 -10.000 12.400 1.400 -10.000 11.500 1.000 -10.000
3 80 13.000 2.000 -10.000 6.900 5.500 -10.000 8.700 8.000 -10.000
3 80 8.700 8.000 -10.000 13.500 3.000 -10.000 13.000 2.000 -10.000
3 80 13.500 3.000 -10.000 8.700 8.000 -10.000 9.300 8.200 -10.000
3 80 9.300 8.200 -10.000 9.500 8.800 -10.000 12.300 9.700 -10.000
3 80 12.300 9.700 -10.000 13.500 3.000 -10.000 9.300 8.200 -10.000
3 80 13.500 3.000 -10.000 12.300 9.700 -10.000 12.900 9.900 -10.000
3 80 13.500 3.000 -10.000 12.900 9.900 -10.000 13.100 10.500 -10.000
3 80 13.100 10.500 -10.000 15.000 12.000 -10.000 13.500 3.000 -10.000
3 80 13.100 10.500 -10.000 12.900 11.100 -10.000 13.400 12.500 -10.000
3 80 13.400 12.500 -10.000 15.000 12.000 -10.000 13.100 10.500 -10.000
3 80 12.900 11.100 -10.000 12.300 11.300 -10.000 11.800 12.600 -10.000
3 80 11.800 12.600 -10.000 13.400 12.500 -10.000 12.900 11.100 -10.000
3 80 12.300 11.300 -10.000 11.700 11.100 -10.000 9.600 12.000 -10.000
3 80 9.600 12.000 -10.000 11.800 12.600 -10.000 12.300 11.300 -10.000
3 80 9.600 12.000 -10.000 11.700 11.100 -10.000 11.500 10.500 -10.000
3 80 11.500 10.500 -10.000 8.700 9.600 -10.000 9.600 12.000 -10.000
3 80 8.700 9.600 -10.000 11.500 10.500 -10.000 11.700 9.900 -10.000
3 80 11.700 9.900 -10.000 9.300 9.400 -10.000 8.700 9.600 -10.000
3 80 9.300 9.400 -10.000 11.700 9.900 -10.000 12.300 9.700 -10.000
3 80 12.300 9.700 -10.000 9.500 8.800 -10.000 9.300 9.400 -10.000
3 80 8.700 9.600 -10.000 8.100 9.400 -10.000 7.100 10.400 -10.000
3 80 7.100 10.400 -10.000 9.600 12.000 -10.000 8.700 9.600 -10.000
3 80 7.100 10.400 -10.000 8.100 9.400 -10.000 7.900 8.800 -10.000
3 80 7.900 8.800 -10.000 5.200 7.900 -10.000 7.100 10.400 -10.000
3 80 5.200 7.900 -10.000 7.900 8.800 -10.000 6.700 6.100 -10.000
3 80 6.700 6.100 -10.000 6.100 6.300 -10.000 5.200 7.900 -10.000
3 80 7.900 8.800 -10.000 8.100 8.200 -10.000 6.900 5.500 -10.000
3 80 6.900 5.500 -10.000 6.700 6.100 -10.000 7.900 8.800 -10.000
3 80 6.900 5.500 -10.000 8.100 8.200 -10.000 8.700 8.000 -10.000
3 80 5.500 6.100 -10.000 5.200 7.900 -10.000 6.100 6.300 -10.000
3 80 5.200 7.900 -10.000 5.500 6.100 -10.000 5.300 5.500 -10.000
3 80 5.300 5.500 -10.000 3.600 4.700 -10.000 5.200 7.900 -10.000
3 80 5.300 5.500 -10.000 5.500 4.900 -10.000 5.400 3.200 -10.000
3 80 5.400 3.200 -10.000 3.600 4.700 -10.000 5.300 5.500 -10.000
3 80 5.500 4.900 -10.000 6.100 4.700 -10.000 7.500 1.000 -10.000
3 80 7.500 1.000 -10.000 5.400 3.200 -10.000 5.500 4.900 -10.000
3 80 7.500 1.000 -10.000 6.100 4.700 -10.000 6.700 4.900 -10.000
3 80 13.000 14.200 -10.000 12.400 14.400 -10.000 13.800 15.000 -10.000
3 80 13.800 15.000 -10.000 13.600 14.400 -10.000 13.000 14.200 -10.000
3 80 12.400 14.400 -10.000 12.200 15.000 -10.000 13.600 15.600 -10.000
3 80 13.600 15.600 -10.000 13.800 15.000 -10.000 12.400 14.400 -10.000
3 80 12.200 15.000 -10.000 12.400 15.600 -10.000 13.000 15.800 -10.000
3 80 13.000 15.800 -10.000 13.600 15.600 -10.000 12.200 15.000 -10.000
3 80 13.300 18.300 -10.000 12.700 18.500 -10.000 14.100 19.100 -10.000
3 80 14.100 19.100 -10.000 13.900 18.500 -10.000 13.300 18.300 -10.000
3 80 12.700 18.500 -10.000 12.500 19.100 -10.000 13.900 19.700 -10.000
3 80 13.900 19.700 -10.000 14.100 19.100 -10.000 12.700 18.500 -10.000
3 80 12.500 19.100 -10.000 12.700 19.700 -10.000 13.300 19.900 -10.000
3 80 13.300 19.900 -10.000 13.900 19.700 -10.000 12.500 19.100 -10.000
3 80 12.800 22.100 -10.000 12.200 22.300 -10.000 13.600 22.900 -10.000
3 80 13.600 22.900 -10.000 13.400 22.300 -10.000 12.800 22.100 -10.000
3 80 12.200 22.300 -10.000 12.000 22.900 -10.000 13.400 23.500 -10.000
3 80 13.400 23.500 -10.000 13.600 22.900 -10.000 12.200 22.300 -10.000
3 80 12.000 22.900 -10.000 12.200 23.500 -10.000 12.800 23.700 -10.000
3 80 12.800 23.700 -10.000 13.400 23.500 -10.000 12.000 22.900 -10.000
3 80 11.800 25.500 -10.000 11.200 25.700 -10.000 12.600 26.300 -10.000
3 80 12.600 26.300 -10.000 12.400 25.700 -10.000 11.800 25.500 -10.000
3 80 11.200 25.700 -10.000 11.000 26.300 -10.000 12.400 26.900 -10.000
3 80 12.400 26.900 -10.000 12.600 26.300 -10.000 11.200 25.700 -10.000
3 80 11.000 26.300 -10.000 11.200 26.900 -10.000 11.800 27.100 -10.000
3 80 11.800 27.100 -10.000 12.400 26.900 -10.000 11.000 26.300 -10.000
3 14 -0.700 8.400 -10.000 -1.000 8.700 -10.000 -1.000 9.200 -10.000
3 14 -1.000 9.200 -10.000 -0.400 8.700 -10.000 -0.700 8.400 -10.000
3 14 -0.400 8.700 -10.000 -1.000 9.200 -10.000 -0.700 9.500 -10.000
3 14 -0.700 9.500 -10.000 -0.400 9.200 -10.000 -0.400 8.700 -10.000
3 14 -1.000 7.500 -10.000 -1.700 8.000 -10.000 -1.200 8.300 -10.000
3 14 -1.200 8.300 -10.000 -0.700 7.900 -10.000 -1.000 7.500 -10.000
3 14 -1.700 8.000 -10.000 -2.000 8.700 -10.000 -1.400 8.900 -10.000
3 14 -1.400 8.900 -10.000 -1.200 8.300 -10.000 -1.700 8.000 -10.000
3 14 -2.000 8.700 -10.000 -2.400 8.900 -10.000 -1.500 9.400 -10.000
3 14 -1.500 9.400 -10.000 -1.400 8.900 -10.000 -2.000 8.700 -10.000
3 14 2.400 7.700 -10.000 2.900 6.900 -10.000 2.800 5.500 -10.000
3 14 2.800 5.500 -10.000 1.900 7.300 -10.000 2.400 7.700 -10.000
3 14 2.800 5.500 -10.000 2.900 6.900 -10.000 3.600 5.400 -10.000
3 14 3.600 5.400 -10.000 3.200 5.200 -10.000 2.800 5.500 -10.000
3 14 3.600 5.400 -10.000 2.900 6.900 -10.000 3.100 7.200 -10.000
3 14 3.100 7.200 -10.000 3.700 6.700 -10.000 3.600 5.400 -10.000
3 14 3.700 6.700 -10.000 3.100 7.200 -10.000 2.800 8.000 -10.000
3 14 2.800 8.000 -10.000 3.800 7.200 -10.000 3.700 6.700 -10.000
3 14 2.800 8.000 -10.000 3.000 8.300 -10.000 3.700 7.900 -10.000
3 14 3.700 7.900 -10.000 3.800 7.200 -10.000 2.800 8.000 -10.000
3 14 3.800 7.200 -10.000 3.700 7.900 -10.000 4.600 7.800 -10.000
3 14 4.600 7.800 -10.000 4.400 7.200 -10.000 3.800 7.200 -10.000
3 14 4.600 7.800 -10.000 3.700 7.900 -10.000 3.200 8.700 -10.000
3 14 3.200 8.700 -10.000 4.300 8.300 -10.000 4.600 7.800 -10.000
3 14 3.200 8.700 -10.000 3.500 9.100 -10.000 4.700 8.700 -10.000
3 14 4.700 8.700 -10.000 4.300 8.300 -10.000 3.200 8.700 -10.000
3 14 4.700 8.700 -10.000 3.500 9.100 -10.000 4.200 9.800 -10.000
3 14 4.200 9.800 -10.000 4.700 9.200 -10.000 4.700 8.700 -10.000
3 14 3.500 9.100 -10.000 3.200 9.400 -10.000 2.900 9.900 -10.000
3 14 2.900 9.900 -10.000 4.200 9.800 -10.000 3.500 9.100 -10.000
3 14 2.900 9.900 -10.000 3.200 9.400 -10.000 2.300 8.500 -10.000
3 14 2.300 8.500 -10.000 2.400 9.600 -10.000 2.900 9.900 -10.000
3 14 2.300 8.500 -10.000 1.800 8.700 -10.000 1.800 9.200 -10.000
3 14 1.800 9.200 -10.000 2.400 9.600 -10.000 2.300 8.500 -10.000
3 14 1.800 8.700 -10.000 2.300 8.500 -10.000 1.800 7.900 -10.000
3 14 1.800 7.900 -10.000 1.500 8.400 -10.000 1.800 8.700 -10.000
3 14 1.800 7.900 -10.000 1.300 7.700 -10.000 0.700 7.900 -10.000
3 14 0.700 7.900 -10.000 1.500 8.400 -10.000 1.800 7.900 -10.000
3 14 1.500 8.400 -10.000 0.700 7.900 -10.000 0.400 8.500 -10.000
3 14 0.400 8.500 -10.000 1.200 8.700 -10.000 1.500 8.400 -10.000
3 14 1.200 8.700 -10.000 0.400 8.500 -10.000 0.300 9.700 -10.000
3 14 0.300 9.700 -10.000 1.200 9.200 -10.000 1.200 8.700 -10.000
3 14 1.200 9.200 -10.000 0.300 9.700 -10.000 1.600 10.000 -10.000
3 14 1.600 10.000 -10.000 1.500 9.600 -10.000 1.200 9.200 -10.000
3 14 1.600 10.000 -10.000 2.400 9.600 -10.000 1.800 9.200 -10.000
3 14 1.800 9.200 -10.000 1.500 9.600 -10.000 1.600 10.000 -10.000
3 14 1.600 10.000 -10.000 0.300 9.700 -10.000 -0.500 10.000 -10.000
3 14 -0.500 10.000 -10.000 1.200 10.300 -10.000 1.600 10.000 -10.000
3 14 -0.500 10.000 -10.000 -0.800 10.600 -10.000 1.200 11.000 -10.000
3 14 1.200 11.000 -10.000 1.200 10.300 -10.000 -0.500 10.000 -10.000
3 14 1.200 11.000 -10.000 -0.800 10.600 -10.000 -0.100 11.300 -10.000
3 14 -0.100 11.300 -10.000 0.800 11.400 -10.000 1.200 11.000 -10.000
3 14 -0.800 10.600 -10.000 -0.900 11.100 -10.000 -0.500 11.600 -10.000
3 14 -0.500 11.600 -10.000 -0.100 11.300 -10.000 -0.800 10.600 -10.000
3 14 -0.900 11.100 -10.000 -1.200 11.400 -10.000 -1.200 11.800 -10.000
3 14 -1.200 11.800 -10.000 -0.500 11.600 -10.000 -0.900 11.100 -10.000
3 14 -0.500 11.600 -10.000 -1.200 11.800 -10.000 -1.100 12.500 -10.000
3 14 -1.100 12.500 -10.000 -0.700 12.400 -10.000 -0.500 11.600 -10.000
3 14 -1.100 12.500 -10.000 -1.200 11.800 -10.000 -1.500 11.900 -10.000
3 14 -1.500 11.900 -10.000 -1.500 12.200 -10.000 -1.100 12.500 -10.000
3 14 -1.500 11.900 -10.000 -2.200 11.800 -10.000 -2.400 12.300 -10.000
3 14 -2.400 12.300 -10.000 -1.500 12.200 -10.000 -1.500 11.900 -10.000
3 14 -1.500 12.200 -10.000 -2.400 12.300 -10.000 -2.300 12.800 -10.000
3 14 -2.300 12.800 -10.000 -1.800 12.700 -10.000 -1.500 12.200 -10.000
3 14 -1.500 11.900 -10.000 -1.500 11.500 -10.000 -1.900 11.000 -10.000
3 14 -1.900 11.000 -10.000 -2.200 11.800 -10.000 -1.500 11.900 -10.000
3 14 -1.500 11.500 -10.000 -1.200 11.400 -10.000 -1.400 10.800 -10.000
3 14 -1.400 10.800 -10.000 -1.900 11.000 -10.000 -1.500 11.500 -10.000
3 14 -1.400 10.800 -10.000 -1.200 11.400 -10.000 -0.900 11.100 -10.000
3 14 -1.400 12.600 -10.000 -1.600 12.900 -10.000 -1.300 13.600 -10.000
3 14 -1.300 13.600 -10.000 -1.100 12.900 -10.000 -1.400 12.600 -10.000
3 14 -1.100 12.900 -10.000 -1.300 13.600 -10.000 -1.100 13.600 -10.000
3 14 -2.800 13.000 -10.000 -2.500 13.700 -10.000 -2.300 13.700 -10.000
3 14 -2.300 13.700 -10.000 -2.400 13.000 -10.000 -2.800 13.000 -10.000
3 14 -2.900 11.400 -10.000 -3.200 11.300 -10.000 -3.200 11.700 -10.000
3 14 -3.200 11.700 -10.000 -2.900 11.800 -10.000 -2.900 11.400 -10.000
3 14 4.200 9.800 -10.000 2.900 9.900 -10.000 2.100 10.400 -10.000
3 14 2.100 10.400 -10.000 3.100 10.400 -10.000 4.200 9.800 -10.000
3 14 3.100 10.400 -10.000 2.100 10.400 -10.000 1.700 10.900 -10.000
3 14 1.700 10.900 -10.000 2.700 11.100 -10.000 3.100 10.400 -10.000
3 14 2.700 11.100 -10.000 1.700 10.900 -10.000 1.600 11.900 -10.000
3 14 1.600 11.900 -10.000 2.600 12.100 -10.000 2.700 11.100 -10.000
3 14 2.600 12.100 -10.000 1.600 11.900 -10.000 0.700 13.900 -10.000
3 14 0.700 13.900 -10.000 2.200 12.700 -10.000 2.600 12.100 -10.000
3 14 1.600 11.900 -10.000 1.000 12.100 -10.000 0.200 13.400 -10.000
3 14 0.200 13.400 -10.000 0.700 13.900 -10.000 1.600 11.900 -10.000
3 14 0.200 13.400 -10.000 1.000 12.100 -10.000 0.500 12.000 -10.000
3 14 0.500 12.000 -10.000 0.300 12.400 -10.000 0.200 13.400 -10.000
3 14 0.200 13.400 -10.000 -0.200 13.600 -10.000 -0.600 14.700 -10.000
3 14 -0.600 14.700 -10.000 0.700 13.900 -10.000 0.200 13.400 -10.000
3 14 -0.200 13.600 -10.000 -0.600 13.400 -10.000 -0.800 13.600 -10.000
3 14 -0.800 13.600 -10.000 -0.600 14.700 -10.000 -0.200 13.600 -10.000
3 14 -0.800 13.600 -10.000 -0.900 14.300 -10.000 -0.600 14.700 -10.000
3 14 -0.600 14.700 -10.000 -0.900 14.300 -10.000 -1.200 14.300 -10.000
3 14 -1.200 14.300 -10.000 -1.200 14.800 -10.000 -0.600 14.700 -10.000
3 14 -1.200 14.800 -10.000 -1.200 14.300 -10.000 -1.500 13.900 -10.000
3 14 -1.500 13.900 -10.000 -2.000 14.600 -10.000 -1.200 14.800 -10.000
3 14 -1.500 13.900 -10.000 -2.000 13.900 -10.000 -2.000 14.600 -10.000
3 14 -10.600 14.300 -10.000 -10.500 14.600 -10.000 -9.500 14.300 -10.000
3 14 -9.500 14.300 -10.000 -9.800 13.300 -10.000 -10.600 14.300 -10.000
3 14 -9.800 13.300 -10.000 -9.500 14.300 -10.000 -8.400 14.500 -10.000
3 14 -8.400 14.500 -10.000 -8.700 12.600 -10.000 -9.800 13.300 -10.000
3 14 -8.700 12.600 -10.000 -8.400 14.500 -10.000 -7.800 15.100 -10.000
3 14 -7.800 15.100 -10.000 -7.400 12.300 -10.000 -8.700 12.600 -10.000
3 14 -7.400 12.300 -10.000 -7.800 15.100 -10.000 -6.300 15.300 -10.000
3 14 -6.300 15.300 -10.000 -5.800 12.400 -10.000 -7.400 12.300 -10.000
3 14 -7.800 15.100 -10.000 -7.500 15.800 -10.000 -7.100 15.900 -10.000
3 14 -7.100 15.900 -10.000 -6.300 15.300 -10.000 -7.800 15.100 -10.000
3 14 -6.300 15.300 -10.000 -5.700 15.400 -10.000 -4.900 13.200 -10.000
3 14 -4.900 13.200 -10.000 -5.800 12.400 -10.000 -6.300 15.300 -10.000
3 14 -4.900 13.200 -10.000 -5.700 15.400 -10.000 -5.200 16.100 -10.000
3 14 -5.200 16.100 -10.000 -4.400 13.800 -10.000 -4.900 13.200 -10.000
3 14 -5.200 16.100 -10.000 -4.800 16.200 -10.000 -3.700 13.400 -10.000
3 14 -3.700 13.400 -10.000 -4.400 13.800 -10.000 -5.200 16.100 -10.000
3 14 -3.700 13.400 -10.000 -4.800 16.200 -10.000 -4.000 15.800 -10.000
3 14 -4.000 15.800 -10.000 -3.500 13.500 -10.000 -3.700 13.400 -10.000
3 14 -3.500 13.500 -10.000 -4.000 15.800 -10.000 -3.500 14.600 -10.000
3 14 -4.000 15.800 -10.000 -3.500 15.800 -10.000 -2.400 15.600 -10.000
3 14 -2.400 15.600 -10.000 -3.500 14.600 -10.000 -4.000 15.800 -10.000
3 14 -3.500 15.800 -10.000 -2.900 16.300 -10.000 -2.400 16.200 -10.000
3 14 -2.400 16.200 -10.000 -2.400 15.600 -10.000 -3.500 15.800 -10.000
3 14 2.500 16.000 -10.000 3.200 16.500 -10.000 3.100 14.600 -10.000
3 14 3.100 14.600 -10.000 2.500 15.300 -10.000 2.500 16.000 -10.000
3 14 3.200 16.500 -10.000 3.800 16.200 -10.000 4.500 13.200 -10.000
3 14 4.500 13.200 -10.000 3.100 14.600 -10.000 3.200 16.500 -10.000
3 14 3.100 14.600 -10.000 4.500 13.200 -10.000 4.000 12.600 -10.000
3 14 4.000 12.600 -10.000 3.400 13.200 -10.000 3.100 14.600 -10.000
3 14 3.400 13.200 -10.000 4.000 12.600 -10.000 3.600 12.300 -10.000
3 14 3.600 12.300 -10.000 3.400 12.500 -10.000 3.400 13.200 -10.000
3 14 3.800 16.200 -10.000 4.400 16.200 -10.000 5.900 15.600 -10.000
3 14 5.900 15.600 -10.000 4.500 13.200 -10.000 3.800 16.200 -10.000
3 14 4.400 16.200 -10.000 5.000 16.500 -10.000 5.500 16.300 -10.000
3 14 5.500 16.300 -10.000 5.900 15.600 -10.000 4.400 16.200 -10.000
3 14 4.500 13.200 -10.000 5.900 15.600 -10.000 6.500 15.400 -10.000
3 14 6.500 15.400 -10.000 4.900 13.100 -10.000 4.500 13.200 -10.000
3 14 4.900 13.100 -10.000 6.500 15.400 -10.000 6.600 11.900 -10.000
3 14 6.600 11.900 -10.000 5.400 12.300 -10.000 4.900 13.100 -10.000
3 14 6.500 15.400 -10.000 7.100 15.600 -10.000 8.100 15.100 -10.000
3 14 8.100 15.100 -10.000 6.600 11.900 -10.000 6.500 15.400 -10.000
3 14 7.100 15.600 -10.000 7.400 16.200 -10.000 7.900 16.000 -10.000
3 14 7.900 16.000 -10.000 8.100 15.100 -10.000 7.100 15.600 -10.000
3 14 6.600 11.900 -10.000 8.100 15.100 -10.000 8.700 14.600 -10.000
3 14 8.700 14.600 -10.000 8.200 12.200 -10.000 6.600 11.900 -10.000
3 14 8.200 12.200 -10.000 8.700 14.600 -10.000 9.700 14.600 -10.000
3 14 9.700 14.600 -10.000 9.500 12.700 -10.000 8.200 12.200 -10.000
3 14 9.500 12.700 -10.000 9.700 14.600 -10.000 10.700 14.700 -10.000
3 14 10.700 14.700 -10.000 10.800 13.700 -10.000 9.500 12.700 -10.000
3 14 10.800 13.700 -10.000 10.700 14.700 -10.000 11.000 14.400 -10.000
3 14 0.000 15.000 -10.000 0.000 17.000 -10.000 1.000 17.000 -10.000
3 14 1.000 17.000 -10.000 0.500 14.500 -10.000 0.000 15.000 -10.000
3 14 0.500 14.500 -10.000 1.000 17.000 -10.000 1.700 14.000 -10.000
3 14 1.700 14.000 -10.000 1.200 14.100 -10.000 0.500 14.500 -10.000
3 14 1.700 14.000 -10.000 1.000 17.000 -10.000 2.100 16.100 -10.000
3 14 2.100 16.100 -10.000 1.900 14.200 -10.000 1.700 14.000 -10.000
3 14 2.100 16.100 -10.000 1.000 17.000 -10.000 1.800 16.800 -10.000
3 14 2.100 16.100 -10.000 1.800 16.800 -10.000 1.900 17.200 -10.000
3 14 1.900 17.200 -10.000 2.700 16.800 -10.000 2.100 16.100 -10.000
3 14 1.900 17.200 -10.000 3.700 18.700 -10.000 4.000 17.100 -10.000
3 14 4.000 17.100 -10.000 2.700 16.800 -10.000 1.900 17.200 -10.000
3 14 3.700 18.700 -10.000 4.300 19.000 -10.000 5.400 17.100 -10.000
3 14 5.400 17.100 -10.000 4.000 17.100 -10.000 3.700 18.700 -10.000
3 14 4.300 19.000 -10.000 4.800 19.000 -10.000 5.400 18.700 -10.000
3 14 5.400 18.700 -10.000 5.400 17.100 -10.000 4.300 19.000 -10.000
3 14 5.400 17.100 -10.000 5.400 18.700 -10.000 5.700 18.900 -10.000
3 14 5.700 18.900 -10.000 6.200 18.000 -10.000 5.400 17.100 -10.000
3 14 6.200 18.000 -10.000 5.700 18.900 -10.000 6.000 19.400 -10.000
3 14 6.000 19.400 -10.000 6.400 18.700 -10.000 6.200 18.000 -10.000
3 14 6.000 19.400 -10.000 6.600 19.500 -10.000 7.100 18.800 -10.000
3 14 7.100 18.800 -10.000 6.400 18.700 -10.000 6.000 19.400 -10.000
3 14 7.100 18.800 -10.000 6.600 19.500 -10.000 7.200 19.300 -10.000
3 14 6.200 18.000 -10.000 6.600 17.600 -10.000 6.400 16.600 -10.000
3 14 6.400 16.600 -10.000 5.400 17.100 -10.000 6.200 18.000 -10.000
3 14 6.400 16.600 -10.000 6.600 17.600 -10.000 7.400 17.700 -10.000
3 14 7.400 17.700 -10.000 7.200 16.600 -10.000 6.400 16.600 -10.000
3 14 7.200 16.600 -10.000 7.400 17.700 -10.000 7.800 17.500 -10.000
3 14 7.800 17.500 -10.000 7.800 17.100 -10.000 7.200 16.600 -10.000
3 14 3.700 18.700 -10.000 1.900 17.200 -10.000 1.400 17.500 -10.000
3 14 1.400 17.500 -10.000 2.200 18.700 -10.000 3.700 18.700 -10.000
3 14 2.200 18.700 -10.000 1.400 17.500 -10.000 0.000 17.800 -10.000
3 14 0.000 17.800 -10.000 1.300 18.800 -10.000 2.200 18.700 -10.000
3 14 0.000 17.800 -10.000 0.000 19.000 -10.000 1.300 18.800 -10.000
3 14 0.000 17.800 -10.000 0.000 17.000 -10.000 -1.100 16.900 -10.000
3 14 -1.100 16.900 -10.000 -1.000 17.700 -10.000 0.000 17.800 -10.000
3 14 -1.000 17.700 -10.000 -1.100 16.900 -10.000 -2.100 16.800 -10.000
3 14 -2.100 16.800 -10.000 -2.000 17.300 -10.000 -1.000 17.700 -10.000
3 14 2.200 18.700 -10.000 2.300 19.300 -10.000 3.300 19.100 -10.000
3 14 3.300 19.100 -10.000 3.700 18.700 -10.000 2.200 18.700 -10.000
3 14 3.300 19.100 -10.000 2.300 19.300 -10.000 1.300 19.600 -10.000
3 14 1.300 19.600 -10.000 2.000 20.500 -10.000 3.300 19.100 -10.000
3 14 2.000 20.500 -10.000 1.300 19.600 -10.000 0.000 19.800 -10.000
3 14 0.000 19.800 -10.000 1.100 20.700 -10.000 2.000 20.500 -10.000
3 14 0.000 19.800 -10.000 0.000 20.800 -10.000 1.100 20.700 -10.000
3 14 3.300 19.100 -10.000 2.000 20.500 -10.000 3.200 21.500 -10.000
3 14 3.200 21.500 -10.000 3.400 20.800 -10.000 3.300 19.100 -10.000
3 14 2.000 20.500 -10.000 1.900 21.100 -10.000 2.700 22.400 -10.000
3 14 2.700 22.400 -10.000 3.200 21.500 -10.000 2.000 20.500 -10.000
3 14 1.900 21.100 -10.000 1.100 21.600 -10.000 2.600 23.400 -10.000
3 14 2.600 23.400 -10.000 2.700 22.400 -10.000 1.900 21.100 -10.000
3 14 1.100 21.600 -10.000 0.000 21.700 -10.000 0.000 22.700 -10.000
3 14 0.000 22.700 -10.000 2.600 23.400 -10.000 1.100 21.600 -10.000
3 14 0.000 22.700 -10.000 0.400 23.900 -10.000 2.900 24.700 -10.000
3 14 2.900 24.700 -10.000 2.600 23.400 -10.000 0.000 22.700 -10.000
3 14 0.400 23.900 -10.000 0.800 24.500 -10.000 2.900 25.700 -10.000
3 14 2.900 25.700 -10.000 2.900 24.700 -10.000 0.400 23.900 -10.000
3 14 0.800 24.500 -10.000 0.900 25.200 -10.000 2.200 26.600 -10.000
3 14 2.200 26.600 -10.000 2.900 25.700 -10.000 0.800 24.500 -10.000
3 14 0.900 25.200 -10.000 0.600 25.700 -10.000 1.200 27.100 -10.000
3 14 1.200 27.100 -10.000 2.200 26.600 -10.000 0.900 25.200 -10.000
3 14 0.600 25.700 -10.000 0.000 26.300 -10.000 0.800 27.600 -10.000
3 14 0.800 27.600 -10.000 1.200 27.100 -10.000 0.600 25.700 -10.000
3 14 0.000 26.300 -10.000 -0.400 27.200 -10.000 -0.400 27.900 -10.000
3 14 -0.400 27.900 -10.000 0.800 27.600 -10.000 0.000 26.300 -10.000
3 14 0.800 27.600 -10.000 -0.400 27.900 -10.000 0.100 28.600 -10.000
3 14 0.100 28.600 -10.000 0.800 28.100 -10.000 0.800 27.600 -10.000
3 14 0.100 28.600 -10.000 0.900 28.900 -10.000 1.400 28.500 -10.000
3 14 1.400 28.500 -10.000 0.800 28.100 -10.000 0.100 28.600 -10.000
3 14 1.400 28.500 -10.000 0.900 28.900 -10.000 1.400 28.800 -10.000
3 14 0.000 19.800 -10.000 0.000 19.000 -10.000 -1.200 18.800 -10.000
3 14 -1.200 18.800 -10.000 -1.100 19.600 -10.000 0.000 19.800 -10.000
3 14 -1.100 19.600 -10.000 -1.200 18.800 -10.000 -2.200 18.600 -10.000
3 14 -2.200 18.600 -10.000 -2.200 19.100 -10.000 -1.100 19.600 -10.000
3 14 0.000 20.800 -10.000 -1.100 20.600 -10.000 -1.200 21.500 -10.000
3 14 -1.200 21.500 -10.000 0.000 21.700 -10.000 0.000 20.800 -10.000
3 14 -1.100 20.600 -10.000 -2.100 20.300 -10.000 -2.300 20.900 -10.000
3 14 -2.300 20.900 -10.000 -1.200 21.500 -10.000 -1.100 20.600 -10.000
3 14 -2.100 20.300 -10.000 -2.500 20.500 -10.000 -2.300 20.900 -10.000
3 14 3.900 20.800 -10.000 3.600 21.700 -10.000 5.800 22.000 -10.000
3 14 5.800 22.000 -10.000 4.900 21.200 -10.000 3.900 20.800 -10.000
3 14 5.800 22.000 -10.000 3.600 21.700 -10.000 3.200 22.500 -10.000
3 14 3.200 22.500 -10.000 4.300 24.100 -10.000 5.800 22.000 -10.000
3 14 4.300 24.100 -10.000 3.200 22.500 -10.000 3.000 23.300 -10.000
3 14 3.000 23.300 -10.000 3.200 24.000 -10.000 4.300 24.100 -10.000
3 14 4.300 24.100 -10.000 4.800 24.400 -10.000 6.700 23.300 -10.000
3 14 6.700 23.300 -10.000 5.800 22.000 -10.000 4.300 24.100 -10.000
3 14 4.800 24.400 -10.000 4.900 24.900 -10.000 6.900 24.700 -10.000
3 14 6.900 24.700 -10.000 6.700 23.300 -10.000 4.800 24.400 -10.000
3 14 4.900 24.900 -10.000 4.700 25.400 -10.000 4.700 25.800 -10.000
3 14 4.700 25.800 -10.000 6.900 24.700 -10.000 4.900 24.900 -10.000
3 14 4.700 25.800 -10.000 5.300 26.000 -10.000 6.900 25.900 -10.000
3 14 6.900 25.900 -10.000 6.900 24.700 -10.000 4.700 25.800 -10.000
3 14 5.300 26.000 -10.000 5.500 26.500 -10.000 6.300 27.600 -10.000
3 14 6.300 27.600 -10.000 6.900 25.900 -10.000 5.300 26.000 -10.000
3 14 5.500 26.500 -10.000 5.900 27.500 -10.000 6.300 27.600 -10.000
3 14 5.500 26.500 -10.000 4.700 27.200 -10.000 5.200 27.600 -10.000
3 14 5.200 27.600 -10.000 5.900 27.500 -10.000 5.500 26.500 -10.000
3 14 4.700 27.200 -10.000 4.400 27.700 -10.000 4.700 28.000 -10.000
3 14 4.700 28.000 -10.000 5.200 27.600 -10.000 4.700 27.200 -10.000
3 14 6.900 25.900 -10.000 6.300 27.600 -10.000 6.500 28.500 -10.000
3 14 6.500 28.500 -10.000 7.500 27.300 -10.000 6.900 25.900 -10.000
3 14 7.500 27.300 -10.000 6.500 28.500 -10.000 6.800 28.900 -10.000
3 14 6.800 28.900 -10.000 7.700 28.400 -10.000 7.500 27.300 -10.000
3 14 7.700 28.400 -10.000 6.800 28.900 -10.000 7.300 29.000 -10.000
3 14 7.500 27.300 -10.000 7.900 27.000 -10.000 8.100 25.900 -10.000
3 14 8.100 25.900 -10.000 6.900 25.900 -10.000 7.500 27.300 -10.000
3 14 8.100 25.900 -10.000 7.900 27.000 -10.000 8.300 27.300 -10.000
3 14 8.300 27.300 -10.000 8.900 26.300 -10.000 8.100 25.900 -10.000
3 14 8.900 26.300 -10.000 8.300 27.300 -10.000 8.700 28.100 -10.000
3 14 8.700 28.100 -10.000 9.400 27.200 -10.000 8.900 26.300 -10.000
3 14 9.400 27.200 -10.000 8.700 28.100 -10.000 9.000 28.100 -10.000
3 14 -3.500 20.300 -10.000 -4.000 20.800 -10.000 -2.800 23.500 -10.000
3 14 -2.800 23.500 -10.000 -2.000 23.300 -10.000 -3.500 20.300 -10.000
3 0 -15.000 12.000 -10.000 -14.500 13.200 -10.000 -12.900 13.400 -10.000
3 0 -12.900 13.400 -10.000 -13.400 12.500 -10.000 -15.000 12.000 -10.000
3 0 -13.400 12.500 -10.000 -12.900 13.400 -10.000 -11.000 13.200 -10.000
3 0 -11.000 13.200 -10.000 -11.800 12.600 -10.000 -13.400 12.500 -10.000
3 0 -11.800 12.600 -10.000 -11.000 13.200 -10.000 -9.400 12.700 -10.000
3 0 -9.400 12.700 -10.000 -9.600 12.000 -10.000 -11.800 12.600 -10.000
3 0 -9.400 12.700 -10.000 -8.700 12.600 -10.000 -8.100 12.000 -10.000
3 0 -8.100 12.000 -10.000 -9.600 12.000 -10.000 -9.400 12.700 -10.000
3 0 -8.700 12.600 -10.000 -9.400 12.700 -10.000 -10.200 13.200 -10.000
3 0 -10.200 13.200 -10.000 -9.800 13.300 -10.000 -8.700 12.600 -10.000
3 0 -9.800 13.300 -10.000 -10.200 13.200 -10.000 -11.000 14.200 -10.000
3 0 -11.000 14.200 -10.000 -10.600 14.300 -10.000 -9.800 13.300 -10.000
3 0 -11.000 14.200 -10.000 -10.900 14.800 -10.000 -10.500 14.600 -10.000
3 0 -10.500 14.600 -10.000 -10.600 14.300 -10.000 -11.000 14.200 -10.000
3 0 -10.900 14.800 -10.000 -10.500 15.000 -10.000 -9.500 14.300 -10.000
3 0 -9.500 14.300 -10.000 -10.500 14.600 -10.000 -10.900 14.800 -10.000
3 0 -9.500 14.300 -10.000 -10.500 15.000 -10.000 -9.300 14.600 -10.000
3 0 -9.500 14.300 -10.000 -9.300 14.600 -10.000 -8.400 14.900 -10.000
3 0 -8.400 14.900 -10.000 -8.400 14.500 -10.000 -9.500 14.300 -10.000
3 0 -8.400 14.500 -10.000 -8.400 14.900 -10.000 -8.000 15.600 -10.000
3 0 -8.000 15.600 -10.000 -7.800 15.100 -10.000 -8.400 14.500 -10.000
3 0 -7.800 15.100 -10.000 -8.000 15.600 -10.000 -7.500 16.300 -10.000
3 0 -7.500 16.300 -10.000 -7.500 15.800 -10.000 -7.800 15.100 -10.000
3 0 -7.500 15.800 -10.000 -7.500 16.300 -10.000 -6.500 17.300 -10.000
3 0 -6.500 17.300 -10.000 -7.100 15.900 -10.000 -7.500 15.800 -10.000
3 0 -6.500 17.300 -10.000 -7.500 16.300 -10.000 -8.000 17.000 -10.000
3 0 -8.000 17.000 -10.000 -7.100 17.300 -10.000 -6.500 17.300 -10.000
3 0 -7.100 17.300 -10.000 -8.000 17.000 -10.000 -8.300 17.700 -10.000
3 0 -8.300 17.700 -10.000 -7.700 17.800 -10.000 -7.100 17.300 -10.000
3 0 -7.100 15.900 -10.000 -6.500 17.300 -10.000 -5.100 17.300 -10.000
3 0 -5.100 17.300 -10.000 -6.600 16.000 -10.000 -7.100 15.900 -10.000
3 0 -7.100 15.900 -10.000 -6.600 16.000 -10.000 -6.100 15.700 -10.000
3 0 -6.100 15.700 -10.000 -6.300 15.300 -10.000 -7.100 15.900 -10.000
3 0 -6.300 15.300 -10.000 -6.100 15.700 -10.000 -5.200 16.100 -10.000
3 0 -5.200 16.100 -10.000 -5.700 15.400 -10.000 -6.300 15.300 -10.000
3 0 -6.100 15.700 -10.000 -5.400 16.400 -10.000 -5.200 16.100 -10.000
3 0 -5.200 16.100 -10.000 -5.400 16.400 -10.000 -4.800 16.600 -10.000
3 0 -4.800 16.600 -10.000 -4.800 16.200 -10.000 -5.200 16.100 -10.000
3 0 -4.800 16.600 -10.000 -4.200 16.300 -10.000 -4.000 15.800 -10.000
3 0 -4.000 15.800 -10.000 -4.800 16.200 -10.000 -4.800 16.600 -10.000
3 0 -4.200 16.300 -10.000 -3.700 16.200 -10.000 -3.500 15.800 -10.000
3 0 -3.500 15.800 -10.000 -4.000 15.800 -10.000 -4.200 16.300 -10.000
3 0 -3.500 15.800 -10.000 -3.700 16.200 -10.000 -3.400 16.600 -10.000
3 0 -3.400 16.600 -10.000 -2.900 16.300 -10.000 -3.500 15.800 -10.000
3 0 -2.900 16.300 -10.000 -3.400 16.600 -10.000 -3.400 17.200 -10.000
3 0 -3.400 17.200 -10.000 -2.100 16.800 -10.000 -2.900 16.300 -10.000
3 0 -2.100 16.800 -10.000 -3.400 17.200 -10.000 -2.200 18.600 -10.000
3 0 -2.200 18.600 -10.000 -2.000 17.300 -10.000 -2.100 16.800 -10.000
3 0 -2.200 18.600 -10.000 -3.400 17.200 -10.000 -4.100 17.300 -10.000
3 0 -4.100 17.300 -10.000 -3.400 18.900 -10.000 -2.200 18.600 -10.000
3 0 -3.400 18.900 -10.000 -4.100 17.300 -10.000 -5.100 17.300 -10.000
3 0 -5.100 17.300 -10.000 -4.600 18.800 -10.000 -3.400 18.900 -10.000
3 0 -4.600 18.800 -10.000 -5.100 17.300 -10.000 -6.000 17.900 -10.000
3 0 -6.000 17.900 -10.000 -5.400 18.700 -10.000 -4.600 18.800 -10.000
3 0 -5.100 17.300 -10.000 -6.500 17.300 -10.000 -6.000 17.900 -10.000
3 0 -6.000 17.900 -10.000 -6.400 18.400 -10.000 -5.900 19.400 -10.000
3 0 -5.900 19.400 -10.000 -5.400 18.700 -10.000 -6.000 17.900 -10.000
3 0 -5.900 19.400 -10.000 -6.400 18.400 -10.000 -7.300 18.400 -10.000
3 0 -7.300 18.400 -10.000 -6.700 19.400 -10.000 -5.900 19.400 -10.000
3 0 -7.300 18.400 -10.000 -7.400 18.800 -10.000 -6.700 19.400 -10.000
3 0 -2.200 18.600 -10.000 -1.200 18.800 -10.000 -1.000 17.700 -10.000
3 0 -1.000 17.700 -10.000 -2.000 17.300 -10.000 -2.200 18.600 -10.000
3 0 -1.200 18.800 -10.000 0.000 19.000 -10.000 0.000 17.800 -10.000
3 0 0.000 17.800 -10.000 -1.000 17.700 -10.000 -1.200 18.800 -10.000
3 0 -2.200 18.600 -10.000 -3.400 18.900 -10.000 -3.500 20.300 -10.000
3 0 -3.500 20.300 -10.000 -2.200 19.100 -10.000 -2.200 18.600 -10.000
3 0 -3.500 20.300 -10.000 -2.500 20.500 -10.000 -2.100 20.300 -10.000
3 0 -2.100 20.300 -10.000 -2.200 19.100 -10.000 -3.500 20.300 -10.000
3 0 -2.200 19.100 -10.000 -2.100 20.300 -10.000 -1.100 20.600 -10.000
3 0 -1.100 20.600 -10.000 -1.100 19.600 -10.000 -2.200 19.100 -10.000
3 0 -1.100 19.600 -10.000 -1.100 20.600 -10.000 0.000 20.800 -10.000
3 0 0.000 20.800 -10.000 0.000 19.800 -10.000 -1.100 19.600 -10.000
3 0 -4.000 20.800 -10.000 -5.200 21.400 -10.000 -4.000 23.800 -10.000
3 0 -4.000 23.800 -10.000 -2.800 23.500 -10.000 -4.000 20.800 -10.000
3 0 -5.200 21.400 -10.000 -6.100 22.000 -10.000 -4.700 24.300 -10.000
3 0 -4.700 24.300 -10.000 -4.000 23.800 -10.000 -5.200 21.400 -10.000
3 0 -6.100 22.000 -10.000 -6.700 22.900 -10.000 -5.100 25.000 -10.000
3 0 -5.100 25.000 -10.000 -4.700 24.300 -10.000 -6.100 22.000 -10.000
3 0 -6.700 22.900 -10.000 -6.900 24.500 -10.000 -4.900 25.600 -10.000
3 0 -4.900 25.600 -10.000 -5.100 25.000 -10.000 -6.700 22.900 -10.000
3 0 -4.900 25.600 -10.000 -6.900 24.500 -10.000 -6.800 25.700 -10.000
3 0 -6.800 25.700 -10.000 -5.400 26.200 -10.000 -4.900 25.600 -10.000
3 0 -6.800 25.700 -10.000 -7.000 26.100 -10.000 -5.400 26.700 -10.000
3 0 -5.400 26.700 -10.000 -5.400 26.200 -10.000 -6.800 25.700 -10.000
3 0 -7.000 26.100 -10.000 -6.200 27.400 -10.000 -4.800 27.300 -10.000
3 0 -4.800 27.300 -10.000 -5.400 26.700 -10.000 -7.000 26.100 -10.000
3 0 -4.800 27.300 -10.000 -6.200 27.400 -10.000 -5.400 27.700 -10.000
3 0 -4.800 27.300 -10.000 -5.400 27.700 -10.000 -5.300 28.100 -10.000
3 0 -5.300 28.100 -10.000 -4.800 28.000 -10.000 -4.800 27.300 -10.000
3 0 -6.200 27.400 -10.000 -7.000 26.100 -10.000 -7.800 26.900 -10.000
3 0 -7.800 26.900 -10.000 -6.800 27.500 -10.000 -6.200 27.400 -10.000
3 0 -7.800 26.900 -10.000 -8.000 27.700 -10.000 -7.000 28.100 -10.000
3 0 -7.000 28.100 -10.000 -6.800 27.500 -10.000 -7.800 26.900 -10.000
3 0 -8.000 27.700 -10.000 -7.600 28.800 -10.000 -6.800 28.900 -10.000
3 0 -6.800 28.900 -10.000 -7.000 28.100 -10.000 -8.000 27.700 -10.000
3 0 -7.600 28.800 -10.000 -7.200 29.100 -10.000 -6.800 28.900 -10.000
3 0 -7.000 26.100 -10.000 -8.200 25.900 -10.000 -8.200 26.900 -10.000
3 0 -8.200 26.900 -10.000 -7.800 26.900 -10.000 -7.000 26.100 -10.000
3 0 -8.200 25.900 -10.000 -9.000 26.500 -10.000 -8.800 27.300 -10.000
3 0 -8.800 27.300 -10.000 -8.200 26.900 -10.000 -8.200 25.900 -10.000
3 0 -9.000 26.500 -10.000 -9.400 27.300 -10.000 -9.400 28.100 -10.000
3 0 -9.400 28.100 -10.000 -8.800 27.300 -10.000 -9.000 26.500 -10.000
3 0 -8.800 27.300 -10.000 -9.400 28.100 -10.000 -8.900 28.100 -10.000
3 0 0.000 17.000 -10.000 0.000 17.800 -10.000 1.400 17.500 -10.000
3 0 1.400 17.500 -10.000 1.000 17.000 -10.000 0.000 17.000 -10.000
3 0 1.000 17.000 -10.000 1.400 17.500 -10.000 1.900 17.200 -10.000
3 0 1.900 17.200 -10.000 1.800 16.800 -10.000 1.000 17.000 -10.000
3 0 0.000 19.000 -10.000 0.000 19.800 -10.000 1.300 19.600 -10.000
3 0 1.300 19.600 -10.000 1.300 18.800 -10.000 0.000 19.000 -10.000
3 0 1.300 18.800 -10.000 1.300 19.600 -10.000 2.300 19.300 -10.000
3 0 2.300 19.300 -10.000 2.200 18.700 -10.000 1.300 18.800 -10.000
3 0 0.000 20.800 -10.000 0.000 21.700 -10.000 1.100 21.600 -10.000
3 0 1.100 21.600 -10.000 1.100 20.700 -10.000 0.000 20.800 -10.000
3 0 1.100 21.600 -10.000 1.900 21.100 -10.000 2.000 20.500 -10.000
3 0 2.000 20.500 -10.000 1.100 20.700 -10.000 1.100 21.600 -10.000
3 0 -2.500 20.500 -10.000 -3.500 20.300 -10.000 -2.000 23.300 -10.000
3 0 -2.000 23.300 -10.000 -2.300 20.900 -10.000 -2.500 20.500 -10.000
3 0 -2.300 20.900 -10.000 -2.000 23.300 -10.000 -1.500 23.600 -10.000
3 0 -1.500 23.600 -10.000 -1.200 21.500 -10.000 -2.300 20.900 -10.000
3 0 -1.500 23.600 -10.000 0.000 22.700 -10.000 0.000 21.700 -10.000
3 0 0.000 21.700 -10.000 -1.200 21.500 -10.000 -1.500 23.600 -10.000
3 0 0.000 22.700 -10.000 -1.500 23.600 -10.000 -0.900 24.700 -10.000
3 0 -0.900 24.700 -10.000 0.400 23.900 -10.000 0.000 22.700 -10.000
3 0 0.400 23.900 -10.000 -0.900 24.700 -10.000 0.900 25.200 -10.000
3 0 0.900 25.200 -10.000 0.800 24.500 -10.000 0.400 23.900 -10.000
3 0 -0.900 24.700 -10.000 -0.900 25.800 -10.000 0.600 25.700 -10.000
3 0 0.600 25.700 -10.000 0.900 25.200 -10.000 -0.900 24.700 -10.000
3 0 0.600 25.700 -10.000 -0.900 25.800 -10.000 -1.300 26.500 -10.000
3 0 -1.300 26.500 -10.000 0.000 26.300 -10.000 0.600 25.700 -10.000
3 0 0.000 26.300 -10.000 -1.300 26.500 -10.000 -1.500 27.500 -10.000
3 0 -1.500 27.500 -10.000 -0.400 27.200 -10.000 0.000 26.300 -10.000
3 0 -0.400 27.200 -10.000 -1.500 27.500 -10.000 -1.200 28.500 -10.000
3 0 -1.200 28.500 -10.000 -0.400 27.900 -10.000 -0.400 27.200 -10.000
3 0 -0.400 27.900 -10.000 -1.200 28.500 -10.000 -0.600 29.200 -10.000
3 0 -0.600 29.200 -10.000 0.100 28.600 -10.000 -0.400 27.900 -10.000
3 0 0.100 28.600 -10.000 -0.600 29.200 -10.000 0.000 29.500 -10.000
3 0 0.000 29.500 -10.000 0.900 28.900 -10.000 0.100 28.600 -10.000
3 0 0.000 29.500 -10.000 0.000 32.000 -10.000 1.400 28.800 -10.000
3 0 1.400 28.800 -10.000 0.900 28.900 -10.000 0.000 29.500 -10.000
3 0 0.000 32.000 -10.000 4.700 28.000 -10.000 4.400 27.700 -10.000
3 0 4.400 27.700 -10.000 1.400 28.800 -10.000 0.000 32.000 -10.000
3 0 4.400 27.700 -10.000 1.400 28.500 -10.000 1.400 28.800 -10.000
3 0 1.400 28.500 -10.000 4.400 27.700 -10.000 4.700 27.200 -10.000
3 0 4.700 27.200 -10.000 0.800 28.100 -10.000 1.400 28.500 -10.000
3 0 0.800 28.100 -10.000 4.700 27.200 -10.000 1.200 27.100 -10.000
3 0 1.200 27.100 -10.000 0.800 27.600 -10.000 0.800 28.100 -10.000
3 0 1.200 27.100 -10.000 4.700 27.200 -10.000 5.500 26.500 -10.000
3 0 5.500 26.500 -10.000 2.200 26.600 -10.000 1.200 27.100 -10.000
3 0 5.500 26.500 -10.000 5.300 26.000 -10.000 4.700 25.800 -10.000
3 0 4.700 25.800 -10.000 2.200 26.600 -10.000 5.500 26.500 -10.000
3 0 2.200 26.600 -10.000 4.700 25.800 -10.000 4.700 25.400 -10.000
3 0 4.700 25.400 -10.000 2.900 25.700 -10.000 2.200 26.600 -10.000
3 0 2.900 25.700 -10.000 4.700 25.400 -10.000 4.900 24.900 -10.000
3 0 4.900 24.900 -10.000 2.900 24.700 -10.000 2.900 25.700 -10.000
3 0 4.900 24.900 -10.000 4.800 24.400 -10.000 4.300 24.100 -10.000
3 0 4.300 24.100 -10.000 2.900 24.700 -10.000 4.900 24.900 -10.000
3 0 3.200 24.000 -10.000 2.900 24.700 -10.000 4.300 24.100 -10.000
3 0 2.900 24.700 -10.000 3.200 24.000 -10.000 3.000 23.300 -10.000
3 0 3.000 23.300 -10.000 2.600 23.400 -10.000 2.900 24.700 -10.000
3 0 2.600 23.400 -10.000 3.000 23.300 -10.000 3.200 22.500 -10.000
3 0 3.200 22.500 -10.000 2.700 22.400 -10.000 2.600 23.400 -10.000
3 0 2.700 22.400 -10.000 3.200 22.500 -10.000 3.600 21.700 -10.000
3 0 3.600 21.700 -10.000 3.200 21.500 -10.000 2.700 22.400 -10.000
3 0 3.200 21.500 -10.000 3.600 21.700 -10.000 3.900 20.800 -10.000
3 0 3.900 20.800 -10.000 3.400 20.800 -10.000 3.200 21.500 -10.000
3 0 3.400 20.800 -10.000 3.900 20.800 -10.000 3.700 18.700 -10.000
3 0 3.700 18.700 -10.000 3.300 19.100 -10.000 3.400 20.800 -10.000
3 0 3.700 18.700 -10.000 3.900 20.800 -10.000 4.900 21.200 -10.000
3 0 4.900 21.200 -10.000 4.300 19.000 -10.000 3.700 18.700 -10.000
3 0 4.300 19.000 -10.000 4.900 21.200 -10.000 6.000 19.400 -10.000
3 0 6.000 19.400 -10.000 4.800 19.000 -10.000 4.300 19.000 -10.000
3 0 6.000 19.400 -10.000 5.700 18.900 -10.000 5.400 18.700 -10.000
3 0 5.400 18.700 -10.000 4.800 19.000 -10.000 6.000 19.400 -10.000
3 0 6.000 19.400 -10.000 4.900 21.200 -10.000 5.800 22.000 -10.000
3 0 5.800 22.000 -10.000 6.600 19.500 -10.000 6.000 19.400 -10.000
3 0 6.600 19.500 -10.000 5.800 22.000 -10.000 6.700 23.300 -10.000
3 0 6.700 23.300 -10.000 7.200 19.300 -10.000 6.600 19.500 -10.000
3 0 7.200 19.300 -10.000 6.700 23.300 -10.000 6.900 24.700 -10.000
3 0 6.900 24.700 -10.000 12.000 22.900 -10.000 7.200 19.300 -10.000
3 0 12.000 22.900 -10.000 6.900 24.700 -10.000 11.800 25.500 -10.000
3 0 11.800 25.500 -10.000 12.200 23.500 -10.000 12.000 22.900 -10.000
3 0 11.800 25.500 -10.000 6.900 24.700 -10.000 8.100 25.900 -10.000
3 0 8.100 25.900 -10.000 11.200 25.700 -10.000 11.800 25.500 -10.000
3 0 6.900 24.700 -10.000 6.900 25.900 -10.000 8.100 25.900 -10.000
3 0 8.100 25.900 -10.000 8.900 26.300 -10.000 11.000 26.300 -10.000
3 0 11.000 26.300 -10.000 11.200 25.700 -10.000 8.100 25.900 -10.000
3 0 8.900 26.300 -10.000 9.400 27.200 -10.000 11.200 26.900 -10.000
3 0 11.200 26.900 -10.000 11.000 26.300 -10.000 8.900 26.300 -10.000
3 0 9.400 27.200 -10.000 9.000 28.100 -10.000 12.400 29.300 -10.000
3 0 12.400 29.300 -10.000 11.200 26.900 -10.000 9.400 27.200 -10.000
3 0 12.400 29.300 -10.000 9.000 28.100 -10.000 8.700 28.100 -10.000
3 0 8.700 28.100 -10.000 10.000 32.000 -10.000 12.400 29.300 -10.000
3 0 10.000 32.000 -10.000 8.700 28.100 -10.000 8.300 27.300 -10.000
3 0 8.300 27.300 -10.000 7.700 28.400 -10.000 10.000 32.000 -10.000
3 0 7.700 28.400 -10.000 8.300 27.300 -10.000 7.900 27.000 -10.000
3 0 7.900 27.000 -10.000 7.500 27.300 -10.000 7.700 28.400 -10.000
3 0 7.700 28.400 -10.000 7.300 29.000 -10.000 10.000 32.000 -10.000
3 0 10.000 32.000 -10.000 7.300 29.000 -10.000 6.800 28.900 -10.000
3 0 6.800 28.900 -10.000 0.000 32.000 -10.000 10.000 32.000 -10.000
3 0 0.000 32.000 -10.000 6.800 28.900 -10.000 6.500 28.500 -10.000
3 0 6.500 28.500 -10.000 4.700 28.000 -10.000 0.000 32.000 -10.000
3 0 4.700 28.000 -10.000 6.500 28.500 -10.000 5.900 27.500 -10.000
3 0 5.900 27.500 -10.000 5.200 27.600 -10.000 4.700 28.000 -10.000
3 0 5.900 27.500 -10.000 6.500 28.500 -10.000 6.300 27.600 -10.000
3 0 11.200 26.900 -10.000 12.400 29.300 -10.000 11.800 27.100 -10.000
3 0 12.400 26.900 -10.000 11.800 27.100 -10.000 12.400 29.300 -10.000
3 0 12.400 29.300 -10.000 14.100 26.200 -10.000 12.600 26.300 -10.000
3 0 12.600 26.300 -10.000 12.400 26.900 -10.000 12.400 29.300 -10.000
3 0 14.100 26.200 -10.000 13.400 23.500 -10.000 12.800 23.700 -10.000
3 0 12.800 23.700 -10.000 12.600 26.300 -10.000 14.100 26.200 -10.000
3 0 12.600 26.300 -10.000 12.800 23.700 -10.000 12.200 23.500 -10.000
3 0 12.200 23.500 -10.000 12.400 25.700 -10.000 12.600 26.300 -10.000
3 0 12.200 23.500 -10.000 11.800 25.500 -10.000 12.400 25.700 -10.000
3 0 14.100 26.200 -10.000 15.100 22.900 -10.000 13.600 22.900 -10.000
3 0 13.600 22.900 -10.000 13.400 23.500 -10.000 14.100 26.200 -10.000
3 0 13.600 22.900 -10.000 15.100 22.900 -10.000 13.900 19.700 -10.000
3 0 13.900 19.700 -10.000 13.400 22.300 -10.000 13.600 22.900 -10.000
3 0 13.900 19.700 -10.000 13.300 19.900 -10.000 12.800 22.100 -10.000
3 0 12.800 22.100 -10.000 13.400 22.300 -10.000 13.900 19.700 -10.000
3 0 13.300 19.900 -10.000 12.700 19.700 -10.000 12.200 22.300 -10.000
3 0 12.200 22.300 -10.000 12.800 22.100 -10.000 13.300 19.900 -10.000
3 0 12.700 19.700 -10.000 7.200 19.300 -10.000 12.000 22.900 -10.000
3 0 12.000 22.900 -10.000 12.200 22.300 -10.000 12.700 19.700 -10.000
3 0 12.700 19.700 -10.000 12.500 19.100 -10.000 7.100 18.800 -10.000
3 0 7.100 18.800 -10.000 7.200 19.300 -10.000 12.700 19.700 -10.000
3 0 12.500 19.100 -10.000 7.400 17.700 -10.000 6.400 18.700 -10.000
3 0 6.400 18.700 -10.000 7.100 18.800 -10.000 12.500 19.100 -10.000
3 0 7.400 17.700 -10.000 6.600 17.600 -10.000 6.200 18.000 -10.000
3 0 6.200 18.000 -10.000 6.400 18.700 -10.000 7.400 17.700 -10.000
3 0 7.400 17.700 -10.000 12.500 19.100 -10.000 12.700 18.500 -10.000
3 0 12.700 18.500 -10.000 7.800 17.500 -10.000 7.400 17.700 -10.000
3 0 7.800 17.500 -10.000 12.700 18.500 -10.000 7.900 16.000 -10.000
3 0 7.900 16.000 -10.000 7.800 17.100 -10.000 7.800 17.500 -10.000
3 0 7.900 16.000 -10.000 7.400 16.200 -10.000 7.200 16.600 -10.000
3 0 7.200 16.600 -10.000 7.800 17.100 -10.000 7.900 16.000 -10.000
3 0 7.400 16.200 -10.000 7.100 15.600 -10.000 6.400 16.600 -10.000
3 0 6.400 16.600 -10.000 7.200 16.600 -10.000 7.400 16.200 -10.000
3 0 7.100 15.600 -10.000 6.500 15.400 -10.000 5.900 15.600 -10.000
3 0 5.900 15.600 -10.000 6.400 16.600 -10.000 7.100 15.600 -10.000
3 0 5.900 15.600 -10.000 5.500 16.300 -10.000 5.400 17.100 -10.000
3 0 5.400 17.100 -10.000 6.400 16.600 -10.000 5.900 15.600 -10.000
3 0 5.500 16.300 -10.000 5.000 16.500 -10.000 4.000 17.100 -10.000
3 0 4.000 17.100 -10.000 5.400 17.100 -10.000 5.500 16.300 -10.000
3 0 5.000 16.500 -10.000 4.400 16.200 -10.000 3.800 16.200 -10.000
3 0 3.800 16.200 -10.000 4.000 17.100 -10.000 5.000 16.500 -10.000
3 0 3.800 16.200 -10.000 3.200 16.500 -10.000 2.700 16.800 -10.000
3 0 2.700 16.800 -10.000 4.000 17.100 -10.000 3.800 16.200 -10.000
3 0 3.200 16.500 -10.000 2.500 16.000 -10.000 2.100 16.100 -10.000
3 0 2.100 16.100 -10.000 2.700 16.800 -10.000 3.200 16.500 -10.000
3 0 2.500 16.000 -10.000 2.500 15.300 -10.000 1.900 14.200 -10.000
3 0 1.900 14.200 -10.000 2.100 16.100 -10.000 2.500 16.000 -10.000
3 0 2.500 15.300 -10.000 3.100 14.600 -10.000 3.400 13.200 -10.000
3 0 3.400 13.200 -10.000 1.900 14.200 -10.000 2.500 15.300 -10.000
3 0 3.400 13.200 -10.000 2.200 12.700 -10.000 1.700 14.000 -10.000
3 0 1.700 14.000 -10.000 1.900 14.200 -10.000 3.400 13.200 -10.000
3 0 2.200 12.700 -10.000 0.700 13.900 -10.000 1.200 14.100 -10.000
3 0 1.200 14.100 -10.000 1.700 14.000 -10.000 2.200 12.700 -10.000
3 0 1.200 14.100 -10.000 0.700 13.900 -10.000 -0.600 14.700 -10.000
3 0 -0.600 14.700 -10.000 0.500 14.500 -10.000 1.200 14.100 -10.000
3 0 0.500 14.500 -10.000 -0.600 14.700 -10.000 -1.200 15.200 -10.000
3 0 -1.200 15.200 -10.000 0.000 15.000 -10.000 0.500 14.500 -10.000
3 0 -2.900 16.300 -10.000 -2.100 16.800 -10.000 -1.900 16.200 -10.000
3 0 -1.900 16.200 -10.000 -2.400 16.200 -10.000 -2.900 16.300 -10.000
3 0 -2.100 16.800 -10.000 -1.100 16.900 -10.000 0.000 17.000 -10.000
3 0 0.000 17.000 -10.000 0.000 15.000 -10.000 -2.100 16.800 -10.000
3 0 -0.600 14.700 -10.000 -1.200 14.800 -10.000 -1.200 15.200 -10.000
3 0 -1.200 15.200 -10.000 -1.900 16.200 -10.000 -2.100 16.800 -10.000
3 0 -2.100 16.800 -10.000 0.000 15.000 -10.000 -1.200 15.200 -10.000
3 0 -2.400 16.200 -10.000 -1.900 16.200 -10.000 -2.100 15.400 -10.000
3 0 -2.100 15.400 -10.000 -2.400 15.600 -10.000 -2.400 16.200 -10.000
3 0 -2.400 15.600 -10.000 -2.100 15.400 -10.000 -3.100 14.400 -10.000
3 0 -3.100 14.400 -10.000 -3.500 14.600 -10.000 -2.400 15.600 -10.000
3 0 -3.500 14.600 -10.000 -3.100 14.400 -10.000 -2.800 13.000 -10.000
3 0 -2.800 13.000 -10.000 -3.500 13.500 -10.000 -3.500 14.600 -10.000
3 0 -2.800 13.000 -10.000 -3.800 12.200 -10.000 -3.700 13.400 -10.000
3 0 -3.700 13.400 -10.000 -3.500 13.500 -10.000 -2.800 13.000 -10.000
3 0 -3.800 12.200 -10.000 -4.300 12.600 -10.000 -4.400 13.800 -10.000
3 0 -4.400 13.800 -10.000 -3.700 13.400 -10.000 -3.800 12.200 -10.000
3 0 -4.300 12.600 -10.000 -4.900 13.200 -10.000 -4.400 13.800 -10.000
3 0 -2.800 13.000 -10.000 -3.200 11.700 -10.000 -4.000 11.500 -10.000
3 0 -4.000 11.500 -10.000 -3.800 12.200 -10.000 -2.800 13.000 -10.000
3 0 -3.200 11.700 -10.000 -3.200 11.300 -10.000 -3.700 10.900 -10.000
3 0 -3.700 10.900 -10.000 -4.000 11.500 -10.000 -3.200 11.700 -10.000
3 0 -3.700 10.900 -10.000 -3.200 11.300 -10.000 -2.900 11.400 -10.000
3 0 -2.900 11.400 -10.000 -3.100 10.800 -10.000 -3.700 10.900 -10.000
3 0 -2.900 11.400 -10.000 -1.900 11.000 -10.000 -2.200 10.600 -10.000
3 0 -2.200 10.600 -10.000 -3.100 10.800 -10.000 -2.900 11.400 -10.000
3 0 -1.900 11.000 -10.000 -1.400 10.800 -10.000 -1.200 9.700 -10.000
3 0 -1.200 9.700 -10.000 -2.200 10.600 -10.000 -1.900 11.000 -10.000
3 0 -1.200 9.700 -10.000 -1.400 10.800 -10.000 -0.900 11.100 -10.000
3 0 -0.900 11.100 -10.000 -0.800 10.600 -10.000 -1.200 9.700 -10.000
3 0 -0.800 10.600 -10.000 -0.500 10.000 -10.000 -0.700 9.500 -10.000
3 0 -0.700 9.500 -10.000 -1.200 9.700 -10.000 -0.800 10.600 -10.000
3 0 -0.700 9.500 -10.000 -1.000 9.200 -10.000 -1.500 9.400 -10.000
3 0 -1.500 9.400 -10.000 -1.200 9.700 -10.000 -0.700 9.500 -10.000
3 0 -1.500 9.400 -10.000 -1.000 9.200 -10.000 -1.000 8.700 -10.000
3 0 -1.000 8.700 -10.000 -1.400 8.900 -10.000 -1.500 9.400 -10.000
3 0 -1.400 8.900 -10.000 -1.000 8.700 -10.000 -0.700 8.400 -10.000
3 0 -0.700 8.400 -10.000 -1.200 8.300 -10.000 -1.400 8.900 -10.000
3 0 -1.200 8.300 -10.000 -0.700 8.400 -10.000 0.000 7.800 -10.000
3 0 0.000 7.800 -10.000 -0.700 7.900 -10.000 -1.200 8.300 -10.000
3 0 -0.700 7.900 -10.000 0.000 7.800 -10.000 -0.600 6.400 -10.000
3 0 -0.600 6.400 -10.000 -1.000 7.500 -10.000 -0.700 7.900 -10.000
3 0 -0.600 6.400 -10.000 -1.300 5.500 -10.000 -1.700 8.000 -10.000
3 0 -1.700 8.000 -10.000 -1.000 7.500 -10.000 -0.600 6.400 -10.000
3 0 -1.300 5.500 -10.000 -1.900 5.300 -10.000 -2.400 5.600 -10.000
3 0 -2.400 5.600 -10.000 -1.700 8.000 -10.000 -1.300 5.500 -10.000
3 0 -2.400 5.600 -10.000 -2.700 7.100 -10.000 -2.000 8.700 -10.000
3 0 -2.000 8.700 -10.000 -1.700 8.000 -10.000 -2.400 5.600 -10.000
3 0 -2.700 7.100 -10.000 -2.600 8.300 -10.000 -2.400 8.900 -10.000
3 0 -2.400 8.900 -10.000 -2.000 8.700 -10.000 -2.700 7.100 -10.000
3 0 -0.700 8.400 -10.000 -0.400 8.700 -10.000 0.400 8.500 -10.000
3 0 0.400 8.500 -10.000 0.000 7.800 -10.000 -0.700 8.400 -10.000
3 0 -0.400 8.700 -10.000 -0.400 9.200 -10.000 0.300 9.700 -10.000
3 0 0.300 9.700 -10.000 0.400 8.500 -10.000 -0.400 8.700 -10.000
3 0 -0.400 9.200 -10.000 -0.700 9.500 -10.000 -0.500 10.000 -10.000
3 0 -0.500 10.000 -10.000 0.300 9.700 -10.000 -0.400 9.200 -10.000
3 0 -2.000 13.900 -10.000 -2.300 13.700 -10.000 -2.500 13.700 -10.000
3 0 -2.500 13.700 -10.000 -2.000 14.600 -10.000 -2.000 13.900 -10.000
3 0 -3.200 11.700 -10.000 -2.800 13.000 -10.000 -2.400 12.300 -10.000
3 0 -2.400 12.300 -10.000 -2.900 11.800 -10.000 -3.200 11.700 -10.000
3 0 -2.400 12.300 -10.000 -2.200 11.800 -10.000 -2.900 11.400 -10.000
3 0 -2.900 11.400 -10.000 -2.900 11.800 -10.000 -2.400 12.300 -10.000
3 0 -1.900 11.000 -10.000 -2.900 11.400 -10.000 -2.200 11.800 -10.000
3 0 -2.400 12.300 -10.000 -2.800 13.000 -10.000 -2.400 13.000 -10.000
3 0 -2.400 13.000 -10.000 -2.300 12.800 -10.000 -2.400 12.300 -10.000
3 0 -2.300 12.800 -10.000 -2.400 13.000 -10.000 -1.600 12.900 -10.000
3 0 -1.600 12.900 -10.000 -1.800 12.700 -10.000 -2.300 12.800 -10.000
3 0 -2.400 13.000 -10.000 -2.300 13.700 -10.000 -2.000 13.900 -10.000
3 0 -2.000 13.900 -10.000 -1.600 12.900 -10.000 -2.400 13.000 -10.000
3 0 -1.600 12.900 -10.000 -2.000 13.900 -10.000 -1.500 13.900 -10.000
3 0 -1.500 13.900 -10.000 -1.300 13.600 -10.000 -1.600 12.900 -10.000
3 0 -1.300 13.600 -10.000 -1.500 13.900 -10.000 -1.200 14.300 -10.000
3 0 -1.200 14.300 -10.000 -1.100 13.600 -10.000 -1.300 13.600 -10.000
3 0 -1.200 14.300 -10.000 -0.900 14.300 -10.000 -0.800 13.600 -10.000
3 0 -0.800 13.600 -10.000 -1.100 13.600 -10.000 -1.200 14.300 -10.000
3 0 -1.100 13.600 -10.000 -0.800 13.600 -10.000 -0.700 12.400 -10.000
3 0 -0.700 12.400 -10.000 -1.100 12.900 -10.000 -1.100 13.600 -10.000
3 0 -0.700 12.400 -10.000 -1.100 12.500 -10.000 -1.400 12.600 -10.000
3 0 -1.400 12.600 -10.000 -1.100 12.900 -10.000 -0.700 12.400 -10.000
3 0 -1.100 12.500 -10.000 -1.500 12.200 -10.000 -1.800 12.700 -10.000
3 0 -1.800 12.700 -10.000 -1.400 12.600 -10.000 -1.100 12.500 -10.000
3 0 -1.400 12.600 -10.000 -1.800 12.700 -10.000 -1.600 12.900 -10.000
3 0 -0.800 13.600 -10.000 -0.600 13.400 -10.000 0.300 12.400 -10.000
3 0 0.300 12.400 -10.000 -0.700 12.400 -10.000 -0.800 13.600 -10.000
3 0 -0.600 13.400 -10.000 -0.200 13.600 -10.000 0.200 13.400 -10.000
3 0 0.200 13.400 -10.000 0.300 12.400 -10.000 -0.600 13.400 -10.000
3 0 0.300 12.400 -10.000 0.500 12.000 -10.000 -0.500 11.600 -10.000
3 0 -0.500 11.600 -10.000 -0.700 12.400 -10.000 0.300 12.400 -10.000
3 0 -0.500 11.600 -10.000 0.500 12.000 -10.000 0.800 11.400 -10.000
3 0 0.800 11.400 -10.000 -0.100 11.300 -10.000 -0.500 11.600 -10.000
3 0 0.500 12.000 -10.000 1.000 12.100 -10.000 1.600 11.900 -10.000
3 0 1.600 11.900 -10.000 0.800 11.400 -10.000 0.500 12.000 -10.000
3 0 0.800 11.400 -10.000 1.600 11.900 -10.000 1.700 10.900 -10.000
3 0 1.700 10.900 -10.000 1.200 11.000 -10.000 0.800 11.400 -10.000
3 0 1.200 11.000 -10.000 1.700 10.900 -10.000 1.600 10.000 -10.000
3 0 1.600 10.000 -10.000 1.200 10.300 -10.000 1.200 11.000 -10.000
3 0 1.700 10.900 -10.000 2.100 10.400 -10.000 2.400 9.600 -10.000
3 0 2.400 9.600 -10.000 1.600 10.000 -10.000 1.700 10.900 -10.000
3 0 2.400 9.600 -10.000 2.100 10.400 -10.000 2.900 9.900 -10.000
3 0 -1.200 11.400 -10.000 -1.500 11.500 -10.000 -1.500 11.900 -10.000
3 0 -1.500 11.900 -10.000 -1.200 11.800 -10.000 -1.200 11.400 -10.000
3 0 1.500 8.400 -10.000 1.200 8.700 -10.000 1.200 9.200 -10.000
3 0 1.200 9.200 -10.000 1.800 8.700 -10.000 1.500 8.400 -10.000
3 0 1.800 8.700 -10.000 1.200 9.200 -10.000 1.500 9.600 -10.000
3 0 1.500 9.600 -10.000 1.800 9.200 -10.000 1.800 8.700 -10.000
3 0 0.400 8.500 -10.000 0.700 7.900 -10.000 0.000 5.200 -10.000
3 0 0.000 5.200 -10.000 0.000 7.800 -10.000 0.400 8.500 -10.000
3 0 0.700 7.900 -10.000 1.600 4.500 -10.000 0.000 4.600 -10.000
3 0 0.000 4.600 -10.000 0.000 5.200 -10.000 0.700 7.900 -10.000
3 0 0.000 5.200 -10.000 0.000 4.600 -10.000 -1.600 4.500 -10.000
3 0 -1.600 4.500 -10.000 -1.600 5.100 -10.000 0.000 5.200 -10.000
3 0 -1.600 5.100 -10.000 -1.600 4.500 -10.000 -3.300 4.000 -10.000
3 0 -3.300 4.000 -10.000 -3.000 4.900 -10.000 -1.600 5.100 -10.000
3 0 -3.000 4.900 -10.000 -3.300 4.000 -10.000 -5.000 2.700 -10.000
3 0 -5.000 2.700 -10.000 -3.600 4.700 -10.000 -3.000 4.900 -10.000
3 0 -3.600 4.700 -10.000 -5.000 2.700 -10.000 -6.600 1.000 -10.000
3 0 -6.600 1.000 -10.000 -5.400 3.200 -10.000 -3.600 4.700 -10.000
3 0 -6.600 1.000 -10.000 -7.500 1.000 -10.000 -5.400 3.200 -10.000
3 0 -3.600 4.700 -10.000 -5.200 7.900 -10.000 -4.500 8.100 -10.000
3 0 -4.500 8.100 -10.000 -3.000 4.900 -10.000 -3.600 4.700 -10.000
3 0 -5.200 7.900 -10.000 -7.100 10.400 -10.000 -6.500 10.700 -10.000
3 0 -6.500 10.700 -10.000 -4.500 8.100 -10.000 -5.200 7.900 -10.000
3 0 -7.100 10.400 -10.000 -9.600 12.000 -10.000 -8.100 12.000 -10.000
3 0 -8.100 12.000 -10.000 -6.500 10.700 -10.000 -7.100 10.400 -10.000
3 0 -8.700 12.600 -10.000 -7.400 12.300 -10.000 -6.800 11.900 -10.000
3 0 -6.800 11.900 -10.000 -8.100 12.000 -10.000 -8.700 12.600 -10.000
3 0 -7.400 12.300 -10.000 -5.800 12.400 -10.000 -5.500 12.100 -10.000
3 0 -5.500 12.100 -10.000 -6.800 11.900 -10.000 -7.400 12.300 -10.000
3 0 -5.500 12.100 -10.000 -5.800 12.400 -10.000 -4.900 13.200 -10.000
3 0 -4.900 13.200 -10.000 -4.300 12.600 -10.000 -5.500 12.100 -10.000
3 0 0.700 7.900 -10.000 1.300 7.700 -10.000 1.900 7.300 -10.000
3 0 1.900 7.300 -10.000 1.600 4.500 -10.000 0.700 7.900 -10.000
3 0 1.300 7.700 -10.000 1.800 7.900 -10.000 2.400 7.700 -10.000
3 0 2.400 7.700 -10.000 1.900 7.300 -10.000 1.300 7.700 -10.000
3 0 1.800 7.900 -10.000 2.300 8.500 -10.000 2.800 8.000 -10.000
3 0 2.800 8.000 -10.000 2.400 7.700 -10.000 1.800 7.900 -10.000
3 0 2.400 7.700 -10.000 2.800 8.000 -10.000 3.100 7.200 -10.000
3 0 3.100 7.200 -10.000 2.900 6.900 -10.000 2.400 7.700 -10.000
3 0 2.800 8.000 -10.000 2.300 8.500 -10.000 3.200 8.700 -10.000
3 0 3.200 8.700 -10.000 3.000 8.300 -10.000 2.800 8.000 -10.000
3 0 3.700 7.900 -10.000 3.000 8.300 -10.000 3.200 8.700 -10.000
3 0 2.300 8.500 -10.000 3.200 9.400 -10.000 3.500 9.100 -10.000
3 0 3.500 9.100 -10.000 3.200 8.700 -10.000 2.300 8.500 -10.000
3 0 1.900 7.300 -10.000 2.800 5.500 -10.000 3.300 4.000 -10.000
3 0 3.300 4.000 -10.000 1.600 4.500 -10.000 1.900 7.300 -10.000
3 0 2.800 5.500 -10.000 3.200 5.200 -10.000 3.600 4.700 -10.000
3 0 3.600 4.700 -10.000 3.300 4.000 -10.000 2.800 5.500 -10.000
3 0 3.300 4.000 -10.000 3.600 4.700 -10.000 5.400 3.200 -10.000
3 0 5.400 3.200 -10.000 5.000 2.700 -10.000 3.300 4.000 -10.000
3 0 5.000 2.700 -10.000 5.400 3.200 -10.000 7.500 1.000 -10.000
3 0 7.500 1.000 -10.000 6.600 1.000 -10.000 5.000 2.700 -10.000
3 0 3.600 4.700 -10.000 3.200 5.200 -10.000 3.600 5.400 -10.000
3 0 3.600 4.700 -10.000 3.600 5.400 -10.000 3.700 6.700 -10.000
3 0 3.700 6.700 -10.000 4.400 7.200 -10.000 3.600 4.700 -10.000
3 0 3.700 6.700 -10.000 3.800 7.200 -10.000 4.400 7.200 -10.000
3 0 3.600 4.700 -10.000 4.400 7.200 -10.000 4.600 7.800 -10.000
3 0 4.600 7.800 -10.000 5.200 7.900 -10.000 3.600 4.700 -10.000
3 0 5.200 7.900 -10.000 4.600 7.800 -10.000 4.300 8.300 -10.000
3 0 4.300 8.300 -10.000 4.700 8.700 -10.000 5.200 7.900 -10.000
3 0 5.200 7.900 -10.000 4.700 8.700 -10.000 4.700 9.200 -10.000
3 0 4.700 9.200 -10.000 7.100 10.400 -10.000 5.200 7.900 -10.000
3 0 7.100 10.400 -10.000 4.700 9.200 -10.000 4.200 9.800 -10.000
3 0 4.200 9.800 -10.000 6.600 11.900 -10.000 7.100 10.400 -10.000
3 0 6.600 11.900 -10.000 4.200 9.800 -10.000 3.600 12.300 -10.000
3 0 3.600 12.300 -10.000 5.400 12.300 -10.000 6.600 11.900 -10.000
3 0 3.600 12.300 -10.000 4.000 12.600 -10.000 4.900 13.100 -10.000
3 0 4.900 13.100 -10.000 5.400 12.300 -10.000 3.600 12.300 -10.000
3 0 4.000 12.600 -10.000 4.500 13.200 -10.000 4.900 13.100 -10.000
3 0 4.200 9.800 -10.000 3.100 10.400 -10.000 3.400 12.500 -10.000
3 0 3.400 12.500 -10.000 3.600 12.300 -10.000 4.200 9.800 -10.000
3 0 3.100 10.400 -10.000 2.700 11.100 -10.000 2.600 12.100 -10.000
3 0 2.600 12.100 -10.000 3.400 12.500 -10.000 3.100 10.400 -10.000
3 0 3.400 12.500 -10.000 2.600 12.100 -10.000 2.200 12.700 -10.000
3 0 2.200 12.700 -10.000 3.400 13.200 -10.000 3.400 12.500 -10.000
3 0 6.600 11.900 -10.000 8.200 12.200 -10.000 9.600 12.000 -10.000
3 0 9.600 12.000 -10.000 7.100 10.400 -10.000 6.600 11.900 -10.000
3 0 8.200 12.200 -10.000 9.500 12.700 -10.000 11.800 12.600 -10.000
3 0 11.800 12.600 -10.000 9.600 12.000 -10.000 8.200 12.200 -10.000
3 0 9.500 12.700 -10.000 10.800 13.700 -10.000 12.400 14.400 -10.000
3 0 12.400 14.400 -10.000 11.800 12.600 -10.000 9.500 12.700 -10.000
3 0 12.400 14.400 -10.000 13.000 14.200 -10.000 13.400 12.500 -10.000
3 0 13.400 12.500 -10.000 11.800 12.600 -10.000 12.400 14.400 -10.000
3 0 13.000 14.200 -10.000 13.600 14.400 -10.000 15.000 12.000 -10.000
3 0 15.000 12.000 -10.000 13.400 12.500 -10.000 13.000 14.200 -10.000
3 0 13.600 14.400 -10.000 13.800 15.000 -10.000 15.300 18.300 -10.000
3 0 15.300 18.300 -10.000 15.000 12.000 -10.000 13.600 14.400 -10.000
3 0 13.800 15.000 -10.000 13.600 15.600 -10.000 13.900 18.500 -10.000
3 0 13.900 18.500 -10.000 15.300 18.300 -10.000 13.800 15.000 -10.000
3 0 13.600 15.600 -10.000 13.000 15.800 -10.000 13.300 18.300 -10.000
3 0 13.300 18.300 -10.000 13.900 18.500 -10.000 13.600 15.600 -10.000
3 0 13.000 15.800 -10.000 12.400 15.600 -10.000 12.700 18.500 -10.000
3 0 12.700 18.500 -10.000 13.300 18.300 -10.000 13.000 15.800 -10.000
3 0 12.700 18.500 -10.000 12.400 15.600 -10.000 10.700 14.700 -10.000
3 0 10.700 14.700 -10.000 7.900 16.000 -10.000 12.700 18.500 -10.000
3 0 10.700 14.700 -10.000 9.700 14.600 -10.000 8.100 15.100 -10.000
3 0 8.100 15.100 -10.000 7.900 16.000 -10.000 10.700 14.700 -10.000
3 0 9.700 14.600 -10.000 8.700 14.600 -10.000 8.100 15.100 -10.000
3 0 12.400 15.600 -10.000 12.200 15.000 -10.000 11.000 14.400 -10.000
3 0 11.000 14.400 -10.000 10.700 14.700 -10.000 12.400 15.600 -10.000
3 0 12.200 15.000 -10.000 12.400 14.400 -10.000 10.800 13.700 -10.000
3 0 10.800 13.700 -10.000 11.000 14.400 -10.000 12.200 15.000 -10.000
3 0 15.300 18.300 -10.000 13.900 18.500 -10.000 14.100 19.100 -10.000
3 0 15.300 18.300 -10.000 14.100 19.100 -10.000 13.900 19.700 -10.000
3 0 13.900 19.700 -10.000 15.100 22.900 -10.000 15.300 18.300 -10.000
1 16 0.0000 0.0000 0.0000 1.0000 0.0000 0.0000 0.0000 1.0000 0.0000 0.0000 0.0000 1.0000 s/973s01.dat
1 0 0.0000 -4.0000 0.0000 4.2430 0.0000 -4.2430 0.0000 -8.0000 0.0000 -4.2430 0.0000 -4.2430 1-4cyli.dat
