0 FILE 973pdec.dat
0 Torso Jacket, Red Bow Tie and White Shirt Pattern
0 Name:  973pdec.dat
0 Author:  
0 BL_Item_No 973pb4264
0 BFC CERTIFY CCW
3 16 18.000 32.000 -10.000 19.000 32.000 -10.000 19.000 29.000 -10.000
3 16 19.000 29.000 -10.000 18.050 29.900 -10.000 18.000 32.000 -10.000
3 16 19.000 29.000 -10.000 18.050 29.000 -10.000 18.050 29.900 -10.000
3 16 19.000 29.000 -10.000 14.350 2.000 -10.000 17.150 28.850 -10.000
3 16 17.150 28.850 -10.000 18.050 29.000 -10.000 19.000 29.000 -10.000
3 16 17.150 28.850 -10.000 14.350 2.000 -10.000 15.000 28.150 -10.000
3 16 15.000 28.150 -10.000 16.200 28.550 -10.000 17.150 28.850 -10.000
3 16 15.000 28.150 -10.000 14.350 2.000 -10.000 12.900 26.950 -10.000
3 16 12.900 26.950 -10.000 13.950 27.650 -10.000 15.000 28.150 -10.000
3 16 12.900 26.950 -10.000 14.350 2.000 -10.000 11.100 25.150 -10.000
3 16 11.100 25.150 -10.000 11.900 26.000 -10.000 12.900 26.950 -10.000
3 16 11.100 25.150 -10.000 14.350 2.000 -10.000 9.800 22.800 -10.000
3 16 9.800 22.800 -10.000 10.300 24.000 -10.000 11.100 25.150 -10.000
3 16 9.800 22.800 -10.000 14.350 2.000 -10.000 8.550 19.050 -10.000
3 16 8.550 19.050 -10.000 9.150 20.950 -10.000 9.800 22.800 -10.000
3 16 8.550 19.050 -10.000 14.350 2.000 -10.000 7.650 14.100 -10.000
3 16 7.650 14.100 -10.000 8.100 16.850 -10.000 8.550 19.050 -10.000
3 16 7.650 14.100 -10.000 14.350 2.000 -10.000 7.650 8.400 -10.000
3 16 7.650 8.400 -10.000 7.200 11.650 -10.000 7.650 14.100 -10.000
3 16 14.350 2.000 -10.000 7.850 7.950 -10.000 7.650 8.400 -10.000
3 16 14.350 2.000 -10.000 7.900 7.350 -10.000 7.850 7.950 -10.000
3 16 14.350 2.000 -10.000 7.900 6.600 -10.000 7.900 7.350 -10.000
3 16 7.900 6.600 -10.000 14.350 2.000 -10.000 7.750 3.200 -10.000
3 16 7.750 3.200 -10.000 7.800 5.900 -10.000 7.900 6.600 -10.000
3 16 7.750 3.200 -10.000 14.350 2.000 -10.000 12.000 0.000 -10.000
3 16 12.000 0.000 -10.000 7.750 2.550 -10.000 7.750 3.200 -10.000
3 16 12.000 0.000 -10.000 7.550 1.950 -10.000 7.750 2.550 -10.000
3 16 12.000 0.000 -10.000 7.250 1.550 -10.000 7.550 1.950 -10.000
3 16 12.000 0.000 -10.000 6.750 1.250 -10.000 7.250 1.550 -10.000
3 16 12.000 0.000 -10.000 6.150 1.100 -10.000 6.750 1.250 -10.000
3 16 12.000 0.000 -10.000 5.500 1.050 -10.000 6.150 1.100 -10.000
3 16 7.300 8.900 -10.000 6.800 9.150 -10.000 6.950 10.000 -10.000
3 16 6.950 10.000 -10.000 7.200 11.650 -10.000 7.650 8.400 -10.000
3 16 7.650 8.400 -10.000 7.300 8.900 -10.000 6.950 10.000 -10.000
3 16 7.450 4.550 -10.000 7.350 4.800 -10.000 7.550 5.150 -10.000
3 16 7.450 4.550 -10.000 7.550 5.150 -10.000 7.800 5.900 -10.000
3 16 7.800 5.900 -10.000 7.650 3.900 -10.000 7.450 4.550 -10.000
3 16 7.750 3.200 -10.000 7.650 3.900 -10.000 7.800 5.900 -10.000
3 16 -14.350 2.000 -10.000 -7.750 2.550 -10.000 -7.550 1.950 -10.000
3 16 -7.550 1.950 -10.000 -12.000 0.000 -10.000 -14.350 2.000 -10.000
3 16 -12.000 0.000 -10.000 -7.550 1.950 -10.000 -7.250 1.550 -10.000
3 16 -12.000 0.000 -10.000 -7.250 1.550 -10.000 -6.750 1.250 -10.000
3 16 -12.000 0.000 -10.000 -6.750 1.250 -10.000 -6.150 1.100 -10.000
3 16 -12.000 0.000 -10.000 -6.150 1.100 -10.000 -5.500 1.050 -10.000
3 16 -19.000 29.000 -10.000 -18.050 29.000 -10.000 -17.150 28.850 -10.000
3 16 -17.150 28.850 -10.000 -14.350 2.000 -10.000 -19.000 29.000 -10.000
3 16 -17.150 28.850 -10.000 -16.200 28.550 -10.000 -15.000 28.150 -10.000
3 16 -15.000 28.150 -10.000 -14.350 2.000 -10.000 -17.150 28.850 -10.000
3 16 -15.000 28.150 -10.000 -13.950 27.650 -10.000 -12.900 26.950 -10.000
3 16 -12.900 26.950 -10.000 -14.350 2.000 -10.000 -15.000 28.150 -10.000
3 16 -12.900 26.950 -10.000 -11.900 26.000 -10.000 -11.100 25.150 -10.000
3 16 -11.100 25.150 -10.000 -14.350 2.000 -10.000 -12.900 26.950 -10.000
3 16 -11.100 25.150 -10.000 -10.300 24.000 -10.000 -9.800 22.800 -10.000
3 16 -9.800 22.800 -10.000 -14.350 2.000 -10.000 -11.100 25.150 -10.000
3 16 -9.800 22.800 -10.000 -9.150 20.950 -10.000 -8.550 19.050 -10.000
3 16 -8.550 19.050 -10.000 -14.350 2.000 -10.000 -9.800 22.800 -10.000
3 16 -8.550 19.050 -10.000 -8.100 16.850 -10.000 -7.650 14.100 -10.000
3 16 -7.650 14.100 -10.000 -14.350 2.000 -10.000 -8.550 19.050 -10.000
3 16 -7.650 14.100 -10.000 -7.200 11.650 -10.000 -7.650 8.400 -10.000
3 16 -7.650 8.400 -10.000 -14.350 2.000 -10.000 -7.650 14.100 -10.000
3 16 -14.350 2.000 -10.000 -7.650 8.400 -10.000 -7.850 7.950 -10.000
3 16 -14.350 2.000 -10.000 -7.850 7.950 -10.000 -7.900 7.350 -10.000
3 16 -14.350 2.000 -10.000 -7.900 7.350 -10.000 -7.900 6.600 -10.000
3 16 -7.900 6.600 -10.000 -7.800 5.900 -10.000 -7.750 3.200 -10.000
3 16 -7.750 3.200 -10.000 -14.350 2.000 -10.000 -7.900 6.600 -10.000
3 16 -14.350 2.000 -10.000 -7.750 3.200 -10.000 -7.750 2.550 -10.000
3 16 -18.050 29.000 -10.000 -19.000 29.000 -10.000 -19.000 32.000 -10.000
3 16 -19.000 32.000 -10.000 -18.050 29.900 -10.000 -18.050 29.000 -10.000
3 16 -6.950 10.000 -10.000 -7.300 8.900 -10.000 -7.650 8.400 -10.000
3 16 -7.650 8.400 -10.000 -7.200 11.650 -10.000 -6.950 10.000 -10.000
3 16 -7.550 5.150 -10.000 -7.650 3.900 -10.000 -7.750 3.200 -10.000
3 16 -7.750 3.200 -10.000 -7.800 5.900 -10.000 -7.550 5.150 -10.000
3 16 -18.050 29.900 -10.000 -19.000 32.000 -10.000 -18.000 32.000 -10.000
3 16 -7.300 8.900 -10.000 -6.950 10.000 -10.000 -6.800 9.150 -10.000
3 16 -7.450 4.550 -10.000 -7.550 5.150 -10.000 -7.350 4.800 -10.000
3 16 -7.650 3.900 -10.000 -7.550 5.150 -10.000 -7.450 4.550 -10.000
3 16 -12.000 0.000 -10.000 -5.500 1.050 -10.000 -4.900 1.050 -10.000
3 16 12.000 0.000 -10.000 4.900 1.050 -10.000 5.500 1.050 -10.000
3 16 -4.900 1.050 -10.000 4.900 1.050 -10.000 12.000 0.000 -10.000
3 16 12.000 0.000 -10.000 -12.000 0.000 -10.000 -4.900 1.050 -10.000
3 16 6.080 19.640 10.000 10.250 24.560 10.000 6.930 23.430 10.000
3 16 6.930 23.430 10.000 5.980 19.730 10.000 6.080 19.640 10.000
3 16 5.980 19.730 10.000 6.930 23.430 10.000 3.500 22.750 10.000
3 16 3.500 22.750 10.000 5.030 19.380 10.000 5.980 19.730 10.000
3 16 5.030 19.380 10.000 3.500 22.750 10.000 3.200 19.000 10.000
3 16 3.200 19.000 10.000 4.130 19.130 10.000 5.030 19.380 10.000
3 16 3.200 19.000 10.000 3.500 22.750 10.000 1.200 18.850 10.000
3 16 1.200 18.850 10.000 2.130 18.890 10.000 3.200 19.000 10.000
3 16 3.500 22.750 10.000 0.000 22.520 10.000 0.230 18.830 10.000
3 16 0.230 18.830 10.000 1.200 18.850 10.000 3.500 22.750 10.000
3 16 0.230 18.830 10.000 0.000 22.520 10.000 -1.900 18.930 10.000
3 16 -1.900 18.930 10.000 -0.800 18.840 10.000 0.230 18.830 10.000
3 16 0.000 22.520 10.000 -3.500 22.750 10.000 -3.000 19.100 10.000
3 16 -3.000 19.100 10.000 -1.900 18.930 10.000 0.000 22.520 10.000
3 16 -3.000 19.100 10.000 -3.500 22.750 10.000 -4.620 19.510 10.000
3 16 -4.620 19.510 10.000 -3.900 19.290 10.000 -3.000 19.100 10.000
3 16 -4.620 19.510 10.000 -3.500 22.750 10.000 -6.930 23.430 10.000
3 16 -6.930 23.430 10.000 -5.090 19.710 10.000 -4.620 19.510 10.000
3 16 -5.090 19.710 10.000 -6.930 23.430 10.000 -10.250 24.560 10.000
3 16 -10.250 24.560 10.000 -5.220 19.610 10.000 -5.090 19.710 10.000
3 16 -5.220 19.610 10.000 -10.250 24.560 10.000 -13.390 26.110 10.000
3 16 -13.390 26.110 10.000 -5.240 19.450 10.000 -5.220 19.610 10.000
3 16 6.080 19.640 10.000 6.080 19.500 10.000 13.390 26.110 10.000
3 16 13.390 26.110 10.000 10.250 24.560 10.000 6.080 19.640 10.000
3 16 -5.240 19.450 10.000 -13.390 26.110 10.000 -16.300 28.050 10.000
3 16 -16.300 28.050 10.000 -14.350 2.000 10.000 -5.240 19.450 10.000
3 16 -16.300 28.050 10.000 -17.790 29.280 10.000 -19.000 29.000 10.000
3 16 -19.000 29.000 10.000 -14.350 2.000 10.000 -16.300 28.050 10.000
3 16 -17.790 29.280 10.000 -17.800 30.190 10.000 -19.000 32.000 10.000
3 16 -19.000 32.000 10.000 -19.000 29.000 10.000 -17.790 29.280 10.000
3 16 -17.800 30.190 10.000 -17.800 32.000 10.000 -19.000 32.000 10.000
3 16 17.800 32.000 10.000 17.800 30.190 10.000 19.000 29.000 10.000
3 16 19.000 29.000 10.000 19.000 32.000 10.000 17.800 32.000 10.000
3 16 19.000 29.000 10.000 17.800 30.190 10.000 17.790 29.280 10.000
3 16 19.000 29.000 10.000 17.790 29.280 10.000 16.300 28.050 10.000
3 16 16.300 28.050 10.000 14.350 2.000 10.000 19.000 29.000 10.000
3 16 16.300 28.050 10.000 13.390 26.110 10.000 6.080 19.500 10.000
3 16 6.080 19.500 10.000 14.350 2.000 10.000 16.300 28.050 10.000
3 16 14.350 2.000 10.000 6.080 19.500 10.000 5.180 19.030 10.000
3 16 14.350 2.000 10.000 5.180 19.030 10.000 4.380 18.680 10.000
3 16 4.380 18.680 10.000 3.430 18.350 10.000 12.000 0.000 10.000
3 16 12.000 0.000 10.000 14.350 2.000 10.000 4.380 18.680 10.000
3 16 12.000 0.000 10.000 3.430 18.350 10.000 2.430 18.130 10.000
3 16 12.000 0.000 10.000 2.430 18.130 10.000 1.380 18.000 10.000
3 16 12.000 0.000 10.000 1.380 18.000 10.000 0.380 17.980 10.000
3 16 0.380 17.980 10.000 -0.680 18.000 10.000 -12.000 0.000 10.000
3 16 -12.000 0.000 10.000 12.000 0.000 10.000 0.380 17.980 10.000
3 16 -12.000 0.000 10.000 -0.680 18.000 10.000 -1.800 18.150 10.000
3 16 -12.000 0.000 10.000 -1.800 18.150 10.000 -2.900 18.380 10.000
3 16 -2.900 18.380 10.000 -3.980 18.680 10.000 -14.350 2.000 10.000
3 16 -14.350 2.000 10.000 -12.000 0.000 10.000 -2.900 18.380 10.000
3 16 -14.350 2.000 10.000 -3.980 18.680 10.000 -4.770 19.050 10.000
3 16 -14.350 2.000 10.000 -4.770 19.050 10.000 -5.240 19.450 10.000
3 4 0.000 7.000 -10.000 0.500 6.870 -10.000 0.930 6.500 -10.000
3 4 0.930 6.500 -10.000 0.000 5.300 -10.000 0.000 7.000 -10.000
3 4 0.930 6.500 -10.000 1.210 5.950 -10.000 1.310 5.300 -10.000
3 4 1.310 5.300 -10.000 0.000 5.300 -10.000 0.930 6.500 -10.000
3 4 1.310 5.300 -10.000 1.210 4.650 -10.000 0.930 4.100 -10.000
3 4 0.930 4.100 -10.000 0.000 5.300 -10.000 1.310 5.300 -10.000
3 4 0.930 4.100 -10.000 0.500 3.730 -10.000 0.000 3.600 -10.000
3 4 0.000 3.600 -10.000 0.000 5.300 -10.000 0.930 4.100 -10.000
3 0 0.000 3.600 -10.000 0.500 3.730 -10.000 0.680 3.180 -10.000
3 0 0.680 3.180 -10.000 0.000 3.000 -10.000 0.000 3.600 -10.000
3 0 0.500 3.730 -10.000 0.930 4.100 -10.000 1.640 4.420 -10.000
3 0 1.640 4.420 -10.000 1.550 4.150 -10.000 0.500 3.730 -10.000
3 0 0.930 4.100 -10.000 1.210 4.650 -10.000 1.710 4.860 -10.000
3 0 1.710 4.860 -10.000 1.640 4.420 -10.000 0.930 4.100 -10.000
3 0 1.210 4.650 -10.000 1.310 5.300 -10.000 1.650 6.200 -10.000
3 0 1.650 6.200 -10.000 1.770 5.300 -10.000 1.210 4.650 -10.000
3 0 1.310 5.300 -10.000 1.210 5.950 -10.000 1.250 6.950 -10.000
3 0 1.250 6.950 -10.000 1.650 6.200 -10.000 1.310 5.300 -10.000
3 0 1.210 5.950 -10.000 0.930 6.500 -10.000 0.680 7.420 -10.000
3 0 0.680 7.420 -10.000 1.250 6.950 -10.000 1.210 5.950 -10.000
3 0 0.930 6.500 -10.000 0.500 6.870 -10.000 0.000 7.600 -10.000
3 0 0.000 7.600 -10.000 0.680 7.420 -10.000 0.930 6.500 -10.000
3 0 0.500 6.870 -10.000 0.000 7.000 -10.000 0.000 7.600 -10.000
3 0 1.210 4.650 -10.000 1.770 5.300 -10.000 2.100 5.150 -10.000
3 0 2.100 5.150 -10.000 1.710 4.860 -10.000 1.210 4.650 -10.000
3 0 2.000 4.800 -10.000 2.100 5.150 -10.000 2.400 5.000 -10.000
3 0 2.400 5.000 -10.000 2.300 4.700 -10.000 2.000 4.800 -10.000
3 0 2.300 4.700 -10.000 2.400 5.000 -10.000 2.650 4.900 -10.000
3 0 2.650 4.900 -10.000 2.600 4.600 -10.000 2.300 4.700 -10.000
3 0 2.600 4.600 -10.000 2.650 4.900 -10.000 2.950 4.800 -10.000
3 0 2.950 4.800 -10.000 2.900 4.550 -10.000 2.600 4.600 -10.000
3 0 2.900 4.550 -10.000 2.950 4.800 -10.000 3.200 4.700 -10.000
3 0 3.200 4.700 -10.000 3.200 4.550 -10.000 2.900 4.550 -10.000
3 0 2.000 4.800 -10.000 1.710 4.860 -10.000 2.100 5.150 -10.000
3 0 1.550 4.150 -10.000 1.900 3.600 -10.000 1.650 2.850 -10.000
3 0 1.650 2.850 -10.000 1.300 3.400 -10.000 1.550 4.150 -10.000
3 0 1.900 3.600 -10.000 2.250 3.100 -10.000 2.050 2.350 -10.000
3 0 2.050 2.350 -10.000 1.650 2.850 -10.000 1.900 3.600 -10.000
3 0 2.250 3.100 -10.000 2.550 2.750 -10.000 2.500 2.000 -10.000
3 0 2.500 2.000 -10.000 2.050 2.350 -10.000 2.250 3.100 -10.000
3 0 2.550 2.750 -10.000 2.950 2.450 -10.000 3.000 1.700 -10.000
3 0 3.000 1.700 -10.000 2.500 2.000 -10.000 2.550 2.750 -10.000
3 0 2.950 2.450 -10.000 3.450 2.100 -10.000 3.550 1.400 -10.000
3 0 3.550 1.400 -10.000 3.000 1.700 -10.000 2.950 2.450 -10.000
3 0 3.450 2.100 -10.000 3.900 1.850 -10.000 4.150 1.200 -10.000
3 0 4.150 1.200 -10.000 3.550 1.400 -10.000 3.450 2.100 -10.000
3 0 3.900 1.850 -10.000 4.500 1.700 -10.000 4.900 1.050 -10.000
3 0 4.900 1.050 -10.000 4.150 1.200 -10.000 3.900 1.850 -10.000
3 0 4.500 1.700 -10.000 4.950 1.650 -10.000 5.500 1.050 -10.000
3 0 5.500 1.050 -10.000 4.900 1.050 -10.000 4.500 1.700 -10.000
3 0 4.950 1.650 -10.000 5.500 1.650 -10.000 6.150 1.100 -10.000
3 0 6.150 1.100 -10.000 5.500 1.050 -10.000 4.950 1.650 -10.000
3 0 5.500 1.650 -10.000 6.050 1.700 -10.000 6.750 1.250 -10.000
3 0 6.750 1.250 -10.000 6.150 1.100 -10.000 5.500 1.650 -10.000
3 0 6.050 1.700 -10.000 6.550 1.850 -10.000 7.250 1.550 -10.000
3 0 7.250 1.550 -10.000 6.750 1.250 -10.000 6.050 1.700 -10.000
3 0 6.550 1.850 -10.000 6.850 2.200 -10.000 7.550 1.950 -10.000
3 0 7.550 1.950 -10.000 7.250 1.550 -10.000 6.550 1.850 -10.000
3 0 6.850 2.200 -10.000 7.000 2.700 -10.000 7.750 2.550 -10.000
3 0 7.750 2.550 -10.000 7.550 1.950 -10.000 6.850 2.200 -10.000
3 0 7.000 2.700 -10.000 7.050 3.200 -10.000 7.750 3.200 -10.000
3 0 7.750 3.200 -10.000 7.750 2.550 -10.000 7.000 2.700 -10.000
3 0 7.050 3.200 -10.000 7.000 3.750 -10.000 7.650 3.900 -10.000
3 0 7.650 3.900 -10.000 7.750 3.200 -10.000 7.050 3.200 -10.000
3 0 7.000 3.750 -10.000 6.900 4.250 -10.000 7.450 4.550 -10.000
3 0 7.450 4.550 -10.000 7.650 3.900 -10.000 7.000 3.750 -10.000
3 0 6.900 4.250 -10.000 6.700 4.700 -10.000 7.350 4.800 -10.000
3 0 7.350 4.800 -10.000 7.450 4.550 -10.000 6.900 4.250 -10.000
3 0 6.700 4.700 -10.000 6.550 4.950 -10.000 6.750 5.100 -10.000
3 0 6.750 5.100 -10.000 7.350 4.800 -10.000 6.700 4.700 -10.000
3 0 6.750 5.100 -10.000 6.950 5.450 -10.000 7.550 5.150 -10.000
3 0 7.550 5.150 -10.000 7.350 4.800 -10.000 6.750 5.100 -10.000
3 0 6.950 5.450 -10.000 7.150 6.050 -10.000 7.800 5.900 -10.000
3 0 7.800 5.900 -10.000 7.550 5.150 -10.000 6.950 5.450 -10.000
3 0 7.150 6.050 -10.000 7.250 6.700 -10.000 7.900 6.600 -10.000
3 0 7.900 6.600 -10.000 7.800 5.900 -10.000 7.150 6.050 -10.000
3 0 7.250 6.700 -10.000 7.250 7.350 -10.000 7.900 7.350 -10.000
3 0 7.900 7.350 -10.000 7.900 6.600 -10.000 7.250 6.700 -10.000
3 0 7.250 7.350 -10.000 7.200 7.700 -10.000 7.850 7.950 -10.000
3 0 7.850 7.950 -10.000 7.900 7.350 -10.000 7.250 7.350 -10.000
3 0 7.200 7.700 -10.000 7.100 8.000 -10.000 7.650 8.400 -10.000
3 0 7.650 8.400 -10.000 7.850 7.950 -10.000 7.200 7.700 -10.000
3 0 7.100 8.000 -10.000 6.900 8.250 -10.000 7.300 8.900 -10.000
3 0 7.300 8.900 -10.000 7.650 8.400 -10.000 7.100 8.000 -10.000
3 0 6.900 8.250 -10.000 6.600 8.450 -10.000 6.800 9.150 -10.000
3 0 6.800 9.150 -10.000 7.300 8.900 -10.000 6.900 8.250 -10.000
3 0 6.600 8.450 -10.000 6.200 8.600 -10.000 5.850 9.200 -10.000
3 0 5.850 9.200 -10.000 6.800 9.150 -10.000 6.600 8.450 -10.000
3 0 6.200 8.600 -10.000 5.750 8.600 -10.000 5.150 9.100 -10.000
3 0 5.150 9.100 -10.000 5.850 9.200 -10.000 6.200 8.600 -10.000
3 0 5.750 8.600 -10.000 5.200 8.500 -10.000 4.300 8.850 -10.000
3 0 4.300 8.850 -10.000 5.150 9.100 -10.000 5.750 8.600 -10.000
3 0 5.200 8.500 -10.000 4.500 8.300 -10.000 3.550 8.550 -10.000
3 0 3.550 8.550 -10.000 4.300 8.850 -10.000 5.200 8.500 -10.000
3 0 4.500 8.300 -10.000 3.750 8.000 -10.000 2.850 8.200 -10.000
3 0 2.850 8.200 -10.000 3.550 8.550 -10.000 4.500 8.300 -10.000
3 0 3.750 8.000 -10.000 3.100 7.650 -10.000 2.250 7.850 -10.000
3 0 2.250 7.850 -10.000 2.850 8.200 -10.000 3.750 8.000 -10.000
3 0 3.100 7.650 -10.000 2.500 7.250 -10.000 1.700 7.400 -10.000
3 0 1.700 7.400 -10.000 2.250 7.850 -10.000 3.100 7.650 -10.000
3 0 2.500 7.250 -10.000 1.950 6.850 -10.000 1.250 6.950 -10.000
3 0 1.250 6.950 -10.000 1.700 7.400 -10.000 2.500 7.250 -10.000
3 0 0.680 3.180 -10.000 0.500 3.730 -10.000 1.550 4.150 -10.000
3 0 1.550 4.150 -10.000 1.050 3.500 -10.000 0.680 3.180 -10.000
3 0 1.300 3.400 -10.000 1.050 3.500 -10.000 1.550 4.150 -10.000
3 0 1.650 6.200 -10.000 1.250 6.950 -10.000 1.650 6.530 -10.000
3 0 1.650 6.530 -10.000 1.250 6.950 -10.000 1.950 6.850 -10.000
3 0 6.000 10.050 -10.000 6.250 11.850 -10.000 7.200 11.650 -10.000
3 0 7.200 11.650 -10.000 6.950 10.000 -10.000 6.000 10.050 -10.000
3 0 6.250 11.850 -10.000 6.650 14.200 -10.000 7.650 14.100 -10.000
3 0 7.650 14.100 -10.000 7.200 11.650 -10.000 6.250 11.850 -10.000
3 0 6.650 14.200 -10.000 7.100 16.900 -10.000 8.100 16.850 -10.000
3 0 8.100 16.850 -10.000 7.650 14.100 -10.000 6.650 14.200 -10.000
3 0 7.100 16.900 -10.000 7.600 19.250 -10.000 8.550 19.050 -10.000
3 0 8.550 19.050 -10.000 8.100 16.850 -10.000 7.100 16.900 -10.000
3 0 7.600 19.250 -10.000 8.150 21.100 -10.000 9.150 20.950 -10.000
3 0 9.150 20.950 -10.000 8.550 19.050 -10.000 7.600 19.250 -10.000
3 0 8.150 21.100 -10.000 8.650 22.600 -10.000 9.800 22.800 -10.000
3 0 9.800 22.800 -10.000 9.150 20.950 -10.000 8.150 21.100 -10.000
3 0 8.650 22.600 -10.000 9.350 24.150 -10.000 10.300 24.000 -10.000
3 0 10.300 24.000 -10.000 9.800 22.800 -10.000 8.650 22.600 -10.000
3 0 9.350 24.150 -10.000 10.150 25.450 -10.000 11.100 25.150 -10.000
3 0 11.100 25.150 -10.000 10.300 24.000 -10.000 9.350 24.150 -10.000
3 0 10.150 25.450 -10.000 11.100 26.600 -10.000 11.900 26.000 -10.000
3 0 11.900 26.000 -10.000 11.100 25.150 -10.000 10.150 25.450 -10.000
3 0 11.100 26.600 -10.000 12.000 27.500 -10.000 12.900 26.950 -10.000
3 0 12.900 26.950 -10.000 11.900 26.000 -10.000 11.100 26.600 -10.000
3 0 12.000 27.500 -10.000 12.950 28.200 -10.000 13.950 27.650 -10.000
3 0 13.950 27.650 -10.000 12.900 26.950 -10.000 12.000 27.500 -10.000
3 0 12.950 28.200 -10.000 14.000 28.800 -10.000 15.000 28.150 -10.000
3 0 15.000 28.150 -10.000 13.950 27.650 -10.000 12.950 28.200 -10.000
3 0 14.000 28.800 -10.000 15.000 29.200 -10.000 16.200 28.550 -10.000
3 0 16.200 28.550 -10.000 15.000 28.150 -10.000 14.000 28.800 -10.000
3 0 15.000 29.200 -10.000 16.250 29.600 -10.000 17.150 28.850 -10.000
3 0 17.150 28.850 -10.000 16.200 28.550 -10.000 15.000 29.200 -10.000
3 0 16.250 29.600 -10.000 17.200 29.850 -10.000 18.050 29.000 -10.000
3 0 18.050 29.000 -10.000 17.150 28.850 -10.000 16.250 29.600 -10.000
3 0 18.050 29.000 -10.000 17.200 29.850 -10.000 18.050 29.900 -10.000
3 0 5.850 9.200 -10.000 6.000 10.050 -10.000 6.950 10.000 -10.000
3 0 6.950 10.000 -10.000 6.800 9.150 -10.000 5.850 9.200 -10.000
3 4 0.000 7.000 -10.000 0.000 5.300 -10.000 -0.930 6.500 -10.000
3 4 -0.930 6.500 -10.000 -0.500 6.870 -10.000 0.000 7.000 -10.000
3 4 -0.930 6.500 -10.000 0.000 5.300 -10.000 -1.310 5.300 -10.000
3 4 -1.310 5.300 -10.000 -1.210 5.950 -10.000 -0.930 6.500 -10.000
3 4 -1.310 5.300 -10.000 0.000 5.300 -10.000 -0.930 4.100 -10.000
3 4 -0.930 4.100 -10.000 -1.210 4.650 -10.000 -1.310 5.300 -10.000
3 4 -0.930 4.100 -10.000 0.000 5.300 -10.000 0.000 3.600 -10.000
3 4 0.000 3.600 -10.000 -0.500 3.730 -10.000 -0.930 4.100 -10.000
3 0 0.000 3.600 -10.000 0.000 3.000 -10.000 -0.680 3.180 -10.000
3 0 -0.680 3.180 -10.000 -0.500 3.730 -10.000 0.000 3.600 -10.000
3 0 -0.500 3.730 -10.000 -1.550 4.150 -10.000 -1.640 4.420 -10.000
3 0 -1.640 4.420 -10.000 -0.930 4.100 -10.000 -0.500 3.730 -10.000
3 0 -0.930 4.100 -10.000 -1.640 4.420 -10.000 -1.710 4.860 -10.000
3 0 -1.710 4.860 -10.000 -1.210 4.650 -10.000 -0.930 4.100 -10.000
3 0 -1.210 4.650 -10.000 -1.770 5.300 -10.000 -1.650 6.200 -10.000
3 0 -1.650 6.200 -10.000 -1.310 5.300 -10.000 -1.210 4.650 -10.000
3 0 -1.310 5.300 -10.000 -1.650 6.200 -10.000 -1.250 6.950 -10.000
3 0 -1.250 6.950 -10.000 -1.210 5.950 -10.000 -1.310 5.300 -10.000
3 0 -1.210 5.950 -10.000 -1.250 6.950 -10.000 -0.680 7.420 -10.000
3 0 -0.680 7.420 -10.000 -0.930 6.500 -10.000 -1.210 5.950 -10.000
3 0 -0.930 6.500 -10.000 -0.680 7.420 -10.000 0.000 7.600 -10.000
3 0 0.000 7.600 -10.000 -0.500 6.870 -10.000 -0.930 6.500 -10.000
3 0 -0.500 6.870 -10.000 0.000 7.600 -10.000 0.000 7.000 -10.000
3 0 -1.210 4.650 -10.000 -1.710 4.860 -10.000 -2.100 5.150 -10.000
3 0 -2.100 5.150 -10.000 -1.770 5.300 -10.000 -1.210 4.650 -10.000
3 0 -2.000 4.800 -10.000 -2.300 4.700 -10.000 -2.400 5.000 -10.000
3 0 -2.400 5.000 -10.000 -2.100 5.150 -10.000 -2.000 4.800 -10.000
3 0 -2.300 4.700 -10.000 -2.600 4.600 -10.000 -2.650 4.900 -10.000
3 0 -2.650 4.900 -10.000 -2.400 5.000 -10.000 -2.300 4.700 -10.000
3 0 -2.600 4.600 -10.000 -2.900 4.550 -10.000 -2.950 4.800 -10.000
3 0 -2.950 4.800 -10.000 -2.650 4.900 -10.000 -2.600 4.600 -10.000
3 0 -2.900 4.550 -10.000 -3.200 4.550 -10.000 -3.200 4.700 -10.000
3 0 -3.200 4.700 -10.000 -2.950 4.800 -10.000 -2.900 4.550 -10.000
3 0 -2.000 4.800 -10.000 -2.100 5.150 -10.000 -1.710 4.860 -10.000
3 0 -1.550 4.150 -10.000 -1.300 3.400 -10.000 -1.650 2.850 -10.000
3 0 -1.650 2.850 -10.000 -1.900 3.600 -10.000 -1.550 4.150 -10.000
3 0 -1.900 3.600 -10.000 -1.650 2.850 -10.000 -2.050 2.350 -10.000
3 0 -2.050 2.350 -10.000 -2.250 3.100 -10.000 -1.900 3.600 -10.000
3 0 -2.250 3.100 -10.000 -2.050 2.350 -10.000 -2.500 2.000 -10.000
3 0 -2.500 2.000 -10.000 -2.550 2.750 -10.000 -2.250 3.100 -10.000
3 0 -2.550 2.750 -10.000 -2.500 2.000 -10.000 -3.000 1.700 -10.000
3 0 -3.000 1.700 -10.000 -2.950 2.450 -10.000 -2.550 2.750 -10.000
3 0 -2.950 2.450 -10.000 -3.000 1.700 -10.000 -3.550 1.400 -10.000
3 0 -3.550 1.400 -10.000 -3.450 2.100 -10.000 -2.950 2.450 -10.000
3 0 -3.450 2.100 -10.000 -3.550 1.400 -10.000 -4.150 1.200 -10.000
3 0 -4.150 1.200 -10.000 -3.900 1.850 -10.000 -3.450 2.100 -10.000
3 0 -3.900 1.850 -10.000 -4.150 1.200 -10.000 -4.900 1.050 -10.000
3 0 -4.900 1.050 -10.000 -4.500 1.700 -10.000 -3.900 1.850 -10.000
3 0 -4.500 1.700 -10.000 -4.900 1.050 -10.000 -5.500 1.050 -10.000
3 0 -5.500 1.050 -10.000 -4.950 1.650 -10.000 -4.500 1.700 -10.000
3 0 -4.950 1.650 -10.000 -5.500 1.050 -10.000 -6.150 1.100 -10.000
3 0 -6.150 1.100 -10.000 -5.500 1.650 -10.000 -4.950 1.650 -10.000
3 0 -5.500 1.650 -10.000 -6.150 1.100 -10.000 -6.750 1.250 -10.000
3 0 -6.750 1.250 -10.000 -6.050 1.700 -10.000 -5.500 1.650 -10.000
3 0 -6.050 1.700 -10.000 -6.750 1.250 -10.000 -7.250 1.550 -10.000
3 0 -7.250 1.550 -10.000 -6.550 1.850 -10.000 -6.050 1.700 -10.000
3 0 -6.550 1.850 -10.000 -7.250 1.550 -10.000 -7.550 1.950 -10.000
3 0 -7.550 1.950 -10.000 -6.850 2.200 -10.000 -6.550 1.850 -10.000
3 0 -6.850 2.200 -10.000 -7.550 1.950 -10.000 -7.750 2.550 -10.000
3 0 -7.750 2.550 -10.000 -7.000 2.700 -10.000 -6.850 2.200 -10.000
3 0 -7.000 2.700 -10.000 -7.750 2.550 -10.000 -7.750 3.200 -10.000
3 0 -7.750 3.200 -10.000 -7.050 3.200 -10.000 -7.000 2.700 -10.000
3 0 -7.050 3.200 -10.000 -7.750 3.200 -10.000 -7.650 3.900 -10.000
3 0 -7.650 3.900 -10.000 -7.000 3.750 -10.000 -7.050 3.200 -10.000
3 0 -7.000 3.750 -10.000 -7.650 3.900 -10.000 -7.450 4.550 -10.000
3 0 -7.450 4.550 -10.000 -6.900 4.250 -10.000 -7.000 3.750 -10.000
3 0 -6.900 4.250 -10.000 -7.450 4.550 -10.000 -7.350 4.800 -10.000
3 0 -7.350 4.800 -10.000 -6.700 4.700 -10.000 -6.900 4.250 -10.000
3 0 -6.700 4.700 -10.000 -7.350 4.800 -10.000 -6.750 5.100 -10.000
3 0 -6.750 5.100 -10.000 -6.550 4.950 -10.000 -6.700 4.700 -10.000
3 0 -6.750 5.100 -10.000 -7.350 4.800 -10.000 -7.550 5.150 -10.000
3 0 -7.550 5.150 -10.000 -6.950 5.450 -10.000 -6.750 5.100 -10.000
3 0 -6.950 5.450 -10.000 -7.550 5.150 -10.000 -7.800 5.900 -10.000
3 0 -7.800 5.900 -10.000 -7.150 6.050 -10.000 -6.950 5.450 -10.000
3 0 -7.150 6.050 -10.000 -7.800 5.900 -10.000 -7.900 6.600 -10.000
3 0 -7.900 6.600 -10.000 -7.250 6.700 -10.000 -7.150 6.050 -10.000
3 0 -7.250 6.700 -10.000 -7.900 6.600 -10.000 -7.900 7.350 -10.000
3 0 -7.900 7.350 -10.000 -7.250 7.350 -10.000 -7.250 6.700 -10.000
3 0 -7.250 7.350 -10.000 -7.900 7.350 -10.000 -7.850 7.950 -10.000
3 0 -7.850 7.950 -10.000 -7.200 7.700 -10.000 -7.250 7.350 -10.000
3 0 -7.200 7.700 -10.000 -7.850 7.950 -10.000 -7.650 8.400 -10.000
3 0 -7.650 8.400 -10.000 -7.100 8.000 -10.000 -7.200 7.700 -10.000
3 0 -7.100 8.000 -10.000 -7.650 8.400 -10.000 -7.300 8.900 -10.000
3 0 -7.300 8.900 -10.000 -6.900 8.250 -10.000 -7.100 8.000 -10.000
3 0 -6.900 8.250 -10.000 -7.300 8.900 -10.000 -6.800 9.150 -10.000
3 0 -6.800 9.150 -10.000 -6.600 8.450 -10.000 -6.900 8.250 -10.000
3 0 -6.600 8.450 -10.000 -6.800 9.150 -10.000 -5.850 9.200 -10.000
3 0 -5.850 9.200 -10.000 -6.200 8.600 -10.000 -6.600 8.450 -10.000
3 0 -6.200 8.600 -10.000 -5.850 9.200 -10.000 -5.150 9.100 -10.000
3 0 -5.150 9.100 -10.000 -5.750 8.600 -10.000 -6.200 8.600 -10.000
3 0 -5.750 8.600 -10.000 -5.150 9.100 -10.000 -4.300 8.850 -10.000
3 0 -4.300 8.850 -10.000 -5.200 8.500 -10.000 -5.750 8.600 -10.000
3 0 -5.200 8.500 -10.000 -4.300 8.850 -10.000 -3.550 8.550 -10.000
3 0 -3.550 8.550 -10.000 -4.500 8.300 -10.000 -5.200 8.500 -10.000
3 0 -4.500 8.300 -10.000 -3.550 8.550 -10.000 -2.850 8.200 -10.000
3 0 -2.850 8.200 -10.000 -3.750 8.000 -10.000 -4.500 8.300 -10.000
3 0 -3.750 8.000 -10.000 -2.850 8.200 -10.000 -2.250 7.850 -10.000
3 0 -2.250 7.850 -10.000 -3.100 7.650 -10.000 -3.750 8.000 -10.000
3 0 -3.100 7.650 -10.000 -2.250 7.850 -10.000 -1.700 7.400 -10.000
3 0 -1.700 7.400 -10.000 -2.500 7.250 -10.000 -3.100 7.650 -10.000
3 0 -2.500 7.250 -10.000 -1.700 7.400 -10.000 -1.250 6.950 -10.000
3 0 -1.250 6.950 -10.000 -1.950 6.850 -10.000 -2.500 7.250 -10.000
3 0 -0.680 3.180 -10.000 -1.050 3.500 -10.000 -1.550 4.150 -10.000
3 0 -1.550 4.150 -10.000 -0.500 3.730 -10.000 -0.680 3.180 -10.000
3 0 -1.300 3.400 -10.000 -1.550 4.150 -10.000 -1.050 3.500 -10.000
3 0 -1.650 6.200 -10.000 -1.650 6.530 -10.000 -1.250 6.950 -10.000
3 0 -1.650 6.530 -10.000 -1.950 6.850 -10.000 -1.250 6.950 -10.000
3 0 -6.000 10.050 -10.000 -6.950 10.000 -10.000 -7.200 11.650 -10.000
3 0 -7.200 11.650 -10.000 -6.250 11.850 -10.000 -6.000 10.050 -10.000
3 0 -6.250 11.850 -10.000 -7.200 11.650 -10.000 -7.650 14.100 -10.000
3 0 -7.650 14.100 -10.000 -6.650 14.200 -10.000 -6.250 11.850 -10.000
3 0 -6.650 14.200 -10.000 -7.650 14.100 -10.000 -8.100 16.850 -10.000
3 0 -8.100 16.850 -10.000 -7.100 16.900 -10.000 -6.650 14.200 -10.000
3 0 -7.100 16.900 -10.000 -8.100 16.850 -10.000 -8.550 19.050 -10.000
3 0 -8.550 19.050 -10.000 -7.600 19.250 -10.000 -7.100 16.900 -10.000
3 0 -7.600 19.250 -10.000 -8.550 19.050 -10.000 -9.150 20.950 -10.000
3 0 -9.150 20.950 -10.000 -8.150 21.100 -10.000 -7.600 19.250 -10.000
3 0 -8.150 21.100 -10.000 -9.150 20.950 -10.000 -9.800 22.800 -10.000
3 0 -9.800 22.800 -10.000 -8.650 22.600 -10.000 -8.150 21.100 -10.000
3 0 -8.650 22.600 -10.000 -9.800 22.800 -10.000 -10.300 24.000 -10.000
3 0 -10.300 24.000 -10.000 -9.350 24.150 -10.000 -8.650 22.600 -10.000
3 0 -9.350 24.150 -10.000 -10.300 24.000 -10.000 -11.100 25.150 -10.000
3 0 -11.100 25.150 -10.000 -10.150 25.450 -10.000 -9.350 24.150 -10.000
3 0 -10.150 25.450 -10.000 -11.100 25.150 -10.000 -11.900 26.000 -10.000
3 0 -11.900 26.000 -10.000 -11.100 26.600 -10.000 -10.150 25.450 -10.000
3 0 -11.100 26.600 -10.000 -11.900 26.000 -10.000 -12.900 26.950 -10.000
3 0 -12.900 26.950 -10.000 -12.000 27.500 -10.000 -11.100 26.600 -10.000
3 0 -12.000 27.500 -10.000 -12.900 26.950 -10.000 -13.950 27.650 -10.000
3 0 -13.950 27.650 -10.000 -12.950 28.200 -10.000 -12.000 27.500 -10.000
3 0 -12.950 28.200 -10.000 -13.950 27.650 -10.000 -15.000 28.150 -10.000
3 0 -15.000 28.150 -10.000 -14.000 28.800 -10.000 -12.950 28.200 -10.000
3 0 -14.000 28.800 -10.000 -15.000 28.150 -10.000 -16.200 28.550 -10.000
3 0 -16.200 28.550 -10.000 -15.000 29.200 -10.000 -14.000 28.800 -10.000
3 0 -15.000 29.200 -10.000 -16.200 28.550 -10.000 -17.150 28.850 -10.000
3 0 -17.150 28.850 -10.000 -16.250 29.600 -10.000 -15.000 29.200 -10.000
3 0 -16.250 29.600 -10.000 -17.150 28.850 -10.000 -18.050 29.000 -10.000
3 0 -18.050 29.000 -10.000 -17.200 29.850 -10.000 -16.250 29.600 -10.000
3 0 -18.050 29.000 -10.000 -18.050 29.900 -10.000 -17.200 29.850 -10.000
3 0 -5.850 9.200 -10.000 -6.800 9.150 -10.000 -6.950 10.000 -10.000
3 0 -6.950 10.000 -10.000 -6.000 10.050 -10.000 -5.850 9.200 -10.000
3 78 1.050 3.500 -10.000 1.300 3.400 -10.000 1.650 2.850 -10.000
3 78 1.650 2.850 -10.000 0.680 3.180 -10.000 1.050 3.500 -10.000
3 78 1.650 2.850 -10.000 2.050 2.350 -10.000 0.000 3.000 -10.000
3 78 0.000 3.000 -10.000 0.680 3.180 -10.000 1.650 2.850 -10.000
3 78 -1.050 3.500 -10.000 -0.680 3.180 -10.000 -1.650 2.850 -10.000
3 78 -1.650 2.850 -10.000 -1.300 3.400 -10.000 -1.050 3.500 -10.000
3 78 -1.650 2.850 -10.000 -0.680 3.180 -10.000 0.000 3.000 -10.000
3 78 0.000 3.000 -10.000 -2.050 2.350 -10.000 -1.650 2.850 -10.000
3 78 -2.050 2.350 -10.000 0.000 3.000 -10.000 2.050 2.350 -10.000
3 78 2.500 2.000 -10.000 -2.500 2.000 -10.000 -2.050 2.350 -10.000
3 78 -2.050 2.350 -10.000 2.050 2.350 -10.000 2.500 2.000 -10.000
3 78 3.000 1.700 -10.000 -3.000 1.700 -10.000 -2.500 2.000 -10.000
3 78 -2.500 2.000 -10.000 2.500 2.000 -10.000 3.000 1.700 -10.000
3 78 3.550 1.400 -10.000 -3.550 1.400 -10.000 -3.000 1.700 -10.000
3 78 -3.000 1.700 -10.000 3.000 1.700 -10.000 3.550 1.400 -10.000
3 78 4.150 1.200 -10.000 -4.150 1.200 -10.000 -3.550 1.400 -10.000
3 78 -3.550 1.400 -10.000 3.550 1.400 -10.000 4.150 1.200 -10.000
3 78 -4.150 1.200 -10.000 4.150 1.200 -10.000 4.900 1.050 -10.000
3 78 4.900 1.050 -10.000 -4.900 1.050 -10.000 -4.150 1.200 -10.000
3 78 1.250 6.950 -10.000 0.680 7.420 -10.000 1.700 7.400 -10.000
3 78 1.700 7.400 -10.000 0.680 7.420 -10.000 0.000 7.600 -10.000
3 78 0.000 7.600 -10.000 2.250 7.850 -10.000 1.700 7.400 -10.000
3 78 2.250 7.850 -10.000 0.000 7.600 -10.000 -2.250 7.850 -10.000
3 78 2.850 8.200 -10.000 2.250 7.850 -10.000 -2.250 7.850 -10.000
3 78 -2.250 7.850 -10.000 -2.850 8.200 -10.000 2.850 8.200 -10.000
3 78 -1.250 6.950 -10.000 -1.700 7.400 -10.000 -0.680 7.420 -10.000
3 78 -1.700 7.400 -10.000 -2.250 7.850 -10.000 0.000 7.600 -10.000
3 78 0.000 7.600 -10.000 -0.680 7.420 -10.000 -1.700 7.400 -10.000
3 78 2.850 8.200 -10.000 -2.850 8.200 -10.000 -3.550 8.550 -10.000
3 78 -3.550 8.550 -10.000 3.550 8.550 -10.000 2.850 8.200 -10.000
3 78 3.550 8.550 -10.000 -3.550 8.550 -10.000 -4.300 8.850 -10.000
3 78 -4.300 8.850 -10.000 4.300 8.850 -10.000 3.550 8.550 -10.000
3 78 4.300 8.850 -10.000 -4.300 8.850 -10.000 -5.150 9.100 -10.000
3 78 -5.150 9.100 -10.000 5.150 9.100 -10.000 4.300 8.850 -10.000
3 78 -5.150 9.100 -10.000 -6.000 10.050 -10.000 6.000 10.050 -10.000
3 78 6.000 10.050 -10.000 5.150 9.100 -10.000 -5.150 9.100 -10.000
3 78 -6.000 10.050 -10.000 -6.250 11.850 -10.000 6.250 11.850 -10.000
3 78 6.250 11.850 -10.000 6.000 10.050 -10.000 -6.000 10.050 -10.000
3 78 6.250 11.850 -10.000 -6.250 11.850 -10.000 -6.650 14.200 -10.000
3 78 -6.650 14.200 -10.000 6.650 14.200 -10.000 6.250 11.850 -10.000
3 78 -7.100 16.900 -10.000 7.100 16.900 -10.000 6.650 14.200 -10.000
3 78 6.650 14.200 -10.000 -6.650 14.200 -10.000 -7.100 16.900 -10.000
3 78 -7.600 19.250 -10.000 7.600 19.250 -10.000 7.100 16.900 -10.000
3 78 7.100 16.900 -10.000 -7.100 16.900 -10.000 -7.600 19.250 -10.000
3 78 7.600 19.250 -10.000 -7.600 19.250 -10.000 -8.150 21.100 -10.000
3 78 -8.150 21.100 -10.000 8.150 21.100 -10.000 7.600 19.250 -10.000
3 78 8.150 21.100 -10.000 -8.150 21.100 -10.000 -8.650 22.600 -10.000
3 78 -8.650 22.600 -10.000 8.650 22.600 -10.000 8.150 21.100 -10.000
3 78 8.650 22.600 -10.000 -8.650 22.600 -10.000 -9.350 24.150 -10.000
3 78 -9.350 24.150 -10.000 9.350 24.150 -10.000 8.650 22.600 -10.000
3 78 9.350 24.150 -10.000 -9.350 24.150 -10.000 -10.150 25.450 -10.000
3 78 -10.150 25.450 -10.000 10.150 25.450 -10.000 9.350 24.150 -10.000
3 78 10.150 25.450 -10.000 -10.150 25.450 -10.000 -11.100 26.600 -10.000
3 78 -11.100 26.600 -10.000 11.100 26.600 -10.000 10.150 25.450 -10.000
3 78 -18.000 32.000 -10.000 18.000 32.000 -10.000 17.200 29.850 -10.000
3 78 17.200 29.850 -10.000 -17.200 29.850 -10.000 -18.000 32.000 -10.000
3 78 14.000 28.800 -10.000 12.950 28.200 -10.000 -12.950 28.200 -10.000
3 78 -12.950 28.200 -10.000 -14.000 28.800 -10.000 14.000 28.800 -10.000
3 78 12.950 28.200 -10.000 12.000 27.500 -10.000 -12.000 27.500 -10.000
3 78 -12.000 27.500 -10.000 -12.950 28.200 -10.000 12.950 28.200 -10.000
3 78 -11.100 26.600 -10.000 -12.000 27.500 -10.000 12.000 27.500 -10.000
3 78 12.000 27.500 -10.000 11.100 26.600 -10.000 -11.100 26.600 -10.000
3 78 -14.000 28.800 -10.000 -15.000 29.200 -10.000 15.000 29.200 -10.000
3 78 15.000 29.200 -10.000 14.000 28.800 -10.000 -14.000 28.800 -10.000
3 78 -15.000 29.200 -10.000 -16.250 29.600 -10.000 16.250 29.600 -10.000
3 78 16.250 29.600 -10.000 15.000 29.200 -10.000 -15.000 29.200 -10.000
3 78 -16.250 29.600 -10.000 -17.200 29.850 -10.000 17.200 29.850 -10.000
3 78 17.200 29.850 -10.000 16.250 29.600 -10.000 -16.250 29.600 -10.000
3 78 -17.200 29.850 -10.000 -18.050 29.900 -10.000 -18.000 32.000 -10.000
3 78 17.200 29.850 -10.000 18.000 32.000 -10.000 18.050 29.900 -10.000
3 78 5.150 9.100 -10.000 6.000 10.050 -10.000 5.850 9.200 -10.000
3 78 -5.150 9.100 -10.000 -5.850 9.200 -10.000 -6.000 10.050 -10.000
3 4 1.710 4.860 -10.000 2.000 4.800 -10.000 2.300 4.700 -10.000
3 4 2.300 4.700 -10.000 1.640 4.420 -10.000 1.710 4.860 -10.000
3 4 1.640 4.420 -10.000 2.300 4.700 -10.000 1.900 3.600 -10.000
3 4 1.900 3.600 -10.000 1.550 4.150 -10.000 1.640 4.420 -10.000
3 4 2.300 4.700 -10.000 2.600 4.600 -10.000 2.250 3.100 -10.000
3 4 2.250 3.100 -10.000 1.900 3.600 -10.000 2.300 4.700 -10.000
3 4 2.600 4.600 -10.000 2.900 4.550 -10.000 2.550 2.750 -10.000
3 4 2.550 2.750 -10.000 2.250 3.100 -10.000 2.600 4.600 -10.000
3 4 2.550 2.750 -10.000 2.900 4.550 -10.000 3.200 4.550 -10.000
3 4 3.200 4.550 -10.000 2.950 2.450 -10.000 2.550 2.750 -10.000
3 4 2.950 2.450 -10.000 3.200 4.550 -10.000 3.900 1.850 -10.000
3 4 3.900 1.850 -10.000 3.450 2.100 -10.000 2.950 2.450 -10.000
3 4 3.900 1.850 -10.000 3.200 4.550 -10.000 4.950 1.650 -10.000
3 4 4.950 1.650 -10.000 4.500 1.700 -10.000 3.900 1.850 -10.000
3 4 4.950 1.650 -10.000 3.200 4.550 -10.000 6.050 1.700 -10.000
3 4 6.050 1.700 -10.000 5.500 1.650 -10.000 4.950 1.650 -10.000
3 4 6.050 1.700 -10.000 3.200 4.550 -10.000 6.850 2.200 -10.000
3 4 6.850 2.200 -10.000 6.550 1.850 -10.000 6.050 1.700 -10.000
3 4 6.850 2.200 -10.000 3.200 4.550 -10.000 7.050 3.200 -10.000
3 4 7.050 3.200 -10.000 7.000 2.700 -10.000 6.850 2.200 -10.000
3 4 7.050 3.200 -10.000 3.200 4.550 -10.000 6.900 4.250 -10.000
3 4 6.900 4.250 -10.000 7.000 3.750 -10.000 7.050 3.200 -10.000
3 4 6.900 4.250 -10.000 3.200 4.550 -10.000 6.550 4.950 -10.000
3 4 6.550 4.950 -10.000 6.700 4.700 -10.000 6.900 4.250 -10.000
3 4 3.200 4.550 -10.000 3.200 4.700 -10.000 6.750 5.100 -10.000
3 4 6.750 5.100 -10.000 6.550 4.950 -10.000 3.200 4.550 -10.000
3 4 6.750 5.100 -10.000 3.200 4.700 -10.000 7.150 6.050 -10.000
3 4 7.150 6.050 -10.000 6.950 5.450 -10.000 6.750 5.100 -10.000
3 4 7.150 6.050 -10.000 3.200 4.700 -10.000 7.250 7.350 -10.000
3 4 7.250 7.350 -10.000 7.250 6.700 -10.000 7.150 6.050 -10.000
3 4 7.250 7.350 -10.000 3.200 4.700 -10.000 7.100 8.000 -10.000
3 4 7.100 8.000 -10.000 7.200 7.700 -10.000 7.250 7.350 -10.000
3 4 7.100 8.000 -10.000 3.200 4.700 -10.000 6.600 8.450 -10.000
3 4 6.600 8.450 -10.000 6.900 8.250 -10.000 7.100 8.000 -10.000
3 4 6.600 8.450 -10.000 3.200 4.700 -10.000 5.750 8.600 -10.000
3 4 5.750 8.600 -10.000 6.200 8.600 -10.000 6.600 8.450 -10.000
3 4 5.750 8.600 -10.000 3.200 4.700 -10.000 4.500 8.300 -10.000
3 4 4.500 8.300 -10.000 5.200 8.500 -10.000 5.750 8.600 -10.000
3 4 4.500 8.300 -10.000 3.200 4.700 -10.000 3.100 7.650 -10.000
3 4 3.100 7.650 -10.000 3.750 8.000 -10.000 4.500 8.300 -10.000
3 4 3.200 4.700 -10.000 2.950 4.800 -10.000 2.500 7.250 -10.000
3 4 2.500 7.250 -10.000 3.100 7.650 -10.000 3.200 4.700 -10.000
3 4 2.950 4.800 -10.000 2.650 4.900 -10.000 2.400 5.000 -10.000
3 4 2.400 5.000 -10.000 2.500 7.250 -10.000 2.950 4.800 -10.000
3 4 2.500 7.250 -10.000 2.400 5.000 -10.000 2.100 5.150 -10.000
3 4 2.100 5.150 -10.000 1.950 6.850 -10.000 2.500 7.250 -10.000
3 4 2.100 5.150 -10.000 1.770 5.300 -10.000 1.650 6.200 -10.000
3 4 1.650 6.200 -10.000 1.950 6.850 -10.000 2.100 5.150 -10.000
3 4 1.650 6.200 -10.000 1.650 6.530 -10.000 1.950 6.850 -10.000
3 4 -1.710 4.860 -10.000 -1.640 4.420 -10.000 -2.300 4.700 -10.000
3 4 -2.300 4.700 -10.000 -2.000 4.800 -10.000 -1.710 4.860 -10.000
3 4 -2.100 5.150 -10.000 -1.950 6.850 -10.000 -1.650 6.200 -10.000
3 4 -1.650 6.200 -10.000 -1.770 5.300 -10.000 -2.100 5.150 -10.000
3 4 -1.640 4.420 -10.000 -1.550 4.150 -10.000 -1.900 3.600 -10.000
3 4 -1.900 3.600 -10.000 -2.300 4.700 -10.000 -1.640 4.420 -10.000
3 4 -2.100 5.150 -10.000 -2.400 5.000 -10.000 -2.500 7.250 -10.000
3 4 -2.500 7.250 -10.000 -1.950 6.850 -10.000 -2.100 5.150 -10.000
3 4 -1.650 6.200 -10.000 -1.950 6.850 -10.000 -1.650 6.530 -10.000
3 4 -2.300 4.700 -10.000 -1.900 3.600 -10.000 -2.250 3.100 -10.000
3 4 -2.250 3.100 -10.000 -2.600 4.600 -10.000 -2.300 4.700 -10.000
3 4 -2.400 5.000 -10.000 -2.650 4.900 -10.000 -2.950 4.800 -10.000
3 4 -2.950 4.800 -10.000 -2.500 7.250 -10.000 -2.400 5.000 -10.000
3 4 -2.500 7.250 -10.000 -2.950 4.800 -10.000 -3.200 4.700 -10.000
3 4 -3.200 4.700 -10.000 -3.100 7.650 -10.000 -2.500 7.250 -10.000
3 4 -2.600 4.600 -10.000 -2.250 3.100 -10.000 -2.550 2.750 -10.000
3 4 -2.550 2.750 -10.000 -2.900 4.550 -10.000 -2.600 4.600 -10.000
3 4 -3.100 7.650 -10.000 -3.200 4.700 -10.000 -4.500 8.300 -10.000
3 4 -4.500 8.300 -10.000 -3.750 8.000 -10.000 -3.100 7.650 -10.000
3 4 -2.550 2.750 -10.000 -2.950 2.450 -10.000 -3.200 4.550 -10.000
3 4 -3.200 4.550 -10.000 -2.900 4.550 -10.000 -2.550 2.750 -10.000
3 4 -3.200 4.550 -10.000 -6.550 4.950 -10.000 -6.750 5.100 -10.000
3 4 -6.750 5.100 -10.000 -3.200 4.700 -10.000 -3.200 4.550 -10.000
3 4 -6.750 5.100 -10.000 -6.950 5.450 -10.000 -7.150 6.050 -10.000
3 4 -7.150 6.050 -10.000 -3.200 4.700 -10.000 -6.750 5.100 -10.000
3 4 -7.150 6.050 -10.000 -7.250 6.700 -10.000 -7.250 7.350 -10.000
3 4 -7.250 7.350 -10.000 -3.200 4.700 -10.000 -7.150 6.050 -10.000
3 4 -7.250 7.350 -10.000 -7.200 7.700 -10.000 -7.100 8.000 -10.000
3 4 -7.100 8.000 -10.000 -3.200 4.700 -10.000 -7.250 7.350 -10.000
3 4 -7.100 8.000 -10.000 -6.900 8.250 -10.000 -6.600 8.450 -10.000
3 4 -6.600 8.450 -10.000 -3.200 4.700 -10.000 -7.100 8.000 -10.000
3 4 -6.600 8.450 -10.000 -6.200 8.600 -10.000 -5.750 8.600 -10.000
3 4 -5.750 8.600 -10.000 -3.200 4.700 -10.000 -6.600 8.450 -10.000
3 4 -5.750 8.600 -10.000 -5.200 8.500 -10.000 -4.500 8.300 -10.000
3 4 -4.500 8.300 -10.000 -3.200 4.700 -10.000 -5.750 8.600 -10.000
3 4 -2.950 2.450 -10.000 -3.450 2.100 -10.000 -3.900 1.850 -10.000
3 4 -3.900 1.850 -10.000 -3.200 4.550 -10.000 -2.950 2.450 -10.000
3 4 -3.900 1.850 -10.000 -4.500 1.700 -10.000 -4.950 1.650 -10.000
3 4 -4.950 1.650 -10.000 -3.200 4.550 -10.000 -3.900 1.850 -10.000
3 4 -4.950 1.650 -10.000 -5.500 1.650 -10.000 -6.050 1.700 -10.000
3 4 -6.050 1.700 -10.000 -3.200 4.550 -10.000 -4.950 1.650 -10.000
3 4 -6.050 1.700 -10.000 -6.550 1.850 -10.000 -6.850 2.200 -10.000
3 4 -6.850 2.200 -10.000 -3.200 4.550 -10.000 -6.050 1.700 -10.000
3 4 -6.850 2.200 -10.000 -7.000 2.700 -10.000 -7.050 3.200 -10.000
3 4 -7.050 3.200 -10.000 -3.200 4.550 -10.000 -6.850 2.200 -10.000
3 4 -7.050 3.200 -10.000 -7.000 3.750 -10.000 -6.900 4.250 -10.000
3 4 -6.900 4.250 -10.000 -3.200 4.550 -10.000 -7.050 3.200 -10.000
3 4 -6.900 4.250 -10.000 -6.700 4.700 -10.000 -6.550 4.950 -10.000
3 4 -6.550 4.950 -10.000 -3.200 4.550 -10.000 -6.900 4.250 -10.000
3 0 -17.800 30.190 10.000 -17.790 29.280 10.000 -16.300 28.050 10.000
3 0 -16.300 28.050 10.000 -15.830 28.570 10.000 -17.800 30.190 10.000
3 0 -15.830 28.570 10.000 -16.300 28.050 10.000 -13.390 26.110 10.000
3 0 -13.390 26.110 10.000 -13.000 26.680 10.000 -15.830 28.570 10.000
3 0 -13.000 26.680 10.000 -13.390 26.110 10.000 -10.250 24.560 10.000
3 0 -10.250 24.560 10.000 -9.950 25.170 10.000 -13.000 26.680 10.000
3 0 -9.950 25.170 10.000 -10.250 24.560 10.000 -6.930 23.430 10.000
3 0 -6.930 23.430 10.000 -6.730 24.080 10.000 -9.950 25.170 10.000
3 0 -6.730 24.080 10.000 -6.930 23.430 10.000 -3.500 22.750 10.000
3 0 -3.500 22.750 10.000 -3.400 23.420 10.000 -6.730 24.080 10.000
3 0 -3.400 23.420 10.000 -3.500 22.750 10.000 0.000 22.520 10.000
3 0 0.000 22.520 10.000 0.000 23.190 10.000 -3.400 23.420 10.000
3 0 0.000 23.190 10.000 0.000 22.520 10.000 3.500 22.750 10.000
3 0 3.500 22.750 10.000 3.400 23.420 10.000 0.000 23.190 10.000
3 0 3.400 23.420 10.000 3.500 22.750 10.000 6.930 23.430 10.000
3 0 6.930 23.430 10.000 6.730 24.080 10.000 3.400 23.420 10.000
3 0 6.730 24.080 10.000 6.930 23.430 10.000 10.250 24.560 10.000
3 0 10.250 24.560 10.000 9.950 25.170 10.000 6.730 24.080 10.000
3 0 9.950 25.170 10.000 10.250 24.560 10.000 13.390 26.110 10.000
3 0 13.390 26.110 10.000 13.000 26.680 10.000 9.950 25.170 10.000
3 0 13.000 26.680 10.000 13.390 26.110 10.000 16.300 28.050 10.000
3 0 16.300 28.050 10.000 15.830 28.570 10.000 13.000 26.680 10.000
3 0 15.830 28.570 10.000 16.300 28.050 10.000 17.790 29.280 10.000
3 0 17.790 29.280 10.000 17.800 30.190 10.000 15.830 28.570 10.000
3 92 0.580 27.470 10.000 1.090 27.290 10.000 1.130 28.280 10.000
3 92 1.130 28.280 10.000 0.690 27.730 10.000 0.580 27.470 10.000
3 92 0.690 27.730 10.000 1.130 28.280 10.000 0.620 27.960 10.000
3 92 0.620 27.960 10.000 1.130 28.280 10.000 0.800 28.550 10.000
3 92 0.800 28.550 10.000 0.430 28.150 10.000 0.620 27.960 10.000
3 92 0.430 28.150 10.000 0.800 28.550 10.000 0.430 28.740 10.000
3 92 0.430 28.740 10.000 0.230 28.260 10.000 0.430 28.150 10.000
3 92 0.230 28.260 10.000 0.430 28.740 10.000 0.000 28.830 10.000
3 92 0.000 28.830 10.000 0.000 28.300 10.000 0.230 28.260 10.000
3 92 0.000 28.300 10.000 0.000 28.830 10.000 -0.430 28.740 10.000
3 92 -0.430 28.740 10.000 -0.230 28.260 10.000 0.000 28.300 10.000
3 92 -0.230 28.260 10.000 -0.430 28.740 10.000 -0.800 28.500 10.000
3 92 -0.800 28.500 10.000 -0.430 28.130 10.000 -0.230 28.260 10.000
3 92 -0.430 28.130 10.000 -0.800 28.500 10.000 -1.040 28.130 10.000
3 92 -1.040 28.130 10.000 -0.560 27.930 10.000 -0.430 28.130 10.000
3 92 -0.560 27.930 10.000 -1.040 28.130 10.000 -1.130 27.700 10.000
3 92 -1.130 27.700 10.000 -0.600 27.700 10.000 -0.560 27.930 10.000
3 92 -0.600 27.700 10.000 -1.130 27.700 10.000 -1.040 27.270 10.000
3 92 -1.040 27.270 10.000 -0.560 27.470 10.000 -0.600 27.700 10.000
3 92 -0.560 27.470 10.000 -1.040 27.270 10.000 -0.800 26.900 10.000
3 92 -0.800 26.900 10.000 -0.430 27.270 10.000 -0.560 27.470 10.000
3 92 -0.430 27.270 10.000 -0.800 26.900 10.000 -0.430 26.660 10.000
3 92 -0.430 26.660 10.000 -0.230 27.140 10.000 -0.430 27.270 10.000
3 92 -0.230 27.140 10.000 -0.430 26.660 10.000 0.000 26.570 10.000
3 92 0.000 26.570 10.000 0.000 27.100 10.000 -0.230 27.140 10.000
3 92 0.000 27.100 10.000 0.000 26.570 10.000 0.430 26.660 10.000
3 92 0.430 26.660 10.000 0.230 27.140 10.000 0.000 27.100 10.000
3 92 0.230 27.140 10.000 0.430 26.660 10.000 0.800 26.900 10.000
3 92 0.800 26.900 10.000 0.430 27.270 10.000 0.230 27.140 10.000
3 92 0.430 27.270 10.000 0.800 26.900 10.000 1.090 27.290 10.000
3 92 1.090 27.290 10.000 0.580 27.470 10.000 0.430 27.270 10.000
3 92 -0.990 24.990 10.000 -1.070 24.490 10.000 -0.310 24.450 10.000
3 92 -0.310 24.450 10.000 -0.290 24.950 10.000 -0.990 24.990 10.000
3 92 -1.070 24.490 10.000 -0.990 24.990 10.000 -1.570 25.150 10.000
3 92 -1.570 25.150 10.000 -1.770 24.710 10.000 -1.070 24.490 10.000
3 92 -1.770 24.710 10.000 -1.570 25.150 10.000 -2.160 25.620 10.000
3 92 -2.160 25.620 10.000 -2.480 25.250 10.000 -1.770 24.710 10.000
3 92 -2.480 25.250 10.000 -2.160 25.620 10.000 -2.620 26.230 10.000
3 92 -2.620 26.230 10.000 -3.030 25.960 10.000 -2.480 25.250 10.000
3 92 -2.920 26.940 10.000 -3.370 26.790 10.000 -3.030 25.960 10.000
3 92 -3.030 25.960 10.000 -2.620 26.230 10.000 -2.920 26.940 10.000
3 92 -2.920 26.940 10.000 -3.020 27.700 10.000 -3.370 28.560 10.000
3 92 -3.370 28.560 10.000 -3.480 27.680 10.000 -2.920 26.940 10.000
3 92 0.000 30.650 10.000 0.000 31.200 10.000 -0.940 31.060 10.000
3 92 -0.940 31.060 10.000 -0.840 30.540 10.000 0.000 30.650 10.000
3 92 -0.840 30.540 10.000 -0.940 31.060 10.000 -1.770 30.650 10.000
3 92 -1.770 30.650 10.000 -1.550 30.250 10.000 -0.840 30.540 10.000
3 92 -1.550 30.250 10.000 -1.770 30.650 10.000 -2.480 30.100 10.000
3 92 -2.480 30.100 10.000 -2.160 29.780 10.000 -1.550 30.250 10.000
3 92 -2.160 29.780 10.000 -2.480 30.100 10.000 -3.030 29.390 10.000
3 92 -3.030 29.390 10.000 -2.620 29.170 10.000 -2.160 29.780 10.000
3 92 -3.370 28.560 10.000 -2.920 28.460 10.000 -2.620 29.170 10.000
3 92 -2.620 29.170 10.000 -3.030 29.390 10.000 -3.370 28.560 10.000
3 92 -3.020 27.700 10.000 -2.920 28.460 10.000 -3.370 28.560 10.000
3 92 -3.370 26.790 10.000 -2.920 26.940 10.000 -3.480 27.680 10.000
3 92 3.260 27.600 10.000 3.800 27.570 10.000 3.680 28.500 10.000
3 92 3.680 28.500 10.000 3.160 28.390 10.000 3.260 27.600 10.000
3 92 3.160 28.390 10.000 3.680 28.500 10.000 3.320 29.360 10.000
3 92 3.320 29.360 10.000 2.850 29.130 10.000 3.160 28.390 10.000
3 92 2.850 29.130 10.000 3.320 29.360 10.000 2.750 30.100 10.000
3 92 2.750 30.100 10.000 2.370 29.770 10.000 2.850 29.130 10.000
3 92 2.370 29.770 10.000 2.750 30.100 10.000 2.010 30.660 10.000
3 92 2.010 30.660 10.000 1.730 30.250 10.000 2.370 29.770 10.000
3 92 1.730 30.250 10.000 2.010 30.660 10.000 1.150 31.090 10.000
3 92 1.150 31.090 10.000 0.990 30.560 10.000 1.730 30.250 10.000
3 92 0.990 30.560 10.000 1.150 31.090 10.000 0.000 31.200 10.000
3 92 0.000 31.200 10.000 0.000 30.650 10.000 0.990 30.560 10.000
3 92 3.750 26.980 10.000 3.200 27.030 10.000 3.180 26.400 10.000
3 92 3.180 26.400 10.000 3.730 26.430 10.000 3.750 26.980 10.000
3 92 3.730 26.430 10.000 3.180 26.400 10.000 3.200 26.030 10.000
3 92 3.200 26.030 10.000 3.750 26.230 10.000 3.730 26.430 10.000
3 92 3.750 26.230 10.000 3.200 26.030 10.000 3.300 25.780 10.000
3 92 3.300 25.780 10.000 3.850 26.030 10.000 3.750 26.230 10.000
3 92 3.850 26.030 10.000 3.300 25.780 10.000 3.530 25.480 10.000
3 92 3.530 25.480 10.000 4.030 25.800 10.000 3.850 26.030 10.000
3 92 4.030 25.800 10.000 3.530 25.480 10.000 3.830 25.180 10.000
3 92 3.830 25.180 10.000 4.250 25.580 10.000 4.030 25.800 10.000
3 92 4.250 25.580 10.000 3.830 25.180 10.000 3.930 25.000 10.000
3 92 3.930 25.000 10.000 4.450 25.280 10.000 4.250 25.580 10.000
3 92 4.450 25.280 10.000 3.930 25.000 10.000 3.900 24.800 10.000
3 92 3.900 24.800 10.000 4.530 24.980 10.000 4.450 25.280 10.000
3 92 4.530 24.980 10.000 3.900 24.800 10.000 3.830 24.630 10.000
3 92 3.830 24.630 10.000 4.550 24.730 10.000 4.530 24.980 10.000
3 92 4.550 24.730 10.000 3.830 24.630 10.000 4.280 24.130 10.000
3 92 4.280 24.130 10.000 4.480 24.380 10.000 4.550 24.730 10.000
3 92 4.280 24.130 10.000 3.830 24.630 10.000 3.650 24.500 10.000
3 92 3.650 24.500 10.000 4.030 24.000 10.000 4.280 24.130 10.000
3 92 4.030 24.000 10.000 3.650 24.500 10.000 3.350 24.430 10.000
3 92 3.350 24.430 10.000 3.500 23.900 10.000 4.030 24.000 10.000
3 92 3.500 23.900 10.000 3.350 24.430 10.000 3.080 24.450 10.000
3 92 3.080 24.450 10.000 3.000 23.950 10.000 3.500 23.900 10.000
3 92 3.000 23.950 10.000 3.080 24.450 10.000 2.780 24.630 10.000
3 92 2.780 24.630 10.000 2.550 24.100 10.000 3.000 23.950 10.000
3 92 2.550 24.100 10.000 2.780 24.630 10.000 2.330 24.950 10.000
3 92 2.330 24.950 10.000 2.200 24.330 10.000 2.550 24.100 10.000
3 92 2.200 24.330 10.000 2.330 24.950 10.000 2.080 25.330 10.000
3 92 2.080 25.330 10.000 1.800 24.730 10.000 2.200 24.330 10.000
3 92 1.800 24.730 10.000 2.080 25.330 10.000 1.950 25.800 10.000
3 92 1.950 25.800 10.000 1.650 25.000 10.000 1.800 24.730 10.000
3 92 1.880 26.380 10.000 1.360 25.980 10.000 1.540 25.320 10.000
3 92 1.540 25.320 10.000 1.950 25.800 10.000 1.880 26.380 10.000
3 92 1.880 26.380 10.000 1.800 26.950 10.000 1.280 26.800 10.000
3 92 1.280 26.800 10.000 1.330 26.300 10.000 1.880 26.380 10.000
3 92 1.800 26.950 10.000 1.680 27.480 10.000 1.200 27.080 10.000
3 92 1.200 27.080 10.000 1.280 26.800 10.000 1.800 26.950 10.000
3 92 1.680 27.480 10.000 1.430 27.950 10.000 1.090 27.290 10.000
3 92 1.090 27.290 10.000 1.200 27.080 10.000 1.680 27.480 10.000
3 92 1.090 27.290 10.000 1.430 27.950 10.000 1.130 28.280 10.000
3 92 3.800 27.570 10.000 3.260 27.600 10.000 3.200 27.030 10.000
3 92 3.200 27.030 10.000 3.750 26.980 10.000 3.800 27.570 10.000
3 92 0.260 24.540 10.000 0.730 24.730 10.000 0.650 25.250 10.000
3 92 0.650 25.250 10.000 0.200 25.030 10.000 0.260 24.540 10.000
3 92 0.730 24.730 10.000 1.150 25.000 10.000 1.050 25.600 10.000
3 92 1.050 25.600 10.000 0.650 25.250 10.000 0.730 24.730 10.000
3 92 1.150 25.000 10.000 1.540 25.320 10.000 1.360 25.980 10.000
3 92 1.360 25.980 10.000 1.050 25.600 10.000 1.150 25.000 10.000
3 92 -0.310 24.450 10.000 0.260 24.540 10.000 0.200 25.030 10.000
3 92 0.200 25.030 10.000 -0.290 24.950 10.000 -0.310 24.450 10.000
3 92 1.650 25.000 10.000 1.950 25.800 10.000 1.540 25.320 10.000
3 92 1.360 25.980 10.000 1.880 26.380 10.000 1.330 26.300 10.000
3 78 0.580 27.470 10.000 0.690 27.730 10.000 0.620 27.960 10.000
3 78 0.620 27.960 10.000 0.000 27.700 10.000 0.580 27.470 10.000
3 78 0.620 27.960 10.000 0.430 28.150 10.000 0.230 28.260 10.000
3 78 0.230 28.260 10.000 0.000 27.700 10.000 0.620 27.960 10.000
3 78 0.230 28.260 10.000 0.000 28.300 10.000 -0.230 28.260 10.000
3 78 -0.230 28.260 10.000 0.000 27.700 10.000 0.230 28.260 10.000
3 78 -0.230 28.260 10.000 -0.430 28.130 10.000 -0.560 27.930 10.000
3 78 -0.560 27.930 10.000 0.000 27.700 10.000 -0.230 28.260 10.000
3 78 -0.560 27.930 10.000 -0.600 27.700 10.000 -0.560 27.470 10.000
3 78 -0.560 27.470 10.000 0.000 27.700 10.000 -0.560 27.930 10.000
3 78 -0.560 27.470 10.000 -0.430 27.270 10.000 -0.230 27.140 10.000
3 78 -0.230 27.140 10.000 0.000 27.700 10.000 -0.560 27.470 10.000
3 78 -0.230 27.140 10.000 0.000 27.100 10.000 0.230 27.140 10.000
3 78 0.230 27.140 10.000 0.000 27.700 10.000 -0.230 27.140 10.000
3 78 0.230 27.140 10.000 0.430 27.270 10.000 0.580 27.470 10.000
3 78 0.580 27.470 10.000 0.000 27.700 10.000 0.230 27.140 10.000
3 78 1.090 27.290 10.000 0.800 26.900 10.000 1.280 26.800 10.000
3 78 1.280 26.800 10.000 1.200 27.080 10.000 1.090 27.290 10.000
3 78 1.280 26.800 10.000 0.800 26.900 10.000 0.430 26.660 10.000
3 78 0.430 26.660 10.000 1.330 26.300 10.000 1.280 26.800 10.000
3 78 1.330 26.300 10.000 0.430 26.660 10.000 1.050 25.600 10.000
3 78 1.050 25.600 10.000 1.360 25.980 10.000 1.330 26.300 10.000
3 78 0.430 26.660 10.000 0.000 26.570 10.000 0.650 25.250 10.000
3 78 0.650 25.250 10.000 1.050 25.600 10.000 0.430 26.660 10.000
3 78 0.650 25.250 10.000 0.000 26.570 10.000 -0.290 24.950 10.000
3 78 -0.290 24.950 10.000 0.200 25.030 10.000 0.650 25.250 10.000
3 78 -0.290 24.950 10.000 0.000 26.570 10.000 -0.430 26.660 10.000
3 78 -0.430 26.660 10.000 -0.990 24.990 10.000 -0.290 24.950 10.000
3 78 -0.990 24.990 10.000 -0.430 26.660 10.000 -0.800 26.900 10.000
3 78 -0.800 26.900 10.000 -1.570 25.150 10.000 -0.990 24.990 10.000
3 78 -1.570 25.150 10.000 -0.800 26.900 10.000 -2.620 26.230 10.000
3 78 -2.620 26.230 10.000 -2.160 25.620 10.000 -1.570 25.150 10.000
3 78 -0.800 26.900 10.000 -1.040 27.270 10.000 -2.920 26.940 10.000
3 78 -2.920 26.940 10.000 -2.620 26.230 10.000 -0.800 26.900 10.000
3 78 -1.040 27.270 10.000 -1.130 27.700 10.000 -3.020 27.700 10.000
3 78 -3.020 27.700 10.000 -2.920 26.940 10.000 -1.040 27.270 10.000
3 78 -3.020 27.700 10.000 -1.130 27.700 10.000 -1.040 28.130 10.000
3 78 -1.040 28.130 10.000 -2.920 28.460 10.000 -3.020 27.700 10.000
3 78 -2.920 28.460 10.000 -1.040 28.130 10.000 -0.800 28.500 10.000
3 78 -0.800 28.500 10.000 -2.620 29.170 10.000 -2.920 28.460 10.000
3 78 -2.620 29.170 10.000 -0.800 28.500 10.000 -1.550 30.250 10.000
3 78 -1.550 30.250 10.000 -2.160 29.780 10.000 -2.620 29.170 10.000
3 78 -0.800 28.500 10.000 -0.430 28.740 10.000 -0.840 30.540 10.000
3 78 -0.840 30.540 10.000 -1.550 30.250 10.000 -0.800 28.500 10.000
3 78 -0.430 28.740 10.000 0.000 28.830 10.000 0.000 30.650 10.000
3 78 0.000 30.650 10.000 -0.840 30.540 10.000 -0.430 28.740 10.000
3 78 0.000 28.830 10.000 0.430 28.740 10.000 0.990 30.560 10.000
3 78 0.990 30.560 10.000 0.000 30.650 10.000 0.000 28.830 10.000
3 78 0.430 28.740 10.000 0.800 28.550 10.000 1.730 30.250 10.000
3 78 1.730 30.250 10.000 0.990 30.560 10.000 0.430 28.740 10.000
3 78 0.800 28.550 10.000 1.130 28.280 10.000 2.370 29.770 10.000
3 78 2.370 29.770 10.000 1.730 30.250 10.000 0.800 28.550 10.000
3 78 1.130 28.280 10.000 1.430 27.950 10.000 2.850 29.130 10.000
3 78 2.850 29.130 10.000 2.370 29.770 10.000 1.130 28.280 10.000
3 78 2.850 29.130 10.000 1.430 27.950 10.000 1.680 27.480 10.000
3 78 1.680 27.480 10.000 3.160 28.390 10.000 2.850 29.130 10.000
3 78 3.160 28.390 10.000 1.680 27.480 10.000 1.800 26.950 10.000
3 78 1.800 26.950 10.000 3.260 27.600 10.000 3.160 28.390 10.000
3 78 3.260 27.600 10.000 1.800 26.950 10.000 1.880 26.380 10.000
3 78 1.880 26.380 10.000 3.200 27.030 10.000 3.260 27.600 10.000
3 78 3.200 27.030 10.000 1.880 26.380 10.000 1.950 25.800 10.000
3 78 1.950 25.800 10.000 3.180 26.400 10.000 3.200 27.030 10.000
3 78 3.180 26.400 10.000 1.950 25.800 10.000 2.080 25.330 10.000
3 78 2.080 25.330 10.000 3.200 26.030 10.000 3.180 26.400 10.000
3 78 3.200 26.030 10.000 2.080 25.330 10.000 2.330 24.950 10.000
3 78 2.330 24.950 10.000 3.300 25.780 10.000 3.200 26.030 10.000
3 78 3.300 25.780 10.000 2.330 24.950 10.000 2.780 24.630 10.000
3 78 2.780 24.630 10.000 3.530 25.480 10.000 3.300 25.780 10.000
3 78 3.530 25.480 10.000 2.780 24.630 10.000 3.080 24.450 10.000
3 78 3.080 24.450 10.000 3.830 25.180 10.000 3.530 25.480 10.000
3 78 3.080 24.450 10.000 3.350 24.430 10.000 3.650 24.500 10.000
3 78 3.650 24.500 10.000 3.830 25.180 10.000 3.080 24.450 10.000
3 78 3.650 24.500 10.000 3.900 24.800 10.000 3.930 25.000 10.000
3 78 3.930 25.000 10.000 3.830 25.180 10.000 3.650 24.500 10.000
3 78 3.650 24.500 10.000 3.830 24.630 10.000 3.900 24.800 10.000
3 78 1.150 25.000 10.000 1.650 25.000 10.000 1.540 25.320 10.000
3 78 1.650 25.000 10.000 1.150 25.000 10.000 0.730 24.730 10.000
3 78 0.730 24.730 10.000 1.800 24.730 10.000 1.650 25.000 10.000
3 78 1.800 24.730 10.000 0.730 24.730 10.000 0.260 24.540 10.000
3 78 0.260 24.540 10.000 2.200 24.330 10.000 1.800 24.730 10.000
3 78 2.200 24.330 10.000 0.260 24.540 10.000 -0.310 24.450 10.000
3 78 -0.310 24.450 10.000 2.550 24.100 10.000 2.200 24.330 10.000
3 78 -0.310 24.450 10.000 0.000 23.190 10.000 3.000 23.950 10.000
3 78 3.000 23.950 10.000 2.550 24.100 10.000 -0.310 24.450 10.000
3 78 0.000 23.190 10.000 3.400 23.420 10.000 3.500 23.900 10.000
3 78 3.500 23.900 10.000 3.000 23.950 10.000 0.000 23.190 10.000
3 78 3.500 23.900 10.000 3.400 23.420 10.000 6.730 24.080 10.000
3 78 6.730 24.080 10.000 4.030 24.000 10.000 3.500 23.900 10.000
3 78 4.030 24.000 10.000 6.730 24.080 10.000 4.280 24.130 10.000
3 78 6.730 24.080 10.000 4.480 24.380 10.000 4.280 24.130 10.000
3 78 6.730 24.080 10.000 4.550 24.730 10.000 4.480 24.380 10.000
3 78 6.730 24.080 10.000 4.530 24.980 10.000 4.550 24.730 10.000
3 78 4.530 24.980 10.000 6.730 24.080 10.000 9.950 25.170 10.000
3 78 9.950 25.170 10.000 4.450 25.280 10.000 4.530 24.980 10.000
3 78 9.950 25.170 10.000 4.250 25.580 10.000 4.450 25.280 10.000
3 78 4.250 25.580 10.000 9.950 25.170 10.000 3.750 26.980 10.000
3 78 3.750 26.980 10.000 4.030 25.800 10.000 4.250 25.580 10.000
3 78 3.750 26.980 10.000 9.950 25.170 10.000 13.000 26.680 10.000
3 78 13.000 26.680 10.000 3.800 27.570 10.000 3.750 26.980 10.000
3 78 13.000 26.680 10.000 3.680 28.500 10.000 3.800 27.570 10.000
3 78 3.680 28.500 10.000 13.000 26.680 10.000 15.830 28.570 10.000
3 78 15.830 28.570 10.000 3.320 29.360 10.000 3.680 28.500 10.000
3 78 3.320 29.360 10.000 15.830 28.570 10.000 17.800 30.190 10.000
3 78 17.800 30.190 10.000 2.750 30.100 10.000 3.320 29.360 10.000
3 78 2.750 30.100 10.000 17.800 30.190 10.000 2.010 30.660 10.000
3 78 2.010 30.660 10.000 17.800 30.190 10.000 17.800 32.000 10.000
3 78 17.800 32.000 10.000 1.150 31.090 10.000 2.010 30.660 10.000
3 78 1.150 31.090 10.000 17.800 32.000 10.000 0.000 31.200 10.000
3 78 0.000 23.190 10.000 -0.310 24.450 10.000 -1.070 24.490 10.000
3 78 -1.070 24.490 10.000 -1.770 24.710 10.000 -3.400 23.420 10.000
3 78 -3.400 23.420 10.000 0.000 23.190 10.000 -1.070 24.490 10.000
3 78 -3.400 23.420 10.000 -1.770 24.710 10.000 -2.480 25.250 10.000
3 78 -2.480 25.250 10.000 -3.030 25.960 10.000 -6.730 24.080 10.000
3 78 -6.730 24.080 10.000 -3.400 23.420 10.000 -2.480 25.250 10.000
3 78 -3.030 25.960 10.000 -3.370 26.790 10.000 -9.950 25.170 10.000
3 78 -9.950 25.170 10.000 -6.730 24.080 10.000 -3.030 25.960 10.000
3 78 -3.370 26.790 10.000 -3.480 27.680 10.000 -13.000 26.680 10.000
3 78 -13.000 26.680 10.000 -9.950 25.170 10.000 -3.370 26.790 10.000
3 78 -13.000 26.680 10.000 -3.480 27.680 10.000 -3.370 28.560 10.000
3 78 -3.370 28.560 10.000 -3.030 29.390 10.000 -15.830 28.570 10.000
3 78 -15.830 28.570 10.000 -13.000 26.680 10.000 -3.370 28.560 10.000
3 78 -3.030 29.390 10.000 -2.480 30.100 10.000 -17.800 30.190 10.000
3 78 -17.800 30.190 10.000 -15.830 28.570 10.000 -3.030 29.390 10.000
3 78 -17.800 30.190 10.000 -2.480 30.100 10.000 -1.770 30.650 10.000
3 78 -1.770 30.650 10.000 -17.800 32.000 10.000 -17.800 30.190 10.000
3 78 -1.770 30.650 10.000 -0.940 31.060 10.000 -17.800 32.000 10.000
3 78 -0.940 31.060 10.000 0.000 31.200 10.000 -17.800 32.000 10.000
3 78 3.750 26.980 10.000 3.730 26.430 10.000 3.750 26.230 10.000
3 78 3.750 26.230 10.000 4.030 25.800 10.000 3.750 26.980 10.000
3 78 4.030 25.800 10.000 3.750 26.230 10.000 3.850 26.030 10.000
3 78 -17.800 32.000 10.000 0.000 31.200 10.000 17.800 32.000 10.000
3 0 5.980 19.730 10.000 5.030 19.380 10.000 4.380 18.680 10.000
3 0 4.380 18.680 10.000 5.180 19.030 10.000 5.980 19.730 10.000
3 0 5.030 19.380 10.000 4.130 19.130 10.000 3.430 18.350 10.000
3 0 3.430 18.350 10.000 4.380 18.680 10.000 5.030 19.380 10.000
3 0 4.130 19.130 10.000 3.200 19.000 10.000 2.430 18.130 10.000
3 0 2.430 18.130 10.000 3.430 18.350 10.000 4.130 19.130 10.000
3 0 3.200 19.000 10.000 2.130 18.890 10.000 1.380 18.000 10.000
3 0 1.380 18.000 10.000 2.430 18.130 10.000 3.200 19.000 10.000
3 0 2.130 18.890 10.000 1.200 18.850 10.000 0.380 17.980 10.000
3 0 0.380 17.980 10.000 1.380 18.000 10.000 2.130 18.890 10.000
3 0 1.200 18.850 10.000 0.230 18.830 10.000 -0.680 18.000 10.000
3 0 -0.680 18.000 10.000 0.380 17.980 10.000 1.200 18.850 10.000
3 0 0.230 18.830 10.000 -0.800 18.840 10.000 -1.800 18.150 10.000
3 0 -1.800 18.150 10.000 -0.680 18.000 10.000 0.230 18.830 10.000
3 0 -0.800 18.840 10.000 -1.900 18.930 10.000 -2.900 18.380 10.000
3 0 -2.900 18.380 10.000 -1.800 18.150 10.000 -0.800 18.840 10.000
3 0 -1.900 18.930 10.000 -3.000 19.100 10.000 -3.980 18.680 10.000
3 0 -3.980 18.680 10.000 -2.900 18.380 10.000 -1.900 18.930 10.000
3 0 -3.000 19.100 10.000 -3.900 19.290 10.000 -4.770 19.050 10.000
3 0 -4.770 19.050 10.000 -3.980 18.680 10.000 -3.000 19.100 10.000
3 0 -3.900 19.290 10.000 -4.620 19.510 10.000 -5.240 19.450 10.000
3 0 -5.240 19.450 10.000 -4.770 19.050 10.000 -3.900 19.290 10.000
3 0 6.080 19.500 10.000 6.080 19.640 10.000 5.980 19.730 10.000
3 0 5.980 19.730 10.000 5.180 19.030 10.000 6.080 19.500 10.000
3 0 -5.240 19.450 10.000 -4.620 19.510 10.000 -5.090 19.710 10.000
3 0 -5.090 19.710 10.000 -5.220 19.610 10.000 -5.240 19.450 10.000
1 16 0.0000 0.0000 0.0000 1.0000 0.0000 0.0000 0.0000 1.0000 0.0000 0.0000 0.0000 1.0000 s/973s01.dat
1 0 0.0000 -4.0000 0.0000 4.2430 0.0000 -4.2430 0.0000 -8.0000 0.0000 -4.2430 0.0000 -4.2430 1-4cyli.dat
