0 FILE 98138pb132.dat
0 Tile, Round 1 x 1 with Skull Face with Heart Eyes in Medium Azure Circle Pattern
0 Name:  98138pb132.dat
0 Author:  
0 BL_Item_No 98138pb132
0 BFC CERTIFY CCW
3 16 -3.110 0.000 -5.420 -2.850 0.000 -5.590 -3.340 0.000 -4.850
3 16 -3.340 0.000 -4.850 -3.280 0.000 -5.160 -3.110 0.000 -5.420
3 16 -2.850 0.000 -5.590 -2.540 0.000 -5.650 -2.300 0.000 -5.650
3 16 -2.300 0.000 -5.650 -3.340 0.000 -4.850 -2.850 0.000 -5.590
3 16 -2.300 0.000 -5.650 -2.300 0.000 -4.900 -3.340 0.000 -4.600
3 16 -3.340 0.000 -4.600 -3.340 0.000 -4.850 -2.300 0.000 -5.650
3 16 -3.340 0.000 -4.600 -2.300 0.000 -4.900 -2.250 0.000 -4.700
3 16 -2.250 0.000 -4.700 -2.100 0.000 -4.550 -3.350 0.000 -4.390
3 16 -3.350 0.000 -4.390 -3.340 0.000 -4.600 -2.250 0.000 -4.700
3 16 -3.440 0.000 -4.130 -3.350 0.000 -4.390 -2.100 0.000 -4.550
3 16 -3.440 0.000 -4.130 -2.100 0.000 -4.550 -1.900 0.000 -4.500
3 16 -1.900 0.000 -4.500 -3.650 0.000 -3.860 -3.440 0.000 -4.130
3 16 -3.650 0.000 -3.860 -1.900 0.000 -4.500 -1.130 0.000 -3.550
3 16 -1.130 0.000 -3.550 -1.200 0.000 -3.300 -3.650 0.000 -3.860
3 16 -1.130 0.000 -3.550 -1.900 0.000 -4.500 -1.700 0.000 -4.550
3 16 -1.700 0.000 -4.550 -1.550 0.000 -4.700 -0.950 0.000 -3.730
3 16 -0.950 0.000 -3.730 -1.130 0.000 -3.550 -1.700 0.000 -4.550
3 16 -0.950 0.000 -3.730 -1.550 0.000 -4.700 -0.200 0.000 -4.550
3 16 -0.200 0.000 -4.550 -0.700 0.000 -3.800 -0.950 0.000 -3.730
3 16 -0.200 0.000 -4.550 0.000 0.000 -4.500 -0.450 0.000 -3.730
3 16 -0.450 0.000 -3.730 -0.700 0.000 -3.800 -0.200 0.000 -4.550
3 16 -0.450 0.000 -3.730 0.000 0.000 -4.500 0.270 0.000 -3.550
3 16 0.270 0.000 -3.550 -0.270 0.000 -3.550 -0.450 0.000 -3.730
3 16 -0.200 0.000 -4.550 -1.550 0.000 -4.700 -0.350 0.000 -4.700
3 16 -1.500 0.000 -4.900 -0.400 0.000 -4.900 -0.350 0.000 -4.700
3 16 -0.350 0.000 -4.700 -1.550 0.000 -4.700 -1.500 0.000 -4.900
3 16 -1.500 0.000 -4.900 -1.500 0.000 -5.650 -0.400 0.000 -5.650
3 16 -0.400 0.000 -5.650 -0.400 0.000 -4.900 -1.500 0.000 -4.900
3 16 -4.240 0.000 -3.340 -3.650 0.000 -3.860 -1.200 0.000 -3.300
3 16 -1.200 0.000 -3.300 -3.150 0.000 -2.680 -4.240 0.000 -3.340
3 16 -3.150 0.000 -2.680 -1.200 0.000 -3.300 -1.130 0.000 -3.050
3 16 -1.130 0.000 -3.050 -0.950 0.000 -2.870 -1.620 0.000 -1.180
3 16 -1.620 0.000 -1.180 -3.150 0.000 -2.680 -1.130 0.000 -3.050
3 16 -0.950 0.000 -2.870 -0.700 0.000 -2.800 -1.380 0.000 -0.820
3 16 -1.380 0.000 -0.820 -1.620 0.000 -1.180 -0.950 0.000 -2.870
3 16 -4.240 0.000 -3.340 -3.150 0.000 -2.680 -5.200 0.000 -2.100
3 16 -5.200 0.000 -2.100 -4.760 0.000 -2.750 -4.240 0.000 -3.340
3 16 -3.150 0.000 -2.680 -4.680 0.000 -1.180 -5.540 0.000 -1.400
3 16 -5.540 0.000 -1.400 -5.200 0.000 -2.100 -3.150 0.000 -2.680
3 16 -4.680 0.000 -1.180 -4.920 0.000 -0.820 -5.800 0.000 -0.650
3 16 -5.800 0.000 -0.650 -5.540 0.000 -1.400 -4.680 0.000 -1.180
3 16 -4.920 0.000 -0.820 -5.000 0.000 -0.400 -5.950 0.000 0.120
3 16 -5.950 0.000 0.120 -5.800 0.000 -0.650 -4.920 0.000 -0.820
3 16 -5.000 0.000 -0.400 -4.920 0.000 0.020 -6.000 0.000 0.900
3 16 -6.000 0.000 0.900 -5.950 0.000 0.120 -5.000 0.000 -0.400
3 16 -6.000 0.000 0.900 -4.920 0.000 0.020 -4.680 0.000 0.380
3 16 -4.680 0.000 0.380 -4.320 0.000 0.620 -5.950 0.000 1.680
3 16 -5.950 0.000 1.680 -6.000 0.000 0.900 -4.680 0.000 0.380
3 16 -5.950 0.000 1.680 -4.320 0.000 0.620 -3.900 0.000 0.700
3 16 -3.900 0.000 0.700 -5.800 0.000 2.450 -5.950 0.000 1.680
3 16 -5.800 0.000 2.450 -3.900 0.000 0.700 -5.200 0.000 3.900
3 16 -5.200 0.000 3.900 -5.540 0.000 3.200 -5.800 0.000 2.450
3 16 -3.900 0.000 0.700 -3.480 0.000 0.620 -2.820 0.000 0.620
3 16 -2.820 0.000 0.620 -5.200 0.000 3.900 -3.900 0.000 0.700
3 16 -2.820 0.000 0.620 -3.480 0.000 0.620 -3.150 0.000 0.380
3 16 -2.820 0.000 0.620 -2.400 0.000 0.700 -4.760 0.000 4.550
3 16 -4.760 0.000 4.550 -5.200 0.000 3.900 -2.820 0.000 0.620
3 16 -4.760 0.000 4.550 -2.400 0.000 0.700 -3.650 0.000 5.660
3 16 -3.650 0.000 5.660 -4.240 0.000 5.140 -4.760 0.000 4.550
3 16 -2.400 0.000 0.700 -1.980 0.000 0.620 -3.000 0.000 6.100
3 16 -3.000 0.000 6.100 -3.650 0.000 5.660 -2.400 0.000 0.700
3 16 -3.000 0.000 6.100 -1.980 0.000 0.620 -1.550 0.000 6.700
3 16 -1.550 0.000 6.700 -2.300 0.000 6.440 -3.000 0.000 6.100
3 16 -1.550 0.000 6.700 -1.980 0.000 0.620 0.000 0.000 6.900
3 16 0.000 0.000 6.900 -0.780 0.000 6.850 -1.550 0.000 6.700
3 16 0.000 0.000 6.900 -1.980 0.000 0.620 -1.620 0.000 0.380
3 16 -1.620 0.000 0.380 -1.380 0.000 0.020 1.380 0.000 0.020
3 16 1.380 0.000 0.020 0.000 0.000 6.900 -1.620 0.000 0.380
3 16 3.110 0.000 -5.420 3.280 0.000 -5.160 3.340 0.000 -4.850
3 16 3.340 0.000 -4.850 2.850 0.000 -5.590 3.110 0.000 -5.420
3 16 2.850 0.000 -5.590 3.340 0.000 -4.850 2.300 0.000 -5.650
3 16 2.300 0.000 -5.650 2.540 0.000 -5.650 2.850 0.000 -5.590
3 16 2.300 0.000 -5.650 3.340 0.000 -4.850 3.340 0.000 -4.600
3 16 3.340 0.000 -4.600 2.300 0.000 -4.900 2.300 0.000 -5.650
3 16 3.340 0.000 -4.600 2.250 0.000 -4.700 2.300 0.000 -4.900
3 16 2.250 0.000 -4.700 3.340 0.000 -4.600 3.350 0.000 -4.390
3 16 3.350 0.000 -4.390 2.100 0.000 -4.550 2.250 0.000 -4.700
3 16 3.440 0.000 -4.130 2.100 0.000 -4.550 3.350 0.000 -4.390
3 16 3.440 0.000 -4.130 3.650 0.000 -3.860 1.900 0.000 -4.500
3 16 1.900 0.000 -4.500 2.100 0.000 -4.550 3.440 0.000 -4.130
3 16 3.650 0.000 -3.860 1.200 0.000 -3.300 1.130 0.000 -3.550
3 16 1.130 0.000 -3.550 1.900 0.000 -4.500 3.650 0.000 -3.860
3 16 1.130 0.000 -3.550 1.700 0.000 -4.550 1.900 0.000 -4.500
3 16 1.700 0.000 -4.550 1.130 0.000 -3.550 0.950 0.000 -3.730
3 16 0.950 0.000 -3.730 1.550 0.000 -4.700 1.700 0.000 -4.550
3 16 0.950 0.000 -3.730 0.700 0.000 -3.800 0.200 0.000 -4.550
3 16 0.200 0.000 -4.550 1.550 0.000 -4.700 0.950 0.000 -3.730
3 16 0.200 0.000 -4.550 0.700 0.000 -3.800 0.450 0.000 -3.730
3 16 0.450 0.000 -3.730 0.000 0.000 -4.500 0.200 0.000 -4.550
3 16 0.270 0.000 -3.550 0.000 0.000 -4.500 0.450 0.000 -3.730
3 16 0.200 0.000 -4.550 0.350 0.000 -4.700 1.550 0.000 -4.700
3 16 1.500 0.000 -4.900 1.550 0.000 -4.700 0.350 0.000 -4.700
3 16 0.350 0.000 -4.700 0.400 0.000 -4.900 1.500 0.000 -4.900
3 16 1.500 0.000 -4.900 0.400 0.000 -4.900 0.400 0.000 -5.650
3 16 0.400 0.000 -5.650 1.500 0.000 -5.650 1.500 0.000 -4.900
3 16 4.240 0.000 -3.340 3.150 0.000 -2.680 1.200 0.000 -3.300
3 16 1.200 0.000 -3.300 3.650 0.000 -3.860 4.240 0.000 -3.340
3 16 3.150 0.000 -2.680 1.130 0.000 -3.050 1.200 0.000 -3.300
3 16 1.130 0.000 -3.050 3.150 0.000 -2.680 1.620 0.000 -1.180
3 16 1.620 0.000 -1.180 0.950 0.000 -2.870 1.130 0.000 -3.050
3 16 0.950 0.000 -2.870 1.620 0.000 -1.180 1.380 0.000 -0.820
3 16 1.380 0.000 -0.820 0.700 0.000 -2.800 0.950 0.000 -2.870
3 16 4.240 0.000 -3.340 4.760 0.000 -2.750 5.200 0.000 -2.100
3 16 5.200 0.000 -2.100 3.150 0.000 -2.680 4.240 0.000 -3.340
3 16 3.150 0.000 -2.680 5.200 0.000 -2.100 5.540 0.000 -1.400
3 16 5.540 0.000 -1.400 4.680 0.000 -1.180 3.150 0.000 -2.680
3 16 4.680 0.000 -1.180 5.540 0.000 -1.400 5.800 0.000 -0.650
3 16 5.800 0.000 -0.650 4.920 0.000 -0.820 4.680 0.000 -1.180
3 16 4.920 0.000 -0.820 5.800 0.000 -0.650 5.950 0.000 0.120
3 16 5.950 0.000 0.120 5.000 0.000 -0.400 4.920 0.000 -0.820
3 16 5.000 0.000 -0.400 5.950 0.000 0.120 6.000 0.000 0.900
3 16 6.000 0.000 0.900 4.920 0.000 0.020 5.000 0.000 -0.400
3 16 6.000 0.000 0.900 4.680 0.000 0.380 4.920 0.000 0.020
3 16 4.680 0.000 0.380 6.000 0.000 0.900 5.950 0.000 1.680
3 16 5.950 0.000 1.680 4.320 0.000 0.620 4.680 0.000 0.380
3 16 5.950 0.000 1.680 5.800 0.000 2.450 3.900 0.000 0.700
3 16 3.900 0.000 0.700 4.320 0.000 0.620 5.950 0.000 1.680
3 16 5.800 0.000 2.450 5.540 0.000 3.200 5.200 0.000 3.900
3 16 5.200 0.000 3.900 3.900 0.000 0.700 5.800 0.000 2.450
3 16 3.900 0.000 0.700 5.200 0.000 3.900 2.820 0.000 0.620
3 16 2.820 0.000 0.620 3.480 0.000 0.620 3.900 0.000 0.700
3 16 2.820 0.000 0.620 3.150 0.000 0.380 3.480 0.000 0.620
3 16 2.820 0.000 0.620 5.200 0.000 3.900 4.760 0.000 4.550
3 16 4.760 0.000 4.550 2.400 0.000 0.700 2.820 0.000 0.620
3 16 4.760 0.000 4.550 4.240 0.000 5.140 3.650 0.000 5.660
3 16 3.650 0.000 5.660 2.400 0.000 0.700 4.760 0.000 4.550
3 16 2.400 0.000 0.700 3.650 0.000 5.660 3.000 0.000 6.100
3 16 3.000 0.000 6.100 1.980 0.000 0.620 2.400 0.000 0.700
3 16 3.000 0.000 6.100 2.300 0.000 6.440 1.550 0.000 6.700
3 16 1.550 0.000 6.700 1.980 0.000 0.620 3.000 0.000 6.100
3 16 1.550 0.000 6.700 0.780 0.000 6.850 0.000 0.000 6.900
3 16 0.000 0.000 6.900 1.980 0.000 0.620 1.550 0.000 6.700
3 16 0.000 0.000 6.900 1.620 0.000 0.380 1.980 0.000 0.620
3 16 0.000 0.000 6.900 1.380 0.000 0.020 1.620 0.000 0.380
3 16 -1.300 0.000 -0.400 1.300 0.000 -0.400 1.380 0.000 0.020
3 16 1.380 0.000 0.020 -1.380 0.000 0.020 -1.300 0.000 -0.400
3 16 -1.380 0.000 -0.820 1.380 0.000 -0.820 1.300 0.000 -0.400
3 16 1.300 0.000 -0.400 -1.300 0.000 -0.400 -1.380 0.000 -0.820
3 16 -1.380 0.000 -0.820 -0.450 0.000 -2.870 0.450 0.000 -2.870
3 16 0.450 0.000 -2.870 1.380 0.000 -0.820 -1.380 0.000 -0.820
3 16 1.380 0.000 -0.820 0.450 0.000 -2.870 0.700 0.000 -2.800
3 16 -1.380 0.000 -0.820 -0.700 0.000 -2.800 -0.450 0.000 -2.870
3 16 -0.270 0.000 -3.050 0.270 0.000 -3.050 0.450 0.000 -2.870
3 16 0.450 0.000 -2.870 -0.450 0.000 -2.870 -0.270 0.000 -3.050
3 16 -0.200 0.000 -3.300 0.200 0.000 -3.300 0.270 0.000 -3.050
3 16 0.270 0.000 -3.050 -0.270 0.000 -3.050 -0.200 0.000 -3.300
3 16 -0.270 0.000 -3.550 0.270 0.000 -3.550 0.200 0.000 -3.300
3 16 0.200 0.000 -3.300 -0.200 0.000 -3.300 -0.270 0.000 -3.550
3 30 -5.950 0.000 1.680 -6.740 0.000 1.790 -6.800 0.000 0.900
3 30 -6.800 0.000 0.900 -6.000 0.000 0.900 -5.950 0.000 1.680
3 30 -6.000 0.000 0.900 -6.800 0.000 0.900 -6.740 0.000 0.010
3 30 -6.740 0.000 0.010 -5.950 0.000 0.120 -6.000 0.000 0.900
3 30 -5.950 0.000 0.120 -6.740 0.000 0.010 -6.570 0.000 -0.860
3 30 -6.570 0.000 -0.860 -5.800 0.000 -0.650 -5.950 0.000 0.120
3 30 -5.800 0.000 -0.650 -6.570 0.000 -0.860 -6.280 0.000 -1.700
3 30 -6.280 0.000 -1.700 -5.540 0.000 -1.400 -5.800 0.000 -0.650
3 30 -5.540 0.000 -1.400 -6.280 0.000 -1.700 -5.890 0.000 -2.500
3 30 -5.890 0.000 -2.500 -5.200 0.000 -2.100 -5.540 0.000 -1.400
3 30 -5.200 0.000 -2.100 -5.890 0.000 -2.500 -5.390 0.000 -3.240
3 30 -5.390 0.000 -3.240 -4.760 0.000 -2.750 -5.200 0.000 -2.100
3 30 -4.760 0.000 -2.750 -5.390 0.000 -3.240 -4.810 0.000 -3.910
3 30 -4.810 0.000 -3.910 -4.240 0.000 -3.340 -4.760 0.000 -2.750
3 30 -4.240 0.000 -3.340 -4.810 0.000 -3.910 -4.140 0.000 -4.490
3 30 -4.140 0.000 -4.490 -3.650 0.000 -3.860 -4.240 0.000 -3.340
3 30 0.000 0.000 6.900 0.000 0.000 7.700 -0.890 0.000 7.640
3 30 -0.890 0.000 7.640 -0.780 0.000 6.850 0.000 0.000 6.900
3 30 -0.780 0.000 6.850 -0.890 0.000 7.640 -1.760 0.000 7.470
3 30 -1.760 0.000 7.470 -1.550 0.000 6.700 -0.780 0.000 6.850
3 30 -1.550 0.000 6.700 -1.760 0.000 7.470 -2.600 0.000 7.180
3 30 -2.600 0.000 7.180 -2.300 0.000 6.440 -1.550 0.000 6.700
3 30 -2.300 0.000 6.440 -2.600 0.000 7.180 -3.400 0.000 6.790
3 30 -3.400 0.000 6.790 -3.000 0.000 6.100 -2.300 0.000 6.440
3 30 -3.000 0.000 6.100 -3.400 0.000 6.790 -4.140 0.000 6.290
3 30 -4.140 0.000 6.290 -3.650 0.000 5.660 -3.000 0.000 6.100
3 30 -3.650 0.000 5.660 -4.140 0.000 6.290 -4.810 0.000 5.710
3 30 -4.810 0.000 5.710 -4.240 0.000 5.140 -3.650 0.000 5.660
3 30 -4.240 0.000 5.140 -4.810 0.000 5.710 -5.390 0.000 5.040
3 30 -5.390 0.000 5.040 -4.760 0.000 4.550 -4.240 0.000 5.140
3 30 -4.760 0.000 4.550 -5.390 0.000 5.040 -5.890 0.000 4.300
3 30 -5.890 0.000 4.300 -5.200 0.000 3.900 -4.760 0.000 4.550
3 30 -5.200 0.000 3.900 -5.890 0.000 4.300 -6.280 0.000 3.500
3 30 -6.280 0.000 3.500 -5.540 0.000 3.200 -5.200 0.000 3.900
3 30 -5.540 0.000 3.200 -6.280 0.000 3.500 -6.570 0.000 2.660
3 30 -6.570 0.000 2.660 -5.800 0.000 2.450 -5.540 0.000 3.200
3 30 -5.800 0.000 2.450 -6.570 0.000 2.660 -6.740 0.000 1.790
3 30 -6.740 0.000 1.790 -5.950 0.000 1.680 -5.800 0.000 2.450
3 322 -6.800 0.000 0.900 -9.000 0.000 0.000 -6.740 0.000 0.010
3 322 -6.800 0.000 0.900 -6.740 0.000 1.790 -8.315 0.000 3.444
3 322 -8.315 0.000 3.444 -9.000 0.000 0.000 -6.800 0.000 0.900
3 322 -8.315 0.000 3.444 -6.740 0.000 1.790 -6.570 0.000 2.660
3 322 -6.280 0.000 3.500 -8.315 0.000 3.444 -6.570 0.000 2.660
3 322 -6.280 0.000 3.500 -5.890 0.000 4.300 -6.364 0.000 6.364
3 322 -6.364 0.000 6.364 -8.315 0.000 3.444 -6.280 0.000 3.500
3 322 -6.364 0.000 6.364 -5.890 0.000 4.300 -5.390 0.000 5.040
3 322 -6.364 0.000 6.364 -5.390 0.000 5.040 -4.810 0.000 5.710
3 322 -4.810 0.000 5.710 -4.140 0.000 6.290 -3.444 0.000 8.315
3 322 -3.444 0.000 8.315 -6.364 0.000 6.364 -4.810 0.000 5.710
3 322 -3.444 0.000 8.315 -4.140 0.000 6.290 -3.400 0.000 6.790
3 322 -3.444 0.000 8.315 -3.400 0.000 6.790 -2.600 0.000 7.180
3 322 -3.444 0.000 8.315 -2.600 0.000 7.180 -1.760 0.000 7.470
3 322 -1.760 0.000 7.470 -0.890 0.000 7.640 0.000 0.000 9.000
3 322 0.000 0.000 9.000 -3.444 0.000 8.315 -1.760 0.000 7.470
3 322 0.000 0.000 9.000 -0.890 0.000 7.640 0.000 0.000 7.700
3 322 -6.740 0.000 0.010 -9.000 0.000 0.000 -6.570 0.000 -0.860
3 322 -6.570 0.000 -0.860 -9.000 0.000 0.000 -8.315 0.000 -3.444
3 322 -8.315 0.000 -3.444 -6.280 0.000 -1.700 -6.570 0.000 -0.860
3 322 -6.280 0.000 -1.700 -8.315 0.000 -3.444 -5.890 0.000 -2.500
3 322 -5.890 0.000 -2.500 -8.315 0.000 -3.444 -6.364 0.000 -6.364
3 322 -6.364 0.000 -6.364 -5.390 0.000 -3.240 -5.890 0.000 -2.500
3 322 -5.390 0.000 -3.240 -6.364 0.000 -6.364 -4.140 0.000 -4.850
3 322 -4.140 0.000 -4.850 -4.810 0.000 -3.910 -5.390 0.000 -3.240
3 30 -4.920 0.000 0.020 -5.000 0.000 -0.400 -4.920 0.000 -0.820
3 30 -4.920 0.000 -0.820 -3.150 0.000 -2.680 -4.920 0.000 0.020
3 30 -4.920 0.000 -0.820 -4.680 0.000 -1.180 -3.150 0.000 -2.680
3 30 -3.150 0.000 0.380 -3.480 0.000 0.620 -3.900 0.000 0.700
3 30 -3.900 0.000 0.700 -3.150 0.000 -2.680 -3.150 0.000 0.380
3 30 -3.900 0.000 0.700 -4.320 0.000 0.620 -4.680 0.000 0.380
3 30 -4.680 0.000 0.380 -3.150 0.000 -2.680 -3.900 0.000 0.700
3 30 -4.680 0.000 0.380 -4.920 0.000 0.020 -3.150 0.000 -2.680
3 30 -1.620 0.000 -1.180 -1.380 0.000 -0.820 -1.300 0.000 -0.400
3 30 -1.300 0.000 -0.400 -3.150 0.000 -2.680 -1.620 0.000 -1.180
3 30 -1.300 0.000 -0.400 -1.380 0.000 0.020 -1.620 0.000 0.380
3 30 -1.620 0.000 0.380 -3.150 0.000 -2.680 -1.300 0.000 -0.400
3 30 -1.620 0.000 0.380 -1.980 0.000 0.620 -2.400 0.000 0.700
3 30 -2.400 0.000 0.700 -3.150 0.000 -2.680 -1.620 0.000 0.380
3 30 -2.400 0.000 0.700 -2.820 0.000 0.620 -3.150 0.000 0.380
3 30 -3.150 0.000 0.380 -3.150 0.000 -2.680 -2.400 0.000 0.700
3 30 -1.130 0.000 -3.050 -1.200 0.000 -3.300 -1.130 0.000 -3.550
3 30 -1.130 0.000 -3.550 -0.700 0.000 -3.300 -1.130 0.000 -3.050
3 30 -1.130 0.000 -3.550 -0.950 0.000 -3.730 -0.700 0.000 -3.800
3 30 -0.700 0.000 -3.800 -0.700 0.000 -3.300 -1.130 0.000 -3.550
3 30 -0.700 0.000 -3.800 -0.450 0.000 -3.730 -0.270 0.000 -3.550
3 30 -0.270 0.000 -3.550 -0.700 0.000 -3.300 -0.700 0.000 -3.800
3 30 -0.270 0.000 -3.550 -0.200 0.000 -3.300 -0.270 0.000 -3.050
3 30 -0.270 0.000 -3.050 -0.700 0.000 -3.300 -0.270 0.000 -3.550
3 30 -0.270 0.000 -3.050 -0.450 0.000 -2.870 -0.700 0.000 -2.800
3 30 -0.700 0.000 -2.800 -0.700 0.000 -3.300 -0.270 0.000 -3.050
3 30 -0.700 0.000 -2.800 -0.950 0.000 -2.870 -1.130 0.000 -3.050
3 30 -1.130 0.000 -3.050 -0.700 0.000 -3.300 -0.700 0.000 -2.800
3 30 -3.650 0.000 -3.860 -4.140 0.000 -4.490 -3.350 0.000 -4.390
3 30 -3.350 0.000 -4.390 -3.440 0.000 -4.130 -3.650 0.000 -3.860
3 30 -3.350 0.000 -4.390 -4.140 0.000 -4.490 -3.340 0.000 -4.850
3 30 -3.340 0.000 -4.850 -3.340 0.000 -4.600 -3.350 0.000 -4.390
3 30 -3.340 0.000 -4.850 -4.140 0.000 -4.850 -4.020 0.000 -5.460
3 30 -4.020 0.000 -5.460 -3.280 0.000 -5.160 -3.340 0.000 -4.850
3 30 -3.280 0.000 -5.160 -4.020 0.000 -5.460 -3.670 0.000 -5.980
3 30 -3.670 0.000 -5.980 -3.110 0.000 -5.420 -3.280 0.000 -5.160
3 30 -3.110 0.000 -5.420 -3.670 0.000 -5.980 -3.150 0.000 -6.330
3 30 -3.150 0.000 -6.330 -2.850 0.000 -5.590 -3.110 0.000 -5.420
3 30 -2.850 0.000 -5.590 -3.150 0.000 -6.330 -2.540 0.000 -6.450
3 30 -2.540 0.000 -6.450 -2.540 0.000 -5.650 -2.850 0.000 -5.590
3 30 -4.140 0.000 -4.490 -4.140 0.000 -4.850 -3.340 0.000 -4.850
3 30 -2.300 0.000 -4.900 -2.300 0.000 -5.650 -2.100 0.000 -4.550
3 30 -2.100 0.000 -4.550 -2.250 0.000 -4.700 -2.300 0.000 -4.900
3 30 -1.500 0.000 -5.650 -1.500 0.000 -4.900 -1.550 0.000 -4.700
3 30 -1.550 0.000 -4.700 -2.300 0.000 -5.650 -1.500 0.000 -5.650
3 30 -1.550 0.000 -4.700 -1.700 0.000 -4.550 -1.900 0.000 -4.500
3 30 -1.900 0.000 -4.500 -2.300 0.000 -5.650 -1.550 0.000 -4.700
3 30 -1.900 0.000 -4.500 -2.100 0.000 -4.550 -2.300 0.000 -5.650
3 30 -0.400 0.000 -4.900 -0.400 0.000 -5.650 -0.200 0.000 -4.550
3 30 -0.200 0.000 -4.550 -0.350 0.000 -4.700 -0.400 0.000 -4.900
3 30 -0.200 0.000 -4.550 -0.400 0.000 -5.650 0.400 0.000 -5.650
3 30 0.400 0.000 -5.650 0.000 0.000 -4.500 -0.200 0.000 -4.550
3 30 -2.300 0.000 -5.650 -2.540 0.000 -5.650 -2.540 0.000 -6.450
3 30 -1.500 0.000 -5.650 -2.300 0.000 -5.650 -2.540 0.000 -6.450
3 30 -0.400 0.000 -5.650 -1.500 0.000 -5.650 -2.540 0.000 -6.450
3 30 5.950 0.000 1.680 6.000 0.000 0.900 6.800 0.000 0.900
3 30 6.800 0.000 0.900 6.740 0.000 1.790 5.950 0.000 1.680
3 30 6.000 0.000 0.900 5.950 0.000 0.120 6.740 0.000 0.010
3 30 6.740 0.000 0.010 6.800 0.000 0.900 6.000 0.000 0.900
3 30 5.950 0.000 0.120 5.800 0.000 -0.650 6.570 0.000 -0.860
3 30 6.570 0.000 -0.860 6.740 0.000 0.010 5.950 0.000 0.120
3 30 5.800 0.000 -0.650 5.540 0.000 -1.400 6.280 0.000 -1.700
3 30 6.280 0.000 -1.700 6.570 0.000 -0.860 5.800 0.000 -0.650
3 30 5.540 0.000 -1.400 5.200 0.000 -2.100 5.890 0.000 -2.500
3 30 5.890 0.000 -2.500 6.280 0.000 -1.700 5.540 0.000 -1.400
3 30 5.200 0.000 -2.100 4.760 0.000 -2.750 5.390 0.000 -3.240
3 30 5.390 0.000 -3.240 5.890 0.000 -2.500 5.200 0.000 -2.100
3 30 4.760 0.000 -2.750 4.240 0.000 -3.340 4.810 0.000 -3.910
3 30 4.810 0.000 -3.910 5.390 0.000 -3.240 4.760 0.000 -2.750
3 30 4.240 0.000 -3.340 3.650 0.000 -3.860 4.140 0.000 -4.490
3 30 4.140 0.000 -4.490 4.810 0.000 -3.910 4.240 0.000 -3.340
3 30 0.000 0.000 6.900 0.780 0.000 6.850 0.890 0.000 7.640
3 30 0.890 0.000 7.640 0.000 0.000 7.700 0.000 0.000 6.900
3 30 0.780 0.000 6.850 1.550 0.000 6.700 1.760 0.000 7.470
3 30 1.760 0.000 7.470 0.890 0.000 7.640 0.780 0.000 6.850
3 30 1.550 0.000 6.700 2.300 0.000 6.440 2.600 0.000 7.180
3 30 2.600 0.000 7.180 1.760 0.000 7.470 1.550 0.000 6.700
3 30 2.300 0.000 6.440 3.000 0.000 6.100 3.400 0.000 6.790
3 30 3.400 0.000 6.790 2.600 0.000 7.180 2.300 0.000 6.440
3 30 3.000 0.000 6.100 3.650 0.000 5.660 4.140 0.000 6.290
3 30 4.140 0.000 6.290 3.400 0.000 6.790 3.000 0.000 6.100
3 30 3.650 0.000 5.660 4.240 0.000 5.140 4.810 0.000 5.710
3 30 4.810 0.000 5.710 4.140 0.000 6.290 3.650 0.000 5.660
3 30 4.240 0.000 5.140 4.760 0.000 4.550 5.390 0.000 5.040
3 30 5.390 0.000 5.040 4.810 0.000 5.710 4.240 0.000 5.140
3 30 4.760 0.000 4.550 5.200 0.000 3.900 5.890 0.000 4.300
3 30 5.890 0.000 4.300 5.390 0.000 5.040 4.760 0.000 4.550
3 30 5.200 0.000 3.900 5.540 0.000 3.200 6.280 0.000 3.500
3 30 6.280 0.000 3.500 5.890 0.000 4.300 5.200 0.000 3.900
3 30 5.540 0.000 3.200 5.800 0.000 2.450 6.570 0.000 2.660
3 30 6.570 0.000 2.660 6.280 0.000 3.500 5.540 0.000 3.200
3 30 5.800 0.000 2.450 5.950 0.000 1.680 6.740 0.000 1.790
3 30 6.740 0.000 1.790 6.570 0.000 2.660 5.800 0.000 2.450
3 322 6.800 0.000 0.900 6.740 0.000 0.010 9.000 0.000 0.000
3 322 6.800 0.000 0.900 9.000 0.000 0.000 8.315 0.000 3.444
3 322 8.315 0.000 3.444 6.740 0.000 1.790 6.800 0.000 0.900
3 322 8.315 0.000 3.444 6.570 0.000 2.660 6.740 0.000 1.790
3 322 6.280 0.000 3.500 6.570 0.000 2.660 8.315 0.000 3.444
3 322 6.280 0.000 3.500 8.315 0.000 3.444 6.364 0.000 6.364
3 322 6.364 0.000 6.364 5.890 0.000 4.300 6.280 0.000 3.500
3 322 6.364 0.000 6.364 5.390 0.000 5.040 5.890 0.000 4.300
3 322 6.364 0.000 6.364 4.810 0.000 5.710 5.390 0.000 5.040
3 322 4.810 0.000 5.710 6.364 0.000 6.364 3.444 0.000 8.315
3 322 3.444 0.000 8.315 4.140 0.000 6.290 4.810 0.000 5.710
3 322 3.444 0.000 8.315 3.400 0.000 6.790 4.140 0.000 6.290
3 322 3.444 0.000 8.315 2.600 0.000 7.180 3.400 0.000 6.790
3 322 3.444 0.000 8.315 1.760 0.000 7.470 2.600 0.000 7.180
3 322 1.760 0.000 7.470 3.444 0.000 8.315 0.000 0.000 9.000
3 322 0.000 0.000 9.000 0.890 0.000 7.640 1.760 0.000 7.470
3 322 0.000 0.000 9.000 0.000 0.000 7.700 0.890 0.000 7.640
3 322 6.740 0.000 0.010 6.570 0.000 -0.860 9.000 0.000 0.000
3 322 6.570 0.000 -0.860 6.280 0.000 -1.700 8.315 0.000 -3.444
3 322 8.315 0.000 -3.444 9.000 0.000 0.000 6.570 0.000 -0.860
3 322 6.280 0.000 -1.700 5.890 0.000 -2.500 8.315 0.000 -3.444
3 322 5.890 0.000 -2.500 5.390 0.000 -3.240 6.364 0.000 -6.364
3 322 6.364 0.000 -6.364 8.315 0.000 -3.444 5.890 0.000 -2.500
3 322 5.390 0.000 -3.240 4.810 0.000 -3.910 4.140 0.000 -4.850
3 322 4.140 0.000 -4.850 6.364 0.000 -6.364 5.390 0.000 -3.240
3 30 4.920 0.000 0.020 3.150 0.000 -2.680 4.920 0.000 -0.820
3 30 4.920 0.000 -0.820 5.000 0.000 -0.400 4.920 0.000 0.020
3 30 4.920 0.000 -0.820 3.150 0.000 -2.680 4.680 0.000 -1.180
3 30 3.150 0.000 0.380 3.150 0.000 -2.680 3.900 0.000 0.700
3 30 3.900 0.000 0.700 3.480 0.000 0.620 3.150 0.000 0.380
3 30 3.900 0.000 0.700 3.150 0.000 -2.680 4.680 0.000 0.380
3 30 4.680 0.000 0.380 4.320 0.000 0.620 3.900 0.000 0.700
3 30 4.680 0.000 0.380 3.150 0.000 -2.680 4.920 0.000 0.020
3 30 1.620 0.000 -1.180 3.150 0.000 -2.680 1.300 0.000 -0.400
3 30 1.300 0.000 -0.400 1.380 0.000 -0.820 1.620 0.000 -1.180
3 30 1.300 0.000 -0.400 3.150 0.000 -2.680 1.620 0.000 0.380
3 30 1.620 0.000 0.380 1.380 0.000 0.020 1.300 0.000 -0.400
3 30 1.620 0.000 0.380 3.150 0.000 -2.680 2.400 0.000 0.700
3 30 2.400 0.000 0.700 1.980 0.000 0.620 1.620 0.000 0.380
3 30 2.400 0.000 0.700 3.150 0.000 -2.680 3.150 0.000 0.380
3 30 3.150 0.000 0.380 2.820 0.000 0.620 2.400 0.000 0.700
3 30 1.130 0.000 -3.050 0.700 0.000 -3.300 1.130 0.000 -3.550
3 30 1.130 0.000 -3.550 1.200 0.000 -3.300 1.130 0.000 -3.050
3 30 1.130 0.000 -3.550 0.700 0.000 -3.300 0.700 0.000 -3.800
3 30 0.700 0.000 -3.800 0.950 0.000 -3.730 1.130 0.000 -3.550
3 30 0.700 0.000 -3.800 0.700 0.000 -3.300 0.270 0.000 -3.550
3 30 0.270 0.000 -3.550 0.450 0.000 -3.730 0.700 0.000 -3.800
3 30 0.270 0.000 -3.550 0.700 0.000 -3.300 0.270 0.000 -3.050
3 30 0.270 0.000 -3.050 0.200 0.000 -3.300 0.270 0.000 -3.550
3 30 0.270 0.000 -3.050 0.700 0.000 -3.300 0.700 0.000 -2.800
3 30 0.700 0.000 -2.800 0.450 0.000 -2.870 0.270 0.000 -3.050
3 30 0.700 0.000 -2.800 0.700 0.000 -3.300 1.130 0.000 -3.050
3 30 1.130 0.000 -3.050 0.950 0.000 -2.870 0.700 0.000 -2.800
3 30 3.650 0.000 -3.860 3.440 0.000 -4.130 3.350 0.000 -4.390
3 30 3.350 0.000 -4.390 4.140 0.000 -4.490 3.650 0.000 -3.860
3 30 3.350 0.000 -4.390 3.340 0.000 -4.600 3.340 0.000 -4.850
3 30 3.340 0.000 -4.850 4.140 0.000 -4.490 3.350 0.000 -4.390
3 30 3.340 0.000 -4.850 3.280 0.000 -5.160 4.020 0.000 -5.460
3 30 4.020 0.000 -5.460 4.140 0.000 -4.850 3.340 0.000 -4.850
3 30 3.280 0.000 -5.160 3.110 0.000 -5.420 3.670 0.000 -5.980
3 30 3.670 0.000 -5.980 4.020 0.000 -5.460 3.280 0.000 -5.160
3 30 3.110 0.000 -5.420 2.850 0.000 -5.590 3.150 0.000 -6.330
3 30 3.150 0.000 -6.330 3.670 0.000 -5.980 3.110 0.000 -5.420
3 30 2.850 0.000 -5.590 2.540 0.000 -5.650 2.540 0.000 -6.450
3 30 2.540 0.000 -6.450 3.150 0.000 -6.330 2.850 0.000 -5.590
3 30 4.140 0.000 -4.490 3.340 0.000 -4.850 4.140 0.000 -4.850
3 30 2.300 0.000 -4.900 2.250 0.000 -4.700 2.100 0.000 -4.550
3 30 2.100 0.000 -4.550 2.300 0.000 -5.650 2.300 0.000 -4.900
3 30 1.500 0.000 -5.650 2.300 0.000 -5.650 1.550 0.000 -4.700
3 30 1.550 0.000 -4.700 1.500 0.000 -4.900 1.500 0.000 -5.650
3 30 1.550 0.000 -4.700 2.300 0.000 -5.650 1.900 0.000 -4.500
3 30 1.900 0.000 -4.500 1.700 0.000 -4.550 1.550 0.000 -4.700
3 30 1.900 0.000 -4.500 2.300 0.000 -5.650 2.100 0.000 -4.550
3 30 0.400 0.000 -4.900 0.350 0.000 -4.700 0.200 0.000 -4.550
3 30 0.200 0.000 -4.550 0.400 0.000 -5.650 0.400 0.000 -4.900
3 30 0.000 0.000 -4.500 0.400 0.000 -5.650 0.200 0.000 -4.550
3 30 2.540 0.000 -5.650 2.300 0.000 -5.650 2.540 0.000 -6.450
3 30 2.300 0.000 -5.650 1.500 0.000 -5.650 2.540 0.000 -6.450
3 30 1.500 0.000 -5.650 0.400 0.000 -5.650 -2.540 0.000 -6.450
3 30 -2.540 0.000 -6.450 2.540 0.000 -6.450 1.500 0.000 -5.650
3 30 0.400 0.000 -5.650 -0.400 0.000 -5.650 -2.540 0.000 -6.450
3 322 -4.810 0.000 -3.910 -4.140 0.000 -4.850 -4.140 0.000 -4.490
3 322 -4.140 0.000 -4.850 -6.364 0.000 -6.364 -4.020 0.000 -5.460
3 322 -4.020 0.000 -5.460 -6.364 0.000 -6.364 -3.444 0.000 -8.315
3 322 -3.444 0.000 -8.315 -3.670 0.000 -5.980 -4.020 0.000 -5.460
3 322 -3.670 0.000 -5.980 -3.444 0.000 -8.315 -3.150 0.000 -6.330
3 322 -3.150 0.000 -6.330 -3.444 0.000 -8.315 0.000 0.000 -9.000
3 322 0.000 0.000 -9.000 -2.540 0.000 -6.450 -3.150 0.000 -6.330
3 322 -2.540 0.000 -6.450 0.000 0.000 -9.000 3.444 0.000 -8.315
3 322 3.444 0.000 -8.315 2.540 0.000 -6.450 -2.540 0.000 -6.450
3 322 3.150 0.000 -6.330 2.540 0.000 -6.450 3.444 0.000 -8.315
3 322 3.150 0.000 -6.330 3.444 0.000 -8.315 6.364 0.000 -6.364
3 322 6.364 0.000 -6.364 3.670 0.000 -5.980 3.150 0.000 -6.330
3 322 4.020 0.000 -5.460 3.670 0.000 -5.980 6.364 0.000 -6.364
3 322 4.140 0.000 -4.850 4.020 0.000 -5.460 6.364 0.000 -6.364
3 322 4.810 0.000 -3.910 4.140 0.000 -4.490 4.140 0.000 -4.850
1 16 0.0000 0.0000 0.0000 1.0000 0.0000 0.0000 0.0000 1.0000 0.0000 0.0000 0.0000 1.0000 s/98138s01.dat
1 322 0.0000 0.0000 0.0000 9.0000 0.0000 0.0000 0.0000 1.0000 0.0000 0.0000 0.0000 9.0000 4-4ering.dat
