0 FILE crssprt02pb32.dat
0 Brick 1 x 6 without Bottom Tubes with Cross Side Supports with Black 'BAHNHOF' Sans-Serif Pattern
0 Name:  crssprt02pb32.dat
0 Author:  
0 BL_Item_No crssprt02pb32
0 BFC CERTIFY CCW
1 16 0.0000 0.0000 0.0000 1.0000 0.0000 0.0000 0.0000 1.0000 0.0000 0.0000 0.0000 1.0000 s/3067s02.dat
3 16 -46.000 9.750 -10.000 -46.000 8.500 -10.000 -50.000 8.500 -10.000
3 16 -50.000 8.500 -10.000 -50.000 11.000 -10.000 -46.000 9.750 -10.000
3 16 -46.000 11.000 -10.000 -46.000 9.750 -10.000 -50.000 11.000 -10.000
3 16 -50.000 13.000 -10.000 -46.000 14.250 -10.000 -46.000 13.000 -10.000
3 16 -50.000 13.000 -10.000 -50.000 15.500 -10.000 -46.000 15.500 -10.000
3 16 -46.000 15.500 -10.000 -46.000 14.250 -10.000 -50.000 13.000 -10.000
3 16 -42.940 11.740 -10.000 -42.465 11.952 -10.000 -42.304 10.994 -10.000
3 16 -42.465 11.952 -10.000 -41.381 13.006 -10.000 -42.000 9.750 -10.000
3 16 -42.000 9.750 -10.000 -42.304 10.994 -10.000 -42.465 11.952 -10.000
3 16 -41.381 13.006 -10.000 -41.000 14.250 -10.000 -42.000 6.500 -10.000
3 16 -42.000 6.500 -10.000 -42.000 9.750 -10.000 -41.381 13.006 -10.000
3 16 -40.000 17.500 -10.000 -35.000 6.500 -10.000 -41.000 14.250 -10.000
3 16 -41.000 14.250 -10.000 -41.000 17.500 -10.000 -40.000 17.500 -10.000
3 16 -42.000 6.500 -10.000 -41.000 14.250 -10.000 -35.000 6.500 -10.000
3 16 -36.182 13.500 -10.000 -38.000 17.500 -10.000 -30.000 17.500 -10.000
3 16 -30.000 17.500 -10.000 -31.818 13.500 -10.000 -36.182 13.500 -10.000
3 16 -35.576 12.167 -10.000 -32.424 12.167 -10.000 -34.000 8.700 -10.000
3 16 -22.300 17.500 -10.000 -22.300 6.500 -10.000 -30.000 6.500 -10.000
3 16 -30.000 6.500 -10.000 -25.000 17.500 -10.000 -22.300 17.500 -10.000
3 16 -13.300 11.000 -10.000 -13.300 6.500 -10.000 -17.300 6.500 -10.000
3 16 -17.300 6.500 -10.000 -17.300 11.000 -10.000 -13.300 11.000 -10.000
3 16 -17.300 13.000 -10.000 -17.300 17.500 -10.000 -13.300 17.500 -10.000
3 16 -13.300 17.500 -10.000 -13.300 13.000 -10.000 -17.300 13.000 -10.000
3 16 -5.600 17.500 -10.000 -5.600 6.500 -10.000 -8.300 6.500 -10.000
3 16 -8.300 6.500 -10.000 -8.300 17.500 -10.000 -5.600 17.500 -10.000
3 16 4.400 13.500 -10.000 4.400 6.500 -10.000 -0.600 6.500 -10.000
3 16 -3.600 10.500 -10.000 -3.600 17.500 -10.000 1.400 17.500 -10.000
3 16 9.100 17.500 -10.000 9.100 6.500 -10.000 6.400 6.500 -10.000
3 16 6.400 6.500 -10.000 6.400 17.500 -10.000 9.100 17.500 -10.000
3 16 18.100 11.000 -10.000 18.100 6.500 -10.000 14.100 6.500 -10.000
3 16 14.100 6.500 -10.000 14.100 11.000 -10.000 18.100 11.000 -10.000
3 16 14.100 13.000 -10.000 14.100 17.500 -10.000 18.100 17.500 -10.000
3 16 18.100 17.500 -10.000 18.100 13.000 -10.000 14.100 13.000 -10.000
3 16 25.050 12.000 -10.000 25.050 6.500 -10.000 23.100 6.500 -10.000
3 16 23.100 6.500 -10.000 23.100 17.500 -10.000 25.050 12.000 -10.000
3 16 23.100 17.500 -10.000 25.050 17.500 -10.000 25.050 12.000 -10.000
3 16 41.000 6.500 -10.000 39.050 6.500 -10.000 39.050 12.000 -10.000
3 16 39.050 12.000 -10.000 41.000 17.500 -10.000 41.000 6.500 -10.000
3 16 39.050 12.000 -10.000 39.050 17.500 -10.000 41.000 17.500 -10.000
3 16 46.000 11.500 -10.000 51.000 11.500 -10.000 55.000 8.500 -10.000
3 16 55.000 8.500 -10.000 46.000 8.500 -10.000 46.000 11.500 -10.000
3 16 51.000 13.500 -10.000 55.000 17.500 -10.000 55.000 8.500 -10.000
3 16 55.000 8.500 -10.000 51.000 11.500 -10.000 51.000 13.500 -10.000
3 16 46.000 13.500 -10.000 46.000 17.500 -10.000 55.000 17.500 -10.000
3 16 55.000 17.500 -10.000 51.000 13.500 -10.000 46.000 13.500 -10.000
3 16 -46.000 6.500 -10.000 -60.000 0.000 -10.000 -54.000 6.500 -10.000
3 16 -42.000 6.500 -10.000 -60.000 0.000 -10.000 -46.000 6.500 -10.000
3 16 -35.000 6.500 -10.000 -60.000 0.000 -10.000 -42.000 6.500 -10.000
3 16 -30.000 6.500 -10.000 -60.000 0.000 -10.000 -35.000 6.500 -10.000
3 16 -22.300 6.500 -10.000 -60.000 0.000 -10.000 -30.000 6.500 -10.000
3 16 -17.300 6.500 -10.000 -60.000 0.000 -10.000 -22.300 6.500 -10.000
3 16 -13.300 6.500 -10.000 -60.000 0.000 -10.000 -17.300 6.500 -10.000
3 16 -8.300 6.500 -10.000 -60.000 0.000 -10.000 -13.300 6.500 -10.000
3 16 -5.600 6.500 -10.000 -60.000 0.000 -10.000 -8.300 6.500 -10.000
3 16 -0.600 6.500 -10.000 -60.000 0.000 -10.000 -5.600 6.500 -10.000
3 16 -60.000 0.000 -10.000 -0.600 6.500 -10.000 4.400 6.500 -10.000
3 16 4.400 6.500 -10.000 60.000 0.000 -10.000 -60.000 0.000 -10.000
3 16 60.000 0.000 -10.000 4.400 6.500 -10.000 6.400 6.500 -10.000
3 16 9.100 6.500 -10.000 60.000 0.000 -10.000 6.400 6.500 -10.000
3 16 14.100 6.500 -10.000 60.000 0.000 -10.000 9.100 6.500 -10.000
3 16 18.100 6.500 -10.000 60.000 0.000 -10.000 14.100 6.500 -10.000
3 16 23.100 6.500 -10.000 60.000 0.000 -10.000 18.100 6.500 -10.000
3 16 25.050 6.500 -10.000 60.000 0.000 -10.000 23.100 6.500 -10.000
3 16 32.050 6.500 -10.000 60.000 0.000 -10.000 25.050 6.500 -10.000
3 16 39.050 6.500 -10.000 60.000 0.000 -10.000 32.050 6.500 -10.000
3 16 41.000 6.500 -10.000 60.000 0.000 -10.000 39.050 6.500 -10.000
3 16 55.000 6.500 -10.000 60.000 0.000 -10.000 41.000 6.500 -10.000
3 16 55.000 8.500 -10.000 60.000 0.000 -10.000 55.000 6.500 -10.000
3 16 60.000 0.000 -10.000 55.000 8.500 -10.000 55.000 17.500 -10.000
3 16 55.000 17.500 -10.000 60.000 24.000 -10.000 60.000 0.000 -10.000
3 16 46.000 17.500 -10.000 60.000 24.000 -10.000 55.000 17.500 -10.000
3 16 41.000 17.500 -10.000 60.000 24.000 -10.000 46.000 17.500 -10.000
3 16 39.050 17.500 -10.000 60.000 24.000 -10.000 41.000 17.500 -10.000
3 16 32.050 17.500 -10.000 60.000 24.000 -10.000 39.050 17.500 -10.000
3 16 25.050 17.500 -10.000 60.000 24.000 -10.000 32.050 17.500 -10.000
3 16 23.100 17.500 -10.000 60.000 24.000 -10.000 25.050 17.500 -10.000
3 16 18.100 17.500 -10.000 60.000 24.000 -10.000 23.100 17.500 -10.000
3 16 14.100 17.500 -10.000 60.000 24.000 -10.000 18.100 17.500 -10.000
3 16 9.100 17.500 -10.000 60.000 24.000 -10.000 14.100 17.500 -10.000
3 16 6.400 17.500 -10.000 60.000 24.000 -10.000 9.100 17.500 -10.000
3 16 60.000 24.000 -10.000 6.400 17.500 -10.000 1.400 17.500 -10.000
3 16 60.000 24.000 -10.000 1.400 17.500 -10.000 -3.600 17.500 -10.000
3 16 -3.600 17.500 -10.000 -60.000 24.000 -10.000 60.000 24.000 -10.000
3 16 -60.000 24.000 -10.000 -3.600 17.500 -10.000 -5.600 17.500 -10.000
3 16 -8.300 17.500 -10.000 -60.000 24.000 -10.000 -5.600 17.500 -10.000
3 16 -13.300 17.500 -10.000 -60.000 24.000 -10.000 -8.300 17.500 -10.000
3 16 -17.300 17.500 -10.000 -60.000 24.000 -10.000 -13.300 17.500 -10.000
3 16 -22.300 17.500 -10.000 -60.000 24.000 -10.000 -17.300 17.500 -10.000
3 16 -25.000 17.500 -10.000 -60.000 24.000 -10.000 -22.300 17.500 -10.000
3 16 -30.000 17.500 -10.000 -60.000 24.000 -10.000 -25.000 17.500 -10.000
3 16 -38.000 17.500 -10.000 -60.000 24.000 -10.000 -30.000 17.500 -10.000
3 16 -40.000 17.500 -10.000 -60.000 24.000 -10.000 -38.000 17.500 -10.000
3 16 -41.000 17.500 -10.000 -60.000 24.000 -10.000 -40.000 17.500 -10.000
3 16 -46.000 17.500 -10.000 -60.000 24.000 -10.000 -41.000 17.500 -10.000
3 16 -54.000 17.500 -10.000 -60.000 24.000 -10.000 -46.000 17.500 -10.000
3 16 -54.000 6.500 -10.000 -60.000 0.000 -10.000 -60.000 24.000 -10.000
3 16 -60.000 24.000 -10.000 -54.000 17.500 -10.000 -54.000 6.500 -10.000
3 0 -50.000 11.000 -10.000 -50.000 8.500 -10.000 -54.000 6.500 -10.000
3 0 -50.000 13.000 -10.000 -50.000 11.000 -10.000 -54.000 6.500 -10.000
3 0 -54.000 6.500 -10.000 -54.000 17.500 -10.000 -50.000 13.000 -10.000
3 0 -54.000 17.500 -10.000 -50.000 15.500 -10.000 -50.000 13.000 -10.000
3 0 -46.000 8.500 -10.000 -46.000 6.500 -10.000 -54.000 6.500 -10.000
3 0 -54.000 6.500 -10.000 -50.000 8.500 -10.000 -46.000 8.500 -10.000
3 0 -46.000 15.500 -10.000 -50.000 15.500 -10.000 -54.000 17.500 -10.000
3 0 -54.000 17.500 -10.000 -46.000 17.500 -10.000 -46.000 15.500 -10.000
3 0 -50.000 11.000 -10.000 -50.000 13.000 -10.000 -46.000 13.000 -10.000
3 0 -46.000 13.000 -10.000 -46.000 11.000 -10.000 -50.000 11.000 -10.000
3 0 -46.000 11.000 -10.000 -46.000 13.000 -10.000 -45.000 13.000 -10.000
3 0 -45.000 13.000 -10.000 -45.000 11.000 -10.000 -46.000 11.000 -10.000
3 0 -46.000 8.500 -10.000 -45.000 8.500 -10.000 -46.000 6.500 -10.000
3 0 -45.000 8.500 -10.000 -42.000 9.750 -10.000 -46.000 6.500 -10.000
3 0 -42.000 9.750 -10.000 -45.000 11.000 -10.000 -42.940 11.740 -10.000
3 0 -42.940 11.740 -10.000 -42.304 10.994 -10.000 -42.000 9.750 -10.000
3 0 -45.000 9.750 -10.000 -42.000 9.750 -10.000 -45.000 8.500 -10.000
3 0 -45.000 11.000 -10.000 -42.000 9.750 -10.000 -45.000 9.750 -10.000
3 0 -42.465 11.952 -10.000 -42.940 11.740 -10.000 -45.000 11.000 -10.000
3 0 -45.000 11.000 -10.000 -45.000 13.000 -10.000 -42.465 11.952 -10.000
3 0 -41.000 14.250 -10.000 -41.381 13.006 -10.000 -42.465 11.952 -10.000
3 0 -42.465 11.952 -10.000 -45.000 13.000 -10.000 -41.000 14.250 -10.000
3 0 -45.000 14.250 -10.000 -41.000 14.250 -10.000 -45.000 13.000 -10.000
3 0 -45.000 15.500 -10.000 -41.000 14.250 -10.000 -45.000 14.250 -10.000
3 0 -45.000 15.500 -10.000 -46.000 17.500 -10.000 -41.000 14.250 -10.000
3 0 -45.000 15.500 -10.000 -46.000 15.500 -10.000 -46.000 17.500 -10.000
3 0 -34.000 8.700 -10.000 -30.000 6.500 -10.000 -35.000 6.500 -10.000
3 0 -34.000 8.700 -10.000 -32.424 12.167 -10.000 -30.000 6.500 -10.000
3 0 -31.818 13.500 -10.000 -25.000 17.500 -10.000 -30.000 6.500 -10.000
3 0 -30.000 6.500 -10.000 -32.424 12.167 -10.000 -31.818 13.500 -10.000
3 0 -31.818 13.500 -10.000 -30.000 17.500 -10.000 -25.000 17.500 -10.000
3 0 -35.576 12.167 -10.000 -36.182 13.500 -10.000 -31.818 13.500 -10.000
3 0 -31.818 13.500 -10.000 -32.424 12.167 -10.000 -35.576 12.167 -10.000
3 0 -38.000 17.500 -10.000 -36.182 13.500 -10.000 -40.000 17.500 -10.000
3 0 -35.576 12.167 -10.000 -35.000 6.500 -10.000 -40.000 17.500 -10.000
3 0 -40.000 17.500 -10.000 -36.182 13.500 -10.000 -35.576 12.167 -10.000
3 0 -35.576 12.167 -10.000 -34.000 8.700 -10.000 -35.000 6.500 -10.000
3 0 -17.300 11.000 -10.000 -17.300 6.500 -10.000 -22.300 6.500 -10.000
3 0 -17.300 13.000 -10.000 -17.300 11.000 -10.000 -22.300 6.500 -10.000
3 0 -22.300 6.500 -10.000 -22.300 17.500 -10.000 -17.300 13.000 -10.000
3 0 -17.300 17.500 -10.000 -17.300 13.000 -10.000 -22.300 17.500 -10.000
3 0 -13.300 13.000 -10.000 -13.300 11.000 -10.000 -17.300 11.000 -10.000
3 0 -17.300 11.000 -10.000 -17.300 13.000 -10.000 -13.300 13.000 -10.000
3 0 -13.300 11.000 -10.000 -8.300 6.500 -10.000 -13.300 6.500 -10.000
3 0 -13.300 13.000 -10.000 -8.300 17.500 -10.000 -8.300 6.500 -10.000
3 0 -8.300 6.500 -10.000 -13.300 11.000 -10.000 -13.300 13.000 -10.000
3 0 -13.300 13.000 -10.000 -13.300 17.500 -10.000 -8.300 17.500 -10.000
3 0 -3.600 10.500 -10.000 -0.600 6.500 -10.000 -5.600 6.500 -10.000
3 0 6.400 17.500 -10.000 6.400 6.500 -10.000 4.400 6.500 -10.000
3 0 4.400 6.500 -10.000 4.400 13.500 -10.000 6.400 17.500 -10.000
3 0 4.400 13.500 -10.000 1.400 17.500 -10.000 6.400 17.500 -10.000
3 0 1.400 17.500 -10.000 4.400 13.500 -10.000 -0.600 6.500 -10.000
3 0 -0.600 6.500 -10.000 -3.600 10.500 -10.000 1.400 17.500 -10.000
3 0 -3.600 10.500 -10.000 -5.600 6.500 -10.000 -5.600 17.500 -10.000
3 0 -5.600 17.500 -10.000 -3.600 17.500 -10.000 -3.600 10.500 -10.000
3 0 14.100 11.000 -10.000 14.100 6.500 -10.000 9.100 6.500 -10.000
3 0 14.100 13.000 -10.000 14.100 11.000 -10.000 9.100 6.500 -10.000
3 0 9.100 6.500 -10.000 9.100 17.500 -10.000 14.100 13.000 -10.000
3 0 14.100 17.500 -10.000 14.100 13.000 -10.000 9.100 17.500 -10.000
3 0 18.100 13.000 -10.000 18.100 11.000 -10.000 14.100 11.000 -10.000
3 0 14.100 11.000 -10.000 14.100 13.000 -10.000 18.100 13.000 -10.000
3 0 18.100 11.000 -10.000 23.100 6.500 -10.000 18.100 6.500 -10.000
3 0 18.100 13.000 -10.000 23.100 17.500 -10.000 23.100 6.500 -10.000
3 0 23.100 6.500 -10.000 18.100 11.000 -10.000 18.100 13.000 -10.000
3 0 18.100 13.000 -10.000 18.100 17.500 -10.000 23.100 17.500 -10.000
3 0 32.050 9.000 -10.000 32.050 6.500 -10.000 29.050 9.000 -10.000
3 0 35.050 9.000 -10.000 32.050 6.500 -10.000 32.050 9.000 -10.000
3 0 35.050 9.000 -10.000 39.050 12.000 -10.000 32.050 6.500 -10.000
3 0 35.050 12.000 -10.000 39.050 12.000 -10.000 35.050 9.000 -10.000
3 0 35.050 15.000 -10.000 39.050 12.000 -10.000 35.050 12.000 -10.000
3 0 35.050 15.000 -10.000 32.050 17.500 -10.000 39.050 12.000 -10.000
3 0 32.050 17.500 -10.000 35.050 15.000 -10.000 32.050 15.000 -10.000
3 0 29.050 15.000 -10.000 32.050 17.500 -10.000 32.050 15.000 -10.000
3 0 29.050 15.000 -10.000 25.050 12.000 -10.000 32.050 17.500 -10.000
3 0 29.050 12.000 -10.000 25.050 12.000 -10.000 29.050 15.000 -10.000
3 0 29.050 9.000 -10.000 25.050 12.000 -10.000 29.050 12.000 -10.000
3 0 29.050 9.000 -10.000 32.050 6.500 -10.000 25.050 12.000 -10.000
3 0 55.000 8.500 -10.000 55.000 6.500 -10.000 41.000 6.500 -10.000
3 0 41.000 6.500 -10.000 46.000 8.500 -10.000 55.000 8.500 -10.000
3 0 51.000 13.500 -10.000 51.000 11.500 -10.000 46.000 11.500 -10.000
3 0 46.000 11.500 -10.000 46.000 13.500 -10.000 51.000 13.500 -10.000
3 0 46.000 11.500 -10.000 46.000 8.500 -10.000 41.000 6.500 -10.000
3 0 41.000 6.500 -10.000 41.000 17.500 -10.000 46.000 11.500 -10.000
3 0 46.000 13.500 -10.000 46.000 11.500 -10.000 41.000 17.500 -10.000
3 0 41.000 17.500 -10.000 46.000 17.500 -10.000 46.000 13.500 -10.000
1 16 -46.0000 9.7500 -10.0000 0.0000 0.0000 1.0000 1.2500 0.0000 0.0000 0.0000 1.0000 0.0000 2-4DISC.DAT
1 0 -46.0000 9.7500 -10.0000 0.0000 0.0000 1.0000 1.2500 0.0000 0.0000 0.0000 1.0000 0.0000 2-4ndis.DAT
1 16 -46.0000 9.7500 -10.0000 0.0000 0.0000 4.0000 -3.2500 0.0000 0.0000 0.0000 1.0000 0.0000 1-4ndis.dat
1 0 -46.0000 9.7500 -10.0000 0.0000 0.0000 4.0000 -3.2500 0.0000 0.0000 0.0000 1.0000 0.0000 1-4chrd.dat
1 16 -46.0000 14.2500 -10.0000 0.0000 0.0000 1.0000 1.2500 0.0000 0.0000 0.0000 1.0000 0.0000 2-4DISC.DAT
1 0 -46.0000 14.2500 -10.0000 0.0000 0.0000 1.0000 1.2500 0.0000 0.0000 0.0000 1.0000 0.0000 2-4ndis.DAT
1 16 -46.0000 14.2500 -10.0000 0.0000 0.0000 5.0000 3.2500 0.0000 0.0000 0.0000 1.0000 0.0000 1-4ndis.dat
1 0 -46.0000 14.2500 -10.0000 0.0000 0.0000 5.0000 3.2500 0.0000 0.0000 0.0000 1.0000 0.0000 1-4chrd.dat
1 0 32.0500 12.0000 -10.0000 7.0000 0.0000 0.0000 0.0000 0.0000 5.5000 0.0000 1.0000 0.0000 1-4chrd.dat
1 0 32.0500 12.0000 -10.0000 0.0000 0.0000 -7.0000 5.5000 0.0000 0.0000 0.0000 1.0000 0.0000 1-4chrd.dat
1 0 32.0500 12.0000 -10.0000 -7.0000 0.0000 0.0000 0.0000 0.0000 -5.5000 0.0000 1.0000 0.0000 1-4chrd.dat
1 0 32.0500 12.0000 -10.0000 0.0000 0.0000 7.0000 -5.5000 0.0000 0.0000 0.0000 1.0000 0.0000 1-4chrd.dat
1 0 32.0500 12.0000 -10.0000 3.0000 0.0000 0.0000 0.0000 0.0000 3.0000 0.0000 1.0000 0.0000 4-4ndis.dat
1 16 32.0500 12.0000 -10.0000 7.0000 0.0000 0.0000 0.0000 0.0000 5.5000 0.0000 1.0000 0.0000 4-4ndis.dat
1 16 32.0500 12.0000 -10.0000 3.0000 0.0000 0.0000 0.0000 0.0000 3.0000 0.0000 1.0000 0.0000 4-4disc.dat
