0 FILE BA037pb02.dat
0 Stickered Assembly 3 x 1 x 2 1/3 with Shell Logo Pattern (Sticker) - Set 6394 - 2 Brick 1 x 3, 1 Plate 1 x 3
0 Name:  BA037pb02.dat
0 Author:  
0 BL_Item_No BA037pb02
0 BFC CERTIFY CCW
1 16 0.0000 0.0000 0.0000 1.0000 0.0000 0.0000 0.0000 1.0000 0.0000 0.0000 0.0000 1.0000 3623.dat
1 16 0.0000 -24.0000 0.0000 1.0000 0.0000 0.0000 0.0000 1.0000 0.0000 0.0000 0.0000 1.0000 3622.dat
1 16 0.0000 -48.0000 0.0000 1.0000 0.0000 0.0000 0.0000 1.0000 0.0000 0.0000 0.0000 1.0000 3622.dat
3 14 1.750 -0.180 -10.250 2.570 -0.870 -10.250 2.570 -11.190 -10.250
3 14 2.570 -11.190 -10.250 0.000 -11.530 -10.250 1.750 -0.180 -10.250
3 14 0.000 0.500 -10.250 0.000 -11.530 -10.250 -1.750 -0.180 -10.250
3 14 -1.750 -0.180 -10.250 -0.960 0.330 -10.250 0.000 0.500 -10.250
3 14 13.970 -9.080 -10.250 6.820 -7.880 -10.250 2.570 -0.870 -10.250
3 14 2.570 -0.870 -10.250 12.670 -1.020 -10.250 13.970 -9.080 -10.250
3 14 -12.670 -1.020 -10.250 -2.570 -0.870 -10.250 -6.820 -7.880 -10.250
3 14 -6.820 -7.880 -10.250 -13.970 -9.080 -10.250 -12.670 -1.020 -10.250
3 14 6.820 -7.880 -10.250 4.900 -9.750 -10.250 2.570 -11.190 -10.250
3 14 2.570 -11.190 -10.250 2.570 -0.870 -10.250 6.820 -7.880 -10.250
3 14 -6.820 -7.880 -10.250 -2.570 -0.870 -10.250 -2.570 -11.190 -10.250
3 14 -2.570 -11.190 -10.250 -4.900 -9.750 -10.250 -6.820 -7.880 -10.250
3 14 -2.570 -11.190 -10.250 -2.570 -0.870 -10.250 -1.750 -0.180 -10.250
3 14 -1.750 -0.180 -10.250 0.000 -11.530 -10.250 -2.570 -11.190 -10.250
3 14 13.970 -9.080 -10.250 22.180 -15.300 -10.250 22.560 -17.770 -10.250
3 14 22.560 -17.770 -10.250 6.820 -7.880 -10.250 13.970 -9.080 -10.250
3 14 -21.500 -22.690 -10.250 -22.270 -20.240 -10.250 -22.560 -17.770 -10.250
3 14 -22.560 -17.770 -10.250 -6.820 -7.880 -10.250 -21.500 -22.690 -10.250
3 14 6.820 -7.880 -10.250 21.050 -25.590 -10.250 19.610 -28.860 -10.250
3 14 19.610 -28.860 -10.250 4.900 -9.750 -10.250 6.820 -7.880 -10.250
3 14 -17.710 -31.420 -10.250 -19.610 -28.860 -10.250 -6.820 -7.880 -10.250
3 14 -6.820 -7.880 -10.250 -4.900 -9.750 -10.250 -17.710 -31.420 -10.250
3 14 4.900 -9.750 -10.250 16.129 -33.610 -10.250 13.200 -36.300 -10.250
3 14 13.200 -36.300 -10.250 2.570 -11.190 -10.250 4.900 -9.750 -10.250
3 14 -10.300 -37.760 -10.250 -13.200 -36.300 -10.250 -4.900 -9.750 -10.250
3 14 -4.900 -9.750 -10.250 -2.570 -11.190 -10.250 -10.300 -37.760 -10.250
3 14 -13.200 -36.300 -10.250 -16.129 -33.610 -10.250 -4.900 -9.750 -10.250
3 14 2.570 -11.190 -10.250 8.090 -38.890 -10.250 4.580 -40.040 -10.250
3 14 4.580 -40.040 -10.250 0.000 -11.530 -10.250 2.570 -11.190 -10.250
3 14 -2.570 -11.190 -10.250 0.000 -11.530 -10.250 -4.580 -40.040 -10.250
3 14 -4.580 -40.040 -10.250 -8.090 -38.890 -10.250 -2.570 -11.190 -10.250
3 14 1.250 -40.230 -10.250 0.000 -11.530 -10.250 4.580 -40.040 -10.250
3 14 -1.250 -40.230 -10.250 -4.580 -40.040 -10.250 0.000 -11.530 -10.250
3 14 10.300 -37.760 -10.250 2.570 -11.190 -10.250 13.200 -36.300 -10.250
3 14 1.750 -0.180 -10.250 0.000 -11.530 -10.250 0.000 0.500 -10.250
3 14 0.000 0.500 -10.250 0.960 0.330 -10.250 1.750 -0.180 -10.250
3 14 -22.560 -17.770 -10.250 -22.180 -15.300 -10.250 -13.970 -9.080 -10.250
3 14 -13.970 -9.080 -10.250 -6.820 -7.880 -10.250 -22.560 -17.770 -10.250
3 14 17.710 -31.420 -10.250 4.900 -9.750 -10.250 19.610 -28.860 -10.250
3 14 21.500 -22.690 -10.250 6.820 -7.880 -10.250 22.560 -17.770 -10.250
3 14 22.560 -17.770 -10.250 22.270 -20.240 -10.250 21.500 -22.690 -10.250
3 14 -19.610 -28.860 -10.250 -21.050 -25.590 -10.250 -6.820 -7.880 -10.250
3 4 -23.000 -45.000 -10.250 -1.250 -40.230 -10.250 1.250 -40.230 -10.250
3 4 1.250 -40.230 -10.250 23.000 -45.000 -10.250 -23.000 -45.000 -10.250
3 4 1.250 -40.230 -10.250 -1.250 -40.230 -10.250 0.000 -11.530 -10.250
3 4 23.000 -45.000 -10.250 1.250 -40.230 -10.250 4.580 -40.040 -10.250
3 4 23.000 -45.000 -10.250 4.580 -40.040 -10.250 8.090 -38.890 -10.250
3 4 8.090 -38.890 -10.250 10.300 -37.760 -10.250 13.200 -36.300 -10.250
3 4 13.200 -36.300 -10.250 23.000 -45.000 -10.250 8.090 -38.890 -10.250
3 4 8.090 -38.890 -10.250 2.570 -11.190 -10.250 10.300 -37.760 -10.250
3 4 13.200 -36.300 -10.250 16.129 -33.610 -10.250 27.000 -41.000 -10.250
3 4 27.000 -41.000 -10.250 23.000 -45.000 -10.250 13.200 -36.300 -10.250
3 4 16.129 -33.610 -10.250 17.710 -31.420 -10.250 19.610 -28.860 -10.250
3 4 19.610 -28.860 -10.250 27.000 -41.000 -10.250 16.129 -33.610 -10.250
3 4 16.129 -33.610 -10.250 4.900 -9.750 -10.250 17.710 -31.420 -10.250
3 4 27.000 -41.000 -10.250 19.610 -28.860 -10.250 21.050 -25.590 -10.250
3 4 21.050 -25.590 -10.250 21.500 -22.690 -10.250 22.270 -20.240 -10.250
3 4 22.270 -20.240 -10.250 27.000 -41.000 -10.250 21.050 -25.590 -10.250
3 4 21.050 -25.590 -10.250 6.820 -7.880 -10.250 21.500 -22.690 -10.250
3 4 22.270 -20.240 -10.250 22.560 -17.770 -10.250 27.000 1.000 -10.250
3 4 27.000 1.000 -10.250 27.000 -41.000 -10.250 22.270 -20.240 -10.250
3 4 22.560 -17.770 -10.250 22.180 -15.300 -10.250 27.000 1.000 -10.250
3 4 22.180 -15.300 -10.250 13.970 -9.080 -10.250 23.000 5.000 -10.250
3 4 23.000 5.000 -10.250 27.000 1.000 -10.250 22.180 -15.300 -10.250
3 4 13.970 -9.080 -10.250 12.670 -1.020 -10.250 23.000 5.000 -10.250
3 4 12.670 -1.020 -10.250 2.570 -0.870 -10.250 1.750 -0.180 -10.250
3 4 1.750 -0.180 -10.250 23.000 5.000 -10.250 12.670 -1.020 -10.250
3 4 1.750 -0.180 -10.250 0.960 0.330 -10.250 23.000 5.000 -10.250
3 4 0.960 0.330 -10.250 0.000 0.500 -10.250 -23.000 5.000 -10.250
3 4 -23.000 5.000 -10.250 23.000 5.000 -10.250 0.960 0.330 -10.250
3 4 -0.960 0.330 -10.250 -23.000 5.000 -10.250 0.000 0.500 -10.250
3 4 -1.750 -0.180 -10.250 -23.000 5.000 -10.250 -0.960 0.330 -10.250
3 4 -1.750 -0.180 -10.250 -2.570 -0.870 -10.250 -12.670 -1.020 -10.250
3 4 -12.670 -1.020 -10.250 -23.000 5.000 -10.250 -1.750 -0.180 -10.250
3 4 -23.000 5.000 -10.250 -12.670 -1.020 -10.250 -13.970 -9.080 -10.250
3 4 -13.970 -9.080 -10.250 -27.000 1.000 -10.250 -23.000 5.000 -10.250
3 4 -22.180 -15.300 -10.250 -27.000 1.000 -10.250 -13.970 -9.080 -10.250
3 4 -22.180 -15.300 -10.250 -22.560 -17.770 -10.250 -27.000 -41.000 -10.250
3 4 -27.000 -41.000 -10.250 -27.000 1.000 -10.250 -22.180 -15.300 -10.250
3 4 -27.000 -41.000 -10.250 -22.560 -17.770 -10.250 -22.270 -20.240 -10.250
3 4 -22.270 -20.240 -10.250 -21.500 -22.690 -10.250 -21.050 -25.590 -10.250
3 4 -21.050 -25.590 -10.250 -27.000 -41.000 -10.250 -22.270 -20.240 -10.250
3 4 -21.050 -25.590 -10.250 -21.500 -22.690 -10.250 -6.820 -7.880 -10.250
3 4 -27.000 -41.000 -10.250 -21.050 -25.590 -10.250 -19.610 -28.860 -10.250
3 4 -19.610 -28.860 -10.250 -17.710 -31.420 -10.250 -16.129 -33.610 -10.250
3 4 -16.129 -33.610 -10.250 -27.000 -41.000 -10.250 -19.610 -28.860 -10.250
3 4 -16.129 -33.610 -10.250 -17.710 -31.420 -10.250 -4.900 -9.750 -10.250
3 4 -27.000 -41.000 -10.250 -16.129 -33.610 -10.250 -13.200 -36.300 -10.250
3 4 -13.200 -36.300 -10.250 -23.000 -45.000 -10.250 -27.000 -41.000 -10.250
3 4 -13.200 -36.300 -10.250 -10.300 -37.760 -10.250 -8.090 -38.890 -10.250
3 4 -8.090 -38.890 -10.250 -23.000 -45.000 -10.250 -13.200 -36.300 -10.250
3 4 -8.090 -38.890 -10.250 -10.300 -37.760 -10.250 -2.570 -11.190 -10.250
3 4 -23.000 -45.000 -10.250 -8.090 -38.890 -10.250 -4.580 -40.040 -10.250
3 4 -23.000 -45.000 -10.250 -4.580 -40.040 -10.250 -1.250 -40.230 -10.250
3 15 -29.000 -47.000 -10.250 -23.000 -45.000 -10.250 23.000 -45.000 -10.250
3 15 23.000 -45.000 -10.250 29.000 -47.000 -10.250 -29.000 -47.000 -10.250
3 15 29.000 -47.000 -10.250 23.000 -45.000 -10.250 27.000 -45.000 -10.250
3 15 27.000 -45.000 -10.250 27.000 -41.000 -10.250 29.000 7.000 -10.250
3 15 29.000 7.000 -10.250 29.000 -47.000 -10.250 27.000 -45.000 -10.250
3 15 27.000 -41.000 -10.250 27.000 1.000 -10.250 29.000 7.000 -10.250
3 15 27.000 1.000 -10.250 27.000 5.000 -10.250 29.000 7.000 -10.250
3 15 27.000 5.000 -10.250 23.000 5.000 -10.250 -29.000 7.000 -10.250
3 15 -29.000 7.000 -10.250 29.000 7.000 -10.250 27.000 5.000 -10.250
3 15 23.000 5.000 -10.250 -23.000 5.000 -10.250 -29.000 7.000 -10.250
3 15 -23.000 5.000 -10.250 -27.000 5.000 -10.250 -29.000 7.000 -10.250
3 15 -27.000 5.000 -10.250 -27.000 1.000 -10.250 -29.000 -47.000 -10.250
3 15 -29.000 -47.000 -10.250 -29.000 7.000 -10.250 -27.000 5.000 -10.250
3 15 -29.000 -47.000 -10.250 -27.000 1.000 -10.250 -27.000 -41.000 -10.250
3 15 -29.000 -47.000 -10.250 -27.000 -41.000 -10.250 -27.000 -45.000 -10.250
3 15 -29.000 -47.000 -10.250 -27.000 -45.000 -10.250 -23.000 -45.000 -10.250
1 16 0.0000 -20.0000 -10.2500 29.0000 0.0000 0.0000 0.0000 0.0000 -27.0000 0.0000 0.2500 0.0000 box5-12.dat
1 4 23.0000 -41.0000 -10.2500 4.0000 0.0000 0.0000 0.0000 0.0000 -4.0000 0.0000 1.0000 0.0000 1-4chrd.dat
1 4 -23.0000 -41.0000 -10.2500 0.0000 0.0000 -4.0000 -4.0000 0.0000 0.0000 0.0000 1.0000 0.0000 1-4chrd.dat
1 4 -23.0000 1.0000 -10.2500 -4.0000 0.0000 0.0000 0.0000 0.0000 4.0000 0.0000 1.0000 0.0000 1-4chrd.dat
1 4 23.0000 1.0000 -10.2500 0.0000 0.0000 4.0000 4.0000 0.0000 0.0000 0.0000 1.0000 0.0000 1-4chrd.dat
1 15 23.0000 -41.0000 -10.2500 4.0000 0.0000 0.0000 0.0000 0.0000 -4.0000 0.0000 1.0000 0.0000 1-4ndis.dat
1 15 -23.0000 -41.0000 -10.2500 0.0000 0.0000 -4.0000 -4.0000 0.0000 0.0000 0.0000 1.0000 0.0000 1-4ndis.dat
1 15 -23.0000 1.0000 -10.2500 -4.0000 0.0000 0.0000 0.0000 0.0000 4.0000 0.0000 1.0000 0.0000 1-4ndis.dat
1 15 23.0000 1.0000 -10.2500 0.0000 0.0000 4.0000 4.0000 0.0000 0.0000 0.0000 1.0000 0.0000 1-4ndis.dat
