0 FILE 18926c02.dat
0 Vehicle, Tipper Bed 12 x 8 x 5 with Dark Bluish Gray Hinge Plate (18926 / 44570)
0 Name:  18926c02.dat
0 Author:  
0 BL_Item_No 18926c01
0 BFC CERTIFY CCW
1 72 0.0000 0.0000 0.0000 1.0000 0.0000 0.0000 0.0000 1.0000 0.0000 0.0000 0.0000 1.0000 44570.dat
3 16 52.000 -8.000 -136.000 38.000 -8.000 -36.000 -38.000 -8.000 -36.000
3 16 -38.000 -8.000 -36.000 -52.000 -8.000 -136.000 52.000 -8.000 -136.000
3 16 38.000 -8.000 -36.000 38.000 -8.000 20.000 -38.000 -8.000 20.000
3 16 -38.000 -8.000 20.000 -38.000 -8.000 -36.000 38.000 -8.000 -36.000
3 16 -52.000 -8.000 26.000 -38.000 -8.000 20.000 38.000 -8.000 20.000
3 16 38.000 -8.000 20.000 52.000 -8.000 26.000 -52.000 -8.000 26.000
3 16 -60.000 -16.000 -136.000 60.000 -16.000 -136.000 52.000 -8.000 -136.000
3 16 52.000 -8.000 -136.000 -52.000 -8.000 -136.000 -60.000 -16.000 -136.000
3 16 52.000 -8.000 26.000 53.600 -9.600 27.600 -53.600 -9.600 27.600
3 16 -53.600 -9.600 27.600 -52.000 -8.000 26.000 52.000 -8.000 26.000
3 16 -53.600 -9.600 27.600 53.600 -9.600 27.600 58.000 -14.000 30.625
3 16 58.000 -14.000 30.625 -58.000 -14.000 30.625 -53.600 -9.600 27.600
3 16 58.000 -14.000 30.625 58.000 -16.000 32.000 -58.000 -16.000 32.000
3 16 -58.000 -16.000 32.000 -58.000 -14.000 30.625 58.000 -14.000 30.625
3 16 -58.000 -16.000 32.000 58.000 -16.000 32.000 60.000 -48.000 54.000
3 16 60.000 -48.000 54.000 -60.000 -48.000 54.000 -58.000 -16.000 32.000
3 16 40.000 8.000 -140.000 8.000 -88.000 -140.000 -8.000 -88.000 -140.000
3 16 -8.000 -88.000 -140.000 -40.000 8.000 -140.000 40.000 8.000 -140.000
3 16 57.000 -9.000 31.000 36.000 -8.000 30.000 -36.000 -8.000 30.000
3 16 -36.000 -8.000 30.000 -57.000 -9.000 31.000 57.000 -9.000 31.000
3 16 -8.000 -40.000 52.000 8.000 -40.000 52.000 57.000 -9.000 31.000
3 16 57.000 -9.000 31.000 -57.000 -9.000 31.000 -8.000 -40.000 52.000
3 16 -36.000 -4.000 -44.000 36.000 -4.000 -44.000 36.000 -4.000 -136.000
3 16 36.000 -4.000 -136.000 -36.000 -4.000 -136.000 -36.000 -4.000 -44.000
3 16 -1.000 16.000 -47.750 1.000 16.000 -47.750 1.000 16.000 -49.750
3 16 1.000 16.000 -49.750 -1.000 16.000 -49.750 -1.000 16.000 -47.750
3 16 -1.000 16.000 -136.000 1.000 16.000 -136.000 40.000 16.000 -140.000
3 16 40.000 16.000 -140.000 -40.000 16.000 -140.000 -1.000 16.000 -136.000
3 16 41.000 16.000 -40.000 1.000 16.000 -44.000 -1.000 16.000 -44.000
3 16 -1.000 16.000 -44.000 -41.000 16.000 -40.000 41.000 16.000 -40.000
3 16 -41.000 8.000 -40.000 -20.000 0.000 -40.000 20.000 0.000 -40.000
3 16 20.000 0.000 -40.000 41.000 8.000 -40.000 -41.000 8.000 -40.000
3 16 20.000 -4.000 20.000 -20.000 -4.000 20.000 -36.000 -4.000 24.000
3 16 -36.000 -4.000 24.000 36.000 -4.000 24.000 20.000 -4.000 20.000
3 16 72.000 -40.000 80.000 -72.000 -40.000 80.000 -60.000 -48.000 80.000
3 16 -60.000 -48.000 80.000 60.000 -48.000 80.000 72.000 -40.000 80.000
3 16 -60.000 -88.000 -160.000 -58.343 -88.000 -156.000 58.343 -88.000 -156.000
3 16 58.343 -88.000 -156.000 60.000 -88.000 -160.000 -60.000 -88.000 -160.000
3 16 60.000 -40.000 76.000 -60.000 -40.000 76.000 -72.000 -40.000 80.000
3 16 -72.000 -40.000 80.000 72.000 -40.000 80.000 60.000 -40.000 76.000
3 16 -58.343 -92.000 -156.000 -8.000 -92.000 -144.000 8.000 -92.000 -144.000
3 16 8.000 -92.000 -144.000 58.343 -92.000 -156.000 -58.343 -92.000 -156.000
3 16 8.000 -44.000 64.000 -8.000 -44.000 64.000 -60.000 -44.000 76.000
3 16 -60.000 -44.000 76.000 60.000 -44.000 76.000 8.000 -44.000 64.000
2 24 -53.600 -9.600 27.600 53.600 -9.600 27.600
2 24 -57.000 -9.000 31.000 57.000 -9.000 31.000
2 24 -72.000 -40.000 80.000 72.000 -40.000 80.000
3 16 -38.000 -8.000 -36.000 -42.000 -8.000 -36.000 -52.000 -8.000 -136.000
3 16 -42.000 -8.000 -36.000 -42.000 -8.000 20.000 -52.000 -8.000 26.000
3 16 -52.000 -8.000 26.000 -52.000 -8.000 -136.000 -42.000 -8.000 -36.000
3 16 -42.000 -8.000 20.000 -38.000 -8.000 20.000 -52.000 -8.000 26.000
3 16 -58.000 -14.000 -72.000 -60.000 -16.000 -72.000 -60.000 -16.000 -136.000
3 16 -60.000 -16.000 -136.000 -52.000 -8.000 -136.000 -58.000 -14.000 -72.000
3 16 -58.000 -14.000 -48.000 -58.000 -14.000 -72.000 -52.000 -8.000 -136.000
3 16 -58.000 -14.000 -32.000 -58.000 -14.000 -48.000 -52.000 -8.000 -136.000
3 16 -52.000 -8.000 26.000 -58.000 -14.000 -8.000 -58.000 -14.000 -32.000
3 16 -58.000 -14.000 -32.000 -52.000 -8.000 -136.000 -52.000 -8.000 26.000
3 16 -53.600 -9.600 27.600 -58.000 -14.000 8.000 -58.000 -14.000 -8.000
3 16 -58.000 -14.000 -8.000 -52.000 -8.000 26.000 -53.600 -9.600 27.600
3 16 -53.600 -9.600 27.600 -58.000 -14.000 30.625 -58.000 -14.000 8.000
3 16 -58.000 -14.000 8.000 -58.000 -58.000 8.000 -60.000 -58.000 8.000
3 16 -60.000 -58.000 8.000 -60.000 -16.000 8.000 -58.000 -14.000 8.000
3 16 -58.000 -58.000 8.000 -58.000 -14.000 8.000 -58.000 -14.000 30.625
3 16 -58.000 -14.000 30.625 -58.000 -16.000 32.000 -58.000 -58.000 8.000
3 16 -58.000 -58.000 32.000 -58.000 -58.000 8.000 -58.000 -16.000 32.000
3 16 -60.000 -16.000 -72.000 -60.000 -58.000 -72.000 -60.000 -16.000 -136.000
3 16 -60.000 -16.000 -136.000 -60.000 -58.000 -72.000 -60.000 -72.000 -60.000
3 16 -60.000 -72.000 -60.000 -60.000 -96.000 -136.000 -60.000 -16.000 -136.000
3 16 -60.000 -72.000 -60.000 -60.000 -75.632 -60.000 -60.000 -96.000 -136.000
3 16 -60.000 -58.000 -72.000 -60.000 -58.000 -48.000 -60.000 -72.000 -60.000
3 16 -60.000 -58.000 -48.000 -60.000 -58.000 -32.000 -60.000 -72.000 -60.000
3 16 -60.000 -58.000 -32.000 -60.000 -58.000 -8.000 -60.000 -72.000 -60.000
3 16 -60.000 -58.000 -8.000 -60.000 -58.000 8.000 -60.000 -72.000 60.000
3 16 -60.000 -72.000 60.000 -60.000 -72.000 -60.000 -60.000 -58.000 -8.000
3 16 -60.000 -58.000 8.000 -60.000 -58.000 32.000 -60.000 -72.000 60.000
3 16 -60.000 -58.000 32.000 -60.000 -16.000 32.000 -60.000 -48.000 54.000
3 16 -60.000 -48.000 54.000 -60.000 -72.000 60.000 -60.000 -58.000 32.000
3 16 -60.000 -48.000 54.000 -60.000 -48.000 80.000 -60.000 -53.000 80.000
3 16 -60.000 -53.000 80.000 -60.000 -72.000 60.000 -60.000 -48.000 54.000
3 16 -60.000 -16.000 32.000 -58.000 -16.000 32.000 -60.000 -48.000 54.000
3 16 -58.000 -14.000 -72.000 -58.000 -58.000 -72.000 -60.000 -58.000 -72.000
3 16 -60.000 -58.000 -72.000 -60.000 -16.000 -72.000 -58.000 -14.000 -72.000
3 16 -60.000 -58.000 -48.000 -58.000 -58.000 -48.000 -58.000 -14.000 -48.000
3 16 -58.000 -14.000 -48.000 -60.000 -16.000 -48.000 -60.000 -58.000 -48.000
3 16 -58.000 -14.000 -32.000 -58.000 -58.000 -32.000 -60.000 -58.000 -32.000
3 16 -60.000 -58.000 -32.000 -60.000 -16.000 -32.000 -58.000 -14.000 -32.000
3 16 -60.000 -58.000 -8.000 -58.000 -58.000 -8.000 -58.000 -14.000 -8.000
3 16 -58.000 -14.000 -8.000 -60.000 -16.000 -8.000 -60.000 -58.000 -8.000
3 16 -8.000 -88.000 -140.000 -12.000 -88.000 -140.000 -40.000 8.000 -140.000
3 16 -12.000 -88.000 -140.000 -28.000 -88.000 -140.000 -40.000 8.000 -140.000
3 16 -28.000 -88.000 -140.000 -32.000 -88.000 -140.000 -64.000 -16.000 -140.000
3 16 -64.000 -16.000 -140.000 -40.000 8.000 -140.000 -28.000 -88.000 -140.000
3 16 -32.000 -88.000 -140.000 -48.000 -88.000 -140.000 -64.000 -16.000 -140.000
3 16 -48.000 -88.000 -140.000 -52.000 -88.000 -140.000 -64.000 -16.000 -140.000
3 16 -52.000 -88.000 -140.000 -64.000 -88.000 -140.000 -64.000 -16.000 -140.000
3 16 -64.000 -16.000 -140.000 -64.000 -88.000 -140.000 -64.000 -88.000 -136.000
3 16 -64.000 -72.619 -62.000 -64.000 -68.000 -58.000 -64.000 -88.000 -136.000
3 16 -64.000 -92.000 -136.000 -64.000 -80.433 -77.830 -64.000 -72.619 -62.000
3 16 -64.000 -72.619 -62.000 -64.000 -88.000 -136.000 -64.000 -92.000 -136.000
3 16 -64.000 -56.000 -70.000 -64.000 -16.000 -70.000 -64.000 -16.000 -140.000
3 16 -64.000 -16.000 -140.000 -64.000 -88.000 -136.000 -64.000 -56.000 -70.000
3 16 -64.000 -68.000 -58.000 -64.000 -56.000 -50.000 -64.000 -56.000 -70.000
3 16 -64.000 -56.000 -70.000 -64.000 -88.000 -136.000 -64.000 -68.000 -58.000
3 16 -64.000 -56.000 -30.000 -64.000 -56.000 -50.000 -64.000 -68.000 -58.000
3 16 -64.000 -56.000 -10.000 -64.000 -56.000 -30.000 -64.000 -68.000 -58.000
3 16 -64.000 -68.000 58.343 -64.000 -56.000 10.000 -64.000 -56.000 -10.000
3 16 -64.000 -56.000 -10.000 -64.000 -68.000 -58.000 -64.000 -68.000 58.343
3 16 -64.000 -56.000 30.000 -64.000 -56.000 10.000 -64.000 -68.000 58.343
3 16 -64.000 -40.000 52.000 -64.000 -16.000 35.742 -64.000 -56.000 30.000
3 16 -64.000 -56.000 30.000 -64.000 -68.000 58.343 -64.000 -40.000 52.000
3 16 -64.000 -50.343 76.000 -64.000 -40.000 76.000 -64.000 -40.000 52.000
3 16 -64.000 -40.000 52.000 -64.000 -68.000 58.343 -64.000 -50.343 76.000
3 16 -64.000 -16.000 35.742 -64.000 -16.000 30.000 -64.000 -56.000 30.000
3 16 -64.000 -16.000 -140.000 -64.000 -16.000 -70.000 -60.000 -12.000 -70.000
3 16 -60.000 -12.000 -70.000 -40.000 8.000 -140.000 -64.000 -16.000 -140.000
3 16 -60.000 -12.000 -70.000 -60.000 -12.000 -50.000 -40.000 8.000 -42.000
3 16 -40.000 8.000 -42.000 -40.000 8.000 -140.000 -60.000 -12.000 -70.000
3 16 -40.000 8.000 -42.000 -60.000 -12.000 -50.000 -48.000 0.000 -42.000
3 16 -60.000 -12.000 -50.000 -60.000 -12.000 -30.000 -48.000 0.000 -42.000
3 16 -60.000 -12.000 -30.000 -60.000 -12.000 -10.000 -48.000 0.000 -42.000
3 16 -60.000 -12.000 -10.000 -60.000 -12.000 10.000 -48.000 0.000 30.000
3 16 -48.000 0.000 30.000 -48.000 0.000 -42.000 -60.000 -12.000 -10.000
3 16 -60.000 -12.000 10.000 -56.000 -8.000 30.000 -48.000 0.000 30.000
3 16 -57.000 -9.000 31.000 -56.000 -8.000 30.000 -60.000 -12.000 10.000
3 16 -60.000 -12.000 10.000 -60.000 -12.000 30.000 -57.000 -9.000 31.000
3 16 -64.000 -16.000 35.742 -57.000 -9.000 31.000 -60.000 -12.000 30.000
3 16 -60.000 -12.000 30.000 -64.000 -16.000 30.000 -64.000 -16.000 35.742
3 16 -44.000 12.000 -42.000 -44.000 16.000 -42.000 -40.000 16.000 -42.000
3 16 -40.000 16.000 -42.000 -40.000 8.000 -42.000 -44.000 12.000 -42.000
3 16 -48.000 0.000 -42.000 -48.000 12.000 -42.000 -44.000 12.000 -42.000
3 16 -44.000 12.000 -42.000 -40.000 8.000 -42.000 -48.000 0.000 -42.000
3 16 -36.000 -8.000 30.000 -56.000 -8.000 30.000 -57.000 -9.000 31.000
3 16 -12.000 -40.000 52.000 -8.000 -40.000 52.000 -57.000 -9.000 31.000
3 16 -28.000 -40.000 52.000 -12.000 -40.000 52.000 -57.000 -9.000 31.000
3 16 -32.000 -40.000 52.000 -28.000 -40.000 52.000 -57.000 -9.000 31.000
3 16 -48.000 -40.000 52.000 -32.000 -40.000 52.000 -57.000 -9.000 31.000
3 16 -57.000 -9.000 31.000 -64.000 -16.000 35.742 -48.000 -40.000 52.000
3 16 -52.000 -40.000 52.000 -48.000 -40.000 52.000 -64.000 -16.000 35.742
3 16 -60.000 -40.000 52.000 -52.000 -40.000 52.000 -64.000 -16.000 35.742
3 16 -64.000 -40.000 52.000 -60.000 -40.000 52.000 -64.000 -16.000 35.742
3 16 -36.000 -8.000 30.000 -36.000 -4.000 30.000 -41.500 -4.000 30.000
3 16 -41.500 -4.000 30.000 -56.000 -8.000 30.000 -36.000 -8.000 30.000
3 16 -41.500 -4.000 30.000 -48.000 0.000 30.000 -56.000 -8.000 30.000
3 16 -41.500 -4.000 30.000 -41.500 16.000 30.000 -44.000 12.000 30.000
3 16 -44.000 12.000 30.000 -48.000 0.000 30.000 -41.500 -4.000 30.000
3 16 -44.000 12.000 30.000 -48.000 12.000 30.000 -48.000 0.000 30.000
3 16 -44.000 12.000 30.000 -41.500 16.000 30.000 -44.000 16.000 30.000
3 16 -36.000 -4.000 29.000 -36.000 -4.000 30.000 -36.000 -8.000 30.000
3 16 -36.000 -4.000 26.000 -36.000 -3.000 28.000 -36.000 -4.000 29.000
3 16 -36.000 -4.000 29.000 -36.000 -8.000 30.000 -36.000 -4.000 26.000
3 16 -36.000 -4.000 26.000 -36.000 -4.000 24.000 -36.000 -3.000 24.000
3 16 -36.000 -3.000 24.000 -36.000 -3.000 28.000 -36.000 -4.000 26.000
3 16 -36.000 16.000 -136.000 -1.000 16.000 -136.000 -40.000 16.000 -140.000
3 16 -36.000 16.000 -101.000 -36.000 16.000 -136.000 -40.000 16.000 -140.000
3 16 -36.000 16.000 -99.000 -36.000 16.000 -101.000 -40.000 16.000 -140.000
3 16 -36.000 16.000 -61.000 -36.000 16.000 -99.000 -40.000 16.000 -140.000
3 16 -40.000 16.000 -140.000 -40.000 16.000 -42.000 -36.000 16.000 -61.000
3 16 -36.000 16.000 -59.000 -36.000 16.000 -61.000 -40.000 16.000 -42.000
3 16 -36.000 16.000 -44.000 -36.000 16.000 -59.000 -40.000 16.000 -42.000
3 16 -1.000 16.000 -44.000 -14.000 16.000 -44.000 -41.000 16.000 -40.000
3 16 -14.000 16.000 -44.000 -16.000 16.000 -44.000 -41.000 16.000 -40.000
3 16 -16.000 16.000 -44.000 -24.000 16.000 -44.000 -41.000 16.000 -40.000
3 16 -24.000 16.000 -44.000 -26.000 16.000 -44.000 -41.000 16.000 -40.000
3 16 -26.000 16.000 -44.000 -36.000 16.000 -44.000 -40.000 16.000 -42.000
3 16 -40.000 16.000 -42.000 -41.000 16.000 -40.000 -26.000 16.000 -44.000
3 16 -24.000 0.000 -40.000 -20.000 0.000 -40.000 -41.000 8.000 -40.000
3 16 -41.000 -4.000 -40.000 -24.000 -4.000 -40.000 -24.000 0.000 -40.000
3 16 -24.000 0.000 -40.000 -41.000 8.000 -40.000 -41.000 -4.000 -40.000
3 16 -38.000 -4.000 -36.000 -24.000 -4.000 -40.000 -41.000 -4.000 -40.000
3 16 -41.000 -4.000 -40.000 -41.000 -4.000 -36.000 -38.000 -4.000 -36.000
3 16 -24.000 -4.000 -40.000 -38.000 -4.000 -36.000 -38.000 -4.000 20.000
3 16 -38.000 -4.000 20.000 -24.000 -4.000 20.000 -24.000 -4.000 -40.000
3 16 -20.000 -4.000 20.000 -24.000 -4.000 20.000 -36.000 -4.000 24.000
3 16 -24.000 -4.000 20.000 -38.000 -4.000 20.000 -36.000 -4.000 24.000
3 16 -38.000 -4.000 20.000 -41.000 -4.000 20.000 -41.000 -4.000 24.000
3 16 -41.000 -4.000 24.000 -36.000 -4.000 24.000 -38.000 -4.000 20.000
3 16 -41.000 16.000 -40.000 -40.000 16.000 -42.000 -44.000 16.000 -42.000
3 16 -41.000 16.000 -36.000 -41.000 16.000 -40.000 -44.000 16.000 -42.000
3 16 -44.000 16.000 30.000 -41.000 16.000 20.000 -41.000 16.000 -36.000
3 16 -41.000 16.000 -36.000 -44.000 16.000 -42.000 -44.000 16.000 30.000
3 16 -41.500 16.000 30.000 -41.000 16.000 28.000 -41.000 16.000 20.000
3 16 -41.000 16.000 20.000 -44.000 16.000 30.000 -41.500 16.000 30.000
3 16 -41.000 8.000 20.000 -41.000 16.000 20.000 -41.000 16.000 28.000
3 16 -41.000 -3.000 24.000 -41.000 -4.000 20.000 -41.000 8.000 20.000
3 16 -41.000 8.000 20.000 -41.000 16.000 28.000 -41.000 -3.000 24.000
3 16 -41.000 -3.000 28.000 -41.000 -3.000 24.000 -41.000 16.000 28.000
3 16 -41.000 -3.000 24.000 -41.000 -4.000 24.000 -41.000 -4.000 20.000
3 16 -41.000 -3.000 28.000 -41.000 16.000 28.000 -41.500 16.000 30.000
3 16 -41.500 16.000 30.000 -41.500 -4.000 30.000 -41.000 -3.000 28.000
3 16 -41.250 -4.000 29.000 -41.000 -3.000 28.000 -41.500 -4.000 30.000
3 16 -36.000 -3.000 28.000 -41.000 -3.000 28.000 -41.250 -4.000 29.000
3 16 -41.250 -4.000 29.000 -36.000 -4.000 29.000 -36.000 -3.000 28.000
3 16 -41.250 -4.000 29.000 -41.500 -4.000 30.000 -36.000 -4.000 30.000
3 16 -36.000 -4.000 30.000 -36.000 -4.000 29.000 -41.250 -4.000 29.000
3 16 -41.000 -4.000 -36.000 -41.000 8.000 -36.000 -42.000 8.000 -36.000
3 16 -42.000 8.000 -36.000 -42.000 -8.000 -36.000 -41.000 -4.000 -36.000
3 16 -38.000 -8.000 -36.000 -38.000 -4.000 -36.000 -41.000 -4.000 -36.000
3 16 -41.000 -4.000 -36.000 -42.000 -8.000 -36.000 -38.000 -8.000 -36.000
3 16 -41.000 -4.000 20.000 -38.000 -4.000 20.000 -38.000 -8.000 20.000
3 16 -38.000 -8.000 20.000 -42.000 -8.000 20.000 -41.000 -4.000 20.000
3 16 -42.000 8.000 20.000 -41.000 8.000 20.000 -41.000 -4.000 20.000
3 16 -41.000 -4.000 20.000 -42.000 -8.000 20.000 -42.000 8.000 20.000
3 16 -64.000 -16.000 -70.000 -64.000 -56.000 -70.000 -60.000 -56.000 -70.000
3 16 -60.000 -56.000 -70.000 -60.000 -12.000 -70.000 -64.000 -16.000 -70.000
3 16 -60.000 -56.000 -50.000 -64.000 -56.000 -50.000 -64.000 -16.000 -50.000
3 16 -64.000 -16.000 -50.000 -60.000 -12.000 -50.000 -60.000 -56.000 -50.000
3 16 -64.000 -16.000 -30.000 -64.000 -56.000 -30.000 -60.000 -56.000 -30.000
3 16 -60.000 -56.000 -30.000 -60.000 -12.000 -30.000 -64.000 -16.000 -30.000
3 16 -60.000 -56.000 -10.000 -64.000 -56.000 -10.000 -64.000 -16.000 -10.000
3 16 -64.000 -16.000 -10.000 -60.000 -12.000 -10.000 -60.000 -56.000 -10.000
3 16 -64.000 -16.000 10.000 -64.000 -56.000 10.000 -60.000 -56.000 10.000
3 16 -60.000 -56.000 10.000 -60.000 -12.000 10.000 -64.000 -16.000 10.000
3 16 -60.000 -56.000 30.000 -64.000 -56.000 30.000 -64.000 -16.000 30.000
3 16 -64.000 -16.000 30.000 -60.000 -12.000 30.000 -60.000 -56.000 30.000
3 16 -60.000 -96.000 -136.000 -80.000 -96.000 -136.000 -80.000 -96.000 -140.000
3 16 -80.000 -96.000 -140.000 -60.000 -96.000 -160.000 -60.000 -96.000 -136.000
3 16 -72.000 -40.000 80.000 -80.000 -48.000 80.000 -60.000 -48.000 80.000
3 16 -65.757 -92.000 -154.243 -65.757 -88.000 -154.243 -60.000 -88.000 -160.000
3 16 -60.000 -88.000 -160.000 -60.000 -96.000 -160.000 -65.757 -92.000 -154.243
3 16 -80.000 -96.000 -140.000 -74.243 -92.000 -145.757 -65.757 -92.000 -154.243
3 16 -65.757 -92.000 -154.243 -60.000 -96.000 -160.000 -80.000 -96.000 -140.000
3 16 -80.000 -88.000 -140.000 -74.243 -88.000 -145.757 -74.243 -92.000 -145.757
3 16 -74.243 -92.000 -145.757 -80.000 -96.000 -140.000 -80.000 -88.000 -140.000
3 16 -80.000 -86.460 -114.598 -80.000 -88.000 -136.000 -80.000 -96.000 -136.000
3 16 -80.000 -75.632 -60.000 -80.000 -81.893 -93.557 -80.000 -86.460 -114.598
3 16 -80.000 -86.460 -114.598 -80.000 -96.000 -136.000 -80.000 -75.632 -60.000
3 16 -80.000 -74.370 -73.237 -80.000 -81.893 -93.557 -80.000 -75.632 -60.000
3 16 -80.000 -75.632 -60.000 -80.000 -72.000 -60.000 -80.000 -74.370 -73.237
3 16 -80.000 -64.000 -54.000 -80.000 -74.370 -73.237 -80.000 -72.000 -60.000
3 16 -80.000 -72.000 60.000 -80.000 -64.000 56.686 -80.000 -64.000 -54.000
3 16 -80.000 -64.000 -54.000 -80.000 -72.000 -60.000 -80.000 -72.000 60.000
3 16 -80.000 -48.000 72.686 -80.000 -64.000 56.686 -80.000 -72.000 60.000
3 16 -80.000 -72.000 60.000 -80.000 -53.000 80.000 -80.000 -48.000 72.686
3 16 -80.000 -48.000 76.000 -80.000 -48.000 72.686 -80.000 -53.000 80.000
3 16 -80.000 -48.000 80.000 -80.000 -48.000 76.000 -80.000 -53.000 80.000
3 16 -65.757 -88.000 -154.243 -62.929 -88.000 -151.414 -58.343 -88.000 -156.000
3 16 -58.343 -88.000 -156.000 -60.000 -88.000 -160.000 -65.757 -88.000 -154.243
3 16 -71.414 -88.000 -142.929 -74.243 -88.000 -145.757 -80.000 -88.000 -140.000
3 16 -80.000 -88.000 -140.000 -74.343 -88.000 -140.000 -71.414 -88.000 -142.929
3 16 -76.000 -88.000 -136.000 -74.343 -88.000 -140.000 -80.000 -88.000 -140.000
3 16 -80.000 -88.000 -140.000 -80.000 -88.000 -136.000 -76.000 -88.000 -136.000
3 16 -74.343 -88.000 -140.000 -76.000 -88.000 -136.000 -64.000 -88.000 -136.000
3 16 -64.000 -88.000 -136.000 -64.000 -88.000 -140.000 -74.343 -88.000 -140.000
3 16 -76.000 -80.433 -77.830 -76.000 -72.619 -62.000 -64.000 -72.619 -62.000
3 16 -64.000 -72.619 -62.000 -64.000 -80.433 -77.830 -76.000 -80.433 -77.830
3 16 -64.000 -50.343 76.000 -76.000 -50.343 76.000 -76.000 -48.000 76.000
3 16 -76.000 -48.000 76.000 -64.000 -40.000 76.000 -64.000 -50.343 76.000
3 16 -76.000 -48.000 76.000 -80.000 -48.000 76.000 -72.000 -40.000 76.000
3 16 -72.000 -40.000 76.000 -64.000 -40.000 76.000 -76.000 -48.000 76.000
3 16 -60.000 -40.000 68.000 -60.000 -40.000 52.000 -64.000 -40.000 52.000
3 16 -64.000 -40.000 76.000 -60.000 -40.000 72.000 -60.000 -40.000 68.000
3 16 -60.000 -40.000 68.000 -64.000 -40.000 52.000 -64.000 -40.000 76.000
3 16 -60.000 -40.000 76.000 -60.000 -40.000 72.000 -64.000 -40.000 76.000
3 16 -60.000 -40.000 76.000 -64.000 -40.000 76.000 -72.000 -40.000 80.000
3 16 -64.000 -40.000 76.000 -72.000 -40.000 76.000 -72.000 -40.000 80.000
3 16 -62.929 -92.000 -151.414 -65.757 -92.000 -154.243 -74.243 -92.000 -145.757
3 16 -74.243 -92.000 -145.757 -71.414 -92.000 -142.929 -62.929 -92.000 -151.414
3 16 -64.000 -92.000 -144.000 -62.929 -92.000 -151.414 -71.414 -92.000 -142.929
3 16 -74.343 -92.000 -140.000 -64.000 -92.000 -140.000 -64.000 -92.000 -144.000
3 16 -64.000 -92.000 -144.000 -71.414 -92.000 -142.929 -74.343 -92.000 -140.000
3 16 -12.000 -92.000 -144.000 -8.000 -92.000 -144.000 -58.343 -92.000 -156.000
3 16 -28.000 -92.000 -144.000 -12.000 -92.000 -144.000 -58.343 -92.000 -156.000
3 16 -58.343 -92.000 -156.000 -62.929 -92.000 -151.414 -28.000 -92.000 -144.000
3 16 -32.000 -92.000 -144.000 -28.000 -92.000 -144.000 -62.929 -92.000 -151.414
3 16 -48.000 -92.000 -144.000 -32.000 -92.000 -144.000 -62.929 -92.000 -151.414
3 16 -52.000 -92.000 -144.000 -48.000 -92.000 -144.000 -62.929 -92.000 -151.414
3 16 -64.000 -92.000 -144.000 -52.000 -92.000 -144.000 -62.929 -92.000 -151.414
3 16 -8.000 -40.000 64.000 -8.000 -44.000 64.000 -8.000 -44.000 54.710
3 16 -8.000 -44.000 54.710 -8.000 -40.000 52.000 -8.000 -40.000 64.000
3 16 -12.000 -44.000 54.710 -12.000 -44.000 64.000 -12.000 -40.000 64.000
3 16 -12.000 -40.000 64.000 -12.000 -40.000 52.000 -12.000 -44.000 54.710
3 16 -28.000 -40.000 64.000 -28.000 -44.000 64.000 -28.000 -44.000 54.710
3 16 -28.000 -44.000 54.710 -28.000 -40.000 52.000 -28.000 -40.000 64.000
3 16 -32.000 -44.000 54.710 -32.000 -44.000 64.000 -32.000 -40.000 64.000
3 16 -32.000 -40.000 64.000 -32.000 -40.000 52.000 -32.000 -44.000 54.710
3 16 -48.000 -40.000 64.000 -48.000 -44.000 64.000 -48.000 -44.000 54.710
3 16 -48.000 -44.000 54.710 -48.000 -40.000 52.000 -48.000 -40.000 64.000
3 16 -52.000 -44.000 54.710 -52.000 -44.000 64.000 -52.000 -40.000 64.000
3 16 -52.000 -40.000 64.000 -52.000 -40.000 52.000 -52.000 -44.000 54.710
3 16 -60.000 -44.000 64.000 -60.000 -44.000 54.710 -60.000 -40.000 52.000
3 16 -60.000 -40.000 68.000 -60.000 -44.000 68.000 -60.000 -44.000 64.000
3 16 -60.000 -44.000 64.000 -60.000 -40.000 52.000 -60.000 -40.000 68.000
3 16 -8.000 -44.000 64.000 -12.000 -44.000 64.000 -60.000 -44.000 76.000
3 16 -60.000 -44.000 76.000 -12.000 -44.000 64.000 -28.000 -44.000 64.000
3 16 -28.000 -44.000 64.000 -56.000 -44.000 72.000 -60.000 -44.000 76.000
3 16 -60.000 -44.000 72.000 -60.000 -44.000 76.000 -56.000 -44.000 72.000
3 16 -28.000 -44.000 64.000 -32.000 -44.000 64.000 -56.000 -44.000 72.000
3 16 -56.000 -44.000 72.000 -32.000 -44.000 64.000 -48.000 -44.000 64.000
3 16 -48.000 -44.000 64.000 -56.000 -44.000 68.000 -56.000 -44.000 72.000
3 16 -48.000 -44.000 64.000 -52.000 -44.000 64.000 -56.000 -44.000 68.000
3 16 -52.000 -44.000 64.000 -60.000 -44.000 64.000 -60.000 -44.000 68.000
3 16 -60.000 -44.000 68.000 -56.000 -44.000 68.000 -52.000 -44.000 64.000
3 16 -76.000 -88.000 -136.000 -76.000 -86.460 -114.598 -76.000 -92.000 -136.000
3 16 -76.000 -86.460 -114.598 -76.000 -81.893 -93.557 -76.000 -80.433 -77.830
3 16 -76.000 -80.433 -77.830 -76.000 -92.000 -136.000 -76.000 -86.460 -114.598
3 16 -76.000 -81.893 -93.557 -76.000 -74.370 -73.237 -76.000 -80.433 -77.830
3 16 -76.000 -72.619 -62.000 -76.000 -80.433 -77.830 -76.000 -74.370 -73.237
3 16 -76.000 -74.370 -73.237 -76.000 -70.000 -62.000 -76.000 -72.619 -62.000
3 16 -76.000 -70.000 -62.000 -76.000 -74.370 -73.237 -76.000 -64.000 -54.000
3 16 -76.000 -68.000 -58.000 -76.000 -70.000 -62.000 -76.000 -64.000 -54.000
3 16 -76.000 -64.000 56.686 -76.000 -68.000 58.343 -76.000 -68.000 -58.000
3 16 -76.000 -68.000 -58.000 -76.000 -64.000 -54.000 -76.000 -64.000 56.686
3 16 -76.000 -50.343 76.000 -76.000 -68.000 58.343 -76.000 -64.000 56.686
3 16 -76.000 -64.000 56.686 -76.000 -48.000 72.686 -76.000 -50.343 76.000
3 16 -76.000 -48.000 76.000 -76.000 -50.343 76.000 -76.000 -48.000 72.686
2 24 -60.000 -16.000 -136.000 -52.000 -8.000 -136.000
2 24 -60.000 -16.000 -136.000 -60.000 -16.000 -72.000
2 24 -60.000 -16.000 -72.000 -58.000 -14.000 -72.000
2 24 -60.000 -16.000 -72.000 -60.000 -58.000 -72.000
2 24 -58.000 -58.000 8.000 -58.000 -14.000 8.000
2 24 -52.000 -8.000 26.000 -53.600 -9.600 27.600
2 24 -53.600 -9.600 27.600 -58.000 -14.000 30.625
2 24 -58.000 -14.000 30.625 -58.000 -14.000 8.000
2 24 -58.000 -16.000 32.000 -58.000 -14.000 30.625
2 24 -60.000 -16.000 32.000 -60.000 -48.000 54.000
2 24 -64.000 -88.000 -140.000 -64.000 -16.000 -140.000
2 24 -64.000 -16.000 -140.000 -64.000 -16.000 -70.000
2 24 -60.000 -12.000 -70.000 -64.000 -16.000 -70.000
2 24 -64.000 -16.000 -70.000 -64.000 -56.000 -70.000
2 24 -40.000 8.000 -140.000 -64.000 -16.000 -140.000
2 24 -64.000 -16.000 35.742 -64.000 -16.000 30.000
2 24 -64.000 -16.000 30.000 -64.000 -56.000 30.000
2 24 -64.000 -16.000 30.000 -60.000 -12.000 30.000
2 24 -57.000 -9.000 31.000 -64.000 -16.000 35.742
2 24 -64.000 -16.000 35.742 -64.000 -40.000 52.000
2 24 -64.000 -40.000 52.000 -64.000 -40.000 76.000
2 24 -57.000 -9.000 31.000 -56.000 -8.000 30.000
2 24 -56.000 -8.000 30.000 -36.000 -8.000 30.000
2 24 -56.000 -8.000 30.000 -48.000 0.000 30.000
2 24 -36.000 -8.000 30.000 -36.000 -4.000 30.000
2 24 -40.000 8.000 -42.000 -48.000 0.000 -42.000
2 24 -41.500 -4.000 30.000 -36.000 -4.000 30.000
2 24 -44.000 16.000 -42.000 -40.000 16.000 -42.000
2 24 -36.000 16.000 -59.000 -36.000 -4.000 -59.000
2 24 -41.000 16.000 20.000 -41.000 16.000 28.000
2 24 -41.000 16.000 28.000 -41.500 16.000 30.000
2 24 -41.500 16.000 30.000 -44.000 16.000 30.000
2 24 -38.000 -4.000 20.000 -41.000 -4.000 20.000
2 24 -41.000 -4.000 20.000 -41.000 -4.000 24.000
2 24 -41.000 -4.000 20.000 -41.000 8.000 20.000
2 24 -41.000 -3.000 28.000 -41.000 16.000 28.000
2 24 -41.500 16.000 30.000 -41.500 -4.000 30.000
2 24 -41.250 -4.000 29.000 -41.000 -3.000 28.000
2 24 -41.250 -4.000 29.000 -41.500 -4.000 30.000
2 24 -41.250 -4.000 29.000 -36.000 -4.000 29.000
2 24 -36.000 -4.000 29.000 -36.000 -3.000 28.000
2 24 -36.000 -4.000 29.000 -36.000 -4.000 30.000
2 24 -24.000 -4.000 -40.000 -41.000 -4.000 -40.000
2 24 -38.000 -4.000 -36.000 -41.000 -4.000 -36.000
2 24 -60.000 -88.000 -160.000 -60.000 -96.000 -160.000
2 24 -60.000 -96.000 -160.000 -80.000 -96.000 -140.000
2 24 -60.000 -88.000 -160.000 -65.757 -88.000 -154.243
2 24 -80.000 -88.000 -140.000 -74.243 -88.000 -145.757
2 24 -64.000 -88.000 -136.000 -64.000 -88.000 -140.000
2 24 -65.757 -92.000 -154.243 -74.243 -92.000 -145.757
2 24 -64.000 -80.433 -77.830 -64.000 -72.619 -62.000
2 24 -76.000 -80.433 -77.830 -76.000 -72.619 -62.000
2 24 -64.000 -72.619 -62.000 -76.000 -72.619 -62.000
2 24 -64.000 -50.343 76.000 -64.000 -40.000 76.000
2 24 -76.000 -50.343 76.000 -76.000 -48.000 76.000
2 24 -64.000 -40.000 76.000 -72.000 -40.000 76.000
2 24 -60.000 -44.000 64.000 -60.000 -44.000 68.000
2 24 -64.000 -40.000 52.000 -60.000 -40.000 52.000
2 24 -60.000 -40.000 52.000 -60.000 -40.000 68.000
1 16 -20.0000 -4.0000 -80.0000 -1.0000 0.0000 0.0000 0.0000 -5.0000 0.0000 0.0000 0.0000 1.0000 stud4.dat
1 16 -20.0000 -4.0000 -120.0000 -1.0000 0.0000 0.0000 0.0000 -5.0000 0.0000 0.0000 0.0000 1.0000 stud4.dat
1 16 -59.0000 -36.0000 -60.0000 0.0000 1.0000 0.0000 0.0000 0.0000 -22.0000 12.0000 0.0000 0.0000 box2-5.dat
1 16 -59.0000 -36.0000 -20.0000 0.0000 1.0000 0.0000 0.0000 0.0000 -22.0000 12.0000 0.0000 0.0000 box2-5.dat
0 BFC INVERTNEXT
1 16 -59.0000 -36.0000 -40.0000 0.0000 0.0000 -1.0000 0.0000 21.0000 -1.0000 8.0000 0.0000 0.0000 box2-7.dat
0 BFC INVERTNEXT
1 16 -59.0000 -36.0000 0.0000 0.0000 0.0000 -1.0000 0.0000 21.0000 -1.0000 8.0000 0.0000 0.0000 box2-7.dat
1 16 -59.0000 -37.0000 20.0000 -1.0000 0.0000 0.0000 0.0000 0.0000 -21.0000 0.0000 12.0000 0.0000 box2-5.dat
1 16 -60.0000 56.0000 -136.0000 0.0000 -1.0000 0.0000 -152.0000 0.0000 0.0000 0.0000 0.0000 152.0000 1-12chrd.dat
0 BFC INVERTNEXT
1 16 -62.0000 -34.0000 -60.0000 0.0000 2.0000 0.0000 0.0000 0.0000 -22.0000 10.0000 0.0000 0.0000 box2-5.dat
1 16 -62.0000 -34.0000 -40.0000 0.0000 0.0000 -2.0000 0.0000 20.0000 -2.0000 10.0000 0.0000 0.0000 box2-7.dat
0 BFC INVERTNEXT
1 16 -62.0000 -34.0000 -20.0000 0.0000 2.0000 0.0000 0.0000 0.0000 -22.0000 10.0000 0.0000 0.0000 box2-5.dat
1 16 -62.0000 -34.0000 0.0000 0.0000 0.0000 -2.0000 0.0000 20.0000 -2.0000 10.0000 0.0000 0.0000 box2-7.dat
0 BFC INVERTNEXT
1 16 -62.0000 -34.0000 20.0000 0.0000 2.0000 0.0000 0.0000 0.0000 -22.0000 10.0000 0.0000 0.0000 box2-5.dat
1 16 -40.0000 12.0000 -91.0000 0.0000 1.0000 0.0000 4.0000 0.0000 0.0000 0.0000 0.0000 49.0000 rect.dat
1 16 -48.0000 6.0000 -6.0000 0.0000 1.0000 0.0000 0.0000 0.0000 -6.0000 -36.0000 0.0000 0.0000 rect3.dat
0 BFC INVERTNEXT
1 16 -46.0000 14.0000 -6.0000 0.0000 2.0000 0.0000 0.0000 0.0000 -2.0000 36.0000 0.0000 0.0000 box2-5.dat
1 16 -64.0000 60.0000 -136.0000 0.0000 1.0000 0.0000 -152.0000 0.0000 0.0000 0.0000 0.0000 152.0000 1-16chrd.dat
1 16 -20.0000 -4.0000 -100.0000 -1.0000 0.0000 0.0000 0.0000 -5.0000 0.0000 0.0000 0.0000 1.0000 filletr0n.dat
1 16 -20.0000 -4.0000 -60.0000 -1.0000 0.0000 0.0000 0.0000 -5.0000 0.0000 0.0000 0.0000 1.0000 filletr0n.dat
0 BFC INVERTNEXT
1 16 -18.5000 6.0000 -118.5000 0.0000 0.0000 -17.5000 10.0000 0.0000 0.0000 0.0000 -17.5000 0.0000 box2-5.dat
1 16 -36.0000 6.0000 -80.0000 0.0000 -1.0000 0.0000 10.0000 0.0000 0.0000 0.0000 0.0000 19.0000 rect.dat
0 BFC INVERTNEXT
1 16 -31.0000 6.0000 -51.5000 0.0000 -5.0000 0.0000 10.0000 0.0000 0.0000 0.0000 0.0000 7.5000 box2-7.dat
1 16 -20.0000 6.0000 -44.0000 -4.0000 0.0000 0.0000 0.0000 0.0000 10.0000 0.0000 1.0000 0.0000 rect2p.dat
1 16 -7.5000 6.0000 -44.0000 -6.5000 0.0000 0.0000 0.0000 0.0000 10.0000 0.0000 1.0000 0.0000 rect2p.dat
1 16 -34.0000 -4.0000 -100.0000 -2.0000 0.0000 0.0000 0.0000 20.0000 0.0000 0.0000 0.0000 1.0000 box3u8p.dat
1 16 -34.0000 -4.0000 -60.0000 -2.0000 0.0000 0.0000 0.0000 20.0000 0.0000 0.0000 0.0000 1.0000 box3u8p.dat
1 16 -1.0000 6.0000 -48.7500 0.0000 -3.0000 0.0000 0.0000 0.0000 10.0000 -1.0000 0.0000 0.0000 box4-2p.dat
1 16 -15.0000 -4.0000 -44.5000 0.0000 0.0000 -1.0000 0.0000 20.0000 0.0000 0.5000 0.0000 0.0000 box3u4p.dat
1 16 -25.0000 -4.0000 -44.5000 0.0000 0.0000 -1.0000 0.0000 20.0000 0.0000 0.5000 0.0000 0.0000 box3u4p.dat
1 16 -15.0000 -4.0000 -46.0000 1.0000 0.0000 -1.0000 0.0000 20.0000 0.0000 1.0000 0.0000 1.0000 tri3a4.dat
1 16 -25.0000 -4.0000 -46.0000 1.0000 0.0000 -1.0000 0.0000 20.0000 0.0000 1.0000 0.0000 1.0000 tri3a4.dat
1 16 -41.0000 12.0000 -8.0000 0.0000 3.0000 0.0000 0.0000 0.0000 4.0000 28.0000 0.0000 0.0000 box5-2p.dat
0 BFC INVERTNEXT
1 16 -41.5000 0.0000 -8.0000 0.0000 -0.5000 0.0000 0.0000 0.0000 8.0000 28.0000 0.0000 0.0000 box2-7.dat
1 16 -38.0000 -6.0000 -8.0000 0.0000 1.0000 0.0000 0.0000 0.0000 2.0000 28.0000 0.0000 0.0000 rect3.dat
1 16 -41.0000 2.0000 -38.0000 0.0000 -1.0000 0.0000 0.0000 0.0000 -6.0000 2.0000 0.0000 0.0000 rect3.dat
1 16 -38.5000 -3.5000 26.0000 -2.5000 0.0000 0.0000 0.0000 0.0000 0.5000 0.0000 -2.0000 0.0000 box2-5.dat
1 16 -22.0000 -2.0000 -10.0000 -2.0000 0.0000 0.0000 0.0000 0.0000 2.0000 0.0000 30.0000 0.0000 box3-3.dat
1 16 -40.0000 -8.0000 -8.0000 -2.0000 0.0000 0.0000 0.0000 1.0000 0.0000 0.0000 0.0000 28.0000 recte4.dat
1 16 -80.0000 56.0000 -136.0000 0.0000 20.0000 0.0000 -152.0000 0.0000 0.0000 0.0000 0.0000 152.0000 1-12cylo.dat
1 16 -80.0000 56.0000 -136.0000 0.0000 1.0000 0.0000 -152.0000 0.0000 0.0000 0.0000 0.0000 152.0000 1-12chrd.dat
1 16 -70.0000 -73.8160 -60.0000 -10.0000 0.0000 0.0000 0.0000 0.0000 -1.8160 0.0000 -1.0000 0.0000 rect3.dat
1 16 -70.0000 -62.5000 10.0000 -10.0000 0.0000 0.0000 0.0000 -9.4979 0.0036 0.0000 -9.9977 59.9966 box2-5.dat
1 16 -70.0000 -50.5000 80.0000 0.0000 0.0000 -10.0000 2.5000 0.0000 0.0000 0.0000 -1.0000 0.0000 rect2p.dat
1 16 -80.0000 -92.0000 -138.0000 0.0000 1.0000 0.0000 -4.0000 0.0000 0.0000 0.0000 0.0000 -2.0000 rect3.dat
1 16 -10.0000 -90.0000 -142.0000 -2.0000 0.0000 0.0000 0.0000 0.0000 2.0000 0.0000 -2.0000 0.0000 box2-5.dat
0 BFC INVERTNEXT
1 16 -20.0000 -90.0000 -144.0000 -8.0000 0.0000 0.0000 0.0000 0.0000 -2.0000 0.0000 4.0000 0.0000 box4-7a.dat
1 16 -30.0000 -90.0000 -142.0000 -2.0000 0.0000 0.0000 0.0000 0.0000 2.0000 0.0000 -2.0000 0.0000 box2-5.dat
0 BFC INVERTNEXT
1 16 -40.0000 -90.0000 -144.0000 -8.0000 0.0000 0.0000 0.0000 0.0000 -2.0000 0.0000 4.0000 0.0000 box4-7a.dat
1 16 -50.0000 -90.0000 -142.0000 -2.0000 0.0000 0.0000 0.0000 0.0000 2.0000 0.0000 -2.0000 0.0000 box2-5.dat
0 BFC INVERTNEXT
1 16 -58.0000 -90.0000 -142.0000 6.0000 0.0000 0.0000 0.0000 0.0000 -2.0000 0.0000 2.0000 0.0000 box3-9a.dat
1 16 -69.1716 -90.0000 -140.0000 -5.1716 0.0000 0.0000 0.0000 0.0000 2.0000 0.0000 1.0000 0.0000 rect2p.dat
1 16 -70.0000 -90.0000 -136.0000 -6.0000 0.0000 0.0000 0.0000 0.0000 2.0000 0.0000 -1.0000 0.0000 rect.dat
0 BFC INVERTNEXT
1 16 -76.0000 60.0000 -136.0000 0.0000 12.0000 0.0000 -152.0000 0.0000 0.0000 0.0000 0.0000 152.0000 1-16cylo.dat
1 16 -76.0000 60.0000 -136.0000 0.0000 1.0000 0.0000 -152.0000 0.0000 0.0000 0.0000 0.0000 152.0000 1-16chrd.dat
1 16 -70.0000 -70.3096 -60.0000 -6.0000 0.0000 0.0000 0.0000 -1.0018 1.3103 0.0000 -2.0035 0.0045 box2-7.dat
0 BFC INVERTNEXT
1 16 -70.0000 -59.1715 9.0000 -6.0000 0.0000 0.0000 0.0000 0.0000 -8.8300 0.0000 58.1700 -8.8300 box2-5.dat
0 BFC INVERTNEXT
1 16 -80.0000 91.1042 -136.0000 0.0000 4.0000 0.0000 -179.1042 0.0000 0.0000 0.0000 0.0000 164.0000 1-12cylo.dat
1 16 -78.0000 -64.0000 1.3415 -2.0000 0.0000 0.0000 0.0000 -1.0000 0.0000 0.0000 0.0000 -55.3432 rect3.dat
1 16 -78.0000 -56.0000 66.3432 -2.0000 0.0000 0.0000 0.0000 0.0000 8.0000 0.0000 -1.6600 8.0000 box2-5.dat
1 16 -10.0000 -42.0000 58.0000 -2.0000 0.0000 0.0000 0.0000 0.0000 2.0000 0.0000 6.0000 0.0000 box2-5.dat
0 BFC INVERTNEXT
1 16 -20.0000 -42.0000 58.0000 -8.0000 0.0000 0.0000 0.0000 -2.0036 0.0016 0.0000 1.3573 -4.6513 box2-7.dat
1 16 -30.0000 -42.0000 58.0000 -2.0000 0.0000 0.0000 0.0000 0.0000 2.0000 0.0000 6.0000 0.0000 box2-5.dat
0 BFC INVERTNEXT
1 16 -40.0000 -42.0000 58.0000 -8.0000 0.0000 0.0000 0.0000 -2.0036 0.0016 0.0000 1.3573 -4.6513 box2-7.dat
1 16 -50.0000 -42.0000 58.0000 -2.0000 0.0000 0.0000 0.0000 0.0000 2.0000 0.0000 6.0000 0.0000 box2-5.dat
0 BFC INVERTNEXT
1 16 -56.0000 -42.0000 58.0000 -4.0000 0.0000 0.0000 0.0000 -2.0036 0.0016 0.0000 1.3573 -4.6513 box2-7.dat
1 16 -60.0000 -42.0000 70.0000 0.0000 4.0000 0.0000 0.0000 0.0000 2.0000 2.0000 0.0000 0.0000 box4-2p.dat
1 16 -62.0503 -90.0000 -155.1213 0.0000 -2.2929 1.4142 2.0000 0.0000 0.0000 0.0000 2.2929 1.4142 box2-5.dat
1 16 -74.2929 -90.0000 -142.8787 0.0000 1.4645 1.4142 2.0000 0.0000 0.0000 0.0000 -1.4645 1.4142 box2-5.dat
1 16 -76.0000 -44.0000 78.0000 4.0022 0.0000 0.0000 4.0022 -1.0041 0.0000 0.0000 0.0000 2.0000 rect.dat
3 16 52.000 -8.000 -136.000 42.000 -8.000 -36.000 38.000 -8.000 -36.000
3 16 52.000 -8.000 26.000 42.000 -8.000 20.000 42.000 -8.000 -36.000
3 16 42.000 -8.000 -36.000 52.000 -8.000 -136.000 52.000 -8.000 26.000
3 16 52.000 -8.000 26.000 38.000 -8.000 20.000 42.000 -8.000 20.000
3 16 60.000 -16.000 -136.000 60.000 -16.000 -72.000 58.000 -14.000 -72.000
3 16 58.000 -14.000 -72.000 52.000 -8.000 -136.000 60.000 -16.000 -136.000
3 16 52.000 -8.000 -136.000 58.000 -14.000 -72.000 58.000 -14.000 -48.000
3 16 52.000 -8.000 -136.000 58.000 -14.000 -48.000 58.000 -14.000 -32.000
3 16 58.000 -14.000 -32.000 58.000 -14.000 -8.000 52.000 -8.000 26.000
3 16 52.000 -8.000 26.000 52.000 -8.000 -136.000 58.000 -14.000 -32.000
3 16 58.000 -14.000 -8.000 58.000 -14.000 8.000 53.600 -9.600 27.600
3 16 53.600 -9.600 27.600 52.000 -8.000 26.000 58.000 -14.000 -8.000
3 16 58.000 -14.000 8.000 58.000 -14.000 30.625 53.600 -9.600 27.600
3 16 60.000 -58.000 8.000 58.000 -58.000 8.000 58.000 -14.000 8.000
3 16 58.000 -14.000 8.000 60.000 -16.000 8.000 60.000 -58.000 8.000
3 16 58.000 -14.000 30.625 58.000 -14.000 8.000 58.000 -58.000 8.000
3 16 58.000 -58.000 8.000 58.000 -16.000 32.000 58.000 -14.000 30.625
3 16 58.000 -16.000 32.000 58.000 -58.000 8.000 58.000 -58.000 32.000
3 16 60.000 -16.000 -136.000 60.000 -58.000 -72.000 60.000 -16.000 -72.000
3 16 60.000 -72.000 -60.000 60.000 -58.000 -72.000 60.000 -16.000 -136.000
3 16 60.000 -16.000 -136.000 60.000 -96.000 -136.000 60.000 -72.000 -60.000
3 16 60.000 -96.000 -136.000 60.000 -75.632 -60.000 60.000 -72.000 -60.000
3 16 60.000 -72.000 -60.000 60.000 -58.000 -48.000 60.000 -58.000 -72.000
3 16 60.000 -72.000 -60.000 60.000 -58.000 -32.000 60.000 -58.000 -48.000
3 16 60.000 -72.000 -60.000 60.000 -58.000 -8.000 60.000 -58.000 -32.000
3 16 60.000 -72.000 60.000 60.000 -58.000 8.000 60.000 -58.000 -8.000
3 16 60.000 -58.000 -8.000 60.000 -72.000 -60.000 60.000 -72.000 60.000
3 16 60.000 -72.000 60.000 60.000 -58.000 32.000 60.000 -58.000 8.000
3 16 60.000 -48.000 54.000 60.000 -16.000 32.000 60.000 -58.000 32.000
3 16 60.000 -58.000 32.000 60.000 -72.000 60.000 60.000 -48.000 54.000
3 16 60.000 -53.000 80.000 60.000 -48.000 80.000 60.000 -48.000 54.000
3 16 60.000 -48.000 54.000 60.000 -72.000 60.000 60.000 -53.000 80.000
3 16 60.000 -48.000 54.000 58.000 -16.000 32.000 60.000 -16.000 32.000
3 16 60.000 -58.000 -72.000 58.000 -58.000 -72.000 58.000 -14.000 -72.000
3 16 58.000 -14.000 -72.000 60.000 -16.000 -72.000 60.000 -58.000 -72.000
3 16 58.000 -14.000 -48.000 58.000 -58.000 -48.000 60.000 -58.000 -48.000
3 16 60.000 -58.000 -48.000 60.000 -16.000 -48.000 58.000 -14.000 -48.000
3 16 60.000 -58.000 -32.000 58.000 -58.000 -32.000 58.000 -14.000 -32.000
3 16 58.000 -14.000 -32.000 60.000 -16.000 -32.000 60.000 -58.000 -32.000
3 16 58.000 -14.000 -8.000 58.000 -58.000 -8.000 60.000 -58.000 -8.000
3 16 60.000 -58.000 -8.000 60.000 -16.000 -8.000 58.000 -14.000 -8.000
3 16 40.000 8.000 -140.000 12.000 -88.000 -140.000 8.000 -88.000 -140.000
3 16 40.000 8.000 -140.000 28.000 -88.000 -140.000 12.000 -88.000 -140.000
3 16 64.000 -16.000 -140.000 32.000 -88.000 -140.000 28.000 -88.000 -140.000
3 16 28.000 -88.000 -140.000 40.000 8.000 -140.000 64.000 -16.000 -140.000
3 16 64.000 -16.000 -140.000 48.000 -88.000 -140.000 32.000 -88.000 -140.000
3 16 64.000 -16.000 -140.000 52.000 -88.000 -140.000 48.000 -88.000 -140.000
3 16 64.000 -16.000 -140.000 64.000 -88.000 -140.000 52.000 -88.000 -140.000
3 16 64.000 -88.000 -136.000 64.000 -88.000 -140.000 64.000 -16.000 -140.000
3 16 64.000 -88.000 -136.000 64.000 -68.000 -58.000 64.000 -72.619 -62.000
3 16 64.000 -72.619 -62.000 64.000 -80.433 -77.830 64.000 -92.000 -136.000
3 16 64.000 -92.000 -136.000 64.000 -88.000 -136.000 64.000 -72.619 -62.000
3 16 64.000 -16.000 -140.000 64.000 -16.000 -70.000 64.000 -56.000 -70.000
3 16 64.000 -56.000 -70.000 64.000 -88.000 -136.000 64.000 -16.000 -140.000
3 16 64.000 -56.000 -70.000 64.000 -56.000 -50.000 64.000 -68.000 -58.000
3 16 64.000 -68.000 -58.000 64.000 -88.000 -136.000 64.000 -56.000 -70.000
3 16 64.000 -68.000 -58.000 64.000 -56.000 -50.000 64.000 -56.000 -30.000
3 16 64.000 -68.000 -58.000 64.000 -56.000 -30.000 64.000 -56.000 -10.000
3 16 64.000 -56.000 -10.000 64.000 -56.000 10.000 64.000 -68.000 58.343
3 16 64.000 -68.000 58.343 64.000 -68.000 -58.000 64.000 -56.000 -10.000
3 16 64.000 -68.000 58.343 64.000 -56.000 10.000 64.000 -56.000 30.000
3 16 64.000 -56.000 30.000 64.000 -16.000 35.742 64.000 -40.000 52.000
3 16 64.000 -40.000 52.000 64.000 -68.000 58.343 64.000 -56.000 30.000
3 16 64.000 -40.000 52.000 64.000 -40.000 76.000 64.000 -50.343 76.000
3 16 64.000 -50.343 76.000 64.000 -68.000 58.343 64.000 -40.000 52.000
3 16 64.000 -56.000 30.000 64.000 -16.000 30.000 64.000 -16.000 35.742
3 16 60.000 -12.000 -70.000 64.000 -16.000 -70.000 64.000 -16.000 -140.000
3 16 64.000 -16.000 -140.000 40.000 8.000 -140.000 60.000 -12.000 -70.000
3 16 40.000 8.000 -42.000 60.000 -12.000 -50.000 60.000 -12.000 -70.000
3 16 60.000 -12.000 -70.000 40.000 8.000 -140.000 40.000 8.000 -42.000
3 16 48.000 0.000 -42.000 60.000 -12.000 -50.000 40.000 8.000 -42.000
3 16 48.000 0.000 -42.000 60.000 -12.000 -30.000 60.000 -12.000 -50.000
3 16 48.000 0.000 -42.000 60.000 -12.000 -10.000 60.000 -12.000 -30.000
3 16 48.000 0.000 30.000 60.000 -12.000 10.000 60.000 -12.000 -10.000
3 16 60.000 -12.000 -10.000 48.000 0.000 -42.000 48.000 0.000 30.000
3 16 48.000 0.000 30.000 56.000 -8.000 30.000 60.000 -12.000 10.000
3 16 60.000 -12.000 10.000 56.000 -8.000 30.000 57.000 -9.000 31.000
3 16 57.000 -9.000 31.000 60.000 -12.000 30.000 60.000 -12.000 10.000
3 16 60.000 -12.000 30.000 57.000 -9.000 31.000 64.000 -16.000 35.742
3 16 64.000 -16.000 35.742 64.000 -16.000 30.000 60.000 -12.000 30.000
3 16 40.000 16.000 -42.000 44.000 16.000 -42.000 44.000 12.000 -42.000
3 16 44.000 12.000 -42.000 40.000 8.000 -42.000 40.000 16.000 -42.000
3 16 44.000 12.000 -42.000 48.000 12.000 -42.000 48.000 0.000 -42.000
3 16 48.000 0.000 -42.000 40.000 8.000 -42.000 44.000 12.000 -42.000
3 16 57.000 -9.000 31.000 56.000 -8.000 30.000 36.000 -8.000 30.000
3 16 57.000 -9.000 31.000 8.000 -40.000 52.000 12.000 -40.000 52.000
3 16 57.000 -9.000 31.000 12.000 -40.000 52.000 28.000 -40.000 52.000
3 16 57.000 -9.000 31.000 28.000 -40.000 52.000 32.000 -40.000 52.000
3 16 57.000 -9.000 31.000 32.000 -40.000 52.000 48.000 -40.000 52.000
3 16 48.000 -40.000 52.000 64.000 -16.000 35.742 57.000 -9.000 31.000
3 16 64.000 -16.000 35.742 48.000 -40.000 52.000 52.000 -40.000 52.000
3 16 64.000 -16.000 35.742 52.000 -40.000 52.000 60.000 -40.000 52.000
3 16 64.000 -16.000 35.742 60.000 -40.000 52.000 64.000 -40.000 52.000
3 16 41.500 -4.000 30.000 36.000 -4.000 30.000 36.000 -8.000 30.000
3 16 36.000 -8.000 30.000 56.000 -8.000 30.000 41.500 -4.000 30.000
3 16 56.000 -8.000 30.000 48.000 0.000 30.000 41.500 -4.000 30.000
3 16 44.000 12.000 30.000 41.500 16.000 30.000 41.500 -4.000 30.000
3 16 41.500 -4.000 30.000 48.000 0.000 30.000 44.000 12.000 30.000
3 16 48.000 0.000 30.000 48.000 12.000 30.000 44.000 12.000 30.000
3 16 44.000 16.000 30.000 41.500 16.000 30.000 44.000 12.000 30.000
3 16 36.000 -8.000 30.000 36.000 -4.000 30.000 36.000 -4.000 29.000
3 16 36.000 -4.000 29.000 36.000 -3.000 28.000 36.000 -4.000 26.000
3 16 36.000 -4.000 26.000 36.000 -8.000 30.000 36.000 -4.000 29.000
3 16 36.000 -3.000 24.000 36.000 -4.000 24.000 36.000 -4.000 26.000
3 16 36.000 -4.000 26.000 36.000 -3.000 28.000 36.000 -3.000 24.000
3 16 40.000 16.000 -140.000 1.000 16.000 -136.000 36.000 16.000 -136.000
3 16 40.000 16.000 -140.000 36.000 16.000 -136.000 36.000 16.000 -101.000
3 16 40.000 16.000 -140.000 36.000 16.000 -101.000 36.000 16.000 -99.000
3 16 40.000 16.000 -140.000 36.000 16.000 -99.000 36.000 16.000 -61.000
3 16 36.000 16.000 -61.000 40.000 16.000 -42.000 40.000 16.000 -140.000
3 16 40.000 16.000 -42.000 36.000 16.000 -61.000 36.000 16.000 -59.000
3 16 40.000 16.000 -42.000 36.000 16.000 -59.000 36.000 16.000 -44.000
3 16 41.000 16.000 -40.000 14.000 16.000 -44.000 1.000 16.000 -44.000
3 16 41.000 16.000 -40.000 16.000 16.000 -44.000 14.000 16.000 -44.000
3 16 41.000 16.000 -40.000 24.000 16.000 -44.000 16.000 16.000 -44.000
3 16 41.000 16.000 -40.000 26.000 16.000 -44.000 24.000 16.000 -44.000
3 16 40.000 16.000 -42.000 36.000 16.000 -44.000 26.000 16.000 -44.000
3 16 26.000 16.000 -44.000 41.000 16.000 -40.000 40.000 16.000 -42.000
3 16 41.000 8.000 -40.000 20.000 0.000 -40.000 24.000 0.000 -40.000
3 16 24.000 0.000 -40.000 24.000 -4.000 -40.000 41.000 -4.000 -40.000
3 16 41.000 -4.000 -40.000 41.000 8.000 -40.000 24.000 0.000 -40.000
3 16 41.000 -4.000 -40.000 24.000 -4.000 -40.000 38.000 -4.000 -36.000
3 16 38.000 -4.000 -36.000 41.000 -4.000 -36.000 41.000 -4.000 -40.000
3 16 38.000 -4.000 20.000 38.000 -4.000 -36.000 24.000 -4.000 -40.000
3 16 24.000 -4.000 -40.000 24.000 -4.000 20.000 38.000 -4.000 20.000
3 16 36.000 -4.000 24.000 24.000 -4.000 20.000 20.000 -4.000 20.000
3 16 36.000 -4.000 24.000 38.000 -4.000 20.000 24.000 -4.000 20.000
3 16 41.000 -4.000 24.000 41.000 -4.000 20.000 38.000 -4.000 20.000
3 16 38.000 -4.000 20.000 36.000 -4.000 24.000 41.000 -4.000 24.000
3 16 44.000 16.000 -42.000 40.000 16.000 -42.000 41.000 16.000 -40.000
3 16 44.000 16.000 -42.000 41.000 16.000 -40.000 41.000 16.000 -36.000
3 16 41.000 16.000 -36.000 41.000 16.000 20.000 44.000 16.000 30.000
3 16 44.000 16.000 30.000 44.000 16.000 -42.000 41.000 16.000 -36.000
3 16 41.000 16.000 20.000 41.000 16.000 28.000 41.500 16.000 30.000
3 16 41.500 16.000 30.000 44.000 16.000 30.000 41.000 16.000 20.000
3 16 41.000 16.000 28.000 41.000 16.000 20.000 41.000 8.000 20.000
3 16 41.000 8.000 20.000 41.000 -4.000 20.000 41.000 -3.000 24.000
3 16 41.000 -3.000 24.000 41.000 16.000 28.000 41.000 8.000 20.000
3 16 41.000 16.000 28.000 41.000 -3.000 24.000 41.000 -3.000 28.000
3 16 41.000 -4.000 20.000 41.000 -4.000 24.000 41.000 -3.000 24.000
3 16 41.500 16.000 30.000 41.000 16.000 28.000 41.000 -3.000 28.000
3 16 41.000 -3.000 28.000 41.500 -4.000 30.000 41.500 16.000 30.000
3 16 41.500 -4.000 30.000 41.000 -3.000 28.000 41.250 -4.000 29.000
3 16 41.250 -4.000 29.000 41.000 -3.000 28.000 36.000 -3.000 28.000
3 16 36.000 -3.000 28.000 36.000 -4.000 29.000 41.250 -4.000 29.000
3 16 36.000 -4.000 30.000 41.500 -4.000 30.000 41.250 -4.000 29.000
3 16 41.250 -4.000 29.000 36.000 -4.000 29.000 36.000 -4.000 30.000
3 16 42.000 8.000 -36.000 41.000 8.000 -36.000 41.000 -4.000 -36.000
3 16 41.000 -4.000 -36.000 42.000 -8.000 -36.000 42.000 8.000 -36.000
3 16 41.000 -4.000 -36.000 38.000 -4.000 -36.000 38.000 -8.000 -36.000
3 16 38.000 -8.000 -36.000 42.000 -8.000 -36.000 41.000 -4.000 -36.000
3 16 38.000 -8.000 20.000 38.000 -4.000 20.000 41.000 -4.000 20.000
3 16 41.000 -4.000 20.000 42.000 -8.000 20.000 38.000 -8.000 20.000
3 16 41.000 -4.000 20.000 41.000 8.000 20.000 42.000 8.000 20.000
3 16 42.000 8.000 20.000 42.000 -8.000 20.000 41.000 -4.000 20.000
3 16 60.000 -56.000 -70.000 64.000 -56.000 -70.000 64.000 -16.000 -70.000
3 16 64.000 -16.000 -70.000 60.000 -12.000 -70.000 60.000 -56.000 -70.000
3 16 64.000 -16.000 -50.000 64.000 -56.000 -50.000 60.000 -56.000 -50.000
3 16 60.000 -56.000 -50.000 60.000 -12.000 -50.000 64.000 -16.000 -50.000
3 16 60.000 -56.000 -30.000 64.000 -56.000 -30.000 64.000 -16.000 -30.000
3 16 64.000 -16.000 -30.000 60.000 -12.000 -30.000 60.000 -56.000 -30.000
3 16 64.000 -16.000 -10.000 64.000 -56.000 -10.000 60.000 -56.000 -10.000
3 16 60.000 -56.000 -10.000 60.000 -12.000 -10.000 64.000 -16.000 -10.000
3 16 60.000 -56.000 10.000 64.000 -56.000 10.000 64.000 -16.000 10.000
3 16 64.000 -16.000 10.000 60.000 -12.000 10.000 60.000 -56.000 10.000
3 16 64.000 -16.000 30.000 64.000 -56.000 30.000 60.000 -56.000 30.000
3 16 60.000 -56.000 30.000 60.000 -12.000 30.000 64.000 -16.000 30.000
3 16 80.000 -96.000 -140.000 80.000 -96.000 -136.000 60.000 -96.000 -136.000
3 16 60.000 -96.000 -136.000 60.000 -96.000 -160.000 80.000 -96.000 -140.000
3 16 60.000 -48.000 80.000 80.000 -48.000 80.000 72.000 -40.000 80.000
3 16 60.000 -88.000 -160.000 65.757 -88.000 -154.243 65.757 -92.000 -154.243
3 16 65.757 -92.000 -154.243 60.000 -96.000 -160.000 60.000 -88.000 -160.000
3 16 65.757 -92.000 -154.243 74.243 -92.000 -145.757 80.000 -96.000 -140.000
3 16 80.000 -96.000 -140.000 60.000 -96.000 -160.000 65.757 -92.000 -154.243
3 16 74.243 -92.000 -145.757 74.243 -88.000 -145.757 80.000 -88.000 -140.000
3 16 80.000 -88.000 -140.000 80.000 -96.000 -140.000 74.243 -92.000 -145.757
3 16 80.000 -96.000 -136.000 80.000 -88.000 -136.000 80.000 -86.460 -114.598
3 16 80.000 -86.460 -114.598 80.000 -81.893 -93.557 80.000 -75.632 -60.000
3 16 80.000 -75.632 -60.000 80.000 -96.000 -136.000 80.000 -86.460 -114.598
3 16 80.000 -75.632 -60.000 80.000 -81.893 -93.557 80.000 -74.370 -73.237
3 16 80.000 -74.370 -73.237 80.000 -72.000 -60.000 80.000 -75.632 -60.000
3 16 80.000 -72.000 -60.000 80.000 -74.370 -73.237 80.000 -64.000 -54.000
3 16 80.000 -64.000 -54.000 80.000 -64.000 56.686 80.000 -72.000 60.000
3 16 80.000 -72.000 60.000 80.000 -72.000 -60.000 80.000 -64.000 -54.000
3 16 80.000 -72.000 60.000 80.000 -64.000 56.686 80.000 -48.000 72.686
3 16 80.000 -48.000 72.686 80.000 -53.000 80.000 80.000 -72.000 60.000
3 16 80.000 -53.000 80.000 80.000 -48.000 72.686 80.000 -48.000 76.000
3 16 80.000 -53.000 80.000 80.000 -48.000 76.000 80.000 -48.000 80.000
3 16 58.343 -88.000 -156.000 62.929 -88.000 -151.414 65.757 -88.000 -154.243
3 16 65.757 -88.000 -154.243 60.000 -88.000 -160.000 58.343 -88.000 -156.000
3 16 80.000 -88.000 -140.000 74.243 -88.000 -145.757 71.414 -88.000 -142.929
3 16 71.414 -88.000 -142.929 74.343 -88.000 -140.000 80.000 -88.000 -140.000
3 16 80.000 -88.000 -140.000 74.343 -88.000 -140.000 76.000 -88.000 -136.000
3 16 76.000 -88.000 -136.000 80.000 -88.000 -136.000 80.000 -88.000 -140.000
3 16 64.000 -88.000 -136.000 76.000 -88.000 -136.000 74.343 -88.000 -140.000
3 16 74.343 -88.000 -140.000 64.000 -88.000 -140.000 64.000 -88.000 -136.000
3 16 64.000 -72.619 -62.000 76.000 -72.619 -62.000 76.000 -80.433 -77.830
3 16 76.000 -80.433 -77.830 64.000 -80.433 -77.830 64.000 -72.619 -62.000
3 16 76.000 -48.000 76.000 76.000 -50.343 76.000 64.000 -50.343 76.000
3 16 64.000 -50.343 76.000 64.000 -40.000 76.000 76.000 -48.000 76.000
3 16 72.000 -40.000 76.000 80.000 -48.000 76.000 76.000 -48.000 76.000
3 16 76.000 -48.000 76.000 64.000 -40.000 76.000 72.000 -40.000 76.000
3 16 64.000 -40.000 52.000 60.000 -40.000 52.000 60.000 -40.000 68.000
3 16 60.000 -40.000 68.000 60.000 -40.000 72.000 64.000 -40.000 76.000
3 16 64.000 -40.000 76.000 64.000 -40.000 52.000 60.000 -40.000 68.000
3 16 64.000 -40.000 76.000 60.000 -40.000 72.000 60.000 -40.000 76.000
3 16 72.000 -40.000 80.000 64.000 -40.000 76.000 60.000 -40.000 76.000
3 16 72.000 -40.000 80.000 72.000 -40.000 76.000 64.000 -40.000 76.000
3 16 74.243 -92.000 -145.757 65.757 -92.000 -154.243 62.929 -92.000 -151.414
3 16 62.929 -92.000 -151.414 71.414 -92.000 -142.929 74.243 -92.000 -145.757
3 16 71.414 -92.000 -142.929 62.929 -92.000 -151.414 64.000 -92.000 -144.000
3 16 64.000 -92.000 -144.000 64.000 -92.000 -140.000 74.343 -92.000 -140.000
3 16 74.343 -92.000 -140.000 71.414 -92.000 -142.929 64.000 -92.000 -144.000
3 16 58.343 -92.000 -156.000 8.000 -92.000 -144.000 12.000 -92.000 -144.000
3 16 58.343 -92.000 -156.000 12.000 -92.000 -144.000 28.000 -92.000 -144.000
3 16 28.000 -92.000 -144.000 62.929 -92.000 -151.414 58.343 -92.000 -156.000
3 16 62.929 -92.000 -151.414 28.000 -92.000 -144.000 32.000 -92.000 -144.000
3 16 62.929 -92.000 -151.414 32.000 -92.000 -144.000 48.000 -92.000 -144.000
3 16 62.929 -92.000 -151.414 48.000 -92.000 -144.000 52.000 -92.000 -144.000
3 16 62.929 -92.000 -151.414 52.000 -92.000 -144.000 64.000 -92.000 -144.000
3 16 8.000 -44.000 54.710 8.000 -44.000 64.000 8.000 -40.000 64.000
3 16 8.000 -40.000 64.000 8.000 -40.000 52.000 8.000 -44.000 54.710
3 16 12.000 -40.000 64.000 12.000 -44.000 64.000 12.000 -44.000 54.710
3 16 12.000 -44.000 54.710 12.000 -40.000 52.000 12.000 -40.000 64.000
3 16 28.000 -44.000 54.710 28.000 -44.000 64.000 28.000 -40.000 64.000
3 16 28.000 -40.000 64.000 28.000 -40.000 52.000 28.000 -44.000 54.710
3 16 32.000 -40.000 64.000 32.000 -44.000 64.000 32.000 -44.000 54.710
3 16 32.000 -44.000 54.710 32.000 -40.000 52.000 32.000 -40.000 64.000
3 16 48.000 -44.000 54.710 48.000 -44.000 64.000 48.000 -40.000 64.000
3 16 48.000 -40.000 64.000 48.000 -40.000 52.000 48.000 -44.000 54.710
3 16 52.000 -40.000 64.000 52.000 -44.000 64.000 52.000 -44.000 54.710
3 16 52.000 -44.000 54.710 52.000 -40.000 52.000 52.000 -40.000 64.000
3 16 60.000 -40.000 52.000 60.000 -44.000 54.710 60.000 -44.000 64.000
3 16 60.000 -44.000 64.000 60.000 -44.000 68.000 60.000 -40.000 68.000
3 16 60.000 -40.000 68.000 60.000 -40.000 52.000 60.000 -44.000 64.000
3 16 60.000 -44.000 76.000 12.000 -44.000 64.000 8.000 -44.000 64.000
3 16 28.000 -44.000 64.000 12.000 -44.000 64.000 60.000 -44.000 76.000
3 16 60.000 -44.000 76.000 56.000 -44.000 72.000 28.000 -44.000 64.000
3 16 56.000 -44.000 72.000 60.000 -44.000 76.000 60.000 -44.000 72.000
3 16 56.000 -44.000 72.000 32.000 -44.000 64.000 28.000 -44.000 64.000
3 16 48.000 -44.000 64.000 32.000 -44.000 64.000 56.000 -44.000 72.000
3 16 56.000 -44.000 72.000 56.000 -44.000 68.000 48.000 -44.000 64.000
3 16 56.000 -44.000 68.000 52.000 -44.000 64.000 48.000 -44.000 64.000
3 16 60.000 -44.000 68.000 60.000 -44.000 64.000 52.000 -44.000 64.000
3 16 52.000 -44.000 64.000 56.000 -44.000 68.000 60.000 -44.000 68.000
3 16 76.000 -92.000 -136.000 76.000 -86.460 -114.598 76.000 -88.000 -136.000
3 16 76.000 -80.433 -77.830 76.000 -81.893 -93.557 76.000 -86.460 -114.598
3 16 76.000 -86.460 -114.598 76.000 -92.000 -136.000 76.000 -80.433 -77.830
3 16 76.000 -80.433 -77.830 76.000 -74.370 -73.237 76.000 -81.893 -93.557
3 16 76.000 -74.370 -73.237 76.000 -80.433 -77.830 76.000 -72.619 -62.000
3 16 76.000 -72.619 -62.000 76.000 -70.000 -62.000 76.000 -74.370 -73.237
3 16 76.000 -64.000 -54.000 76.000 -74.370 -73.237 76.000 -70.000 -62.000
3 16 76.000 -64.000 -54.000 76.000 -70.000 -62.000 76.000 -68.000 -58.000
3 16 76.000 -68.000 -58.000 76.000 -68.000 58.343 76.000 -64.000 56.686
3 16 76.000 -64.000 56.686 76.000 -64.000 -54.000 76.000 -68.000 -58.000
3 16 76.000 -64.000 56.686 76.000 -68.000 58.343 76.000 -50.343 76.000
3 16 76.000 -50.343 76.000 76.000 -48.000 72.686 76.000 -64.000 56.686
3 16 76.000 -48.000 72.686 76.000 -50.343 76.000 76.000 -48.000 76.000
2 24 60.000 -16.000 -136.000 52.000 -8.000 -136.000
2 24 60.000 -16.000 -136.000 60.000 -16.000 -72.000
2 24 60.000 -16.000 -72.000 58.000 -14.000 -72.000
2 24 60.000 -16.000 -72.000 60.000 -58.000 -72.000
2 24 58.000 -58.000 8.000 58.000 -14.000 8.000
2 24 52.000 -8.000 26.000 53.600 -9.600 27.600
2 24 53.600 -9.600 27.600 58.000 -14.000 30.625
2 24 58.000 -14.000 30.625 58.000 -14.000 8.000
2 24 58.000 -16.000 32.000 58.000 -14.000 30.625
2 24 60.000 -16.000 32.000 60.000 -48.000 54.000
2 24 64.000 -88.000 -140.000 64.000 -16.000 -140.000
2 24 64.000 -16.000 -140.000 64.000 -16.000 -70.000
2 24 60.000 -12.000 -70.000 64.000 -16.000 -70.000
2 24 64.000 -16.000 -70.000 64.000 -56.000 -70.000
2 24 40.000 8.000 -140.000 64.000 -16.000 -140.000
2 24 64.000 -16.000 35.742 64.000 -16.000 30.000
2 24 64.000 -16.000 30.000 64.000 -56.000 30.000
2 24 64.000 -16.000 30.000 60.000 -12.000 30.000
2 24 57.000 -9.000 31.000 64.000 -16.000 35.742
2 24 64.000 -16.000 35.742 64.000 -40.000 52.000
2 24 64.000 -40.000 52.000 64.000 -40.000 76.000
2 24 57.000 -9.000 31.000 56.000 -8.000 30.000
2 24 56.000 -8.000 30.000 36.000 -8.000 30.000
2 24 56.000 -8.000 30.000 48.000 0.000 30.000
2 24 36.000 -8.000 30.000 36.000 -4.000 30.000
2 24 40.000 8.000 -42.000 48.000 0.000 -42.000
2 24 41.500 -4.000 30.000 36.000 -4.000 30.000
2 24 44.000 16.000 -42.000 40.000 16.000 -42.000
2 24 36.000 16.000 -59.000 36.000 -4.000 -59.000
2 24 41.000 16.000 20.000 41.000 16.000 28.000
2 24 41.000 16.000 28.000 41.500 16.000 30.000
2 24 41.500 16.000 30.000 44.000 16.000 30.000
2 24 38.000 -4.000 20.000 41.000 -4.000 20.000
2 24 41.000 -4.000 20.000 41.000 -4.000 24.000
2 24 41.000 -4.000 20.000 41.000 8.000 20.000
2 24 41.000 -3.000 28.000 41.000 16.000 28.000
2 24 41.500 16.000 30.000 41.500 -4.000 30.000
2 24 41.250 -4.000 29.000 41.000 -3.000 28.000
2 24 41.250 -4.000 29.000 41.500 -4.000 30.000
2 24 41.250 -4.000 29.000 36.000 -4.000 29.000
2 24 36.000 -4.000 29.000 36.000 -3.000 28.000
2 24 36.000 -4.000 29.000 36.000 -4.000 30.000
2 24 24.000 -4.000 -40.000 41.000 -4.000 -40.000
2 24 38.000 -4.000 -36.000 41.000 -4.000 -36.000
2 24 60.000 -88.000 -160.000 60.000 -96.000 -160.000
2 24 60.000 -96.000 -160.000 80.000 -96.000 -140.000
2 24 60.000 -88.000 -160.000 65.757 -88.000 -154.243
2 24 80.000 -88.000 -140.000 74.243 -88.000 -145.757
2 24 64.000 -88.000 -136.000 64.000 -88.000 -140.000
2 24 65.757 -92.000 -154.243 74.243 -92.000 -145.757
2 24 64.000 -80.433 -77.830 64.000 -72.619 -62.000
2 24 76.000 -80.433 -77.830 76.000 -72.619 -62.000
2 24 64.000 -72.619 -62.000 76.000 -72.619 -62.000
2 24 64.000 -50.343 76.000 64.000 -40.000 76.000
2 24 76.000 -50.343 76.000 76.000 -48.000 76.000
2 24 64.000 -40.000 76.000 72.000 -40.000 76.000
2 24 60.000 -44.000 64.000 60.000 -44.000 68.000
2 24 64.000 -40.000 52.000 60.000 -40.000 52.000
2 24 60.000 -40.000 52.000 60.000 -40.000 68.000
1 16 20.0000 -4.0000 -80.0000 1.0000 0.0000 0.0000 0.0000 -5.0000 0.0000 0.0000 0.0000 1.0000 stud4.dat
1 16 20.0000 -4.0000 -120.0000 1.0000 0.0000 0.0000 0.0000 -5.0000 0.0000 0.0000 0.0000 1.0000 stud4.dat
1 16 59.0000 -36.0000 -60.0000 0.0000 -1.0000 0.0000 0.0000 0.0000 -22.0000 12.0000 0.0000 0.0000 box2-5.dat
1 16 59.0000 -36.0000 -20.0000 0.0000 -1.0000 0.0000 0.0000 0.0000 -22.0000 12.0000 0.0000 0.0000 box2-5.dat
0 BFC INVERTNEXT
1 16 59.0000 -36.0000 -40.0000 0.0000 0.0000 1.0000 0.0000 21.0000 -1.0000 8.0000 0.0000 0.0000 box2-7.dat
0 BFC INVERTNEXT
1 16 59.0000 -36.0000 0.0000 0.0000 0.0000 1.0000 0.0000 21.0000 -1.0000 8.0000 0.0000 0.0000 box2-7.dat
1 16 59.0000 -37.0000 20.0000 1.0000 0.0000 0.0000 0.0000 0.0000 -21.0000 0.0000 12.0000 0.0000 box2-5.dat
1 16 60.0000 56.0000 -136.0000 0.0000 1.0000 0.0000 -152.0000 0.0000 0.0000 0.0000 0.0000 152.0000 1-12chrd.dat
0 BFC INVERTNEXT
1 16 62.0000 -34.0000 -60.0000 0.0000 -2.0000 0.0000 0.0000 0.0000 -22.0000 10.0000 0.0000 0.0000 box2-5.dat
1 16 62.0000 -34.0000 -40.0000 0.0000 0.0000 2.0000 0.0000 20.0000 -2.0000 10.0000 0.0000 0.0000 box2-7.dat
0 BFC INVERTNEXT
1 16 62.0000 -34.0000 -20.0000 0.0000 -2.0000 0.0000 0.0000 0.0000 -22.0000 10.0000 0.0000 0.0000 box2-5.dat
1 16 62.0000 -34.0000 0.0000 0.0000 0.0000 2.0000 0.0000 20.0000 -2.0000 10.0000 0.0000 0.0000 box2-7.dat
0 BFC INVERTNEXT
1 16 62.0000 -34.0000 20.0000 0.0000 -2.0000 0.0000 0.0000 0.0000 -22.0000 10.0000 0.0000 0.0000 box2-5.dat
1 16 40.0000 12.0000 -91.0000 0.0000 -1.0000 0.0000 4.0000 0.0000 0.0000 0.0000 0.0000 49.0000 rect.dat
1 16 48.0000 6.0000 -6.0000 0.0000 -1.0000 0.0000 0.0000 0.0000 -6.0000 -36.0000 0.0000 0.0000 rect3.dat
0 BFC INVERTNEXT
1 16 46.0000 14.0000 -6.0000 0.0000 -2.0000 0.0000 0.0000 0.0000 -2.0000 36.0000 0.0000 0.0000 box2-5.dat
1 16 64.0000 60.0000 -136.0000 0.0000 -1.0000 0.0000 -152.0000 0.0000 0.0000 0.0000 0.0000 152.0000 1-16chrd.dat
1 16 20.0000 -4.0000 -100.0000 1.0000 0.0000 0.0000 0.0000 -5.0000 0.0000 0.0000 0.0000 1.0000 filletr0n.dat
1 16 20.0000 -4.0000 -60.0000 1.0000 0.0000 0.0000 0.0000 -5.0000 0.0000 0.0000 0.0000 1.0000 filletr0n.dat
0 BFC INVERTNEXT
1 16 18.5000 6.0000 -118.5000 0.0000 0.0000 17.5000 10.0000 0.0000 0.0000 0.0000 -17.5000 0.0000 box2-5.dat
1 16 36.0000 6.0000 -80.0000 0.0000 1.0000 0.0000 10.0000 0.0000 0.0000 0.0000 0.0000 19.0000 rect.dat
0 BFC INVERTNEXT
1 16 31.0000 6.0000 -51.5000 0.0000 5.0000 0.0000 10.0000 0.0000 0.0000 0.0000 0.0000 7.5000 box2-7.dat
1 16 20.0000 6.0000 -44.0000 4.0000 0.0000 0.0000 0.0000 0.0000 10.0000 0.0000 1.0000 0.0000 rect2p.dat
1 16 7.5000 6.0000 -44.0000 6.5000 0.0000 0.0000 0.0000 0.0000 10.0000 0.0000 1.0000 0.0000 rect2p.dat
1 16 34.0000 -4.0000 -100.0000 2.0000 0.0000 0.0000 0.0000 20.0000 0.0000 0.0000 0.0000 1.0000 box3u8p.dat
1 16 34.0000 -4.0000 -60.0000 2.0000 0.0000 0.0000 0.0000 20.0000 0.0000 0.0000 0.0000 1.0000 box3u8p.dat
1 16 1.0000 6.0000 -48.7500 0.0000 3.0000 0.0000 0.0000 0.0000 10.0000 -1.0000 0.0000 0.0000 box4-2p.dat
1 16 15.0000 -4.0000 -44.5000 0.0000 0.0000 1.0000 0.0000 20.0000 0.0000 0.5000 0.0000 0.0000 box3u4p.dat
1 16 25.0000 -4.0000 -44.5000 0.0000 0.0000 1.0000 0.0000 20.0000 0.0000 0.5000 0.0000 0.0000 box3u4p.dat
1 16 15.0000 -4.0000 -46.0000 -1.0000 0.0000 1.0000 0.0000 20.0000 0.0000 1.0000 0.0000 1.0000 tri3a4.dat
1 16 25.0000 -4.0000 -46.0000 -1.0000 0.0000 1.0000 0.0000 20.0000 0.0000 1.0000 0.0000 1.0000 tri3a4.dat
1 16 41.0000 12.0000 -8.0000 0.0000 -3.0000 0.0000 0.0000 0.0000 4.0000 28.0000 0.0000 0.0000 box5-2p.dat
0 BFC INVERTNEXT
1 16 41.5000 0.0000 -8.0000 0.0000 0.5000 0.0000 0.0000 0.0000 8.0000 28.0000 0.0000 0.0000 box2-7.dat
1 16 38.0000 -6.0000 -8.0000 0.0000 -1.0000 0.0000 0.0000 0.0000 2.0000 28.0000 0.0000 0.0000 rect3.dat
1 16 41.0000 2.0000 -38.0000 0.0000 1.0000 0.0000 0.0000 0.0000 -6.0000 2.0000 0.0000 0.0000 rect3.dat
1 16 38.5000 -3.5000 26.0000 2.5000 0.0000 0.0000 0.0000 0.0000 0.5000 0.0000 -2.0000 0.0000 box2-5.dat
1 16 22.0000 -2.0000 -10.0000 2.0000 0.0000 0.0000 0.0000 0.0000 2.0000 0.0000 30.0000 0.0000 box3-3.dat
1 16 40.0000 -8.0000 -8.0000 2.0000 0.0000 0.0000 0.0000 1.0000 0.0000 0.0000 0.0000 28.0000 recte4.dat
1 16 80.0000 56.0000 -136.0000 0.0000 -20.0000 0.0000 -152.0000 0.0000 0.0000 0.0000 0.0000 152.0000 1-12cylo.dat
1 16 80.0000 56.0000 -136.0000 0.0000 -1.0000 0.0000 -152.0000 0.0000 0.0000 0.0000 0.0000 152.0000 1-12chrd.dat
1 16 70.0000 -73.8160 -60.0000 10.0000 0.0000 0.0000 0.0000 0.0000 -1.8160 0.0000 -1.0000 0.0000 rect3.dat
1 16 70.0000 -62.5000 10.0000 10.0000 0.0000 0.0000 0.0000 -9.4979 0.0036 0.0000 -9.9977 59.9966 box2-5.dat
1 16 70.0000 -50.5000 80.0000 0.0000 0.0000 10.0000 2.5000 0.0000 0.0000 0.0000 -1.0000 0.0000 rect2p.dat
1 16 80.0000 -92.0000 -138.0000 0.0000 -1.0000 0.0000 -4.0000 0.0000 0.0000 0.0000 0.0000 -2.0000 rect3.dat
1 16 10.0000 -90.0000 -142.0000 2.0000 0.0000 0.0000 0.0000 0.0000 2.0000 0.0000 -2.0000 0.0000 box2-5.dat
0 BFC INVERTNEXT
1 16 20.0000 -90.0000 -144.0000 8.0000 0.0000 0.0000 0.0000 0.0000 -2.0000 0.0000 4.0000 0.0000 box4-7a.dat
1 16 30.0000 -90.0000 -142.0000 2.0000 0.0000 0.0000 0.0000 0.0000 2.0000 0.0000 -2.0000 0.0000 box2-5.dat
0 BFC INVERTNEXT
1 16 40.0000 -90.0000 -144.0000 8.0000 0.0000 0.0000 0.0000 0.0000 -2.0000 0.0000 4.0000 0.0000 box4-7a.dat
1 16 50.0000 -90.0000 -142.0000 2.0000 0.0000 0.0000 0.0000 0.0000 2.0000 0.0000 -2.0000 0.0000 box2-5.dat
0 BFC INVERTNEXT
1 16 58.0000 -90.0000 -142.0000 -6.0000 0.0000 0.0000 0.0000 0.0000 -2.0000 0.0000 2.0000 0.0000 box3-9a.dat
1 16 69.1716 -90.0000 -140.0000 5.1716 0.0000 0.0000 0.0000 0.0000 2.0000 0.0000 1.0000 0.0000 rect2p.dat
1 16 70.0000 -90.0000 -136.0000 6.0000 0.0000 0.0000 0.0000 0.0000 2.0000 0.0000 -1.0000 0.0000 rect.dat
0 BFC INVERTNEXT
1 16 76.0000 60.0000 -136.0000 0.0000 -12.0000 0.0000 -152.0000 0.0000 0.0000 0.0000 0.0000 152.0000 1-16cylo.dat
1 16 76.0000 60.0000 -136.0000 0.0000 -1.0000 0.0000 -152.0000 0.0000 0.0000 0.0000 0.0000 152.0000 1-16chrd.dat
1 16 70.0000 -70.3096 -60.0000 6.0000 0.0000 0.0000 0.0000 -1.0018 1.3103 0.0000 -2.0035 0.0045 box2-7.dat
0 BFC INVERTNEXT
1 16 70.0000 -59.1715 9.0000 6.0000 0.0000 0.0000 0.0000 0.0000 -8.8300 0.0000 58.1700 -8.8300 box2-5.dat
0 BFC INVERTNEXT
1 16 80.0000 91.1042 -136.0000 0.0000 -4.0000 0.0000 -179.1042 0.0000 0.0000 0.0000 0.0000 164.0000 1-12cylo.dat
1 16 78.0000 -64.0000 1.3415 2.0000 0.0000 0.0000 0.0000 -1.0000 0.0000 0.0000 0.0000 -55.3432 rect3.dat
1 16 78.0000 -56.0000 66.3432 2.0000 0.0000 0.0000 0.0000 0.0000 8.0000 0.0000 -1.6600 8.0000 box2-5.dat
1 16 10.0000 -42.0000 58.0000 2.0000 0.0000 0.0000 0.0000 0.0000 2.0000 0.0000 6.0000 0.0000 box2-5.dat
0 BFC INVERTNEXT
1 16 20.0000 -42.0000 58.0000 8.0000 0.0000 0.0000 0.0000 -2.0036 0.0016 0.0000 1.3573 -4.6513 box2-7.dat
1 16 30.0000 -42.0000 58.0000 2.0000 0.0000 0.0000 0.0000 0.0000 2.0000 0.0000 6.0000 0.0000 box2-5.dat
0 BFC INVERTNEXT
1 16 40.0000 -42.0000 58.0000 8.0000 0.0000 0.0000 0.0000 -2.0036 0.0016 0.0000 1.3573 -4.6513 box2-7.dat
1 16 50.0000 -42.0000 58.0000 2.0000 0.0000 0.0000 0.0000 0.0000 2.0000 0.0000 6.0000 0.0000 box2-5.dat
0 BFC INVERTNEXT
1 16 56.0000 -42.0000 58.0000 4.0000 0.0000 0.0000 0.0000 -2.0036 0.0016 0.0000 1.3573 -4.6513 box2-7.dat
1 16 60.0000 -42.0000 70.0000 0.0000 -4.0000 0.0000 0.0000 0.0000 2.0000 2.0000 0.0000 0.0000 box4-2p.dat
1 16 62.0503 -90.0000 -155.1213 0.0000 2.2929 -1.4142 2.0000 0.0000 0.0000 0.0000 2.2929 1.4142 box2-5.dat
1 16 74.2929 -90.0000 -142.8787 0.0000 -1.4645 -1.4142 2.0000 0.0000 0.0000 0.0000 -1.4645 1.4142 box2-5.dat
1 16 76.0000 -44.0000 78.0000 -4.0022 0.0000 0.0000 4.0022 -1.0041 0.0000 0.0000 0.0000 2.0000 rect.dat
1 16 0.0000 -96.0000 -150.0000 0.0000 0.0000 -1.0000 0.0000 1.0000 0.0000 1.0000 0.0000 0.0000 stug-6x1.dat
1 16 -70.0000 -72.0000 0.0000 0.0000 0.0000 -1.0000 0.0000 1.0000 0.0000 1.0000 0.0000 0.0000 stug-1x6.dat
1 16 70.0000 -72.0000 0.0000 0.0000 0.0000 -1.0000 0.0000 1.0000 0.0000 1.0000 0.0000 0.0000 stug-1x6.dat
1 16 0.0000 -48.0000 70.0000 0.0000 0.0000 -1.0000 0.0000 1.0000 0.0000 1.0000 0.0000 0.0000 stug-6x1.dat
1 16 -10.0000 -8.0000 -10.0000 0.0000 0.0000 -1.0000 0.0000 1.0000 0.0000 1.0000 0.0000 0.0000 stug-3x3.dat
1 16 30.0000 -8.0000 -10.0000 0.0000 0.0000 -1.0000 0.0000 1.0000 0.0000 1.0000 0.0000 0.0000 stug-1x3.dat
1 16 0.0000 -8.0000 -80.0000 0.0000 0.0000 -1.0000 0.0000 1.0000 0.0000 1.0000 0.0000 0.0000 stug-4x4.dat
1 16 0.0000 -4.0000 -60.0000 1.0000 0.0000 0.0000 0.0000 -5.0000 0.0000 0.0000 0.0000 1.0000 stud4f4n.dat
1 16 0.0000 -4.0000 -100.0000 1.0000 0.0000 0.0000 0.0000 -5.0000 0.0000 0.0000 0.0000 1.0000 stud4f4n.dat
1 16 0.0000 -4.0000 -100.0000 6.0000 0.0000 0.0000 0.0000 1.0000 0.0000 0.0000 0.0000 6.0000 4-4edge.dat
1 16 0.0000 -4.0000 -60.0000 6.0000 0.0000 0.0000 0.0000 1.0000 0.0000 0.0000 0.0000 6.0000 4-4edge.dat
1 16 0.0000 -56.0000 -136.0000 0.0000 0.0000 60.0000 40.0000 0.0000 0.0000 0.0000 -1.0000 0.0000 rect2p.dat
1 16 0.0000 -48.0000 67.0000 60.0000 0.0000 0.0000 0.0000 1.0000 0.0000 0.0000 0.0000 13.0000 rect.dat
1 16 0.0000 -8.0000 -55.0000 52.0000 0.0000 0.0000 0.0000 1.0000 0.0000 0.0000 0.0000 81.0000 recte4.dat
1 16 0.0000 12.0000 -140.0000 0.0000 0.0000 40.0000 4.0000 0.0000 0.0000 0.0000 1.0000 0.0000 rect1.dat
1 16 64.0000 60.0000 -136.0000 0.0000 -1.0000 0.0000 -152.0000 0.0000 0.0000 0.0000 0.0000 152.0000 1-16chrd.dat
1 16 0.0000 -4.0000 -120.0000 0.0000 0.0000 1.0000 0.0000 -5.0000 0.0000 1.0000 0.0000 0.0000 filletr0n.dat
1 16 0.0000 -4.0000 -80.0000 0.0000 0.0000 1.0000 0.0000 -5.0000 0.0000 1.0000 0.0000 0.0000 filletr0n.dat
1 16 0.0000 -4.0000 -134.0000 0.0000 0.0000 1.0000 0.0000 20.0000 0.0000 2.0000 0.0000 0.0000 box3u8p.dat
1 16 0.0000 -4.0000 -50.8750 0.0000 0.0000 1.0000 0.0000 20.0000 0.0000 -1.1250 0.0000 0.0000 box3u8p.dat
1 16 0.0000 -4.0000 -45.8750 0.0000 0.0000 1.0000 0.0000 20.0000 0.0000 1.8750 0.0000 0.0000 box3u6.dat
0 BFC INVERTNEXT
1 16 0.0000 12.0000 -36.0000 0.0000 0.0000 41.0000 -4.0000 0.0000 0.0000 0.0000 -4.0000 0.0000 box3u7a.dat
0 BFC INVERTNEXT
1 16 0.0000 -2.0000 20.0000 20.0000 0.0000 0.0000 0.0000 0.0000 -2.0000 0.0000 -60.0000 0.0000 box4-7a.dat
1 16 0.0000 -6.0000 27.0000 -36.0000 0.0000 0.0000 0.0000 0.0000 2.0000 0.0000 1.0000 -2.0000 box2-7.dat
1 16 0.0000 -92.0000 -148.0000 60.0000 0.0000 0.0000 0.0000 0.0000 -4.0000 0.0000 -12.0000 0.0000 box2-9p.dat
0 BFC INVERTNEXT
1 16 0.0000 -90.0000 -144.0000 8.0000 0.0000 0.0000 0.0000 0.0000 -2.0000 0.0000 4.0000 0.0000 box4-7a.dat
0 BFC INVERTNEXT
1 16 0.0000 -42.0000 58.0000 8.0000 0.0000 0.0000 0.0000 -2.0036 0.0016 0.0000 1.3573 -4.6513 box2-7.dat
0 BFC INVERTNEXT
1 16 0.0000 -42.0000 72.0000 0.0000 0.0000 -60.0000 2.0000 0.0000 0.0000 0.0000 4.0000 0.0000 box3u4a.dat
1 16 0.0000 -90.0000 -156.0000 -58.3432 0.0000 0.0000 0.0000 0.0000 -2.0000 0.0000 -1.0000 0.0000 rect2p.dat
