0 FILE 20904.dat
0 Minifigure, Headgear Helmet SW Stormtrooper Ep. 7, Plain
0 Name:  20904.dat
0 Author:  
0 BL_Item_No 20904
0 BFC CERTIFY CCW
3 16 3.588 13.468 19.317 0.000 13.536 19.577 3.708 12.698 19.282
3 16 3.588 13.468 19.317 3.708 12.698 19.282 7.204 13.328 18.382
3 16 13.747 21.620 -13.357 13.929 21.950 -13.092 16.193 18.614 -8.535
3 16 7.204 13.328 18.382 7.510 12.488 18.169 12.465 12.941 15.116
3 16 13.745 22.000 -13.449 13.784 22.180 -13.532 13.929 21.950 -13.092
3 16 12.465 12.941 15.116 12.341 12.206 14.931 17.577 13.161 7.662
3 16 18.540 14.168 2.108 17.577 13.161 7.662 18.451 13.182 2.072
3 16 13.520 21.261 -13.616 13.533 21.506 -13.687 13.747 21.620 -13.357
3 16 17.426 16.579 -4.802 18.540 14.168 2.108 17.329 15.806 -5.102
3 16 13.587 21.775 -13.665 13.745 22.000 -13.449 13.747 21.620 -13.357
3 16 16.193 18.614 -8.535 16.018 17.919 -9.063 13.747 21.620 -13.357
3 16 16.018 17.919 -9.063 13.520 21.261 -13.616 13.747 21.620 -13.357
3 16 13.929 21.950 -13.092 13.747 21.620 -13.357 13.745 22.000 -13.449
3 16 13.747 21.620 -13.357 13.533 21.506 -13.687 13.587 21.775 -13.665
3 16 3.569 13.809 19.536 3.595 13.851 19.731 0.000 13.889 19.817
3 16 0.000 12.364 19.805 0.000 12.309 20.004 3.799 12.336 19.466
3 16 13.554 21.879 -13.853 13.626 21.945 -14.056 13.784 22.180 -13.532
3 16 16.469 18.910 -8.471 16.662 18.946 -8.534 17.666 16.894 -4.729
3 16 17.486 15.473 -5.279 17.670 15.417 -5.347 16.127 17.611 -9.306
3 16 7.157 13.661 18.662 7.216 13.691 18.855 3.569 13.809 19.536
3 16 3.799 12.336 19.466 3.841 12.275 19.659 7.723 12.105 18.265
3 16 14.208 22.250 -13.121 14.388 22.267 -13.210 16.469 18.910 -8.471
3 16 12.662 13.237 15.346 12.808 13.245 15.502 7.157 13.661 18.662
3 16 7.723 12.105 18.265 7.822 12.030 18.433 12.429 11.828 14.997
3 16 1.918 23.097 -22.388 0.948 22.940 -22.497 0.000 24.481 -19.465
3 16 18.779 14.501 2.118 18.980 14.531 2.118 17.840 13.463 7.760
3 16 17.510 11.887 7.652 17.682 11.797 7.721 18.624 12.802 2.055
3 16 13.541 20.993 -13.945 13.694 20.920 -14.063 13.528 21.453 -14.097
3 16 18.624 12.802 2.055 18.817 12.727 2.051 17.670 15.417 -5.347
3 16 17.670 15.417 -5.347 17.486 15.473 -5.279 18.624 12.802 2.055
3 16 13.913 22.306 -13.652 13.626 21.945 -14.056 13.774 21.948 -14.196
3 16 13.541 20.993 -13.945 16.127 17.611 -9.306 16.294 17.565 -9.414
3 16 14.208 22.250 -13.121 13.913 22.306 -13.652 14.107 22.372 -13.776
3 16 13.626 21.945 -14.056 13.528 21.453 -14.097 13.618 21.471 -14.222
3 16 0.000 13.536 19.577 3.588 13.468 19.317 3.566 13.661 19.377
3 16 3.748 12.497 19.323 0.000 12.519 19.643 0.000 12.364 19.805
3 16 3.708 12.698 19.282 0.000 12.714 19.579 0.000 12.519 19.643
3 16 13.745 22.000 -13.449 13.587 21.775 -13.665 13.554 21.879 -13.853
3 16 13.475 21.123 -13.774 16.021 17.747 -9.172 16.127 17.611 -9.306
3 16 17.499 16.758 -4.745 16.289 18.783 -8.471 16.469 18.910 -8.471
3 16 17.426 16.579 -4.802 16.193 18.614 -8.535 16.289 18.783 -8.471
3 16 16.021 17.747 -9.172 17.355 15.622 -5.185 17.486 15.473 -5.279
3 16 16.018 17.919 -9.063 17.329 15.806 -5.102 17.355 15.622 -5.185
3 16 3.566 13.661 19.377 7.152 13.522 18.480 7.157 13.661 18.662
3 16 3.588 13.468 19.317 7.204 13.328 18.382 7.152 13.522 18.480
3 16 7.605 12.280 18.164 3.748 12.497 19.323 3.799 12.336 19.466
3 16 7.510 12.488 18.169 3.708 12.698 19.282 3.748 12.497 19.323
3 16 16.289 18.783 -8.471 14.032 22.128 -13.075 14.208 22.250 -13.121
3 16 16.193 18.614 -8.535 13.929 21.950 -13.092 14.032 22.128 -13.075
3 16 7.152 13.522 18.480 12.533 13.122 15.201 12.662 13.237 15.346
3 16 7.204 13.328 18.382 12.465 12.941 15.116 12.533 13.122 15.201
3 16 12.346 12.010 14.922 7.605 12.280 18.164 7.723 12.105 18.265
3 16 12.341 12.206 14.931 7.510 12.488 18.169 7.605 12.280 18.164
3 16 13.520 21.261 -13.616 16.018 17.919 -9.063 16.021 17.747 -9.172
3 16 12.533 13.122 15.201 17.666 13.344 7.694 17.840 13.463 7.760
3 16 12.465 12.941 15.116 17.577 13.161 7.662 17.666 13.344 7.694
3 16 17.398 12.070 7.606 12.346 12.010 14.922 12.429 11.828 14.997
3 16 17.391 12.272 7.601 12.341 12.206 14.931 12.346 12.010 14.922
3 16 17.666 13.344 7.694 18.609 14.361 2.115 18.779 14.501 2.118
3 16 17.577 13.161 7.662 18.540 14.168 2.108 18.609 14.361 2.115
3 16 18.484 12.975 2.063 17.398 12.070 7.606 17.510 11.887 7.652
3 16 18.451 13.182 2.072 17.391 12.272 7.601 17.398 12.070 7.606
3 16 13.476 21.484 -13.886 13.475 21.123 -13.774 13.541 20.993 -13.945
3 16 13.533 21.506 -13.687 13.520 21.261 -13.616 13.475 21.123 -13.774
3 16 18.540 14.168 2.108 17.426 16.579 -4.802 17.499 16.758 -4.745
3 16 17.329 15.806 -5.102 18.451 13.182 2.072 18.484 12.975 2.063
3 16 3.287 24.878 -18.766 5.134 24.126 -20.974 3.628 23.566 -21.688
3 16 5.276 0.926 -17.952 0.000 -1.591 -18.283 0.000 0.756 -18.770
3 16 5.276 0.926 -17.952 5.872 -1.114 -17.358 0.000 -1.591 -18.283
3 16 0.000 4.043 -17.826 2.996 8.731 -18.335 3.869 4.081 -17.139
3 16 0.000 4.043 -17.826 0.000 8.619 -18.896 2.996 8.731 -18.335
3 16 9.316 4.705 -13.373 2.996 8.731 -18.335 7.832 10.598 -14.643
3 16 3.869 4.081 -17.139 2.996 8.731 -18.335 9.316 4.705 -13.373
3 16 14.935 10.455 -6.975 7.832 10.598 -14.643 10.598 12.485 -12.852
3 16 12.476 6.220 -9.534 9.316 4.705 -13.373 7.832 10.598 -14.643
3 16 7.832 10.598 -14.643 14.935 10.455 -6.975 12.476 6.220 -9.534
3 16 5.872 -1.114 -17.358 0.000 -7.237 -15.304 0.000 -1.591 -18.283
3 16 5.872 -1.114 -17.358 6.916 -6.190 -14.224 0.000 -7.237 -15.304
3 16 11.353 0.285 -13.898 6.916 -6.190 -14.224 5.872 -1.114 -17.358
3 16 11.353 0.285 -13.898 12.662 -2.443 -11.336 6.916 -6.190 -14.224
3 16 12.662 -2.443 -11.336 7.392 -9.319 -9.360 6.916 -6.190 -14.224
3 16 12.662 -2.443 -11.336 13.591 -4.956 -7.328 7.392 -9.319 -9.360
3 16 6.916 -6.190 -14.224 0.000 -10.569 -10.092 0.000 -7.237 -15.304
3 16 6.916 -6.190 -14.224 7.392 -9.319 -9.360 0.000 -10.569 -10.092
3 16 9.316 4.705 -13.373 4.644 3.069 -17.921 3.869 4.081 -17.139
3 16 9.316 4.705 -13.373 11.283 3.085 -13.159 4.644 3.069 -17.921
3 16 5.276 0.926 -17.952 11.353 0.285 -13.898 5.872 -1.114 -17.358
3 16 12.476 6.220 -9.534 11.376 4.550 -11.648 9.316 4.705 -13.373
3 16 11.376 4.550 -11.648 13.907 3.328 -8.987 11.283 3.085 -13.159
3 16 3.869 4.081 -17.139 0.000 3.112 -18.759 0.000 4.043 -17.826
3 16 3.869 4.081 -17.139 4.644 3.069 -17.921 0.000 3.112 -18.759
3 16 13.377 1.969 -11.169 12.662 -2.443 -11.336 11.353 0.285 -13.898
3 16 13.377 1.969 -11.169 14.499 0.682 -8.953 12.662 -2.443 -11.336
3 16 0.000 22.880 -22.612 0.000 24.481 -19.465 0.948 22.940 -22.497
3 16 1.699 24.599 -19.283 1.918 23.097 -22.388 0.000 24.481 -19.465
3 16 1.918 23.097 -22.388 3.287 24.878 -18.766 3.628 23.566 -21.688
3 16 7.255 25.064 -19.800 5.134 24.126 -20.974 7.018 26.076 -16.420
3 16 5.134 24.126 -20.974 3.287 24.878 -18.766 7.018 26.076 -16.420
3 16 10.335 26.041 -17.714 9.063 26.078 -13.101 11.837 26.196 -14.541
3 16 10.335 26.041 -17.714 7.018 26.076 -16.420 9.063 26.078 -13.101
3 16 6.754 -11.298 -2.159 6.705 -11.206 3.027 0.000 -12.234 1.012
3 16 13.336 -5.968 5.119 7.477 -10.433 5.460 8.849 -10.318 3.352
3 16 7.675 -10.871 -3.196 14.015 -6.393 -2.062 8.832 -10.603 -1.683
3 16 0.000 -12.047 -3.522 6.754 -11.298 -2.159 0.000 -12.234 1.012
3 16 6.705 -11.206 3.027 7.477 -10.433 5.460 0.000 -11.840 5.281
3 16 12.806 13.991 -11.421 13.694 20.920 -14.063 16.294 17.565 -9.414
3 16 1.699 24.599 -19.283 3.287 24.878 -18.766 1.918 23.097 -22.388
3 16 14.388 22.267 -13.210 13.255 25.078 -13.189 15.688 21.803 -8.694
3 16 0.948 22.940 -22.497 1.918 23.097 -22.388 2.210 19.976 -22.080
3 16 11.547 22.519 -16.607 13.618 21.471 -14.222 13.694 20.920 -14.063
3 16 11.547 22.519 -16.607 13.694 20.920 -14.063 10.127 18.424 -15.801
3 16 10.127 18.424 -15.801 5.978 20.910 -20.449 11.547 22.519 -16.607
3 16 14.388 22.267 -13.210 14.107 22.372 -13.776 13.255 25.078 -13.189
3 16 5.978 20.910 -20.449 3.628 23.566 -21.688 5.134 24.126 -20.974
3 16 5.978 20.910 -20.449 7.255 25.064 -19.800 10.335 26.041 -17.714
3 16 15.757 0.577 -4.848 15.897 2.742 -4.024 15.802 -1.821 -2.605
3 16 16.124 1.900 1.716 15.802 -1.821 -2.605 15.897 2.742 -4.024
3 16 16.124 1.900 1.716 16.294 5.631 -1.596 16.317 5.033 3.488
3 16 0.000 3.112 -18.759 4.644 3.069 -17.921 0.000 0.756 -18.770
3 16 7.255 25.064 -19.800 7.018 26.076 -16.420 10.335 26.041 -17.714
3 16 8.849 -10.318 3.352 14.015 -6.393 -2.062 13.336 -5.968 5.119
3 16 0.000 0.756 -18.770 4.644 3.069 -17.921 5.276 0.926 -17.952
3 16 13.907 3.328 -8.987 13.377 1.969 -11.169 11.283 3.085 -13.159
3 16 4.644 3.069 -17.921 11.425 2.567 -13.451 11.441 1.778 -13.661
3 16 0.000 -12.234 1.012 6.705 -11.206 3.027 0.000 -11.840 5.281
3 16 11.353 0.285 -13.898 5.276 0.926 -17.952 11.441 1.778 -13.661
3 16 11.547 22.519 -16.607 11.974 23.205 -16.499 13.774 21.948 -14.196
3 16 12.806 13.991 -11.421 10.598 12.485 -12.852 6.709 16.036 -17.439
3 16 11.974 23.205 -16.499 11.547 22.519 -16.607 5.978 20.910 -20.449
3 16 0.948 22.940 -22.497 2.210 19.976 -22.080 0.000 22.880 -22.612
3 16 0.000 22.880 -22.612 2.210 19.976 -22.080 0.000 19.883 -22.465
3 16 0.000 14.703 -20.845 2.439 14.709 -20.439 0.000 8.619 -18.896
3 16 0.000 8.619 -18.896 2.439 14.709 -20.439 2.996 8.731 -18.335
3 16 0.000 19.883 -22.465 2.210 19.976 -22.080 0.000 14.703 -20.845
3 16 0.000 14.703 -20.845 2.210 19.976 -22.080 2.439 14.709 -20.439
3 16 2.210 19.976 -22.080 5.978 20.910 -20.449 2.439 14.709 -20.439
3 16 2.439 14.709 -20.439 5.978 20.910 -20.449 6.709 16.036 -17.439
3 16 2.439 14.709 -20.439 6.709 16.036 -17.439 2.996 8.731 -18.335
3 16 2.996 8.731 -18.335 6.709 16.036 -17.439 7.832 10.598 -14.643
3 16 2.210 19.976 -22.080 1.918 23.097 -22.388 5.978 20.910 -20.449
3 16 5.978 20.910 -20.449 1.918 23.097 -22.388 3.628 23.566 -21.688
3 16 11.974 23.205 -16.499 5.978 20.910 -20.449 10.335 26.041 -17.714
3 16 7.255 25.064 -19.800 5.978 20.910 -20.449 5.134 24.126 -20.974
3 16 12.806 13.991 -11.421 16.294 17.565 -9.414 14.935 10.455 -6.975
3 16 14.935 10.455 -6.975 16.294 17.565 -9.414 17.670 15.417 -5.347
3 16 18.817 12.727 2.051 16.765 8.275 -1.453 17.670 15.417 -5.347
3 16 17.670 15.417 -5.347 16.765 8.275 -1.453 14.935 10.455 -6.975
3 16 12.476 6.220 -9.534 14.127 6.565 -7.296 15.897 2.742 -4.024
3 16 15.897 2.742 -4.024 16.294 5.631 -1.596 16.124 1.900 1.716
3 16 10.335 26.041 -17.714 12.030 25.196 -16.268 11.974 23.205 -16.499
3 16 16.662 18.946 -8.534 14.388 22.267 -13.210 15.688 21.803 -8.694
3 16 16.502 8.036 5.188 16.765 8.275 -1.453 18.817 12.727 2.051
3 16 15.673 -1.879 2.461 16.124 1.900 1.716 14.724 1.578 6.600
3 16 15.531 4.508 5.959 15.120 4.243 7.208 14.724 1.578 6.600
3 16 12.845 3.575 10.318 15.120 4.243 7.208 15.787 8.724 8.231
3 16 15.787 8.724 8.231 11.493 6.701 12.648 12.845 3.575 10.318
3 16 9.312 9.841 16.652 11.493 6.701 12.648 12.554 11.739 15.123
3 16 17.682 11.797 7.721 12.554 11.739 15.123 15.787 8.724 8.231
3 16 11.493 6.701 12.648 15.787 8.724 8.231 12.554 11.739 15.123
3 16 18.817 12.727 2.051 17.682 11.797 7.721 16.502 8.036 5.188
3 16 16.502 8.036 5.188 17.682 11.797 7.721 15.787 8.724 8.231
3 16 4.629 8.243 18.094 6.324 2.361 16.117 9.312 9.841 16.652
3 16 9.312 9.841 16.652 6.324 2.361 16.117 11.493 6.701 12.648
3 16 0.000 0.656 17.487 6.324 2.361 16.117 0.000 7.721 18.597
3 16 0.000 7.721 18.597 6.324 2.361 16.117 4.629 8.243 18.094
3 16 4.629 8.243 18.094 3.841 12.275 19.659 0.000 7.721 18.597
3 16 0.000 7.721 18.597 3.841 12.275 19.659 0.000 12.309 20.004
3 16 9.312 9.841 16.652 7.822 12.030 18.433 4.629 8.243 18.094
3 16 4.629 8.243 18.094 7.822 12.030 18.433 3.841 12.275 19.659
3 16 6.324 2.361 16.117 0.000 0.656 17.487 6.407 -3.579 14.600
3 16 6.407 -3.579 14.600 0.000 0.656 17.487 0.000 -5.297 15.374
3 16 11.493 6.701 12.648 6.324 2.361 16.117 10.139 -0.640 12.924
3 16 0.000 -9.541 11.271 6.872 -7.884 10.948 0.000 -5.297 15.374
3 16 0.000 -5.297 15.374 6.872 -7.884 10.948 6.407 -3.579 14.600
3 16 6.872 -7.884 10.948 0.000 -9.541 11.271 7.477 -10.433 5.460
3 16 7.477 -10.433 5.460 0.000 -9.541 11.271 0.000 -11.840 5.281
3 16 6.872 -7.884 10.948 12.029 -3.738 9.678 6.407 -3.579 14.600
3 16 6.407 -3.579 14.600 12.029 -3.738 9.678 10.139 -0.640 12.924
3 16 12.029 -3.738 9.678 6.872 -7.884 10.948 13.336 -5.968 5.119
3 16 13.336 -5.968 5.119 6.872 -7.884 10.948 7.477 -10.433 5.460
3 16 12.554 11.739 15.123 7.822 12.030 18.433 9.312 9.841 16.652
3 16 14.015 -6.393 -2.062 7.675 -10.871 -3.196 13.591 -4.956 -7.328
3 16 13.591 -4.956 -7.328 7.675 -10.871 -3.196 7.392 -9.319 -9.360
3 16 0.000 -10.569 -10.092 7.392 -9.319 -9.360 0.000 -12.047 -3.522
3 16 7.477 -10.433 5.460 6.705 -11.206 3.027 8.849 -10.318 3.352
3 16 17.861 16.933 -4.760 16.662 18.946 -8.534 17.574 18.731 -3.851
3 16 17.574 18.731 -3.851 16.662 18.946 -8.534 15.688 21.803 -8.694
3 16 18.980 14.531 2.118 17.861 16.933 -4.760 18.712 16.874 2.288
3 16 18.712 16.874 2.288 17.861 16.933 -4.760 17.574 18.731 -3.851
3 16 0.000 15.821 19.800 0.000 13.937 20.018 3.289 15.826 19.563
3 16 3.289 15.826 19.563 0.000 13.937 20.018 3.595 13.851 19.731
3 16 7.216 13.691 18.855 7.369 15.862 18.628 3.595 13.851 19.731
3 16 3.595 13.851 19.731 7.369 15.862 18.628 3.289 15.826 19.563
3 16 12.808 13.245 15.502 18.034 13.473 7.836 13.023 15.601 15.409
3 16 13.023 15.601 15.409 18.034 13.473 7.836 17.912 16.170 8.028
3 16 7.216 13.691 18.855 12.808 13.245 15.502 7.369 15.862 18.628
3 16 7.369 15.862 18.628 12.808 13.245 15.502 13.023 15.601 15.409
3 16 18.034 13.473 7.836 18.980 14.531 2.118 17.912 16.170 8.028
3 16 17.912 16.170 8.028 18.980 14.531 2.118 18.712 16.874 2.288
3 16 13.255 25.078 -13.189 12.047 25.621 -11.640 15.688 21.803 -8.694
3 16 15.688 21.803 -8.694 12.047 25.621 -11.640 14.198 22.907 -7.364
3 16 18.712 16.874 2.288 16.283 19.522 2.514 17.912 16.170 8.028
3 16 17.912 16.170 8.028 16.283 19.522 2.514 15.080 18.980 7.817
3 16 18.712 16.874 2.288 17.574 18.731 -3.851 16.283 19.522 2.514
3 16 16.283 19.522 2.514 17.574 18.731 -3.851 15.999 20.531 -2.987
3 16 17.574 18.731 -3.851 15.688 21.803 -8.694 15.999 20.531 -2.987
3 16 15.999 20.531 -2.987 15.688 21.803 -8.694 14.198 22.907 -7.364
3 16 2.735 18.326 18.147 3.289 15.826 19.563 6.718 18.399 17.134
3 16 6.718 18.399 17.134 3.289 15.826 19.563 7.369 15.862 18.628
3 16 6.718 18.399 17.134 7.369 15.862 18.628 11.704 18.504 13.949
3 16 11.704 18.504 13.949 7.369 15.862 18.628 13.023 15.601 15.409
3 16 17.912 16.170 8.028 15.080 18.980 7.817 13.023 15.601 15.409
3 16 13.023 15.601 15.409 15.080 18.980 7.817 11.704 18.504 13.949
3 16 15.886 -3.644 -1.732 15.183 -4.147 -2.118 16.194 -2.561 -1.953
3 16 16.194 -2.561 -1.953 15.183 -4.147 -2.118 15.802 -1.821 -2.605
3 16 15.125 -4.068 2.038 15.183 -4.147 -2.118 15.685 -3.597 1.529
3 16 15.685 -3.597 1.529 15.183 -4.147 -2.118 15.886 -3.644 -1.732
3 16 15.673 -1.879 2.461 15.970 -2.564 1.694 15.802 -1.821 -2.605
3 16 15.802 -1.821 -2.605 15.970 -2.564 1.694 16.194 -2.561 -1.953
3 16 8.832 -10.603 -1.683 8.849 -10.318 3.352 8.414 -11.293 -1.120
3 16 8.414 -11.293 -1.120 8.849 -10.318 3.352 8.428 -10.942 2.953
3 16 8.849 -10.318 3.352 6.705 -11.206 3.027 8.428 -10.942 2.953
3 16 8.428 -10.942 2.953 6.705 -11.206 3.027 7.490 -11.357 2.690
3 16 7.490 -11.357 2.690 6.705 -11.206 3.027 7.325 -11.667 -1.390
3 16 7.325 -11.667 -1.390 6.705 -11.206 3.027 6.754 -11.298 -2.159
3 16 6.754 -11.298 -2.159 8.832 -10.603 -1.683 7.325 -11.667 -1.390
3 16 7.325 -11.667 -1.390 8.832 -10.603 -1.683 8.414 -11.293 -1.120
3 16 7.325 -11.667 -1.390 8.414 -11.293 -1.120 7.490 -11.357 2.690
3 16 7.490 -11.357 2.690 8.414 -11.293 -1.120 8.428 -10.942 2.953
3 16 7.675 -10.871 -3.196 8.832 -10.603 -1.683 6.754 -11.298 -2.159
3 16 14.724 1.578 6.600 13.941 -2.678 5.765 15.673 -1.879 2.461
3 16 13.336 -5.968 5.119 13.941 -2.678 5.765 12.029 -3.738 9.678
3 16 15.183 -4.147 -2.118 14.015 -6.393 -2.062 13.591 -4.956 -7.328
3 16 16.124 1.900 1.716 15.673 -1.879 2.461 15.802 -1.821 -2.605
3 16 13.591 -4.956 -7.328 15.757 0.577 -4.848 15.802 -1.821 -2.605
3 16 13.591 -4.956 -7.328 15.802 -1.821 -2.605 15.183 -4.147 -2.118
3 16 15.125 -4.068 2.038 15.673 -1.879 2.461 13.336 -5.968 5.119
3 16 15.183 -4.147 -2.118 15.125 -4.068 2.038 14.015 -6.393 -2.062
3 16 14.015 -6.393 -2.062 15.125 -4.068 2.038 13.336 -5.968 5.119
3 16 14.724 1.578 6.600 12.845 3.575 10.318 12.029 -3.738 9.678
3 16 14.499 0.682 -8.953 15.897 2.742 -4.024 15.757 0.577 -4.848
3 16 14.499 0.682 -8.953 15.757 0.577 -4.848 12.662 -2.443 -11.336
3 16 12.662 -2.443 -11.336 15.757 0.577 -4.848 13.591 -4.956 -7.328
3 16 12.476 6.220 -9.534 15.897 2.742 -4.024 13.907 3.328 -8.987
3 16 15.120 4.243 7.208 12.845 3.575 10.318 14.724 1.578 6.600
3 16 15.531 4.508 5.959 16.317 5.033 3.488 16.502 8.036 5.188
3 16 9.063 26.078 -13.101 12.047 25.621 -11.640 11.837 26.196 -14.541
3 16 11.837 26.196 -14.541 12.047 25.621 -11.640 13.255 25.078 -13.189
3 16 14.198 22.907 -7.364 11.782 22.847 -7.320 15.999 20.531 -2.987
3 16 15.999 20.531 -2.987 11.782 22.847 -7.320 13.404 19.984 -0.795
3 16 16.283 19.522 2.514 15.999 20.531 -2.987 13.404 19.984 -0.795
3 16 16.283 19.522 2.514 13.404 19.984 -0.795 12.916 19.002 3.531
3 16 16.283 19.522 2.514 12.916 19.002 3.531 15.080 18.980 7.817
3 16 15.080 18.980 7.817 12.916 19.002 3.531 11.687 18.661 6.612
3 16 11.704 18.504 13.949 15.080 18.980 7.817 9.006 18.553 10.101
3 16 9.006 18.553 10.101 15.080 18.980 7.817 11.687 18.661 6.612
3 16 11.704 18.504 13.949 9.006 18.553 10.101 6.718 18.399 17.134
3 16 6.718 18.399 17.134 9.006 18.553 10.101 4.076 18.529 12.835
3 16 2.735 18.326 18.147 6.718 18.399 17.134 4.076 18.529 12.835
3 16 0.000 18.352 18.300 2.735 18.326 18.147 0.000 18.387 13.388
3 16 0.000 18.387 13.388 2.735 18.326 18.147 4.076 18.529 12.835
3 16 14.198 22.907 -7.364 12.047 25.621 -11.640 11.782 22.847 -7.320
3 16 11.782 22.847 -7.320 12.047 25.621 -11.640 9.063 26.078 -13.101
3 16 12.029 -3.738 9.678 12.845 3.575 10.318 10.139 -0.640 12.924
3 16 10.139 -0.640 12.924 6.324 2.361 16.117 6.407 -3.579 14.600
3 16 11.493 6.701 12.648 10.139 -0.640 12.924 12.845 3.575 10.318
3 16 8.832 -10.603 -1.683 14.015 -6.393 -2.062 8.849 -10.318 3.352
3 16 11.425 2.567 -13.451 4.644 3.069 -17.921 11.283 3.085 -13.159
3 16 5.276 0.926 -17.952 4.644 3.069 -17.921 11.441 1.778 -13.661
3 16 11.441 1.778 -13.661 13.377 1.969 -11.169 11.353 0.285 -13.898
3 16 11.425 2.567 -13.451 11.283 3.085 -13.159 13.377 1.969 -11.169
3 16 11.425 2.567 -13.451 13.377 1.969 -11.169 11.441 1.778 -13.661
3 16 0.000 13.536 19.577 0.000 12.714 19.579 3.708 12.698 19.282
3 16 3.708 12.698 19.282 7.510 12.488 18.169 7.204 13.328 18.382
3 16 7.510 12.488 18.169 12.341 12.206 14.931 12.465 12.941 15.116
3 16 13.784 22.180 -13.532 14.032 22.128 -13.075 13.929 21.950 -13.092
3 16 12.341 12.206 14.931 17.391 12.272 7.601 17.577 13.161 7.662
3 16 17.577 13.161 7.662 17.391 12.272 7.601 18.451 13.182 2.072
3 16 18.540 14.168 2.108 18.451 13.182 2.072 17.329 15.806 -5.102
3 16 3.595 13.851 19.731 0.000 13.937 20.018 0.000 13.889 19.817
3 16 0.000 12.309 20.004 3.841 12.275 19.659 3.799 12.336 19.466
3 16 13.626 21.945 -14.056 13.913 22.306 -13.652 13.784 22.180 -13.532
3 16 16.662 18.946 -8.534 17.861 16.933 -4.760 17.666 16.894 -4.729
3 16 17.670 15.417 -5.347 16.294 17.565 -9.414 16.127 17.611 -9.306
3 16 7.216 13.691 18.855 3.595 13.851 19.731 3.569 13.809 19.536
3 16 3.841 12.275 19.659 7.822 12.030 18.433 7.723 12.105 18.265
3 16 14.388 22.267 -13.210 16.662 18.946 -8.534 16.469 18.910 -8.471
3 16 12.808 13.245 15.502 7.216 13.691 18.855 7.157 13.661 18.662
3 16 7.822 12.030 18.433 12.554 11.739 15.123 12.429 11.828 14.997
3 16 18.980 14.531 2.118 18.034 13.473 7.836 17.840 13.463 7.760
3 16 17.682 11.797 7.721 18.817 12.727 2.051 18.624 12.802 2.055
3 16 13.694 20.920 -14.063 13.618 21.471 -14.222 13.528 21.453 -14.097
3 16 13.913 22.306 -13.652 13.774 21.948 -14.196 14.107 22.372 -13.776
3 16 13.541 20.993 -13.945 16.294 17.565 -9.414 13.694 20.920 -14.063
3 16 14.208 22.250 -13.121 14.107 22.372 -13.776 14.388 22.267 -13.210
3 16 13.626 21.945 -14.056 13.618 21.471 -14.222 13.774 21.948 -14.196
3 16 0.000 13.536 19.577 3.566 13.661 19.377 0.000 13.735 19.648
3 16 3.748 12.497 19.323 0.000 12.364 19.805 3.799 12.336 19.466
3 16 3.708 12.698 19.282 0.000 12.519 19.643 3.748 12.497 19.323
3 16 13.745 22.000 -13.449 13.554 21.879 -13.853 13.784 22.180 -13.532
3 16 13.475 21.123 -13.774 16.127 17.611 -9.306 13.541 20.993 -13.945
3 16 17.499 16.758 -4.745 16.469 18.910 -8.471 17.666 16.894 -4.729
3 16 17.426 16.579 -4.802 16.289 18.783 -8.471 17.499 16.758 -4.745
3 16 16.021 17.747 -9.172 17.486 15.473 -5.279 16.127 17.611 -9.306
3 16 16.018 17.919 -9.063 17.355 15.622 -5.185 16.021 17.747 -9.172
3 16 3.566 13.661 19.377 7.157 13.661 18.662 3.569 13.809 19.536
3 16 3.588 13.468 19.317 7.152 13.522 18.480 3.566 13.661 19.377
3 16 7.605 12.280 18.164 3.799 12.336 19.466 7.723 12.105 18.265
3 16 7.510 12.488 18.169 3.748 12.497 19.323 7.605 12.280 18.164
3 16 16.289 18.783 -8.471 14.208 22.250 -13.121 16.469 18.910 -8.471
3 16 16.193 18.614 -8.535 14.032 22.128 -13.075 16.289 18.783 -8.471
3 16 7.152 13.522 18.480 12.662 13.237 15.346 7.157 13.661 18.662
3 16 7.204 13.328 18.382 12.533 13.122 15.201 7.152 13.522 18.480
3 16 12.346 12.010 14.922 7.723 12.105 18.265 12.429 11.828 14.997
3 16 12.341 12.206 14.931 7.605 12.280 18.164 12.346 12.010 14.922
3 16 13.520 21.261 -13.616 16.021 17.747 -9.172 13.475 21.123 -13.774
3 16 12.533 13.122 15.201 17.840 13.463 7.760 12.662 13.237 15.346
3 16 12.465 12.941 15.116 17.666 13.344 7.694 12.533 13.122 15.201
3 16 17.398 12.070 7.606 12.429 11.828 14.997 17.510 11.887 7.652
3 16 17.391 12.272 7.601 12.346 12.010 14.922 17.398 12.070 7.606
3 16 17.666 13.344 7.694 18.779 14.501 2.118 17.840 13.463 7.760
3 16 17.577 13.161 7.662 18.609 14.361 2.115 17.666 13.344 7.694
3 16 18.484 12.975 2.063 17.510 11.887 7.652 18.624 12.802 2.055
3 16 18.451 13.182 2.072 17.398 12.070 7.606 18.484 12.975 2.063
3 16 13.476 21.484 -13.886 13.541 20.993 -13.945 13.528 21.453 -14.097
3 16 13.533 21.506 -13.687 13.475 21.123 -13.774 13.476 21.484 -13.886
3 16 18.540 14.168 2.108 17.499 16.758 -4.745 18.609 14.361 2.115
3 16 17.329 15.806 -5.102 18.484 12.975 2.063 17.355 15.622 -5.185
3 16 14.107 22.372 -13.776 13.774 21.948 -14.196 11.974 23.205 -16.499
3 16 14.107 22.372 -13.776 11.974 23.205 -16.499 12.808 24.725 -15.221
3 16 12.030 25.196 -16.268 10.335 26.041 -17.714 11.837 26.196 -14.541
3 16 12.808 24.725 -15.221 13.255 25.078 -13.189 14.107 22.372 -13.776
3 16 11.974 23.205 -16.499 12.030 25.196 -16.268 12.808 24.725 -15.221
3 16 13.774 21.948 -14.196 13.618 21.471 -14.222 11.547 22.519 -16.607
3 16 11.283 3.085 -13.159 9.316 4.705 -13.373 11.376 4.550 -11.648
3 16 12.476 6.220 -9.534 13.907 3.328 -8.987 11.376 4.550 -11.648
3 16 15.897 2.742 -4.024 15.023 6.983 -5.787 16.294 5.631 -1.596
3 16 14.935 10.455 -6.975 16.765 8.275 -1.453 16.294 5.631 -1.596
3 16 14.127 6.565 -7.296 12.476 6.220 -9.534 14.935 10.455 -6.975
3 16 14.935 10.455 -6.975 15.023 6.983 -5.787 14.127 6.565 -7.296
3 16 14.935 10.455 -6.975 16.294 5.631 -1.596 15.023 6.983 -5.787
3 16 15.897 2.742 -4.024 14.127 6.565 -7.296 15.023 6.983 -5.787
3 16 16.765 8.275 -1.453 16.502 8.036 5.188 16.317 5.033 3.488
3 16 16.294 5.631 -1.596 16.765 8.275 -1.453 16.317 5.033 3.488
3 16 16.193 18.614 -8.535 17.426 16.579 -4.802 17.329 15.806 -5.102
3 16 17.329 15.806 -5.102 16.018 17.919 -9.063 16.193 18.614 -8.535
3 16 13.626 21.945 -14.056 13.554 21.879 -13.853 13.476 21.484 -13.886
3 16 13.476 21.484 -13.886 13.528 21.453 -14.097 13.626 21.945 -14.056
3 16 13.554 21.879 -13.853 13.587 21.775 -13.665 13.533 21.506 -13.687
3 16 13.533 21.506 -13.687 13.476 21.484 -13.886 13.554 21.879 -13.853
3 16 12.808 13.245 15.502 12.662 13.237 15.346 17.840 13.463 7.760
3 16 17.840 13.463 7.760 18.034 13.473 7.836 12.808 13.245 15.502
3 16 12.429 11.828 14.997 12.554 11.739 15.123 17.682 11.797 7.721
3 16 17.682 11.797 7.721 17.510 11.887 7.652 12.429 11.828 14.997
3 16 18.980 14.531 2.118 18.779 14.501 2.118 17.666 16.894 -4.729
3 16 17.666 16.894 -4.729 17.861 16.933 -4.760 18.980 14.531 2.118
3 16 0.000 13.889 19.817 0.000 13.735 19.648 3.566 13.661 19.377
3 16 3.566 13.661 19.377 3.569 13.809 19.536 0.000 13.889 19.817
3 16 18.779 14.501 2.118 18.609 14.361 2.115 17.499 16.758 -4.745
3 16 17.499 16.758 -4.745 17.666 16.894 -4.729 18.779 14.501 2.118
3 16 13.694 20.920 -14.063 12.806 13.991 -11.421 10.127 18.424 -15.801
3 16 5.978 20.910 -20.449 10.127 18.424 -15.801 12.806 13.991 -11.421
3 16 12.806 13.991 -11.421 6.709 16.036 -17.439 5.978 20.910 -20.449
3 16 15.125 -4.068 2.038 15.685 -3.597 1.529 15.970 -2.564 1.694
3 16 15.970 -2.564 1.694 15.673 -1.879 2.461 15.125 -4.068 2.038
3 16 12.030 25.196 -16.268 11.837 26.196 -14.541 13.255 25.078 -13.189
3 16 13.255 25.078 -13.189 12.808 24.725 -15.221 12.030 25.196 -16.268
3 16 3.289 15.826 19.563 2.735 18.326 18.147 0.000 18.352 18.300
3 16 0.000 18.352 18.300 0.000 15.821 19.800 3.289 15.826 19.563
3 16 15.685 -3.597 1.529 15.886 -3.644 -1.732 16.194 -2.561 -1.953
3 16 16.194 -2.561 -1.953 15.970 -2.564 1.694 15.685 -3.597 1.529
3 16 13.377 1.969 -11.169 13.907 3.328 -8.987 15.897 2.742 -4.024
3 16 15.897 2.742 -4.024 14.499 0.682 -8.953 13.377 1.969 -11.169
3 16 7.392 -9.319 -9.360 7.675 -10.871 -3.196 6.754 -11.298 -2.159
3 16 6.754 -11.298 -2.159 0.000 -12.047 -3.522 7.392 -9.319 -9.360
3 16 13.784 22.180 -13.532 13.913 22.306 -13.652 14.208 22.250 -13.121
3 16 14.208 22.250 -13.121 14.032 22.128 -13.075 13.784 22.180 -13.532
3 16 17.486 15.473 -5.279 17.355 15.622 -5.185 18.484 12.975 2.063
3 16 18.484 12.975 2.063 18.624 12.802 2.055 17.486 15.473 -5.279
3 16 16.124 1.900 1.716 16.317 5.033 3.488 15.531 4.508 5.959
3 16 15.531 4.508 5.959 14.724 1.578 6.600 16.124 1.900 1.716
3 16 15.531 4.508 5.959 16.502 8.036 5.188 15.787 8.724 8.231
3 16 15.787 8.724 8.231 15.120 4.243 7.208 15.531 4.508 5.959
3 16 15.673 -1.879 2.461 13.941 -2.678 5.765 13.336 -5.968 5.119
3 16 12.029 -3.738 9.678 13.941 -2.678 5.765 14.724 1.578 6.600
3 16 14.935 10.455 -6.975 10.598 12.485 -12.852 12.806 13.991 -11.421
3 16 6.709 16.036 -17.439 10.598 12.485 -12.852 7.832 10.598 -14.643
2 24 1.918 23.097 -22.388 0.948 22.940 -22.497
2 24 11.782 22.847 -7.320 9.063 26.078 -13.101
2 24 9.063 26.078 -13.101 7.018 26.076 -16.420
2 24 3.287 24.878 -18.766 1.699 24.599 -19.283
2 24 5.134 24.126 -20.974 3.628 23.566 -21.688
2 24 0.000 18.387 13.388 4.076 18.529 12.835
2 24 0.948 22.940 -22.497 0.000 22.880 -22.612
2 24 0.000 24.481 -19.465 1.699 24.599 -19.283
2 24 3.628 23.566 -21.688 1.918 23.097 -22.388
2 24 7.255 25.064 -19.800 5.134 24.126 -20.974
2 24 3.287 24.878 -18.766 7.018 26.076 -16.420
2 24 13.694 20.920 -14.063 16.294 17.565 -9.414
2 24 13.618 21.471 -14.222 13.694 20.920 -14.063
2 24 14.388 22.267 -13.210 14.107 22.372 -13.776
2 24 7.255 25.064 -19.800 10.335 26.041 -17.714
2 24 16.294 17.565 -9.414 17.670 15.417 -5.347
2 24 17.670 15.417 -5.347 18.817 12.727 2.051
2 24 16.662 18.946 -8.534 14.388 22.267 -13.210
2 24 17.682 11.797 7.721 12.554 11.739 15.123
2 24 18.817 12.727 2.051 17.682 11.797 7.721
2 24 3.841 12.275 19.659 0.000 12.309 20.004
2 24 7.822 12.030 18.433 3.841 12.275 19.659
2 24 12.554 11.739 15.123 7.822 12.030 18.433
2 24 17.861 16.933 -4.760 16.662 18.946 -8.534
2 24 18.980 14.531 2.118 17.861 16.933 -4.760
2 24 0.000 13.937 20.018 3.595 13.851 19.731
2 24 3.595 13.851 19.731 7.216 13.691 18.855
2 24 12.808 13.245 15.502 18.034 13.473 7.836
2 24 7.216 13.691 18.855 12.808 13.245 15.502
2 24 18.034 13.473 7.836 18.980 14.531 2.118
2 24 15.802 -1.821 -2.605 16.194 -2.561 -1.953
2 24 8.849 -10.318 3.352 8.428 -10.942 2.953
2 24 6.754 -11.298 -2.159 7.325 -11.667 -1.390
2 24 13.774 21.948 -14.196 14.107 22.372 -13.776
2 24 13.618 21.471 -14.222 13.774 21.948 -14.196
2 24 6.754 -11.298 -2.159 6.705 -11.206 3.027
2 24 6.705 -11.206 3.027 8.849 -10.318 3.352
2 24 6.705 -11.206 3.027 7.490 -11.357 2.690
2 24 8.428 -10.942 2.953 7.490 -11.357 2.690
2 24 8.428 -10.942 2.953 8.414 -11.293 -1.120
2 24 8.414 -11.293 -1.120 7.325 -11.667 -1.390
2 24 7.325 -11.667 -1.390 7.490 -11.357 2.690
2 24 6.754 -11.298 -2.159 8.832 -10.603 -1.683
2 24 8.849 -10.318 3.352 8.832 -10.603 -1.683
2 24 8.414 -11.293 -1.120 8.832 -10.603 -1.683
2 24 15.685 -3.597 1.529 15.886 -3.644 -1.732
2 24 15.886 -3.644 -1.732 16.194 -2.561 -1.953
2 24 16.194 -2.561 -1.953 15.970 -2.564 1.694
2 24 15.970 -2.564 1.694 15.685 -3.597 1.529
2 24 15.970 -2.564 1.694 15.673 -1.879 2.461
2 24 15.673 -1.879 2.461 15.802 -1.821 -2.605
2 24 15.802 -1.821 -2.605 15.183 -4.147 -2.118
2 24 15.886 -3.644 -1.732 15.183 -4.147 -2.118
2 24 15.183 -4.147 -2.118 15.125 -4.068 2.038
2 24 15.125 -4.068 2.038 15.685 -3.597 1.529
2 24 15.125 -4.068 2.038 15.673 -1.879 2.461
2 24 0.000 3.112 -18.759 4.644 3.069 -17.921
2 24 10.335 26.041 -17.714 11.837 26.196 -14.541
2 24 4.076 18.529 12.835 9.006 18.553 10.101
2 24 11.782 22.847 -7.320 13.404 19.984 -0.795
2 24 13.404 19.984 -0.795 12.916 19.002 3.531
2 24 12.916 19.002 3.531 11.687 18.661 6.612
2 24 11.687 18.661 6.612 9.006 18.553 10.101
2 24 4.644 3.069 -17.921 11.425 2.567 -13.451
2 24 11.425 2.567 -13.451 13.377 1.969 -11.169
3 16 -3.708 12.698 19.282 0.000 13.536 19.577 -3.588 13.468 19.317
3 16 -7.204 13.328 18.382 -3.708 12.698 19.282 -3.588 13.468 19.317
3 16 -16.193 18.614 -8.535 -13.929 21.950 -13.092 -13.747 21.620 -13.357
3 16 -12.465 12.941 15.116 -7.510 12.488 18.169 -7.204 13.328 18.382
3 16 -13.929 21.950 -13.092 -13.784 22.180 -13.532 -13.745 22.000 -13.449
3 16 -17.577 13.161 7.662 -12.341 12.206 14.931 -12.465 12.941 15.116
3 16 -18.451 13.182 2.072 -17.577 13.161 7.662 -18.540 14.168 2.108
3 16 -13.747 21.620 -13.357 -13.533 21.506 -13.687 -13.520 21.261 -13.616
3 16 -17.329 15.806 -5.102 -18.540 14.168 2.108 -17.426 16.579 -4.802
3 16 -13.747 21.620 -13.357 -13.745 22.000 -13.449 -13.587 21.775 -13.665
3 16 -13.747 21.620 -13.357 -16.018 17.919 -9.063 -16.193 18.614 -8.535
3 16 -13.747 21.620 -13.357 -13.520 21.261 -13.616 -16.018 17.919 -9.063
3 16 -13.745 22.000 -13.449 -13.747 21.620 -13.357 -13.929 21.950 -13.092
3 16 -13.587 21.775 -13.665 -13.533 21.506 -13.687 -13.747 21.620 -13.357
3 16 0.000 13.889 19.817 -3.595 13.851 19.731 -3.569 13.809 19.536
3 16 -3.799 12.336 19.466 0.000 12.309 20.004 0.000 12.364 19.805
3 16 -13.784 22.180 -13.532 -13.626 21.945 -14.056 -13.554 21.879 -13.853
3 16 -17.666 16.894 -4.729 -16.662 18.946 -8.534 -16.469 18.910 -8.471
3 16 -16.127 17.611 -9.306 -17.670 15.417 -5.347 -17.486 15.473 -5.279
3 16 -3.569 13.809 19.536 -7.216 13.691 18.855 -7.157 13.661 18.662
3 16 -7.723 12.105 18.265 -3.841 12.275 19.659 -3.799 12.336 19.466
3 16 -16.469 18.910 -8.471 -14.388 22.267 -13.210 -14.208 22.250 -13.121
3 16 -7.157 13.661 18.662 -12.808 13.245 15.502 -12.662 13.237 15.346
3 16 -12.429 11.828 14.997 -7.822 12.030 18.433 -7.723 12.105 18.265
3 16 0.000 24.481 -19.465 -0.948 22.940 -22.497 -1.918 23.097 -22.388
3 16 -17.840 13.463 7.760 -18.980 14.531 2.118 -18.779 14.501 2.118
3 16 -18.624 12.802 2.055 -17.682 11.797 7.721 -17.510 11.887 7.652
3 16 -13.528 21.453 -14.097 -13.694 20.920 -14.063 -13.541 20.993 -13.945
3 16 -17.670 15.417 -5.347 -18.817 12.727 2.051 -18.624 12.802 2.055
3 16 -18.624 12.802 2.055 -17.486 15.473 -5.279 -17.670 15.417 -5.347
3 16 -13.774 21.948 -14.196 -13.626 21.945 -14.056 -13.913 22.306 -13.652
3 16 -16.294 17.565 -9.414 -16.127 17.611 -9.306 -13.541 20.993 -13.945
3 16 -14.107 22.372 -13.776 -13.913 22.306 -13.652 -14.208 22.250 -13.121
3 16 -13.618 21.471 -14.222 -13.528 21.453 -14.097 -13.626 21.945 -14.056
3 16 -3.566 13.661 19.377 -3.588 13.468 19.317 0.000 13.536 19.577
3 16 0.000 12.364 19.805 0.000 12.519 19.643 -3.748 12.497 19.323
3 16 0.000 12.519 19.643 0.000 12.714 19.579 -3.708 12.698 19.282
3 16 -13.554 21.879 -13.853 -13.587 21.775 -13.665 -13.745 22.000 -13.449
3 16 -16.127 17.611 -9.306 -16.021 17.747 -9.172 -13.475 21.123 -13.774
3 16 -16.469 18.910 -8.471 -16.289 18.783 -8.471 -17.499 16.758 -4.745
3 16 -16.289 18.783 -8.471 -16.193 18.614 -8.535 -17.426 16.579 -4.802
3 16 -17.486 15.473 -5.279 -17.355 15.622 -5.185 -16.021 17.747 -9.172
3 16 -17.355 15.622 -5.185 -17.329 15.806 -5.102 -16.018 17.919 -9.063
3 16 -7.157 13.661 18.662 -7.152 13.522 18.480 -3.566 13.661 19.377
3 16 -7.152 13.522 18.480 -7.204 13.328 18.382 -3.588 13.468 19.317
3 16 -3.799 12.336 19.466 -3.748 12.497 19.323 -7.605 12.280 18.164
3 16 -3.748 12.497 19.323 -3.708 12.698 19.282 -7.510 12.488 18.169
3 16 -14.208 22.250 -13.121 -14.032 22.128 -13.075 -16.289 18.783 -8.471
3 16 -14.032 22.128 -13.075 -13.929 21.950 -13.092 -16.193 18.614 -8.535
3 16 -12.662 13.237 15.346 -12.533 13.122 15.201 -7.152 13.522 18.480
3 16 -12.533 13.122 15.201 -12.465 12.941 15.116 -7.204 13.328 18.382
3 16 -7.723 12.105 18.265 -7.605 12.280 18.164 -12.346 12.010 14.922
3 16 -7.605 12.280 18.164 -7.510 12.488 18.169 -12.341 12.206 14.931
3 16 -16.021 17.747 -9.172 -16.018 17.919 -9.063 -13.520 21.261 -13.616
3 16 -17.840 13.463 7.760 -17.666 13.344 7.694 -12.533 13.122 15.201
3 16 -17.666 13.344 7.694 -17.577 13.161 7.662 -12.465 12.941 15.116
3 16 -12.429 11.828 14.997 -12.346 12.010 14.922 -17.398 12.070 7.606
3 16 -12.346 12.010 14.922 -12.341 12.206 14.931 -17.391 12.272 7.601
3 16 -18.779 14.501 2.118 -18.609 14.361 2.115 -17.666 13.344 7.694
3 16 -18.609 14.361 2.115 -18.540 14.168 2.108 -17.577 13.161 7.662
3 16 -17.510 11.887 7.652 -17.398 12.070 7.606 -18.484 12.975 2.063
3 16 -17.398 12.070 7.606 -17.391 12.272 7.601 -18.451 13.182 2.072
3 16 -13.541 20.993 -13.945 -13.475 21.123 -13.774 -13.476 21.484 -13.886
3 16 -13.475 21.123 -13.774 -13.520 21.261 -13.616 -13.533 21.506 -13.687
3 16 -17.499 16.758 -4.745 -17.426 16.579 -4.802 -18.540 14.168 2.108
3 16 -18.484 12.975 2.063 -18.451 13.182 2.072 -17.329 15.806 -5.102
3 16 -3.628 23.566 -21.688 -5.134 24.126 -20.974 -3.287 24.878 -18.766
3 16 0.000 0.756 -18.770 0.000 -1.591 -18.283 -5.276 0.926 -17.952
3 16 0.000 -1.591 -18.283 -5.872 -1.114 -17.358 -5.276 0.926 -17.952
3 16 -3.869 4.081 -17.139 -2.996 8.731 -18.335 0.000 4.043 -17.826
3 16 -2.996 8.731 -18.335 0.000 8.619 -18.896 0.000 4.043 -17.826
3 16 -7.832 10.598 -14.643 -2.996 8.731 -18.335 -9.316 4.705 -13.373
3 16 -9.316 4.705 -13.373 -2.996 8.731 -18.335 -3.869 4.081 -17.139
3 16 -10.598 12.485 -12.852 -7.832 10.598 -14.643 -14.935 10.455 -6.975
3 16 -7.832 10.598 -14.643 -9.316 4.705 -13.373 -12.476 6.220 -9.534
3 16 -12.476 6.220 -9.534 -14.935 10.455 -6.975 -7.832 10.598 -14.643
3 16 0.000 -1.591 -18.283 0.000 -7.237 -15.304 -5.872 -1.114 -17.358
3 16 0.000 -7.237 -15.304 -6.916 -6.190 -14.224 -5.872 -1.114 -17.358
3 16 -5.872 -1.114 -17.358 -6.916 -6.190 -14.224 -11.353 0.285 -13.898
3 16 -6.916 -6.190 -14.224 -12.662 -2.443 -11.336 -11.353 0.285 -13.898
3 16 -6.916 -6.190 -14.224 -7.392 -9.319 -9.360 -12.662 -2.443 -11.336
3 16 -7.392 -9.319 -9.360 -13.591 -4.956 -7.328 -12.662 -2.443 -11.336
3 16 0.000 -7.237 -15.304 0.000 -10.569 -10.092 -6.916 -6.190 -14.224
3 16 0.000 -10.569 -10.092 -7.392 -9.319 -9.360 -6.916 -6.190 -14.224
3 16 -3.869 4.081 -17.139 -4.644 3.069 -17.921 -9.316 4.705 -13.373
3 16 -4.644 3.069 -17.921 -11.283 3.085 -13.159 -9.316 4.705 -13.373
3 16 -5.872 -1.114 -17.358 -11.353 0.285 -13.898 -5.276 0.926 -17.952
3 16 -9.316 4.705 -13.373 -11.376 4.550 -11.648 -12.476 6.220 -9.534
3 16 -11.283 3.085 -13.159 -13.907 3.328 -8.987 -11.376 4.550 -11.648
3 16 0.000 4.043 -17.826 0.000 3.112 -18.759 -3.869 4.081 -17.139
3 16 0.000 3.112 -18.759 -4.644 3.069 -17.921 -3.869 4.081 -17.139
3 16 -11.353 0.285 -13.898 -12.662 -2.443 -11.336 -13.377 1.969 -11.169
3 16 -12.662 -2.443 -11.336 -14.499 0.682 -8.953 -13.377 1.969 -11.169
3 16 -0.948 22.940 -22.497 0.000 24.481 -19.465 0.000 22.880 -22.612
3 16 0.000 24.481 -19.465 -1.918 23.097 -22.388 -1.699 24.599 -19.283
3 16 -3.628 23.566 -21.688 -3.287 24.878 -18.766 -1.918 23.097 -22.388
3 16 -7.018 26.076 -16.420 -5.134 24.126 -20.974 -7.255 25.064 -19.800
3 16 -7.018 26.076 -16.420 -3.287 24.878 -18.766 -5.134 24.126 -20.974
3 16 -11.837 26.196 -14.541 -9.063 26.078 -13.101 -10.335 26.041 -17.714
3 16 -9.063 26.078 -13.101 -7.018 26.076 -16.420 -10.335 26.041 -17.714
3 16 0.000 -12.234 1.012 -6.705 -11.206 3.027 -6.754 -11.298 -2.159
3 16 -8.849 -10.318 3.352 -7.477 -10.433 5.460 -13.336 -5.968 5.119
3 16 -8.832 -10.603 -1.683 -14.015 -6.393 -2.062 -7.675 -10.871 -3.196
3 16 0.000 -12.234 1.012 -6.754 -11.298 -2.159 0.000 -12.047 -3.522
3 16 0.000 -11.840 5.281 -7.477 -10.433 5.460 -6.705 -11.206 3.027
3 16 -16.294 17.565 -9.414 -13.694 20.920 -14.063 -12.806 13.991 -11.421
3 16 -1.918 23.097 -22.388 -3.287 24.878 -18.766 -1.699 24.599 -19.283
3 16 -15.688 21.803 -8.694 -13.255 25.078 -13.189 -14.388 22.267 -13.210
3 16 -2.210 19.976 -22.080 -1.918 23.097 -22.388 -0.948 22.940 -22.497
3 16 -13.694 20.920 -14.063 -13.618 21.471 -14.222 -11.547 22.519 -16.607
3 16 -10.127 18.424 -15.801 -13.694 20.920 -14.063 -11.547 22.519 -16.607
3 16 -11.547 22.519 -16.607 -5.978 20.910 -20.449 -10.127 18.424 -15.801
3 16 -13.255 25.078 -13.189 -14.107 22.372 -13.776 -14.388 22.267 -13.210
3 16 -5.134 24.126 -20.974 -3.628 23.566 -21.688 -5.978 20.910 -20.449
3 16 -10.335 26.041 -17.714 -7.255 25.064 -19.800 -5.978 20.910 -20.449
3 16 -15.802 -1.821 -2.605 -15.897 2.742 -4.024 -15.757 0.577 -4.848
3 16 -15.897 2.742 -4.024 -15.802 -1.821 -2.605 -16.124 1.900 1.716
3 16 -16.317 5.033 3.488 -16.294 5.631 -1.596 -16.124 1.900 1.716
3 16 0.000 0.756 -18.770 -4.644 3.069 -17.921 0.000 3.112 -18.759
3 16 -10.335 26.041 -17.714 -7.018 26.076 -16.420 -7.255 25.064 -19.800
3 16 -13.336 -5.968 5.119 -14.015 -6.393 -2.062 -8.849 -10.318 3.352
3 16 -5.276 0.926 -17.952 -4.644 3.069 -17.921 0.000 0.756 -18.770
3 16 -11.283 3.085 -13.159 -13.377 1.969 -11.169 -13.907 3.328 -8.987
3 16 -11.441 1.778 -13.661 -11.425 2.567 -13.451 -4.644 3.069 -17.921
3 16 0.000 -11.840 5.281 -6.705 -11.206 3.027 0.000 -12.234 1.012
3 16 -11.441 1.778 -13.661 -5.276 0.926 -17.952 -11.353 0.285 -13.898
3 16 -13.774 21.948 -14.196 -11.974 23.205 -16.499 -11.547 22.519 -16.607
3 16 -6.709 16.036 -17.439 -10.598 12.485 -12.852 -12.806 13.991 -11.421
3 16 -5.978 20.910 -20.449 -11.547 22.519 -16.607 -11.974 23.205 -16.499
3 16 0.000 22.880 -22.612 -2.210 19.976 -22.080 -0.948 22.940 -22.497
3 16 0.000 19.883 -22.465 -2.210 19.976 -22.080 0.000 22.880 -22.612
3 16 0.000 8.619 -18.896 -2.439 14.709 -20.439 0.000 14.703 -20.845
3 16 -2.996 8.731 -18.335 -2.439 14.709 -20.439 0.000 8.619 -18.896
3 16 0.000 14.703 -20.845 -2.210 19.976 -22.080 0.000 19.883 -22.465
3 16 -2.439 14.709 -20.439 -2.210 19.976 -22.080 0.000 14.703 -20.845
3 16 -2.439 14.709 -20.439 -5.978 20.910 -20.449 -2.210 19.976 -22.080
3 16 -6.709 16.036 -17.439 -5.978 20.910 -20.449 -2.439 14.709 -20.439
3 16 -2.996 8.731 -18.335 -6.709 16.036 -17.439 -2.439 14.709 -20.439
3 16 -7.832 10.598 -14.643 -6.709 16.036 -17.439 -2.996 8.731 -18.335
3 16 -5.978 20.910 -20.449 -1.918 23.097 -22.388 -2.210 19.976 -22.080
3 16 -3.628 23.566 -21.688 -1.918 23.097 -22.388 -5.978 20.910 -20.449
3 16 -10.335 26.041 -17.714 -5.978 20.910 -20.449 -11.974 23.205 -16.499
3 16 -5.134 24.126 -20.974 -5.978 20.910 -20.449 -7.255 25.064 -19.800
3 16 -14.935 10.455 -6.975 -16.294 17.565 -9.414 -12.806 13.991 -11.421
3 16 -17.670 15.417 -5.347 -16.294 17.565 -9.414 -14.935 10.455 -6.975
3 16 -17.670 15.417 -5.347 -16.765 8.275 -1.453 -18.817 12.727 2.051
3 16 -14.935 10.455 -6.975 -16.765 8.275 -1.453 -17.670 15.417 -5.347
3 16 -15.897 2.742 -4.024 -14.127 6.565 -7.296 -12.476 6.220 -9.534
3 16 -16.124 1.900 1.716 -16.294 5.631 -1.596 -15.897 2.742 -4.024
3 16 -11.974 23.205 -16.499 -12.030 25.196 -16.268 -10.335 26.041 -17.714
3 16 -15.688 21.803 -8.694 -14.388 22.267 -13.210 -16.662 18.946 -8.534
3 16 -18.817 12.727 2.051 -16.765 8.275 -1.453 -16.502 8.036 5.188
3 16 -14.724 1.578 6.600 -16.124 1.900 1.716 -15.673 -1.879 2.461
3 16 -14.724 1.578 6.600 -15.120 4.243 7.208 -15.531 4.508 5.959
3 16 -15.787 8.724 8.231 -15.120 4.243 7.208 -12.845 3.575 10.318
3 16 -12.845 3.575 10.318 -11.493 6.701 12.648 -15.787 8.724 8.231
3 16 -12.554 11.739 15.123 -11.493 6.701 12.648 -9.312 9.841 16.652
3 16 -15.787 8.724 8.231 -12.554 11.739 15.123 -17.682 11.797 7.721
3 16 -12.554 11.739 15.123 -15.787 8.724 8.231 -11.493 6.701 12.648
3 16 -16.502 8.036 5.188 -17.682 11.797 7.721 -18.817 12.727 2.051
3 16 -15.787 8.724 8.231 -17.682 11.797 7.721 -16.502 8.036 5.188
3 16 -9.312 9.841 16.652 -6.324 2.361 16.117 -4.629 8.243 18.094
3 16 -11.493 6.701 12.648 -6.324 2.361 16.117 -9.312 9.841 16.652
3 16 0.000 7.721 18.597 -6.324 2.361 16.117 0.000 0.656 17.487
3 16 -4.629 8.243 18.094 -6.324 2.361 16.117 0.000 7.721 18.597
3 16 0.000 7.721 18.597 -3.841 12.275 19.659 -4.629 8.243 18.094
3 16 0.000 12.309 20.004 -3.841 12.275 19.659 0.000 7.721 18.597
3 16 -4.629 8.243 18.094 -7.822 12.030 18.433 -9.312 9.841 16.652
3 16 -3.841 12.275 19.659 -7.822 12.030 18.433 -4.629 8.243 18.094
3 16 -6.407 -3.579 14.600 0.000 0.656 17.487 -6.324 2.361 16.117
3 16 0.000 -5.297 15.374 0.000 0.656 17.487 -6.407 -3.579 14.600
3 16 -10.139 -0.640 12.924 -6.324 2.361 16.117 -11.493 6.701 12.648
3 16 0.000 -5.297 15.374 -6.872 -7.884 10.948 0.000 -9.541 11.271
3 16 -6.407 -3.579 14.600 -6.872 -7.884 10.948 0.000 -5.297 15.374
3 16 -7.477 -10.433 5.460 0.000 -9.541 11.271 -6.872 -7.884 10.948
3 16 0.000 -11.840 5.281 0.000 -9.541 11.271 -7.477 -10.433 5.460
3 16 -6.407 -3.579 14.600 -12.029 -3.738 9.678 -6.872 -7.884 10.948
3 16 -10.139 -0.640 12.924 -12.029 -3.738 9.678 -6.407 -3.579 14.600
3 16 -13.336 -5.968 5.119 -6.872 -7.884 10.948 -12.029 -3.738 9.678
3 16 -7.477 -10.433 5.460 -6.872 -7.884 10.948 -13.336 -5.968 5.119
3 16 -9.312 9.841 16.652 -7.822 12.030 18.433 -12.554 11.739 15.123
3 16 -13.591 -4.956 -7.328 -7.675 -10.871 -3.196 -14.015 -6.393 -2.062
3 16 -7.392 -9.319 -9.360 -7.675 -10.871 -3.196 -13.591 -4.956 -7.328
3 16 0.000 -12.047 -3.522 -7.392 -9.319 -9.360 0.000 -10.569 -10.092
3 16 -8.849 -10.318 3.352 -6.705 -11.206 3.027 -7.477 -10.433 5.460
3 16 -17.574 18.731 -3.851 -16.662 18.946 -8.534 -17.861 16.933 -4.760
3 16 -15.688 21.803 -8.694 -16.662 18.946 -8.534 -17.574 18.731 -3.851
3 16 -18.712 16.874 2.288 -17.861 16.933 -4.760 -18.980 14.531 2.118
3 16 -17.574 18.731 -3.851 -17.861 16.933 -4.760 -18.712 16.874 2.288
3 16 -3.289 15.826 19.563 0.000 13.937 20.018 0.000 15.821 19.800
3 16 -3.595 13.851 19.731 0.000 13.937 20.018 -3.289 15.826 19.563
3 16 -3.595 13.851 19.731 -7.369 15.862 18.628 -7.216 13.691 18.855
3 16 -3.289 15.826 19.563 -7.369 15.862 18.628 -3.595 13.851 19.731
3 16 -13.023 15.601 15.409 -18.034 13.473 7.836 -12.808 13.245 15.502
3 16 -17.912 16.170 8.028 -18.034 13.473 7.836 -13.023 15.601 15.409
3 16 -7.369 15.862 18.628 -12.808 13.245 15.502 -7.216 13.691 18.855
3 16 -13.023 15.601 15.409 -12.808 13.245 15.502 -7.369 15.862 18.628
3 16 -17.912 16.170 8.028 -18.980 14.531 2.118 -18.034 13.473 7.836
3 16 -18.712 16.874 2.288 -18.980 14.531 2.118 -17.912 16.170 8.028
3 16 -15.688 21.803 -8.694 -12.047 25.621 -11.640 -13.255 25.078 -13.189
3 16 -14.198 22.907 -7.364 -12.047 25.621 -11.640 -15.688 21.803 -8.694
3 16 -17.912 16.170 8.028 -16.283 19.522 2.514 -18.712 16.874 2.288
3 16 -15.080 18.980 7.817 -16.283 19.522 2.514 -17.912 16.170 8.028
3 16 -16.283 19.522 2.514 -17.574 18.731 -3.851 -18.712 16.874 2.288
3 16 -15.999 20.531 -2.987 -17.574 18.731 -3.851 -16.283 19.522 2.514
3 16 -15.999 20.531 -2.987 -15.688 21.803 -8.694 -17.574 18.731 -3.851
3 16 -14.198 22.907 -7.364 -15.688 21.803 -8.694 -15.999 20.531 -2.987
3 16 -6.718 18.399 17.134 -3.289 15.826 19.563 -2.735 18.326 18.147
3 16 -7.369 15.862 18.628 -3.289 15.826 19.563 -6.718 18.399 17.134
3 16 -11.704 18.504 13.949 -7.369 15.862 18.628 -6.718 18.399 17.134
3 16 -13.023 15.601 15.409 -7.369 15.862 18.628 -11.704 18.504 13.949
3 16 -13.023 15.601 15.409 -15.080 18.980 7.817 -17.912 16.170 8.028
3 16 -11.704 18.504 13.949 -15.080 18.980 7.817 -13.023 15.601 15.409
3 16 -16.194 -2.561 -1.953 -15.183 -4.147 -2.118 -15.886 -3.644 -1.732
3 16 -15.802 -1.821 -2.605 -15.183 -4.147 -2.118 -16.194 -2.561 -1.953
3 16 -15.685 -3.597 1.529 -15.183 -4.147 -2.118 -15.125 -4.068 2.038
3 16 -15.886 -3.644 -1.732 -15.183 -4.147 -2.118 -15.685 -3.597 1.529
3 16 -15.802 -1.821 -2.605 -15.970 -2.564 1.694 -15.673 -1.879 2.461
3 16 -16.194 -2.561 -1.953 -15.970 -2.564 1.694 -15.802 -1.821 -2.605
3 16 -8.414 -11.293 -1.120 -8.849 -10.318 3.352 -8.832 -10.603 -1.683
3 16 -8.428 -10.942 2.953 -8.849 -10.318 3.352 -8.414 -11.293 -1.120
3 16 -8.428 -10.942 2.953 -6.705 -11.206 3.027 -8.849 -10.318 3.352
3 16 -7.490 -11.357 2.690 -6.705 -11.206 3.027 -8.428 -10.942 2.953
3 16 -7.325 -11.667 -1.390 -6.705 -11.206 3.027 -7.490 -11.357 2.690
3 16 -6.754 -11.298 -2.159 -6.705 -11.206 3.027 -7.325 -11.667 -1.390
3 16 -7.325 -11.667 -1.390 -8.832 -10.603 -1.683 -6.754 -11.298 -2.159
3 16 -8.414 -11.293 -1.120 -8.832 -10.603 -1.683 -7.325 -11.667 -1.390
3 16 -7.490 -11.357 2.690 -8.414 -11.293 -1.120 -7.325 -11.667 -1.390
3 16 -8.428 -10.942 2.953 -8.414 -11.293 -1.120 -7.490 -11.357 2.690
3 16 -6.754 -11.298 -2.159 -8.832 -10.603 -1.683 -7.675 -10.871 -3.196
3 16 -15.673 -1.879 2.461 -13.941 -2.678 5.765 -14.724 1.578 6.600
3 16 -12.029 -3.738 9.678 -13.941 -2.678 5.765 -13.336 -5.968 5.119
3 16 -13.591 -4.956 -7.328 -14.015 -6.393 -2.062 -15.183 -4.147 -2.118
3 16 -15.802 -1.821 -2.605 -15.673 -1.879 2.461 -16.124 1.900 1.716
3 16 -15.802 -1.821 -2.605 -15.757 0.577 -4.848 -13.591 -4.956 -7.328
3 16 -15.183 -4.147 -2.118 -15.802 -1.821 -2.605 -13.591 -4.956 -7.328
3 16 -13.336 -5.968 5.119 -15.673 -1.879 2.461 -15.125 -4.068 2.038
3 16 -14.015 -6.393 -2.062 -15.125 -4.068 2.038 -15.183 -4.147 -2.118
3 16 -13.336 -5.968 5.119 -15.125 -4.068 2.038 -14.015 -6.393 -2.062
3 16 -12.029 -3.738 9.678 -12.845 3.575 10.318 -14.724 1.578 6.600
3 16 -15.757 0.577 -4.848 -15.897 2.742 -4.024 -14.499 0.682 -8.953
3 16 -12.662 -2.443 -11.336 -15.757 0.577 -4.848 -14.499 0.682 -8.953
3 16 -13.591 -4.956 -7.328 -15.757 0.577 -4.848 -12.662 -2.443 -11.336
3 16 -13.907 3.328 -8.987 -15.897 2.742 -4.024 -12.476 6.220 -9.534
3 16 -14.724 1.578 6.600 -12.845 3.575 10.318 -15.120 4.243 7.208
3 16 -16.502 8.036 5.188 -16.317 5.033 3.488 -15.531 4.508 5.959
3 16 -11.837 26.196 -14.541 -12.047 25.621 -11.640 -9.063 26.078 -13.101
3 16 -13.255 25.078 -13.189 -12.047 25.621 -11.640 -11.837 26.196 -14.541
3 16 -15.999 20.531 -2.987 -11.782 22.847 -7.320 -14.198 22.907 -7.364
3 16 -13.404 19.984 -0.795 -11.782 22.847 -7.320 -15.999 20.531 -2.987
3 16 -13.404 19.984 -0.795 -15.999 20.531 -2.987 -16.283 19.522 2.514
3 16 -12.916 19.002 3.531 -13.404 19.984 -0.795 -16.283 19.522 2.514
3 16 -15.080 18.980 7.817 -12.916 19.002 3.531 -16.283 19.522 2.514
3 16 -11.687 18.661 6.612 -12.916 19.002 3.531 -15.080 18.980 7.817
3 16 -9.006 18.553 10.101 -15.080 18.980 7.817 -11.704 18.504 13.949
3 16 -11.687 18.661 6.612 -15.080 18.980 7.817 -9.006 18.553 10.101
3 16 -6.718 18.399 17.134 -9.006 18.553 10.101 -11.704 18.504 13.949
3 16 -4.076 18.529 12.835 -9.006 18.553 10.101 -6.718 18.399 17.134
3 16 -4.076 18.529 12.835 -6.718 18.399 17.134 -2.735 18.326 18.147
3 16 0.000 18.387 13.388 -2.735 18.326 18.147 0.000 18.352 18.300
3 16 -4.076 18.529 12.835 -2.735 18.326 18.147 0.000 18.387 13.388
3 16 -11.782 22.847 -7.320 -12.047 25.621 -11.640 -14.198 22.907 -7.364
3 16 -9.063 26.078 -13.101 -12.047 25.621 -11.640 -11.782 22.847 -7.320
3 16 -10.139 -0.640 12.924 -12.845 3.575 10.318 -12.029 -3.738 9.678
3 16 -6.407 -3.579 14.600 -6.324 2.361 16.117 -10.139 -0.640 12.924
3 16 -12.845 3.575 10.318 -10.139 -0.640 12.924 -11.493 6.701 12.648
3 16 -8.849 -10.318 3.352 -14.015 -6.393 -2.062 -8.832 -10.603 -1.683
3 16 -11.283 3.085 -13.159 -4.644 3.069 -17.921 -11.425 2.567 -13.451
3 16 -11.441 1.778 -13.661 -4.644 3.069 -17.921 -5.276 0.926 -17.952
3 16 -11.353 0.285 -13.898 -13.377 1.969 -11.169 -11.441 1.778 -13.661
3 16 -13.377 1.969 -11.169 -11.283 3.085 -13.159 -11.425 2.567 -13.451
3 16 -11.441 1.778 -13.661 -13.377 1.969 -11.169 -11.425 2.567 -13.451
3 16 -3.708 12.698 19.282 0.000 12.714 19.579 0.000 13.536 19.577
3 16 -7.204 13.328 18.382 -7.510 12.488 18.169 -3.708 12.698 19.282
3 16 -12.465 12.941 15.116 -12.341 12.206 14.931 -7.510 12.488 18.169
3 16 -13.929 21.950 -13.092 -14.032 22.128 -13.075 -13.784 22.180 -13.532
3 16 -17.577 13.161 7.662 -17.391 12.272 7.601 -12.341 12.206 14.931
3 16 -18.451 13.182 2.072 -17.391 12.272 7.601 -17.577 13.161 7.662
3 16 -17.329 15.806 -5.102 -18.451 13.182 2.072 -18.540 14.168 2.108
3 16 0.000 13.889 19.817 0.000 13.937 20.018 -3.595 13.851 19.731
3 16 -3.799 12.336 19.466 -3.841 12.275 19.659 0.000 12.309 20.004
3 16 -13.784 22.180 -13.532 -13.913 22.306 -13.652 -13.626 21.945 -14.056
3 16 -17.666 16.894 -4.729 -17.861 16.933 -4.760 -16.662 18.946 -8.534
3 16 -16.127 17.611 -9.306 -16.294 17.565 -9.414 -17.670 15.417 -5.347
3 16 -3.569 13.809 19.536 -3.595 13.851 19.731 -7.216 13.691 18.855
3 16 -7.723 12.105 18.265 -7.822 12.030 18.433 -3.841 12.275 19.659
3 16 -16.469 18.910 -8.471 -16.662 18.946 -8.534 -14.388 22.267 -13.210
3 16 -7.157 13.661 18.662 -7.216 13.691 18.855 -12.808 13.245 15.502
3 16 -12.429 11.828 14.997 -12.554 11.739 15.123 -7.822 12.030 18.433
3 16 -17.840 13.463 7.760 -18.034 13.473 7.836 -18.980 14.531 2.118
3 16 -18.624 12.802 2.055 -18.817 12.727 2.051 -17.682 11.797 7.721
3 16 -13.528 21.453 -14.097 -13.618 21.471 -14.222 -13.694 20.920 -14.063
3 16 -14.107 22.372 -13.776 -13.774 21.948 -14.196 -13.913 22.306 -13.652
3 16 -13.694 20.920 -14.063 -16.294 17.565 -9.414 -13.541 20.993 -13.945
3 16 -14.388 22.267 -13.210 -14.107 22.372 -13.776 -14.208 22.250 -13.121
3 16 -13.774 21.948 -14.196 -13.618 21.471 -14.222 -13.626 21.945 -14.056
3 16 0.000 13.735 19.648 -3.566 13.661 19.377 0.000 13.536 19.577
3 16 -3.799 12.336 19.466 0.000 12.364 19.805 -3.748 12.497 19.323
3 16 -3.748 12.497 19.323 0.000 12.519 19.643 -3.708 12.698 19.282
3 16 -13.784 22.180 -13.532 -13.554 21.879 -13.853 -13.745 22.000 -13.449
3 16 -13.541 20.993 -13.945 -16.127 17.611 -9.306 -13.475 21.123 -13.774
3 16 -17.666 16.894 -4.729 -16.469 18.910 -8.471 -17.499 16.758 -4.745
3 16 -17.499 16.758 -4.745 -16.289 18.783 -8.471 -17.426 16.579 -4.802
3 16 -16.127 17.611 -9.306 -17.486 15.473 -5.279 -16.021 17.747 -9.172
3 16 -16.021 17.747 -9.172 -17.355 15.622 -5.185 -16.018 17.919 -9.063
3 16 -3.569 13.809 19.536 -7.157 13.661 18.662 -3.566 13.661 19.377
3 16 -3.566 13.661 19.377 -7.152 13.522 18.480 -3.588 13.468 19.317
3 16 -7.723 12.105 18.265 -3.799 12.336 19.466 -7.605 12.280 18.164
3 16 -7.605 12.280 18.164 -3.748 12.497 19.323 -7.510 12.488 18.169
3 16 -16.469 18.910 -8.471 -14.208 22.250 -13.121 -16.289 18.783 -8.471
3 16 -16.289 18.783 -8.471 -14.032 22.128 -13.075 -16.193 18.614 -8.535
3 16 -7.157 13.661 18.662 -12.662 13.237 15.346 -7.152 13.522 18.480
3 16 -7.152 13.522 18.480 -12.533 13.122 15.201 -7.204 13.328 18.382
3 16 -12.429 11.828 14.997 -7.723 12.105 18.265 -12.346 12.010 14.922
3 16 -12.346 12.010 14.922 -7.605 12.280 18.164 -12.341 12.206 14.931
3 16 -13.475 21.123 -13.774 -16.021 17.747 -9.172 -13.520 21.261 -13.616
3 16 -12.662 13.237 15.346 -17.840 13.463 7.760 -12.533 13.122 15.201
3 16 -12.533 13.122 15.201 -17.666 13.344 7.694 -12.465 12.941 15.116
3 16 -17.510 11.887 7.652 -12.429 11.828 14.997 -17.398 12.070 7.606
3 16 -17.398 12.070 7.606 -12.346 12.010 14.922 -17.391 12.272 7.601
3 16 -17.840 13.463 7.760 -18.779 14.501 2.118 -17.666 13.344 7.694
3 16 -17.666 13.344 7.694 -18.609 14.361 2.115 -17.577 13.161 7.662
3 16 -18.624 12.802 2.055 -17.510 11.887 7.652 -18.484 12.975 2.063
3 16 -18.484 12.975 2.063 -17.398 12.070 7.606 -18.451 13.182 2.072
3 16 -13.528 21.453 -14.097 -13.541 20.993 -13.945 -13.476 21.484 -13.886
3 16 -13.476 21.484 -13.886 -13.475 21.123 -13.774 -13.533 21.506 -13.687
3 16 -18.609 14.361 2.115 -17.499 16.758 -4.745 -18.540 14.168 2.108
3 16 -17.355 15.622 -5.185 -18.484 12.975 2.063 -17.329 15.806 -5.102
3 16 -11.974 23.205 -16.499 -13.774 21.948 -14.196 -14.107 22.372 -13.776
3 16 -12.808 24.725 -15.221 -11.974 23.205 -16.499 -14.107 22.372 -13.776
3 16 -11.837 26.196 -14.541 -10.335 26.041 -17.714 -12.030 25.196 -16.268
3 16 -14.107 22.372 -13.776 -13.255 25.078 -13.189 -12.808 24.725 -15.221
3 16 -12.808 24.725 -15.221 -12.030 25.196 -16.268 -11.974 23.205 -16.499
3 16 -11.547 22.519 -16.607 -13.618 21.471 -14.222 -13.774 21.948 -14.196
3 16 -11.376 4.550 -11.648 -9.316 4.705 -13.373 -11.283 3.085 -13.159
3 16 -11.376 4.550 -11.648 -13.907 3.328 -8.987 -12.476 6.220 -9.534
3 16 -16.294 5.631 -1.596 -15.023 6.983 -5.787 -15.897 2.742 -4.024
3 16 -16.294 5.631 -1.596 -16.765 8.275 -1.453 -14.935 10.455 -6.975
3 16 -14.935 10.455 -6.975 -12.476 6.220 -9.534 -14.127 6.565 -7.296
3 16 -14.127 6.565 -7.296 -15.023 6.983 -5.787 -14.935 10.455 -6.975
3 16 -15.023 6.983 -5.787 -16.294 5.631 -1.596 -14.935 10.455 -6.975
3 16 -15.023 6.983 -5.787 -14.127 6.565 -7.296 -15.897 2.742 -4.024
3 16 -16.317 5.033 3.488 -16.502 8.036 5.188 -16.765 8.275 -1.453
3 16 -16.317 5.033 3.488 -16.765 8.275 -1.453 -16.294 5.631 -1.596
3 16 -17.329 15.806 -5.102 -17.426 16.579 -4.802 -16.193 18.614 -8.535
3 16 -16.193 18.614 -8.535 -16.018 17.919 -9.063 -17.329 15.806 -5.102
3 16 -13.476 21.484 -13.886 -13.554 21.879 -13.853 -13.626 21.945 -14.056
3 16 -13.626 21.945 -14.056 -13.528 21.453 -14.097 -13.476 21.484 -13.886
3 16 -13.533 21.506 -13.687 -13.587 21.775 -13.665 -13.554 21.879 -13.853
3 16 -13.554 21.879 -13.853 -13.476 21.484 -13.886 -13.533 21.506 -13.687
3 16 -17.840 13.463 7.760 -12.662 13.237 15.346 -12.808 13.245 15.502
3 16 -12.808 13.245 15.502 -18.034 13.473 7.836 -17.840 13.463 7.760
3 16 -17.682 11.797 7.721 -12.554 11.739 15.123 -12.429 11.828 14.997
3 16 -12.429 11.828 14.997 -17.510 11.887 7.652 -17.682 11.797 7.721
3 16 -17.666 16.894 -4.729 -18.779 14.501 2.118 -18.980 14.531 2.118
3 16 -18.980 14.531 2.118 -17.861 16.933 -4.760 -17.666 16.894 -4.729
3 16 -3.566 13.661 19.377 0.000 13.735 19.648 0.000 13.889 19.817
3 16 0.000 13.889 19.817 -3.569 13.809 19.536 -3.566 13.661 19.377
3 16 -17.499 16.758 -4.745 -18.609 14.361 2.115 -18.779 14.501 2.118
3 16 -18.779 14.501 2.118 -17.666 16.894 -4.729 -17.499 16.758 -4.745
3 16 -10.127 18.424 -15.801 -12.806 13.991 -11.421 -13.694 20.920 -14.063
3 16 -12.806 13.991 -11.421 -10.127 18.424 -15.801 -5.978 20.910 -20.449
3 16 -5.978 20.910 -20.449 -6.709 16.036 -17.439 -12.806 13.991 -11.421
3 16 -15.970 -2.564 1.694 -15.685 -3.597 1.529 -15.125 -4.068 2.038
3 16 -15.125 -4.068 2.038 -15.673 -1.879 2.461 -15.970 -2.564 1.694
3 16 -13.255 25.078 -13.189 -11.837 26.196 -14.541 -12.030 25.196 -16.268
3 16 -12.030 25.196 -16.268 -12.808 24.725 -15.221 -13.255 25.078 -13.189
3 16 0.000 18.352 18.300 -2.735 18.326 18.147 -3.289 15.826 19.563
3 16 -3.289 15.826 19.563 0.000 15.821 19.800 0.000 18.352 18.300
3 16 -16.194 -2.561 -1.953 -15.886 -3.644 -1.732 -15.685 -3.597 1.529
3 16 -15.685 -3.597 1.529 -15.970 -2.564 1.694 -16.194 -2.561 -1.953
3 16 -15.897 2.742 -4.024 -13.907 3.328 -8.987 -13.377 1.969 -11.169
3 16 -13.377 1.969 -11.169 -14.499 0.682 -8.953 -15.897 2.742 -4.024
3 16 -6.754 -11.298 -2.159 -7.675 -10.871 -3.196 -7.392 -9.319 -9.360
3 16 -7.392 -9.319 -9.360 0.000 -12.047 -3.522 -6.754 -11.298 -2.159
3 16 -14.208 22.250 -13.121 -13.913 22.306 -13.652 -13.784 22.180 -13.532
3 16 -13.784 22.180 -13.532 -14.032 22.128 -13.075 -14.208 22.250 -13.121
3 16 -18.484 12.975 2.063 -17.355 15.622 -5.185 -17.486 15.473 -5.279
3 16 -17.486 15.473 -5.279 -18.624 12.802 2.055 -18.484 12.975 2.063
3 16 -15.531 4.508 5.959 -16.317 5.033 3.488 -16.124 1.900 1.716
3 16 -16.124 1.900 1.716 -14.724 1.578 6.600 -15.531 4.508 5.959
3 16 -15.787 8.724 8.231 -16.502 8.036 5.188 -15.531 4.508 5.959
3 16 -15.531 4.508 5.959 -15.120 4.243 7.208 -15.787 8.724 8.231
3 16 -13.336 -5.968 5.119 -13.941 -2.678 5.765 -15.673 -1.879 2.461
3 16 -14.724 1.578 6.600 -13.941 -2.678 5.765 -12.029 -3.738 9.678
3 16 -12.806 13.991 -11.421 -10.598 12.485 -12.852 -14.935 10.455 -6.975
3 16 -7.832 10.598 -14.643 -10.598 12.485 -12.852 -6.709 16.036 -17.439
2 24 -1.918 23.097 -22.388 -0.948 22.940 -22.497
2 24 -11.782 22.847 -7.320 -9.063 26.078 -13.101
2 24 -9.063 26.078 -13.101 -7.018 26.076 -16.420
2 24 -3.287 24.878 -18.766 -1.699 24.599 -19.283
2 24 -5.134 24.126 -20.974 -3.628 23.566 -21.688
2 24 0.000 18.387 13.388 -4.076 18.529 12.835
2 24 -0.948 22.940 -22.497 0.000 22.880 -22.612
2 24 0.000 24.481 -19.465 -1.699 24.599 -19.283
2 24 -3.628 23.566 -21.688 -1.918 23.097 -22.388
2 24 -7.255 25.064 -19.800 -5.134 24.126 -20.974
2 24 -3.287 24.878 -18.766 -7.018 26.076 -16.420
2 24 -13.694 20.920 -14.063 -16.294 17.565 -9.414
2 24 -13.618 21.471 -14.222 -13.694 20.920 -14.063
2 24 -14.388 22.267 -13.210 -14.107 22.372 -13.776
2 24 -7.255 25.064 -19.800 -10.335 26.041 -17.714
2 24 -16.294 17.565 -9.414 -17.670 15.417 -5.347
2 24 -17.670 15.417 -5.347 -18.817 12.727 2.051
2 24 -16.662 18.946 -8.534 -14.388 22.267 -13.210
2 24 -17.682 11.797 7.721 -12.554 11.739 15.123
2 24 -18.817 12.727 2.051 -17.682 11.797 7.721
2 24 -3.841 12.275 19.659 0.000 12.309 20.004
2 24 -7.822 12.030 18.433 -3.841 12.275 19.659
2 24 -12.554 11.739 15.123 -7.822 12.030 18.433
2 24 -17.861 16.933 -4.760 -16.662 18.946 -8.534
2 24 -18.980 14.531 2.118 -17.861 16.933 -4.760
2 24 0.000 13.937 20.018 -3.595 13.851 19.731
2 24 -3.595 13.851 19.731 -7.216 13.691 18.855
2 24 -12.808 13.245 15.502 -18.034 13.473 7.836
2 24 -7.216 13.691 18.855 -12.808 13.245 15.502
2 24 -18.034 13.473 7.836 -18.980 14.531 2.118
2 24 -15.802 -1.821 -2.605 -16.194 -2.561 -1.953
2 24 -8.849 -10.318 3.352 -8.428 -10.942 2.953
2 24 -6.754 -11.298 -2.159 -7.325 -11.667 -1.390
2 24 -13.774 21.948 -14.196 -14.107 22.372 -13.776
2 24 -13.618 21.471 -14.222 -13.774 21.948 -14.196
2 24 -6.754 -11.298 -2.159 -6.705 -11.206 3.027
2 24 -6.705 -11.206 3.027 -8.849 -10.318 3.352
2 24 -6.705 -11.206 3.027 -7.490 -11.357 2.690
2 24 -8.428 -10.942 2.953 -7.490 -11.357 2.690
2 24 -8.428 -10.942 2.953 -8.414 -11.293 -1.120
2 24 -8.414 -11.293 -1.120 -7.325 -11.667 -1.390
2 24 -7.325 -11.667 -1.390 -7.490 -11.357 2.690
2 24 -6.754 -11.298 -2.159 -8.832 -10.603 -1.683
2 24 -8.849 -10.318 3.352 -8.832 -10.603 -1.683
2 24 -8.414 -11.293 -1.120 -8.832 -10.603 -1.683
2 24 -15.685 -3.597 1.529 -15.886 -3.644 -1.732
2 24 -15.886 -3.644 -1.732 -16.194 -2.561 -1.953
2 24 -16.194 -2.561 -1.953 -15.970 -2.564 1.694
2 24 -15.970 -2.564 1.694 -15.685 -3.597 1.529
2 24 -15.970 -2.564 1.694 -15.673 -1.879 2.461
2 24 -15.673 -1.879 2.461 -15.802 -1.821 -2.605
2 24 -15.802 -1.821 -2.605 -15.183 -4.147 -2.118
2 24 -15.886 -3.644 -1.732 -15.183 -4.147 -2.118
2 24 -15.183 -4.147 -2.118 -15.125 -4.068 2.038
2 24 -15.125 -4.068 2.038 -15.685 -3.597 1.529
2 24 -15.125 -4.068 2.038 -15.673 -1.879 2.461
2 24 0.000 3.112 -18.759 -4.644 3.069 -17.921
2 24 -10.335 26.041 -17.714 -11.837 26.196 -14.541
2 24 -4.076 18.529 12.835 -9.006 18.553 10.101
2 24 -11.782 22.847 -7.320 -13.404 19.984 -0.795
2 24 -13.404 19.984 -0.795 -12.916 19.002 3.531
2 24 -12.916 19.002 3.531 -11.687 18.661 6.612
2 24 -11.687 18.661 6.612 -9.006 18.553 10.101
2 24 -4.644 3.069 -17.921 -11.425 2.567 -13.451
2 24 -11.425 2.567 -13.451 -13.377 1.969 -11.169
3 16 -9.006 18.553 10.101 -4.076 18.529 12.835 -6.921 7.804 10.823
3 16 -12.916 19.002 3.531 -11.687 18.661 6.612 -12.193 8.018 4.441
3 16 -11.419 10.868 -6.180 -13.404 19.984 -0.795 -12.964 8.950 -0.552
3 16 -11.782 22.847 -7.320 -13.404 19.984 -0.795 -11.419 10.868 -6.180
3 16 -9.316 11.783 -9.399 -11.782 22.847 -7.320 -11.419 10.868 -6.180
3 16 -9.063 26.078 -13.101 -11.782 22.847 -7.320 -9.316 11.783 -9.399
3 16 -9.063 26.078 -13.101 -7.095 11.209 -11.509 -7.018 26.076 -16.420
3 16 -9.316 11.783 -9.399 -7.095 11.209 -11.509 -9.063 26.078 -13.101
3 16 -3.555 9.875 -13.222 -1.699 24.599 -19.283 -3.287 24.878 -18.766
3 16 0.000 9.440 -13.667 0.000 24.481 -19.465 -3.555 9.875 -13.222
3 16 -6.981 1.180 -10.585 -3.555 9.875 -13.222 -7.095 11.209 -11.509
3 16 -3.491 1.182 -12.190 -3.555 9.875 -13.222 -6.981 1.180 -10.585
3 16 -9.460 1.168 -8.433 -7.095 11.209 -11.509 -9.316 11.783 -9.399
3 16 -6.981 1.180 -10.585 -7.095 11.209 -11.509 -9.460 1.168 -8.433
3 16 -6.298 1.173 10.890 0.000 7.647 13.001 0.000 1.179 12.698
3 16 -6.921 7.804 10.823 0.000 7.647 13.001 -6.298 1.173 10.890
3 16 -11.316 1.135 5.726 -6.921 7.804 10.823 -6.298 1.173 10.890
3 16 -12.193 8.018 4.441 -6.921 7.804 10.823 -11.316 1.135 5.726
3 16 -11.696 1.048 -4.842 -12.964 8.950 -0.552 -12.630 1.119 1.106
3 16 -11.419 10.868 -6.180 -12.964 8.950 -0.552 -11.696 1.048 -4.842
3 16 -12.630 1.119 1.106 -12.193 8.018 4.441 -11.316 1.135 5.726
3 16 -12.964 8.950 -0.552 -12.193 8.018 4.441 -12.630 1.119 1.106
3 16 -9.460 1.168 -8.433 -11.419 10.868 -6.180 -11.696 1.048 -4.842
3 16 -9.316 11.783 -9.399 -11.419 10.868 -6.180 -9.460 1.168 -8.433
3 16 -6.981 1.180 -10.585 -4.018 -4.000 -9.701 -3.491 1.182 -12.190
3 16 -7.425 -4.000 -7.425 -4.018 -4.000 -9.701 -6.981 1.180 -10.585
3 16 -9.460 1.168 -8.433 -7.425 -4.000 -7.425 -6.981 1.180 -10.585
3 16 -9.701 -4.000 -4.018 -7.425 -4.000 -7.425 -9.460 1.168 -8.433
3 16 -11.696 1.048 -4.842 -9.701 -4.000 -4.018 -9.460 1.168 -8.433
3 16 -10.500 -4.000 0.000 -9.701 -4.000 -4.018 -11.696 1.048 -4.842
3 16 -12.630 1.119 1.106 -10.500 -4.000 0.000 -11.696 1.048 -4.842
3 16 -9.701 -4.000 4.018 -10.500 -4.000 0.000 -12.630 1.119 1.106
3 16 -11.316 1.135 5.726 -9.701 -4.000 4.018 -12.630 1.119 1.106
3 16 -7.425 -4.000 7.425 -9.701 -4.000 4.018 -11.316 1.135 5.726
3 16 -6.298 1.173 10.890 -7.425 -4.000 7.425 -11.316 1.135 5.726
3 16 -4.018 -4.000 9.701 -7.425 -4.000 7.425 -6.298 1.173 10.890
3 16 0.000 1.179 12.698 -4.018 -4.000 9.701 -6.298 1.173 10.890
3 16 0.000 -4.000 10.500 -4.018 -4.000 9.701 0.000 1.179 12.698
3 16 -3.491 1.182 -12.190 0.000 -4.000 -10.500 0.000 1.187 -12.675
3 16 -4.018 -4.000 -9.701 0.000 -4.000 -10.500 -3.491 1.182 -12.190
3 16 -3.287 24.878 -18.766 -7.095 11.209 -11.509 -3.555 9.875 -13.222
3 16 -12.916 19.002 3.531 -12.964 8.950 -0.552 -13.404 19.984 -0.795
3 16 -12.193 8.018 4.441 -12.964 8.950 -0.552 -12.916 19.002 3.531
3 16 0.000 7.647 13.001 -4.076 18.529 12.835 0.000 18.387 13.388
3 16 -6.921 7.804 10.823 -4.076 18.529 12.835 0.000 7.647 13.001
3 16 -12.193 8.018 4.441 -9.006 18.553 10.101 -6.921 7.804 10.823
3 16 -11.687 18.661 6.612 -9.006 18.553 10.101 -12.193 8.018 4.441
3 16 -3.287 24.878 -18.766 -7.018 26.076 -16.420 -7.095 11.209 -11.509
3 16 -1.699 24.599 -19.283 -3.555 9.875 -13.222 0.000 24.481 -19.465
3 16 -3.491 1.182 -12.190 0.000 1.187 -12.675 0.000 9.440 -13.667
3 16 0.000 9.440 -13.667 -3.555 9.875 -13.222 -3.491 1.182 -12.190
3 16 4.076 18.529 12.835 9.006 18.553 10.101 6.921 7.804 10.823
3 16 11.687 18.661 6.612 12.916 19.002 3.531 12.193 8.018 4.441
3 16 13.404 19.984 -0.795 11.419 10.868 -6.180 12.964 8.950 -0.552
3 16 13.404 19.984 -0.795 11.782 22.847 -7.320 11.419 10.868 -6.180
3 16 11.782 22.847 -7.320 9.316 11.783 -9.399 11.419 10.868 -6.180
3 16 11.782 22.847 -7.320 9.063 26.078 -13.101 9.316 11.783 -9.399
3 16 7.095 11.209 -11.509 9.063 26.078 -13.101 7.018 26.076 -16.420
3 16 7.095 11.209 -11.509 9.316 11.783 -9.399 9.063 26.078 -13.101
3 16 1.699 24.599 -19.283 3.555 9.875 -13.222 3.287 24.878 -18.766
3 16 0.000 24.481 -19.465 0.000 9.440 -13.667 3.555 9.875 -13.222
3 16 3.555 9.875 -13.222 6.981 1.180 -10.585 7.095 11.209 -11.509
3 16 3.555 9.875 -13.222 3.491 1.182 -12.190 6.981 1.180 -10.585
3 16 7.095 11.209 -11.509 9.460 1.168 -8.433 9.316 11.783 -9.399
3 16 7.095 11.209 -11.509 6.981 1.180 -10.585 9.460 1.168 -8.433
3 16 0.000 7.647 13.001 6.298 1.173 10.890 0.000 1.179 12.698
3 16 0.000 7.647 13.001 6.921 7.804 10.823 6.298 1.173 10.890
3 16 6.921 7.804 10.823 11.316 1.135 5.726 6.298 1.173 10.890
3 16 6.921 7.804 10.823 12.193 8.018 4.441 11.316 1.135 5.726
3 16 12.964 8.950 -0.552 11.696 1.048 -4.842 12.630 1.119 1.106
3 16 12.964 8.950 -0.552 11.419 10.868 -6.180 11.696 1.048 -4.842
3 16 12.193 8.018 4.441 12.630 1.119 1.106 11.316 1.135 5.726
3 16 12.193 8.018 4.441 12.964 8.950 -0.552 12.630 1.119 1.106
3 16 11.419 10.868 -6.180 9.460 1.168 -8.433 11.696 1.048 -4.842
3 16 11.419 10.868 -6.180 9.316 11.783 -9.399 9.460 1.168 -8.433
3 16 4.018 -4.000 -9.701 6.981 1.180 -10.585 3.491 1.182 -12.190
3 16 4.018 -4.000 -9.701 7.425 -4.000 -7.425 6.981 1.180 -10.585
3 16 7.425 -4.000 -7.425 9.460 1.168 -8.433 6.981 1.180 -10.585
3 16 7.425 -4.000 -7.425 9.701 -4.000 -4.018 9.460 1.168 -8.433
3 16 9.701 -4.000 -4.018 11.696 1.048 -4.842 9.460 1.168 -8.433
3 16 9.701 -4.000 -4.018 10.500 -4.000 0.000 11.696 1.048 -4.842
3 16 10.500 -4.000 0.000 12.630 1.119 1.106 11.696 1.048 -4.842
3 16 10.500 -4.000 0.000 9.701 -4.000 4.018 12.630 1.119 1.106
3 16 9.701 -4.000 4.018 11.316 1.135 5.726 12.630 1.119 1.106
3 16 9.701 -4.000 4.018 7.425 -4.000 7.425 11.316 1.135 5.726
3 16 7.425 -4.000 7.425 6.298 1.173 10.890 11.316 1.135 5.726
3 16 7.425 -4.000 7.425 4.018 -4.000 9.701 6.298 1.173 10.890
3 16 4.018 -4.000 9.701 0.000 1.179 12.698 6.298 1.173 10.890
3 16 4.018 -4.000 9.701 0.000 -4.000 10.500 0.000 1.179 12.698
3 16 0.000 -4.000 -10.500 3.491 1.182 -12.190 0.000 1.187 -12.675
3 16 0.000 -4.000 -10.500 4.018 -4.000 -9.701 3.491 1.182 -12.190
3 16 7.095 11.209 -11.509 3.287 24.878 -18.766 3.555 9.875 -13.222
3 16 12.964 8.950 -0.552 12.916 19.002 3.531 13.404 19.984 -0.795
3 16 12.964 8.950 -0.552 12.193 8.018 4.441 12.916 19.002 3.531
3 16 4.076 18.529 12.835 0.000 7.647 13.001 0.000 18.387 13.388
3 16 4.076 18.529 12.835 6.921 7.804 10.823 0.000 7.647 13.001
3 16 9.006 18.553 10.101 12.193 8.018 4.441 6.921 7.804 10.823
3 16 9.006 18.553 10.101 11.687 18.661 6.612 12.193 8.018 4.441
3 16 7.018 26.076 -16.420 3.287 24.878 -18.766 7.095 11.209 -11.509
3 16 3.555 9.875 -13.222 1.699 24.599 -19.283 0.000 24.481 -19.465
3 16 0.000 9.440 -13.667 0.000 1.187 -12.675 3.491 1.182 -12.190
3 16 3.491 1.182 -12.190 3.555 9.875 -13.222 0.000 9.440 -13.667
1 16 0.0000 -4.0000 0.0000 0.0000 0.0000 10.5000 0.0000 -1.0000 0.0000 -10.5000 0.0000 0.0000 4-4edge.dat
1 16 0.0000 -4.0000 0.0000 1.0000 0.0000 0.0000 0.0000 -1.0000 0.0000 0.0000 0.0000 1.0000 stud4.dat
1 16 0.0000 -4.0000 0.0000 10.5000 0.0000 0.0000 0.0000 -1.0000 0.0000 0.0000 0.0000 10.5000 4-4disc.dat
