0 FILE 25767.dat
0 Torso, Modified Long with Folded Arms
0 Name:  25767.dat
0 Author:  
0 BL_Item_No 25767
0 BFC CERTIFY CCW
3 16 -15.276 13.126 -10.000 15.276 13.126 -10.000 13.663 0.000 -10.000
3 16 13.663 0.000 -10.000 -13.663 0.000 -10.000 -15.276 13.126 -10.000
3 16 15.276 13.126 -10.000 -15.276 13.126 -10.000 -21.322 21.813 -16.500
3 16 -21.322 21.813 -16.500 21.323 21.813 -16.500 15.276 13.126 -10.000
3 16 -16.943 26.711 -10.000 16.943 26.711 -10.000 21.323 21.813 -16.500
3 16 21.323 21.813 -16.500 -21.322 21.813 -16.500 -16.943 26.711 -10.000
3 16 -19.250 45.500 -10.000 19.250 45.500 -10.000 16.943 26.711 -10.000
3 16 16.943 26.711 -10.000 -16.943 26.711 -10.000 -19.250 45.500 -10.000
3 16 -19.250 45.500 -10.000 -19.250 48.000 -10.000 19.250 48.000 -10.000
3 16 19.250 48.000 -10.000 19.250 45.500 -10.000 -19.250 45.500 -10.000
3 16 19.250 45.500 10.000 -19.250 45.500 10.000 -13.663 0.000 10.000
3 16 -13.663 0.000 10.000 13.663 0.000 10.000 19.250 45.500 10.000
3 16 19.250 45.500 10.000 13.663 0.000 10.000 13.663 0.000 -10.000
3 16 13.663 0.000 -10.000 19.250 45.500 -10.000 19.250 45.500 10.000
3 16 -13.663 0.000 -10.000 -13.663 0.000 10.000 -19.250 45.500 10.000
3 16 -19.250 45.500 10.000 -19.250 45.500 -10.000 -13.663 0.000 -10.000
3 16 -14.323 5.370 6.536 -17.266 6.126 6.391 -13.925 2.134 2.250
3 16 -13.925 2.134 2.250 -17.266 6.126 6.391 -17.059 2.490 1.737
3 16 -17.266 6.126 6.391 -19.355 7.443 5.792 -17.059 2.490 1.737
3 16 -17.059 2.490 1.737 -19.355 7.443 5.792 -19.220 3.440 0.816
3 16 -19.355 7.443 5.792 -20.978 9.274 4.622 -19.220 3.440 0.816
3 16 -19.220 3.440 0.816 -20.978 9.274 4.622 -20.964 5.000 -0.821
3 16 -21.962 7.835 -3.202 -20.964 5.000 -0.821 -20.978 9.274 4.622
3 16 -20.978 9.274 4.622 -21.912 12.204 2.597 -21.962 7.835 -3.202
3 16 -16.436 10.088 7.042 -14.691 8.370 7.824 -14.875 9.871 7.212
3 16 -16.436 10.088 7.042 -16.900 8.630 7.553 -14.691 8.370 7.824
3 16 -16.900 8.630 7.553 -14.489 6.721 7.586 -14.691 8.370 7.824
3 16 -16.900 8.630 7.553 -17.077 7.298 7.346 -14.489 6.721 7.586
3 16 -14.323 5.370 6.536 -17.077 7.298 7.346 -17.266 6.126 6.391
3 16 -14.323 5.370 6.536 -14.489 6.721 7.586 -17.077 7.298 7.346
3 16 -19.355 7.443 5.792 -17.266 6.126 6.391 -17.077 7.298 7.346
3 16 -17.077 7.298 7.346 -19.206 8.482 6.607 -19.355 7.443 5.792
3 16 -18.762 9.653 6.884 -19.206 8.482 6.607 -17.077 7.298 7.346
3 16 -16.900 8.630 7.553 -18.762 9.653 6.884 -17.077 7.298 7.346
3 16 -16.900 8.630 7.553 -16.436 10.088 7.042 -17.995 10.792 6.517
3 16 -18.762 9.653 6.884 -16.900 8.630 7.553 -17.995 10.792 6.517
3 16 -19.355 7.443 5.792 -19.206 8.482 6.607 -20.772 10.303 5.416
3 16 -20.978 9.274 4.622 -19.355 7.443 5.792 -20.772 10.303 5.416
3 16 -19.206 8.482 6.607 -18.762 9.653 6.884 -20.145 11.198 5.721
3 16 -20.772 10.303 5.416 -19.206 8.482 6.607 -20.145 11.198 5.721
3 16 -20.145 11.198 5.721 -18.762 9.653 6.884 -17.995 10.792 6.517
3 16 -17.995 10.792 6.517 -19.172 12.100 5.533 -20.145 11.198 5.721
3 16 -20.772 10.303 5.416 -21.592 12.891 3.502 -20.978 9.274 4.622
3 16 -20.978 9.274 4.622 -21.592 12.891 3.502 -21.912 12.204 2.597
3 16 -20.145 11.198 5.721 -20.768 13.338 4.141 -20.772 10.303 5.416
3 16 -20.772 10.303 5.416 -20.768 13.338 4.141 -21.592 12.891 3.502
3 16 -20.768 13.338 4.141 -20.145 11.198 5.721 -19.614 13.587 4.412
3 16 -19.614 13.587 4.412 -20.145 11.198 5.721 -19.172 12.100 5.533
3 16 -16.964 1.913 0.176 -13.884 1.538 0.751 -17.059 2.490 1.737
3 16 -17.059 2.490 1.737 -13.884 1.538 0.751 -13.925 2.134 2.250
3 16 -16.575 2.167 -1.281 -13.911 1.797 -1.019 -16.964 1.913 0.176
3 16 -16.964 1.913 0.176 -13.911 1.797 -1.019 -13.884 1.538 0.751
3 16 -16.149 2.985 -2.425 -13.995 2.702 -2.213 -13.911 1.797 -1.019
3 16 -13.911 1.797 -1.019 -16.575 2.167 -1.281 -16.149 2.985 -2.425
3 16 -16.964 1.913 0.176 -19.220 3.440 0.816 -18.866 2.822 -0.629
3 16 -16.964 1.913 0.176 -17.059 2.490 1.737 -19.220 3.440 0.816
3 16 -16.575 2.167 -1.281 -18.866 2.822 -0.629 -18.258 2.890 -1.922
3 16 -16.575 2.167 -1.281 -16.964 1.913 0.176 -18.866 2.822 -0.629
3 16 -16.149 2.985 -2.425 -18.258 2.890 -1.922 -17.593 3.529 -2.831
3 16 -16.149 2.985 -2.425 -16.575 2.167 -1.281 -18.258 2.890 -1.922
3 16 -20.964 5.000 -0.821 -18.866 2.822 -0.629 -19.220 3.440 0.816
3 16 -20.964 5.000 -0.821 -20.554 4.318 -2.100 -18.866 2.822 -0.629
3 16 -18.258 2.890 -1.922 -20.554 4.318 -2.100 -19.835 4.239 -2.915
3 16 -18.258 2.890 -1.922 -18.866 2.822 -0.629 -20.554 4.318 -2.100
3 16 -17.593 3.529 -2.831 -19.835 4.239 -2.915 -18.925 4.571 -3.610
3 16 -17.593 3.529 -2.831 -18.258 2.890 -1.922 -19.835 4.239 -2.915
3 16 -20.554 4.318 -2.100 -21.962 7.835 -3.202 -21.600 7.107 -4.081
3 16 -20.554 4.318 -2.100 -20.964 5.000 -0.821 -21.962 7.835 -3.202
3 16 -19.835 4.239 -2.915 -21.600 7.107 -4.081 -20.906 6.699 -4.687
3 16 -19.835 4.239 -2.915 -20.554 4.318 -2.100 -21.600 7.107 -4.081
3 16 -18.925 4.571 -3.610 -20.906 6.699 -4.687 -19.768 6.463 -5.025
3 16 -18.925 4.571 -3.610 -19.835 4.239 -2.915 -20.906 6.699 -4.687
3 16 -14.875 9.871 7.212 -17.210 28.884 -7.115 -17.995 10.792 6.517
3 16 -17.995 10.792 6.517 -16.436 10.088 7.042 -14.875 9.871 7.212
3 16 -17.995 10.792 6.517 -17.210 28.884 -7.115 -19.614 13.587 4.412
3 16 -19.614 13.587 4.412 -19.172 12.100 5.533 -17.995 10.792 6.517
3 16 -19.614 13.587 4.412 -17.210 28.884 -7.115 -21.251 28.884 -7.115
3 16 -22.002 28.436 -7.710 -22.073 22.261 -15.905 -21.962 7.835 -3.202
3 16 -21.962 7.835 -3.202 -21.912 12.204 2.597 -22.002 28.436 -7.710
3 16 -21.251 28.884 -7.115 -20.768 13.338 4.141 -19.614 13.587 4.412
3 16 -21.251 28.884 -7.115 -21.577 28.837 -7.177 -20.768 13.338 4.141
3 16 -21.592 12.891 3.502 -21.577 28.837 -7.177 -21.860 28.685 -7.379
3 16 -21.592 12.891 3.502 -20.768 13.338 4.141 -21.577 28.837 -7.177
3 16 -22.002 28.436 -7.710 -21.592 12.891 3.502 -21.860 28.685 -7.379
3 16 -22.002 28.436 -7.710 -21.912 12.204 2.597 -21.592 12.891 3.502
3 16 -22.073 22.261 -15.905 -21.600 7.107 -4.081 -21.962 7.835 -3.202
3 16 -22.073 22.261 -15.905 -21.940 22.025 -16.219 -21.600 7.107 -4.081
3 16 -15.276 13.126 -10.000 -19.768 6.463 -5.025 -21.322 21.813 -16.500
3 16 -13.995 2.702 -2.213 -16.149 2.985 -2.425 -17.593 3.529 -2.831
3 16 -17.593 3.529 -2.831 -15.276 13.126 -10.000 -13.995 2.702 -2.213
3 16 -17.593 3.529 -2.831 -18.925 4.571 -3.610 -19.768 6.463 -5.025
3 16 -19.768 6.463 -5.025 -15.276 13.126 -10.000 -17.593 3.529 -2.831
3 16 -19.768 6.463 -5.025 -20.906 6.699 -4.687 -21.322 21.813 -16.500
3 16 -21.322 21.813 -16.500 -20.906 6.699 -4.687 -21.672 21.873 -16.420
3 16 -21.600 7.107 -4.081 -21.940 22.025 -16.219 -20.906 6.699 -4.687
3 16 -20.906 6.699 -4.687 -21.940 22.025 -16.219 -21.672 21.873 -16.420
3 16 13.925 2.134 2.250 17.059 2.490 1.737 14.323 5.370 6.536
3 16 14.323 5.370 6.536 17.059 2.490 1.737 17.266 6.126 6.391
3 16 19.355 7.443 5.792 17.266 6.126 6.391 19.220 3.440 0.816
3 16 19.220 3.440 0.816 17.266 6.126 6.391 17.059 2.490 1.737
3 16 19.220 3.440 0.816 20.964 5.000 -0.821 19.355 7.443 5.792
3 16 19.355 7.443 5.792 20.964 5.000 -0.821 20.978 9.274 4.622
3 16 20.964 5.000 -0.821 21.963 7.835 -3.202 21.912 12.204 2.597
3 16 21.912 12.204 2.597 20.978 9.274 4.622 20.964 5.000 -0.821
3 16 16.900 8.630 7.553 14.875 9.871 7.212 14.691 8.370 7.824
3 16 16.900 8.630 7.553 16.436 10.088 7.042 14.875 9.871 7.212
3 16 17.077 7.298 7.346 14.691 8.370 7.824 14.489 6.721 7.586
3 16 17.077 7.298 7.346 16.900 8.630 7.553 14.691 8.370 7.824
3 16 14.489 6.721 7.586 17.266 6.126 6.391 17.077 7.298 7.346
3 16 14.489 6.721 7.586 14.323 5.370 6.536 17.266 6.126 6.391
3 16 19.206 8.482 6.607 17.077 7.298 7.346 17.266 6.126 6.391
3 16 17.266 6.126 6.391 19.355 7.443 5.792 19.206 8.482 6.607
3 16 19.206 8.482 6.607 18.762 9.653 6.884 16.900 8.630 7.553
3 16 17.077 7.298 7.346 19.206 8.482 6.607 16.900 8.630 7.553
3 16 16.436 10.088 7.042 16.900 8.630 7.553 18.762 9.653 6.884
3 16 17.996 10.792 6.517 16.436 10.088 7.042 18.762 9.653 6.884
3 16 19.206 8.482 6.607 19.355 7.443 5.792 20.978 9.274 4.622
3 16 20.772 10.303 5.416 19.206 8.482 6.607 20.978 9.274 4.622
3 16 18.762 9.653 6.884 19.206 8.482 6.607 20.772 10.303 5.416
3 16 20.145 11.198 5.721 18.762 9.653 6.884 20.772 10.303 5.416
3 16 19.172 12.100 5.533 17.996 10.792 6.517 18.762 9.653 6.884
3 16 18.762 9.653 6.884 20.145 11.198 5.721 19.172 12.100 5.533
3 16 20.978 9.274 4.622 21.912 12.204 2.597 20.772 10.303 5.416
3 16 20.772 10.303 5.416 21.912 12.204 2.597 21.592 12.891 3.502
3 16 20.772 10.303 5.416 21.592 12.891 3.502 20.145 11.198 5.721
3 16 20.145 11.198 5.721 21.592 12.891 3.502 20.768 13.338 4.141
3 16 19.614 13.587 4.412 19.172 12.100 5.533 20.768 13.338 4.141
3 16 20.768 13.338 4.141 19.172 12.100 5.533 20.145 11.198 5.721
3 16 16.964 1.913 0.176 17.059 2.490 1.737 13.884 1.538 0.751
3 16 13.884 1.538 0.751 17.059 2.490 1.737 13.925 2.134 2.250
3 16 16.575 2.167 -1.281 16.964 1.913 0.176 13.911 1.797 -1.019
3 16 13.911 1.797 -1.019 16.964 1.913 0.176 13.884 1.538 0.751
3 16 16.149 2.985 -2.425 16.575 2.167 -1.281 13.911 1.797 -1.019
3 16 13.911 1.797 -1.019 13.995 2.702 -2.213 16.149 2.985 -2.425
3 16 19.220 3.440 0.816 16.964 1.913 0.176 18.866 2.822 -0.629
3 16 19.220 3.440 0.816 17.059 2.490 1.737 16.964 1.913 0.176
3 16 18.866 2.822 -0.629 16.575 2.167 -1.281 18.258 2.890 -1.922
3 16 18.866 2.822 -0.629 16.964 1.913 0.176 16.575 2.167 -1.281
3 16 18.258 2.890 -1.922 16.149 2.985 -2.425 17.593 3.529 -2.831
3 16 18.258 2.890 -1.922 16.575 2.167 -1.281 16.149 2.985 -2.425
3 16 19.220 3.440 0.816 20.554 4.318 -2.100 20.964 5.000 -0.821
3 16 19.220 3.440 0.816 18.866 2.822 -0.629 20.554 4.318 -2.100
3 16 19.835 4.239 -2.915 18.866 2.822 -0.629 18.258 2.890 -1.922
3 16 19.835 4.239 -2.915 20.554 4.318 -2.100 18.866 2.822 -0.629
3 16 18.925 4.571 -3.610 18.258 2.890 -1.922 17.593 3.529 -2.831
3 16 18.925 4.571 -3.610 19.835 4.239 -2.915 18.258 2.890 -1.922
3 16 21.600 7.107 -4.081 20.964 5.000 -0.821 20.554 4.318 -2.100
3 16 21.600 7.107 -4.081 21.963 7.835 -3.202 20.964 5.000 -0.821
3 16 20.906 6.699 -4.687 20.554 4.318 -2.100 19.835 4.239 -2.915
3 16 20.906 6.699 -4.687 21.600 7.107 -4.081 20.554 4.318 -2.100
3 16 19.768 6.463 -5.025 19.835 4.239 -2.915 18.925 4.571 -3.610
3 16 19.768 6.463 -5.025 20.906 6.699 -4.687 19.835 4.239 -2.915
3 16 14.875 9.871 7.212 16.436 10.088 7.042 17.996 10.792 6.517
3 16 17.996 10.792 6.517 17.210 28.884 -7.115 14.875 9.871 7.212
3 16 17.996 10.792 6.517 19.172 12.100 5.533 19.614 13.587 4.412
3 16 19.614 13.587 4.412 17.210 28.884 -7.115 17.996 10.792 6.517
3 16 17.210 28.884 -7.115 19.614 13.587 4.412 21.251 28.884 -7.115
3 16 22.002 28.436 -7.710 21.912 12.204 2.597 21.963 7.835 -3.202
3 16 21.963 7.835 -3.202 22.073 22.270 -15.894 22.002 28.436 -7.710
3 16 20.768 13.338 4.141 21.251 28.884 -7.115 19.614 13.587 4.412
3 16 20.768 13.338 4.141 21.577 28.837 -7.177 21.251 28.884 -7.115
3 16 21.592 12.891 3.502 21.577 28.837 -7.177 20.768 13.338 4.141
3 16 21.592 12.891 3.502 21.860 28.685 -7.379 21.577 28.837 -7.177
3 16 21.592 12.891 3.502 22.002 28.436 -7.710 21.860 28.685 -7.379
3 16 21.592 12.891 3.502 21.912 12.204 2.597 22.002 28.436 -7.710
3 16 21.940 22.025 -16.219 22.073 22.270 -15.894 21.963 7.835 -3.202
3 16 21.963 7.835 -3.202 21.600 7.107 -4.081 21.940 22.025 -16.219
3 16 15.276 13.126 -10.000 21.323 21.813 -16.500 19.768 6.463 -5.025
3 16 13.995 2.702 -2.213 15.276 13.126 -10.000 17.593 3.529 -2.831
3 16 17.593 3.529 -2.831 16.149 2.985 -2.425 13.995 2.702 -2.213
3 16 17.593 3.529 -2.831 15.276 13.126 -10.000 19.768 6.463 -5.025
3 16 19.768 6.463 -5.025 18.925 4.571 -3.610 17.593 3.529 -2.831
3 16 21.323 21.813 -16.500 20.906 6.699 -4.687 19.768 6.463 -5.025
3 16 21.323 21.813 -16.500 21.672 21.873 -16.420 20.906 6.699 -4.687
3 16 21.940 22.025 -16.219 20.906 6.699 -4.687 21.672 21.873 -16.420
3 16 21.940 22.025 -16.219 21.600 7.107 -4.081 20.906 6.699 -4.687
3 16 21.577 28.837 -7.177 21.860 28.685 -7.379 22.002 28.436 -7.710
3 16 22.002 28.436 -7.710 21.251 28.884 -7.115 21.577 28.837 -7.177
3 16 21.251 28.884 -7.115 22.002 28.436 -7.710 16.943 26.711 -10.000
3 16 16.943 26.711 -10.000 17.210 28.884 -7.115 21.251 28.884 -7.115
3 16 16.943 26.711 -10.000 22.073 22.270 -15.894 21.940 22.025 -16.219
3 16 16.943 26.711 -10.000 22.002 28.436 -7.710 22.073 22.270 -15.894
3 16 21.672 21.873 -16.420 16.943 26.711 -10.000 21.940 22.025 -16.219
3 16 21.672 21.873 -16.420 21.323 21.813 -16.500 16.943 26.711 -10.000
3 16 -16.943 26.711 -10.000 -21.322 21.813 -16.500 -21.672 21.873 -16.420
3 16 -16.943 26.711 -10.000 -21.672 21.873 -16.420 -21.940 22.025 -16.219
3 16 -22.073 22.261 -15.905 -16.943 26.711 -10.000 -21.940 22.025 -16.219
3 16 -21.251 28.884 -7.115 -22.073 22.261 -15.905 -21.860 28.685 -7.379
3 16 -21.860 28.685 -7.379 -21.577 28.837 -7.177 -21.251 28.884 -7.115
3 16 -22.073 22.261 -15.905 -21.251 28.884 -7.115 -17.210 28.884 -7.115
3 16 -17.210 28.884 -7.115 -16.943 26.711 -10.000 -22.073 22.261 -15.905
3 16 -22.073 22.261 -15.905 -22.002 28.436 -7.710 -21.860 28.685 -7.379
3 16 -11.194 4.000 -7.176 11.193 4.000 -7.176 14.000 30.000 -7.176
3 16 14.000 30.000 -7.176 -14.000 30.000 -7.176 -11.194 4.000 -7.176
3 16 14.000 30.000 -7.176 15.500 30.000 -7.175 16.000 43.000 -7.175
3 16 -14.000 30.000 -7.176 -16.000 43.000 -7.175 -15.500 30.000 -7.175
3 16 -16.000 43.000 -7.175 -14.000 30.000 -7.176 14.000 30.000 -7.176
3 16 14.000 30.000 -7.176 16.000 43.000 -7.175 -16.000 43.000 -7.175
3 16 -14.000 30.000 7.176 -15.500 30.000 7.175 -16.000 43.000 7.175
3 16 14.000 30.000 7.176 16.000 43.000 7.175 15.500 30.000 7.175
3 16 16.000 43.000 7.175 14.000 30.000 7.176 -14.000 30.000 7.176
3 16 -14.000 30.000 7.176 -16.000 43.000 7.175 16.000 43.000 7.175
3 16 11.193 4.000 7.176 -11.194 4.000 7.176 -14.000 30.000 7.176
3 16 -14.000 30.000 7.176 14.000 30.000 7.176 11.193 4.000 7.176
3 16 19.250 48.000 10.000 19.250 48.000 -10.000 16.000 48.000 -7.175
3 16 16.000 48.000 -7.175 16.000 48.000 7.175 19.250 48.000 10.000
3 16 16.000 48.000 7.175 -16.000 48.000 7.175 -19.250 48.000 10.000
3 16 -19.250 48.000 10.000 19.250 48.000 10.000 16.000 48.000 7.175
3 16 -19.250 48.000 10.000 -16.000 48.000 7.175 -16.000 48.000 -7.175
3 16 -16.000 48.000 -7.175 -19.250 48.000 -10.000 -19.250 48.000 10.000
3 16 -19.250 48.000 -10.000 -16.000 48.000 -7.175 16.000 48.000 -7.175
3 16 16.000 48.000 -7.175 19.250 48.000 -10.000 -19.250 48.000 -10.000
3 16 14.000 30.000 3.000 14.000 30.000 7.176 15.500 30.000 7.175
3 16 15.500 30.000 7.175 15.000 30.000 3.000 14.000 30.000 3.000
3 16 15.000 30.000 3.000 15.500 30.000 7.175 15.500 30.000 -7.175
3 16 15.500 30.000 -7.175 15.000 30.000 -3.000 15.000 30.000 3.000
3 16 15.500 30.000 -7.175 14.000 30.000 -7.176 14.000 30.000 -3.000
3 16 14.000 30.000 -3.000 15.000 30.000 -3.000 15.500 30.000 -7.175
3 16 -14.000 30.000 -3.000 -14.000 30.000 -7.176 -15.500 30.000 -7.175
3 16 -15.500 30.000 -7.175 -15.000 30.000 -3.000 -14.000 30.000 -3.000
3 16 -15.000 30.000 -3.000 -15.500 30.000 -7.175 -15.500 30.000 7.175
3 16 -15.500 30.000 7.175 -15.000 30.000 3.000 -15.000 30.000 -3.000
3 16 -15.500 30.000 7.175 -14.000 30.000 7.176 -14.000 30.000 3.000
3 16 -14.000 30.000 3.000 -15.000 30.000 3.000 -15.500 30.000 7.175
3 16 14.000 30.000 -3.000 11.193 4.000 -3.001 12.020 4.000 -3.000
3 16 12.020 4.000 -3.000 15.000 30.000 -3.000 14.000 30.000 -3.000
3 16 11.193 4.000 3.001 14.000 30.000 3.000 15.000 30.000 3.000
3 16 15.000 30.000 3.000 12.020 4.000 3.000 11.193 4.000 3.001
3 16 -14.000 30.000 3.000 -11.194 4.000 3.000 -12.020 4.000 3.000
3 16 -12.020 4.000 3.000 -15.000 30.000 3.000 -14.000 30.000 3.000
3 16 -11.194 4.000 -3.000 -14.000 30.000 -3.000 -15.000 30.000 -3.000
3 16 -15.000 30.000 -3.000 -12.020 4.000 -3.000 -11.194 4.000 -3.000
3 16 -11.194 4.000 -3.000 -11.194 4.000 3.000 11.193 4.000 3.001
3 16 11.193 4.000 3.001 11.193 4.000 -3.001 -11.194 4.000 -3.000
3 16 5.520 47.800 4.480 2.891 47.800 5.004 4.558 47.800 6.549
3 16 4.558 47.800 6.549 6.883 47.800 6.549 5.520 47.800 4.480
3 16 4.039 36.500 -1.000 4.039 36.500 1.000 4.003 4.000 3.460
3 16 4.003 4.000 3.460 4.003 4.000 -3.460 4.039 36.500 -1.000
3 16 4.000 47.523 3.460 4.003 4.000 3.460 4.039 36.500 1.000
3 16 4.000 46.293 2.192 4.000 47.523 3.460 4.039 36.500 1.000
3 16 4.039 36.500 1.000 4.000 44.250 1.000 4.000 46.293 2.192
3 16 1.537 4.000 2.147 1.538 36.500 1.000 1.538 36.500 -1.000
3 16 1.538 36.500 -1.000 1.537 4.000 -2.147 1.537 4.000 2.147
3 16 1.538 36.500 1.000 1.537 4.000 2.147 1.537 46.293 2.192
3 16 1.537 46.293 2.192 1.537 44.250 1.000 1.538 36.500 1.000
3 16 1.537 44.250 1.000 1.537 46.293 2.192 4.000 46.293 2.192
3 16 4.000 46.293 2.192 4.000 44.250 1.000 1.537 44.250 1.000
3 16 4.000 47.523 3.460 1.537 46.293 2.192 2.020 47.553 3.880
3 16 1.537 46.293 2.192 4.000 47.523 3.460 4.000 46.293 2.192
3 16 4.000 47.523 3.460 2.020 47.553 3.880 2.891 47.800 5.004
3 16 5.520 47.800 4.480 4.000 47.523 3.460 2.891 47.800 5.004
3 16 1.537 46.293 2.192 1.537 4.000 2.147 2.021 4.000 3.885
3 16 2.021 4.000 3.885 2.020 47.553 3.880 1.537 46.293 2.192
3 16 3.193 4.000 5.257 2.891 47.800 5.004 2.020 47.553 3.880
3 16 2.021 4.000 3.885 3.193 4.000 5.257 2.020 47.553 3.880
3 16 1.537 44.250 1.000 4.000 44.250 1.000 4.039 36.500 1.000
3 16 4.039 36.500 1.000 1.538 36.500 1.000 1.537 44.250 1.000
3 16 6.919 4.000 6.549 5.554 4.000 4.480 5.520 47.800 4.480
3 16 5.520 47.800 4.480 6.883 47.800 6.549 6.919 4.000 6.549
3 16 5.554 4.000 4.480 4.003 4.000 3.460 4.000 47.523 3.460
3 16 4.000 47.523 3.460 5.520 47.800 4.480 5.554 4.000 4.480
3 16 4.558 47.800 6.549 2.891 47.800 5.004 3.193 4.000 5.257
3 16 3.193 4.000 5.257 4.558 4.000 6.549 4.558 47.800 6.549
3 16 4.558 47.800 -6.549 2.891 47.800 -5.004 5.520 47.800 -4.480
3 16 5.520 47.800 -4.480 6.883 47.800 -6.549 4.558 47.800 -6.549
3 16 4.039 36.500 -1.000 4.003 4.000 -3.460 4.000 47.523 -3.460
3 16 4.039 36.500 -1.000 4.000 47.523 -3.460 4.000 46.293 -2.192
3 16 4.000 46.293 -2.192 4.000 44.250 -1.000 4.039 36.500 -1.000
3 16 1.537 46.293 -2.192 1.537 4.000 -2.147 1.538 36.500 -1.000
3 16 1.538 36.500 -1.000 1.537 44.250 -1.000 1.537 46.293 -2.192
3 16 4.000 44.250 -1.000 4.000 46.293 -2.192 1.537 46.293 -2.192
3 16 1.537 46.293 -2.192 1.537 44.250 -1.000 4.000 44.250 -1.000
3 16 1.537 46.293 -2.192 4.000 47.523 -3.460 2.020 47.553 -3.880
3 16 4.000 47.523 -3.460 1.537 46.293 -2.192 4.000 46.293 -2.192
3 16 4.000 47.523 -3.460 5.520 47.800 -4.480 2.891 47.800 -5.004
3 16 2.020 47.553 -3.880 4.000 47.523 -3.460 2.891 47.800 -5.004
3 16 2.021 4.000 -3.885 1.537 4.000 -2.147 1.537 46.293 -2.192
3 16 1.537 46.293 -2.192 2.020 47.553 -3.880 2.021 4.000 -3.885
3 16 2.020 47.553 -3.880 2.891 47.800 -5.004 3.193 4.000 -5.257
3 16 2.021 4.000 -3.885 2.020 47.553 -3.880 3.193 4.000 -5.257
3 16 4.039 36.500 -1.000 4.000 44.250 -1.000 1.537 44.250 -1.000
3 16 1.537 44.250 -1.000 1.538 36.500 -1.000 4.039 36.500 -1.000
3 16 6.919 4.000 -6.549 6.883 47.800 -6.549 5.520 47.800 -4.480
3 16 5.520 47.800 -4.480 5.554 4.000 -4.480 6.919 4.000 -6.549
3 16 4.000 47.523 -3.460 4.003 4.000 -3.460 5.554 4.000 -4.480
3 16 5.554 4.000 -4.480 5.520 47.800 -4.480 4.000 47.523 -3.460
3 16 4.558 47.800 -6.549 4.558 4.000 -6.549 3.193 4.000 -5.257
3 16 3.193 4.000 -5.257 2.891 47.800 -5.004 4.558 47.800 -6.549
3 16 -4.558 47.800 6.549 -2.891 47.800 5.004 -5.520 47.800 4.480
3 16 -5.520 47.800 4.480 -6.884 47.800 6.549 -4.558 47.800 6.549
3 16 -4.038 36.500 -1.000 -4.003 4.000 -3.460 -4.003 4.000 3.460
3 16 -4.003 4.000 3.460 -4.038 36.500 1.000 -4.038 36.500 -1.000
3 16 -4.038 36.500 1.000 -4.003 4.000 3.460 -4.000 47.523 3.460
3 16 -4.000 46.293 2.192 -4.000 44.250 1.000 -4.038 36.500 1.000
3 16 -4.038 36.500 1.000 -4.000 47.523 3.460 -4.000 46.293 2.192
3 16 -1.538 4.000 2.147 -1.538 4.000 -2.147 -1.538 36.500 -1.000
3 16 -1.538 36.500 -1.000 -1.538 36.500 1.000 -1.538 4.000 2.147
3 16 -1.538 46.293 2.192 -1.538 4.000 2.147 -1.538 36.500 1.000
3 16 -1.538 36.500 1.000 -1.538 44.250 1.000 -1.538 46.293 2.192
3 16 -4.000 44.250 1.000 -4.000 46.293 2.192 -1.538 46.293 2.192
3 16 -1.538 46.293 2.192 -1.538 44.250 1.000 -4.000 44.250 1.000
3 16 -4.000 47.523 3.460 -1.538 46.293 2.192 -4.000 46.293 2.192
3 16 -1.538 46.293 2.192 -4.000 47.523 3.460 -2.020 47.553 3.880
3 16 -2.891 47.800 5.004 -2.020 47.553 3.880 -4.000 47.523 3.460
3 16 -5.520 47.800 4.480 -2.891 47.800 5.004 -4.000 47.523 3.460
3 16 -2.021 4.000 3.885 -1.538 4.000 2.147 -1.538 46.293 2.192
3 16 -1.538 46.293 2.192 -2.020 47.553 3.880 -2.021 4.000 3.885
3 16 -2.020 47.553 3.880 -2.891 47.800 5.004 -3.193 4.000 5.257
3 16 -2.021 4.000 3.885 -2.020 47.553 3.880 -3.193 4.000 5.257
3 16 -1.538 44.250 1.000 -1.538 36.500 1.000 -4.038 36.500 1.000
3 16 -4.038 36.500 1.000 -4.000 44.250 1.000 -1.538 44.250 1.000
3 16 -5.520 47.800 4.480 -5.554 4.000 4.480 -6.919 4.000 6.549
3 16 -6.919 4.000 6.549 -6.884 47.800 6.549 -5.520 47.800 4.480
3 16 -4.000 47.523 3.460 -4.003 4.000 3.460 -5.554 4.000 4.480
3 16 -5.554 4.000 4.480 -5.520 47.800 4.480 -4.000 47.523 3.460
3 16 -3.193 4.000 5.257 -2.891 47.800 5.004 -4.558 47.800 6.549
3 16 -4.558 47.800 6.549 -4.558 4.000 6.549 -3.193 4.000 5.257
3 16 -4.558 47.800 -6.549 -6.884 47.800 -6.549 -5.520 47.800 -4.480
3 16 -5.520 47.800 -4.480 -2.891 47.800 -5.004 -4.558 47.800 -6.549
3 16 -4.000 47.523 -3.460 -4.003 4.000 -3.460 -4.038 36.500 -1.000
3 16 -4.038 36.500 -1.000 -4.000 44.250 -1.000 -4.000 46.293 -2.192
3 16 -4.000 46.293 -2.192 -4.000 47.523 -3.460 -4.038 36.500 -1.000
3 16 -1.538 36.500 -1.000 -1.538 4.000 -2.147 -1.538 46.293 -2.192
3 16 -1.538 46.293 -2.192 -1.538 44.250 -1.000 -1.538 36.500 -1.000
3 16 -1.538 44.250 -1.000 -1.538 46.293 -2.192 -4.000 46.293 -2.192
3 16 -4.000 46.293 -2.192 -4.000 44.250 -1.000 -1.538 44.250 -1.000
3 16 -1.538 46.293 -2.192 -4.000 47.523 -3.460 -4.000 46.293 -2.192
3 16 -4.000 47.523 -3.460 -1.538 46.293 -2.192 -2.020 47.553 -3.880
3 16 -2.891 47.800 -5.004 -5.520 47.800 -4.480 -4.000 47.523 -3.460
3 16 -2.020 47.553 -3.880 -2.891 47.800 -5.004 -4.000 47.523 -3.460
3 16 -2.021 4.000 -3.885 -2.020 47.553 -3.880 -1.538 46.293 -2.192
3 16 -1.538 46.293 -2.192 -1.538 4.000 -2.147 -2.021 4.000 -3.885
3 16 -3.193 4.000 -5.257 -2.891 47.800 -5.004 -2.020 47.553 -3.880
3 16 -2.021 4.000 -3.885 -3.193 4.000 -5.257 -2.020 47.553 -3.880
3 16 -4.038 36.500 -1.000 -1.538 36.500 -1.000 -1.538 44.250 -1.000
3 16 -1.538 44.250 -1.000 -4.000 44.250 -1.000 -4.038 36.500 -1.000
3 16 -6.919 4.000 -6.549 -5.554 4.000 -4.480 -5.520 47.800 -4.480
3 16 -5.520 47.800 -4.480 -6.884 47.800 -6.549 -6.919 4.000 -6.549
3 16 -5.554 4.000 -4.480 -4.003 4.000 -3.460 -4.000 47.523 -3.460
3 16 -4.000 47.523 -3.460 -5.520 47.800 -4.480 -5.554 4.000 -4.480
3 16 -4.558 47.800 -6.549 -2.891 47.800 -5.004 -3.193 4.000 -5.257
3 16 -3.193 4.000 -5.257 -4.558 4.000 -6.549 -4.558 47.800 -6.549
2 24 -19.250 45.500 10.000 -13.663 0.000 10.000
2 24 13.663 0.000 10.000 19.250 45.500 10.000
2 24 -19.250 48.000 -10.000 19.250 48.000 -10.000
2 24 -13.663 0.000 -10.000 -19.250 45.500 -10.000
2 24 19.250 45.500 -10.000 13.663 0.000 -10.000
2 24 -13.925 2.134 2.250 -14.323 5.370 6.536
2 24 -14.691 8.370 7.824 -14.875 9.871 7.212
2 24 -14.489 6.721 7.586 -14.691 8.370 7.824
2 24 -14.323 5.370 6.536 -14.489 6.721 7.586
2 24 -13.884 1.538 0.751 -13.925 2.134 2.250
2 24 -13.911 1.797 -1.019 -13.884 1.538 0.751
2 24 -13.995 2.702 -2.213 -13.911 1.797 -1.019
2 24 -14.875 9.871 7.212 -17.210 28.884 -7.115
2 24 -17.210 28.884 -7.115 -21.251 28.884 -7.115
2 24 -22.002 28.436 -7.710 -22.073 22.261 -15.905
2 24 -21.251 28.884 -7.115 -21.577 28.837 -7.177
2 24 -21.577 28.837 -7.177 -21.860 28.685 -7.379
2 24 -21.860 28.685 -7.379 -22.002 28.436 -7.710
2 24 -22.073 22.261 -15.905 -21.940 22.025 -16.219
2 24 -15.276 13.126 -10.000 -13.995 2.702 -2.213
2 24 -21.672 21.873 -16.420 -21.322 21.813 -16.500
2 24 -21.940 22.025 -16.219 -21.672 21.873 -16.420
2 24 14.323 5.370 6.536 13.925 2.134 2.250
2 24 14.875 9.871 7.212 14.691 8.370 7.824
2 24 14.691 8.370 7.824 14.489 6.721 7.586
2 24 14.489 6.721 7.586 14.323 5.370 6.536
2 24 13.925 2.134 2.250 13.884 1.538 0.751
2 24 13.884 1.538 0.751 13.911 1.797 -1.019
2 24 13.911 1.797 -1.019 13.995 2.702 -2.213
2 24 17.210 28.884 -7.115 14.875 9.871 7.212
2 24 21.251 28.884 -7.115 17.210 28.884 -7.115
2 24 22.073 22.270 -15.894 22.002 28.436 -7.710
2 24 21.577 28.837 -7.177 21.251 28.884 -7.115
2 24 21.860 28.685 -7.379 21.577 28.837 -7.177
2 24 22.002 28.436 -7.710 21.860 28.685 -7.379
2 24 21.940 22.025 -16.219 22.073 22.270 -15.894
2 24 13.995 2.702 -2.213 15.276 13.126 -10.000
2 24 21.323 21.813 -16.500 21.672 21.873 -16.420
2 24 21.672 21.873 -16.420 21.940 22.025 -16.219
2 24 15.276 13.126 -10.000 -15.276 13.126 -10.000
2 24 -21.322 21.813 -16.500 21.323 21.813 -16.500
2 24 16.943 26.711 -10.000 17.210 28.884 -7.115
2 24 -16.943 26.711 -10.000 16.943 26.711 -10.000
2 24 -17.210 28.884 -7.115 -16.943 26.711 -10.000
2 24 14.000 30.000 -7.176 15.500 30.000 -7.175
2 24 16.000 48.000 -7.175 -16.000 48.000 -7.175
2 24 -15.500 30.000 -7.175 -14.000 30.000 -7.176
2 24 -14.000 30.000 7.176 -15.500 30.000 7.175
2 24 -16.000 48.000 7.175 16.000 48.000 7.175
2 24 15.500 30.000 7.175 14.000 30.000 7.176
2 24 15.000 30.000 3.000 14.000 30.000 3.000
2 24 14.000 30.000 -3.000 15.000 30.000 -3.000
2 24 -15.000 30.000 -3.000 -14.000 30.000 -3.000
2 24 -14.000 30.000 3.000 -15.000 30.000 3.000
2 24 4.000 46.293 2.192 4.000 44.250 1.000
2 24 1.537 44.250 1.000 1.537 46.293 2.192
2 24 1.537 46.293 -2.192 1.537 44.250 -1.000
2 24 4.000 44.250 -1.000 4.000 46.293 -2.192
2 24 -1.538 46.293 2.192 -1.538 44.250 1.000
2 24 -4.000 44.250 1.000 -4.000 46.293 2.192
2 24 -4.000 46.293 -2.192 -4.000 44.250 -1.000
2 24 -1.538 44.250 -1.000 -1.538 46.293 -2.192
2 24 6.883 47.800 6.549 5.520 47.800 4.480
2 24 2.891 47.800 5.004 4.558 47.800 6.549
2 24 4.003 4.000 3.460 4.003 4.000 -3.460
2 24 4.000 47.523 3.460 4.003 4.000 3.460
2 24 4.000 46.293 2.192 4.000 47.523 3.460
2 24 4.039 36.500 1.000 4.000 44.250 1.000
2 24 1.537 4.000 -2.147 1.537 4.000 2.147
2 24 1.537 44.250 1.000 1.538 36.500 1.000
2 24 1.537 46.293 2.192 2.020 47.553 3.880
2 24 2.020 47.553 3.880 2.891 47.800 5.004
2 24 5.520 47.800 4.480 4.000 47.523 3.460
2 24 1.537 4.000 2.147 2.021 4.000 3.885
2 24 2.021 4.000 3.885 3.193 4.000 5.257
2 24 6.919 4.000 6.549 5.554 4.000 4.480
2 24 5.554 4.000 4.480 4.003 4.000 3.460
2 24 3.193 4.000 5.257 4.558 4.000 6.549
2 24 4.558 47.800 -6.549 2.891 47.800 -5.004
2 24 5.520 47.800 -4.480 6.883 47.800 -6.549
2 24 4.003 4.000 -3.460 4.000 47.523 -3.460
2 24 4.000 47.523 -3.460 4.000 46.293 -2.192
2 24 4.000 44.250 -1.000 4.039 36.500 -1.000
2 24 1.538 36.500 -1.000 1.537 44.250 -1.000
2 24 2.020 47.553 -3.880 1.537 46.293 -2.192
2 24 4.000 47.523 -3.460 5.520 47.800 -4.480
2 24 2.891 47.800 -5.004 2.020 47.553 -3.880
2 24 2.021 4.000 -3.885 1.537 4.000 -2.147
2 24 3.193 4.000 -5.257 2.021 4.000 -3.885
2 24 5.554 4.000 -4.480 6.919 4.000 -6.549
2 24 4.003 4.000 -3.460 5.554 4.000 -4.480
2 24 4.558 4.000 -6.549 3.193 4.000 -5.257
2 24 -5.520 47.800 4.480 -6.884 47.800 6.549
2 24 -4.558 47.800 6.549 -2.891 47.800 5.004
2 24 -4.003 4.000 -3.460 -4.003 4.000 3.460
2 24 -4.003 4.000 3.460 -4.000 47.523 3.460
2 24 -4.000 47.523 3.460 -4.000 46.293 2.192
2 24 -4.000 44.250 1.000 -4.038 36.500 1.000
2 24 -1.538 4.000 2.147 -1.538 4.000 -2.147
2 24 -1.538 36.500 1.000 -1.538 44.250 1.000
2 24 -2.020 47.553 3.880 -1.538 46.293 2.192
2 24 -2.891 47.800 5.004 -2.020 47.553 3.880
2 24 -4.000 47.523 3.460 -5.520 47.800 4.480
2 24 -2.021 4.000 3.885 -1.538 4.000 2.147
2 24 -3.193 4.000 5.257 -2.021 4.000 3.885
2 24 -5.554 4.000 4.480 -6.919 4.000 6.549
2 24 -4.003 4.000 3.460 -5.554 4.000 4.480
2 24 -4.558 4.000 6.549 -3.193 4.000 5.257
2 24 -2.891 47.800 -5.004 -4.558 47.800 -6.549
2 24 -6.884 47.800 -6.549 -5.520 47.800 -4.480
2 24 -4.000 47.523 -3.460 -4.003 4.000 -3.460
2 24 -4.000 46.293 -2.192 -4.000 47.523 -3.460
2 24 -4.038 36.500 -1.000 -4.000 44.250 -1.000
2 24 -1.538 44.250 -1.000 -1.538 36.500 -1.000
2 24 -1.538 46.293 -2.192 -2.020 47.553 -3.880
2 24 -5.520 47.800 -4.480 -4.000 47.523 -3.460
2 24 -2.020 47.553 -3.880 -2.891 47.800 -5.004
2 24 -1.538 4.000 -2.147 -2.021 4.000 -3.885
2 24 -2.021 4.000 -3.885 -3.193 4.000 -5.257
2 24 -6.919 4.000 -6.549 -5.554 4.000 -4.480
2 24 -5.554 4.000 -4.480 -4.003 4.000 -3.460
2 24 -3.193 4.000 -5.257 -4.558 4.000 -6.549
1 16 0.0000 -14.5000 0.0000 6.0000 0.0000 0.0000 0.0000 14.5000 0.0000 0.0000 0.0000 6.0000 4-4cylc.dat
1 16 0.0000 46.7500 10.0000 19.2500 0.0000 0.0000 0.0000 0.0000 1.2500 0.0000 -1.0000 0.0000 rect3.dat
1 16 -19.2500 46.7500 0.0000 0.0000 1.0000 0.0000 1.2500 0.0000 0.0000 0.0000 0.0000 -10.0000 rect3.dat
1 16 19.2500 46.7500 0.0000 0.0000 -1.0000 0.0000 -1.2500 0.0000 0.0000 0.0000 0.0000 -10.0000 rect3.dat
1 16 0.0000 0.0000 0.0000 13.6630 0.0000 0.0000 0.0000 1.0000 0.0000 0.0000 0.0000 10.0000 rect.dat
0 BFC INVERTNEXT
1 16 0.0000 48.0000 0.0000 16.0000 0.0000 0.0000 0.0000 -5.0000 0.0000 0.0000 0.0000 -7.1750 box4o4a.dat
1 16 15.7500 36.5000 0.0000 0.0000 1.0000 -0.2500 0.0000 0.0000 -6.5000 -7.1800 0.0000 0.0000 rect.dat
1 16 -15.7500 36.5000 0.0000 0.0000 -1.0000 0.2500 0.0000 0.0000 -6.5000 7.1800 0.0000 0.0000 rect.dat
1 16 12.5970 17.0000 -5.0880 -1.4038 0.9961 0.0000 -13.0045 0.0031 0.0000 0.0000 0.0000 2.0900 rect.dat
1 16 13.5100 17.0000 0.0000 0.0000 1.0000 -1.4900 0.0000 0.0000 -13.0000 -3.0000 0.0000 0.0000 rect.dat
1 16 12.5970 17.0000 5.0880 0.0000 1.0000 -1.4000 0.0000 0.0000 -13.0000 -2.0900 0.0000 0.0000 rect.dat
1 16 -12.5970 17.0000 5.0880 0.0000 -1.0000 -1.4000 0.0000 0.0000 13.0000 -2.0900 0.0000 0.0000 rect.dat
1 16 -13.5100 17.0000 0.0000 0.0000 -1.0000 1.4900 0.0000 0.0000 -13.0000 3.0000 0.0000 0.0000 rect.dat
1 16 -12.5970 17.0000 -5.0880 0.0000 -1.0000 1.4000 0.0000 0.0000 -13.0000 2.0900 0.0000 0.0000 rect.dat
1 16 0.0000 4.0000 5.0880 0.0000 0.0000 11.1934 0.0000 -1.0000 0.0000 2.0875 0.0000 0.0000 rect1.dat
1 16 0.0000 4.0000 -5.0880 0.0000 0.0000 -11.1934 0.0000 -1.0000 0.0000 -2.0875 0.0000 0.0000 rect1.dat
1 16 -11.6070 4.0000 0.0000 0.4132 0.0000 0.0000 0.0000 -1.0000 0.0000 0.0000 0.0000 -3.0000 rect2p.dat
1 16 11.6070 4.0000 0.0000 0.4132 0.0000 0.0000 0.0000 -1.0000 0.0000 0.0000 0.0000 -3.0000 rect2p.dat
1 16 10.0000 25.9000 7.1750 1.0000 0.0000 0.0000 0.0000 0.0000 21.9000 0.0000 -1.1750 0.0000 box4-1.dat
1 16 -10.0000 25.9000 7.1750 1.0000 0.0000 0.0000 0.0000 0.0000 21.9000 0.0000 -1.1750 0.0000 box4-1.dat
1 16 10.0000 25.9000 -7.1750 1.0000 0.0000 0.0000 0.0000 0.0000 21.9000 0.0000 1.1750 0.0000 box4-1.dat
1 16 -10.0000 25.9000 -7.1750 1.0000 0.0000 0.0000 0.0000 0.0000 21.9000 0.0000 1.1750 0.0000 box4-1.dat
1 16 2.7880 36.5000 0.0000 0.0000 0.0000 1.2505 0.0000 -1.0000 0.0000 1.0000 0.0000 0.0000 rect.dat
1 16 5.7210 47.8000 6.8620 -1.1625 0.0000 0.0000 0.0000 -1.0000 0.0000 0.0000 0.0000 0.3130 rect3.dat
1 16 6.9010 25.9000 6.8620 0.0000 -1.0000 0.0200 0.0000 0.0000 -21.9000 0.3100 0.0000 0.0000 rect3.dat
1 16 4.5580 25.9000 6.8620 0.0000 1.0000 0.0000 0.0000 0.0000 -21.9000 -0.3130 0.0000 0.0000 rect3.dat
1 16 5.7210 47.8000 -6.8620 1.1625 0.0000 0.0000 0.0000 -1.0000 0.0000 0.0000 0.0000 -0.3130 rect3.dat
1 16 6.9010 25.9000 -6.8620 0.0000 -1.0000 0.0200 0.0000 0.0000 -21.9000 0.3100 0.0000 0.0000 rect3.dat
1 16 4.5580 25.9000 -6.8620 0.0000 1.0000 0.0000 0.0000 0.0000 -21.9000 -0.3130 0.0000 0.0000 rect3.dat
1 16 -2.7880 36.5000 0.0000 1.2500 0.0000 0.0000 0.0000 -1.0000 0.0000 0.0000 0.0000 -1.0000 rect.dat
1 16 -5.7210 47.8000 6.8620 -1.1625 0.0000 0.0000 0.0000 -1.0000 0.0000 0.0000 0.0000 0.3130 rect3.dat
1 16 -6.9010 25.9000 6.8620 0.0000 1.0000 -0.0200 0.0000 0.0000 -21.9000 -0.3100 0.0000 0.0000 rect3.dat
1 16 -4.5580 25.9000 6.8620 0.0000 -1.0000 0.0000 0.0000 0.0000 -21.9000 0.3130 0.0000 0.0000 rect3.dat
1 16 -5.7210 47.8000 -6.8620 1.1625 0.0000 0.0000 0.0000 -1.0000 0.0000 0.0000 0.0000 -0.3130 rect3.dat
1 16 -6.9010 25.9000 -6.8620 0.0000 1.0000 -0.0200 0.0000 0.0000 -21.9000 -0.3100 0.0000 0.0000 rect3.dat
1 16 -4.5580 25.9000 -6.8620 0.0000 -1.0000 0.0000 0.0000 0.0000 -21.9000 0.3130 0.0000 0.0000 rect3.dat
