0 FILE 2674f.dat
0 Minifigure, Weapon Sword, Greatsword Pointed with Upturned Crossguard and Capped Pommel
0 Name:  2674f.dat
0 Author:  
0 BL_Item_No 2674c
0 BFC CERTIFY CCW
3 16 -5.136 -7.300 2.800 5.136 -7.300 2.800 5.500 -7.183 0.000
3 16 5.500 -7.183 0.000 -5.500 -7.183 0.000 -5.136 -7.300 2.800
3 16 -4.830 -7.681 5.156 4.830 -7.681 5.156 5.136 -7.300 2.800
3 16 5.136 -7.300 2.800 -5.136 -7.300 2.800 -4.830 -7.681 5.156
3 16 -4.000 -13.074 16.226 4.000 -13.074 16.226 4.000 -10.851 13.399
3 16 4.000 -10.851 13.399 -4.000 -10.851 13.399 -4.000 -13.074 16.226
3 16 -4.000 -8.856 9.618 4.000 -8.856 9.618 4.000 -8.240 7.657
3 16 4.000 -8.240 7.657 -4.000 -8.240 7.657 -4.000 -8.856 9.618
3 16 -4.000 -10.851 13.399 4.000 -10.851 13.399 4.000 -8.856 9.618
3 16 4.000 -8.856 9.618 -4.000 -8.856 9.618 -4.000 -10.851 13.399
3 16 -4.000 -11.546 4.130 4.000 -11.546 4.130 4.000 -12.623 8.058
3 16 4.000 -12.623 8.058 -4.000 -12.623 8.058 -4.000 -11.546 4.130
3 16 -4.000 -14.441 11.434 4.000 -14.441 11.434 4.000 -16.257 13.643
3 16 4.000 -16.257 13.643 -4.000 -16.257 13.643 -4.000 -14.441 11.434
3 16 -4.000 -12.623 8.058 4.000 -12.623 8.058 4.000 -14.441 11.434
3 16 4.000 -14.441 11.434 -4.000 -14.441 11.434 -4.000 -12.623 8.058
3 16 4.830 -7.681 5.156 -4.830 -7.681 5.156 -4.000 -8.240 7.657
3 16 -4.000 -8.240 7.657 4.000 -8.240 7.657 4.830 -7.681 5.156
3 16 -4.200 -15.300 0.000 4.200 -15.300 0.000 4.000 -11.546 4.130
3 16 4.000 -11.546 4.130 -4.000 -11.546 4.130 -4.200 -15.300 0.000
3 16 1.300 -76.100 1.700 1.300 -74.600 2.700 -1.300 -74.600 2.700
3 16 -1.300 -74.600 2.700 -1.300 -76.100 1.700 1.300 -76.100 1.700
3 16 1.300 -76.600 0.000 1.300 -76.100 1.700 -1.300 -76.100 1.700
3 16 -1.300 -76.100 1.700 -1.300 -76.600 0.000 1.300 -76.600 0.000
3 16 1.300 -68.500 4.400 1.300 -55.800 5.900 -1.300 -55.800 5.900
3 16 -1.300 -55.800 5.900 -1.300 -68.500 4.400 1.300 -68.500 4.400
3 16 1.300 -74.600 2.700 1.300 -68.500 4.400 -1.300 -68.500 4.400
3 16 -1.300 -68.500 4.400 -1.300 -74.600 2.700 1.300 -74.600 2.700
3 16 1.300 -40.100 6.800 1.300 -12.623 8.058 -1.300 -12.623 8.058
3 16 -1.300 -12.623 8.058 -1.300 -40.100 6.800 1.300 -40.100 6.800
3 16 1.300 -55.800 5.900 1.300 -40.100 6.800 -1.300 -40.100 6.800
3 16 -1.300 -40.100 6.800 -1.300 -55.800 5.900 1.300 -55.800 5.900
2 24 -4.200 -15.300 0.000 4.200 -15.300 0.000
2 24 -4.000 -11.546 4.130 4.000 -11.546 4.130
2 24 -1.300 -12.623 8.058 1.300 -12.623 8.058
2 24 5.500 -7.183 0.000 4.200 -15.300 0.000
3 16 4.000 -8.856 9.618 4.000 -10.851 13.399 4.000 -14.441 11.434
3 16 4.000 -14.441 11.434 4.000 -12.623 8.058 4.000 -8.856 9.618
3 16 4.000 -14.441 11.434 4.000 -10.851 13.399 4.000 -13.074 16.226
3 16 4.000 -13.074 16.226 4.000 -16.257 13.643 4.000 -14.441 11.434
3 16 4.200 -15.300 0.000 5.500 -7.183 0.000 4.500 -8.200 7.700
3 16 3.000 -56.500 0.000 3.000 -52.300 0.000 3.000 -53.300 1.600
3 16 3.000 -53.300 1.600 3.000 -55.400 1.100 3.000 -56.500 0.000
3 16 1.300 -76.100 1.700 1.300 -76.600 0.000 3.000 -56.500 0.000
3 16 1.300 -76.100 1.700 3.000 -56.500 0.000 3.000 -55.400 1.100
3 16 3.000 -55.400 1.100 1.300 -74.600 2.700 1.300 -76.100 1.700
3 16 3.000 -55.400 1.100 1.300 -68.500 4.400 1.300 -74.600 2.700
3 16 3.000 -50.500 1.700 3.000 -12.970 2.563 2.525 -11.546 4.130
3 16 2.525 -11.546 4.130 1.300 -12.623 8.058 3.000 -50.500 1.700
3 16 1.300 -12.623 8.058 1.300 -40.100 6.800 3.000 -50.500 1.700
3 16 5.136 -7.300 2.800 4.830 -7.681 5.156 4.500 -8.200 7.700
3 16 4.500 -8.200 7.700 5.500 -7.183 0.000 5.136 -7.300 2.800
3 16 4.000 -11.546 4.130 4.000 -8.240 7.657 4.000 -8.856 9.618
3 16 4.000 -8.856 9.618 4.000 -12.623 8.058 4.000 -11.546 4.130
3 16 4.830 -7.681 5.156 4.000 -8.240 7.657 4.500 -8.200 7.700
3 16 4.500 -8.200 7.700 4.000 -8.240 7.657 4.000 -11.546 4.130
3 16 4.000 -11.546 4.130 4.200 -15.300 0.000 4.500 -8.200 7.700
3 16 1.300 -68.500 4.400 3.000 -55.400 1.100 3.000 -53.300 1.600
3 16 3.000 -53.300 1.600 1.300 -55.800 5.900 1.300 -68.500 4.400
3 16 1.300 -55.800 5.900 3.000 -53.300 1.600 3.000 -50.500 1.700
3 16 1.300 -55.800 5.900 3.000 -50.500 1.700 1.300 -40.100 6.800
3 16 2.600 -14.135 1.482 2.800 -50.000 1.050 2.700 -50.900 0.000
3 16 2.700 -50.900 0.000 2.500 -15.300 0.000 2.600 -14.135 1.482
3 16 2.700 -50.900 0.000 2.800 -50.000 1.050 3.000 -51.700 1.100
3 16 3.000 -51.700 1.100 3.000 -52.300 0.000 2.700 -50.900 0.000
3 16 3.000 -51.700 1.100 2.800 -50.000 1.050 3.000 -50.500 1.700
3 16 3.000 -50.500 1.700 2.800 -50.000 1.050 3.000 -12.970 2.563
3 16 3.000 -12.970 2.563 2.800 -50.000 1.050 2.600 -14.135 1.482
3 16 3.000 -52.300 0.000 3.000 -51.700 1.100 3.000 -53.300 1.600
3 16 3.000 -53.300 1.600 3.000 -51.700 1.100 3.000 -50.500 1.700
2 24 5.136 -7.300 2.800 4.830 -7.681 5.156
2 24 5.500 -7.183 0.000 5.136 -7.300 2.800
2 24 4.500 -8.200 7.700 4.830 -7.681 5.156
2 24 4.200 -15.300 0.000 4.500 -8.200 7.700
2 24 4.000 -11.546 4.130 4.000 -12.623 8.058
2 24 4.000 -12.623 8.058 4.000 -14.441 11.434
2 24 4.000 -14.441 11.434 4.000 -16.257 13.643
2 24 4.000 -16.257 13.643 4.000 -13.074 16.226
2 24 4.000 -13.074 16.226 4.000 -10.851 13.399
2 24 4.000 -10.851 13.399 4.000 -8.856 9.618
2 24 4.000 -8.240 7.657 4.000 -11.546 4.130
2 24 4.000 -8.240 7.657 4.000 -8.856 9.618
2 24 4.000 -8.240 7.657 4.500 -8.200 7.700
2 24 3.696 -7.247 1.531 2.828 -7.305 2.828
2 24 4.000 -7.183 0.000 3.696 -7.247 1.531
2 24 1.531 -7.445 3.696 0.000 -7.494 4.000
2 24 1.531 -7.445 3.696 2.828 -7.305 2.828
2 24 3.000 -52.300 0.000 3.000 -51.700 1.100
2 24 3.000 -51.700 1.100 3.000 -50.500 1.700
2 24 3.000 -50.500 1.700 3.000 -12.970 2.563
2 24 1.300 -55.800 5.900 1.300 -68.500 4.400
2 24 3.000 -12.970 2.563 2.525 -11.546 4.130
2 24 1.300 -68.500 4.400 1.300 -74.600 2.700
2 24 1.300 -40.100 6.800 1.300 -55.800 5.900
2 24 1.300 -76.100 1.700 1.300 -76.600 0.000
2 24 2.525 -11.546 4.130 1.300 -12.623 8.058
2 24 2.600 -14.135 1.482 3.000 -12.970 2.563
2 24 1.300 -74.600 2.700 1.300 -76.100 1.700
2 24 2.500 -15.300 0.000 2.600 -14.135 1.482
2 24 1.300 -12.623 8.058 1.300 -40.100 6.800
3 16 -4.000 -14.441 11.434 -4.000 -10.851 13.399 -4.000 -8.856 9.618
3 16 -4.000 -8.856 9.618 -4.000 -12.623 8.058 -4.000 -14.441 11.434
3 16 -4.000 -13.074 16.226 -4.000 -10.851 13.399 -4.000 -14.441 11.434
3 16 -4.000 -14.441 11.434 -4.000 -16.257 13.643 -4.000 -13.074 16.226
3 16 -4.500 -8.200 7.700 -5.500 -7.183 0.000 -4.200 -15.300 0.000
3 16 -3.000 -53.300 1.600 -3.000 -52.300 0.000 -3.000 -56.500 0.000
3 16 -3.000 -56.500 0.000 -3.000 -55.400 1.100 -3.000 -53.300 1.600
3 16 -3.000 -56.500 0.000 -1.300 -76.600 0.000 -1.300 -76.100 1.700
3 16 -3.000 -55.400 1.100 -3.000 -56.500 0.000 -1.300 -76.100 1.700
3 16 -1.300 -76.100 1.700 -1.300 -74.600 2.700 -3.000 -55.400 1.100
3 16 -1.300 -74.600 2.700 -1.300 -68.500 4.400 -3.000 -55.400 1.100
3 16 -2.525 -11.546 4.130 -3.000 -12.970 2.563 -3.000 -50.500 1.700
3 16 -3.000 -50.500 1.700 -1.300 -12.623 8.058 -2.525 -11.546 4.130
3 16 -3.000 -50.500 1.700 -1.300 -40.100 6.800 -1.300 -12.623 8.058
3 16 -4.500 -8.200 7.700 -4.830 -7.681 5.156 -5.136 -7.300 2.800
3 16 -5.136 -7.300 2.800 -5.500 -7.183 0.000 -4.500 -8.200 7.700
3 16 -4.000 -8.856 9.618 -4.000 -8.240 7.657 -4.000 -11.546 4.130
3 16 -4.000 -11.546 4.130 -4.000 -12.623 8.058 -4.000 -8.856 9.618
3 16 -4.500 -8.200 7.700 -4.000 -8.240 7.657 -4.830 -7.681 5.156
3 16 -4.000 -11.546 4.130 -4.000 -8.240 7.657 -4.500 -8.200 7.700
3 16 -4.500 -8.200 7.700 -4.200 -15.300 0.000 -4.000 -11.546 4.130
3 16 -3.000 -53.300 1.600 -3.000 -55.400 1.100 -1.300 -68.500 4.400
3 16 -1.300 -68.500 4.400 -1.300 -55.800 5.900 -3.000 -53.300 1.600
3 16 -3.000 -50.500 1.700 -3.000 -53.300 1.600 -1.300 -55.800 5.900
3 16 -1.300 -40.100 6.800 -3.000 -50.500 1.700 -1.300 -55.800 5.900
3 16 -2.700 -50.900 0.000 -2.800 -50.000 1.050 -2.600 -14.135 1.482
3 16 -2.600 -14.135 1.482 -2.500 -15.300 0.000 -2.700 -50.900 0.000
3 16 -3.000 -51.700 1.100 -2.800 -50.000 1.050 -2.700 -50.900 0.000
3 16 -2.700 -50.900 0.000 -3.000 -52.300 0.000 -3.000 -51.700 1.100
3 16 -3.000 -50.500 1.700 -2.800 -50.000 1.050 -3.000 -51.700 1.100
3 16 -3.000 -12.970 2.563 -2.800 -50.000 1.050 -3.000 -50.500 1.700
3 16 -2.600 -14.135 1.482 -2.800 -50.000 1.050 -3.000 -12.970 2.563
3 16 -3.000 -53.300 1.600 -3.000 -51.700 1.100 -3.000 -52.300 0.000
3 16 -3.000 -50.500 1.700 -3.000 -51.700 1.100 -3.000 -53.300 1.600
2 24 -5.136 -7.300 2.800 -4.830 -7.681 5.156
2 24 -5.500 -7.183 0.000 -5.136 -7.300 2.800
2 24 -4.500 -8.200 7.700 -4.830 -7.681 5.156
2 24 -4.200 -15.300 0.000 -4.500 -8.200 7.700
2 24 -4.000 -11.546 4.130 -4.000 -12.623 8.058
2 24 -4.000 -12.623 8.058 -4.000 -14.441 11.434
2 24 -4.000 -14.441 11.434 -4.000 -16.257 13.643
2 24 -4.000 -16.257 13.643 -4.000 -13.074 16.226
2 24 -4.000 -13.074 16.226 -4.000 -10.851 13.399
2 24 -4.000 -10.851 13.399 -4.000 -8.856 9.618
2 24 -4.000 -8.240 7.657 -4.000 -11.546 4.130
2 24 -4.000 -8.240 7.657 -4.000 -8.856 9.618
2 24 -4.000 -8.240 7.657 -4.500 -8.200 7.700
2 24 -3.696 -7.247 1.531 -2.828 -7.305 2.828
2 24 -4.000 -7.183 0.000 -3.696 -7.247 1.531
2 24 -1.531 -7.445 3.696 0.000 -7.494 4.000
2 24 -1.531 -7.445 3.696 -2.828 -7.305 2.828
2 24 -3.000 -52.300 0.000 -3.000 -51.700 1.100
2 24 -3.000 -51.700 1.100 -3.000 -50.500 1.700
2 24 -3.000 -50.500 1.700 -3.000 -12.970 2.563
2 24 -1.300 -55.800 5.900 -1.300 -68.500 4.400
2 24 -3.000 -12.970 2.563 -2.525 -11.546 4.130
2 24 -1.300 -68.500 4.400 -1.300 -74.600 2.700
2 24 -1.300 -40.100 6.800 -1.300 -55.800 5.900
2 24 -1.300 -76.100 1.700 -1.300 -76.600 0.000
2 24 -2.525 -11.546 4.130 -1.300 -12.623 8.058
2 24 -2.600 -14.135 1.482 -3.000 -12.970 2.563
2 24 -1.300 -74.600 2.700 -1.300 -76.100 1.700
2 24 -2.500 -15.300 0.000 -2.600 -14.135 1.482
2 24 -1.300 -12.623 8.058 -1.300 -40.100 6.800
1 16 0.0000 -14.6655 14.9345 4.0000 0.0000 0.0000 0.0000 0.0000 1.5900 0.0000 -1.0000 1.2900 rect2p.dat
3 16 5.136 -7.300 -2.800 -5.136 -7.300 -2.800 -5.500 -7.183 0.000
3 16 -5.500 -7.183 0.000 5.500 -7.183 0.000 5.136 -7.300 -2.800
3 16 4.830 -7.681 -5.156 -4.830 -7.681 -5.156 -5.136 -7.300 -2.800
3 16 -5.136 -7.300 -2.800 5.136 -7.300 -2.800 4.830 -7.681 -5.156
3 16 4.000 -13.074 -16.226 -4.000 -13.074 -16.226 -4.000 -10.851 -13.399
3 16 -4.000 -10.851 -13.399 4.000 -10.851 -13.399 4.000 -13.074 -16.226
3 16 4.000 -8.856 -9.618 -4.000 -8.856 -9.618 -4.000 -8.240 -7.657
3 16 -4.000 -8.240 -7.657 4.000 -8.240 -7.657 4.000 -8.856 -9.618
3 16 4.000 -10.851 -13.399 -4.000 -10.851 -13.399 -4.000 -8.856 -9.618
3 16 -4.000 -8.856 -9.618 4.000 -8.856 -9.618 4.000 -10.851 -13.399
3 16 4.000 -11.546 -4.130 -4.000 -11.546 -4.130 -4.000 -12.623 -8.058
3 16 -4.000 -12.623 -8.058 4.000 -12.623 -8.058 4.000 -11.546 -4.130
3 16 4.000 -14.441 -11.434 -4.000 -14.441 -11.434 -4.000 -16.257 -13.643
3 16 -4.000 -16.257 -13.643 4.000 -16.257 -13.643 4.000 -14.441 -11.434
3 16 4.000 -12.623 -8.058 -4.000 -12.623 -8.058 -4.000 -14.441 -11.434
3 16 -4.000 -14.441 -11.434 4.000 -14.441 -11.434 4.000 -12.623 -8.058
3 16 -4.830 -7.681 -5.156 4.830 -7.681 -5.156 4.000 -8.240 -7.657
3 16 4.000 -8.240 -7.657 -4.000 -8.240 -7.657 -4.830 -7.681 -5.156
3 16 4.200 -15.300 0.000 -4.200 -15.300 0.000 -4.000 -11.546 -4.130
3 16 -4.000 -11.546 -4.130 4.000 -11.546 -4.130 4.200 -15.300 0.000
3 16 -1.300 -76.100 -1.700 -1.300 -74.600 -2.700 1.300 -74.600 -2.700
3 16 1.300 -74.600 -2.700 1.300 -76.100 -1.700 -1.300 -76.100 -1.700
3 16 -1.300 -76.600 0.000 -1.300 -76.100 -1.700 1.300 -76.100 -1.700
3 16 1.300 -76.100 -1.700 1.300 -76.600 0.000 -1.300 -76.600 0.000
3 16 -1.300 -68.500 -4.400 -1.300 -55.800 -5.900 1.300 -55.800 -5.900
3 16 1.300 -55.800 -5.900 1.300 -68.500 -4.400 -1.300 -68.500 -4.400
3 16 -1.300 -74.600 -2.700 -1.300 -68.500 -4.400 1.300 -68.500 -4.400
3 16 1.300 -68.500 -4.400 1.300 -74.600 -2.700 -1.300 -74.600 -2.700
3 16 -1.300 -40.100 -6.800 -1.300 -12.623 -8.058 1.300 -12.623 -8.058
3 16 1.300 -12.623 -8.058 1.300 -40.100 -6.800 -1.300 -40.100 -6.800
3 16 -1.300 -55.800 -5.900 -1.300 -40.100 -6.800 1.300 -40.100 -6.800
3 16 1.300 -40.100 -6.800 1.300 -55.800 -5.900 -1.300 -55.800 -5.900
2 24 4.200 -15.300 0.000 -4.200 -15.300 0.000
2 24 4.000 -11.546 -4.130 -4.000 -11.546 -4.130
2 24 1.300 -12.623 -8.058 -1.300 -12.623 -8.058
2 24 -5.500 -7.183 0.000 -4.200 -15.300 0.000
3 16 -4.000 -8.856 -9.618 -4.000 -10.851 -13.399 -4.000 -14.441 -11.434
3 16 -4.000 -14.441 -11.434 -4.000 -12.623 -8.058 -4.000 -8.856 -9.618
3 16 -4.000 -14.441 -11.434 -4.000 -10.851 -13.399 -4.000 -13.074 -16.226
3 16 -4.000 -13.074 -16.226 -4.000 -16.257 -13.643 -4.000 -14.441 -11.434
3 16 -4.200 -15.300 0.000 -5.500 -7.183 0.000 -4.500 -8.200 -7.700
3 16 -3.000 -56.500 0.000 -3.000 -52.300 0.000 -3.000 -53.300 -1.600
3 16 -3.000 -53.300 -1.600 -3.000 -55.400 -1.100 -3.000 -56.500 0.000
3 16 -1.300 -76.100 -1.700 -1.300 -76.600 0.000 -3.000 -56.500 0.000
3 16 -1.300 -76.100 -1.700 -3.000 -56.500 0.000 -3.000 -55.400 -1.100
3 16 -3.000 -55.400 -1.100 -1.300 -74.600 -2.700 -1.300 -76.100 -1.700
3 16 -3.000 -55.400 -1.100 -1.300 -68.500 -4.400 -1.300 -74.600 -2.700
3 16 -3.000 -50.500 -1.700 -3.000 -12.970 -2.563 -2.525 -11.546 -4.130
3 16 -2.525 -11.546 -4.130 -1.300 -12.623 -8.058 -3.000 -50.500 -1.700
3 16 -1.300 -12.623 -8.058 -1.300 -40.100 -6.800 -3.000 -50.500 -1.700
3 16 -5.136 -7.300 -2.800 -4.830 -7.681 -5.156 -4.500 -8.200 -7.700
3 16 -4.500 -8.200 -7.700 -5.500 -7.183 0.000 -5.136 -7.300 -2.800
3 16 -4.000 -11.546 -4.130 -4.000 -8.240 -7.657 -4.000 -8.856 -9.618
3 16 -4.000 -8.856 -9.618 -4.000 -12.623 -8.058 -4.000 -11.546 -4.130
3 16 -4.830 -7.681 -5.156 -4.000 -8.240 -7.657 -4.500 -8.200 -7.700
3 16 -4.500 -8.200 -7.700 -4.000 -8.240 -7.657 -4.000 -11.546 -4.130
3 16 -4.000 -11.546 -4.130 -4.200 -15.300 0.000 -4.500 -8.200 -7.700
3 16 -1.300 -68.500 -4.400 -3.000 -55.400 -1.100 -3.000 -53.300 -1.600
3 16 -3.000 -53.300 -1.600 -1.300 -55.800 -5.900 -1.300 -68.500 -4.400
3 16 -1.300 -55.800 -5.900 -3.000 -53.300 -1.600 -3.000 -50.500 -1.700
3 16 -1.300 -55.800 -5.900 -3.000 -50.500 -1.700 -1.300 -40.100 -6.800
3 16 -2.600 -14.135 -1.482 -2.800 -50.000 -1.050 -2.700 -50.900 0.000
3 16 -2.700 -50.900 0.000 -2.500 -15.300 0.000 -2.600 -14.135 -1.482
3 16 -2.700 -50.900 0.000 -2.800 -50.000 -1.050 -3.000 -51.700 -1.100
3 16 -3.000 -51.700 -1.100 -3.000 -52.300 0.000 -2.700 -50.900 0.000
3 16 -3.000 -51.700 -1.100 -2.800 -50.000 -1.050 -3.000 -50.500 -1.700
3 16 -3.000 -50.500 -1.700 -2.800 -50.000 -1.050 -3.000 -12.970 -2.563
3 16 -3.000 -12.970 -2.563 -2.800 -50.000 -1.050 -2.600 -14.135 -1.482
3 16 -3.000 -52.300 0.000 -3.000 -51.700 -1.100 -3.000 -53.300 -1.600
3 16 -3.000 -53.300 -1.600 -3.000 -51.700 -1.100 -3.000 -50.500 -1.700
2 24 -5.136 -7.300 -2.800 -4.830 -7.681 -5.156
2 24 -5.500 -7.183 0.000 -5.136 -7.300 -2.800
2 24 -4.500 -8.200 -7.700 -4.830 -7.681 -5.156
2 24 -4.200 -15.300 0.000 -4.500 -8.200 -7.700
2 24 -4.000 -11.546 -4.130 -4.000 -12.623 -8.058
2 24 -4.000 -12.623 -8.058 -4.000 -14.441 -11.434
2 24 -4.000 -14.441 -11.434 -4.000 -16.257 -13.643
2 24 -4.000 -16.257 -13.643 -4.000 -13.074 -16.226
2 24 -4.000 -13.074 -16.226 -4.000 -10.851 -13.399
2 24 -4.000 -10.851 -13.399 -4.000 -8.856 -9.618
2 24 -4.000 -8.240 -7.657 -4.000 -11.546 -4.130
2 24 -4.000 -8.240 -7.657 -4.000 -8.856 -9.618
2 24 -4.000 -8.240 -7.657 -4.500 -8.200 -7.700
2 24 -3.696 -7.247 -1.531 -2.828 -7.305 -2.828
2 24 -4.000 -7.183 0.000 -3.696 -7.247 -1.531
2 24 -1.531 -7.445 -3.696 0.000 -7.494 -4.000
2 24 -1.531 -7.445 -3.696 -2.828 -7.305 -2.828
2 24 -3.000 -52.300 0.000 -3.000 -51.700 -1.100
2 24 -3.000 -51.700 -1.100 -3.000 -50.500 -1.700
2 24 -3.000 -50.500 -1.700 -3.000 -12.970 -2.563
2 24 -1.300 -55.800 -5.900 -1.300 -68.500 -4.400
2 24 -3.000 -12.970 -2.563 -2.525 -11.546 -4.130
2 24 -1.300 -68.500 -4.400 -1.300 -74.600 -2.700
2 24 -1.300 -40.100 -6.800 -1.300 -55.800 -5.900
2 24 -1.300 -76.100 -1.700 -1.300 -76.600 0.000
2 24 -2.525 -11.546 -4.130 -1.300 -12.623 -8.058
2 24 -2.600 -14.135 -1.482 -3.000 -12.970 -2.563
2 24 -1.300 -74.600 -2.700 -1.300 -76.100 -1.700
2 24 -2.500 -15.300 0.000 -2.600 -14.135 -1.482
2 24 -1.300 -12.623 -8.058 -1.300 -40.100 -6.800
3 16 4.000 -14.441 -11.434 4.000 -10.851 -13.399 4.000 -8.856 -9.618
3 16 4.000 -8.856 -9.618 4.000 -12.623 -8.058 4.000 -14.441 -11.434
3 16 4.000 -13.074 -16.226 4.000 -10.851 -13.399 4.000 -14.441 -11.434
3 16 4.000 -14.441 -11.434 4.000 -16.257 -13.643 4.000 -13.074 -16.226
3 16 4.500 -8.200 -7.700 5.500 -7.183 0.000 4.200 -15.300 0.000
3 16 3.000 -53.300 -1.600 3.000 -52.300 0.000 3.000 -56.500 0.000
3 16 3.000 -56.500 0.000 3.000 -55.400 -1.100 3.000 -53.300 -1.600
3 16 3.000 -56.500 0.000 1.300 -76.600 0.000 1.300 -76.100 -1.700
3 16 3.000 -55.400 -1.100 3.000 -56.500 0.000 1.300 -76.100 -1.700
3 16 1.300 -76.100 -1.700 1.300 -74.600 -2.700 3.000 -55.400 -1.100
3 16 1.300 -74.600 -2.700 1.300 -68.500 -4.400 3.000 -55.400 -1.100
3 16 2.525 -11.546 -4.130 3.000 -12.970 -2.563 3.000 -50.500 -1.700
3 16 3.000 -50.500 -1.700 1.300 -12.623 -8.058 2.525 -11.546 -4.130
3 16 3.000 -50.500 -1.700 1.300 -40.100 -6.800 1.300 -12.623 -8.058
3 16 4.500 -8.200 -7.700 4.830 -7.681 -5.156 5.136 -7.300 -2.800
3 16 5.136 -7.300 -2.800 5.500 -7.183 0.000 4.500 -8.200 -7.700
3 16 4.000 -8.856 -9.618 4.000 -8.240 -7.657 4.000 -11.546 -4.130
3 16 4.000 -11.546 -4.130 4.000 -12.623 -8.058 4.000 -8.856 -9.618
3 16 4.500 -8.200 -7.700 4.000 -8.240 -7.657 4.830 -7.681 -5.156
3 16 4.000 -11.546 -4.130 4.000 -8.240 -7.657 4.500 -8.200 -7.700
3 16 4.500 -8.200 -7.700 4.200 -15.300 0.000 4.000 -11.546 -4.130
3 16 3.000 -53.300 -1.600 3.000 -55.400 -1.100 1.300 -68.500 -4.400
3 16 1.300 -68.500 -4.400 1.300 -55.800 -5.900 3.000 -53.300 -1.600
3 16 3.000 -50.500 -1.700 3.000 -53.300 -1.600 1.300 -55.800 -5.900
3 16 1.300 -40.100 -6.800 3.000 -50.500 -1.700 1.300 -55.800 -5.900
3 16 2.700 -50.900 0.000 2.800 -50.000 -1.050 2.600 -14.135 -1.482
3 16 2.600 -14.135 -1.482 2.500 -15.300 0.000 2.700 -50.900 0.000
3 16 3.000 -51.700 -1.100 2.800 -50.000 -1.050 2.700 -50.900 0.000
3 16 2.700 -50.900 0.000 3.000 -52.300 0.000 3.000 -51.700 -1.100
3 16 3.000 -50.500 -1.700 2.800 -50.000 -1.050 3.000 -51.700 -1.100
3 16 3.000 -12.970 -2.563 2.800 -50.000 -1.050 3.000 -50.500 -1.700
3 16 2.600 -14.135 -1.482 2.800 -50.000 -1.050 3.000 -12.970 -2.563
3 16 3.000 -53.300 -1.600 3.000 -51.700 -1.100 3.000 -52.300 0.000
3 16 3.000 -50.500 -1.700 3.000 -51.700 -1.100 3.000 -53.300 -1.600
2 24 5.136 -7.300 -2.800 4.830 -7.681 -5.156
2 24 5.500 -7.183 0.000 5.136 -7.300 -2.800
2 24 4.500 -8.200 -7.700 4.830 -7.681 -5.156
2 24 4.200 -15.300 0.000 4.500 -8.200 -7.700
2 24 4.000 -11.546 -4.130 4.000 -12.623 -8.058
2 24 4.000 -12.623 -8.058 4.000 -14.441 -11.434
2 24 4.000 -14.441 -11.434 4.000 -16.257 -13.643
2 24 4.000 -16.257 -13.643 4.000 -13.074 -16.226
2 24 4.000 -13.074 -16.226 4.000 -10.851 -13.399
2 24 4.000 -10.851 -13.399 4.000 -8.856 -9.618
2 24 4.000 -8.240 -7.657 4.000 -11.546 -4.130
2 24 4.000 -8.240 -7.657 4.000 -8.856 -9.618
2 24 4.000 -8.240 -7.657 4.500 -8.200 -7.700
2 24 3.696 -7.247 -1.531 2.828 -7.305 -2.828
2 24 4.000 -7.183 0.000 3.696 -7.247 -1.531
2 24 1.531 -7.445 -3.696 0.000 -7.494 -4.000
2 24 1.531 -7.445 -3.696 2.828 -7.305 -2.828
2 24 3.000 -52.300 0.000 3.000 -51.700 -1.100
2 24 3.000 -51.700 -1.100 3.000 -50.500 -1.700
2 24 3.000 -50.500 -1.700 3.000 -12.970 -2.563
2 24 1.300 -55.800 -5.900 1.300 -68.500 -4.400
2 24 3.000 -12.970 -2.563 2.525 -11.546 -4.130
2 24 1.300 -68.500 -4.400 1.300 -74.600 -2.700
2 24 1.300 -40.100 -6.800 1.300 -55.800 -5.900
2 24 1.300 -76.100 -1.700 1.300 -76.600 0.000
2 24 2.525 -11.546 -4.130 1.300 -12.623 -8.058
2 24 2.600 -14.135 -1.482 3.000 -12.970 -2.563
2 24 1.300 -74.600 -2.700 1.300 -76.100 -1.700
2 24 2.500 -15.300 0.000 2.600 -14.135 -1.482
2 24 1.300 -12.623 -8.058 1.300 -40.100 -6.800
1 16 0.0000 -14.6655 -14.9345 -4.0000 0.0000 0.0000 0.0000 0.0000 1.5900 0.0000 1.0000 -1.2900 rect2p.dat
1 16 0.0000 6.5000 0.0000 0.0000 0.0000 -4.0000 0.0000 1.6000 0.0000 4.0000 0.0000 0.0000 4-4cylc.dat
1 16 0.0000 6.5000 0.0000 0.0000 0.0000 -3.5000 0.0000 -1.0000 0.0000 3.5000 0.0000 0.0000 4-4edge.dat
1 16 0.0000 3.6000 0.0000 0.0000 0.0000 -4.0000 0.0000 1.6000 0.0000 4.0000 0.0000 0.0000 4-4cylc.dat
1 16 0.0000 5.2000 0.0000 0.0000 0.0000 -4.0000 0.0000 -1.0000 0.0000 4.0000 0.0000 0.0000 4-4disc.dat
1 16 0.0000 5.2000 0.0000 0.0000 0.0000 -3.5000 0.0000 -1.0000 0.0000 3.5000 0.0000 0.0000 4-4edge.dat
1 16 0.0000 3.6000 0.0000 0.0000 0.0000 -3.5000 0.0000 -1.0000 0.0000 3.5000 0.0000 0.0000 4-4edge.dat
1 16 0.0000 0.7000 0.0000 0.0000 0.0000 -4.0000 0.0000 1.6000 0.0000 4.0000 0.0000 0.0000 4-4cylc.dat
1 16 0.0000 2.3000 0.0000 0.0000 0.0000 -4.0000 0.0000 -1.0000 0.0000 4.0000 0.0000 0.0000 4-4disc.dat
1 16 0.0000 2.3000 0.0000 0.0000 0.0000 -3.5000 0.0000 -1.0000 0.0000 3.5000 0.0000 0.0000 4-4edge.dat
1 16 0.0000 0.7000 0.0000 0.0000 0.0000 -3.5000 0.0000 -1.0000 0.0000 3.5000 0.0000 0.0000 4-4edge.dat
1 16 0.0000 -2.2000 0.0000 0.0000 0.0000 -4.0000 0.0000 1.6000 0.0000 4.0000 0.0000 0.0000 4-4cylc.dat
1 16 0.0000 -0.6000 0.0000 0.0000 0.0000 -4.0000 0.0000 -1.0000 0.0000 4.0000 0.0000 0.0000 4-4disc.dat
1 16 0.0000 -0.6000 0.0000 0.0000 0.0000 -3.5000 0.0000 -1.0000 0.0000 3.5000 0.0000 0.0000 4-4edge.dat
1 16 0.0000 -2.2000 0.0000 0.0000 0.0000 -3.5000 0.0000 -1.0000 0.0000 3.5000 0.0000 0.0000 4-4edge.dat
1 16 0.0000 -5.1000 0.0000 0.0000 0.0000 -4.0000 0.0000 1.6000 0.0000 4.0000 0.0000 0.0000 4-4cylc.dat
1 16 0.0000 -3.5000 0.0000 0.0000 0.0000 -4.0000 0.0000 -1.0000 0.0000 4.0000 0.0000 0.0000 4-4disc.dat
1 16 0.0000 -3.5000 0.0000 0.0000 0.0000 -3.5000 0.0000 -1.0000 0.0000 3.5000 0.0000 0.0000 4-4edge.dat
1 16 0.0000 -5.1000 0.0000 0.0000 0.0000 -3.5000 0.0000 -1.0000 0.0000 3.5000 0.0000 0.0000 4-4edge.dat
1 16 0.0000 -6.4000 0.0000 0.0000 0.0000 -4.0000 0.0000 1.0000 0.0000 4.0000 0.0000 0.0000 4-4edge.dat
1 16 0.0000 -8.0000 0.0000 0.0000 0.0000 -4.0000 0.0000 1.6000 0.0000 4.0000 0.0000 0.0000 4-4cyli.dat
1 16 0.0000 -6.4000 0.0000 0.0000 0.0000 -4.0000 0.0000 -1.0000 0.0000 4.0000 0.0000 0.0000 4-4disc.dat
1 16 0.0000 6.5000 0.0000 0.0000 0.0000 -3.5000 0.0000 -12.9000 0.0000 3.5000 0.0000 0.0000 4-4cylo.dat
1 16 0.0000 8.1000 0.0000 0.0000 0.0000 -4.5000 0.0000 -1.0000 0.0000 4.5000 0.0000 0.0000 4-4edge.dat
1 16 0.0000 8.1000 0.0000 0.0000 0.0000 -4.5000 0.0000 1.0000 0.0000 4.5000 0.0000 0.0000 4-4disc.dat
1 16 0.0000 12.1000 0.0000 0.0000 0.0000 6.0000 0.0000 1.0000 0.0000 6.0000 0.0000 0.0000 4-4edge.dat
1 16 0.0000 10.5000 0.0000 0.0000 0.0000 0.5000 0.0000 -2.4000 0.0000 0.5000 0.0000 0.0000 4-4con9.dat
1 16 0.0000 12.1000 0.0000 0.0000 0.0000 1.0000 0.0000 -1.6000 0.0000 1.0000 0.0000 0.0000 4-4con5.dat
1 16 0.0000 12.1000 0.0000 0.0000 0.0000 6.0000 0.0000 4.5000 0.0000 6.0000 0.0000 0.0000 4-8sphe.dat
