0 FILE 2821.dat
0 Container, Box 2 x 2 x 1 - Top Opening with Raised Inner Bottom
0 Name:  2821.dat
0 Author:  
0 BL_Item_No 2821
0 BFC CERTIFY CCW
2 24 -7.391 4.000 3.062 -7.391 4.500 3.061
2 24 -7.391 4.000 -3.062 -7.391 4.500 -3.062
2 24 3.062 4.000 7.391 3.061 4.500 7.391
2 24 -3.062 4.000 7.391 -3.062 4.500 7.391
2 24 7.391 4.000 -3.062 7.391 4.500 -3.061
2 24 7.391 4.000 3.062 7.391 4.500 3.062
2 24 -3.062 4.000 -7.391 -3.061 4.500 -7.391
2 24 3.062 4.000 -7.391 3.062 4.500 -7.391
1 16 0.0000 0.0000 0.0000 1.0000 0.0000 0.0000 0.0000 1.0000 0.0000 0.0000 0.0000 1.0000 35700.dat
1 16 -11.6955 4.0000 0.0000 4.3045 0.0000 0.0000 0.0000 0.5000 0.0000 0.0000 0.0000 3.0616 box3u5p.dat
1 16 0.0000 4.5000 0.0000 -7.3910 0.0000 -3.0615 0.0000 1.0000 0.0000 -3.0615 0.0000 7.3910 1-8edge.dat
1 16 0.0000 4.0000 11.6955 0.0000 0.0000 3.0616 0.0000 0.5000 0.0000 -4.3045 0.0000 0.0000 box3u5p.dat
1 16 0.0000 4.5000 0.0000 -3.0615 0.0000 7.3910 0.0000 1.0000 0.0000 7.3910 0.0000 3.0615 1-8edge.dat
1 16 11.6955 4.0000 0.0000 -4.3045 0.0000 0.0000 0.0000 0.5000 0.0000 0.0000 0.0000 -3.0616 box3u5p.dat
1 16 0.0000 4.5000 0.0000 7.3910 0.0000 3.0615 0.0000 1.0000 0.0000 3.0615 0.0000 -7.3910 1-8edge.dat
1 16 0.0000 4.0000 -11.6955 0.0000 0.0000 -3.0616 0.0000 0.5000 0.0000 4.3045 0.0000 0.0000 box3u5p.dat
1 16 0.0000 4.5000 0.0000 3.0615 0.0000 -7.3910 0.0000 1.0000 0.0000 -7.3910 0.0000 -3.0615 1-8edge.dat
1 16 0.0000 0.0000 0.0000 4.0000 0.0000 0.0000 0.0000 1.0000 0.0000 0.0000 0.0000 4.0000 4-4edge.dat
1 16 0.0000 -0.5000 0.0000 3.5000 0.0000 0.0000 0.0000 1.0000 0.0000 0.0000 0.0000 3.5000 4-4edge.dat
1 16 0.0000 0.0000 0.0000 0.5000 0.0000 0.0000 0.0000 -0.5000 0.0000 0.0000 0.0000 0.5000 4-4con7.dat
1 16 0.0000 -0.5000 0.0000 3.5000 0.0000 0.0000 0.0000 1.0000 0.0000 0.0000 0.0000 3.5000 4-4disc.dat
