0 FILE 29633.dat
0 Minifigure, Hair Female, Mid-Length Straight, Parted in Middle, Longer in Front than Back
0 Name:  29633.dat
0 Author:  
0 BL_Item_No 29633
0 BFC CERTIFY CCW
3 16 3.827 -3.000 -9.239 7.071 -3.000 -7.071 8.839 0.000 -8.839
3 16 3.827 -3.000 -9.239 8.839 0.000 -8.839 4.784 0.000 -11.087
3 16 0.000 -3.000 -10.000 3.827 -3.000 -9.239 4.784 0.000 -11.087
3 16 4.784 0.000 -11.087 0.000 0.000 -12.000 0.000 -3.000 -10.000
3 16 -4.784 0.000 -11.087 -3.827 -3.000 -9.239 0.000 -3.000 -10.000
3 16 0.000 -3.000 -10.000 0.000 0.000 -12.000 -4.784 0.000 -11.087
3 16 -3.827 -3.000 -9.239 -4.784 0.000 -11.087 -8.839 0.000 -8.839
3 16 -3.827 -3.000 -9.239 -8.839 0.000 -8.839 -7.071 -3.000 -7.071
3 16 -4.784 0.000 -11.087 -4.877 2.967 -11.774 -5.674 4.000 -11.541
3 16 -4.877 2.967 -11.774 -4.784 0.000 -11.087 -4.476 2.502 -11.843
3 16 -4.476 2.502 -11.843 -4.784 0.000 -11.087 0.000 0.000 -12.000
3 16 -4.476 2.502 -11.843 0.000 0.000 -12.000 0.000 1.783 -12.046
3 16 0.000 1.783 -12.046 0.000 0.000 -12.000 4.731 2.160 -11.420
3 16 4.731 2.160 -11.420 0.000 0.000 -12.000 4.784 0.000 -11.087
3 16 4.731 2.160 -11.420 4.784 0.000 -11.087 5.156 2.469 -11.441
3 16 5.156 2.469 -11.441 4.784 0.000 -11.087 8.839 0.000 -8.839
3 16 5.156 2.469 -11.441 8.839 0.000 -8.839 9.192 4.000 -9.192
3 16 -4.784 0.000 -11.087 -5.674 4.000 -11.541 -8.839 0.000 -8.839
3 16 -9.192 4.000 -9.192 -8.839 0.000 -8.839 -5.674 4.000 -11.541
3 16 12.011 23.426 4.975 13.000 23.900 0.000 13.000 4.000 0.000
3 16 13.000 4.000 0.000 12.011 4.000 4.975 12.011 23.426 4.975
3 16 0.000 23.258 13.000 4.975 23.245 12.011 4.975 4.000 12.011
3 16 4.975 4.000 12.011 0.000 4.000 13.000 0.000 23.258 13.000
3 16 -4.975 23.213 12.011 0.000 23.258 13.000 0.000 4.000 13.000
3 16 0.000 4.000 13.000 -4.975 4.000 12.011 -4.975 23.213 12.011
3 16 9.192 23.217 9.192 12.011 23.426 4.975 12.011 4.000 4.975
3 16 12.011 4.000 4.975 9.192 4.000 9.192 9.192 23.217 9.192
3 16 4.975 23.245 12.011 9.192 23.217 9.192 9.192 4.000 9.192
3 16 9.192 4.000 9.192 4.975 4.000 12.011 4.975 23.245 12.011
3 16 -13.000 23.914 0.000 -12.011 23.824 4.975 -12.011 4.000 4.975
3 16 -12.011 4.000 4.975 -13.000 4.000 0.000 -13.000 23.914 0.000
3 16 -12.111 23.920 -4.975 -13.000 23.914 0.000 -13.000 4.000 0.000
3 16 -13.000 4.000 0.000 -12.011 4.000 -4.975 -12.111 23.920 -4.975
3 16 -9.192 23.500 9.192 -4.975 23.213 12.011 -4.975 4.000 12.011
3 16 -4.975 4.000 12.011 -9.192 4.000 9.192 -9.192 23.500 9.192
3 16 -12.011 23.824 4.975 -9.192 23.500 9.192 -9.192 4.000 9.192
3 16 -9.192 4.000 9.192 -12.011 4.000 4.975 -12.011 23.824 4.975
3 16 -12.111 23.920 -4.975 -9.192 4.000 -9.192 -8.512 12.964 -10.438
3 16 -12.111 23.920 -4.975 -12.011 4.000 -4.975 -9.192 4.000 -9.192
3 16 13.000 23.900 0.000 12.011 23.900 -4.975 12.011 4.000 -4.975
3 16 12.011 4.000 -4.975 13.000 4.000 0.000 13.000 23.900 0.000
3 16 9.192 4.000 -9.192 12.011 4.000 -4.975 10.560 23.850 -7.678
3 16 10.560 23.850 -7.678 8.551 24.000 -10.100 8.314 19.877 -10.454
3 16 10.560 23.850 -7.678 12.011 4.000 -4.975 12.011 23.900 -4.975
3 16 5.156 2.469 -11.441 9.192 4.000 -9.192 7.578 5.717 -10.837
3 16 8.413 28.910 -10.321 7.641 29.083 -10.848 8.551 24.000 -10.100
3 16 10.560 23.850 -7.678 8.314 19.877 -10.454 8.465 12.538 -10.087
3 16 8.465 12.538 -10.087 9.192 4.000 -9.192 10.560 23.850 -7.678
3 16 9.192 4.000 -9.192 8.465 12.538 -10.087 7.578 5.717 -10.837
3 16 -8.430 20.632 -10.430 -8.725 24.000 -10.100 -12.111 23.920 -4.975
3 16 -8.512 12.964 -10.438 -8.430 20.632 -10.430 -12.111 23.920 -4.975
3 16 -9.192 4.000 -9.192 -7.365 6.368 -10.840 -8.512 12.964 -10.438
3 16 -8.430 20.632 -10.430 -7.345 28.446 -10.981 -8.725 24.000 -10.100
3 16 -8.725 24.000 -10.100 -7.345 28.446 -10.981 -8.338 28.056 -10.248
3 16 -5.674 4.000 -11.541 -7.365 6.368 -10.840 -9.192 4.000 -9.192
3 16 8.551 24.000 -10.100 7.641 29.083 -10.848 8.314 19.877 -10.454
3 16 -14.445 26.000 -10.100 -14.100 24.000 -8.000 -12.000 24.000 -10.100
3 16 -14.669 27.297 -10.100 -14.445 26.000 -10.100 -13.967 28.115 -10.100
3 16 -8.725 24.000 -10.100 -8.338 28.056 -10.248 -12.000 24.000 -10.100
3 16 -12.000 24.000 -10.100 -8.338 28.056 -10.248 -14.445 26.000 -10.100
3 16 -14.445 26.000 -10.100 -8.338 28.056 -10.248 -13.967 28.115 -10.100
3 16 -14.445 26.000 -10.100 -14.635 27.102 -7.370 -14.100 24.000 -8.000
3 16 14.728 27.641 -10.100 14.286 28.488 -10.322 14.445 26.000 -10.100
3 16 14.545 26.481 -6.881 14.728 27.641 -10.100 14.445 26.000 -10.100
3 16 14.545 26.481 -6.881 14.445 26.000 -10.100 14.100 24.000 -8.000
3 16 12.000 24.000 -10.100 8.551 24.000 -10.100 10.560 23.850 -7.678
3 16 14.100 24.000 -8.000 14.445 26.000 -10.100 12.000 24.000 -10.100
3 16 10.560 23.850 -7.678 14.100 24.000 -8.000 12.000 24.000 -10.100
3 16 -9.192 23.500 9.192 -12.011 23.824 4.975 -10.966 23.578 8.909
3 16 -9.192 23.500 9.192 -10.966 23.578 8.909 -8.409 23.069 11.611
3 16 -8.409 23.069 11.611 -4.975 23.213 12.011 -9.192 23.500 9.192
3 16 12.011 23.900 -4.975 13.000 23.900 0.000 14.100 24.000 -8.000
3 16 10.560 23.850 -7.678 12.011 23.900 -4.975 14.100 24.000 -8.000
3 16 14.100 23.900 -0.247 14.150 24.714 -0.493 14.100 24.000 -8.000
3 16 13.000 23.900 0.000 14.100 23.900 -0.247 14.100 24.000 -8.000
3 16 13.000 23.900 0.000 12.011 23.426 4.975 14.100 23.767 4.256
3 16 14.100 23.900 -0.247 13.000 23.900 0.000 14.100 23.767 4.256
3 16 14.150 24.714 -0.493 14.100 23.900 -0.247 14.100 23.767 4.256
3 16 14.100 23.767 4.256 12.011 23.426 4.975 13.564 23.639 5.830
3 16 12.011 23.426 4.975 9.192 23.217 9.192 11.169 23.009 9.685
3 16 9.192 23.217 9.192 4.975 23.245 12.011 6.019 23.177 12.937
3 16 11.169 23.009 9.685 13.564 23.639 5.830 12.011 23.426 4.975
3 16 10.492 22.833 10.874 11.169 23.009 9.685 9.192 23.217 9.192
3 16 6.019 23.177 12.937 10.492 22.833 10.874 9.192 23.217 9.192
3 16 0.000 23.258 13.000 0.031 22.482 14.971 6.019 23.177 12.937
3 16 6.019 23.177 12.937 4.975 23.245 12.011 0.000 23.258 13.000
3 16 0.031 22.482 14.971 0.000 23.258 13.000 -4.647 22.981 13.315
3 16 0.000 23.258 13.000 -4.975 23.213 12.011 -4.647 22.981 13.315
3 16 -4.975 23.213 12.011 -8.409 23.069 11.611 -4.647 22.981 13.315
3 16 12.000 24.000 -10.100 14.445 26.000 -10.100 8.413 28.910 -10.321
3 16 8.551 24.000 -10.100 12.000 24.000 -10.100 8.413 28.910 -10.321
3 16 8.413 28.910 -10.321 14.445 26.000 -10.100 14.286 28.488 -10.322
3 16 14.150 24.714 -0.493 14.545 26.481 -6.881 14.100 24.000 -8.000
3 16 -14.445 26.000 -10.100 -14.669 27.297 -10.100 -14.635 27.102 -7.370
3 16 -13.000 23.914 0.000 -13.516 23.786 5.984 -12.011 23.824 4.975
3 16 -13.516 23.786 5.984 -10.966 23.578 8.909 -12.011 23.824 4.975
3 16 -14.100 24.000 -8.000 -14.635 27.102 -7.370 -14.460 25.924 -2.380
3 16 -14.100 24.000 -8.000 -14.460 25.924 -2.380 -14.200 24.000 5.438
3 16 -14.200 24.000 5.438 -13.516 23.786 5.984 -13.000 23.914 0.000
3 16 -14.200 24.000 5.438 -13.000 23.914 0.000 -14.100 24.000 -8.000
3 16 -14.100 24.000 -8.000 -13.000 23.914 0.000 -12.111 23.920 -4.975
3 16 -14.100 24.000 -8.000 -12.111 23.920 -4.975 -8.725 24.000 -10.100
3 16 -14.100 24.000 -8.000 -8.725 24.000 -10.100 -12.000 24.000 -10.100
3 16 -4.877 2.967 -11.774 -4.476 2.502 -11.843 -5.120 1.720 -15.897
3 16 -5.674 4.000 -11.541 -4.877 2.967 -11.774 -5.120 1.720 -15.897
3 16 -5.674 4.000 -11.541 -5.120 1.720 -15.897 -7.437 4.164 -15.349
3 16 -7.437 4.164 -15.349 -7.365 6.368 -10.840 -5.674 4.000 -11.541
3 16 -7.437 4.164 -15.349 -8.678 6.326 -14.956 -7.365 6.368 -10.840
3 16 -8.678 6.326 -14.956 -9.497 10.802 -14.393 -7.365 6.368 -10.840
3 16 -7.365 6.368 -10.840 -9.497 10.802 -14.393 -8.512 12.964 -10.438
3 16 -8.430 20.632 -10.430 -8.512 12.964 -10.438 -9.883 19.012 -14.539
3 16 -9.883 19.012 -14.539 -8.512 12.964 -10.438 -9.497 10.802 -14.393
3 16 -9.883 19.012 -14.539 -7.726 30.451 -17.365 -8.430 20.632 -10.430
3 16 -7.726 30.451 -17.365 -7.400 31.063 -16.571 -8.430 20.632 -10.430
3 16 -7.345 28.446 -10.981 -8.430 20.632 -10.430 -7.400 31.063 -16.571
3 16 10.649 13.173 -14.579 9.778 5.921 -14.945 8.465 12.538 -10.087
3 16 8.465 12.538 -10.087 9.778 5.921 -14.945 7.578 5.717 -10.837
3 16 8.314 19.877 -10.454 10.293 18.632 -14.781 8.465 12.538 -10.087
3 16 8.465 12.538 -10.087 10.293 18.632 -14.781 10.649 13.173 -14.579
3 16 10.293 18.632 -14.781 8.314 19.877 -10.454 8.753 30.825 -17.527
3 16 8.753 30.825 -17.527 8.314 19.877 -10.454 8.368 31.347 -16.741
3 16 8.314 19.877 -10.454 7.641 29.083 -10.848 8.368 31.347 -16.741
3 16 -8.338 28.056 -10.248 -7.345 28.446 -10.981 -8.787 31.726 -16.473
3 16 -8.787 31.726 -16.473 -7.345 28.446 -10.981 -7.400 31.063 -16.571
3 16 -13.967 28.115 -10.100 -8.338 28.056 -10.248 -9.885 31.183 -14.932
3 16 -9.885 31.183 -14.932 -8.338 28.056 -10.248 -8.787 31.726 -16.473
3 16 -5.120 1.720 -15.897 -4.476 2.502 -11.843 -2.160 0.345 -15.633
3 16 -2.160 0.345 -15.633 -4.476 2.502 -11.843 0.000 1.783 -12.046
3 16 0.000 1.783 -12.046 1.314 -0.622 -14.245 -2.160 0.345 -15.633
3 16 5.682 0.598 -15.763 3.329 -0.611 -14.993 4.731 2.160 -11.420
3 16 0.000 1.783 -12.046 4.731 2.160 -11.420 1.314 -0.622 -14.245
3 16 4.731 2.160 -11.420 3.329 -0.611 -14.993 1.314 -0.622 -14.245
3 16 5.682 0.598 -15.763 4.731 2.160 -11.420 5.156 2.469 -11.441
3 16 5.156 2.469 -11.441 7.578 5.717 -10.837 8.276 3.105 -15.626
3 16 5.156 2.469 -11.441 8.276 3.105 -15.626 5.682 0.598 -15.763
3 16 8.276 3.105 -15.626 7.578 5.717 -10.837 9.778 5.921 -14.945
3 16 8.413 28.910 -10.321 14.286 28.488 -10.322 10.887 30.702 -12.812
3 16 8.368 31.347 -16.741 7.641 29.083 -10.848 9.540 31.476 -16.577
3 16 8.413 28.910 -10.321 10.887 30.702 -12.812 7.641 29.083 -10.848
3 16 7.641 29.083 -10.848 10.887 30.702 -12.812 9.540 31.476 -16.577
3 16 14.100 23.767 4.256 15.305 24.493 0.127 14.150 24.714 -0.493
3 16 15.305 24.493 0.127 16.389 25.825 -6.662 14.150 24.714 -0.493
3 16 16.389 25.825 -6.662 14.545 26.481 -6.881 14.150 24.714 -0.493
3 16 -8.678 6.326 -14.956 -7.437 4.164 -15.349 -8.946 3.130 -15.412
3 16 -8.946 3.130 -15.412 -10.621 5.793 -14.909 -8.678 6.326 -14.956
3 16 -11.849 10.586 -14.370 -9.497 10.802 -14.393 -10.621 5.793 -14.909
3 16 -10.621 5.793 -14.909 -9.497 10.802 -14.393 -8.678 6.326 -14.956
3 16 14.286 28.488 -10.322 14.728 27.641 -10.100 13.828 28.417 -12.379
3 16 14.728 27.641 -10.100 16.020 24.638 -10.378 13.828 28.417 -12.379
3 16 -9.883 19.012 -14.539 -9.497 10.802 -14.393 -11.849 10.586 -14.370
3 16 -11.849 10.586 -14.370 -12.259 19.124 -14.540 -9.883 19.012 -14.539
3 16 -12.259 19.124 -14.540 -11.516 24.531 -15.585 -9.883 19.012 -14.539
3 16 -9.883 19.012 -14.539 -11.516 24.531 -15.585 -7.726 30.451 -17.365
3 16 -11.516 24.531 -15.585 -9.122 30.976 -17.429 -7.726 30.451 -17.365
3 16 1.012 -4.265 -11.835 -0.430 -3.484 -13.316 1.115 -2.926 -13.124
3 16 -2.346 -1.489 -15.821 1.115 -2.926 -13.124 -2.365 -2.843 -14.182
3 16 -0.430 -3.484 -13.316 -2.365 -2.843 -14.182 1.115 -2.926 -13.124
3 16 -5.924 0.271 -16.067 -2.346 -1.489 -15.821 -6.286 -1.149 -13.989
3 16 -6.286 -1.149 -13.989 -2.346 -1.489 -15.821 -2.365 -2.843 -14.182
3 16 -10.046 1.883 -13.248 -8.946 3.130 -15.412 -6.286 -1.149 -13.989
3 16 -6.286 -1.149 -13.989 -8.946 3.130 -15.412 -5.924 0.271 -16.067
3 16 -6.502 -2.751 -12.956 -10.046 1.883 -13.248 -6.286 -1.149 -13.989
3 16 -6.286 -1.149 -13.989 -2.365 -2.843 -14.182 -6.502 -2.751 -12.956
3 16 -6.502 -2.751 -12.956 -2.365 -2.843 -14.182 -2.813 -4.016 -13.522
3 16 -2.365 -2.843 -14.182 -0.430 -3.484 -13.316 -2.813 -4.016 -13.522
3 16 -2.813 -4.016 -13.522 -0.430 -3.484 -13.316 -0.689 -4.240 -12.829
3 16 0.244 -4.885 -11.609 -0.689 -4.240 -12.829 1.012 -4.265 -11.835
3 16 1.012 -4.265 -11.835 -0.689 -4.240 -12.829 -0.430 -3.484 -13.316
3 16 -0.069 -5.951 -10.950 0.244 -4.885 -11.609 1.014 -4.865 -11.184
3 16 1.014 -4.865 -11.184 0.244 -4.885 -11.609 1.012 -4.265 -11.835
3 16 -2.813 -4.016 -13.522 -0.689 -4.240 -12.829 -3.330 -5.219 -11.134
3 16 -3.330 -5.219 -11.134 -0.689 -4.240 -12.829 0.244 -4.885 -11.609
3 16 -6.693 -3.766 -10.803 -6.502 -2.751 -12.956 -3.330 -5.219 -11.134
3 16 -3.330 -5.219 -11.134 -6.502 -2.751 -12.956 -2.813 -4.016 -13.522
3 16 -6.502 -2.751 -12.956 -6.693 -3.766 -10.803 -10.046 1.883 -13.248
3 16 -10.046 1.883 -13.248 -6.693 -3.766 -10.803 -12.398 3.946 -10.845
3 16 -3.310 -6.480 -10.557 -3.330 -5.219 -11.134 -0.069 -5.951 -10.950
3 16 -0.069 -5.951 -10.950 -3.330 -5.219 -11.134 0.244 -4.885 -11.609
3 16 -0.412 -7.582 -8.139 -0.069 -5.951 -10.950 0.871 -6.877 -7.760
3 16 0.871 -6.877 -7.760 -0.069 -5.951 -10.950 1.014 -4.865 -11.184
3 16 -3.330 -5.219 -11.134 -3.310 -6.480 -10.557 -6.693 -3.766 -10.803
3 16 -6.693 -3.766 -10.803 -3.310 -6.480 -10.557 -7.819 -4.996 -9.750
3 16 -7.819 -4.996 -9.750 -13.516 3.291 -9.841 -6.693 -3.766 -10.803
3 16 -6.693 -3.766 -10.803 -13.516 3.291 -9.841 -12.398 3.946 -10.845
3 16 -8.360 -5.789 -7.339 -14.144 2.413 -5.445 -7.819 -4.996 -9.750
3 16 -7.819 -4.996 -9.750 -14.144 2.413 -5.445 -13.516 3.291 -9.841
3 16 -3.310 -6.480 -10.557 -4.193 -7.477 -8.194 -7.819 -4.996 -9.750
3 16 -7.819 -4.996 -9.750 -4.193 -7.477 -8.194 -8.360 -5.789 -7.339
3 16 -0.069 -5.951 -10.950 -0.412 -7.582 -8.139 -3.310 -6.480 -10.557
3 16 -4.193 -7.477 -8.194 -3.310 -6.480 -10.557 -0.412 -7.582 -8.139
3 16 -0.412 -7.582 -8.139 -1.616 -8.936 -4.848 -4.193 -7.477 -8.194
3 16 -1.616 -8.936 -4.848 -0.412 -7.582 -8.139 0.497 -7.960 -4.522
3 16 0.497 -7.960 -4.522 -0.412 -7.582 -8.139 0.871 -6.877 -7.760
3 16 -4.193 -7.477 -8.194 -1.616 -8.936 -4.848 -4.337 -8.793 -4.016
3 16 -9.610 -5.038 -6.650 -8.360 -5.789 -7.339 -8.573 -6.877 -2.070
3 16 -8.573 -6.877 -2.070 -8.360 -5.789 -7.339 -4.337 -8.793 -4.016
3 16 -8.360 -5.789 -7.339 -4.193 -7.477 -8.194 -4.337 -8.793 -4.016
3 16 -9.122 30.976 -17.429 -11.516 24.531 -15.585 -8.787 31.726 -16.473
3 16 -8.787 31.726 -16.473 -11.516 24.531 -15.585 -12.891 25.207 -13.619
3 16 -11.849 10.586 -14.370 -10.621 5.793 -14.909 -13.755 9.418 -10.648
3 16 -13.755 9.418 -10.648 -10.621 5.793 -14.909 -12.398 3.946 -10.845
3 16 -8.946 3.130 -15.412 -10.046 1.883 -13.248 -10.621 5.793 -14.909
3 16 -10.621 5.793 -14.909 -10.046 1.883 -13.248 -12.398 3.946 -10.845
3 16 -13.755 9.418 -10.648 -12.398 3.946 -10.845 -15.210 9.127 -9.500
3 16 -15.210 9.127 -9.500 -12.398 3.946 -10.845 -13.516 3.291 -9.841
3 16 -16.064 8.735 -4.983 -15.210 9.127 -9.500 -13.516 3.291 -9.841
3 16 -13.516 3.291 -9.841 -14.144 2.413 -5.445 -16.064 8.735 -4.983
3 16 -17.218 8.582 -3.545 -16.064 8.735 -4.983 -15.114 1.770 -4.180
3 16 -15.114 1.770 -4.180 -16.064 8.735 -4.983 -14.144 2.413 -5.445
3 16 -15.114 1.770 -4.180 -14.144 2.413 -5.445 -9.610 -5.038 -6.650
3 16 -9.610 -5.038 -6.650 -14.144 2.413 -5.445 -8.360 -5.789 -7.339
3 16 -15.489 1.587 1.150 -15.114 1.770 -4.180 -11.976 -3.927 0.066
3 16 -15.114 1.770 -4.180 -9.610 -5.038 -6.650 -11.976 -3.927 0.066
3 16 -11.976 -3.927 0.066 -9.610 -5.038 -6.650 -8.573 -6.877 -2.070
3 16 -15.489 1.587 1.150 -11.976 -3.927 0.066 -15.865 1.047 2.314
3 16 3.329 -0.611 -14.993 4.059 -2.627 -15.023 1.314 -0.622 -14.245
3 16 1.314 -0.622 -14.245 4.059 -2.627 -15.023 1.115 -2.926 -13.124
3 16 3.329 -0.611 -14.993 5.682 0.598 -15.763 4.059 -2.627 -15.023
3 16 4.059 -2.627 -15.023 5.682 0.598 -15.763 6.841 -0.862 -16.087
3 16 5.682 0.598 -15.763 8.276 3.105 -15.626 6.841 -0.862 -16.087
3 16 6.841 -0.862 -16.087 8.276 3.105 -15.626 9.936 2.174 -15.772
3 16 1.012 -4.265 -11.835 1.115 -2.926 -13.124 2.421 -4.270 -12.490
3 16 1.115 -2.926 -13.124 4.059 -2.627 -15.023 2.421 -4.270 -12.490
3 16 4.059 -2.627 -15.023 5.475 -4.049 -13.646 2.421 -4.270 -12.490
3 16 4.059 -2.627 -15.023 6.841 -0.862 -16.087 5.475 -4.049 -13.646
3 16 5.475 -4.049 -13.646 6.841 -0.862 -16.087 8.816 -2.235 -13.459
3 16 11.575 0.846 -12.515 8.816 -2.235 -13.459 9.936 2.174 -15.772
3 16 9.936 2.174 -15.772 8.816 -2.235 -13.459 6.841 -0.862 -16.087
3 16 13.112 13.018 -14.657 11.778 5.600 -14.922 10.649 13.173 -14.579
3 16 10.649 13.173 -14.579 11.778 5.600 -14.922 9.778 5.921 -14.945
3 16 9.936 2.174 -15.772 8.276 3.105 -15.626 9.778 5.921 -14.945
3 16 9.778 5.921 -14.945 11.778 5.600 -14.922 9.936 2.174 -15.772
3 16 8.753 30.825 -17.527 10.007 30.816 -17.469 10.293 18.632 -14.781
3 16 10.007 30.816 -17.469 11.901 24.876 -16.319 10.293 18.632 -14.781
3 16 11.901 24.876 -16.319 12.857 18.722 -15.251 10.293 18.632 -14.781
3 16 -8.573 -6.877 -2.070 -8.157 -7.943 1.683 -11.976 -3.927 0.066
3 16 -8.157 -7.943 1.683 -15.416 0.221 4.936 -11.976 -3.927 0.066
3 16 -15.416 0.221 4.936 -15.865 1.047 2.314 -11.976 -3.927 0.066
3 16 -13.547 19.908 10.412 -11.476 19.520 12.743 -10.966 23.578 8.909
3 16 -10.966 23.578 8.909 -11.476 19.520 12.743 -8.409 23.069 11.611
3 16 -13.547 19.908 10.412 -14.992 15.353 10.986 -12.711 15.466 14.129
3 16 -12.711 15.466 14.129 -11.476 19.520 12.743 -13.547 19.908 10.412
3 16 -9.974 19.625 13.067 -11.476 19.520 12.743 -11.000 15.407 13.983
3 16 -11.000 15.407 13.983 -11.476 19.520 12.743 -12.711 15.466 14.129
3 16 -14.992 15.353 10.986 -13.547 19.908 10.412 -15.504 20.199 7.845
3 16 -15.504 20.199 7.845 -16.397 15.276 8.629 -14.992 15.353 10.986
3 16 -14.992 15.353 10.986 -16.397 15.276 8.629 -15.830 5.714 9.017
3 16 -15.830 5.714 9.017 -16.397 15.276 8.629 -17.473 8.466 6.082
3 16 -15.830 5.714 9.017 -12.184 7.675 14.945 -14.992 15.353 10.986
3 16 -14.992 15.353 10.986 -12.184 7.675 14.945 -12.711 15.466 14.129
3 16 -11.000 15.407 13.983 -12.711 15.466 14.129 -10.714 7.964 14.934
3 16 -10.714 7.964 14.934 -12.711 15.466 14.129 -12.184 7.675 14.945
3 16 6.970 -6.051 -10.513 10.429 -4.368 -8.682 7.195 -6.651 -9.829
3 16 7.195 -6.651 -9.829 10.429 -4.368 -8.682 10.780 -5.086 -7.527
3 16 11.575 0.846 -12.515 12.605 0.116 -11.470 9.816 -3.175 -12.379
3 16 9.816 -3.175 -12.379 8.816 -2.235 -13.459 11.575 0.846 -12.515
3 16 5.475 -4.049 -13.646 8.816 -2.235 -13.459 6.275 -4.810 -12.880
3 16 6.275 -4.810 -12.880 8.816 -2.235 -13.459 9.816 -3.175 -12.379
3 16 9.936 2.174 -15.772 11.778 5.600 -14.922 11.575 0.846 -12.515
3 16 11.575 0.846 -12.515 11.778 5.600 -14.922 13.463 4.690 -11.449
3 16 13.463 4.690 -11.449 14.664 3.940 -10.246 12.605 0.116 -11.470
3 16 12.605 0.116 -11.470 11.575 0.846 -12.515 13.463 4.690 -11.449
3 16 0.497 -7.960 -4.522 -3.509 -9.528 -1.264 -1.616 -8.936 -4.848
3 16 -1.616 -8.936 -4.848 -3.509 -9.528 -1.264 -3.943 -9.366 -2.130
3 16 -3.943 -9.366 -2.130 -3.509 -9.528 -1.264 -4.645 -9.281 -1.294
3 16 -4.645 -9.281 -1.294 -3.509 -9.528 -1.264 -5.059 -9.391 -0.357
3 16 -4.313 -9.853 -0.113 -5.059 -9.391 -0.357 -3.509 -9.528 -1.264
3 16 -3.509 -9.528 -1.264 -2.961 -10.095 -0.692 -4.313 -9.853 -0.113
3 16 -2.961 -10.095 -0.692 -3.509 -9.528 -1.264 -0.045 -9.112 -2.809
3 16 -0.045 -9.112 -2.809 -3.509 -9.528 -1.264 0.497 -7.960 -4.522
3 16 -1.616 -8.936 -4.848 -3.943 -9.366 -2.130 -4.337 -8.793 -4.016
3 16 -5.059 -9.391 -0.357 -8.573 -6.877 -2.070 -4.645 -9.281 -1.294
3 16 -4.337 -8.793 -4.016 -3.943 -9.366 -2.130 -8.573 -6.877 -2.070
3 16 -3.943 -9.366 -2.130 -4.645 -9.281 -1.294 -8.573 -6.877 -2.070
3 16 -8.573 -6.877 -2.070 -5.059 -9.391 -0.357 -8.157 -7.943 1.683
3 16 -14.242 -1.081 6.656 -13.361 -1.409 7.336 -15.064 1.731 7.926
3 16 -13.330 -1.354 8.482 -15.064 1.731 7.926 -13.361 -1.409 7.336
3 16 -9.803 -6.863 5.054 -11.035 -5.348 6.119 -9.418 -7.533 4.157
3 16 -9.418 -7.533 4.157 -11.035 -5.348 6.119 -11.870 -3.838 6.565
3 16 -11.870 -3.838 6.565 -11.035 -5.348 6.119 -8.361 -7.589 6.358
3 16 -8.361 -7.589 6.358 -11.035 -5.348 6.119 -9.199 -7.017 6.021
3 16 -11.035 -5.348 6.119 -9.803 -6.863 5.054 -9.199 -7.017 6.021
3 16 -9.803 -6.863 5.054 -9.418 -7.533 4.157 -9.199 -7.017 6.021
3 16 -9.199 -7.017 6.021 -9.418 -7.533 4.157 -8.361 -7.589 6.358
3 16 -15.830 5.714 9.017 -17.473 8.466 6.082 -15.064 1.731 7.926
3 16 -14.242 -1.081 6.656 -15.064 1.731 7.926 -15.416 0.221 4.936
3 16 -17.473 8.466 6.082 -15.416 0.221 4.936 -15.064 1.731 7.926
3 16 -14.242 -1.081 6.656 -15.416 0.221 4.936 -9.836 -6.705 3.929
3 16 -9.836 -6.705 3.929 -15.416 0.221 4.936 -8.157 -7.943 1.683
3 16 -9.418 -7.533 4.157 -11.870 -3.838 6.565 -9.836 -6.705 3.929
3 16 -14.242 -1.081 6.656 -9.836 -6.705 3.929 -13.361 -1.409 7.336
3 16 -11.870 -3.838 6.565 -13.361 -1.409 7.336 -9.836 -6.705 3.929
3 16 -8.361 -7.589 6.358 -8.729 -7.107 7.035 -11.870 -3.838 6.565
3 16 -13.330 -1.354 8.482 -13.361 -1.409 7.336 -8.729 -7.107 7.035
3 16 -13.361 -1.409 7.336 -11.870 -3.838 6.565 -8.729 -7.107 7.035
3 16 -7.200 -8.999 3.716 -9.418 -7.533 4.157 -8.157 -7.943 1.683
3 16 -13.330 -1.354 8.482 -10.558 1.664 14.259 -15.064 1.731 7.926
3 16 -10.558 1.664 14.259 -12.184 7.675 14.945 -15.064 1.731 7.926
3 16 -15.830 5.714 9.017 -15.064 1.731 7.926 -12.184 7.675 14.945
3 16 -8.729 -7.107 7.035 -6.342 -6.258 11.373 -13.330 -1.354 8.482
3 16 -13.330 -1.354 8.482 -6.342 -6.258 11.373 -10.558 1.664 14.259
3 16 -6.342 -6.258 11.373 -9.556 2.164 14.357 -10.558 1.664 14.259
3 16 -10.558 1.664 14.259 -9.556 2.164 14.357 -12.184 7.675 14.945
3 16 -12.184 7.675 14.945 -9.556 2.164 14.357 -10.714 7.964 14.934
3 16 -10.714 7.964 14.934 -9.556 2.164 14.357 -9.480 8.041 16.296
3 16 -9.480 8.041 16.296 -9.556 2.164 14.357 -8.610 2.023 15.677
3 16 -8.610 2.023 15.677 -9.556 2.164 14.357 -6.342 -6.258 11.373
3 16 -9.480 8.041 16.296 -10.031 15.203 15.109 -10.714 7.964 14.934
3 16 -10.714 7.964 14.934 -10.031 15.203 15.109 -11.000 15.407 13.983
3 16 -4.478 3.224 17.660 -6.009 8.773 17.907 -9.480 8.041 16.296
3 16 -9.480 8.041 16.296 -8.610 2.023 15.677 -4.478 3.224 17.660
3 16 -8.610 2.023 15.677 -4.391 0.486 17.054 -4.478 3.224 17.660
3 16 -6.009 8.773 17.907 -4.478 3.224 17.660 -4.931 8.952 17.660
3 16 -5.631 15.153 16.616 -7.167 15.177 16.938 -6.009 8.773 17.907
3 16 -6.009 8.773 17.907 -4.931 8.952 17.660 -5.631 15.153 16.616
3 16 -6.009 8.773 17.907 -7.167 15.177 16.938 -9.480 8.041 16.296
3 16 -9.480 8.041 16.296 -7.167 15.177 16.938 -10.031 15.203 15.109
3 16 -5.631 15.153 16.616 -5.930 19.025 15.416 -6.870 19.026 15.626
3 16 -6.870 19.026 15.626 -7.167 15.177 16.938 -5.631 15.153 16.616
3 16 -10.031 15.203 15.109 -7.167 15.177 16.938 -6.870 19.026 15.626
3 16 -6.870 19.026 15.626 -9.806 18.420 14.003 -10.031 15.203 15.109
3 16 -10.031 15.203 15.109 -9.806 18.420 14.003 -11.000 15.407 13.983
3 16 -11.000 15.407 13.983 -9.806 18.420 14.003 -9.974 19.625 13.067
3 16 -11.476 19.520 12.743 -9.974 19.625 13.067 -8.409 23.069 11.611
3 16 -6.870 19.026 15.626 -5.930 19.025 15.416 -4.647 22.981 13.315
3 16 -9.974 19.625 13.067 -9.806 18.420 14.003 -8.409 23.069 11.611
3 16 -4.647 22.981 13.315 -8.409 23.069 11.611 -6.870 19.026 15.626
3 16 -8.409 23.069 11.611 -9.806 18.420 14.003 -6.870 19.026 15.626
3 16 -4.931 8.952 17.660 -4.478 3.224 17.660 -3.834 8.891 18.372
3 16 -4.931 8.952 17.660 -3.834 8.891 18.372 -3.867 15.120 17.787
3 16 -3.867 15.120 17.787 -5.631 15.153 16.616 -4.931 8.952 17.660
3 16 -4.353 19.257 16.417 -5.930 19.025 15.416 -5.631 15.153 16.616
3 16 -5.631 15.153 16.616 -3.867 15.120 17.787 -4.353 19.257 16.417
3 16 -4.647 22.981 13.315 -5.930 19.025 15.416 -4.353 19.257 16.417
3 16 -1.193 8.562 18.898 -1.332 15.069 18.323 -3.834 8.891 18.372
3 16 -3.834 8.891 18.372 -1.332 15.069 18.323 -3.867 15.120 17.787
3 16 -4.391 0.486 17.054 -0.971 2.408 18.188 -4.478 3.224 17.660
3 16 -0.971 2.408 18.188 -1.193 8.562 18.898 -4.478 3.224 17.660
3 16 -1.193 8.562 18.898 -3.834 8.891 18.372 -4.478 3.224 17.660
3 16 -1.332 15.069 18.323 -1.225 19.180 17.218 -3.867 15.120 17.787
3 16 -3.867 15.120 17.787 -1.225 19.180 17.218 -4.353 19.257 16.417
3 16 -1.225 19.180 17.218 -0.049 19.270 16.564 0.031 22.482 14.971
3 16 -1.225 19.180 17.218 0.031 22.482 14.971 -4.353 19.257 16.417
3 16 -4.353 19.257 16.417 0.031 22.482 14.971 -4.647 22.981 13.315
3 16 1.314 19.127 17.369 0.031 22.482 14.971 -0.049 19.270 16.564
3 16 -1.332 15.069 18.323 0.416 15.004 17.463 -1.225 19.180 17.218
3 16 -1.225 19.180 17.218 0.416 15.004 17.463 -0.049 19.270 16.564
3 16 0.503 8.235 17.926 0.416 15.004 17.463 -1.193 8.562 18.898
3 16 -1.193 8.562 18.898 0.416 15.004 17.463 -1.332 15.069 18.323
3 16 -1.193 8.562 18.898 -0.971 2.408 18.188 0.503 8.235 17.926
3 16 0.503 8.235 17.926 -0.971 2.408 18.188 0.147 2.191 17.608
3 16 0.503 8.235 17.926 0.147 2.191 17.608 2.519 7.763 19.205
3 16 2.519 7.763 19.205 0.147 2.191 17.608 1.764 1.878 18.468
3 16 0.503 8.235 17.926 2.519 7.763 19.205 2.409 14.819 18.671
3 16 2.409 14.819 18.671 0.416 15.004 17.463 0.503 8.235 17.926
3 16 2.409 14.819 18.671 1.314 19.127 17.369 0.416 15.004 17.463
3 16 0.416 15.004 17.463 1.314 19.127 17.369 -0.049 19.270 16.564
3 16 6.019 23.177 12.937 0.031 22.482 14.971 4.877 19.041 16.967
3 16 4.877 19.041 16.967 0.031 22.482 14.971 1.314 19.127 17.369
3 16 1.314 19.127 17.369 2.409 14.819 18.671 4.877 19.041 16.967
3 16 4.877 19.041 16.967 2.409 14.819 18.671 5.309 14.558 18.153
3 16 6.389 7.631 18.358 5.309 14.558 18.153 2.519 7.763 19.205
3 16 2.519 7.763 19.205 5.309 14.558 18.153 2.409 14.819 18.671
3 16 2.519 7.763 19.205 1.764 1.878 18.468 6.389 7.631 18.358
3 16 6.389 7.631 18.358 1.764 1.878 18.468 5.997 1.202 17.561
3 16 -0.971 2.408 18.188 0.050 -2.365 16.667 0.147 2.191 17.608
3 16 0.147 2.191 17.608 0.050 -2.365 16.667 1.764 1.878 18.468
3 16 5.997 1.202 17.561 1.764 1.878 18.468 5.039 -3.001 15.955
3 16 5.039 -3.001 15.955 1.764 1.878 18.468 0.050 -2.365 16.667
3 16 5.039 -3.001 15.955 7.048 1.167 16.640 5.997 1.202 17.561
3 16 5.997 1.202 17.561 7.048 1.167 16.640 6.389 7.631 18.358
3 16 6.389 7.631 18.358 7.048 1.167 16.640 7.732 7.781 16.833
3 16 7.732 7.781 16.833 6.786 14.459 16.818 6.389 7.631 18.358
3 16 6.389 7.631 18.358 6.786 14.459 16.818 5.309 14.558 18.153
3 16 5.309 14.558 18.153 6.786 14.459 16.818 6.056 18.781 15.971
3 16 6.056 18.781 15.971 4.877 19.041 16.967 5.309 14.558 18.153
3 16 6.019 23.177 12.937 4.877 19.041 16.967 6.056 18.781 15.971
3 16 8.088 18.770 16.181 6.019 23.177 12.937 6.056 18.781 15.971
3 16 9.142 14.495 17.128 8.088 18.770 16.181 6.786 14.459 16.818
3 16 6.786 14.459 16.818 8.088 18.770 16.181 6.056 18.781 15.971
3 16 9.585 7.468 17.000 9.142 14.495 17.128 7.732 7.781 16.833
3 16 7.732 7.781 16.833 9.142 14.495 17.128 6.786 14.459 16.818
3 16 7.732 7.781 16.833 7.048 1.167 16.640 9.585 7.468 17.000
3 16 9.585 7.468 17.000 7.048 1.167 16.640 7.943 0.544 16.456
3 16 5.039 -3.001 15.955 6.004 -2.226 15.991 7.048 1.167 16.640
3 16 7.048 1.167 16.640 6.004 -2.226 15.991 7.943 0.544 16.456
3 16 3.898 -8.027 11.695 4.746 -7.464 11.291 4.786 -6.256 13.574
3 16 4.786 -6.256 13.574 4.746 -7.464 11.291 5.741 -4.972 14.350
3 16 5.741 -4.972 14.350 4.746 -7.464 11.291 5.895 -7.490 11.192
3 16 4.746 -7.464 11.291 3.898 -8.027 11.695 3.871 -9.123 8.014
3 16 3.871 -9.123 8.014 3.898 -8.027 11.695 2.804 -9.732 8.555
3 16 5.895 -7.490 11.192 4.746 -7.464 11.291 5.089 -9.196 7.913
3 16 5.089 -9.196 7.913 4.746 -7.464 11.291 3.871 -9.123 8.014
3 16 3.871 -9.123 8.014 2.804 -9.732 8.555 3.086 -10.127 4.680
3 16 3.086 -10.127 4.680 2.804 -9.732 8.555 2.086 -10.682 4.860
3 16 5.089 -9.196 7.913 3.871 -9.123 8.014 4.327 -10.250 4.557
3 16 4.327 -10.250 4.557 3.871 -9.123 8.014 3.086 -10.127 4.680
3 16 2.086 -10.682 4.860 2.197 -10.457 0.860 3.086 -10.127 4.680
3 16 4.327 -10.250 4.557 3.086 -10.127 4.680 3.074 -10.534 1.695
3 16 3.074 -10.534 1.695 3.086 -10.127 4.680 2.197 -10.457 0.860
3 16 11.169 23.009 9.685 10.492 22.833 10.874 11.309 18.344 13.571
3 16 11.309 18.344 13.571 10.492 22.833 10.874 10.367 18.602 15.021
3 16 10.492 22.833 10.874 6.019 23.177 12.937 10.367 18.602 15.021
3 16 10.367 18.602 15.021 6.019 23.177 12.937 8.088 18.770 16.181
3 16 9.142 14.495 17.128 10.813 14.478 16.254 10.367 18.602 15.021
3 16 10.367 18.602 15.021 8.088 18.770 16.181 9.142 14.495 17.128
3 16 10.813 14.478 16.254 11.446 14.323 14.718 10.367 18.602 15.021
3 16 10.367 18.602 15.021 11.446 14.323 14.718 11.309 18.344 13.571
3 16 11.278 7.492 15.879 10.813 14.478 16.254 9.585 7.468 17.000
3 16 9.585 7.468 17.000 10.813 14.478 16.254 9.142 14.495 17.128
3 16 10.813 14.478 16.254 11.278 7.492 15.879 11.446 14.323 14.718
3 16 11.446 14.323 14.718 11.278 7.492 15.879 11.922 7.755 14.497
3 16 9.585 7.468 17.000 7.943 0.544 16.456 11.278 7.492 15.879
3 16 11.278 7.492 15.879 7.943 0.544 16.456 10.397 -0.084 14.407
3 16 11.103 0.165 12.850 11.922 7.755 14.497 11.278 7.492 15.879
3 16 11.278 7.492 15.879 10.397 -0.084 14.407 11.103 0.165 12.850
3 16 5.895 -7.490 11.192 8.014 -6.187 11.014 5.741 -4.972 14.350
3 16 8.014 -6.187 11.014 10.397 -0.084 14.407 5.741 -4.972 14.350
3 16 5.741 -4.972 14.350 10.397 -0.084 14.407 6.004 -2.226 15.991
3 16 10.397 -0.084 14.407 7.943 0.544 16.456 6.004 -2.226 15.991
3 16 14.125 8.014 13.335 11.922 7.755 14.497 12.087 -0.236 12.121
3 16 12.087 -0.236 12.121 11.922 7.755 14.497 11.103 0.165 12.850
3 16 14.125 8.014 13.335 13.896 14.351 13.515 11.922 7.755 14.497
3 16 11.922 7.755 14.497 13.896 14.351 13.515 11.446 14.323 14.718
3 16 13.553 18.258 12.754 11.309 18.344 13.571 13.896 14.351 13.515
3 16 13.896 14.351 13.515 11.309 18.344 13.571 11.446 14.323 14.718
3 16 13.564 23.639 5.830 11.169 23.009 9.685 13.528 22.541 9.530
3 16 11.169 23.009 9.685 11.309 18.344 13.571 13.528 22.541 9.530
3 16 11.309 18.344 13.571 13.553 18.258 12.754 13.528 22.541 9.530
3 16 13.528 22.541 9.530 14.955 21.491 7.101 13.564 23.639 5.830
3 16 13.564 23.639 5.830 14.955 21.491 7.101 14.100 23.767 4.256
3 16 13.528 22.541 9.530 13.553 18.258 12.754 15.742 17.141 9.646
3 16 15.742 17.141 9.646 15.630 19.231 8.223 13.528 22.541 9.530
3 16 15.630 19.231 8.223 14.955 21.491 7.101 13.528 22.541 9.530
3 16 15.742 17.141 9.646 13.553 18.258 12.754 16.010 14.392 10.770
3 16 16.010 14.392 10.770 13.553 18.258 12.754 13.896 14.351 13.515
3 16 16.010 14.392 10.770 16.327 14.470 9.010 15.742 17.141 9.646
3 16 15.742 17.141 9.646 16.327 14.470 9.010 15.630 19.231 8.223
3 16 13.896 14.351 13.515 14.125 8.014 13.335 16.301 8.431 10.493
3 16 16.301 8.431 10.493 16.010 14.392 10.770 13.896 14.351 13.515
3 16 16.548 8.420 8.667 16.327 14.470 9.010 16.301 8.431 10.493
3 16 16.301 8.431 10.493 16.327 14.470 9.010 16.010 14.392 10.770
3 16 14.084 -1.660 7.213 16.286 3.675 7.867 12.087 -0.236 12.121
3 16 14.125 8.014 13.335 12.087 -0.236 12.121 16.301 8.431 10.493
3 16 16.301 8.431 10.493 12.087 -0.236 12.121 16.286 3.675 7.867
3 16 16.548 8.420 8.667 16.301 8.431 10.493 16.286 3.675 7.867
3 16 17.014 19.166 7.319 16.609 21.823 5.729 14.955 21.491 7.101
3 16 14.955 21.491 7.101 15.630 19.231 8.223 17.014 19.166 7.319
3 16 17.014 19.166 7.319 15.630 19.231 8.223 17.475 14.657 7.905
3 16 17.475 14.657 7.905 15.630 19.231 8.223 16.327 14.470 9.010
3 16 17.475 14.657 7.905 16.327 14.470 9.010 17.220 8.622 7.870
3 16 17.220 8.622 7.870 16.327 14.470 9.010 16.548 8.420 8.667
3 16 17.220 8.622 7.870 16.548 8.420 8.667 16.286 3.675 7.867
3 16 15.305 24.493 0.127 16.609 21.823 5.729 17.060 23.153 1.991
3 16 16.609 21.823 5.729 17.014 19.166 7.319 17.745 20.062 2.991
3 16 17.745 20.062 2.991 17.060 23.153 1.991 16.609 21.823 5.729
3 16 17.014 19.166 7.319 17.475 14.657 7.905 18.158 15.368 3.863
3 16 18.158 15.368 3.863 17.745 20.062 2.991 17.014 19.166 7.319
3 16 17.220 8.622 7.870 18.018 9.443 4.054 17.475 14.657 7.905
3 16 17.475 14.657 7.905 18.018 9.443 4.054 18.158 15.368 3.863
3 16 18.018 9.443 4.054 17.220 8.622 7.870 17.538 4.166 3.436
3 16 17.538 4.166 3.436 17.220 8.622 7.870 16.286 3.675 7.867
3 16 18.018 9.443 4.054 17.538 4.166 3.436 18.742 9.396 2.879
3 16 18.018 9.443 4.054 18.742 9.396 2.879 18.158 15.368 3.863
3 16 18.158 15.368 3.863 18.742 9.396 2.879 19.198 15.611 2.553
3 16 18.158 15.368 3.863 19.198 15.611 2.553 17.745 20.062 2.991
3 16 17.745 20.062 2.991 19.198 15.611 2.553 18.808 20.408 1.951
3 16 18.088 23.195 1.358 17.060 23.153 1.991 18.808 20.408 1.951
3 16 18.808 20.408 1.951 17.060 23.153 1.991 17.745 20.062 2.991
3 16 18.088 23.195 1.358 17.479 24.191 0.132 17.060 23.153 1.991
3 16 17.060 23.153 1.991 17.479 24.191 0.132 15.305 24.493 0.127
3 16 18.088 23.195 1.358 17.910 22.990 -4.670 17.479 24.191 0.132
3 16 17.479 24.191 0.132 17.910 22.990 -4.670 16.389 25.825 -6.662
3 16 18.088 23.195 1.358 18.808 20.408 1.951 18.629 20.274 -3.769
3 16 18.629 20.274 -3.769 17.910 22.990 -4.670 18.088 23.195 1.358
3 16 19.018 15.970 -3.287 18.629 20.274 -3.769 18.808 20.408 1.951
3 16 18.808 20.408 1.951 19.198 15.611 2.553 19.018 15.970 -3.287
3 16 16.939 2.648 -0.649 19.018 15.970 -3.287 18.742 9.396 2.879
3 16 19.018 15.970 -3.287 19.198 15.611 2.553 18.742 9.396 2.879
3 16 18.742 9.396 2.879 17.538 4.166 3.436 16.939 2.648 -0.649
3 16 19.018 15.970 -3.287 16.939 2.648 -0.649 18.749 12.269 -3.187
3 16 18.749 12.269 -3.187 16.939 2.648 -0.649 16.537 2.794 -1.370
3 16 18.749 12.269 -3.187 16.537 2.794 -1.370 16.264 2.657 -4.052
3 16 17.846 18.486 -4.788 19.018 15.970 -3.287 17.737 11.759 -4.251
3 16 17.737 11.759 -4.251 19.018 15.970 -3.287 18.749 12.269 -3.187
3 16 18.749 12.269 -3.187 16.264 2.657 -4.052 17.737 11.759 -4.251
3 16 17.737 11.759 -4.251 16.264 2.657 -4.052 15.562 3.209 -5.336
3 16 18.629 20.274 -3.769 19.018 15.970 -3.287 17.846 18.486 -4.788
3 16 17.846 18.486 -4.788 17.910 22.990 -4.670 18.629 20.274 -3.769
3 16 17.910 22.990 -4.670 17.846 18.486 -4.788 16.389 25.825 -6.662
3 16 15.562 3.209 -5.336 14.664 3.940 -10.246 16.890 12.470 -9.010
3 16 16.890 12.470 -9.010 17.737 11.759 -4.251 15.562 3.209 -5.336
3 16 16.977 18.901 -9.084 17.846 18.486 -4.788 16.890 12.470 -9.010
3 16 16.890 12.470 -9.010 17.846 18.486 -4.788 17.737 11.759 -4.251
3 16 16.020 24.638 -10.378 16.389 25.825 -6.662 16.977 18.901 -9.084
3 16 16.977 18.901 -9.084 16.389 25.825 -6.662 17.846 18.486 -4.788
3 16 12.112 29.557 -13.707 13.828 28.417 -12.379 14.494 24.488 -11.861
3 16 14.494 24.488 -11.861 13.828 28.417 -12.379 16.020 24.638 -10.378
3 16 16.977 18.901 -9.084 15.141 19.051 -10.757 16.020 24.638 -10.378
3 16 16.020 24.638 -10.378 15.141 19.051 -10.757 14.494 24.488 -11.861
3 16 14.664 3.940 -10.246 13.463 4.690 -11.449 16.890 12.470 -9.010
3 16 16.890 12.470 -9.010 13.463 4.690 -11.449 15.127 12.943 -10.351
3 16 15.141 19.051 -10.757 16.977 18.901 -9.084 15.127 12.943 -10.351
3 16 15.127 12.943 -10.351 16.977 18.901 -9.084 16.890 12.470 -9.010
3 16 15.127 12.943 -10.351 13.463 4.690 -11.449 13.112 13.018 -14.657
3 16 13.112 13.018 -14.657 13.463 4.690 -11.449 11.778 5.600 -14.922
3 16 13.112 13.018 -14.657 10.649 13.173 -14.579 12.857 18.722 -15.251
3 16 12.857 18.722 -15.251 10.649 13.173 -14.579 10.293 18.632 -14.781
3 16 12.857 18.722 -15.251 15.141 19.051 -10.757 13.112 13.018 -14.657
3 16 13.112 13.018 -14.657 15.141 19.051 -10.757 15.127 12.943 -10.351
3 16 15.141 19.051 -10.757 12.857 18.722 -15.251 14.494 24.488 -11.861
3 16 14.494 24.488 -11.861 12.857 18.722 -15.251 11.901 24.876 -16.319
3 16 14.494 24.488 -11.861 11.901 24.876 -16.319 12.112 29.557 -13.707
3 16 12.112 29.557 -13.707 11.901 24.876 -16.319 10.007 30.816 -17.469
3 16 10.887 30.702 -12.812 12.112 29.557 -13.707 9.540 31.476 -16.577
3 16 9.540 31.476 -16.577 12.112 29.557 -13.707 10.007 30.816 -17.469
3 16 8.368 31.347 -16.741 9.540 31.476 -16.577 8.753 30.825 -17.527
3 16 8.753 30.825 -17.527 9.540 31.476 -16.577 10.007 30.816 -17.469
3 16 15.562 3.209 -5.336 13.519 -0.734 -6.802 14.664 3.940 -10.246
3 16 14.664 3.940 -10.246 13.519 -0.734 -6.802 12.605 0.116 -11.470
3 16 9.816 -3.175 -12.379 12.605 0.116 -11.470 10.429 -4.368 -8.682
3 16 10.429 -4.368 -8.682 12.605 0.116 -11.470 13.519 -0.734 -6.802
3 16 13.519 -0.734 -6.802 15.562 3.209 -5.336 14.156 -1.391 -5.416
3 16 14.156 -1.391 -5.416 15.562 3.209 -5.336 16.264 2.657 -4.052
3 16 10.429 -4.368 -8.682 13.519 -0.734 -6.802 10.780 -5.086 -7.527
3 16 10.780 -5.086 -7.527 13.519 -0.734 -6.802 14.156 -1.391 -5.416
3 16 6.275 -4.810 -12.880 9.816 -3.175 -12.379 6.970 -6.051 -10.513
3 16 6.970 -6.051 -10.513 9.816 -3.175 -12.379 10.429 -4.368 -8.682
3 16 1.014 -4.865 -11.184 2.309 -5.255 -11.433 0.871 -6.877 -7.760
3 16 0.871 -6.877 -7.760 2.309 -5.255 -11.433 2.473 -7.574 -7.801
3 16 0.871 -6.877 -7.760 2.473 -7.574 -7.801 0.497 -7.960 -4.522
3 16 0.497 -7.960 -4.522 2.473 -7.574 -7.801 1.622 -8.510 -3.463
3 16 7.195 -6.651 -9.829 10.780 -5.086 -7.527 6.498 -7.815 -5.557
3 16 6.498 -7.815 -5.557 10.780 -5.086 -7.527 10.739 -5.518 -3.262
3 16 11.215 -6.250 -2.133 6.643 -8.570 -4.808 10.739 -5.518 -3.262
3 16 10.739 -5.518 -3.262 6.643 -8.570 -4.808 6.498 -7.815 -5.557
3 16 6.643 -8.570 -4.808 4.292 -8.478 -6.229 6.498 -7.815 -5.557
3 16 6.498 -7.815 -5.557 4.292 -8.478 -6.229 2.473 -7.574 -7.801
3 16 2.309 -5.255 -11.433 7.195 -6.651 -9.829 2.473 -7.574 -7.801
3 16 2.473 -7.574 -7.801 7.195 -6.651 -9.829 6.498 -7.815 -5.557
3 16 2.473 -7.574 -7.801 4.292 -8.478 -6.229 1.622 -8.510 -3.463
3 16 1.622 -8.510 -3.463 4.292 -8.478 -6.229 3.497 -9.217 -1.486
3 16 10.780 -5.086 -7.527 14.156 -1.391 -5.416 10.739 -5.518 -3.262
3 16 10.739 -5.518 -3.262 14.156 -1.391 -5.416 14.026 -1.994 -1.928
3 16 10.739 -5.518 -3.262 14.026 -1.994 -1.928 11.215 -6.250 -2.133
3 16 11.215 -6.250 -2.133 14.026 -1.994 -1.928 14.515 -2.172 -1.015
3 16 14.156 -1.391 -5.416 16.264 2.657 -4.052 14.026 -1.994 -1.928
3 16 14.026 -1.994 -1.928 16.264 2.657 -4.052 16.537 2.794 -1.370
3 16 14.026 -1.994 -1.928 16.537 2.794 -1.370 14.515 -2.172 -1.015
3 16 14.515 -2.172 -1.015 16.537 2.794 -1.370 16.939 2.648 -0.649
3 16 2.421 -4.270 -12.490 2.309 -5.255 -11.433 1.012 -4.265 -11.835
3 16 1.012 -4.265 -11.835 2.309 -5.255 -11.433 1.014 -4.865 -11.184
3 16 2.421 -4.270 -12.490 5.475 -4.049 -13.646 3.877 -4.811 -12.690
3 16 3.877 -4.811 -12.690 5.475 -4.049 -13.646 6.275 -4.810 -12.880
3 16 3.877 -4.811 -12.690 6.275 -4.810 -12.880 4.108 -5.443 -11.754
3 16 4.108 -5.443 -11.754 6.275 -4.810 -12.880 6.970 -6.051 -10.513
3 16 2.421 -4.270 -12.490 3.877 -4.811 -12.690 2.309 -5.255 -11.433
3 16 2.309 -5.255 -11.433 3.877 -4.811 -12.690 4.108 -5.443 -11.754
3 16 6.970 -6.051 -10.513 7.195 -6.651 -9.829 4.108 -5.443 -11.754
3 16 4.108 -5.443 -11.754 7.195 -6.651 -9.829 2.309 -5.255 -11.433
3 16 6.130 -9.265 0.226 3.497 -9.217 -1.486 6.643 -8.570 -4.808
3 16 6.643 -8.570 -4.808 3.497 -9.217 -1.486 4.292 -8.478 -6.229
3 16 6.643 -8.570 -4.808 11.215 -6.250 -2.133 6.130 -9.265 0.226
3 16 6.130 -9.265 0.226 11.215 -6.250 -2.133 10.900 -6.925 1.734
3 16 11.215 -6.250 -2.133 14.515 -2.172 -1.015 10.900 -6.925 1.734
3 16 10.900 -6.925 1.734 14.515 -2.172 -1.015 14.530 -2.164 2.887
3 16 14.515 -2.172 -1.015 16.939 2.648 -0.649 14.530 -2.164 2.887
3 16 14.530 -2.164 2.887 16.939 2.648 -0.649 17.538 4.166 3.436
3 16 16.286 3.675 7.867 14.084 -1.660 7.213 17.538 4.166 3.436
3 16 17.538 4.166 3.436 14.084 -1.660 7.213 14.530 -2.164 2.887
3 16 6.146 -9.719 1.300 6.130 -9.265 0.226 8.974 -8.400 2.460
3 16 8.974 -8.400 2.460 6.130 -9.265 0.226 10.900 -6.925 1.734
3 16 3.497 -9.217 -1.486 6.130 -9.265 0.226 2.999 -9.848 -0.689
3 16 2.999 -9.848 -0.689 6.130 -9.265 0.226 6.146 -9.719 1.300
3 16 2.999 -9.848 -0.689 1.926 -9.303 -1.809 3.497 -9.217 -1.486
3 16 3.497 -9.217 -1.486 1.926 -9.303 -1.809 1.622 -8.510 -3.463
3 16 14.084 -1.660 7.213 10.499 -6.670 6.045 14.530 -2.164 2.887
3 16 14.530 -2.164 2.887 10.499 -6.670 6.045 10.900 -6.925 1.734
3 16 0.497 -7.960 -4.522 1.622 -8.510 -3.463 0.964 -9.056 -2.200
3 16 0.964 -9.056 -2.200 1.622 -8.510 -3.463 1.926 -9.303 -1.809
3 16 -0.045 -9.112 -2.809 0.160 -10.404 0.271 -2.961 -10.095 -0.692
3 16 -1.444 -10.599 3.496 -4.313 -9.853 -0.113 0.160 -10.404 0.271
3 16 -2.961 -10.095 -0.692 0.160 -10.404 0.271 -4.313 -9.853 -0.113
3 16 0.964 -9.056 -2.200 1.926 -9.303 -1.809 1.302 -10.409 0.438
3 16 1.302 -10.409 0.438 1.926 -9.303 -1.809 2.197 -10.457 0.860
3 16 2.197 -10.457 0.860 2.086 -10.682 4.860 1.302 -10.409 0.438
3 16 1.302 -10.409 0.438 2.086 -10.682 4.860 -1.444 -10.599 3.496
3 16 -1.444 -10.599 3.496 0.160 -10.404 0.271 1.302 -10.409 0.438
3 16 2.804 -9.732 8.555 -0.885 -9.532 8.956 2.086 -10.682 4.860
3 16 2.086 -10.682 4.860 -0.885 -9.532 8.956 -1.444 -10.599 3.496
3 16 -1.444 -10.599 3.496 -0.885 -9.532 8.956 -3.888 -9.165 8.230
3 16 4.786 -6.256 13.574 5.741 -4.972 14.350 5.039 -3.001 15.955
3 16 5.039 -3.001 15.955 5.741 -4.972 14.350 6.004 -2.226 15.991
3 16 -3.888 -9.165 8.230 -7.200 -8.999 3.716 -1.444 -10.599 3.496
3 16 -1.444 -10.599 3.496 -7.200 -8.999 3.716 -4.313 -9.853 -0.113
3 16 -0.971 2.408 18.188 -4.391 0.486 17.054 0.050 -2.365 16.667
3 16 0.050 -2.365 16.667 -4.391 0.486 17.054 -1.885 -5.300 14.721
3 16 5.039 -3.001 15.955 0.050 -2.365 16.667 4.786 -6.256 13.574
3 16 3.898 -8.027 11.695 4.786 -6.256 13.574 -1.497 -7.795 12.136
3 16 0.050 -2.365 16.667 -1.885 -5.300 14.721 4.786 -6.256 13.574
3 16 4.786 -6.256 13.574 -1.885 -5.300 14.721 -1.497 -7.795 12.136
3 16 3.898 -8.027 11.695 -1.497 -7.795 12.136 -0.885 -9.532 8.956
3 16 -0.885 -9.532 8.956 2.804 -9.732 8.555 3.898 -8.027 11.695
3 16 -1.497 -7.795 12.136 -1.885 -5.300 14.721 -6.342 -6.258 11.373
3 16 -6.342 -6.258 11.373 -1.885 -5.300 14.721 -8.610 2.023 15.677
3 16 -8.610 2.023 15.677 -1.885 -5.300 14.721 -4.391 0.486 17.054
3 16 -6.342 -6.258 11.373 -3.888 -9.165 8.230 -1.497 -7.795 12.136
3 16 -1.497 -7.795 12.136 -3.888 -9.165 8.230 -0.885 -9.532 8.956
3 16 7.631 -8.595 6.347 8.974 -8.400 2.460 10.499 -6.670 6.045
3 16 10.499 -6.670 6.045 8.974 -8.400 2.460 10.900 -6.925 1.734
3 16 10.397 -0.084 14.407 8.014 -6.187 11.014 11.103 0.165 12.850
3 16 11.103 0.165 12.850 8.014 -6.187 11.014 8.616 -5.885 10.271
3 16 8.616 -5.885 10.271 9.313 -5.556 10.080 11.103 0.165 12.850
3 16 11.103 0.165 12.850 9.313 -5.556 10.080 12.087 -0.236 12.121
3 16 8.616 -5.885 10.271 8.014 -6.187 11.014 7.788 -7.879 8.161
3 16 8.616 -5.885 10.271 7.788 -7.879 8.161 9.313 -5.556 10.080
3 16 10.499 -6.670 6.045 14.084 -1.660 7.213 9.313 -5.556 10.080
3 16 9.313 -5.556 10.080 14.084 -1.660 7.213 12.087 -0.236 12.121
3 16 7.631 -8.595 6.347 7.788 -7.879 8.161 5.089 -9.196 7.913
3 16 5.089 -9.196 7.913 7.788 -7.879 8.161 5.895 -7.490 11.192
3 16 7.788 -7.879 8.161 8.014 -6.187 11.014 5.895 -7.490 11.192
3 16 5.089 -9.196 7.913 4.327 -10.250 4.557 7.631 -8.595 6.347
3 16 7.631 -8.595 6.347 4.327 -10.250 4.557 5.164 -10.127 3.828
3 16 7.631 -8.595 6.347 5.164 -10.127 3.828 8.974 -8.400 2.460
3 16 8.974 -8.400 2.460 5.164 -10.127 3.828 6.146 -9.719 1.300
3 16 2.999 -9.848 -0.689 6.146 -9.719 1.300 3.074 -10.534 1.695
3 16 3.074 -10.534 1.695 6.146 -9.719 1.300 5.164 -10.127 3.828
3 16 3.074 -10.534 1.695 5.164 -10.127 3.828 4.327 -10.250 4.557
3 16 1.926 -9.303 -1.809 2.999 -9.848 -0.689 2.197 -10.457 0.860
3 16 2.197 -10.457 0.860 2.999 -9.848 -0.689 3.074 -10.534 1.695
3 16 -4.313 -9.853 -0.113 -7.200 -8.999 3.716 -5.059 -9.391 -0.357
3 16 -5.059 -9.391 -0.357 -7.200 -8.999 3.716 -8.157 -7.943 1.683
3 16 -8.787 31.726 -16.473 -7.400 31.063 -16.571 -7.726 30.451 -17.365
3 16 -7.726 30.451 -17.365 -9.122 30.976 -17.429 -8.787 31.726 -16.473
3 16 -9.418 -7.533 4.157 -7.200 -8.999 3.716 -8.361 -7.589 6.358
3 16 -8.361 -7.589 6.358 -7.200 -8.999 3.716 -3.888 -9.165 8.230
3 16 -6.342 -6.258 11.373 -8.729 -7.107 7.035 -3.888 -9.165 8.230
3 16 -3.888 -9.165 8.230 -8.729 -7.107 7.035 -8.361 -7.589 6.358
3 16 9.313 -5.556 10.080 7.788 -7.879 8.161 10.499 -6.670 6.045
3 16 10.499 -6.670 6.045 7.788 -7.879 8.161 7.631 -8.595 6.347
3 16 -9.836 -6.705 3.929 -8.157 -7.943 1.683 -9.418 -7.533 4.157
3 16 1.115 -2.926 -13.124 -2.346 -1.489 -15.821 1.314 -0.622 -14.245
3 16 1.314 -0.622 -14.245 -2.346 -1.489 -15.821 -2.160 0.345 -15.633
3 16 -5.120 1.720 -15.897 -2.160 0.345 -15.633 -5.924 0.271 -16.067
3 16 -5.924 0.271 -16.067 -2.160 0.345 -15.633 -2.346 -1.489 -15.821
3 16 -8.946 3.130 -15.412 -7.437 4.164 -15.349 -5.120 1.720 -15.897
3 16 -5.120 1.720 -15.897 -5.924 0.271 -16.067 -8.946 3.130 -15.412
3 16 -16.397 15.276 8.629 -15.504 20.199 7.845 -16.708 16.427 8.042
3 16 -16.708 16.427 8.042 -15.504 20.199 7.845 -16.477 20.212 7.370
3 16 -15.489 1.587 1.150 -17.578 8.597 1.266 -17.218 8.582 -3.545
3 16 -17.218 8.582 -3.545 -15.114 1.770 -4.180 -15.489 1.587 1.150
3 16 -17.578 8.597 1.266 -15.489 1.587 1.150 -18.186 8.437 2.544
3 16 -18.186 8.437 2.544 -15.489 1.587 1.150 -15.865 1.047 2.314
3 16 -18.186 8.437 2.544 -15.865 1.047 2.314 -17.473 8.466 6.082
3 16 -17.473 8.466 6.082 -15.865 1.047 2.314 -15.416 0.221 4.936
3 16 -16.708 16.427 8.042 -16.477 20.212 7.370 -19.105 16.724 1.532
3 16 -19.105 16.724 1.532 -16.477 20.212 7.370 -18.420 21.387 -0.433
3 16 -16.708 16.427 8.042 -19.105 16.724 1.532 -16.397 15.276 8.629
3 16 -17.473 8.466 6.082 -16.397 15.276 8.629 -19.105 16.724 1.532
3 16 -19.105 16.724 1.532 -18.186 8.437 2.544 -17.473 8.466 6.082
3 16 -18.091 22.510 -1.717 -18.420 21.387 -0.433 -14.200 24.000 5.438
3 16 -8.787 31.726 -16.473 -12.891 25.207 -13.619 -9.885 31.183 -14.932
3 16 -9.885 31.183 -14.932 -12.891 25.207 -13.619 -14.439 25.903 -12.845
3 16 -14.669 27.297 -10.100 -13.967 28.115 -10.100 -14.439 25.903 -12.845
3 16 -14.439 25.903 -12.845 -13.967 28.115 -10.100 -9.885 31.183 -14.932
3 16 -11.516 24.531 -15.585 -12.259 19.124 -14.540 -12.891 25.207 -13.619
3 16 -12.891 25.207 -13.619 -12.259 19.124 -14.540 -13.968 18.998 -11.380
3 16 -11.849 10.586 -14.370 -13.755 9.418 -10.648 -13.968 18.998 -11.380
3 16 -13.968 18.998 -11.380 -12.259 19.124 -14.540 -11.849 10.586 -14.370
3 16 -13.755 9.418 -10.648 -15.210 9.127 -9.500 -15.808 16.937 -9.739
3 16 -15.808 16.937 -9.739 -13.968 18.998 -11.380 -13.755 9.418 -10.648
3 16 -14.439 25.903 -12.845 -12.891 25.207 -13.619 -15.394 21.230 -10.917
3 16 -15.394 21.230 -10.917 -12.891 25.207 -13.619 -13.968 18.998 -11.380
3 16 -16.064 8.735 -4.983 -16.790 17.228 -5.324 -15.210 9.127 -9.500
3 16 -15.210 9.127 -9.500 -16.790 17.228 -5.324 -15.808 16.937 -9.739
3 16 -15.394 21.230 -10.917 -16.355 22.626 -6.637 -14.669 27.297 -10.100
3 16 -14.669 27.297 -10.100 -14.439 25.903 -12.845 -15.394 21.230 -10.917
3 16 -16.790 17.228 -5.324 -16.064 8.735 -4.983 -17.895 17.185 -4.026
3 16 -17.895 17.185 -4.026 -16.064 8.735 -4.983 -17.218 8.582 -3.545
3 16 -17.895 17.185 -4.026 -17.218 8.582 -3.545 -18.330 17.014 0.290
3 16 -18.330 17.014 0.290 -17.218 8.582 -3.545 -17.578 8.597 1.266
3 16 -16.355 22.626 -6.637 -16.948 22.770 -5.698 -14.635 27.102 -7.370
3 16 -14.635 27.102 -7.370 -14.669 27.297 -10.100 -16.355 22.626 -6.637
3 16 -14.200 24.000 5.438 -14.460 25.924 -2.380 -18.091 22.510 -1.717
3 16 -14.635 27.102 -7.370 -16.948 22.770 -5.698 -18.091 22.510 -1.717
3 16 -18.091 22.510 -1.717 -14.460 25.924 -2.380 -14.635 27.102 -7.370
3 16 -18.186 8.437 2.544 -19.105 16.724 1.532 -17.578 8.597 1.266
3 16 -17.578 8.597 1.266 -19.105 16.724 1.532 -18.330 17.014 0.290
3 16 -19.105 16.724 1.532 -18.420 21.387 -0.433 -18.330 17.014 0.290
3 16 -18.330 17.014 0.290 -18.420 21.387 -0.433 -18.091 22.510 -1.717
3 16 -15.808 16.937 -9.739 -15.394 21.230 -10.917 -13.968 18.998 -11.380
3 16 -16.355 22.626 -6.637 -15.394 21.230 -10.917 -15.808 16.937 -9.739
3 16 -15.808 16.937 -9.739 -16.790 17.228 -5.324 -16.355 22.626 -6.637
3 16 -16.948 22.770 -5.698 -17.895 17.185 -4.026 -18.091 22.510 -1.717
3 16 -18.091 22.510 -1.717 -17.895 17.185 -4.026 -18.330 17.014 0.290
3 16 -16.355 22.626 -6.637 -16.790 17.228 -5.324 -16.948 22.770 -5.698
3 16 -16.948 22.770 -5.698 -16.790 17.228 -5.324 -17.895 17.185 -4.026
3 16 14.955 21.491 7.101 16.609 21.823 5.729 14.100 23.767 4.256
3 16 16.609 21.823 5.729 15.305 24.493 0.127 14.100 23.767 4.256
3 16 17.479 24.191 0.132 16.389 25.825 -6.662 15.305 24.493 0.127
3 16 12.112 29.557 -13.707 10.887 30.702 -12.812 13.828 28.417 -12.379
3 16 13.828 28.417 -12.379 10.887 30.702 -12.812 14.286 28.488 -10.322
3 16 14.728 27.641 -10.100 14.545 26.481 -6.881 16.389 25.825 -6.662
3 16 14.728 27.641 -10.100 16.389 25.825 -6.662 16.020 24.638 -10.378
3 16 -0.045 -9.112 -2.809 0.964 -9.056 -2.200 0.160 -10.404 0.271
3 16 0.160 -10.404 0.271 0.964 -9.056 -2.200 1.302 -10.409 0.438
3 16 -0.045 -9.112 -2.809 0.497 -7.960 -4.522 0.964 -9.056 -2.200
3 16 -13.516 23.786 5.984 -15.504 20.199 7.845 -10.966 23.578 8.909
3 16 -10.966 23.578 8.909 -15.504 20.199 7.845 -13.547 19.908 10.412
3 16 -18.420 21.387 -0.433 -16.477 20.212 7.370 -14.200 24.000 5.438
3 16 -14.200 24.000 5.438 -16.477 20.212 7.370 -15.504 20.199 7.845
3 16 -15.504 20.199 7.845 -13.516 23.786 5.984 -14.200 24.000 5.438
2 24 -4.877 2.967 -11.774 -4.476 2.502 -11.843
2 24 -5.674 4.000 -11.541 -4.877 2.967 -11.774
2 24 5.156 2.469 -11.441 7.578 5.717 -10.837
2 24 0.000 1.783 -12.046 4.731 2.160 -11.420
2 24 -8.512 12.964 -10.438 -7.365 6.368 -10.840
2 24 -8.430 20.632 -10.430 -8.512 12.964 -10.438
2 24 -7.345 28.446 -10.981 -8.430 20.632 -10.430
2 24 7.578 5.717 -10.837 8.465 12.538 -10.087
2 24 8.465 12.538 -10.087 8.314 19.877 -10.454
2 24 8.314 19.877 -10.454 7.641 29.083 -10.848
2 24 -7.345 28.446 -10.981 -8.338 28.056 -10.248
2 24 -4.476 2.502 -11.843 0.000 1.783 -12.046
2 24 8.413 28.910 -10.321 7.641 29.083 -10.848
2 24 4.731 2.160 -11.420 5.156 2.469 -11.441
2 24 8.413 28.910 -10.321 8.551 24.000 -10.100
2 24 8.551 24.000 -10.100 10.560 23.850 -7.678
2 24 10.560 23.850 -7.678 12.011 23.900 -4.975
2 24 13.000 23.900 0.000 12.011 23.426 4.975
2 24 12.011 23.426 4.975 9.192 23.217 9.192
2 24 9.192 23.217 9.192 4.975 23.245 12.011
2 24 4.975 23.245 12.011 0.000 23.258 13.000
2 24 0.000 23.258 13.000 -4.975 23.213 12.011
2 24 -4.975 23.213 12.011 -9.192 23.500 9.192
2 24 -9.192 23.500 9.192 -12.011 23.824 4.975
2 24 -12.011 23.824 4.975 -13.000 23.914 0.000
2 24 -13.000 23.914 0.000 -12.111 23.920 -4.975
2 24 -12.111 23.920 -4.975 -8.725 24.000 -10.100
2 24 -8.725 24.000 -10.100 -8.338 28.056 -10.248
2 24 -7.365 6.368 -10.840 -5.674 4.000 -11.541
2 24 13.000 23.900 0.000 12.011 23.900 -4.975
2 24 -8.725 24.000 -10.100 -12.000 24.000 -10.100
2 24 -14.100 24.000 -8.000 -12.000 24.000 -10.100
2 24 -14.100 24.000 -8.000 -14.445 26.000 -10.100
2 24 -14.445 26.000 -10.100 -12.000 24.000 -10.100
2 24 -14.445 26.000 -10.100 -14.669 27.297 -10.100
2 24 -14.669 27.297 -10.100 -13.967 28.115 -10.100
2 24 -14.669 27.297 -10.100 -14.635 27.102 -7.370
2 24 -14.100 24.000 -8.000 -14.200 24.000 5.438
2 24 -14.200 24.000 5.438 -14.460 25.924 -2.380
2 24 -14.200 24.000 5.438 -13.516 23.786 5.984
2 24 14.100 23.767 4.256 14.100 23.900 -0.247
2 24 14.100 23.900 -0.247 14.100 24.000 -8.000
2 24 14.100 24.000 -8.000 14.445 26.000 -10.100
2 24 14.445 26.000 -10.100 14.728 27.641 -10.100
2 24 14.445 26.000 -10.100 12.000 24.000 -10.100
2 24 12.000 24.000 -10.100 14.100 24.000 -8.000
2 24 12.000 24.000 -10.100 8.551 24.000 -10.100
2 24 11.169 23.009 9.685 10.492 22.833 10.874
2 24 14.100 23.767 4.256 13.564 23.639 5.830
2 24 -13.967 28.115 -10.100 -8.338 28.056 -10.248
2 24 -14.460 25.924 -2.380 -14.635 27.102 -7.370
2 24 14.150 24.714 -0.493 14.100 23.767 4.256
2 24 14.545 26.481 -6.881 14.150 24.714 -0.493
2 24 14.728 27.641 -10.100 14.286 28.488 -10.322
2 24 14.545 26.481 -6.881 14.728 27.641 -10.100
2 24 14.286 28.488 -10.322 8.413 28.910 -10.321
2 24 -8.678 6.326 -14.956 -7.437 4.164 -15.349
2 24 -9.497 10.802 -14.393 -8.678 6.326 -14.956
2 24 -9.883 19.012 -14.539 -9.497 10.802 -14.393
2 24 -7.726 30.451 -17.365 -9.883 19.012 -14.539
2 24 1.314 -0.622 -14.245 3.329 -0.611 -14.993
2 24 3.329 -0.611 -14.993 5.682 0.598 -15.763
2 24 5.682 0.598 -15.763 8.276 3.105 -15.626
2 24 9.778 5.921 -14.945 10.649 13.173 -14.579
2 24 8.276 3.105 -15.626 9.778 5.921 -14.945
2 24 10.293 18.632 -14.781 8.753 30.825 -17.527
2 24 10.649 13.173 -14.579 10.293 18.632 -14.781
2 24 9.540 31.476 -16.577 10.887 30.702 -12.812
2 24 8.368 31.347 -16.741 9.540 31.476 -16.577
2 24 8.753 30.825 -17.527 8.368 31.347 -16.741
2 24 -5.120 1.720 -15.897 -7.437 4.164 -15.349
2 24 -7.726 30.451 -17.365 -7.400 31.063 -16.571
2 24 -7.400 31.063 -16.571 -7.345 28.446 -10.981
2 24 -8.787 31.726 -16.473 -7.400 31.063 -16.571
2 24 7.641 29.083 -10.848 8.368 31.347 -16.741
2 24 -9.885 31.183 -14.932 -13.967 28.115 -10.100
2 24 -8.787 31.726 -16.473 -9.885 31.183 -14.932
2 24 -2.160 0.345 -15.633 1.314 -0.622 -14.245
2 24 -5.120 1.720 -15.897 -2.160 0.345 -15.633
2 24 10.887 30.702 -12.812 14.286 28.488 -10.322
2 24 -8.946 3.130 -15.412 -10.621 5.793 -14.909
2 24 -10.621 5.793 -14.909 -11.849 10.586 -14.370
2 24 -11.849 10.586 -14.370 -12.259 19.124 -14.540
2 24 -12.259 19.124 -14.540 -11.516 24.531 -15.585
2 24 -11.516 24.531 -15.585 -9.122 30.976 -17.429
2 24 -9.122 30.976 -17.429 -7.726 30.451 -17.365
2 24 1.012 -4.265 -11.835 -0.430 -3.484 -13.316
2 24 1.115 -2.926 -13.124 1.012 -4.265 -11.835
2 24 -2.346 -1.489 -15.821 1.115 -2.926 -13.124
2 24 -0.430 -3.484 -13.316 -2.365 -2.843 -14.182
2 24 -5.924 0.271 -16.067 -2.346 -1.489 -15.821
2 24 -2.365 -2.843 -14.182 -6.286 -1.149 -13.989
2 24 -6.286 -1.149 -13.989 -10.046 1.883 -13.248
2 24 -8.946 3.130 -15.412 -5.924 0.271 -16.067
2 24 -6.502 -2.751 -12.956 -10.046 1.883 -13.248
2 24 -2.813 -4.016 -13.522 -6.502 -2.751 -12.956
2 24 -0.689 -4.240 -12.829 -2.813 -4.016 -13.522
2 24 0.244 -4.885 -11.609 -0.689 -4.240 -12.829
2 24 1.012 -4.265 -11.835 0.244 -4.885 -11.609
2 24 1.014 -4.865 -11.184 -0.069 -5.951 -10.950
2 24 1.012 -4.265 -11.835 1.014 -4.865 -11.184
2 24 0.244 -4.885 -11.609 -3.330 -5.219 -11.134
2 24 -3.330 -5.219 -11.134 -6.693 -3.766 -10.803
2 24 -6.693 -3.766 -10.803 -12.398 3.946 -10.845
2 24 -0.069 -5.951 -10.950 -3.310 -6.480 -10.557
2 24 -0.412 -7.582 -8.139 -0.069 -5.951 -10.950
2 24 1.014 -4.865 -11.184 0.871 -6.877 -7.760
2 24 -3.310 -6.480 -10.557 -7.819 -4.996 -9.750
2 24 -7.819 -4.996 -9.750 -13.516 3.291 -9.841
2 24 -8.360 -5.789 -7.339 -14.144 2.413 -5.445
2 24 -1.616 -8.936 -4.848 -0.412 -7.582 -8.139
2 24 0.871 -6.877 -7.760 0.497 -7.960 -4.522
2 24 -9.610 -5.038 -6.650 -8.360 -5.789 -7.339
2 24 -8.787 31.726 -16.473 -9.122 30.976 -17.429
2 24 -12.891 25.207 -13.619 -8.787 31.726 -16.473
2 24 -12.398 3.946 -10.845 -13.755 9.418 -10.648
2 24 -13.516 3.291 -9.841 -15.210 9.127 -9.500
2 24 -14.144 2.413 -5.445 -16.064 8.735 -4.983
2 24 -15.114 1.770 -4.180 -17.218 8.582 -3.545
2 24 -9.610 -5.038 -6.650 -15.114 1.770 -4.180
2 24 -11.976 -3.927 0.066 -15.489 1.587 1.150
2 24 -11.976 -3.927 0.066 -15.865 1.047 2.314
2 24 4.059 -2.627 -15.023 1.115 -2.926 -13.124
2 24 1.115 -2.926 -13.124 1.314 -0.622 -14.245
2 24 6.841 -0.862 -16.087 4.059 -2.627 -15.023
2 24 9.936 2.174 -15.772 6.841 -0.862 -16.087
2 24 5.475 -4.049 -13.646 2.421 -4.270 -12.490
2 24 8.816 -2.235 -13.459 5.475 -4.049 -13.646
2 24 11.575 0.846 -12.515 8.816 -2.235 -13.459
2 24 13.112 13.018 -14.657 11.778 5.600 -14.922
2 24 11.778 5.600 -14.922 9.936 2.174 -15.772
2 24 8.753 30.825 -17.527 10.007 30.816 -17.469
2 24 10.007 30.816 -17.469 11.901 24.876 -16.319
2 24 11.901 24.876 -16.319 12.857 18.722 -15.251
2 24 -11.476 19.520 12.743 -8.409 23.069 11.611
2 24 -12.711 15.466 14.129 -11.476 19.520 12.743
2 24 -11.000 15.407 13.983 -9.974 19.625 13.067
2 24 -15.504 20.199 7.845 -16.397 15.276 8.629
2 24 -12.184 7.675 14.945 -12.711 15.466 14.129
2 24 -10.714 7.964 14.934 -11.000 15.407 13.983
2 24 6.970 -6.051 -10.513 10.429 -4.368 -8.682
2 24 10.780 -5.086 -7.527 7.195 -6.651 -9.829
2 24 12.605 0.116 -11.470 9.816 -3.175 -12.379
2 24 9.816 -3.175 -12.379 6.275 -4.810 -12.880
2 24 13.463 4.690 -11.449 11.575 0.846 -12.515
2 24 14.664 3.940 -10.246 12.605 0.116 -11.470
2 24 0.497 -7.960 -4.522 -3.509 -9.528 -1.264
2 24 -3.943 -9.366 -2.130 -1.616 -8.936 -4.848
2 24 -4.645 -9.281 -1.294 -3.943 -9.366 -2.130
2 24 -3.509 -9.528 -1.264 -5.059 -9.391 -0.357
2 24 -5.059 -9.391 -0.357 -4.645 -9.281 -1.294
2 24 -2.961 -10.095 -0.692 -4.313 -9.853 -0.113
2 24 -4.313 -9.853 -0.113 -5.059 -9.391 -0.357
2 24 -0.045 -9.112 -2.809 -2.961 -10.095 -0.692
2 24 -13.361 -1.409 7.336 -15.064 1.731 7.926
2 24 -15.064 1.731 7.926 -14.242 -1.081 6.656
2 24 -13.330 -1.354 8.482 -15.064 1.731 7.926
2 24 -9.803 -6.863 5.054 -11.035 -5.348 6.119
2 24 -9.418 -7.533 4.157 -9.803 -6.863 5.054
2 24 -11.870 -3.838 6.565 -9.418 -7.533 4.157
2 24 -8.361 -7.589 6.358 -11.870 -3.838 6.565
2 24 -11.035 -5.348 6.119 -9.199 -7.017 6.021
2 24 -9.199 -7.017 6.021 -8.361 -7.589 6.358
2 24 -9.836 -6.705 3.929 -14.242 -1.081 6.656
2 24 -9.836 -6.705 3.929 -9.418 -7.533 4.157
2 24 -11.870 -3.838 6.565 -13.361 -1.409 7.336
2 24 -8.361 -7.589 6.358 -8.729 -7.107 7.035
2 24 -8.729 -7.107 7.035 -13.330 -1.354 8.482
2 24 -10.558 1.664 14.259 -12.184 7.675 14.945
2 24 -6.342 -6.258 11.373 -10.558 1.664 14.259
2 24 -6.342 -6.258 11.373 -9.556 2.164 14.357
2 24 -9.556 2.164 14.357 -10.714 7.964 14.934
2 24 -8.610 2.023 15.677 -9.480 8.041 16.296
2 24 -6.342 -6.258 11.373 -8.610 2.023 15.677
2 24 -9.480 8.041 16.296 -10.031 15.203 15.109
2 24 -4.478 3.224 17.660 -6.009 8.773 17.907
2 24 -4.478 3.224 17.660 -4.931 8.952 17.660
2 24 -7.167 15.177 16.938 -6.009 8.773 17.907
2 24 -4.931 8.952 17.660 -5.631 15.153 16.616
2 24 -5.631 15.153 16.616 -5.930 19.025 15.416
2 24 -6.870 19.026 15.626 -7.167 15.177 16.938
2 24 -9.806 18.420 14.003 -10.031 15.203 15.109
2 24 -9.806 18.420 14.003 -9.974 19.625 13.067
2 24 -9.974 19.625 13.067 -8.409 23.069 11.611
2 24 -5.930 19.025 15.416 -4.647 22.981 13.315
2 24 -4.647 22.981 13.315 -6.870 19.026 15.626
2 24 -4.478 3.224 17.660 -3.834 8.891 18.372
2 24 -3.834 8.891 18.372 -3.867 15.120 17.787
2 24 -3.867 15.120 17.787 -4.353 19.257 16.417
2 24 -4.353 19.257 16.417 -4.647 22.981 13.315
2 24 -1.193 8.562 18.898 -1.332 15.069 18.323
2 24 -0.971 2.408 18.188 -1.193 8.562 18.898
2 24 -1.332 15.069 18.323 -1.225 19.180 17.218
2 24 -0.049 19.270 16.564 0.031 22.482 14.971
2 24 0.031 22.482 14.971 -1.225 19.180 17.218
2 24 1.314 19.127 17.369 0.031 22.482 14.971
2 24 0.416 15.004 17.463 -0.049 19.270 16.564
2 24 0.503 8.235 17.926 0.416 15.004 17.463
2 24 0.147 2.191 17.608 0.503 8.235 17.926
2 24 1.764 1.878 18.468 2.519 7.763 19.205
2 24 2.519 7.763 19.205 2.409 14.819 18.671
2 24 2.409 14.819 18.671 1.314 19.127 17.369
2 24 4.877 19.041 16.967 6.019 23.177 12.937
2 24 5.309 14.558 18.153 4.877 19.041 16.967
2 24 6.389 7.631 18.358 5.309 14.558 18.153
2 24 5.997 1.202 17.561 6.389 7.631 18.358
2 24 -0.971 2.408 18.188 0.050 -2.365 16.667
2 24 0.050 -2.365 16.667 0.147 2.191 17.608
2 24 0.050 -2.365 16.667 1.764 1.878 18.468
2 24 5.039 -3.001 15.955 5.997 1.202 17.561
2 24 5.039 -3.001 15.955 7.048 1.167 16.640
2 24 7.048 1.167 16.640 7.732 7.781 16.833
2 24 7.732 7.781 16.833 6.786 14.459 16.818
2 24 6.786 14.459 16.818 6.056 18.781 15.971
2 24 6.056 18.781 15.971 6.019 23.177 12.937
2 24 8.088 18.770 16.181 6.019 23.177 12.937
2 24 9.142 14.495 17.128 8.088 18.770 16.181
2 24 9.585 7.468 17.000 9.142 14.495 17.128
2 24 7.943 0.544 16.456 9.585 7.468 17.000
2 24 5.039 -3.001 15.955 6.004 -2.226 15.991
2 24 6.004 -2.226 15.991 7.943 0.544 16.456
2 24 4.786 -6.256 13.574 3.898 -8.027 11.695
2 24 4.746 -7.464 11.291 5.741 -4.972 14.350
2 24 5.741 -4.972 14.350 4.786 -6.256 13.574
2 24 5.895 -7.490 11.192 5.741 -4.972 14.350
2 24 3.871 -9.123 8.014 4.746 -7.464 11.291
2 24 3.898 -8.027 11.695 2.804 -9.732 8.555
2 24 5.089 -9.196 7.913 5.895 -7.490 11.192
2 24 3.086 -10.127 4.680 3.871 -9.123 8.014
2 24 2.804 -9.732 8.555 2.086 -10.682 4.860
2 24 4.327 -10.250 4.557 5.089 -9.196 7.913
2 24 2.086 -10.682 4.860 2.197 -10.457 0.860
2 24 2.197 -10.457 0.860 3.086 -10.127 4.680
2 24 3.074 -10.534 1.695 4.327 -10.250 4.557
2 24 2.197 -10.457 0.860 3.074 -10.534 1.695
2 24 11.309 18.344 13.571 11.169 23.009 9.685
2 24 10.492 22.833 10.874 10.367 18.602 15.021
2 24 10.813 14.478 16.254 10.367 18.602 15.021
2 24 11.446 14.323 14.718 11.309 18.344 13.571
2 24 11.278 7.492 15.879 10.813 14.478 16.254
2 24 11.922 7.755 14.497 11.446 14.323 14.718
2 24 10.397 -0.084 14.407 11.278 7.492 15.879
2 24 11.103 0.165 12.850 11.922 7.755 14.497
2 24 8.014 -6.187 11.014 10.397 -0.084 14.407
2 24 12.087 -0.236 12.121 14.125 8.014 13.335
2 24 14.125 8.014 13.335 13.896 14.351 13.515
2 24 13.896 14.351 13.515 13.553 18.258 12.754
2 24 13.528 22.541 9.530 13.564 23.639 5.830
2 24 13.553 18.258 12.754 13.528 22.541 9.530
2 24 14.955 21.491 7.101 14.100 23.767 4.256
2 24 15.742 17.141 9.646 15.630 19.231 8.223
2 24 15.630 19.231 8.223 14.955 21.491 7.101
2 24 16.010 14.392 10.770 15.742 17.141 9.646
2 24 16.327 14.470 9.010 15.630 19.231 8.223
2 24 16.301 8.431 10.493 16.010 14.392 10.770
2 24 16.548 8.420 8.667 16.327 14.470 9.010
2 24 16.286 3.675 7.867 16.301 8.431 10.493
2 24 16.286 3.675 7.867 16.548 8.420 8.667
2 24 17.014 19.166 7.319 16.609 21.823 5.729
2 24 17.475 14.657 7.905 17.014 19.166 7.319
2 24 17.220 8.622 7.870 17.475 14.657 7.905
2 24 16.286 3.675 7.867 17.220 8.622 7.870
2 24 15.305 24.493 0.127 16.609 21.823 5.729
2 24 17.060 23.153 1.991 15.305 24.493 0.127
2 24 17.745 20.062 2.991 17.060 23.153 1.991
2 24 18.158 15.368 3.863 17.745 20.062 2.991
2 24 18.018 9.443 4.054 18.158 15.368 3.863
2 24 17.538 4.166 3.436 18.018 9.443 4.054
2 24 17.538 4.166 3.436 18.742 9.396 2.879
2 24 18.742 9.396 2.879 19.198 15.611 2.553
2 24 19.198 15.611 2.553 18.808 20.408 1.951
2 24 18.808 20.408 1.951 18.088 23.195 1.358
2 24 18.088 23.195 1.358 17.479 24.191 0.132
2 24 17.910 22.990 -4.670 16.389 25.825 -6.662
2 24 16.389 25.825 -6.662 17.479 24.191 0.132
2 24 18.629 20.274 -3.769 17.910 22.990 -4.670
2 24 19.018 15.970 -3.287 18.629 20.274 -3.769
2 24 16.939 2.648 -0.649 19.018 15.970 -3.287
2 24 18.749 12.269 -3.187 19.018 15.970 -3.287
2 24 16.537 2.794 -1.370 18.749 12.269 -3.187
2 24 16.264 2.657 -4.052 18.749 12.269 -3.187
2 24 17.737 11.759 -4.251 17.846 18.486 -4.788
2 24 15.562 3.209 -5.336 17.737 11.759 -4.251
2 24 17.846 18.486 -4.788 16.389 25.825 -6.662
2 24 14.664 3.940 -10.246 16.890 12.470 -9.010
2 24 16.890 12.470 -9.010 16.977 18.901 -9.084
2 24 16.977 18.901 -9.084 16.020 24.638 -10.378
2 24 12.112 29.557 -13.707 13.828 28.417 -12.379
2 24 14.494 24.488 -11.861 12.112 29.557 -13.707
2 24 13.828 28.417 -12.379 16.020 24.638 -10.378
2 24 15.141 19.051 -10.757 14.494 24.488 -11.861
2 24 13.463 4.690 -11.449 15.127 12.943 -10.351
2 24 15.127 12.943 -10.351 15.141 19.051 -10.757
2 24 12.857 18.722 -15.251 13.112 13.018 -14.657
2 24 10.007 30.816 -17.469 9.540 31.476 -16.577
2 24 15.562 3.209 -5.336 13.519 -0.734 -6.802
2 24 13.519 -0.734 -6.802 10.429 -4.368 -8.682
2 24 16.264 2.657 -4.052 14.156 -1.391 -5.416
2 24 14.156 -1.391 -5.416 10.780 -5.086 -7.527
2 24 1.622 -8.510 -3.463 0.497 -7.960 -4.522
2 24 10.739 -5.518 -3.262 6.498 -7.815 -5.557
2 24 11.215 -6.250 -2.133 6.643 -8.570 -4.808
2 24 6.643 -8.570 -4.808 4.292 -8.478 -6.229
2 24 4.292 -8.478 -6.229 2.473 -7.574 -7.801
2 24 2.473 -7.574 -7.801 6.498 -7.815 -5.557
2 24 2.309 -5.255 -11.433 7.195 -6.651 -9.829
2 24 3.497 -9.217 -1.486 1.622 -8.510 -3.463
2 24 14.026 -1.994 -1.928 10.739 -5.518 -3.262
2 24 14.515 -2.172 -1.015 11.215 -6.250 -2.133
2 24 16.537 2.794 -1.370 14.026 -1.994 -1.928
2 24 16.939 2.648 -0.649 14.515 -2.172 -1.015
2 24 3.877 -4.811 -12.690 2.421 -4.270 -12.490
2 24 6.275 -4.810 -12.880 3.877 -4.811 -12.690
2 24 6.970 -6.051 -10.513 4.108 -5.443 -11.754
2 24 4.108 -5.443 -11.754 2.309 -5.255 -11.433
2 24 6.130 -9.265 0.226 3.497 -9.217 -1.486
2 24 10.900 -6.925 1.734 6.130 -9.265 0.226
2 24 8.974 -8.400 2.460 6.146 -9.719 1.300
2 24 10.900 -6.925 1.734 8.974 -8.400 2.460
2 24 6.146 -9.719 1.300 2.999 -9.848 -0.689
2 24 2.999 -9.848 -0.689 1.926 -9.303 -1.809
2 24 0.964 -9.056 -2.200 0.497 -7.960 -4.522
2 24 1.302 -10.409 0.438 0.964 -9.056 -2.200
2 24 8.616 -5.885 10.271 11.103 0.165 12.850
2 24 9.313 -5.556 10.080 12.087 -0.236 12.121
2 24 8.014 -6.187 11.014 7.788 -7.879 8.161
2 24 7.788 -7.879 8.161 8.616 -5.885 10.271
2 24 7.788 -7.879 8.161 9.313 -5.556 10.080
2 24 -16.708 16.427 8.042 -16.397 15.276 8.629
2 24 -16.477 20.212 7.370 -16.708 16.427 8.042
2 24 -15.489 1.587 1.150 -17.578 8.597 1.266
2 24 -15.865 1.047 2.314 -18.186 8.437 2.544
2 24 -18.420 21.387 -0.433 -19.105 16.724 1.532
2 24 -19.105 16.724 1.532 -18.186 8.437 2.544
2 24 -14.439 25.903 -12.845 -9.885 31.183 -14.932
2 24 -13.968 18.998 -11.380 -12.891 25.207 -13.619
2 24 -13.755 9.418 -10.648 -13.968 18.998 -11.380
2 24 -15.210 9.127 -9.500 -15.808 16.937 -9.739
2 24 -15.394 21.230 -10.917 -14.439 25.903 -12.845
2 24 -16.064 8.735 -4.983 -16.790 17.228 -5.324
2 24 -17.218 8.582 -3.545 -17.895 17.185 -4.026
2 24 -17.578 8.597 1.266 -18.330 17.014 0.290
2 24 -16.948 22.770 -5.698 -14.635 27.102 -7.370
2 24 -18.091 22.510 -1.717 -18.420 21.387 -0.433
2 24 -18.091 22.510 -1.717 -18.330 17.014 0.290
2 24 -15.808 16.937 -9.739 -15.394 21.230 -10.917
2 24 -16.790 17.228 -5.324 -16.355 22.626 -6.637
2 24 -16.948 22.770 -5.698 -17.895 17.185 -4.026
2 24 14.728 27.641 -10.100 16.389 25.825 -6.662
2 24 -13.516 23.786 5.984 -15.504 20.199 7.845
2 24 -11.870 -3.838 6.565 -11.035 -5.348 6.119
1 16 0.0000 -6.0000 0.0000 1.0000 0.0000 0.0000 0.0000 -1.5000 0.0000 0.0000 0.0000 1.0000 stud4o.dat
1 16 0.0000 0.0000 0.0000 8.0000 0.0000 0.0000 0.0000 -3.0000 0.0000 0.0000 0.0000 8.0000 4-4cylo.dat
1 16 0.0000 -3.0000 0.0000 2.0000 0.0000 0.0000 0.0000 -1.0000 0.0000 0.0000 0.0000 2.0000 4-4ring4.dat
0 BFC INVERTNEXT
1 16 0.0000 4.0000 0.0000 -0.3536 0.0000 0.3536 0.0000 -4.0000 0.0000 0.3536 0.0000 0.3536 1-4con25.dat
0 BFC INVERTNEXT
1 16 0.0000 4.0000 0.0000 -0.3536 0.0000 -0.3536 0.0000 -4.0000 0.0000 0.3536 0.0000 -0.3536 1-4con25.dat
0 BFC INVERTNEXT
1 16 0.0000 4.0000 0.0000 0.3536 0.0000 0.3536 0.0000 -4.0000 0.0000 -0.3536 0.0000 0.3536 1-4con25.dat
0 BFC INVERTNEXT
1 16 0.0000 0.0000 0.0000 -1.7678 0.0000 1.7678 0.0000 -3.0000 0.0000 1.7678 0.0000 1.7678 1-4con4.dat
0 BFC INVERTNEXT
1 16 0.0000 0.0000 0.0000 -1.7678 0.0000 -1.7678 0.0000 -3.0000 0.0000 1.7678 0.0000 -1.7678 1-4con4.dat
0 BFC INVERTNEXT
1 16 0.0000 0.0000 0.0000 1.7678 0.0000 1.7678 0.0000 -3.0000 0.0000 -1.7678 0.0000 1.7678 1-4con4.dat
