0 FILE 30636.dat
0 String Reel 1 x 4 x 2 Holder with 2 Technic Pins
0 Name:  30636.dat
0 Author:  
0 BL_Item_No 30636
0 BFC CERTIFY CCW
3 16 40.000 0.000 -10.000 20.000 -5.000 -10.000 -20.000 -5.000 -10.000
3 16 -20.000 -5.000 -10.000 -40.000 0.000 -10.000 40.000 0.000 -10.000
3 16 -20.000 -5.000 5.000 20.000 -5.000 5.000 22.000 -7.000 5.000
3 16 22.000 -7.000 5.000 -22.000 -7.000 5.000 -20.000 -5.000 5.000
3 16 17.000 -12.000 5.000 -17.000 -12.000 5.000 -22.000 -7.000 5.000
3 16 -22.000 -7.000 5.000 22.000 -7.000 5.000 17.000 -12.000 5.000
3 16 40.000 -2.000 10.000 40.000 0.000 10.000 -40.000 0.000 10.000
3 16 -40.000 0.000 10.000 -40.000 -2.000 10.000 40.000 -2.000 10.000
3 16 -37.417 -7.000 10.000 37.417 -7.000 10.000 40.000 -2.000 10.000
3 16 40.000 -2.000 10.000 -40.000 -2.000 10.000 -37.417 -7.000 10.000
3 16 -37.417 -7.000 10.000 -17.000 -12.000 9.500 17.000 -12.000 9.500
3 16 17.000 -12.000 9.500 37.417 -7.000 10.000 -37.417 -7.000 10.000
3 16 -22.000 -7.250 5.000 -22.000 -7.000 5.000 -17.000 -12.000 5.000
3 16 -22.000 -8.500 5.000 -22.000 -7.250 5.000 -17.000 -12.000 5.000
3 16 -22.000 -12.000 5.000 -22.000 -8.500 5.000 -17.000 -12.000 5.000
3 16 -17.000 -12.000 5.000 -17.000 -13.000 5.000 -17.000 -13.000 9.400
3 16 -17.000 -13.000 9.400 -17.000 -12.000 9.500 -17.000 -12.000 5.000
3 16 -22.000 -7.000 5.000 -22.000 -7.250 5.000 -22.000 -7.250 3.750
3 16 -22.000 -7.000 5.000 -22.000 -7.250 3.750 -22.000 -7.250 2.500
3 16 -22.000 -7.000 5.000 -22.000 -7.250 2.500 -22.000 -7.250 -2.500
3 16 -22.000 -7.000 5.000 -22.000 -7.250 -2.500 -22.000 -7.250 -3.750
3 16 -22.000 -7.250 -5.000 -22.000 -7.000 -10.000 -22.000 -7.000 5.000
3 16 -22.000 -7.000 5.000 -22.000 -7.250 -3.750 -22.000 -7.250 -5.000
3 16 -22.000 -20.000 -5.000 -22.000 -20.000 -2.500 -22.000 -23.500 0.000
3 16 -22.000 -23.500 0.000 -22.000 -23.500 -2.500 -22.000 -20.000 -5.000
3 16 -22.000 -23.500 0.000 -22.000 -20.000 2.500 -22.000 -20.000 5.000
3 16 -22.000 -20.000 5.000 -22.000 -23.500 2.500 -22.000 -23.500 0.000
3 16 -22.000 -20.000 2.500 -22.000 -23.500 0.000 -22.000 -20.000 -2.500
3 16 -22.000 -7.250 2.500 -22.000 -8.500 2.500 -22.000 -8.500 -2.500
3 16 -22.000 -8.500 -2.500 -22.000 -7.250 -2.500 -22.000 -7.250 2.500
3 16 -22.000 -8.500 -5.000 -22.000 -7.000 -10.000 -22.000 -7.250 -5.000
3 16 -22.000 -20.000 -5.000 -22.000 -23.500 -2.500 -22.000 -22.500 -4.500
3 16 -22.000 -22.500 -4.500 -22.000 -20.500 -8.200 -22.000 -20.000 -5.000
3 16 -22.000 -20.000 -5.000 -22.000 -20.500 -8.200 -22.000 -13.000 -9.400
3 16 -22.000 -13.000 -9.400 -22.000 -17.500 -5.000 -22.000 -20.000 -5.000
3 16 -22.000 -17.500 -5.000 -22.000 -13.000 -9.400 -22.000 -7.000 -10.000
3 16 -22.000 -7.000 -10.000 -22.000 -8.500 -5.000 -22.000 -17.500 -5.000
3 16 -22.000 -30.000 -4.500 -22.000 -32.000 -6.000 -22.000 -30.000 -6.400
3 16 -22.000 -30.000 6.400 -22.000 -32.000 6.000 -22.000 -30.000 4.500
3 16 -22.000 -30.000 -4.500 -22.000 -30.000 4.500 -22.000 -32.000 6.000
3 16 -22.000 -32.000 6.000 -22.000 -32.000 -6.000 -22.000 -30.000 -4.500
3 16 -22.000 -30.000 -4.500 -22.000 -28.500 -2.500 -22.000 -28.500 0.000
3 16 -22.000 -30.000 4.500 -22.000 -30.000 -4.500 -22.000 -28.500 0.000
3 16 -22.000 -28.500 0.000 -22.000 -28.500 2.500 -22.000 -30.000 4.500
3 16 -22.000 -23.500 2.500 -22.000 -22.500 4.500 -22.000 -26.000 2.500
3 16 -22.000 -30.000 4.500 -22.000 -28.500 2.500 -22.000 -26.000 2.500
3 16 -22.000 -26.000 2.500 -22.000 -22.500 4.500 -22.000 -30.000 4.500
3 16 -22.000 -26.000 -2.500 -22.000 -28.500 -2.500 -22.000 -30.000 -4.500
3 16 -22.000 -30.000 -4.500 -22.000 -22.500 -4.500 -22.000 -26.000 -2.500
3 16 -22.000 -26.000 -2.500 -22.000 -22.500 -4.500 -22.000 -23.500 -2.500
3 16 -22.000 -20.000 5.000 -22.000 -20.500 8.200 -22.000 -22.500 4.500
3 16 -22.000 -22.500 4.500 -22.000 -23.500 2.500 -22.000 -20.000 5.000
3 16 -22.000 -13.000 9.400 -22.000 -20.500 8.200 -22.000 -20.000 5.000
3 16 -22.000 -20.000 5.000 -22.000 -17.500 5.000 -22.000 -13.000 9.400
3 16 -22.000 -12.000 5.000 -22.000 -12.000 9.500 -22.000 -13.000 9.400
3 16 -22.000 -13.000 9.400 -22.000 -17.500 5.000 -22.000 -12.000 5.000
3 16 -22.000 -12.000 5.000 -22.000 -17.500 5.000 -24.500 -17.500 5.000
3 16 -24.500 -8.500 5.000 -22.000 -8.500 5.000 -22.000 -12.000 5.000
3 16 -22.000 -12.000 5.000 -24.500 -17.500 5.000 -24.500 -8.500 5.000
3 16 -20.000 -16.000 0.000 -22.000 -16.000 -2.500 -22.000 -16.000 2.500
3 16 -22.000 -18.000 -2.500 -20.000 -18.000 0.000 -22.000 -18.000 2.500
3 16 -22.000 -18.000 -2.500 -24.500 -18.000 -2.500 -22.000 -16.000 -2.500
3 16 -22.000 -8.500 -2.500 -22.000 -16.000 -2.500 -24.500 -18.000 -2.500
3 16 -24.500 -18.000 -2.500 -24.500 -8.500 -2.500 -22.000 -8.500 -2.500
3 16 -22.000 -8.500 2.500 -24.500 -8.500 2.500 -24.500 -18.000 2.500
3 16 -24.500 -18.000 2.500 -22.000 -16.000 2.500 -22.000 -8.500 2.500
3 16 -24.500 -18.000 2.500 -22.000 -18.000 2.500 -22.000 -16.000 2.500
3 16 -24.000 -20.500 -8.200 -22.000 -20.500 -8.200 -22.000 -22.500 -4.500
3 16 -23.892 -22.000 -8.000 -24.000 -20.500 -8.200 -22.000 -22.500 -4.500
3 16 -23.027 -30.000 -6.400 -23.892 -22.000 -8.000 -22.000 -22.500 -4.500
3 16 -22.000 -22.500 -4.500 -22.000 -30.000 -4.500 -23.027 -30.000 -6.400
3 16 -22.000 -20.500 8.200 -24.000 -20.500 8.200 -22.000 -22.500 4.500
3 16 -22.000 -22.500 4.500 -23.892 -22.000 8.000 -23.027 -30.000 6.400
3 16 -23.027 -30.000 6.400 -22.000 -30.000 4.500 -22.000 -22.500 4.500
3 16 -24.000 -20.500 8.200 -23.892 -22.000 8.000 -22.000 -22.500 4.500
3 16 -22.000 -30.000 -6.400 -23.027 -30.000 -6.400 -22.000 -30.000 -4.500
3 16 -23.027 -30.000 6.400 -22.000 -30.000 6.400 -22.000 -30.000 4.500
3 16 -24.500 -20.000 2.500 -24.500 -23.500 2.500 -24.500 -22.000 5.500
3 16 -24.500 -22.000 5.500 -24.500 -20.000 5.000 -24.500 -20.000 2.500
3 16 -24.500 -23.500 2.500 -24.500 -20.000 2.500 -24.500 -23.500 0.000
3 16 -24.500 -20.000 -2.500 -24.500 -23.500 -2.500 -24.500 -23.500 0.000
3 16 -24.500 -23.500 0.000 -24.500 -20.000 2.500 -24.500 -20.000 -2.500
3 16 -24.500 -22.000 5.500 -24.500 -23.500 2.500 -24.500 -26.000 2.500
3 16 -24.500 -28.500 2.500 -24.500 -32.000 3.500 -24.500 -22.000 5.500
3 16 -24.500 -22.000 5.500 -24.500 -26.000 2.500 -24.500 -28.500 2.500
3 16 -24.500 -20.000 5.000 -24.500 -22.000 5.500 -24.500 -13.000 6.900
3 16 -24.500 -13.000 6.900 -24.500 -17.500 5.000 -24.500 -20.000 5.000
3 16 -24.500 -13.000 6.900 -24.500 -8.500 5.000 -24.500 -17.500 5.000
3 16 -24.500 -7.250 5.000 -24.500 -7.000 7.500 -24.500 -4.000 7.411
3 16 -24.500 -4.000 7.411 -24.500 -7.250 3.750 -24.500 -7.250 5.000
3 16 -24.500 -13.000 6.900 -24.500 -7.000 7.500 -24.500 -7.250 5.000
3 16 -24.500 -7.250 5.000 -24.500 -8.500 5.000 -24.500 -13.000 6.900
3 16 -24.500 -7.250 3.750 -24.500 -4.000 7.411 -24.500 -7.250 2.500
3 16 -24.500 -7.250 2.500 -24.500 -7.250 -2.500 -24.500 -8.500 -2.500
3 16 -24.500 -8.500 -2.500 -24.500 -8.500 2.500 -24.500 -7.250 2.500
3 16 -24.500 -28.500 2.500 -24.500 -28.500 0.000 -24.500 -32.000 -3.500
3 16 -24.500 -32.000 -3.500 -24.500 -32.000 3.500 -24.500 -28.500 2.500
3 16 -24.500 -32.000 -3.500 -24.500 -28.500 0.000 -24.500 -28.500 -2.500
3 16 -24.500 -26.000 -2.500 -24.500 -23.500 -2.500 -24.500 -22.000 -5.500
3 16 -24.500 -20.000 -5.000 -24.500 -22.000 -5.500 -24.500 -23.500 -2.500
3 16 -24.500 -23.500 -2.500 -24.500 -20.000 -2.500 -24.500 -20.000 -5.000
3 16 -24.500 -26.000 -2.500 -24.500 -22.000 -5.500 -24.500 -32.000 -3.500
3 16 -24.500 -32.000 -3.500 -24.500 -28.500 -2.500 -24.500 -26.000 -2.500
3 16 -24.500 -17.500 -5.000 -24.500 -13.000 -6.900 -24.500 -22.000 -5.500
3 16 -24.500 -22.000 -5.500 -24.500 -20.000 -5.000 -24.500 -17.500 -5.000
3 16 -24.500 -13.000 -6.900 -24.500 -17.500 -5.000 -24.500 -8.500 -5.000
3 16 -24.500 -8.500 -5.000 -24.500 -7.000 -7.500 -24.500 -13.000 -6.900
3 16 -24.500 -4.000 -7.411 -24.500 -7.000 -7.500 -24.500 -8.500 -5.000
3 16 -24.500 -8.500 -5.000 -24.500 -7.250 -5.000 -24.500 -4.000 -7.411
3 16 -24.500 -7.250 -5.000 -24.500 -7.250 -3.750 -24.500 -4.000 -7.411
3 16 -24.500 -4.000 -7.411 -24.500 -7.250 -3.750 -24.500 -7.250 -2.500
3 16 -24.500 -7.250 2.500 -24.500 -4.000 7.411 -24.500 -4.000 -7.411
3 16 -24.500 -4.000 -7.411 -24.500 -7.250 -2.500 -24.500 -7.250 2.500
3 16 -24.500 -22.000 5.500 -29.667 -22.000 5.500 -34.317 -13.000 6.900
3 16 -34.317 -13.000 6.900 -24.500 -13.000 6.900 -24.500 -22.000 5.500
3 16 -24.500 -22.000 5.500 -24.500 -32.000 3.500 -29.667 -22.000 5.500
3 16 -24.500 -22.000 -5.500 -24.500 -13.000 -6.900 -34.317 -13.000 -6.900
3 16 -34.317 -13.000 -6.900 -29.667 -22.000 -5.500 -24.500 -22.000 -5.500
3 16 -24.500 -32.000 -3.500 -24.500 -22.000 -5.500 -29.667 -22.000 -5.500
3 16 -24.500 -7.000 -7.500 -24.500 -4.000 -7.411 -38.967 -4.000 -7.411
3 16 -38.967 -4.000 -7.411 -37.417 -7.000 -7.500 -24.500 -7.000 -7.500
3 16 -24.500 -13.000 -6.900 -24.500 -7.000 -7.500 -37.417 -7.000 -7.500
3 16 -37.417 -7.000 -7.500 -34.317 -13.000 -6.900 -24.500 -13.000 -6.900
3 16 -24.500 -7.000 7.500 -37.417 -7.000 7.500 -38.967 -4.000 7.411
3 16 -38.967 -4.000 7.411 -24.500 -4.000 7.411 -24.500 -7.000 7.500
3 16 -24.500 -13.000 6.900 -34.317 -13.000 6.900 -37.417 -7.000 7.500
3 16 -37.417 -7.000 7.500 -24.500 -7.000 7.500 -24.500 -13.000 6.900
3 16 -24.500 -32.000 3.500 -24.500 -32.000 6.000 -29.667 -22.000 8.000
3 16 -29.667 -22.000 8.000 -29.667 -22.000 5.500 -24.500 -32.000 3.500
3 16 -29.667 -22.000 5.500 -29.667 -22.000 8.000 -34.317 -13.000 9.400
3 16 -34.317 -13.000 9.400 -34.317 -13.000 6.900 -29.667 -22.000 5.500
3 16 -24.500 -32.000 -3.500 -29.667 -22.000 -5.500 -29.667 -22.000 -8.000
3 16 -29.667 -22.000 -8.000 -24.500 -32.000 -6.000 -24.500 -32.000 -3.500
3 16 -29.667 -22.000 -5.500 -34.317 -13.000 -6.900 -34.317 -13.000 -9.400
3 16 -34.317 -13.000 -9.400 -29.667 -22.000 -8.000 -29.667 -22.000 -5.500
3 16 -37.417 -7.000 -10.000 -37.417 -7.000 -7.500 -38.967 -4.000 -7.411
3 16 -38.967 -4.000 -7.411 -40.000 -2.000 -10.000 -37.417 -7.000 -10.000
3 16 -34.317 -13.000 -9.400 -34.317 -13.000 -6.900 -37.417 -7.000 -7.500
3 16 -37.417 -7.000 -7.500 -37.417 -7.000 -10.000 -34.317 -13.000 -9.400
3 16 -38.967 -4.000 7.411 -40.000 -2.000 10.000 -40.000 -2.000 -10.000
3 16 -40.000 -2.000 -10.000 -38.967 -4.000 -7.411 -38.967 -4.000 7.411
3 16 -37.417 -7.000 10.000 -40.000 -2.000 10.000 -38.967 -4.000 7.411
3 16 -38.967 -4.000 7.411 -37.417 -7.000 7.500 -37.417 -7.000 10.000
3 16 -34.317 -13.000 9.400 -37.417 -7.000 10.000 -37.417 -7.000 7.500
3 16 -37.417 -7.000 7.500 -34.317 -13.000 6.900 -34.317 -13.000 9.400
3 16 -24.500 -32.000 -3.500 -24.500 -32.000 -6.000 -22.000 -32.000 -6.000
3 16 -24.500 -32.000 6.000 -24.500 -32.000 3.500 -22.000 -32.000 6.000
3 16 -24.500 -32.000 3.500 -24.500 -32.000 -3.500 -22.000 -32.000 -6.000
3 16 -22.000 -32.000 -6.000 -22.000 -32.000 6.000 -24.500 -32.000 3.500
3 16 -22.000 -5.000 -10.000 -40.000 -2.000 -10.000 -40.000 0.000 -10.000
3 16 -40.000 0.000 -10.000 -20.000 -5.000 -10.000 -22.000 -5.000 -10.000
3 16 -22.000 -7.000 -10.000 -22.000 -13.000 -9.400 -34.317 -13.000 -9.400
3 16 -34.317 -13.000 -9.400 -37.417 -7.000 -10.000 -22.000 -7.000 -10.000
3 16 -37.417 -7.000 -10.000 -40.000 -2.000 -10.000 -22.000 -5.000 -10.000
3 16 -22.000 -5.000 -10.000 -22.000 -7.000 -10.000 -37.417 -7.000 -10.000
3 16 -23.892 -22.000 -8.000 -29.667 -22.000 -8.000 -34.317 -13.000 -9.400
3 16 -34.317 -13.000 -9.400 -24.000 -20.500 -8.200 -23.892 -22.000 -8.000
3 16 -24.000 -20.500 -8.200 -34.317 -13.000 -9.400 -22.000 -13.000 -9.400
3 16 -22.000 -13.000 -9.400 -22.000 -20.500 -8.200 -24.000 -20.500 -8.200
3 16 -22.000 -32.000 -6.000 -24.500 -32.000 -6.000 -23.027 -30.000 -6.400
3 16 -23.027 -30.000 -6.400 -22.000 -30.000 -6.400 -22.000 -32.000 -6.000
3 16 -23.027 -30.000 -6.400 -24.500 -32.000 -6.000 -29.667 -22.000 -8.000
3 16 -29.667 -22.000 -8.000 -23.892 -22.000 -8.000 -23.027 -30.000 -6.400
3 16 -24.500 -32.000 6.000 -22.000 -32.000 6.000 -22.000 -30.000 6.400
3 16 -22.000 -30.000 6.400 -23.027 -30.000 6.400 -24.500 -32.000 6.000
3 16 -24.500 -32.000 6.000 -23.027 -30.000 6.400 -23.892 -22.000 8.000
3 16 -23.892 -22.000 8.000 -29.667 -22.000 8.000 -24.500 -32.000 6.000
3 16 -23.892 -22.000 8.000 -24.000 -20.500 8.200 -34.317 -13.000 9.400
3 16 -34.317 -13.000 9.400 -29.667 -22.000 8.000 -23.892 -22.000 8.000
3 16 -24.000 -20.500 8.200 -22.000 -20.500 8.200 -22.000 -13.000 9.400
3 16 -22.000 -13.000 9.400 -34.317 -13.000 9.400 -24.000 -20.500 8.200
3 16 -22.000 -12.000 9.500 -37.417 -7.000 10.000 -34.317 -13.000 9.400
3 16 -34.317 -13.000 9.400 -22.000 -13.000 9.400 -22.000 -12.000 9.500
3 16 -22.000 -12.000 9.500 -17.000 -12.000 9.500 -37.417 -7.000 10.000
2 24 -22.000 -8.500 5.000 -22.000 -7.250 5.000
2 24 -22.000 -7.250 5.000 -22.000 -7.000 5.000
2 24 -22.000 -30.000 -4.500 -22.000 -22.500 -4.500
2 24 -22.000 -32.000 6.000 -22.000 -32.000 -6.000
2 24 -22.000 -32.000 -6.000 -22.000 -30.000 -6.400
2 24 -22.000 -13.000 -9.400 -22.000 -7.000 -10.000
2 24 -22.000 -22.500 -4.500 -22.000 -20.500 -8.200
2 24 -22.000 -30.000 -6.400 -22.000 -30.000 -4.500
2 24 -22.000 -20.500 -8.200 -22.000 -13.000 -9.400
2 24 -22.000 -30.000 4.500 -22.000 -22.500 4.500
2 24 -22.000 -32.000 6.000 -22.000 -30.000 6.400
2 24 -22.000 -22.500 4.500 -22.000 -20.500 8.200
2 24 -22.000 -30.000 6.400 -22.000 -30.000 4.500
2 24 -22.000 -20.500 8.200 -22.000 -13.000 9.400
2 24 -22.000 -13.000 9.400 -22.000 -12.000 9.500
2 24 -24.500 -17.500 5.000 -24.500 -8.500 5.000
2 24 -22.000 -17.500 5.000 -22.000 -12.000 5.000
2 24 -24.000 -20.500 -8.200 -22.000 -20.500 -8.200
2 24 -24.000 -20.500 -8.200 -23.892 -22.000 -8.000
2 24 -23.027 -30.000 -6.400 -23.892 -22.000 -8.000
2 24 -23.027 -30.000 -6.400 -22.000 -30.000 -4.500
2 24 -23.027 -30.000 -6.400 -22.000 -30.000 -6.400
2 24 -22.000 -22.500 -4.500 -24.000 -20.500 -8.200
2 24 -24.000 -20.500 8.200 -22.000 -20.500 8.200
2 24 -24.000 -20.500 8.200 -23.892 -22.000 8.000
2 24 -23.027 -30.000 6.400 -23.892 -22.000 8.000
2 24 -23.027 -30.000 6.400 -22.000 -30.000 4.500
2 24 -23.027 -30.000 6.400 -22.000 -30.000 6.400
2 24 -22.000 -22.500 4.500 -24.000 -20.500 8.200
2 24 -24.500 -32.000 -3.500 -24.500 -32.000 3.500
2 24 -24.500 -7.000 7.500 -24.500 -4.000 7.411
2 24 -24.500 -13.000 6.900 -24.500 -7.000 7.500
2 24 -24.500 -13.000 6.900 -24.500 -22.000 5.500
2 24 -24.500 -22.000 5.500 -24.500 -32.000 3.500
2 24 -24.500 -32.000 -3.500 -24.500 -22.000 -5.500
2 24 -24.500 -22.000 -5.500 -24.500 -13.000 -6.900
2 24 -24.500 -7.000 -7.500 -24.500 -4.000 -7.411
2 24 -24.500 -13.000 -6.900 -24.500 -7.000 -7.500
2 24 -29.667 -22.000 5.500 -24.500 -32.000 3.500
2 24 -29.667 -22.000 5.500 -34.317 -13.000 6.900
2 24 -24.500 -32.000 -3.500 -29.667 -22.000 -5.500
2 24 -29.667 -22.000 -5.500 -34.317 -13.000 -6.900
2 24 -37.417 -7.000 -7.500 -38.967 -4.000 -7.411
2 24 -34.317 -13.000 -6.900 -37.417 -7.000 -7.500
2 24 -38.967 -4.000 7.411 -37.417 -7.000 7.500
2 24 -37.417 -7.000 7.500 -34.317 -13.000 6.900
2 24 -24.500 -32.000 -6.000 -24.500 -32.000 -3.500
2 24 -24.500 -32.000 3.500 -24.500 -32.000 6.000
2 24 -34.317 -13.000 -9.400 -37.417 -7.000 -10.000
2 24 -29.667 -22.000 8.000 -24.500 -32.000 6.000
2 24 -29.667 -22.000 8.000 -34.317 -13.000 9.400
2 24 -24.500 -32.000 -6.000 -29.667 -22.000 -8.000
2 24 -29.667 -22.000 -8.000 -34.317 -13.000 -9.400
2 24 -24.500 -32.000 6.000 -22.000 -32.000 6.000
2 24 -24.500 -32.000 -6.000 -22.000 -32.000 -6.000
2 24 -40.000 -2.000 -10.000 -37.417 -7.000 -10.000
2 24 -34.317 -13.000 9.400 -37.417 -7.000 10.000
2 24 -37.417 -7.000 10.000 -40.000 -2.000 10.000
1 16 -20.0000 0.0000 0.0000 8.0000 0.0000 0.0000 0.0000 1.0000 0.0000 0.0000 0.0000 8.0000 4-4edge.dat
1 16 -19.5000 -12.0000 7.2500 0.0000 0.0000 -2.5000 0.0000 1.0000 0.0000 2.2500 0.0000 0.0000 rect.dat
0 BFC INVERTNEXT
1 16 -20.0000 -7.0000 -10.0000 -2.0000 0.0000 0.0000 0.0000 0.0000 2.0000 0.0000 15.0000 0.0000 1-4cylo.dat
1 16 -20.0000 -7.0000 -10.0000 -2.0000 0.0000 0.0000 0.0000 0.0000 2.0000 0.0000 1.0000 0.0000 1-4ndis.dat
1 16 -20.0000 -7.0000 5.0000 -2.0000 0.0000 0.0000 0.0000 0.0000 2.0000 0.0000 1.0000 0.0000 1-4chrd.dat
0 BFC INVERTNEXT
1 16 -22.0000 -17.5000 -2.5000 0.0000 -2.5000 0.0000 0.0000 0.0000 -2.5000 -2.5000 0.0000 0.0000 1-4cylo.dat
1 16 -22.0000 -17.5000 -2.5000 0.0000 -1.0000 0.0000 0.0000 0.0000 -2.5000 -2.5000 0.0000 0.0000 1-4ndis.dat
1 16 -24.5000 -17.5000 -2.5000 0.0000 1.0000 0.0000 0.0000 0.0000 -2.5000 -2.5000 0.0000 0.0000 1-4ndis.dat
0 BFC INVERTNEXT
1 16 -22.0000 -17.5000 2.5000 0.0000 -2.5000 0.0000 0.0000 0.0000 -2.5000 2.5000 0.0000 0.0000 1-4cylo.dat
1 16 -22.0000 -17.5000 2.5000 0.0000 -1.0000 0.0000 0.0000 0.0000 -2.5000 2.5000 0.0000 0.0000 1-4ndis.dat
1 16 -24.5000 -17.5000 2.5000 0.0000 1.0000 0.0000 0.0000 0.0000 -2.5000 2.5000 0.0000 0.0000 1-4ndis.dat
0 BFC INVERTNEXT
1 16 -22.0000 -8.5000 3.7500 0.0000 -2.5000 0.0000 0.0000 0.0000 1.2500 1.2500 0.0000 0.0000 2-4cylo.dat
1 16 -22.0000 -8.5000 3.7500 0.0000 -1.0000 0.0000 0.0000 0.0000 1.2500 1.2500 0.0000 0.0000 2-4ndis.DAT
1 16 -24.5000 -8.5000 3.7500 0.0000 1.0000 0.0000 0.0000 0.0000 1.2500 1.2500 0.0000 0.0000 2-4ndis.DAT
0 BFC INVERTNEXT
1 16 -22.0000 -8.5000 -3.7500 0.0000 -2.5000 0.0000 0.0000 0.0000 1.2500 1.2500 0.0000 0.0000 2-4cylo.dat
1 16 -22.0000 -8.5000 -3.7500 0.0000 -1.0000 0.0000 0.0000 0.0000 1.2500 1.2500 0.0000 0.0000 2-4ndis.DAT
1 16 -24.5000 -8.5000 -3.7500 0.0000 1.0000 0.0000 0.0000 0.0000 1.2500 1.2500 0.0000 0.0000 2-4ndis.DAT
1 16 -21.0000 -17.0000 -1.2500 0.0000 -1.0000 -1.0000 -1.0000 0.0000 0.0000 0.0000 0.0000 -1.2500 rect3.dat
1 16 -21.0000 -17.0000 1.2500 0.9995 -0.9964 0.0000 0.0000 0.0000 1.0000 -1.2494 -0.0031 0.0000 rect.dat
1 16 -23.2500 -20.0000 0.0000 0.0000 0.0000 1.2500 0.0000 -1.0000 0.0000 2.5000 0.0000 0.0000 rect2p.dat
1 16 -23.2500 -13.0000 -5.0000 0.0000 0.0000 -1.2500 4.5000 0.0000 0.0000 0.0000 -1.0000 0.0000 rect2p.dat
1 16 -23.2500 -18.0000 0.0000 0.0000 0.0000 -1.2500 0.0000 1.0000 0.0000 2.5000 0.0000 0.0000 rect3.dat
1 16 -24.5000 -13.2500 0.0000 0.0000 1.0000 0.0000 4.7500 0.0000 0.0000 0.0000 0.0000 -2.5000 rect2p.dat
1 16 -22.0000 -12.2500 0.0000 0.0000 -1.0000 0.0000 0.0000 0.0000 -3.7500 2.5000 0.0000 0.0000 rect3.dat
0 BFC INVERTNEXT
1 16 -22.0000 -26.0000 0.0000 0.0000 -2.5000 0.0000 0.0000 0.0000 2.5000 2.5000 0.0000 0.0000 4-4cylo.dat
1 16 -22.0000 -26.0000 0.0000 0.0000 -1.0000 0.0000 0.0000 0.0000 2.5000 2.5000 0.0000 0.0000 4-4ndis.dat
1 16 -24.5000 -26.0000 0.0000 0.0000 1.0000 0.0000 0.0000 0.0000 2.5000 2.5000 0.0000 0.0000 4-4ndis.dat
1 16 -31.7334 -4.0000 0.0000 7.2334 0.0000 0.0000 0.0000 1.0000 0.0000 0.0000 0.0000 7.4111 rect.dat
3 16 17.000 -12.000 5.000 22.000 -7.000 5.000 22.000 -7.250 5.000
3 16 17.000 -12.000 5.000 22.000 -7.250 5.000 22.000 -8.500 5.000
3 16 17.000 -12.000 5.000 22.000 -8.500 5.000 22.000 -12.000 5.000
3 16 17.000 -13.000 9.400 17.000 -13.000 5.000 17.000 -12.000 5.000
3 16 17.000 -12.000 5.000 17.000 -12.000 9.500 17.000 -13.000 9.400
3 16 22.000 -7.250 3.750 22.000 -7.250 5.000 22.000 -7.000 5.000
3 16 22.000 -7.250 2.500 22.000 -7.250 3.750 22.000 -7.000 5.000
3 16 22.000 -7.250 -2.500 22.000 -7.250 2.500 22.000 -7.000 5.000
3 16 22.000 -7.250 -3.750 22.000 -7.250 -2.500 22.000 -7.000 5.000
3 16 22.000 -7.000 5.000 22.000 -7.000 -10.000 22.000 -7.250 -5.000
3 16 22.000 -7.250 -5.000 22.000 -7.250 -3.750 22.000 -7.000 5.000
3 16 22.000 -23.500 0.000 22.000 -20.000 -2.500 22.000 -20.000 -5.000
3 16 22.000 -20.000 -5.000 22.000 -23.500 -2.500 22.000 -23.500 0.000
3 16 22.000 -20.000 5.000 22.000 -20.000 2.500 22.000 -23.500 0.000
3 16 22.000 -23.500 0.000 22.000 -23.500 2.500 22.000 -20.000 5.000
3 16 22.000 -20.000 -2.500 22.000 -23.500 0.000 22.000 -20.000 2.500
3 16 22.000 -8.500 -2.500 22.000 -8.500 2.500 22.000 -7.250 2.500
3 16 22.000 -7.250 2.500 22.000 -7.250 -2.500 22.000 -8.500 -2.500
3 16 22.000 -7.250 -5.000 22.000 -7.000 -10.000 22.000 -8.500 -5.000
3 16 22.000 -22.500 -4.500 22.000 -23.500 -2.500 22.000 -20.000 -5.000
3 16 22.000 -20.000 -5.000 22.000 -20.500 -8.200 22.000 -22.500 -4.500
3 16 22.000 -13.000 -9.400 22.000 -20.500 -8.200 22.000 -20.000 -5.000
3 16 22.000 -20.000 -5.000 22.000 -17.500 -5.000 22.000 -13.000 -9.400
3 16 22.000 -7.000 -10.000 22.000 -13.000 -9.400 22.000 -17.500 -5.000
3 16 22.000 -17.500 -5.000 22.000 -8.500 -5.000 22.000 -7.000 -10.000
3 16 22.000 -30.000 -6.400 22.000 -32.000 -6.000 22.000 -30.000 -4.500
3 16 22.000 -30.000 4.500 22.000 -32.000 6.000 22.000 -30.000 6.400
3 16 22.000 -32.000 6.000 22.000 -30.000 4.500 22.000 -30.000 -4.500
3 16 22.000 -30.000 -4.500 22.000 -32.000 -6.000 22.000 -32.000 6.000
3 16 22.000 -28.500 0.000 22.000 -28.500 -2.500 22.000 -30.000 -4.500
3 16 22.000 -28.500 0.000 22.000 -30.000 -4.500 22.000 -30.000 4.500
3 16 22.000 -30.000 4.500 22.000 -28.500 2.500 22.000 -28.500 0.000
3 16 22.000 -26.000 2.500 22.000 -22.500 4.500 22.000 -23.500 2.500
3 16 22.000 -26.000 2.500 22.000 -28.500 2.500 22.000 -30.000 4.500
3 16 22.000 -30.000 4.500 22.000 -22.500 4.500 22.000 -26.000 2.500
3 16 22.000 -30.000 -4.500 22.000 -28.500 -2.500 22.000 -26.000 -2.500
3 16 22.000 -26.000 -2.500 22.000 -22.500 -4.500 22.000 -30.000 -4.500
3 16 22.000 -23.500 -2.500 22.000 -22.500 -4.500 22.000 -26.000 -2.500
3 16 22.000 -22.500 4.500 22.000 -20.500 8.200 22.000 -20.000 5.000
3 16 22.000 -20.000 5.000 22.000 -23.500 2.500 22.000 -22.500 4.500
3 16 22.000 -20.000 5.000 22.000 -20.500 8.200 22.000 -13.000 9.400
3 16 22.000 -13.000 9.400 22.000 -17.500 5.000 22.000 -20.000 5.000
3 16 22.000 -13.000 9.400 22.000 -12.000 9.500 22.000 -12.000 5.000
3 16 22.000 -12.000 5.000 22.000 -17.500 5.000 22.000 -13.000 9.400
3 16 24.500 -17.500 5.000 22.000 -17.500 5.000 22.000 -12.000 5.000
3 16 22.000 -12.000 5.000 22.000 -8.500 5.000 24.500 -8.500 5.000
3 16 24.500 -8.500 5.000 24.500 -17.500 5.000 22.000 -12.000 5.000
3 16 22.000 -16.000 2.500 22.000 -16.000 -2.500 20.000 -16.000 0.000
3 16 22.000 -18.000 2.500 20.000 -18.000 0.000 22.000 -18.000 -2.500
3 16 22.000 -16.000 -2.500 24.500 -18.000 -2.500 22.000 -18.000 -2.500
3 16 24.500 -18.000 -2.500 22.000 -16.000 -2.500 22.000 -8.500 -2.500
3 16 22.000 -8.500 -2.500 24.500 -8.500 -2.500 24.500 -18.000 -2.500
3 16 24.500 -18.000 2.500 24.500 -8.500 2.500 22.000 -8.500 2.500
3 16 22.000 -8.500 2.500 22.000 -16.000 2.500 24.500 -18.000 2.500
3 16 22.000 -16.000 2.500 22.000 -18.000 2.500 24.500 -18.000 2.500
3 16 22.000 -22.500 -4.500 22.000 -20.500 -8.200 24.000 -20.500 -8.200
3 16 22.000 -22.500 -4.500 24.000 -20.500 -8.200 23.892 -22.000 -8.000
3 16 22.000 -22.500 -4.500 23.892 -22.000 -8.000 23.027 -30.000 -6.400
3 16 23.027 -30.000 -6.400 22.000 -30.000 -4.500 22.000 -22.500 -4.500
3 16 22.000 -22.500 4.500 24.000 -20.500 8.200 22.000 -20.500 8.200
3 16 23.027 -30.000 6.400 23.892 -22.000 8.000 22.000 -22.500 4.500
3 16 22.000 -22.500 4.500 22.000 -30.000 4.500 23.027 -30.000 6.400
3 16 22.000 -22.500 4.500 23.892 -22.000 8.000 24.000 -20.500 8.200
3 16 22.000 -30.000 -4.500 23.027 -30.000 -6.400 22.000 -30.000 -6.400
3 16 22.000 -30.000 4.500 22.000 -30.000 6.400 23.027 -30.000 6.400
3 16 24.500 -22.000 5.500 24.500 -23.500 2.500 24.500 -20.000 2.500
3 16 24.500 -20.000 2.500 24.500 -20.000 5.000 24.500 -22.000 5.500
3 16 24.500 -23.500 0.000 24.500 -20.000 2.500 24.500 -23.500 2.500
3 16 24.500 -23.500 0.000 24.500 -23.500 -2.500 24.500 -20.000 -2.500
3 16 24.500 -20.000 -2.500 24.500 -20.000 2.500 24.500 -23.500 0.000
3 16 24.500 -26.000 2.500 24.500 -23.500 2.500 24.500 -22.000 5.500
3 16 24.500 -22.000 5.500 24.500 -32.000 3.500 24.500 -28.500 2.500
3 16 24.500 -28.500 2.500 24.500 -26.000 2.500 24.500 -22.000 5.500
3 16 24.500 -13.000 6.900 24.500 -22.000 5.500 24.500 -20.000 5.000
3 16 24.500 -20.000 5.000 24.500 -17.500 5.000 24.500 -13.000 6.900
3 16 24.500 -17.500 5.000 24.500 -8.500 5.000 24.500 -13.000 6.900
3 16 24.500 -4.000 7.411 24.500 -7.000 7.500 24.500 -7.250 5.000
3 16 24.500 -7.250 5.000 24.500 -7.250 3.750 24.500 -4.000 7.411
3 16 24.500 -7.250 5.000 24.500 -7.000 7.500 24.500 -13.000 6.900
3 16 24.500 -13.000 6.900 24.500 -8.500 5.000 24.500 -7.250 5.000
3 16 24.500 -7.250 2.500 24.500 -4.000 7.411 24.500 -7.250 3.750
3 16 24.500 -8.500 -2.500 24.500 -7.250 -2.500 24.500 -7.250 2.500
3 16 24.500 -7.250 2.500 24.500 -8.500 2.500 24.500 -8.500 -2.500
3 16 24.500 -32.000 -3.500 24.500 -28.500 0.000 24.500 -28.500 2.500
3 16 24.500 -28.500 2.500 24.500 -32.000 3.500 24.500 -32.000 -3.500
3 16 24.500 -28.500 -2.500 24.500 -28.500 0.000 24.500 -32.000 -3.500
3 16 24.500 -22.000 -5.500 24.500 -23.500 -2.500 24.500 -26.000 -2.500
3 16 24.500 -23.500 -2.500 24.500 -22.000 -5.500 24.500 -20.000 -5.000
3 16 24.500 -20.000 -5.000 24.500 -20.000 -2.500 24.500 -23.500 -2.500
3 16 24.500 -32.000 -3.500 24.500 -22.000 -5.500 24.500 -26.000 -2.500
3 16 24.500 -26.000 -2.500 24.500 -28.500 -2.500 24.500 -32.000 -3.500
3 16 24.500 -22.000 -5.500 24.500 -13.000 -6.900 24.500 -17.500 -5.000
3 16 24.500 -17.500 -5.000 24.500 -20.000 -5.000 24.500 -22.000 -5.500
3 16 24.500 -8.500 -5.000 24.500 -17.500 -5.000 24.500 -13.000 -6.900
3 16 24.500 -13.000 -6.900 24.500 -7.000 -7.500 24.500 -8.500 -5.000
3 16 24.500 -8.500 -5.000 24.500 -7.000 -7.500 24.500 -4.000 -7.411
3 16 24.500 -4.000 -7.411 24.500 -7.250 -5.000 24.500 -8.500 -5.000
3 16 24.500 -4.000 -7.411 24.500 -7.250 -3.750 24.500 -7.250 -5.000
3 16 24.500 -7.250 -2.500 24.500 -7.250 -3.750 24.500 -4.000 -7.411
3 16 24.500 -4.000 -7.411 24.500 -4.000 7.411 24.500 -7.250 2.500
3 16 24.500 -7.250 2.500 24.500 -7.250 -2.500 24.500 -4.000 -7.411
3 16 34.317 -13.000 6.900 29.667 -22.000 5.500 24.500 -22.000 5.500
3 16 24.500 -22.000 5.500 24.500 -13.000 6.900 34.317 -13.000 6.900
3 16 29.667 -22.000 5.500 24.500 -32.000 3.500 24.500 -22.000 5.500
3 16 34.317 -13.000 -6.900 24.500 -13.000 -6.900 24.500 -22.000 -5.500
3 16 24.500 -22.000 -5.500 29.667 -22.000 -5.500 34.317 -13.000 -6.900
3 16 29.667 -22.000 -5.500 24.500 -22.000 -5.500 24.500 -32.000 -3.500
3 16 38.967 -4.000 -7.411 24.500 -4.000 -7.411 24.500 -7.000 -7.500
3 16 24.500 -7.000 -7.500 37.417 -7.000 -7.500 38.967 -4.000 -7.411
3 16 37.417 -7.000 -7.500 24.500 -7.000 -7.500 24.500 -13.000 -6.900
3 16 24.500 -13.000 -6.900 34.317 -13.000 -6.900 37.417 -7.000 -7.500
3 16 38.967 -4.000 7.411 37.417 -7.000 7.500 24.500 -7.000 7.500
3 16 24.500 -7.000 7.500 24.500 -4.000 7.411 38.967 -4.000 7.411
3 16 37.417 -7.000 7.500 34.317 -13.000 6.900 24.500 -13.000 6.900
3 16 24.500 -13.000 6.900 24.500 -7.000 7.500 37.417 -7.000 7.500
3 16 29.667 -22.000 8.000 24.500 -32.000 6.000 24.500 -32.000 3.500
3 16 24.500 -32.000 3.500 29.667 -22.000 5.500 29.667 -22.000 8.000
3 16 34.317 -13.000 9.400 29.667 -22.000 8.000 29.667 -22.000 5.500
3 16 29.667 -22.000 5.500 34.317 -13.000 6.900 34.317 -13.000 9.400
3 16 29.667 -22.000 -8.000 29.667 -22.000 -5.500 24.500 -32.000 -3.500
3 16 24.500 -32.000 -3.500 24.500 -32.000 -6.000 29.667 -22.000 -8.000
3 16 34.317 -13.000 -9.400 34.317 -13.000 -6.900 29.667 -22.000 -5.500
3 16 29.667 -22.000 -5.500 29.667 -22.000 -8.000 34.317 -13.000 -9.400
3 16 38.967 -4.000 -7.411 37.417 -7.000 -7.500 37.417 -7.000 -10.000
3 16 37.417 -7.000 -10.000 40.000 -2.000 -10.000 38.967 -4.000 -7.411
3 16 37.417 -7.000 -7.500 34.317 -13.000 -6.900 34.317 -13.000 -9.400
3 16 34.317 -13.000 -9.400 37.417 -7.000 -10.000 37.417 -7.000 -7.500
3 16 40.000 -2.000 -10.000 40.000 -2.000 10.000 38.967 -4.000 7.411
3 16 38.967 -4.000 7.411 38.967 -4.000 -7.411 40.000 -2.000 -10.000
3 16 38.967 -4.000 7.411 40.000 -2.000 10.000 37.417 -7.000 10.000
3 16 37.417 -7.000 10.000 37.417 -7.000 7.500 38.967 -4.000 7.411
3 16 37.417 -7.000 7.500 37.417 -7.000 10.000 34.317 -13.000 9.400
3 16 34.317 -13.000 9.400 34.317 -13.000 6.900 37.417 -7.000 7.500
3 16 22.000 -32.000 -6.000 24.500 -32.000 -6.000 24.500 -32.000 -3.500
3 16 22.000 -32.000 6.000 24.500 -32.000 3.500 24.500 -32.000 6.000
3 16 22.000 -32.000 -6.000 24.500 -32.000 -3.500 24.500 -32.000 3.500
3 16 24.500 -32.000 3.500 22.000 -32.000 6.000 22.000 -32.000 -6.000
3 16 40.000 0.000 -10.000 40.000 -2.000 -10.000 22.000 -5.000 -10.000
3 16 22.000 -5.000 -10.000 20.000 -5.000 -10.000 40.000 0.000 -10.000
3 16 34.317 -13.000 -9.400 22.000 -13.000 -9.400 22.000 -7.000 -10.000
3 16 22.000 -7.000 -10.000 37.417 -7.000 -10.000 34.317 -13.000 -9.400
3 16 22.000 -5.000 -10.000 40.000 -2.000 -10.000 37.417 -7.000 -10.000
3 16 37.417 -7.000 -10.000 22.000 -7.000 -10.000 22.000 -5.000 -10.000
3 16 34.317 -13.000 -9.400 29.667 -22.000 -8.000 23.892 -22.000 -8.000
3 16 23.892 -22.000 -8.000 24.000 -20.500 -8.200 34.317 -13.000 -9.400
3 16 22.000 -13.000 -9.400 34.317 -13.000 -9.400 24.000 -20.500 -8.200
3 16 24.000 -20.500 -8.200 22.000 -20.500 -8.200 22.000 -13.000 -9.400
3 16 23.027 -30.000 -6.400 24.500 -32.000 -6.000 22.000 -32.000 -6.000
3 16 22.000 -32.000 -6.000 22.000 -30.000 -6.400 23.027 -30.000 -6.400
3 16 29.667 -22.000 -8.000 24.500 -32.000 -6.000 23.027 -30.000 -6.400
3 16 23.027 -30.000 -6.400 23.892 -22.000 -8.000 29.667 -22.000 -8.000
3 16 22.000 -30.000 6.400 22.000 -32.000 6.000 24.500 -32.000 6.000
3 16 24.500 -32.000 6.000 23.027 -30.000 6.400 22.000 -30.000 6.400
3 16 23.892 -22.000 8.000 23.027 -30.000 6.400 24.500 -32.000 6.000
3 16 24.500 -32.000 6.000 29.667 -22.000 8.000 23.892 -22.000 8.000
3 16 34.317 -13.000 9.400 24.000 -20.500 8.200 23.892 -22.000 8.000
3 16 23.892 -22.000 8.000 29.667 -22.000 8.000 34.317 -13.000 9.400
3 16 22.000 -13.000 9.400 22.000 -20.500 8.200 24.000 -20.500 8.200
3 16 24.000 -20.500 8.200 34.317 -13.000 9.400 22.000 -13.000 9.400
3 16 34.317 -13.000 9.400 37.417 -7.000 10.000 22.000 -12.000 9.500
3 16 22.000 -12.000 9.500 22.000 -13.000 9.400 34.317 -13.000 9.400
3 16 37.417 -7.000 10.000 17.000 -12.000 9.500 22.000 -12.000 9.500
2 24 22.000 -8.500 5.000 22.000 -7.250 5.000
2 24 22.000 -7.250 5.000 22.000 -7.000 5.000
2 24 22.000 -30.000 -4.500 22.000 -22.500 -4.500
2 24 22.000 -32.000 6.000 22.000 -32.000 -6.000
2 24 22.000 -32.000 -6.000 22.000 -30.000 -6.400
2 24 22.000 -13.000 -9.400 22.000 -7.000 -10.000
2 24 22.000 -22.500 -4.500 22.000 -20.500 -8.200
2 24 22.000 -30.000 -6.400 22.000 -30.000 -4.500
2 24 22.000 -20.500 -8.200 22.000 -13.000 -9.400
2 24 22.000 -30.000 4.500 22.000 -22.500 4.500
2 24 22.000 -32.000 6.000 22.000 -30.000 6.400
2 24 22.000 -22.500 4.500 22.000 -20.500 8.200
2 24 22.000 -30.000 6.400 22.000 -30.000 4.500
2 24 22.000 -20.500 8.200 22.000 -13.000 9.400
2 24 22.000 -13.000 9.400 22.000 -12.000 9.500
2 24 24.500 -17.500 5.000 24.500 -8.500 5.000
2 24 22.000 -17.500 5.000 22.000 -12.000 5.000
2 24 24.000 -20.500 -8.200 22.000 -20.500 -8.200
2 24 24.000 -20.500 -8.200 23.892 -22.000 -8.000
2 24 23.027 -30.000 -6.400 23.892 -22.000 -8.000
2 24 23.027 -30.000 -6.400 22.000 -30.000 -4.500
2 24 23.027 -30.000 -6.400 22.000 -30.000 -6.400
2 24 22.000 -22.500 -4.500 24.000 -20.500 -8.200
2 24 24.000 -20.500 8.200 22.000 -20.500 8.200
2 24 24.000 -20.500 8.200 23.892 -22.000 8.000
2 24 23.027 -30.000 6.400 23.892 -22.000 8.000
2 24 23.027 -30.000 6.400 22.000 -30.000 4.500
2 24 23.027 -30.000 6.400 22.000 -30.000 6.400
2 24 22.000 -22.500 4.500 24.000 -20.500 8.200
2 24 24.500 -32.000 -3.500 24.500 -32.000 3.500
2 24 24.500 -7.000 7.500 24.500 -4.000 7.411
2 24 24.500 -13.000 6.900 24.500 -7.000 7.500
2 24 24.500 -13.000 6.900 24.500 -22.000 5.500
2 24 24.500 -22.000 5.500 24.500 -32.000 3.500
2 24 24.500 -32.000 -3.500 24.500 -22.000 -5.500
2 24 24.500 -22.000 -5.500 24.500 -13.000 -6.900
2 24 24.500 -7.000 -7.500 24.500 -4.000 -7.411
2 24 24.500 -13.000 -6.900 24.500 -7.000 -7.500
2 24 29.667 -22.000 5.500 24.500 -32.000 3.500
2 24 29.667 -22.000 5.500 34.317 -13.000 6.900
2 24 24.500 -32.000 -3.500 29.667 -22.000 -5.500
2 24 29.667 -22.000 -5.500 34.317 -13.000 -6.900
2 24 37.417 -7.000 -7.500 38.967 -4.000 -7.411
2 24 34.317 -13.000 -6.900 37.417 -7.000 -7.500
2 24 38.967 -4.000 7.411 37.417 -7.000 7.500
2 24 37.417 -7.000 7.500 34.317 -13.000 6.900
2 24 24.500 -32.000 -6.000 24.500 -32.000 -3.500
2 24 24.500 -32.000 3.500 24.500 -32.000 6.000
2 24 34.317 -13.000 -9.400 37.417 -7.000 -10.000
2 24 29.667 -22.000 8.000 24.500 -32.000 6.000
2 24 29.667 -22.000 8.000 34.317 -13.000 9.400
2 24 24.500 -32.000 -6.000 29.667 -22.000 -8.000
2 24 29.667 -22.000 -8.000 34.317 -13.000 -9.400
2 24 24.500 -32.000 6.000 22.000 -32.000 6.000
2 24 24.500 -32.000 -6.000 22.000 -32.000 -6.000
2 24 40.000 -2.000 -10.000 37.417 -7.000 -10.000
2 24 34.317 -13.000 9.400 37.417 -7.000 10.000
2 24 37.417 -7.000 10.000 40.000 -2.000 10.000
1 16 20.0000 0.0000 0.0000 -8.0000 0.0000 0.0000 0.0000 1.0000 0.0000 0.0000 0.0000 8.0000 4-4edge.dat
1 16 19.5000 -12.0000 7.2500 0.0000 0.0000 2.5000 0.0000 1.0000 0.0000 2.2500 0.0000 0.0000 rect.dat
0 BFC INVERTNEXT
1 16 20.0000 -7.0000 -10.0000 2.0000 0.0000 0.0000 0.0000 0.0000 2.0000 0.0000 15.0000 0.0000 1-4cylo.dat
1 16 20.0000 -7.0000 -10.0000 2.0000 0.0000 0.0000 0.0000 0.0000 2.0000 0.0000 1.0000 0.0000 1-4ndis.dat
1 16 20.0000 -7.0000 5.0000 2.0000 0.0000 0.0000 0.0000 0.0000 2.0000 0.0000 1.0000 0.0000 1-4chrd.dat
0 BFC INVERTNEXT
1 16 22.0000 -17.5000 -2.5000 0.0000 2.5000 0.0000 0.0000 0.0000 -2.5000 -2.5000 0.0000 0.0000 1-4cylo.dat
1 16 22.0000 -17.5000 -2.5000 0.0000 1.0000 0.0000 0.0000 0.0000 -2.5000 -2.5000 0.0000 0.0000 1-4ndis.dat
1 16 24.5000 -17.5000 -2.5000 0.0000 -1.0000 0.0000 0.0000 0.0000 -2.5000 -2.5000 0.0000 0.0000 1-4ndis.dat
0 BFC INVERTNEXT
1 16 22.0000 -17.5000 2.5000 0.0000 2.5000 0.0000 0.0000 0.0000 -2.5000 2.5000 0.0000 0.0000 1-4cylo.dat
1 16 22.0000 -17.5000 2.5000 0.0000 1.0000 0.0000 0.0000 0.0000 -2.5000 2.5000 0.0000 0.0000 1-4ndis.dat
1 16 24.5000 -17.5000 2.5000 0.0000 -1.0000 0.0000 0.0000 0.0000 -2.5000 2.5000 0.0000 0.0000 1-4ndis.dat
0 BFC INVERTNEXT
1 16 22.0000 -8.5000 3.7500 0.0000 2.5000 0.0000 0.0000 0.0000 1.2500 1.2500 0.0000 0.0000 2-4cylo.dat
1 16 22.0000 -8.5000 3.7500 0.0000 1.0000 0.0000 0.0000 0.0000 1.2500 1.2500 0.0000 0.0000 2-4ndis.DAT
1 16 24.5000 -8.5000 3.7500 0.0000 -1.0000 0.0000 0.0000 0.0000 1.2500 1.2500 0.0000 0.0000 2-4ndis.DAT
0 BFC INVERTNEXT
1 16 22.0000 -8.5000 -3.7500 0.0000 2.5000 0.0000 0.0000 0.0000 1.2500 1.2500 0.0000 0.0000 2-4cylo.dat
1 16 22.0000 -8.5000 -3.7500 0.0000 1.0000 0.0000 0.0000 0.0000 1.2500 1.2500 0.0000 0.0000 2-4ndis.DAT
1 16 24.5000 -8.5000 -3.7500 0.0000 -1.0000 0.0000 0.0000 0.0000 1.2500 1.2500 0.0000 0.0000 2-4ndis.DAT
1 16 21.0000 -17.0000 -1.2500 0.0000 1.0000 1.0000 -1.0000 0.0000 0.0000 0.0000 0.0000 -1.2500 rect3.dat
1 16 21.0000 -17.0000 1.2500 -0.9995 0.9964 0.0000 0.0000 0.0000 1.0000 -1.2494 -0.0031 0.0000 rect.dat
1 16 23.2500 -20.0000 0.0000 0.0000 0.0000 -1.2500 0.0000 -1.0000 0.0000 2.5000 0.0000 0.0000 rect2p.dat
1 16 23.2500 -13.0000 -5.0000 0.0000 0.0000 1.2500 4.5000 0.0000 0.0000 0.0000 -1.0000 0.0000 rect2p.dat
1 16 23.2500 -18.0000 0.0000 0.0000 0.0000 1.2500 0.0000 1.0000 0.0000 2.5000 0.0000 0.0000 rect3.dat
1 16 24.5000 -13.2500 0.0000 0.0000 -1.0000 0.0000 4.7500 0.0000 0.0000 0.0000 0.0000 -2.5000 rect2p.dat
1 16 22.0000 -12.2500 0.0000 0.0000 1.0000 0.0000 0.0000 0.0000 -3.7500 2.5000 0.0000 0.0000 rect3.dat
0 BFC INVERTNEXT
1 16 22.0000 -26.0000 0.0000 0.0000 2.5000 0.0000 0.0000 0.0000 2.5000 2.5000 0.0000 0.0000 4-4cylo.dat
1 16 22.0000 -26.0000 0.0000 0.0000 1.0000 0.0000 0.0000 0.0000 2.5000 2.5000 0.0000 0.0000 4-4ndis.dat
1 16 24.5000 -26.0000 0.0000 0.0000 -1.0000 0.0000 0.0000 0.0000 2.5000 2.5000 0.0000 0.0000 4-4ndis.dat
1 16 31.7334 -4.0000 0.0000 -7.2334 0.0000 0.0000 0.0000 1.0000 0.0000 0.0000 0.0000 7.4111 rect.dat
1 16 20.0000 0.0000 0.0000 0.0000 0.0000 -1.0000 0.0000 -1.0000 0.0000 -1.0000 0.0000 0.0000 connect6.dat
1 16 -20.0000 0.0000 0.0000 0.0000 0.0000 -1.0000 0.0000 -1.0000 0.0000 -1.0000 0.0000 0.0000 connect6.dat
1 16 0.0000 -2.0000 0.0000 0.0000 0.0000 40.0000 0.0000 2.0000 0.0000 10.0000 0.0000 0.0000 box3u2p.dat
1 16 0.0000 -5.0000 -2.5000 20.0000 0.0000 0.0000 0.0000 1.0000 0.0000 0.0000 0.0000 7.5000 rect2p.dat
1 16 0.0000 -12.5000 9.4500 0.0000 0.0000 17.0000 -0.4975 1.0050 0.0000 -0.0498 0.0000 0.0000 rect2p.dat
1 16 0.0000 -13.0000 7.2000 0.0000 0.0000 -17.0000 0.0000 1.0000 0.0000 2.2000 0.0000 0.0000 rect.dat
1 16 0.0000 -12.5000 5.0000 0.0000 0.0000 17.0000 0.5000 0.0000 0.0000 0.0000 1.0000 0.0000 rect2p.dat
