0 FILE 3167.dat
0 Technic, Liftarm, Modified U-Shape Thick 2 x 3 Perpendicular
0 Name:  3167.dat
0 Author:  
0 BL_Item_No 3167
0 BFC CERTIFY CCW
3 16 8.000 8.000 -8.000 -8.000 8.000 -8.000 -8.000 9.000 -8.000
3 16 -8.000 9.000 -8.000 8.000 9.000 -8.000 8.000 8.000 -8.000
3 16 -8.000 9.000 -8.000 -11.000 9.000 -6.000 11.000 9.000 -6.000
3 16 11.000 9.000 -6.000 8.000 9.000 -8.000 -8.000 9.000 -8.000
3 16 11.532 9.000 6.364 -11.532 9.000 6.364 -11.000 9.000 9.000
3 16 -11.000 9.000 9.000 11.000 9.000 9.000 11.532 9.000 6.364
3 16 -11.000 -9.000 9.000 -11.532 -9.000 6.364 11.532 -9.000 6.364
3 16 11.532 -9.000 6.364 11.000 -9.000 9.000 -11.000 -9.000 9.000
3 16 -11.000 -9.000 -10.000 11.000 -9.000 -10.000 11.000 -9.000 -6.000
3 16 11.000 -9.000 -6.000 -11.000 -9.000 -6.000 -11.000 -9.000 -10.000
3 16 11.000 -9.000 -10.000 -11.000 -9.000 -10.000 -8.000 -8.000 -10.000
3 16 -8.000 -8.000 -10.000 8.000 -8.000 -10.000 11.000 -9.000 -10.000
2 24 8.000 9.000 -8.000 -8.000 9.000 -8.000
2 24 11.000 9.000 -6.000 -11.000 9.000 -6.000
2 24 -11.532 9.000 6.364 11.532 9.000 6.364
2 24 20.000 9.000 9.000 -20.000 9.000 9.000
2 24 -20.000 -9.000 9.000 20.000 -9.000 9.000
2 24 -11.000 -9.000 -10.000 11.000 -9.000 -10.000
2 24 11.000 -9.000 -6.000 -11.000 -9.000 -6.000
2 24 -11.532 -9.000 6.364 11.532 -9.000 6.364
1 16 0.0000 0.0000 0.0000 1.0000 0.0000 0.0000 0.0000 0.0000 1.0000 0.0000 1.0000 0.0000 connhol2.dat
3 16 29.000 10.000 -20.000 29.000 10.000 0.000 29.000 9.000 0.000
3 16 29.000 -9.000 0.000 29.000 -10.000 0.000 29.000 -10.000 -20.000
3 16 29.000 10.000 -20.000 29.000 9.000 0.000 29.000 -9.000 0.000
3 16 29.000 -9.000 0.000 29.000 -10.000 -20.000 29.000 10.000 -20.000
3 16 11.000 -10.000 0.000 11.000 -9.000 0.000 11.000 -9.000 -10.000
3 16 11.000 -9.000 -10.000 11.000 -10.000 -20.000 11.000 -10.000 0.000
3 16 11.000 9.000 0.000 11.000 10.000 0.000 11.000 10.000 -20.000
3 16 11.000 10.000 -20.000 11.000 9.000 -10.000 11.000 9.000 0.000
3 16 11.000 -9.000 -10.000 11.000 9.000 -10.000 11.000 10.000 -20.000
3 16 11.000 10.000 -20.000 11.000 -10.000 -20.000 11.000 -9.000 -10.000
3 16 8.000 8.000 -10.000 8.000 8.000 -8.000 8.000 9.000 -8.000
3 16 8.000 9.000 -8.000 8.000 9.000 -10.000 8.000 8.000 -10.000
3 16 8.000 9.000 -10.000 11.000 9.000 -10.000 11.000 -9.000 -10.000
3 16 11.000 -9.000 -10.000 8.000 -8.000 -10.000 8.000 9.000 -10.000
3 16 11.532 -9.000 6.364 0.000 -9.000 6.364 8.602 -2.000 6.364
3 16 8.602 -2.000 6.364 11.532 -2.000 6.364 11.532 -9.000 6.364
3 16 11.532 -2.000 6.364 8.602 -2.000 6.364 11.685 -2.000 3.444
3 16 11.685 -2.000 3.444 12.370 -2.000 5.098 11.532 -2.000 6.364
3 16 12.480 -9.000 5.680 12.370 -9.000 5.098 13.636 -9.000 6.364
3 16 12.480 -9.000 5.680 13.636 -9.000 6.364 12.133 -9.000 6.204
3 16 12.133 -9.000 6.204 13.636 -9.000 6.364 11.000 -9.000 9.000
3 16 11.000 -9.000 9.000 11.532 -9.000 6.364 12.133 -9.000 6.204
3 16 11.685 -9.000 3.444 12.370 -9.000 5.098 12.370 -2.000 5.098
3 16 12.370 -2.000 5.098 11.685 -2.000 3.444 11.685 -9.000 3.444
3 16 11.000 -2.000 -6.000 11.000 -9.000 -6.000 11.000 -9.000 0.000
3 16 11.000 -9.000 0.000 11.000 -2.000 0.000 11.000 -2.000 -6.000
3 16 11.000 -2.000 -6.000 11.685 -2.000 3.444 8.602 -2.000 6.364
3 16 8.602 -2.000 6.364 8.602 -2.000 -6.000 11.000 -2.000 -6.000
3 16 11.000 -9.000 -6.000 11.000 -2.000 -6.000 8.602 -2.000 -6.000
3 16 8.602 -2.000 -6.000 0.000 -9.000 -6.000 11.000 -9.000 -6.000
3 16 11.532 9.000 6.364 11.532 2.000 6.364 8.602 2.000 6.364
3 16 8.602 2.000 6.364 0.000 9.000 6.364 11.532 9.000 6.364
3 16 11.532 2.000 6.364 12.370 2.000 5.098 11.685 2.000 3.444
3 16 11.685 2.000 3.444 8.602 2.000 6.364 11.532 2.000 6.364
3 16 12.480 9.000 5.680 13.636 9.000 6.364 12.370 9.000 5.098
3 16 12.480 9.000 5.680 12.133 9.000 6.204 13.636 9.000 6.364
3 16 12.133 9.000 6.204 11.532 9.000 6.364 11.000 9.000 9.000
3 16 11.000 9.000 9.000 13.636 9.000 6.364 12.133 9.000 6.204
3 16 11.685 9.000 3.444 11.685 2.000 3.444 12.370 2.000 5.098
3 16 12.370 2.000 5.098 12.370 9.000 5.098 11.685 9.000 3.444
3 16 11.000 2.000 -6.000 11.000 2.000 0.000 11.000 9.000 0.000
3 16 11.000 9.000 0.000 11.000 9.000 -6.000 11.000 2.000 -6.000
3 16 11.000 2.000 -6.000 8.602 2.000 -6.000 8.602 2.000 6.364
3 16 8.602 2.000 6.364 11.685 2.000 3.444 11.000 2.000 -6.000
3 16 11.000 9.000 -6.000 0.000 9.000 -6.000 8.602 2.000 -6.000
3 16 8.602 2.000 -6.000 11.000 2.000 -6.000 11.000 9.000 -6.000
3 16 20.000 9.000 9.000 9.000 9.000 9.000 9.000 -9.000 9.000
3 16 9.000 -9.000 9.000 20.000 -9.000 9.000 20.000 9.000 9.000
3 16 11.000 9.000 -10.000 8.000 9.000 -10.000 8.000 9.000 -8.000
3 16 8.000 9.000 -8.000 11.000 9.000 -6.000 11.000 9.000 -10.000
2 24 29.000 -10.000 -20.000 29.000 -10.000 0.000
2 24 29.000 10.000 -20.000 29.000 10.000 0.000
2 24 11.000 10.000 -10.000 11.000 10.000 -20.000
2 24 11.000 10.000 0.000 11.000 10.000 -10.000
2 24 11.000 -10.000 0.000 11.000 -10.000 -20.000
2 24 11.000 -9.000 -10.000 11.000 9.000 -10.000
2 24 8.000 9.000 -10.000 8.000 9.000 -8.000
2 24 8.000 8.000 -10.000 8.000 9.000 -10.000
2 24 8.000 8.000 -8.000 8.000 9.000 -8.000
2 24 8.000 9.000 -10.000 11.000 9.000 -10.000
2 24 8.602 -2.000 6.364 11.532 -2.000 6.364
2 24 12.370 -9.000 5.098 11.685 -9.000 3.444
2 24 12.370 -2.000 5.098 11.685 -2.000 3.444
2 24 11.000 -9.000 -10.000 11.000 -9.000 -6.000
2 24 11.000 -2.000 -6.000 11.000 -2.000 0.000
2 24 11.000 -9.000 -6.000 11.000 -2.000 -6.000
2 24 8.602 -2.000 6.364 8.602 -2.000 -6.000
2 24 11.000 -2.000 -6.000 8.602 -2.000 -6.000
2 24 11.532 2.000 6.364 8.602 2.000 6.364
2 24 11.685 9.000 3.444 12.370 9.000 5.098
2 24 11.685 2.000 3.444 12.370 2.000 5.098
2 24 11.000 9.000 -6.000 11.000 9.000 -10.000
2 24 11.000 2.000 0.000 11.000 2.000 -6.000
2 24 11.000 2.000 -6.000 11.000 9.000 -6.000
2 24 8.602 2.000 -6.000 8.602 2.000 6.364
2 24 8.602 2.000 -6.000 11.000 2.000 -6.000
1 16 0.0000 0.0000 -6.0000 0.0000 0.0000 9.0000 -9.0000 0.0000 0.0000 0.0000 12.3639 0.0000 2-4cylo.dat
1 16 20.0000 0.0000 -20.0000 1.0000 0.0000 0.0000 0.0000 1.0000 0.0000 0.0000 0.0000 1.0000 beamhole.dat
1 16 20.0000 0.0000 0.0000 1.0000 0.0000 0.0000 0.0000 1.0000 0.0000 0.0000 0.0000 1.0000 connhole.dat
1 16 20.0000 10.0000 -20.0000 -9.0000 0.0000 0.0000 0.0000 -20.0000 0.0000 0.0000 0.0000 -9.0000 2-4cylo.dat
1 16 20.0000 10.0000 0.0000 9.0000 0.0000 0.0000 0.0000 1.0000 0.0000 0.0000 0.0000 9.0000 2-4edge.DAT
1 16 20.0000 -10.0000 0.0000 9.0000 0.0000 0.0000 0.0000 1.0000 0.0000 0.0000 0.0000 9.0000 2-4edge.DAT
1 16 20.0000 10.0000 0.0000 9.0000 0.0000 0.0000 0.0000 -1.0000 0.0000 0.0000 0.0000 9.0000 2-4cyli.dat
1 16 20.0000 -10.0000 0.0000 9.0000 0.0000 0.0000 0.0000 1.0000 0.0000 0.0000 0.0000 9.0000 2-4cyli.dat
1 16 20.0000 -9.0000 0.0000 9.0000 0.0000 0.0000 0.0000 18.0000 0.0000 0.0000 0.0000 9.0000 1-4cyli.dat
1 16 0.0000 0.0000 10.0000 0.0000 0.0000 9.0000 -9.0000 0.0000 0.0000 0.0000 -1.0000 0.0000 2-4cylo.dat
1 16 0.0000 0.0000 9.0000 0.0000 0.0000 9.0000 -9.0000 0.0000 0.0000 0.0000 -1.0000 0.0000 2-4ndis.dat
1 16 0.0000 0.0000 -10.0000 0.0000 0.0000 8.0000 -8.0000 0.0000 0.0000 0.0000 1.0000 0.0000 1-4ndis.dat
0 BFC INVERTNEXT
1 16 11.7000 -9.0000 5.5817 -0.1679 0.0000 0.7773 0.0000 7.0000 0.0000 0.7822 0.0000 0.0952 3-8cylo.dat
1 16 11.7000 -2.0000 5.5817 -0.1679 0.0000 0.7773 0.0000 1.0000 0.0000 0.7822 0.0000 0.0952 3-8chrd.dat
1 16 20.0000 -9.0000 0.0000 -6.3640 0.0000 -6.3640 0.0000 1.0000 0.0000 6.3640 0.0000 -6.3640 1-16tang.dat
1 16 20.0000 -9.0000 0.0000 -9.0000 0.0000 0.0000 0.0000 7.0000 0.0000 0.0000 0.0000 9.0000 1-16cyli.dat
1 16 20.0000 -2.0000 0.0000 -9.0000 0.0000 0.0000 0.0000 1.0000 0.0000 0.0000 0.0000 9.0000 1-16edge.dat
1 16 20.0000 -9.0000 0.0000 0.0000 0.0000 -9.0000 0.0000 1.0000 0.0000 9.0000 0.0000 0.0000 1-8ndis.dat
1 16 20.0000 -9.0000 0.0000 0.0000 0.0000 -9.0000 0.0000 1.0000 0.0000 9.0000 0.0000 0.0000 3-16edge.dat
0 BFC INVERTNEXT
1 16 11.7000 9.0000 5.5817 -0.1679 0.0000 0.7773 0.0000 -7.0000 0.0000 0.7822 0.0000 0.0952 3-8cylo.dat
1 16 11.7000 2.0000 5.5817 -0.1679 0.0000 0.7773 0.0000 -1.0000 0.0000 0.7822 0.0000 0.0952 3-8chrd.dat
1 16 20.0000 9.0000 0.0000 -6.3640 0.0000 -6.3640 0.0000 -1.0000 0.0000 6.3640 0.0000 -6.3640 1-16tang.dat
1 16 20.0000 9.0000 0.0000 -9.0000 0.0000 0.0000 0.0000 -7.0000 0.0000 0.0000 0.0000 9.0000 1-16cyli.dat
1 16 20.0000 2.0000 0.0000 -9.0000 0.0000 0.0000 0.0000 -1.0000 0.0000 0.0000 0.0000 9.0000 1-16edge.dat
1 16 20.0000 9.0000 0.0000 0.0000 0.0000 -9.0000 0.0000 -1.0000 0.0000 9.0000 0.0000 0.0000 1-8ndis.dat
1 16 20.0000 9.0000 0.0000 0.0000 0.0000 -9.0000 0.0000 -1.0000 0.0000 9.0000 0.0000 0.0000 3-16edge.dat
3 16 -29.000 9.000 0.000 -29.000 10.000 0.000 -29.000 10.000 -20.000
3 16 -29.000 -10.000 -20.000 -29.000 -10.000 0.000 -29.000 -9.000 0.000
3 16 -29.000 -9.000 0.000 -29.000 9.000 0.000 -29.000 10.000 -20.000
3 16 -29.000 10.000 -20.000 -29.000 -10.000 -20.000 -29.000 -9.000 0.000
3 16 -11.000 -9.000 -10.000 -11.000 -9.000 0.000 -11.000 -10.000 0.000
3 16 -11.000 -10.000 0.000 -11.000 -10.000 -20.000 -11.000 -9.000 -10.000
3 16 -11.000 10.000 -20.000 -11.000 10.000 0.000 -11.000 9.000 0.000
3 16 -11.000 9.000 0.000 -11.000 9.000 -10.000 -11.000 10.000 -20.000
3 16 -11.000 10.000 -20.000 -11.000 9.000 -10.000 -11.000 -9.000 -10.000
3 16 -11.000 -9.000 -10.000 -11.000 -10.000 -20.000 -11.000 10.000 -20.000
3 16 -8.000 9.000 -8.000 -8.000 8.000 -8.000 -8.000 8.000 -10.000
3 16 -8.000 8.000 -10.000 -8.000 9.000 -10.000 -8.000 9.000 -8.000
3 16 -11.000 -9.000 -10.000 -11.000 9.000 -10.000 -8.000 9.000 -10.000
3 16 -8.000 9.000 -10.000 -8.000 -8.000 -10.000 -11.000 -9.000 -10.000
3 16 -8.602 -2.000 6.364 0.000 -9.000 6.364 -11.532 -9.000 6.364
3 16 -11.532 -9.000 6.364 -11.532 -2.000 6.364 -8.602 -2.000 6.364
3 16 -11.685 -2.000 3.444 -8.602 -2.000 6.364 -11.532 -2.000 6.364
3 16 -11.532 -2.000 6.364 -12.370 -2.000 5.098 -11.685 -2.000 3.444
3 16 -13.636 -9.000 6.364 -12.370 -9.000 5.098 -12.480 -9.000 5.680
3 16 -12.133 -9.000 6.204 -13.636 -9.000 6.364 -12.480 -9.000 5.680
3 16 -11.000 -9.000 9.000 -13.636 -9.000 6.364 -12.133 -9.000 6.204
3 16 -12.133 -9.000 6.204 -11.532 -9.000 6.364 -11.000 -9.000 9.000
3 16 -12.370 -2.000 5.098 -12.370 -9.000 5.098 -11.685 -9.000 3.444
3 16 -11.685 -9.000 3.444 -11.685 -2.000 3.444 -12.370 -2.000 5.098
3 16 -11.000 -9.000 0.000 -11.000 -9.000 -6.000 -11.000 -2.000 -6.000
3 16 -11.000 -2.000 -6.000 -11.000 -2.000 0.000 -11.000 -9.000 0.000
3 16 -8.602 -2.000 6.364 -11.685 -2.000 3.444 -11.000 -2.000 -6.000
3 16 -11.000 -2.000 -6.000 -8.602 -2.000 -6.000 -8.602 -2.000 6.364
3 16 -8.602 -2.000 -6.000 -11.000 -2.000 -6.000 -11.000 -9.000 -6.000
3 16 -11.000 -9.000 -6.000 0.000 -9.000 -6.000 -8.602 -2.000 -6.000
3 16 -8.602 2.000 6.364 -11.532 2.000 6.364 -11.532 9.000 6.364
3 16 -11.532 9.000 6.364 0.000 9.000 6.364 -8.602 2.000 6.364
3 16 -11.685 2.000 3.444 -12.370 2.000 5.098 -11.532 2.000 6.364
3 16 -11.532 2.000 6.364 -8.602 2.000 6.364 -11.685 2.000 3.444
3 16 -12.370 9.000 5.098 -13.636 9.000 6.364 -12.480 9.000 5.680
3 16 -13.636 9.000 6.364 -12.133 9.000 6.204 -12.480 9.000 5.680
3 16 -11.000 9.000 9.000 -11.532 9.000 6.364 -12.133 9.000 6.204
3 16 -12.133 9.000 6.204 -13.636 9.000 6.364 -11.000 9.000 9.000
3 16 -12.370 2.000 5.098 -11.685 2.000 3.444 -11.685 9.000 3.444
3 16 -11.685 9.000 3.444 -12.370 9.000 5.098 -12.370 2.000 5.098
3 16 -11.000 9.000 0.000 -11.000 2.000 0.000 -11.000 2.000 -6.000
3 16 -11.000 2.000 -6.000 -11.000 9.000 -6.000 -11.000 9.000 0.000
3 16 -8.602 2.000 6.364 -8.602 2.000 -6.000 -11.000 2.000 -6.000
3 16 -11.000 2.000 -6.000 -11.685 2.000 3.444 -8.602 2.000 6.364
3 16 -8.602 2.000 -6.000 0.000 9.000 -6.000 -11.000 9.000 -6.000
3 16 -11.000 9.000 -6.000 -11.000 2.000 -6.000 -8.602 2.000 -6.000
3 16 -9.000 -9.000 9.000 -9.000 9.000 9.000 -20.000 9.000 9.000
3 16 -20.000 9.000 9.000 -20.000 -9.000 9.000 -9.000 -9.000 9.000
3 16 -8.000 9.000 -8.000 -8.000 9.000 -10.000 -11.000 9.000 -10.000
3 16 -11.000 9.000 -10.000 -11.000 9.000 -6.000 -8.000 9.000 -8.000
2 24 -29.000 -10.000 -20.000 -29.000 -10.000 0.000
2 24 -29.000 10.000 -20.000 -29.000 10.000 0.000
2 24 -11.000 10.000 -10.000 -11.000 10.000 -20.000
2 24 -11.000 10.000 0.000 -11.000 10.000 -10.000
2 24 -11.000 -10.000 0.000 -11.000 -10.000 -20.000
2 24 -11.000 -9.000 -10.000 -11.000 9.000 -10.000
2 24 -8.000 9.000 -10.000 -8.000 9.000 -8.000
2 24 -8.000 8.000 -10.000 -8.000 9.000 -10.000
2 24 -8.000 8.000 -8.000 -8.000 9.000 -8.000
2 24 -8.000 9.000 -10.000 -11.000 9.000 -10.000
2 24 -8.602 -2.000 6.364 -11.532 -2.000 6.364
2 24 -12.370 -9.000 5.098 -11.685 -9.000 3.444
2 24 -12.370 -2.000 5.098 -11.685 -2.000 3.444
2 24 -11.000 -9.000 -10.000 -11.000 -9.000 -6.000
2 24 -11.000 -2.000 -6.000 -11.000 -2.000 0.000
2 24 -11.000 -9.000 -6.000 -11.000 -2.000 -6.000
2 24 -8.602 -2.000 6.364 -8.602 -2.000 -6.000
2 24 -11.000 -2.000 -6.000 -8.602 -2.000 -6.000
2 24 -11.532 2.000 6.364 -8.602 2.000 6.364
2 24 -11.685 9.000 3.444 -12.370 9.000 5.098
2 24 -11.685 2.000 3.444 -12.370 2.000 5.098
2 24 -11.000 9.000 -6.000 -11.000 9.000 -10.000
2 24 -11.000 2.000 0.000 -11.000 2.000 -6.000
2 24 -11.000 2.000 -6.000 -11.000 9.000 -6.000
2 24 -8.602 2.000 -6.000 -8.602 2.000 6.364
2 24 -8.602 2.000 -6.000 -11.000 2.000 -6.000
1 16 0.0000 0.0000 -6.0000 0.0000 0.0000 -9.0000 -9.0000 0.0000 0.0000 0.0000 12.3639 0.0000 2-4cylo.dat
1 16 -20.0000 0.0000 -20.0000 -1.0000 0.0000 0.0000 0.0000 1.0000 0.0000 0.0000 0.0000 1.0000 beamhole.dat
1 16 -20.0000 0.0000 0.0000 -1.0000 0.0000 0.0000 0.0000 1.0000 0.0000 0.0000 0.0000 1.0000 connhole.dat
1 16 -20.0000 10.0000 -20.0000 9.0000 0.0000 0.0000 0.0000 -20.0000 0.0000 0.0000 0.0000 -9.0000 2-4cylo.dat
1 16 -20.0000 10.0000 0.0000 -9.0000 0.0000 0.0000 0.0000 1.0000 0.0000 0.0000 0.0000 9.0000 2-4edge.DAT
1 16 -20.0000 -10.0000 0.0000 -9.0000 0.0000 0.0000 0.0000 1.0000 0.0000 0.0000 0.0000 9.0000 2-4edge.DAT
1 16 -20.0000 10.0000 0.0000 -9.0000 0.0000 0.0000 0.0000 -1.0000 0.0000 0.0000 0.0000 9.0000 2-4cyli.dat
1 16 -20.0000 -10.0000 0.0000 -9.0000 0.0000 0.0000 0.0000 1.0000 0.0000 0.0000 0.0000 9.0000 2-4cyli.dat
1 16 -20.0000 -9.0000 0.0000 -9.0000 0.0000 0.0000 0.0000 18.0000 0.0000 0.0000 0.0000 9.0000 1-4cyli.dat
1 16 0.0000 0.0000 10.0000 0.0000 0.0000 -9.0000 -9.0000 0.0000 0.0000 0.0000 -1.0000 0.0000 2-4cylo.dat
1 16 0.0000 0.0000 9.0000 0.0000 0.0000 -9.0000 -9.0000 0.0000 0.0000 0.0000 -1.0000 0.0000 2-4ndis.dat
1 16 0.0000 0.0000 -10.0000 0.0000 0.0000 -8.0000 -8.0000 0.0000 0.0000 0.0000 1.0000 0.0000 1-4ndis.dat
0 BFC INVERTNEXT
1 16 -11.7000 -9.0000 5.5817 0.1679 0.0000 -0.7773 0.0000 7.0000 0.0000 0.7822 0.0000 0.0952 3-8cylo.dat
1 16 -11.7000 -2.0000 5.5817 0.1679 0.0000 -0.7773 0.0000 1.0000 0.0000 0.7822 0.0000 0.0952 3-8chrd.dat
1 16 -20.0000 -9.0000 0.0000 6.3640 0.0000 6.3640 0.0000 1.0000 0.0000 6.3640 0.0000 -6.3640 1-16tang.dat
1 16 -20.0000 -9.0000 0.0000 9.0000 0.0000 0.0000 0.0000 7.0000 0.0000 0.0000 0.0000 9.0000 1-16cyli.dat
1 16 -20.0000 -2.0000 0.0000 9.0000 0.0000 0.0000 0.0000 1.0000 0.0000 0.0000 0.0000 9.0000 1-16edge.dat
1 16 -20.0000 -9.0000 0.0000 0.0000 0.0000 9.0000 0.0000 1.0000 0.0000 9.0000 0.0000 0.0000 1-8ndis.dat
1 16 -20.0000 -9.0000 0.0000 0.0000 0.0000 9.0000 0.0000 1.0000 0.0000 9.0000 0.0000 0.0000 3-16edge.dat
0 BFC INVERTNEXT
1 16 -11.7000 9.0000 5.5817 0.1679 0.0000 -0.7773 0.0000 -7.0000 0.0000 0.7822 0.0000 0.0952 3-8cylo.dat
1 16 -11.7000 2.0000 5.5817 0.1679 0.0000 -0.7773 0.0000 -1.0000 0.0000 0.7822 0.0000 0.0952 3-8chrd.dat
1 16 -20.0000 9.0000 0.0000 6.3640 0.0000 6.3640 0.0000 -1.0000 0.0000 6.3640 0.0000 -6.3640 1-16tang.dat
1 16 -20.0000 9.0000 0.0000 9.0000 0.0000 0.0000 0.0000 -7.0000 0.0000 0.0000 0.0000 9.0000 1-16cyli.dat
1 16 -20.0000 2.0000 0.0000 9.0000 0.0000 0.0000 0.0000 -1.0000 0.0000 0.0000 0.0000 9.0000 1-16edge.dat
1 16 -20.0000 9.0000 0.0000 0.0000 0.0000 9.0000 0.0000 -1.0000 0.0000 9.0000 0.0000 0.0000 1-8ndis.dat
1 16 -20.0000 9.0000 0.0000 0.0000 0.0000 9.0000 0.0000 -1.0000 0.0000 9.0000 0.0000 0.0000 3-16edge.dat
