0 FILE 33086.dat
0 Scala Arch 22 x 2 x 16 1/3
0 Name:  33086.dat
0 Author:  
0 BL_Item_No 33086
0 BFC CERTIFY CCW
3 16 180.000 180.000 20.000 180.000 180.000 -4.000 180.000 176.000 -20.000
3 16 180.000 176.000 -20.000 180.000 176.000 20.000 180.000 180.000 20.000
3 16 180.000 192.000 -20.000 180.000 188.000 -4.000 180.000 188.000 20.000
3 16 180.000 188.000 20.000 180.000 192.000 20.000 180.000 192.000 -20.000
3 16 180.000 176.000 -20.000 180.000 180.000 -4.000 180.000 188.000 -4.000
3 16 180.000 188.000 -4.000 180.000 192.000 -20.000 180.000 176.000 -20.000
3 16 220.000 192.000 20.000 216.000 189.000 20.000 216.000 179.000 20.000
3 16 216.000 179.000 20.000 220.000 176.000 20.000 220.000 192.000 20.000
3 16 220.000 176.000 20.000 216.000 179.000 20.000 203.317 179.000 20.000
3 16 220.000 176.000 20.000 203.317 179.000 20.000 196.683 179.000 20.000
3 16 196.683 179.000 20.000 180.000 176.000 20.000 220.000 176.000 20.000
3 16 180.000 176.000 20.000 196.683 179.000 20.000 188.000 179.000 20.000
3 16 216.000 189.000 20.000 220.000 192.000 20.000 203.109 189.000 20.000
3 16 220.000 192.000 20.000 180.000 192.000 20.000 196.890 189.000 20.000
3 16 196.890 189.000 20.000 203.109 189.000 20.000 220.000 192.000 20.000
3 16 196.890 189.000 20.000 180.000 192.000 20.000 188.000 189.000 20.000
3 16 188.000 179.000 20.000 188.000 179.500 20.000 183.000 179.500 20.000
3 16 183.000 179.500 20.000 180.000 176.000 20.000 188.000 179.000 20.000
3 16 183.000 188.500 20.000 188.000 188.500 20.000 188.000 189.000 20.000
3 16 188.000 189.000 20.000 180.000 192.000 20.000 183.000 188.500 20.000
3 16 183.000 179.500 20.000 183.000 180.000 20.000 180.000 180.000 20.000
3 16 180.000 180.000 20.000 180.000 176.000 20.000 183.000 179.500 20.000
3 16 180.000 188.000 20.000 183.000 188.000 20.000 183.000 188.500 20.000
3 16 183.000 188.500 20.000 180.000 192.000 20.000 180.000 188.000 20.000
3 16 180.000 176.000 -20.000 196.000 180.000 -20.000 204.000 180.000 -20.000
3 16 204.000 180.000 -20.000 220.000 176.000 -20.000 180.000 176.000 -20.000
3 16 204.000 188.000 -20.000 196.000 188.000 -20.000 180.000 192.000 -20.000
3 16 180.000 192.000 -20.000 220.000 192.000 -20.000 204.000 188.000 -20.000
3 16 204.000 180.000 -20.000 204.000 188.000 -20.000 220.000 192.000 -20.000
3 16 220.000 192.000 -20.000 220.000 176.000 -20.000 204.000 180.000 -20.000
3 16 196.000 188.000 -20.000 196.000 180.000 -20.000 180.000 176.000 -20.000
3 16 180.000 176.000 -20.000 180.000 192.000 -20.000 196.000 188.000 -20.000
3 16 183.000 180.000 20.000 184.000 180.000 0.000 180.000 180.000 0.000
3 16 180.000 180.000 0.000 180.000 180.000 20.000 183.000 180.000 20.000
3 16 180.000 188.000 0.000 184.000 188.000 0.000 183.000 188.000 20.000
3 16 183.000 188.000 20.000 180.000 188.000 20.000 180.000 188.000 0.000
3 16 196.683 179.000 20.000 200.000 180.000 20.000 198.469 180.305 20.000
3 16 203.317 179.000 20.000 201.531 180.305 20.000 200.000 180.000 20.000
3 16 200.000 180.000 20.000 196.683 179.000 20.000 203.317 179.000 20.000
3 16 195.757 179.757 20.000 196.683 179.000 20.000 198.469 180.305 20.000
3 16 198.469 180.305 20.000 197.172 181.172 20.000 195.757 179.757 20.000
3 16 204.243 179.757 20.000 202.828 181.172 20.000 201.531 180.305 20.000
3 16 201.531 180.305 20.000 203.317 179.000 20.000 204.243 179.757 20.000
3 16 203.109 189.000 20.000 201.531 187.695 20.000 202.828 186.828 20.000
3 16 202.828 186.828 20.000 204.243 188.243 20.000 203.109 189.000 20.000
3 16 195.757 188.243 20.000 197.172 186.828 20.000 198.469 187.695 20.000
3 16 198.469 187.695 20.000 196.890 189.000 20.000 195.757 188.243 20.000
3 16 201.531 187.695 20.000 203.109 189.000 20.000 200.000 188.000 20.000
3 16 196.890 189.000 20.000 198.469 187.695 20.000 200.000 188.000 20.000
3 16 200.000 188.000 20.000 203.109 189.000 20.000 196.890 189.000 20.000
3 16 188.000 179.500 20.000 188.000 180.000 0.000 184.000 180.000 0.000
3 16 184.000 180.000 0.000 183.000 179.500 20.000 188.000 179.500 20.000
3 16 184.000 188.000 0.000 188.000 188.000 0.000 188.000 188.500 20.000
3 16 188.000 188.500 20.000 183.000 188.500 20.000 184.000 188.000 0.000
3 16 183.000 180.000 20.000 183.000 179.500 20.000 184.000 180.000 0.000
3 16 183.000 188.000 20.000 184.000 188.000 0.000 183.000 188.500 20.000
3 16 188.000 179.500 20.000 188.000 179.000 20.000 188.000 180.000 0.000
3 16 188.000 188.500 20.000 188.000 188.000 0.000 188.000 189.000 20.000
3 16 196.683 179.000 20.000 195.757 179.757 20.000 195.757 179.757 -16.000
3 16 195.757 179.757 -16.000 195.952 179.626 -16.000 196.683 179.000 20.000
3 16 204.243 179.757 20.000 203.317 179.000 20.000 203.685 179.385 -16.000
3 16 203.685 179.385 -16.000 204.243 179.757 -16.000 204.243 179.757 20.000
3 16 204.243 188.243 -16.000 203.685 188.615 -16.000 203.109 189.000 20.000
3 16 203.109 189.000 20.000 204.243 188.243 20.000 204.243 188.243 -16.000
3 16 195.952 188.374 -16.000 195.757 188.243 -16.000 195.757 188.243 20.000
3 16 195.757 188.243 20.000 196.890 189.000 20.000 195.952 188.374 -16.000
3 16 216.000 189.000 20.000 203.109 189.000 20.000 203.685 188.615 -16.000
3 16 203.685 188.615 -16.000 216.000 189.000 -16.000 216.000 189.000 20.000
3 16 184.000 188.000 0.000 184.000 188.000 -16.000 188.000 188.000 0.000
3 16 188.000 188.000 0.000 184.000 188.000 -16.000 195.952 188.374 -16.000
3 16 188.000 188.000 0.000 195.952 188.374 -16.000 196.890 189.000 20.000
3 16 188.000 188.000 0.000 196.890 189.000 20.000 188.000 189.000 20.000
3 16 216.000 179.000 20.000 216.000 179.000 -16.000 203.317 179.000 20.000
3 16 203.685 179.385 -16.000 203.317 179.000 20.000 216.000 179.000 -16.000
3 16 184.000 180.000 -16.000 184.000 180.000 0.000 188.000 180.000 0.000
3 16 184.000 180.000 -16.000 188.000 180.000 0.000 195.952 179.626 -16.000
3 16 195.952 179.626 -16.000 188.000 180.000 0.000 196.683 179.000 20.000
3 16 196.683 179.000 20.000 188.000 180.000 0.000 188.000 179.000 20.000
3 16 194.000 184.000 -16.000 184.000 180.000 -16.000 194.457 181.704 -16.000
3 16 194.457 181.704 -16.000 184.000 180.000 -16.000 195.757 179.757 -16.000
3 16 195.757 179.757 -16.000 184.000 180.000 -16.000 195.952 179.626 -16.000
3 16 194.000 184.000 -16.000 194.457 186.296 -16.000 184.000 188.000 -16.000
3 16 184.000 188.000 -16.000 184.000 180.000 -16.000 194.000 184.000 -16.000
3 16 184.000 188.000 -16.000 194.457 186.296 -16.000 195.757 188.243 -16.000
3 16 184.000 188.000 -16.000 195.757 188.243 -16.000 195.952 188.374 -16.000
3 16 206.000 184.000 -16.000 205.543 181.704 -16.000 216.000 179.000 -16.000
3 16 216.000 179.000 -16.000 216.000 189.000 -16.000 206.000 184.000 -16.000
3 16 216.000 179.000 -16.000 205.543 181.704 -16.000 204.243 179.757 -16.000
3 16 216.000 179.000 -16.000 204.243 179.757 -16.000 203.685 179.385 -16.000
3 16 206.000 184.000 -16.000 216.000 189.000 -16.000 205.543 186.296 -16.000
3 16 205.543 186.296 -16.000 216.000 189.000 -16.000 204.243 188.243 -16.000
3 16 204.243 188.243 -16.000 216.000 189.000 -16.000 203.685 188.615 -16.000
3 16 -180.000 176.000 -20.000 -180.000 180.000 -4.000 -180.000 180.000 20.000
3 16 -180.000 180.000 20.000 -180.000 176.000 20.000 -180.000 176.000 -20.000
3 16 -180.000 188.000 20.000 -180.000 188.000 -4.000 -180.000 192.000 -20.000
3 16 -180.000 192.000 -20.000 -180.000 192.000 20.000 -180.000 188.000 20.000
3 16 -180.000 188.000 -4.000 -180.000 180.000 -4.000 -180.000 176.000 -20.000
3 16 -180.000 176.000 -20.000 -180.000 192.000 -20.000 -180.000 188.000 -4.000
3 16 -216.000 179.000 20.000 -216.000 189.000 20.000 -220.000 192.000 20.000
3 16 -220.000 192.000 20.000 -220.000 176.000 20.000 -216.000 179.000 20.000
3 16 -216.000 179.000 20.000 -220.000 176.000 20.000 -203.317 179.000 20.000
3 16 -196.683 179.000 20.000 -203.317 179.000 20.000 -220.000 176.000 20.000
3 16 -220.000 176.000 20.000 -180.000 176.000 20.000 -196.683 179.000 20.000
3 16 -196.683 179.000 20.000 -180.000 176.000 20.000 -188.000 179.000 20.000
3 16 -220.000 192.000 20.000 -216.000 189.000 20.000 -203.109 189.000 20.000
3 16 -196.890 189.000 20.000 -180.000 192.000 20.000 -220.000 192.000 20.000
3 16 -220.000 192.000 20.000 -203.109 189.000 20.000 -196.890 189.000 20.000
3 16 -180.000 192.000 20.000 -196.890 189.000 20.000 -188.000 189.000 20.000
3 16 -183.000 179.500 20.000 -188.000 179.500 20.000 -188.000 179.000 20.000
3 16 -188.000 179.000 20.000 -180.000 176.000 20.000 -183.000 179.500 20.000
3 16 -188.000 189.000 20.000 -188.000 188.500 20.000 -183.000 188.500 20.000
3 16 -183.000 188.500 20.000 -180.000 192.000 20.000 -188.000 189.000 20.000
3 16 -180.000 180.000 20.000 -183.000 180.000 20.000 -183.000 179.500 20.000
3 16 -183.000 179.500 20.000 -180.000 176.000 20.000 -180.000 180.000 20.000
3 16 -183.000 188.500 20.000 -183.000 188.000 20.000 -180.000 188.000 20.000
3 16 -180.000 188.000 20.000 -180.000 192.000 20.000 -183.000 188.500 20.000
3 16 -204.000 180.000 -20.000 -196.000 180.000 -20.000 -180.000 176.000 -20.000
3 16 -180.000 176.000 -20.000 -220.000 176.000 -20.000 -204.000 180.000 -20.000
3 16 -180.000 192.000 -20.000 -196.000 188.000 -20.000 -204.000 188.000 -20.000
3 16 -204.000 188.000 -20.000 -220.000 192.000 -20.000 -180.000 192.000 -20.000
3 16 -220.000 192.000 -20.000 -204.000 188.000 -20.000 -204.000 180.000 -20.000
3 16 -204.000 180.000 -20.000 -220.000 176.000 -20.000 -220.000 192.000 -20.000
3 16 -180.000 176.000 -20.000 -196.000 180.000 -20.000 -196.000 188.000 -20.000
3 16 -196.000 188.000 -20.000 -180.000 192.000 -20.000 -180.000 176.000 -20.000
3 16 -180.000 180.000 0.000 -184.000 180.000 0.000 -183.000 180.000 20.000
3 16 -183.000 180.000 20.000 -180.000 180.000 20.000 -180.000 180.000 0.000
3 16 -183.000 188.000 20.000 -184.000 188.000 0.000 -180.000 188.000 0.000
3 16 -180.000 188.000 0.000 -180.000 188.000 20.000 -183.000 188.000 20.000
3 16 -200.000 180.000 20.000 -196.683 179.000 20.000 -198.469 180.305 20.000
3 16 -200.000 180.000 20.000 -201.531 180.305 20.000 -203.317 179.000 20.000
3 16 -203.317 179.000 20.000 -196.683 179.000 20.000 -200.000 180.000 20.000
3 16 -198.469 180.305 20.000 -196.683 179.000 20.000 -195.757 179.757 20.000
3 16 -195.757 179.757 20.000 -197.172 181.172 20.000 -198.469 180.305 20.000
3 16 -201.531 180.305 20.000 -202.828 181.172 20.000 -204.243 179.757 20.000
3 16 -204.243 179.757 20.000 -203.317 179.000 20.000 -201.531 180.305 20.000
3 16 -202.828 186.828 20.000 -201.531 187.695 20.000 -203.109 189.000 20.000
3 16 -203.109 189.000 20.000 -204.243 188.243 20.000 -202.828 186.828 20.000
3 16 -198.469 187.695 20.000 -197.172 186.828 20.000 -195.757 188.243 20.000
3 16 -195.757 188.243 20.000 -196.890 189.000 20.000 -198.469 187.695 20.000
3 16 -203.109 189.000 20.000 -201.531 187.695 20.000 -200.000 188.000 20.000
3 16 -200.000 188.000 20.000 -198.469 187.695 20.000 -196.890 189.000 20.000
3 16 -196.890 189.000 20.000 -203.109 189.000 20.000 -200.000 188.000 20.000
3 16 -184.000 180.000 0.000 -188.000 180.000 0.000 -188.000 179.500 20.000
3 16 -188.000 179.500 20.000 -183.000 179.500 20.000 -184.000 180.000 0.000
3 16 -188.000 188.500 20.000 -188.000 188.000 0.000 -184.000 188.000 0.000
3 16 -184.000 188.000 0.000 -183.000 188.500 20.000 -188.000 188.500 20.000
3 16 -183.000 179.500 20.000 -183.000 180.000 20.000 -184.000 180.000 0.000
3 16 -184.000 188.000 0.000 -183.000 188.000 20.000 -183.000 188.500 20.000
3 16 -188.000 179.000 20.000 -188.000 179.500 20.000 -188.000 180.000 0.000
3 16 -188.000 188.000 0.000 -188.000 188.500 20.000 -188.000 189.000 20.000
3 16 -195.757 179.757 20.000 -196.683 179.000 20.000 -195.757 179.757 -16.000
3 16 -195.952 179.626 -16.000 -195.757 179.757 -16.000 -196.683 179.000 20.000
3 16 -203.317 179.000 20.000 -204.243 179.757 20.000 -203.685 179.385 -16.000
3 16 -204.243 179.757 -16.000 -203.685 179.385 -16.000 -204.243 179.757 20.000
3 16 -203.109 189.000 20.000 -203.685 188.615 -16.000 -204.243 188.243 -16.000
3 16 -204.243 188.243 -16.000 -204.243 188.243 20.000 -203.109 189.000 20.000
3 16 -195.757 188.243 20.000 -195.757 188.243 -16.000 -195.952 188.374 -16.000
3 16 -195.952 188.374 -16.000 -196.890 189.000 20.000 -195.757 188.243 20.000
3 16 -203.109 189.000 20.000 -216.000 189.000 20.000 -203.685 188.615 -16.000
3 16 -216.000 189.000 -16.000 -203.685 188.615 -16.000 -216.000 189.000 20.000
3 16 -184.000 188.000 -16.000 -184.000 188.000 0.000 -188.000 188.000 0.000
3 16 -184.000 188.000 -16.000 -188.000 188.000 0.000 -195.952 188.374 -16.000
3 16 -195.952 188.374 -16.000 -188.000 188.000 0.000 -196.890 189.000 20.000
3 16 -196.890 189.000 20.000 -188.000 188.000 0.000 -188.000 189.000 20.000
3 16 -216.000 179.000 -16.000 -216.000 179.000 20.000 -203.317 179.000 20.000
3 16 -203.317 179.000 20.000 -203.685 179.385 -16.000 -216.000 179.000 -16.000
3 16 -184.000 180.000 0.000 -184.000 180.000 -16.000 -188.000 180.000 0.000
3 16 -188.000 180.000 0.000 -184.000 180.000 -16.000 -195.952 179.626 -16.000
3 16 -188.000 180.000 0.000 -195.952 179.626 -16.000 -196.683 179.000 20.000
3 16 -188.000 180.000 0.000 -196.683 179.000 20.000 -188.000 179.000 20.000
3 16 -184.000 180.000 -16.000 -194.000 184.000 -16.000 -194.457 181.704 -16.000
3 16 -184.000 180.000 -16.000 -194.457 181.704 -16.000 -195.757 179.757 -16.000
3 16 -184.000 180.000 -16.000 -195.757 179.757 -16.000 -195.952 179.626 -16.000
3 16 -184.000 188.000 -16.000 -194.457 186.296 -16.000 -194.000 184.000 -16.000
3 16 -194.000 184.000 -16.000 -184.000 180.000 -16.000 -184.000 188.000 -16.000
3 16 -194.457 186.296 -16.000 -184.000 188.000 -16.000 -195.757 188.243 -16.000
3 16 -195.757 188.243 -16.000 -184.000 188.000 -16.000 -195.952 188.374 -16.000
3 16 -216.000 179.000 -16.000 -205.543 181.704 -16.000 -206.000 184.000 -16.000
3 16 -206.000 184.000 -16.000 -216.000 189.000 -16.000 -216.000 179.000 -16.000
3 16 -205.543 181.704 -16.000 -216.000 179.000 -16.000 -204.243 179.757 -16.000
3 16 -204.243 179.757 -16.000 -216.000 179.000 -16.000 -203.685 179.385 -16.000
3 16 -216.000 189.000 -16.000 -206.000 184.000 -16.000 -205.543 186.296 -16.000
3 16 -216.000 189.000 -16.000 -205.543 186.296 -16.000 -204.243 188.243 -16.000
3 16 -216.000 189.000 -16.000 -204.243 188.243 -16.000 -203.685 188.615 -16.000
3 16 220.000 0.000 20.000 216.000 4.000 20.000 -216.000 4.000 20.000
3 16 -216.000 4.000 20.000 -220.000 0.000 20.000 220.000 0.000 20.000
3 16 -216.000 12.000 20.000 216.000 12.000 20.000 220.000 16.000 20.000
3 16 220.000 16.000 20.000 -220.000 16.000 20.000 -216.000 12.000 20.000
3 16 -216.000 16.000 -16.000 -212.000 20.000 -16.000 212.000 20.000 -16.000
3 16 212.000 20.000 -16.000 216.000 16.000 -16.000 -216.000 16.000 -16.000
3 16 -212.000 20.000 -14.000 -188.000 32.000 -14.000 188.000 32.000 -14.000
3 16 188.000 32.000 -14.000 212.000 20.000 -14.000 -212.000 20.000 -14.000
3 16 -188.000 32.000 -16.000 -184.000 36.000 -16.000 184.000 36.000 -16.000
3 16 184.000 36.000 -16.000 188.000 32.000 -16.000 -188.000 32.000 -16.000
3 16 212.000 16.000 -12.000 188.000 32.000 -12.000 -188.000 32.000 -12.000
3 16 -188.000 32.000 -12.000 -212.000 16.000 -12.000 212.000 16.000 -12.000
3 16 188.000 32.000 16.000 184.000 36.000 16.000 -184.000 36.000 16.000
3 16 -184.000 36.000 16.000 -188.000 32.000 16.000 188.000 32.000 16.000
3 16 -216.000 4.000 20.000 -216.000 12.000 20.000 -220.000 16.000 20.000
3 16 -220.000 16.000 20.000 -220.000 0.000 20.000 -216.000 4.000 20.000
3 16 220.000 16.000 20.000 216.000 12.000 20.000 216.000 4.000 20.000
3 16 216.000 4.000 20.000 220.000 0.000 20.000 220.000 16.000 20.000
3 16 212.000 20.000 -16.000 212.000 172.000 -16.000 216.000 176.000 -16.000
3 16 216.000 176.000 -16.000 216.000 16.000 -16.000 212.000 20.000 -16.000
3 16 -216.000 176.000 -16.000 -212.000 172.000 -16.000 -212.000 20.000 -16.000
3 16 -212.000 20.000 -16.000 -216.000 16.000 -16.000 -216.000 176.000 -16.000
3 16 188.000 32.000 -14.000 188.000 172.000 -14.000 212.000 172.000 -14.000
3 16 212.000 172.000 -14.000 212.000 20.000 -14.000 188.000 32.000 -14.000
3 16 -212.000 172.000 -14.000 -188.000 172.000 -14.000 -188.000 32.000 -14.000
3 16 -188.000 32.000 -14.000 -212.000 20.000 -14.000 -212.000 172.000 -14.000
3 16 188.000 172.000 -16.000 184.000 176.000 -16.000 216.000 176.000 -16.000
3 16 216.000 176.000 -16.000 212.000 172.000 -16.000 188.000 172.000 -16.000
3 16 -216.000 176.000 -16.000 -184.000 176.000 -16.000 -188.000 172.000 -16.000
3 16 -188.000 172.000 -16.000 -212.000 172.000 -16.000 -216.000 176.000 -16.000
3 16 188.000 32.000 -16.000 184.000 36.000 -16.000 184.000 176.000 -16.000
3 16 184.000 176.000 -16.000 188.000 172.000 -16.000 188.000 32.000 -16.000
3 16 -184.000 176.000 -16.000 -184.000 36.000 -16.000 -188.000 32.000 -16.000
3 16 -188.000 32.000 -16.000 -188.000 172.000 -16.000 -184.000 176.000 -16.000
3 16 212.000 176.000 -12.000 188.000 176.000 -12.000 188.000 32.000 -12.000
3 16 188.000 32.000 -12.000 212.000 16.000 -12.000 212.000 176.000 -12.000
3 16 -188.000 32.000 -12.000 -188.000 176.000 -12.000 -212.000 176.000 -12.000
3 16 -212.000 176.000 -12.000 -212.000 16.000 -12.000 -188.000 32.000 -12.000
3 16 188.000 176.000 16.000 184.000 176.000 16.000 184.000 36.000 16.000
3 16 184.000 36.000 16.000 188.000 32.000 16.000 188.000 176.000 16.000
3 16 -184.000 36.000 16.000 -184.000 176.000 16.000 -188.000 176.000 16.000
3 16 -188.000 176.000 16.000 -188.000 32.000 16.000 -184.000 36.000 16.000
3 16 184.000 392.000 -16.000 216.000 392.000 -16.000 220.000 392.000 -20.000
3 16 220.000 392.000 -20.000 180.000 392.000 -20.000 184.000 392.000 -16.000
3 16 -220.000 392.000 -20.000 -216.000 392.000 -16.000 -184.000 392.000 -16.000
3 16 -184.000 392.000 -16.000 -180.000 392.000 -20.000 -220.000 392.000 -20.000
3 16 216.000 392.000 -16.000 216.000 392.000 16.000 220.000 392.000 20.000
3 16 220.000 392.000 20.000 220.000 392.000 -20.000 216.000 392.000 -16.000
3 16 -220.000 392.000 20.000 -216.000 392.000 16.000 -216.000 392.000 -16.000
3 16 -216.000 392.000 -16.000 -220.000 392.000 -20.000 -220.000 392.000 20.000
3 16 180.000 392.000 20.000 184.000 392.000 16.000 184.000 392.000 -16.000
3 16 184.000 392.000 -16.000 180.000 392.000 -20.000 180.000 392.000 20.000
3 16 -184.000 392.000 -16.000 -184.000 392.000 16.000 -180.000 392.000 20.000
3 16 -180.000 392.000 20.000 -180.000 392.000 -20.000 -184.000 392.000 -16.000
3 16 180.000 376.000 -20.000 196.000 380.000 -20.000 204.000 380.000 -20.000
3 16 204.000 380.000 -20.000 220.000 376.000 -20.000 180.000 376.000 -20.000
3 16 -204.000 380.000 -20.000 -196.000 380.000 -20.000 -180.000 376.000 -20.000
3 16 -180.000 376.000 -20.000 -220.000 376.000 -20.000 -204.000 380.000 -20.000
3 16 180.000 392.000 -20.000 196.000 388.000 -20.000 196.000 380.000 -20.000
3 16 196.000 380.000 -20.000 180.000 376.000 -20.000 180.000 392.000 -20.000
3 16 -196.000 380.000 -20.000 -196.000 388.000 -20.000 -180.000 392.000 -20.000
3 16 -180.000 392.000 -20.000 -180.000 376.000 -20.000 -196.000 380.000 -20.000
3 16 220.000 392.000 -20.000 204.000 388.000 -20.000 196.000 388.000 -20.000
3 16 196.000 388.000 -20.000 180.000 392.000 -20.000 220.000 392.000 -20.000
3 16 -196.000 388.000 -20.000 -204.000 388.000 -20.000 -220.000 392.000 -20.000
3 16 -220.000 392.000 -20.000 -180.000 392.000 -20.000 -196.000 388.000 -20.000
3 16 220.000 376.000 -20.000 204.000 380.000 -20.000 204.000 388.000 -20.000
3 16 204.000 388.000 -20.000 220.000 392.000 -20.000 220.000 376.000 -20.000
3 16 -204.000 388.000 -20.000 -204.000 380.000 -20.000 -220.000 376.000 -20.000
3 16 -220.000 376.000 -20.000 -220.000 392.000 -20.000 -204.000 388.000 -20.000
3 16 220.000 392.000 20.000 216.000 392.000 16.000 184.000 392.000 16.000
3 16 184.000 392.000 16.000 180.000 392.000 20.000 220.000 392.000 20.000
3 16 -184.000 392.000 16.000 -216.000 392.000 16.000 -220.000 392.000 20.000
3 16 -220.000 392.000 20.000 -180.000 392.000 20.000 -184.000 392.000 16.000
3 16 204.000 380.000 20.000 196.000 380.000 20.000 180.000 376.000 20.000
3 16 180.000 376.000 20.000 220.000 376.000 20.000 204.000 380.000 20.000
3 16 -180.000 376.000 20.000 -196.000 380.000 20.000 -204.000 380.000 20.000
3 16 -204.000 380.000 20.000 -220.000 376.000 20.000 -180.000 376.000 20.000
3 16 196.000 380.000 20.000 196.000 388.000 20.000 180.000 392.000 20.000
3 16 180.000 392.000 20.000 180.000 376.000 20.000 196.000 380.000 20.000
3 16 -180.000 392.000 20.000 -196.000 388.000 20.000 -196.000 380.000 20.000
3 16 -196.000 380.000 20.000 -180.000 376.000 20.000 -180.000 392.000 20.000
3 16 196.000 388.000 20.000 204.000 388.000 20.000 220.000 392.000 20.000
3 16 220.000 392.000 20.000 180.000 392.000 20.000 196.000 388.000 20.000
3 16 -220.000 392.000 20.000 -204.000 388.000 20.000 -196.000 388.000 20.000
3 16 -196.000 388.000 20.000 -180.000 392.000 20.000 -220.000 392.000 20.000
3 16 204.000 388.000 20.000 204.000 380.000 20.000 220.000 376.000 20.000
3 16 220.000 376.000 20.000 220.000 392.000 20.000 204.000 388.000 20.000
3 16 -220.000 376.000 20.000 -204.000 380.000 20.000 -204.000 388.000 20.000
3 16 -204.000 388.000 20.000 -220.000 392.000 20.000 -220.000 376.000 20.000
3 16 196.000 388.000 -16.000 204.000 388.000 -16.000 216.000 392.000 -16.000
3 16 216.000 392.000 -16.000 184.000 392.000 -16.000 196.000 388.000 -16.000
3 16 -216.000 392.000 -16.000 -204.000 388.000 -16.000 -196.000 388.000 -16.000
3 16 -196.000 388.000 -16.000 -184.000 392.000 -16.000 -216.000 392.000 -16.000
3 16 212.000 196.000 -16.000 212.000 372.000 -16.000 216.000 376.000 -16.000
3 16 216.000 376.000 -16.000 216.000 192.000 -16.000 212.000 196.000 -16.000
3 16 -216.000 376.000 -16.000 -212.000 372.000 -16.000 -212.000 196.000 -16.000
3 16 -212.000 196.000 -16.000 -216.000 192.000 -16.000 -216.000 376.000 -16.000
3 16 -188.000 196.000 -16.000 -188.000 372.000 -16.000 -184.000 376.000 -16.000
3 16 -184.000 376.000 -16.000 -184.000 192.000 -16.000 -188.000 196.000 -16.000
3 16 184.000 376.000 -16.000 188.000 372.000 -16.000 188.000 196.000 -16.000
3 16 188.000 196.000 -16.000 184.000 192.000 -16.000 184.000 376.000 -16.000
3 16 184.000 192.000 -16.000 188.000 196.000 -16.000 212.000 196.000 -16.000
3 16 212.000 196.000 -16.000 216.000 192.000 -16.000 184.000 192.000 -16.000
3 16 -212.000 196.000 -16.000 -188.000 196.000 -16.000 -184.000 192.000 -16.000
3 16 -184.000 192.000 -16.000 -216.000 192.000 -16.000 -212.000 196.000 -16.000
3 16 212.000 372.000 -16.000 188.000 372.000 -16.000 184.000 376.000 -16.000
3 16 184.000 376.000 -16.000 216.000 376.000 -16.000 212.000 372.000 -16.000
3 16 -184.000 376.000 -16.000 -188.000 372.000 -16.000 -212.000 372.000 -16.000
3 16 -212.000 372.000 -16.000 -216.000 376.000 -16.000 -184.000 376.000 -16.000
3 16 216.000 392.000 16.000 204.000 388.000 16.000 196.000 388.000 16.000
3 16 196.000 388.000 16.000 184.000 392.000 16.000 216.000 392.000 16.000
3 16 -196.000 388.000 16.000 -204.000 388.000 16.000 -216.000 392.000 16.000
3 16 -216.000 392.000 16.000 -184.000 392.000 16.000 -196.000 388.000 16.000
3 16 0.000 49.000 -8.000 9.850 49.430 -8.000 9.850 49.430 -12.000
3 16 9.850 49.430 -12.000 0.000 49.000 -12.000 0.000 49.000 -8.000
3 16 -9.850 49.430 -12.000 -9.850 49.430 -8.000 0.000 49.000 -8.000
3 16 0.000 49.000 -8.000 0.000 49.000 -12.000 -9.850 49.430 -12.000
3 16 9.850 49.430 -12.000 22.000 38.000 -12.000 22.000 36.000 -12.000
3 16 22.000 36.000 -12.000 0.000 49.000 -12.000 9.850 49.430 -12.000
3 16 -22.000 36.000 -12.000 -22.000 38.000 -12.000 -9.850 49.430 -12.000
3 16 -9.850 49.430 -12.000 0.000 49.000 -12.000 -22.000 36.000 -12.000
3 16 22.000 36.000 -8.000 22.000 38.000 -8.000 9.850 49.430 -8.000
3 16 9.850 49.430 -8.000 0.000 49.000 -8.000 22.000 36.000 -8.000
3 16 -9.850 49.430 -8.000 -22.000 38.000 -8.000 -22.000 36.000 -8.000
3 16 -22.000 36.000 -8.000 0.000 49.000 -8.000 -9.850 49.430 -8.000
3 16 0.000 49.000 -12.000 22.000 36.000 -12.000 0.000 36.000 -12.000
3 16 0.000 49.000 -12.000 0.000 36.000 -12.000 -22.000 36.000 -12.000
3 16 0.000 49.000 -8.000 0.000 36.000 -8.000 22.000 36.000 -8.000
3 16 0.000 49.000 -8.000 -22.000 36.000 -8.000 0.000 36.000 -8.000
3 16 9.850 49.430 -8.000 19.440 50.684 -8.000 19.440 50.684 -12.000
3 16 19.440 50.684 -12.000 9.850 49.430 -12.000 9.850 49.430 -8.000
3 16 -19.440 50.684 -12.000 -19.440 50.684 -8.000 -9.850 49.430 -8.000
3 16 -9.850 49.430 -8.000 -9.850 49.430 -12.000 -19.440 50.684 -12.000
3 16 9.850 49.430 -12.000 19.440 50.684 -12.000 22.000 38.000 -12.000
3 16 -9.850 49.430 -12.000 -22.000 38.000 -12.000 -19.440 50.684 -12.000
3 16 9.850 49.430 -8.000 22.000 38.000 -8.000 19.440 50.684 -8.000
3 16 -9.850 49.430 -8.000 -19.440 50.684 -8.000 -22.000 38.000 -8.000
3 16 27.820 52.480 -12.000 31.020 39.880 -12.000 22.000 38.000 -12.000
3 16 22.000 38.000 -12.000 19.440 50.684 -12.000 27.820 52.480 -12.000
3 16 -22.000 38.000 -12.000 -31.020 39.880 -12.000 -27.820 52.480 -12.000
3 16 -27.820 52.480 -12.000 -19.440 50.684 -12.000 -22.000 38.000 -12.000
3 16 22.000 38.000 -8.000 31.020 39.880 -8.000 27.820 52.480 -8.000
3 16 27.820 52.480 -8.000 19.440 50.684 -8.000 22.000 38.000 -8.000
3 16 -27.820 52.480 -8.000 -31.020 39.880 -8.000 -22.000 38.000 -8.000
3 16 -22.000 38.000 -8.000 -19.440 50.684 -8.000 -27.820 52.480 -8.000
3 16 19.440 50.684 -8.000 27.820 52.480 -8.000 27.820 52.480 -12.000
3 16 27.820 52.480 -12.000 19.440 50.684 -12.000 19.440 50.684 -8.000
3 16 -27.820 52.480 -12.000 -27.820 52.480 -8.000 -19.440 50.684 -8.000
3 16 -19.440 50.684 -8.000 -19.440 50.684 -12.000 -27.820 52.480 -12.000
3 16 31.020 39.880 -12.000 31.020 39.880 -8.000 22.000 38.000 -8.000
3 16 22.000 38.000 -8.000 22.000 38.000 -12.000 31.020 39.880 -12.000
3 16 -22.000 38.000 -8.000 -31.020 39.880 -8.000 -31.020 39.880 -12.000
3 16 -31.020 39.880 -12.000 -22.000 38.000 -12.000 -22.000 38.000 -8.000
3 16 35.870 54.850 -12.000 40.000 42.500 -12.000 31.020 39.880 -12.000
3 16 31.020 39.880 -12.000 27.820 52.480 -12.000 35.870 54.850 -12.000
3 16 -31.020 39.880 -12.000 -40.000 42.500 -12.000 -35.870 54.850 -12.000
3 16 -35.870 54.850 -12.000 -27.820 52.480 -12.000 -31.020 39.880 -12.000
3 16 31.020 39.880 -8.000 40.000 42.500 -8.000 35.870 54.850 -8.000
3 16 35.870 54.850 -8.000 27.820 52.480 -8.000 31.020 39.880 -8.000
3 16 -35.870 54.850 -8.000 -40.000 42.500 -8.000 -31.020 39.880 -8.000
3 16 -31.020 39.880 -8.000 -27.820 52.480 -8.000 -35.870 54.850 -8.000
3 16 27.820 52.480 -8.000 35.870 54.850 -8.000 35.870 54.850 -12.000
3 16 35.870 54.850 -12.000 27.820 52.480 -12.000 27.820 52.480 -8.000
3 16 -35.870 54.850 -12.000 -35.870 54.850 -8.000 -27.820 52.480 -8.000
3 16 -27.820 52.480 -8.000 -27.820 52.480 -12.000 -35.870 54.850 -12.000
3 16 40.000 42.500 -12.000 40.000 42.500 -8.000 31.020 39.880 -8.000
3 16 31.020 39.880 -8.000 31.020 39.880 -12.000 40.000 42.500 -12.000
3 16 -31.020 39.880 -8.000 -40.000 42.500 -8.000 -40.000 42.500 -12.000
3 16 -40.000 42.500 -12.000 -31.020 39.880 -12.000 -31.020 39.880 -8.000
3 16 43.060 57.530 -12.000 48.000 45.500 -12.000 40.000 42.500 -12.000
3 16 40.000 42.500 -12.000 35.870 54.850 -12.000 43.060 57.530 -12.000
3 16 -40.000 42.500 -12.000 -48.000 45.500 -12.000 -43.060 57.530 -12.000
3 16 -43.060 57.530 -12.000 -35.870 54.850 -12.000 -40.000 42.500 -12.000
3 16 40.000 42.500 -8.000 48.000 45.500 -8.000 43.060 57.530 -8.000
3 16 43.060 57.530 -8.000 35.870 54.850 -8.000 40.000 42.500 -8.000
3 16 -43.060 57.530 -8.000 -48.000 45.500 -8.000 -40.000 42.500 -8.000
3 16 -40.000 42.500 -8.000 -35.870 54.850 -8.000 -43.060 57.530 -8.000
3 16 35.870 54.850 -8.000 43.060 57.530 -8.000 43.060 57.530 -12.000
3 16 43.060 57.530 -12.000 35.870 54.850 -12.000 35.870 54.850 -8.000
3 16 -43.060 57.530 -12.000 -43.060 57.530 -8.000 -35.870 54.850 -8.000
3 16 -35.870 54.850 -8.000 -35.870 54.850 -12.000 -43.060 57.530 -12.000
3 16 48.000 36.000 -12.000 40.000 36.000 -12.000 40.000 42.500 -12.000
3 16 40.000 42.500 -12.000 48.000 45.500 -12.000 48.000 36.000 -12.000
3 16 -40.000 42.500 -12.000 -40.000 36.000 -12.000 -48.000 36.000 -12.000
3 16 -48.000 36.000 -12.000 -48.000 45.500 -12.000 -40.000 42.500 -12.000
3 16 40.000 42.500 -8.000 40.000 36.000 -8.000 48.000 36.000 -8.000
3 16 48.000 36.000 -8.000 48.000 45.500 -8.000 40.000 42.500 -8.000
3 16 -48.000 36.000 -8.000 -40.000 36.000 -8.000 -40.000 42.500 -8.000
3 16 -40.000 42.500 -8.000 -48.000 45.500 -8.000 -48.000 36.000 -8.000
3 16 50.220 61.000 -12.000 56.000 49.100 -12.000 48.000 45.500 -12.000
3 16 48.000 45.500 -12.000 43.060 57.530 -12.000 50.220 61.000 -12.000
3 16 -48.000 45.500 -12.000 -56.000 49.100 -12.000 -50.220 61.000 -12.000
3 16 -50.220 61.000 -12.000 -43.060 57.530 -12.000 -48.000 45.500 -12.000
3 16 48.000 45.500 -8.000 56.000 49.100 -8.000 50.220 61.000 -8.000
3 16 50.220 61.000 -8.000 43.060 57.530 -8.000 48.000 45.500 -8.000
3 16 -50.220 61.000 -8.000 -56.000 49.100 -8.000 -48.000 45.500 -8.000
3 16 -48.000 45.500 -8.000 -43.060 57.530 -8.000 -50.220 61.000 -8.000
3 16 43.060 57.530 -8.000 50.220 61.000 -8.000 50.220 61.000 -12.000
3 16 50.220 61.000 -12.000 43.060 57.530 -12.000 43.060 57.530 -8.000
3 16 -50.220 61.000 -12.000 -50.220 61.000 -8.000 -43.060 57.530 -8.000
3 16 -43.060 57.530 -8.000 -43.060 57.530 -12.000 -50.220 61.000 -12.000
3 16 56.000 49.100 -12.000 56.000 49.100 -8.000 48.000 45.500 -8.000
3 16 48.000 45.500 -8.000 48.000 45.500 -12.000 56.000 49.100 -12.000
3 16 -48.000 45.500 -8.000 -56.000 49.100 -8.000 -56.000 49.100 -12.000
3 16 -56.000 49.100 -12.000 -48.000 45.500 -12.000 -48.000 45.500 -8.000
3 16 57.400 64.660 -12.000 64.000 53.500 -12.000 56.000 49.100 -12.000
3 16 56.000 49.100 -12.000 50.220 61.000 -12.000 57.400 64.660 -12.000
3 16 -56.000 49.100 -12.000 -64.000 53.500 -12.000 -57.400 64.660 -12.000
3 16 -57.400 64.660 -12.000 -50.220 61.000 -12.000 -56.000 49.100 -12.000
3 16 56.000 49.100 -8.000 64.000 53.500 -8.000 57.400 64.660 -8.000
3 16 57.400 64.660 -8.000 50.220 61.000 -8.000 56.000 49.100 -8.000
3 16 -57.400 64.660 -8.000 -64.000 53.500 -8.000 -56.000 49.100 -8.000
3 16 -56.000 49.100 -8.000 -50.220 61.000 -8.000 -57.400 64.660 -8.000
3 16 50.220 61.000 -8.000 57.400 64.660 -8.000 57.400 64.660 -12.000
3 16 57.400 64.660 -12.000 50.220 61.000 -12.000 50.220 61.000 -8.000
3 16 -57.400 64.660 -12.000 -57.400 64.660 -8.000 -50.220 61.000 -8.000
3 16 -50.220 61.000 -8.000 -50.220 61.000 -12.000 -57.400 64.660 -12.000
3 16 64.000 36.000 -12.000 56.000 36.000 -12.000 56.000 49.100 -12.000
3 16 56.000 49.100 -12.000 64.000 53.500 -12.000 64.000 36.000 -12.000
3 16 -56.000 49.100 -12.000 -56.000 36.000 -12.000 -64.000 36.000 -12.000
3 16 -64.000 36.000 -12.000 -64.000 53.500 -12.000 -56.000 49.100 -12.000
3 16 56.000 49.100 -8.000 56.000 36.000 -8.000 64.000 36.000 -8.000
3 16 64.000 36.000 -8.000 64.000 53.500 -8.000 56.000 49.100 -8.000
3 16 -64.000 36.000 -8.000 -56.000 36.000 -8.000 -56.000 49.100 -8.000
3 16 -56.000 49.100 -8.000 -64.000 53.500 -8.000 -64.000 36.000 -8.000
3 16 64.570 69.270 -12.000 72.000 58.600 -12.000 64.000 53.500 -12.000
3 16 64.000 53.500 -12.000 57.400 64.660 -12.000 64.570 69.270 -12.000
3 16 -64.000 53.500 -12.000 -72.000 58.600 -12.000 -64.570 69.270 -12.000
3 16 -64.570 69.270 -12.000 -57.400 64.660 -12.000 -64.000 53.500 -12.000
3 16 64.000 53.500 -8.000 72.000 58.600 -8.000 64.570 69.270 -8.000
3 16 64.570 69.270 -8.000 57.400 64.660 -8.000 64.000 53.500 -8.000
3 16 -64.570 69.270 -8.000 -72.000 58.600 -8.000 -64.000 53.500 -8.000
3 16 -64.000 53.500 -8.000 -57.400 64.660 -8.000 -64.570 69.270 -8.000
3 16 57.400 64.660 -8.000 64.570 69.270 -8.000 64.570 69.270 -12.000
3 16 64.570 69.270 -12.000 57.400 64.660 -12.000 57.400 64.660 -8.000
3 16 -64.570 69.270 -12.000 -64.570 69.270 -8.000 -57.400 64.660 -8.000
3 16 -57.400 64.660 -8.000 -57.400 64.660 -12.000 -64.570 69.270 -12.000
3 16 72.000 58.600 -12.000 72.000 58.600 -8.000 64.000 53.500 -8.000
3 16 64.000 53.500 -8.000 64.000 53.500 -12.000 72.000 58.600 -12.000
3 16 -64.000 53.500 -8.000 -72.000 58.600 -8.000 -72.000 58.600 -12.000
3 16 -72.000 58.600 -12.000 -64.000 53.500 -12.000 -64.000 53.500 -8.000
3 16 71.750 74.700 -12.000 80.000 64.700 -12.000 72.000 58.600 -12.000
3 16 72.000 58.600 -12.000 64.570 69.270 -12.000 71.750 74.700 -12.000
3 16 -72.000 58.600 -12.000 -80.000 64.700 -12.000 -71.750 74.700 -12.000
3 16 -71.750 74.700 -12.000 -64.570 69.270 -12.000 -72.000 58.600 -12.000
3 16 72.000 58.600 -8.000 80.000 64.700 -8.000 71.750 74.700 -8.000
3 16 71.750 74.700 -8.000 64.570 69.270 -8.000 72.000 58.600 -8.000
3 16 -71.750 74.700 -8.000 -80.000 64.700 -8.000 -72.000 58.600 -8.000
3 16 -72.000 58.600 -8.000 -64.570 69.270 -8.000 -71.750 74.700 -8.000
3 16 64.570 69.270 -8.000 71.750 74.700 -8.000 71.750 74.700 -12.000
3 16 71.750 74.700 -12.000 64.570 69.270 -12.000 64.570 69.270 -8.000
3 16 -71.750 74.700 -12.000 -71.750 74.700 -8.000 -64.570 69.270 -8.000
3 16 -64.570 69.270 -8.000 -64.570 69.270 -12.000 -71.750 74.700 -12.000
3 16 80.000 36.000 -12.000 72.000 36.000 -12.000 72.000 58.600 -12.000
3 16 72.000 58.600 -12.000 80.000 64.700 -12.000 80.000 36.000 -12.000
3 16 -72.000 58.600 -12.000 -72.000 36.000 -12.000 -80.000 36.000 -12.000
3 16 -80.000 36.000 -12.000 -80.000 64.700 -12.000 -72.000 58.600 -12.000
3 16 72.000 58.600 -8.000 72.000 36.000 -8.000 80.000 36.000 -8.000
3 16 80.000 36.000 -8.000 80.000 64.700 -8.000 72.000 58.600 -8.000
3 16 -80.000 36.000 -8.000 -72.000 36.000 -8.000 -72.000 58.600 -8.000
3 16 -72.000 58.600 -8.000 -80.000 64.700 -8.000 -80.000 36.000 -8.000
3 16 78.920 81.130 -12.000 88.000 71.800 -12.000 80.000 64.700 -12.000
3 16 80.000 64.700 -12.000 71.750 74.700 -12.000 78.920 81.130 -12.000
3 16 -80.000 64.700 -12.000 -88.000 71.800 -12.000 -78.920 81.130 -12.000
3 16 -78.920 81.130 -12.000 -71.750 74.700 -12.000 -80.000 64.700 -12.000
3 16 80.000 64.700 -8.000 88.000 71.800 -8.000 78.920 81.130 -8.000
3 16 78.920 81.130 -8.000 71.750 74.700 -8.000 80.000 64.700 -8.000
3 16 -78.920 81.130 -8.000 -88.000 71.800 -8.000 -80.000 64.700 -8.000
3 16 -80.000 64.700 -8.000 -71.750 74.700 -8.000 -78.920 81.130 -8.000
3 16 71.750 74.700 -8.000 78.920 81.130 -8.000 78.920 81.130 -12.000
3 16 78.920 81.130 -12.000 71.750 74.700 -12.000 71.750 74.700 -8.000
3 16 -78.920 81.130 -12.000 -78.920 81.130 -8.000 -71.750 74.700 -8.000
3 16 -71.750 74.700 -8.000 -71.750 74.700 -12.000 -78.920 81.130 -12.000
3 16 88.000 71.800 -12.000 88.000 71.800 -8.000 80.000 64.700 -8.000
3 16 80.000 64.700 -8.000 80.000 64.700 -12.000 88.000 71.800 -12.000
3 16 -80.000 64.700 -8.000 -88.000 71.800 -8.000 -88.000 71.800 -12.000
3 16 -88.000 71.800 -12.000 -80.000 64.700 -12.000 -80.000 64.700 -8.000
3 16 86.100 88.810 -12.000 96.000 80.400 -12.000 88.000 71.800 -12.000
3 16 88.000 71.800 -12.000 78.920 81.130 -12.000 86.100 88.810 -12.000
3 16 -88.000 71.800 -12.000 -96.000 80.400 -12.000 -86.100 88.810 -12.000
3 16 -86.100 88.810 -12.000 -78.920 81.130 -12.000 -88.000 71.800 -12.000
3 16 88.000 71.800 -8.000 96.000 80.400 -8.000 86.100 88.810 -8.000
3 16 86.100 88.810 -8.000 78.920 81.130 -8.000 88.000 71.800 -8.000
3 16 -86.100 88.810 -8.000 -96.000 80.400 -8.000 -88.000 71.800 -8.000
3 16 -88.000 71.800 -8.000 -78.920 81.130 -8.000 -86.100 88.810 -8.000
3 16 78.920 81.130 -8.000 86.100 88.810 -8.000 86.100 88.810 -12.000
3 16 86.100 88.810 -12.000 78.920 81.130 -12.000 78.920 81.130 -8.000
3 16 -86.100 88.810 -12.000 -86.100 88.810 -8.000 -78.920 81.130 -8.000
3 16 -78.920 81.130 -8.000 -78.920 81.130 -12.000 -86.100 88.810 -12.000
3 16 96.000 36.000 -12.000 88.000 36.000 -12.000 88.000 71.800 -12.000
3 16 88.000 71.800 -12.000 96.000 80.400 -12.000 96.000 36.000 -12.000
3 16 -88.000 71.800 -12.000 -88.000 36.000 -12.000 -96.000 36.000 -12.000
3 16 -96.000 36.000 -12.000 -96.000 80.400 -12.000 -88.000 71.800 -12.000
3 16 88.000 71.800 -8.000 88.000 36.000 -8.000 96.000 36.000 -8.000
3 16 96.000 36.000 -8.000 96.000 80.400 -8.000 88.000 71.800 -8.000
3 16 -96.000 36.000 -8.000 -88.000 36.000 -8.000 -88.000 71.800 -8.000
3 16 -88.000 71.800 -8.000 -96.000 80.400 -8.000 -96.000 36.000 -8.000
3 16 93.270 98.210 -12.000 104.000 90.900 -12.000 96.000 80.400 -12.000
3 16 96.000 80.400 -12.000 86.100 88.810 -12.000 93.270 98.210 -12.000
3 16 -96.000 80.400 -12.000 -104.000 90.900 -12.000 -93.270 98.210 -12.000
3 16 -93.270 98.210 -12.000 -86.100 88.810 -12.000 -96.000 80.400 -12.000
3 16 96.000 80.400 -8.000 104.000 90.900 -8.000 93.270 98.210 -8.000
3 16 93.270 98.210 -8.000 86.100 88.810 -8.000 96.000 80.400 -8.000
3 16 -93.270 98.210 -8.000 -104.000 90.900 -8.000 -96.000 80.400 -8.000
3 16 -96.000 80.400 -8.000 -86.100 88.810 -8.000 -93.270 98.210 -8.000
3 16 86.100 88.810 -8.000 93.270 98.210 -8.000 93.270 98.210 -12.000
3 16 93.270 98.210 -12.000 86.100 88.810 -12.000 86.100 88.810 -8.000
3 16 -93.270 98.210 -12.000 -93.270 98.210 -8.000 -86.100 88.810 -8.000
3 16 -86.100 88.810 -8.000 -86.100 88.810 -12.000 -93.270 98.210 -12.000
3 16 104.000 90.900 -12.000 104.000 90.900 -8.000 96.000 80.400 -8.000
3 16 96.000 80.400 -8.000 96.000 80.400 -12.000 104.000 90.900 -12.000
3 16 -96.000 80.400 -8.000 -104.000 90.900 -8.000 -104.000 90.900 -12.000
3 16 -104.000 90.900 -12.000 -96.000 80.400 -12.000 -96.000 80.400 -8.000
3 16 100.440 110.230 -12.000 112.000 104.300 -12.000 104.000 90.900 -12.000
3 16 104.000 90.900 -12.000 93.270 98.210 -12.000 100.440 110.230 -12.000
3 16 -104.000 90.900 -12.000 -112.000 104.300 -12.000 -100.440 110.230 -12.000
3 16 -100.440 110.230 -12.000 -93.270 98.210 -12.000 -104.000 90.900 -12.000
3 16 104.000 90.900 -8.000 112.000 104.300 -8.000 100.440 110.230 -8.000
3 16 100.440 110.230 -8.000 93.270 98.210 -8.000 104.000 90.900 -8.000
3 16 -100.440 110.230 -8.000 -112.000 104.300 -8.000 -104.000 90.900 -8.000
3 16 -104.000 90.900 -8.000 -93.270 98.210 -8.000 -100.440 110.230 -8.000
3 16 93.270 98.210 -8.000 100.440 110.230 -8.000 100.440 110.230 -12.000
3 16 100.440 110.230 -12.000 93.270 98.210 -12.000 93.270 98.210 -8.000
3 16 -100.440 110.230 -12.000 -100.440 110.230 -8.000 -93.270 98.210 -8.000
3 16 -93.270 98.210 -8.000 -93.270 98.210 -12.000 -100.440 110.230 -12.000
3 16 112.000 36.000 -12.000 104.000 36.000 -12.000 104.000 90.900 -12.000
3 16 104.000 90.900 -12.000 112.000 104.300 -12.000 112.000 36.000 -12.000
3 16 -104.000 90.900 -12.000 -104.000 36.000 -12.000 -112.000 36.000 -12.000
3 16 -112.000 36.000 -12.000 -112.000 104.300 -12.000 -104.000 90.900 -12.000
3 16 104.000 90.900 -8.000 104.000 36.000 -8.000 112.000 36.000 -8.000
3 16 112.000 36.000 -8.000 112.000 104.300 -8.000 104.000 90.900 -8.000
3 16 -112.000 36.000 -8.000 -104.000 36.000 -8.000 -104.000 90.900 -8.000
3 16 -104.000 90.900 -8.000 -112.000 104.300 -8.000 -112.000 36.000 -8.000
3 16 117.520 119.680 -12.000 120.000 106.920 -12.000 112.000 104.300 -12.000
3 16 112.000 104.300 -12.000 100.440 110.230 -12.000 117.520 119.680 -12.000
3 16 -112.000 104.300 -12.000 -120.000 106.920 -12.000 -117.520 119.680 -12.000
3 16 -117.520 119.680 -12.000 -100.440 110.230 -12.000 -112.000 104.300 -12.000
3 16 112.000 104.300 -8.000 120.000 106.920 -8.000 117.520 119.680 -8.000
3 16 117.520 119.680 -8.000 100.440 110.230 -8.000 112.000 104.300 -8.000
3 16 -117.520 119.680 -8.000 -120.000 106.920 -8.000 -112.000 104.300 -8.000
3 16 -112.000 104.300 -8.000 -100.440 110.230 -8.000 -117.520 119.680 -8.000
3 16 100.440 110.230 -12.000 107.440 114.480 -12.000 117.520 119.680 -12.000
3 16 -100.440 110.230 -12.000 -117.520 119.680 -12.000 -107.440 114.480 -12.000
3 16 100.440 110.230 -8.000 117.520 119.680 -8.000 107.440 114.480 -8.000
3 16 -100.440 110.230 -8.000 -107.440 114.480 -8.000 -117.520 119.680 -8.000
3 16 100.440 110.230 -12.000 101.440 114.480 -12.000 107.440 114.480 -12.000
3 16 -100.440 110.230 -12.000 -107.440 114.480 -12.000 -101.440 114.480 -12.000
3 16 100.440 110.230 -8.000 107.440 114.480 -8.000 101.440 114.480 -8.000
3 16 -100.440 110.230 -8.000 -101.440 114.480 -8.000 -107.440 114.480 -8.000
3 16 100.440 110.230 -8.000 101.440 114.480 -8.000 101.440 114.480 -12.000
3 16 101.440 114.480 -12.000 100.440 110.230 -12.000 100.440 110.230 -8.000
3 16 -101.440 114.480 -12.000 -101.440 114.480 -8.000 -100.440 110.230 -8.000
3 16 -100.440 110.230 -8.000 -100.440 110.230 -12.000 -101.440 114.480 -12.000
3 16 117.520 119.680 -12.000 107.440 114.480 -12.000 111.683 118.723 -12.000
3 16 -117.520 119.680 -12.000 -111.683 118.723 -12.000 -107.440 114.480 -12.000
3 16 117.520 119.680 -8.000 111.683 118.723 -8.000 107.440 114.480 -8.000
3 16 -117.520 119.680 -8.000 -107.440 114.480 -8.000 -111.683 118.723 -8.000
3 16 111.683 118.723 -12.000 111.683 118.723 -8.000 117.520 119.680 -8.000
3 16 117.520 119.680 -8.000 117.520 119.680 -12.000 111.683 118.723 -12.000
3 16 -117.520 119.680 -8.000 -111.683 118.723 -8.000 -111.683 118.723 -12.000
3 16 -111.683 118.723 -12.000 -117.520 119.680 -12.000 -117.520 119.680 -8.000
3 16 120.000 106.920 -12.000 120.000 106.920 -8.000 112.000 104.300 -8.000
3 16 112.000 104.300 -8.000 112.000 104.300 -12.000 120.000 106.920 -12.000
3 16 -112.000 104.300 -8.000 -120.000 106.920 -8.000 -120.000 106.920 -12.000
3 16 -120.000 106.920 -12.000 -112.000 104.300 -12.000 -112.000 104.300 -8.000
3 16 124.530 121.330 -12.000 128.000 108.860 -12.000 120.000 106.920 -12.000
3 16 120.000 106.920 -12.000 117.520 119.680 -12.000 124.530 121.330 -12.000
3 16 -120.000 106.920 -12.000 -128.000 108.860 -12.000 -124.530 121.330 -12.000
3 16 -124.530 121.330 -12.000 -117.520 119.680 -12.000 -120.000 106.920 -12.000
3 16 120.000 106.920 -8.000 128.000 108.860 -8.000 124.530 121.330 -8.000
3 16 124.530 121.330 -8.000 117.520 119.680 -8.000 120.000 106.920 -8.000
3 16 -124.530 121.330 -8.000 -128.000 108.860 -8.000 -120.000 106.920 -8.000
3 16 -120.000 106.920 -8.000 -117.520 119.680 -8.000 -124.530 121.330 -8.000
3 16 117.520 119.680 -8.000 124.530 121.330 -8.000 124.530 121.330 -12.000
3 16 124.530 121.330 -12.000 117.520 119.680 -12.000 117.520 119.680 -8.000
3 16 -124.530 121.330 -12.000 -124.530 121.330 -8.000 -117.520 119.680 -8.000
3 16 -117.520 119.680 -8.000 -117.520 119.680 -12.000 -124.530 121.330 -12.000
3 16 128.000 36.000 -12.000 120.000 36.000 -12.000 120.000 106.920 -12.000
3 16 120.000 106.920 -12.000 128.000 108.860 -12.000 128.000 36.000 -12.000
3 16 -120.000 106.920 -12.000 -120.000 36.000 -12.000 -128.000 36.000 -12.000
3 16 -128.000 36.000 -12.000 -128.000 108.860 -12.000 -120.000 106.920 -12.000
3 16 120.000 106.920 -8.000 120.000 36.000 -8.000 128.000 36.000 -8.000
3 16 128.000 36.000 -8.000 128.000 108.860 -8.000 120.000 106.920 -8.000
3 16 -128.000 36.000 -8.000 -120.000 36.000 -8.000 -120.000 106.920 -8.000
3 16 -120.000 106.920 -8.000 -128.000 108.860 -8.000 -128.000 36.000 -8.000
3 16 131.540 123.580 -12.000 136.000 111.360 -12.000 128.000 108.860 -12.000
3 16 128.000 108.860 -12.000 124.530 121.330 -12.000 131.540 123.580 -12.000
3 16 -128.000 108.860 -12.000 -136.000 111.360 -12.000 -131.540 123.580 -12.000
3 16 -131.540 123.580 -12.000 -124.530 121.330 -12.000 -128.000 108.860 -12.000
3 16 128.000 108.860 -8.000 136.000 111.360 -8.000 131.540 123.580 -8.000
3 16 131.540 123.580 -8.000 124.530 121.330 -8.000 128.000 108.860 -8.000
3 16 -131.540 123.580 -8.000 -136.000 111.360 -8.000 -128.000 108.860 -8.000
3 16 -128.000 108.860 -8.000 -124.530 121.330 -8.000 -131.540 123.580 -8.000
3 16 124.530 121.330 -8.000 131.540 123.580 -8.000 131.540 123.580 -12.000
3 16 131.540 123.580 -12.000 124.530 121.330 -12.000 124.530 121.330 -8.000
3 16 -131.540 123.580 -12.000 -131.540 123.580 -8.000 -124.530 121.330 -8.000
3 16 -124.530 121.330 -8.000 -124.530 121.330 -12.000 -131.540 123.580 -12.000
3 16 136.000 111.360 -12.000 136.000 111.360 -8.000 128.000 108.860 -8.000
3 16 128.000 108.860 -8.000 128.000 108.860 -12.000 136.000 111.360 -12.000
3 16 -128.000 108.860 -8.000 -136.000 111.360 -8.000 -136.000 111.360 -12.000
3 16 -136.000 111.360 -12.000 -128.000 108.860 -12.000 -128.000 108.860 -8.000
3 16 138.550 126.470 -12.000 144.000 114.660 -12.000 136.000 111.360 -12.000
3 16 136.000 111.360 -12.000 131.540 123.580 -12.000 138.550 126.470 -12.000
3 16 -136.000 111.360 -12.000 -144.000 114.660 -12.000 -138.550 126.470 -12.000
3 16 -138.550 126.470 -12.000 -131.540 123.580 -12.000 -136.000 111.360 -12.000
3 16 136.000 111.360 -8.000 144.000 114.660 -8.000 138.550 126.470 -8.000
3 16 138.550 126.470 -8.000 131.540 123.580 -8.000 136.000 111.360 -8.000
3 16 -138.550 126.470 -8.000 -144.000 114.660 -8.000 -136.000 111.360 -8.000
3 16 -136.000 111.360 -8.000 -131.540 123.580 -8.000 -138.550 126.470 -8.000
3 16 131.540 123.580 -8.000 138.550 126.470 -8.000 138.550 126.470 -12.000
3 16 138.550 126.470 -12.000 131.540 123.580 -12.000 131.540 123.580 -8.000
3 16 -138.550 126.470 -12.000 -138.550 126.470 -8.000 -131.540 123.580 -8.000
3 16 -131.540 123.580 -8.000 -131.540 123.580 -12.000 -138.550 126.470 -12.000
3 16 144.000 36.000 -12.000 136.000 36.000 -12.000 136.000 111.360 -12.000
3 16 136.000 111.360 -12.000 144.000 114.660 -12.000 144.000 36.000 -12.000
3 16 -136.000 111.360 -12.000 -136.000 36.000 -12.000 -144.000 36.000 -12.000
3 16 -144.000 36.000 -12.000 -144.000 114.660 -12.000 -136.000 111.360 -12.000
3 16 136.000 111.360 -8.000 136.000 36.000 -8.000 144.000 36.000 -8.000
3 16 144.000 36.000 -8.000 144.000 114.660 -8.000 136.000 111.360 -8.000
3 16 -144.000 36.000 -8.000 -136.000 36.000 -8.000 -136.000 111.360 -8.000
3 16 -136.000 111.360 -8.000 -144.000 114.660 -8.000 -144.000 36.000 -8.000
3 16 145.560 130.070 -12.000 152.000 118.780 -12.000 144.000 114.660 -12.000
3 16 144.000 114.660 -12.000 138.550 126.470 -12.000 145.560 130.070 -12.000
3 16 -144.000 114.660 -12.000 -152.000 118.780 -12.000 -145.560 130.070 -12.000
3 16 -145.560 130.070 -12.000 -138.550 126.470 -12.000 -144.000 114.660 -12.000
3 16 144.000 114.660 -8.000 152.000 118.780 -8.000 145.560 130.070 -8.000
3 16 145.560 130.070 -8.000 138.550 126.470 -8.000 144.000 114.660 -8.000
3 16 -145.560 130.070 -8.000 -152.000 118.780 -8.000 -144.000 114.660 -8.000
3 16 -144.000 114.660 -8.000 -138.550 126.470 -8.000 -145.560 130.070 -8.000
3 16 138.550 126.470 -8.000 145.560 130.070 -8.000 145.560 130.070 -12.000
3 16 145.560 130.070 -12.000 138.550 126.470 -12.000 138.550 126.470 -8.000
3 16 -145.560 130.070 -12.000 -145.560 130.070 -8.000 -138.550 126.470 -8.000
3 16 -138.550 126.470 -8.000 -138.550 126.470 -12.000 -145.560 130.070 -12.000
3 16 152.000 118.780 -12.000 152.000 118.780 -8.000 144.000 114.660 -8.000
3 16 144.000 114.660 -8.000 144.000 114.660 -12.000 152.000 118.780 -12.000
3 16 -144.000 114.660 -8.000 -152.000 118.780 -8.000 -152.000 118.780 -12.000
3 16 -152.000 118.780 -12.000 -144.000 114.660 -12.000 -144.000 114.660 -8.000
3 16 152.570 134.500 -12.000 160.000 123.830 -12.000 152.000 118.780 -12.000
3 16 152.000 118.780 -12.000 145.560 130.070 -12.000 152.570 134.500 -12.000
3 16 -152.000 118.780 -12.000 -160.000 123.830 -12.000 -152.570 134.500 -12.000
3 16 -152.570 134.500 -12.000 -145.560 130.070 -12.000 -152.000 118.780 -12.000
3 16 152.000 118.780 -8.000 160.000 123.830 -8.000 152.570 134.500 -8.000
3 16 152.570 134.500 -8.000 145.560 130.070 -8.000 152.000 118.780 -8.000
3 16 -152.570 134.500 -8.000 -160.000 123.830 -8.000 -152.000 118.780 -8.000
3 16 -152.000 118.780 -8.000 -145.560 130.070 -8.000 -152.570 134.500 -8.000
3 16 145.560 130.070 -8.000 152.570 134.500 -8.000 152.570 134.500 -12.000
3 16 152.570 134.500 -12.000 145.560 130.070 -12.000 145.560 130.070 -8.000
3 16 -152.570 134.500 -12.000 -152.570 134.500 -8.000 -145.560 130.070 -8.000
3 16 -145.560 130.070 -8.000 -145.560 130.070 -12.000 -152.570 134.500 -12.000
3 16 160.000 36.000 -12.000 152.000 36.000 -12.000 152.000 118.780 -12.000
3 16 152.000 118.780 -12.000 160.000 123.830 -12.000 160.000 36.000 -12.000
3 16 -152.000 118.780 -12.000 -152.000 36.000 -12.000 -160.000 36.000 -12.000
3 16 -160.000 36.000 -12.000 -160.000 123.830 -12.000 -152.000 118.780 -12.000
3 16 152.000 118.780 -8.000 152.000 36.000 -8.000 160.000 36.000 -8.000
3 16 160.000 36.000 -8.000 160.000 123.830 -8.000 152.000 118.780 -8.000
3 16 -160.000 36.000 -8.000 -152.000 36.000 -8.000 -152.000 118.780 -8.000
3 16 -152.000 118.780 -8.000 -160.000 123.830 -8.000 -160.000 36.000 -8.000
3 16 159.580 139.900 -12.000 168.000 129.990 -12.000 160.000 123.830 -12.000
3 16 160.000 123.830 -12.000 152.570 134.500 -12.000 159.580 139.900 -12.000
3 16 -160.000 123.830 -12.000 -168.000 129.990 -12.000 -159.580 139.900 -12.000
3 16 -159.580 139.900 -12.000 -152.570 134.500 -12.000 -160.000 123.830 -12.000
3 16 160.000 123.830 -8.000 168.000 129.990 -8.000 159.580 139.900 -8.000
3 16 159.580 139.900 -8.000 152.570 134.500 -8.000 160.000 123.830 -8.000
3 16 -159.580 139.900 -8.000 -168.000 129.990 -8.000 -160.000 123.830 -8.000
3 16 -160.000 123.830 -8.000 -152.570 134.500 -8.000 -159.580 139.900 -8.000
3 16 152.570 134.500 -8.000 159.580 139.900 -8.000 159.580 139.900 -12.000
3 16 159.580 139.900 -12.000 152.570 134.500 -12.000 152.570 134.500 -8.000
3 16 -159.580 139.900 -12.000 -159.580 139.900 -8.000 -152.570 134.500 -8.000
3 16 -152.570 134.500 -8.000 -152.570 134.500 -12.000 -159.580 139.900 -12.000
3 16 168.000 129.990 -12.000 168.000 129.990 -8.000 160.000 123.830 -8.000
3 16 160.000 123.830 -8.000 160.000 123.830 -12.000 168.000 129.990 -12.000
3 16 -160.000 123.830 -8.000 -168.000 129.990 -8.000 -168.000 129.990 -12.000
3 16 -168.000 129.990 -12.000 -160.000 123.830 -12.000 -160.000 123.830 -8.000
3 16 166.590 146.520 -12.000 176.000 137.550 -12.000 168.000 129.990 -12.000
3 16 168.000 129.990 -12.000 159.580 139.900 -12.000 166.590 146.520 -12.000
3 16 -168.000 129.990 -12.000 -176.000 137.550 -12.000 -166.590 146.520 -12.000
3 16 -166.590 146.520 -12.000 -159.580 139.900 -12.000 -168.000 129.990 -12.000
3 16 168.000 129.990 -8.000 176.000 137.550 -8.000 166.590 146.520 -8.000
3 16 166.590 146.520 -8.000 159.580 139.900 -8.000 168.000 129.990 -8.000
3 16 -166.590 146.520 -8.000 -176.000 137.550 -8.000 -168.000 129.990 -8.000
3 16 -168.000 129.990 -8.000 -159.580 139.900 -8.000 -166.590 146.520 -8.000
3 16 159.580 139.900 -8.000 166.590 146.520 -8.000 166.590 146.520 -12.000
3 16 166.590 146.520 -12.000 159.580 139.900 -12.000 159.580 139.900 -8.000
3 16 -166.590 146.520 -12.000 -166.590 146.520 -8.000 -159.580 139.900 -8.000
3 16 -159.580 139.900 -8.000 -159.580 139.900 -12.000 -166.590 146.520 -12.000
3 16 176.000 36.000 -12.000 168.000 36.000 -12.000 168.000 129.990 -12.000
3 16 168.000 129.990 -12.000 176.000 137.550 -12.000 176.000 36.000 -12.000
3 16 -168.000 129.990 -12.000 -168.000 36.000 -12.000 -176.000 36.000 -12.000
3 16 -176.000 36.000 -12.000 -176.000 137.550 -12.000 -168.000 129.990 -12.000
3 16 168.000 129.990 -8.000 168.000 36.000 -8.000 176.000 36.000 -8.000
3 16 176.000 36.000 -8.000 176.000 137.550 -8.000 168.000 129.990 -8.000
3 16 -176.000 36.000 -8.000 -168.000 36.000 -8.000 -168.000 129.990 -8.000
3 16 -168.000 129.990 -8.000 -176.000 137.550 -8.000 -176.000 36.000 -8.000
3 16 173.600 154.800 -12.000 184.000 147.000 -12.000 176.000 137.550 -12.000
3 16 176.000 137.550 -12.000 166.590 146.520 -12.000 173.600 154.800 -12.000
3 16 -176.000 137.550 -12.000 -184.000 147.000 -12.000 -173.600 154.800 -12.000
3 16 -173.600 154.800 -12.000 -166.590 146.520 -12.000 -176.000 137.550 -12.000
3 16 176.000 137.550 -8.000 184.000 147.000 -8.000 173.600 154.800 -8.000
3 16 173.600 154.800 -8.000 166.590 146.520 -8.000 176.000 137.550 -8.000
3 16 -173.600 154.800 -8.000 -184.000 147.000 -8.000 -176.000 137.550 -8.000
3 16 -176.000 137.550 -8.000 -166.590 146.520 -8.000 -173.600 154.800 -8.000
3 16 166.590 146.520 -8.000 173.600 154.800 -8.000 173.600 154.800 -12.000
3 16 173.600 154.800 -12.000 166.590 146.520 -12.000 166.590 146.520 -8.000
3 16 -173.600 154.800 -12.000 -173.600 154.800 -8.000 -166.590 146.520 -8.000
3 16 -166.590 146.520 -8.000 -166.590 146.520 -12.000 -173.600 154.800 -12.000
3 16 184.000 147.000 -12.000 184.000 147.000 -8.000 176.000 137.550 -8.000
3 16 176.000 137.550 -8.000 176.000 137.550 -12.000 184.000 147.000 -12.000
3 16 -176.000 137.550 -8.000 -184.000 147.000 -8.000 -184.000 147.000 -12.000
3 16 -184.000 147.000 -12.000 -176.000 137.550 -12.000 -176.000 137.550 -8.000
3 16 180.000 164.560 -12.000 184.000 164.560 -12.000 184.000 147.000 -12.000
3 16 184.000 147.000 -12.000 173.600 154.800 -12.000 180.000 164.560 -12.000
3 16 -184.000 147.000 -12.000 -184.000 164.560 -12.000 -180.000 164.560 -12.000
3 16 -180.000 164.560 -12.000 -173.600 154.800 -12.000 -184.000 147.000 -12.000
3 16 184.000 147.000 -8.000 184.000 164.560 -8.000 180.000 164.560 -8.000
3 16 180.000 164.560 -8.000 173.600 154.800 -8.000 184.000 147.000 -8.000
3 16 -180.000 164.560 -8.000 -184.000 164.560 -8.000 -184.000 147.000 -8.000
3 16 -184.000 147.000 -8.000 -173.600 154.800 -8.000 -180.000 164.560 -8.000
3 16 173.600 154.800 -8.000 180.000 164.560 -8.000 180.000 164.560 -12.000
3 16 180.000 164.560 -12.000 173.600 154.800 -12.000 173.600 154.800 -8.000
3 16 -180.000 164.560 -12.000 -180.000 164.560 -8.000 -173.600 154.800 -8.000
3 16 -173.600 154.800 -8.000 -173.600 154.800 -12.000 -180.000 164.560 -12.000
3 16 180.000 164.560 -8.000 184.000 164.560 -8.000 184.000 164.560 -12.000
3 16 184.000 164.560 -12.000 180.000 164.560 -12.000 180.000 164.560 -8.000
3 16 -184.000 164.560 -12.000 -184.000 164.560 -8.000 -180.000 164.560 -8.000
3 16 -180.000 164.560 -8.000 -180.000 164.560 -12.000 -184.000 164.560 -12.000
3 16 -184.000 392.000 -16.000 -196.000 388.000 -16.000 -196.000 380.000 -16.000
3 16 -196.000 380.000 -16.000 -184.000 380.000 -16.000 -184.000 392.000 -16.000
3 16 -216.000 380.000 -16.000 -204.000 380.000 -16.000 -204.000 388.000 -16.000
3 16 -204.000 388.000 -16.000 -216.000 392.000 -16.000 -216.000 380.000 -16.000
3 16 -196.000 380.000 16.000 -196.000 388.000 16.000 -184.000 392.000 16.000
3 16 -184.000 392.000 16.000 -184.000 380.000 16.000 -196.000 380.000 16.000
3 16 -204.000 388.000 16.000 -204.000 380.000 16.000 -216.000 380.000 16.000
3 16 -216.000 380.000 16.000 -216.000 392.000 16.000 -204.000 388.000 16.000
3 16 184.000 392.000 -16.000 184.000 380.000 -16.000 196.000 380.000 -16.000
3 16 196.000 380.000 -16.000 196.000 388.000 -16.000 184.000 392.000 -16.000
3 16 216.000 380.000 -16.000 216.000 392.000 -16.000 204.000 388.000 -16.000
3 16 204.000 388.000 -16.000 204.000 380.000 -16.000 216.000 380.000 -16.000
3 16 196.000 380.000 16.000 184.000 380.000 16.000 184.000 392.000 16.000
3 16 184.000 392.000 16.000 196.000 388.000 16.000 196.000 380.000 16.000
3 16 204.000 388.000 16.000 216.000 392.000 16.000 216.000 380.000 16.000
3 16 216.000 380.000 16.000 204.000 380.000 16.000 204.000 388.000 16.000
2 24 180.000 188.000 20.000 180.000 192.000 20.000
2 24 180.000 176.000 -20.000 180.000 192.000 -20.000
2 24 180.000 176.000 20.000 180.000 180.000 20.000
2 24 180.000 180.000 20.000 183.000 180.000 20.000
2 24 183.000 180.000 20.000 183.000 179.500 20.000
2 24 180.000 180.000 20.000 180.000 180.000 0.000
2 24 180.000 188.000 20.000 183.000 188.000 20.000
2 24 180.000 188.000 20.000 180.000 188.000 0.000
2 24 183.000 188.000 20.000 183.000 188.500 20.000
2 24 196.683 179.000 20.000 188.000 179.000 20.000
2 24 216.000 179.000 20.000 203.317 179.000 20.000
2 24 196.890 189.000 20.000 188.000 189.000 20.000
2 24 216.000 189.000 20.000 203.109 189.000 20.000
2 24 188.000 188.500 20.000 183.000 188.500 20.000
2 24 188.000 189.000 20.000 188.000 188.500 20.000
2 24 216.000 189.000 20.000 216.000 179.000 20.000
2 24 188.000 179.000 20.000 188.000 179.500 20.000
2 24 188.000 179.500 20.000 183.000 179.500 20.000
2 24 183.000 179.500 20.000 184.000 180.000 0.000
2 24 183.000 188.500 20.000 184.000 188.000 0.000
2 24 183.000 180.000 20.000 184.000 180.000 0.000
2 24 183.000 188.000 20.000 184.000 188.000 0.000
2 24 188.000 179.000 20.000 188.000 180.000 0.000
2 24 188.000 189.000 20.000 188.000 188.000 0.000
2 24 188.000 179.500 20.000 188.000 180.000 0.000
2 24 188.000 188.500 20.000 188.000 188.000 0.000
2 24 184.000 180.000 -16.000 184.000 180.000 0.000
2 24 184.000 188.000 -16.000 184.000 188.000 0.000
2 24 195.757 179.757 20.000 196.683 179.000 20.000
2 24 203.317 179.000 20.000 204.243 179.757 20.000
2 24 204.243 188.243 20.000 203.109 189.000 20.000
2 24 196.890 189.000 20.000 195.757 188.243 20.000
2 24 216.000 179.000 -16.000 216.000 179.000 20.000
2 24 203.685 188.615 -16.000 203.109 189.000 20.000
2 24 196.890 189.000 20.000 195.952 188.374 -16.000
2 24 203.317 179.000 20.000 203.685 179.385 -16.000
2 24 196.683 179.000 20.000 195.952 179.626 -16.000
2 24 195.952 188.374 -16.000 195.757 188.243 -16.000
2 24 195.952 179.626 -16.000 184.000 180.000 -16.000
2 24 184.000 188.000 -16.000 195.952 188.374 -16.000
2 24 216.000 189.000 -16.000 203.685 188.615 -16.000
2 24 204.243 179.757 -16.000 203.685 179.385 -16.000
2 24 203.685 188.615 -16.000 204.243 188.243 -16.000
2 24 195.757 179.757 -16.000 195.952 179.626 -16.000
2 24 216.000 179.000 -16.000 216.000 189.000 -16.000
2 24 216.000 179.000 -16.000 203.685 179.385 -16.000
2 24 -180.000 188.000 20.000 -180.000 192.000 20.000
2 24 -180.000 176.000 -20.000 -180.000 192.000 -20.000
2 24 -180.000 176.000 20.000 -180.000 180.000 20.000
2 24 -180.000 180.000 20.000 -183.000 180.000 20.000
2 24 -183.000 180.000 20.000 -183.000 179.500 20.000
2 24 -180.000 180.000 20.000 -180.000 180.000 0.000
2 24 -180.000 188.000 20.000 -183.000 188.000 20.000
2 24 -180.000 188.000 20.000 -180.000 188.000 0.000
2 24 -183.000 188.000 20.000 -183.000 188.500 20.000
2 24 -196.683 179.000 20.000 -188.000 179.000 20.000
2 24 -216.000 179.000 20.000 -203.317 179.000 20.000
2 24 -196.890 189.000 20.000 -188.000 189.000 20.000
2 24 -216.000 189.000 20.000 -203.109 189.000 20.000
2 24 -188.000 188.500 20.000 -183.000 188.500 20.000
2 24 -188.000 189.000 20.000 -188.000 188.500 20.000
2 24 -216.000 189.000 20.000 -216.000 179.000 20.000
2 24 -188.000 179.000 20.000 -188.000 179.500 20.000
2 24 -188.000 179.500 20.000 -183.000 179.500 20.000
2 24 -183.000 179.500 20.000 -184.000 180.000 0.000
2 24 -183.000 188.500 20.000 -184.000 188.000 0.000
2 24 -183.000 180.000 20.000 -184.000 180.000 0.000
2 24 -183.000 188.000 20.000 -184.000 188.000 0.000
2 24 -188.000 179.000 20.000 -188.000 180.000 0.000
2 24 -188.000 189.000 20.000 -188.000 188.000 0.000
2 24 -188.000 179.500 20.000 -188.000 180.000 0.000
2 24 -188.000 188.500 20.000 -188.000 188.000 0.000
2 24 -184.000 180.000 -16.000 -184.000 180.000 0.000
2 24 -184.000 188.000 -16.000 -184.000 188.000 0.000
2 24 -195.757 179.757 20.000 -196.683 179.000 20.000
2 24 -203.317 179.000 20.000 -204.243 179.757 20.000
2 24 -204.243 188.243 20.000 -203.109 189.000 20.000
2 24 -196.890 189.000 20.000 -195.757 188.243 20.000
2 24 -216.000 179.000 -16.000 -216.000 179.000 20.000
2 24 -203.685 188.615 -16.000 -203.109 189.000 20.000
2 24 -196.890 189.000 20.000 -195.952 188.374 -16.000
2 24 -203.317 179.000 20.000 -203.685 179.385 -16.000
2 24 -196.683 179.000 20.000 -195.952 179.626 -16.000
2 24 -195.952 188.374 -16.000 -195.757 188.243 -16.000
2 24 -195.952 179.626 -16.000 -184.000 180.000 -16.000
2 24 -184.000 188.000 -16.000 -195.952 188.374 -16.000
2 24 -216.000 189.000 -16.000 -203.685 188.615 -16.000
2 24 -204.243 179.757 -16.000 -203.685 179.385 -16.000
2 24 -203.685 188.615 -16.000 -204.243 188.243 -16.000
2 24 -195.757 179.757 -16.000 -195.952 179.626 -16.000
2 24 -216.000 179.000 -16.000 -216.000 189.000 -16.000
2 24 -216.000 179.000 -16.000 -203.685 179.385 -16.000
2 24 -216.000 16.000 -16.000 216.000 16.000 -16.000
2 24 216.000 176.000 -16.000 184.000 176.000 -16.000
2 24 212.000 176.000 -12.000 188.000 176.000 -12.000
2 24 -212.000 176.000 -12.000 -188.000 176.000 -12.000
2 24 188.000 176.000 16.000 184.000 176.000 16.000
2 24 -188.000 176.000 16.000 -184.000 176.000 16.000
2 24 180.000 392.000 -20.000 220.000 392.000 -20.000
2 24 -180.000 392.000 -20.000 -220.000 392.000 -20.000
2 24 216.000 392.000 -16.000 184.000 392.000 -16.000
2 24 -216.000 392.000 -16.000 -184.000 392.000 -16.000
2 24 184.000 392.000 16.000 216.000 392.000 16.000
2 24 -184.000 392.000 16.000 -216.000 392.000 16.000
2 24 184.000 376.000 -16.000 216.000 376.000 -16.000
2 24 -216.000 376.000 -16.000 -184.000 376.000 -16.000
2 24 0.000 49.000 -12.000 9.850 49.430 -12.000
2 24 0.000 49.000 -12.000 -9.850 49.430 -12.000
2 24 0.000 49.000 -8.000 9.850 49.430 -8.000
2 24 0.000 49.000 -8.000 -9.850 49.430 -8.000
2 24 22.000 36.000 -12.000 0.000 36.000 -12.000
2 24 -22.000 36.000 -12.000 0.000 36.000 -12.000
2 24 22.000 36.000 -8.000 0.000 36.000 -8.000
2 24 -22.000 36.000 -8.000 0.000 36.000 -8.000
2 24 9.850 49.430 -12.000 19.440 50.684 -12.000
2 24 -9.850 49.430 -12.000 -19.440 50.684 -12.000
2 24 9.850 49.430 -8.000 19.440 50.684 -8.000
2 24 -9.850 49.430 -8.000 -19.440 50.684 -8.000
2 24 19.440 50.684 -12.000 27.820 52.480 -12.000
2 24 -19.440 50.684 -12.000 -27.820 52.480 -12.000
2 24 22.000 38.000 -12.000 31.020 39.880 -12.000
2 24 -22.000 38.000 -12.000 -31.020 39.880 -12.000
2 24 19.440 50.684 -8.000 27.820 52.480 -8.000
2 24 -19.440 50.684 -8.000 -27.820 52.480 -8.000
2 24 22.000 38.000 -8.000 31.020 39.880 -8.000
2 24 -22.000 38.000 -8.000 -31.020 39.880 -8.000
2 24 27.820 52.480 -12.000 35.870 54.850 -12.000
2 24 -27.820 52.480 -12.000 -35.870 54.850 -12.000
2 24 31.020 39.880 -12.000 40.000 42.500 -12.000
2 24 -31.020 39.880 -12.000 -40.000 42.500 -12.000
2 24 27.820 52.480 -8.000 35.870 54.850 -8.000
2 24 -27.820 52.480 -8.000 -35.870 54.850 -8.000
2 24 31.020 39.880 -8.000 40.000 42.500 -8.000
2 24 -31.020 39.880 -8.000 -40.000 42.500 -8.000
2 24 35.870 54.850 -12.000 43.060 57.530 -12.000
2 24 -35.870 54.850 -12.000 -43.060 57.530 -12.000
2 24 35.870 54.850 -8.000 43.060 57.530 -8.000
2 24 -35.870 54.850 -8.000 -43.060 57.530 -8.000
2 24 43.060 57.530 -12.000 50.220 61.000 -12.000
2 24 -43.060 57.530 -12.000 -50.220 61.000 -12.000
2 24 48.000 45.500 -12.000 56.000 49.100 -12.000
2 24 -48.000 45.500 -12.000 -56.000 49.100 -12.000
2 24 43.060 57.530 -8.000 50.220 61.000 -8.000
2 24 -43.060 57.530 -8.000 -50.220 61.000 -8.000
2 24 48.000 45.500 -8.000 56.000 49.100 -8.000
2 24 -48.000 45.500 -8.000 -56.000 49.100 -8.000
2 24 50.220 61.000 -12.000 57.400 64.660 -12.000
2 24 -50.220 61.000 -12.000 -57.400 64.660 -12.000
2 24 50.220 61.000 -8.000 57.400 64.660 -8.000
2 24 -50.220 61.000 -8.000 -57.400 64.660 -8.000
2 24 57.400 64.660 -12.000 64.570 69.270 -12.000
2 24 -57.400 64.660 -12.000 -64.570 69.270 -12.000
2 24 64.000 53.500 -12.000 72.000 58.600 -12.000
2 24 -64.000 53.500 -12.000 -72.000 58.600 -12.000
2 24 57.400 64.660 -8.000 64.570 69.270 -8.000
2 24 -57.400 64.660 -8.000 -64.570 69.270 -8.000
2 24 64.000 53.500 -8.000 72.000 58.600 -8.000
2 24 -64.000 53.500 -8.000 -72.000 58.600 -8.000
2 24 64.570 69.270 -12.000 71.750 74.700 -12.000
2 24 -64.570 69.270 -12.000 -71.750 74.700 -12.000
2 24 64.570 69.270 -8.000 71.750 74.700 -8.000
2 24 -64.570 69.270 -8.000 -71.750 74.700 -8.000
2 24 71.750 74.700 -12.000 78.920 81.130 -12.000
2 24 -71.750 74.700 -12.000 -78.920 81.130 -12.000
2 24 80.000 64.700 -12.000 88.000 71.800 -12.000
2 24 -80.000 64.700 -12.000 -88.000 71.800 -12.000
2 24 71.750 74.700 -8.000 78.920 81.130 -8.000
2 24 -71.750 74.700 -8.000 -78.920 81.130 -8.000
2 24 80.000 64.700 -8.000 88.000 71.800 -8.000
2 24 -80.000 64.700 -8.000 -88.000 71.800 -8.000
2 24 78.920 81.130 -12.000 86.100 88.810 -12.000
2 24 -78.920 81.130 -12.000 -86.100 88.810 -12.000
2 24 78.920 81.130 -8.000 86.100 88.810 -8.000
2 24 -78.920 81.130 -8.000 -86.100 88.810 -8.000
2 24 86.100 88.810 -12.000 93.270 98.210 -12.000
2 24 -86.100 88.810 -12.000 -93.270 98.210 -12.000
2 24 96.000 80.400 -12.000 104.000 90.900 -12.000
2 24 -96.000 80.400 -12.000 -104.000 90.900 -12.000
2 24 86.100 88.810 -8.000 93.270 98.210 -8.000
2 24 -86.100 88.810 -8.000 -93.270 98.210 -8.000
2 24 96.000 80.400 -8.000 104.000 90.900 -8.000
2 24 -96.000 80.400 -8.000 -104.000 90.900 -8.000
2 24 93.270 98.210 -12.000 100.440 110.230 -12.000
2 24 -93.270 98.210 -12.000 -100.440 110.230 -12.000
2 24 93.270 98.210 -8.000 100.440 110.230 -8.000
2 24 -93.270 98.210 -8.000 -100.440 110.230 -8.000
2 24 112.000 104.300 -12.000 120.000 106.920 -12.000
2 24 -112.000 104.300 -12.000 -120.000 106.920 -12.000
2 24 112.000 104.300 -8.000 120.000 106.920 -8.000
2 24 -112.000 104.300 -8.000 -120.000 106.920 -8.000
2 24 100.440 110.230 -12.000 101.440 114.480 -12.000
2 24 -100.440 110.230 -12.000 -101.440 114.480 -12.000
2 24 100.440 110.230 -8.000 101.440 114.480 -8.000
2 24 -100.440 110.230 -8.000 -101.440 114.480 -8.000
2 24 111.683 118.723 -12.000 111.683 118.723 -8.000
2 24 -111.683 118.723 -12.000 -111.683 118.723 -8.000
2 24 117.520 119.680 -12.000 111.683 118.723 -12.000
2 24 -117.520 119.680 -12.000 -111.683 118.723 -12.000
2 24 117.520 119.680 -8.000 111.683 118.723 -8.000
2 24 -117.520 119.680 -8.000 -111.683 118.723 -8.000
2 24 117.520 119.680 -12.000 124.530 121.330 -12.000
2 24 -117.520 119.680 -12.000 -124.530 121.330 -12.000
2 24 117.520 119.680 -8.000 124.530 121.330 -8.000
2 24 -117.520 119.680 -8.000 -124.530 121.330 -8.000
2 24 124.530 121.330 -12.000 131.540 123.580 -12.000
2 24 -124.530 121.330 -12.000 -131.540 123.580 -12.000
2 24 128.000 108.860 -12.000 136.000 111.360 -12.000
2 24 -128.000 108.860 -12.000 -136.000 111.360 -12.000
2 24 124.530 121.330 -8.000 131.540 123.580 -8.000
2 24 -124.530 121.330 -8.000 -131.540 123.580 -8.000
2 24 128.000 108.860 -8.000 136.000 111.360 -8.000
2 24 -128.000 108.860 -8.000 -136.000 111.360 -8.000
2 24 131.540 123.580 -12.000 138.550 126.470 -12.000
2 24 -131.540 123.580 -12.000 -138.550 126.470 -12.000
2 24 131.540 123.580 -8.000 138.550 126.470 -8.000
2 24 -131.540 123.580 -8.000 -138.550 126.470 -8.000
2 24 138.550 126.470 -12.000 145.560 130.070 -12.000
2 24 -138.550 126.470 -12.000 -145.560 130.070 -12.000
2 24 144.000 114.660 -12.000 152.000 118.780 -12.000
2 24 -144.000 114.660 -12.000 -152.000 118.780 -12.000
2 24 138.550 126.470 -8.000 145.560 130.070 -8.000
2 24 -138.550 126.470 -8.000 -145.560 130.070 -8.000
2 24 144.000 114.660 -8.000 152.000 118.780 -8.000
2 24 -144.000 114.660 -8.000 -152.000 118.780 -8.000
2 24 145.560 130.070 -12.000 152.570 134.500 -12.000
2 24 -145.560 130.070 -12.000 -152.570 134.500 -12.000
2 24 145.560 130.070 -8.000 152.570 134.500 -8.000
2 24 -145.560 130.070 -8.000 -152.570 134.500 -8.000
2 24 152.570 134.500 -12.000 159.580 139.900 -12.000
2 24 -152.570 134.500 -12.000 -159.580 139.900 -12.000
2 24 160.000 123.830 -12.000 168.000 129.990 -12.000
2 24 -160.000 123.830 -12.000 -168.000 129.990 -12.000
2 24 152.570 134.500 -8.000 159.580 139.900 -8.000
2 24 -152.570 134.500 -8.000 -159.580 139.900 -8.000
2 24 160.000 123.830 -8.000 168.000 129.990 -8.000
2 24 -160.000 123.830 -8.000 -168.000 129.990 -8.000
2 24 159.580 139.900 -12.000 166.590 146.520 -12.000
2 24 -159.580 139.900 -12.000 -166.590 146.520 -12.000
2 24 159.580 139.900 -8.000 166.590 146.520 -8.000
2 24 -159.580 139.900 -8.000 -166.590 146.520 -8.000
2 24 166.590 146.520 -12.000 173.600 154.800 -12.000
2 24 -166.590 146.520 -12.000 -173.600 154.800 -12.000
2 24 176.000 137.550 -12.000 184.000 147.000 -12.000
2 24 -176.000 137.550 -12.000 -184.000 147.000 -12.000
2 24 166.590 146.520 -8.000 173.600 154.800 -8.000
2 24 -166.590 146.520 -8.000 -173.600 154.800 -8.000
2 24 176.000 137.550 -8.000 184.000 147.000 -8.000
2 24 -176.000 137.550 -8.000 -184.000 147.000 -8.000
2 24 184.000 147.000 -12.000 184.000 147.000 -8.000
2 24 -184.000 147.000 -12.000 -184.000 147.000 -8.000
2 24 180.000 164.560 -12.000 184.000 164.560 -12.000
2 24 -180.000 164.560 -12.000 -184.000 164.560 -12.000
2 24 173.600 154.800 -12.000 180.000 164.560 -12.000
2 24 -173.600 154.800 -12.000 -180.000 164.560 -12.000
2 24 184.000 147.000 -12.000 184.000 164.560 -12.000
2 24 -184.000 147.000 -12.000 -184.000 164.560 -12.000
2 24 173.600 154.800 -8.000 180.000 164.560 -8.000
2 24 -173.600 154.800 -8.000 -180.000 164.560 -8.000
2 24 184.000 147.000 -8.000 184.000 164.560 -8.000
2 24 -184.000 147.000 -8.000 -184.000 164.560 -8.000
2 24 180.000 164.560 -12.000 180.000 164.560 -8.000
2 24 -180.000 164.560 -12.000 -180.000 164.560 -8.000
2 24 184.000 164.560 -12.000 184.000 164.560 -8.000
2 24 -184.000 164.560 -12.000 -184.000 164.560 -8.000
2 24 180.000 164.560 -8.000 184.000 164.560 -8.000
2 24 -180.000 164.560 -8.000 -184.000 164.560 -8.000
2 24 -176.000 36.000 -12.000 -168.000 36.000 -12.000
2 24 -160.000 36.000 -12.000 -152.000 36.000 -12.000
2 24 -144.000 36.000 -12.000 -136.000 36.000 -12.000
2 24 -128.000 36.000 -12.000 -120.000 36.000 -12.000
2 24 -112.000 36.000 -12.000 -104.000 36.000 -12.000
2 24 -96.000 36.000 -12.000 -88.000 36.000 -12.000
2 24 -80.000 36.000 -12.000 -72.000 36.000 -12.000
2 24 -64.000 36.000 -12.000 -56.000 36.000 -12.000
2 24 -48.000 36.000 -12.000 -40.000 36.000 -12.000
2 24 176.000 36.000 -12.000 168.000 36.000 -12.000
2 24 160.000 36.000 -12.000 152.000 36.000 -12.000
2 24 144.000 36.000 -12.000 136.000 36.000 -12.000
2 24 128.000 36.000 -12.000 120.000 36.000 -12.000
2 24 112.000 36.000 -12.000 104.000 36.000 -12.000
2 24 96.000 36.000 -12.000 88.000 36.000 -12.000
2 24 80.000 36.000 -12.000 72.000 36.000 -12.000
2 24 64.000 36.000 -12.000 56.000 36.000 -12.000
2 24 48.000 36.000 -12.000 40.000 36.000 -12.000
2 24 -176.000 36.000 -8.000 -168.000 36.000 -8.000
2 24 -160.000 36.000 -8.000 -152.000 36.000 -8.000
2 24 -144.000 36.000 -8.000 -136.000 36.000 -8.000
2 24 -128.000 36.000 -8.000 -120.000 36.000 -8.000
2 24 -112.000 36.000 -8.000 -104.000 36.000 -8.000
2 24 -96.000 36.000 -8.000 -88.000 36.000 -8.000
2 24 -80.000 36.000 -8.000 -72.000 36.000 -8.000
2 24 -64.000 36.000 -8.000 -56.000 36.000 -8.000
2 24 -48.000 36.000 -8.000 -40.000 36.000 -8.000
2 24 176.000 36.000 -8.000 168.000 36.000 -8.000
2 24 160.000 36.000 -8.000 152.000 36.000 -8.000
2 24 144.000 36.000 -8.000 136.000 36.000 -8.000
2 24 128.000 36.000 -8.000 120.000 36.000 -8.000
2 24 112.000 36.000 -8.000 104.000 36.000 -8.000
2 24 96.000 36.000 -8.000 88.000 36.000 -8.000
2 24 80.000 36.000 -8.000 72.000 36.000 -8.000
2 24 64.000 36.000 -8.000 56.000 36.000 -8.000
2 24 48.000 36.000 -8.000 40.000 36.000 -8.000
2 24 212.000 16.000 -12.000 -212.000 16.000 -12.000
2 24 220.000 392.000 20.000 180.000 392.000 20.000
2 24 -220.000 392.000 20.000 -180.000 392.000 20.000
2 24 216.000 192.000 -16.000 184.000 192.000 -16.000
2 24 -216.000 176.000 -16.000 -184.000 176.000 -16.000
2 24 -184.000 192.000 -16.000 -216.000 192.000 -16.000
1 16 180.0000 184.0000 0.0000 0.0000 40.0000 0.0000 0.0000 0.0000 -8.0000 -20.0000 0.0000 0.0000 box3u2p.dat
1 16 180.0000 184.0000 0.0000 0.0000 1.0000 0.0000 -4.0000 0.0000 0.0000 0.0000 0.0000 -4.0000 2-4ndis.dat
1 16 200.0000 184.0000 -20.0000 4.0000 0.0000 0.0000 0.0000 0.0000 4.0000 0.0000 1.0000 0.0000 4-4ndis.dat
0 BFC INVERTNEXT
1 16 200.0000 184.0000 -20.0000 4.0000 0.0000 0.0000 0.0000 0.0000 4.0000 0.0000 5.0000 0.0000 4-4cylo.dat
0 BFC INVERTNEXT
1 16 180.0000 184.0000 0.0000 0.0000 4.0000 0.0000 4.0000 0.0000 0.0000 0.0000 0.0000 -4.0000 2-4cylo.dat
1 16 200.0000 184.0000 -15.0000 1.0000 0.0000 0.0000 0.0000 0.0000 1.0000 0.0000 1.0000 0.0000 4-4ring3.dat
0 BFC INVERTNEXT
1 16 200.0000 184.0000 -15.0000 3.0000 0.0000 0.0000 0.0000 0.0000 3.0000 0.0000 30.0000 0.0000 4-4cylo.dat
1 16 200.0000 184.0000 15.0000 1.0000 0.0000 0.0000 0.0000 0.0000 1.0000 0.0000 -1.0000 0.0000 4-4ring3.dat
0 BFC INVERTNEXT
1 16 200.0000 184.0000 15.0000 4.0000 0.0000 0.0000 0.0000 0.0000 4.0000 0.0000 5.0000 0.0000 4-4cylo.dat
1 16 200.0000 184.0000 20.0000 1.4142 0.0000 1.4142 -1.4142 0.0000 1.4142 0.0000 -1.0000 0.0000 1-4ring2.dat
1 16 200.0000 184.0000 20.0000 -1.4142 0.0000 -1.4142 1.4142 0.0000 -1.4142 0.0000 -1.0000 0.0000 1-4ring2.dat
1 16 200.0000 184.0000 20.0000 4.2426 0.0000 4.2426 -4.2426 0.0000 4.2426 0.0000 -36.0000 0.0000 1-4cylo.dat
1 16 200.0000 184.0000 20.0000 -4.2426 0.0000 -4.2426 4.2426 0.0000 -4.2426 0.0000 -36.0000 0.0000 1-4cylo.dat
1 16 216.0000 184.0000 2.0000 0.0000 1.0000 0.0000 5.0000 0.0000 0.0000 0.0000 0.0000 18.0000 rect1.dat
1 16 184.0000 184.0000 -10.0000 0.0000 -1.0000 0.0000 0.0000 0.0000 4.0000 -6.0000 0.0000 0.0000 rect1.dat
1 16 184.0000 184.0000 0.0000 0.0000 -1.0000 0.0000 4.0000 0.0000 0.0000 0.0000 0.0000 -4.0000 2-4ndis.dat
1 16 -180.0000 184.0000 0.0000 0.0000 -40.0000 0.0000 0.0000 0.0000 -8.0000 -20.0000 0.0000 0.0000 box3u2p.dat
1 16 -180.0000 184.0000 0.0000 0.0000 -1.0000 0.0000 -4.0000 0.0000 0.0000 0.0000 0.0000 -4.0000 2-4ndis.dat
1 16 -200.0000 184.0000 -20.0000 -4.0000 0.0000 0.0000 0.0000 0.0000 4.0000 0.0000 1.0000 0.0000 4-4ndis.dat
0 BFC INVERTNEXT
1 16 -200.0000 184.0000 -20.0000 -4.0000 0.0000 0.0000 0.0000 0.0000 4.0000 0.0000 5.0000 0.0000 4-4cylo.dat
0 BFC INVERTNEXT
1 16 -180.0000 184.0000 0.0000 0.0000 -4.0000 0.0000 4.0000 0.0000 0.0000 0.0000 0.0000 -4.0000 2-4cylo.dat
1 16 -200.0000 184.0000 -15.0000 -1.0000 0.0000 0.0000 0.0000 0.0000 1.0000 0.0000 1.0000 0.0000 4-4ring3.dat
0 BFC INVERTNEXT
1 16 -200.0000 184.0000 -15.0000 -3.0000 0.0000 0.0000 0.0000 0.0000 3.0000 0.0000 30.0000 0.0000 4-4cylo.dat
1 16 -200.0000 184.0000 15.0000 -1.0000 0.0000 0.0000 0.0000 0.0000 1.0000 0.0000 -1.0000 0.0000 4-4ring3.dat
0 BFC INVERTNEXT
1 16 -200.0000 184.0000 15.0000 -4.0000 0.0000 0.0000 0.0000 0.0000 4.0000 0.0000 5.0000 0.0000 4-4cylo.dat
1 16 -200.0000 184.0000 20.0000 -1.4142 0.0000 -1.4142 -1.4142 0.0000 1.4142 0.0000 -1.0000 0.0000 1-4ring2.dat
1 16 -200.0000 184.0000 20.0000 1.4142 0.0000 1.4142 1.4142 0.0000 -1.4142 0.0000 -1.0000 0.0000 1-4ring2.dat
1 16 -200.0000 184.0000 20.0000 -4.2426 0.0000 -4.2426 -4.2426 0.0000 4.2426 0.0000 -36.0000 0.0000 1-4cylo.dat
1 16 -200.0000 184.0000 20.0000 4.2426 0.0000 4.2426 4.2426 0.0000 -4.2426 0.0000 -36.0000 0.0000 1-4cylo.dat
1 16 -216.0000 184.0000 2.0000 0.0000 -1.0000 0.0000 5.0000 0.0000 0.0000 0.0000 0.0000 18.0000 rect1.dat
1 16 -184.0000 184.0000 -10.0000 0.0000 1.0000 0.0000 0.0000 0.0000 4.0000 -6.0000 0.0000 0.0000 rect1.dat
1 16 -184.0000 184.0000 0.0000 0.0000 1.0000 0.0000 4.0000 0.0000 0.0000 0.0000 0.0000 -4.0000 2-4ndis.dat
1 16 -200.0000 0.0000 0.0000 1.0000 0.0000 0.0000 0.0000 1.0000 0.0000 0.0000 0.0000 1.0000 stud5.dat
1 16 0.0000 0.0000 0.0000 1.0000 0.0000 0.0000 0.0000 1.0000 0.0000 0.0000 0.0000 1.0000 stud5.dat
1 16 200.0000 0.0000 0.0000 1.0000 0.0000 0.0000 0.0000 1.0000 0.0000 0.0000 0.0000 1.0000 stud5.dat
1 16 0.0000 0.0000 0.0000 220.0000 0.0000 0.0000 0.0000 1.0000 0.0000 0.0000 0.0000 20.0000 rect.dat
1 16 0.0000 8.0000 -20.0000 0.0000 0.0000 220.0000 8.0000 0.0000 0.0000 0.0000 1.0000 0.0000 rect1.dat
1 16 0.0000 16.0000 0.0000 -220.0000 0.0000 0.0000 0.0000 -1.0000 0.0000 0.0000 0.0000 20.0000 rect.dat
0 BFC INVERTNEXT
1 16 0.0000 8.0000 20.0000 216.0000 0.0000 0.0000 0.0000 0.0000 -4.0000 0.0000 -36.0000 0.0000 box5.dat
1 16 0.0000 8.0000 -16.0000 0.0000 0.0000 1.5000 4.0000 0.0000 0.0000 0.0000 28.0000 0.0000 box3u2p.dat
1 16 0.0000 20.0000 -15.0000 -212.0000 0.0000 0.0000 0.0000 -1.0000 0.0000 0.0000 0.0000 1.0000 rect2p.dat
1 16 0.0000 32.0000 -15.0000 188.0000 0.0000 0.0000 0.0000 1.0000 0.0000 0.0000 0.0000 1.0000 rect.dat
1 16 0.0000 36.0000 0.0000 -184.0000 0.0000 0.0000 0.0000 -1.0000 0.0000 0.0000 0.0000 16.0000 rect.dat
1 16 0.0000 32.0000 2.0000 188.0000 0.0000 0.0000 0.0000 1.0000 0.0000 0.0000 0.0000 14.0000 rect2p.dat
0 BFC INVERTNEXT
1 16 -200.0000 392.0000 0.0000 0.0000 0.0000 16.0000 0.0000 -12.0000 0.0000 16.0000 0.0000 0.0000 box3u2p.dat
0 BFC INVERTNEXT
1 16 200.0000 392.0000 0.0000 0.0000 0.0000 16.0000 0.0000 -12.0000 0.0000 16.0000 0.0000 0.0000 box3u2p.dat
0 BFC INVERTNEXT
1 16 -200.0000 284.0000 16.0000 0.0000 0.0000 12.0000 92.0000 0.0000 0.0000 0.0000 -28.0000 0.0000 box3u2p.dat
0 BFC INVERTNEXT
1 16 200.0000 284.0000 16.0000 0.0000 0.0000 12.0000 92.0000 0.0000 0.0000 0.0000 -28.0000 0.0000 box3u2p.dat
0 BFC INVERTNEXT
1 16 -200.0000 284.0000 -16.0000 12.0000 0.0000 0.0000 0.0000 0.0000 88.0000 0.0000 2.0000 0.0000 box5.dat
0 BFC INVERTNEXT
1 16 200.0000 284.0000 -16.0000 12.0000 0.0000 0.0000 0.0000 0.0000 88.0000 0.0000 2.0000 0.0000 box5.dat
0 BFC INVERTNEXT
1 16 -200.0000 384.0000 -20.0000 4.0000 0.0000 0.0000 0.0000 0.0000 4.0000 0.0000 4.0000 0.0000 4-4cyli.dat
0 BFC INVERTNEXT
1 16 200.0000 384.0000 -20.0000 4.0000 0.0000 0.0000 0.0000 0.0000 4.0000 0.0000 4.0000 0.0000 4-4cyli.dat
0 BFC INVERTNEXT
1 16 -200.0000 384.0000 16.0000 4.0000 0.0000 0.0000 0.0000 0.0000 4.0000 0.0000 4.0000 0.0000 4-4cyli.dat
0 BFC INVERTNEXT
1 16 200.0000 384.0000 16.0000 4.0000 0.0000 0.0000 0.0000 0.0000 4.0000 0.0000 4.0000 0.0000 4-4cyli.dat
1 16 -200.0000 380.0000 0.0000 1.0000 0.0000 0.0000 0.0000 -3.0000 0.0000 0.0000 0.0000 1.0000 stud4.dat
1 16 200.0000 380.0000 0.0000 1.0000 0.0000 0.0000 0.0000 -3.0000 0.0000 0.0000 0.0000 1.0000 stud4.dat
1 16 -220.0000 8.0000 0.0000 0.0000 1.0000 0.0000 0.0000 0.0000 8.0000 20.0000 0.0000 0.0000 rect3.dat
1 16 220.0000 8.0000 0.0000 0.0000 -1.0000 0.0000 0.0000 0.0000 8.0000 20.0000 0.0000 0.0000 rect3.dat
1 16 177.5000 8.0000 -16.0000 0.0000 0.0000 1.5000 4.0000 0.0000 0.0000 0.0000 35.0000 0.0000 box3u2p.dat
1 16 -177.5000 8.0000 -16.0000 0.0000 0.0000 -1.5000 4.0000 0.0000 0.0000 0.0000 35.0000 0.0000 box3u2p.dat
1 16 117.2500 8.0000 -16.0000 0.0000 0.0000 1.5000 4.0000 0.0000 0.0000 0.0000 28.0000 0.0000 box3u2p.dat
1 16 -117.2500 8.0000 -16.0000 0.0000 0.0000 -1.5000 4.0000 0.0000 0.0000 0.0000 28.0000 0.0000 box3u2p.dat
1 16 60.2500 8.0000 -16.0000 0.0000 0.0000 1.5000 4.0000 0.0000 0.0000 0.0000 28.0000 0.0000 box3u2p.dat
1 16 -60.2500 8.0000 -16.0000 0.0000 0.0000 -1.5000 4.0000 0.0000 0.0000 0.0000 28.0000 0.0000 box3u2p.dat
1 16 212.0000 96.0000 -15.0000 0.0000 1.0000 0.0000 76.0000 0.0000 0.0000 0.0000 0.0000 1.0000 rect.dat
1 16 -212.0000 96.0000 -15.0000 0.0000 -1.0000 0.0000 76.0000 0.0000 0.0000 0.0000 0.0000 1.0000 rect.dat
1 16 -216.0000 96.0000 0.0000 0.0000 1.0000 0.0000 80.0000 0.0000 0.0000 0.0000 0.0000 16.0000 rect.dat
1 16 216.0000 96.0000 0.0000 0.0000 -1.0000 0.0000 80.0000 0.0000 0.0000 0.0000 0.0000 16.0000 rect.dat
1 16 200.0000 172.0000 -15.0000 12.0000 0.0000 0.0000 0.0000 1.0000 0.0000 0.0000 0.0000 1.0000 rect.dat
1 16 -200.0000 172.0000 -15.0000 -12.0000 0.0000 0.0000 0.0000 1.0000 0.0000 0.0000 0.0000 1.0000 rect.dat
1 16 184.0000 106.0000 0.0000 0.0000 1.0000 0.0000 70.0000 0.0000 0.0000 0.0000 0.0000 16.0000 rect.dat
1 16 -184.0000 106.0000 0.0000 0.0000 -1.0000 0.0000 70.0000 0.0000 0.0000 0.0000 0.0000 16.0000 rect.dat
1 16 -188.0000 102.0000 -15.0000 0.0000 1.0000 0.0000 70.0000 0.0000 0.0000 0.0000 0.0000 1.0000 rect.dat
1 16 188.0000 102.0000 -15.0000 0.0000 -1.0000 0.0000 70.0000 0.0000 0.0000 0.0000 0.0000 1.0000 rect.dat
1 16 -214.0000 96.0000 2.0000 0.0000 2.0000 0.0000 80.0000 0.0000 0.0000 0.0000 0.0000 14.0000 box2-5.dat
1 16 214.0000 96.0000 2.0000 0.0000 -2.0000 0.0000 80.0000 0.0000 0.0000 0.0000 0.0000 14.0000 box2-5.dat
1 16 -188.0000 104.0000 2.0000 0.0000 1.0000 0.0000 72.0000 0.0000 0.0000 0.0000 0.0000 14.0000 rect.dat
1 16 188.0000 104.0000 2.0000 0.0000 -1.0000 0.0000 72.0000 0.0000 0.0000 0.0000 0.0000 14.0000 rect.dat
1 16 -216.0000 284.0000 0.0000 0.0000 1.0000 0.0000 92.0000 0.0000 0.0000 0.0000 0.0000 16.0000 rect.dat
1 16 216.0000 284.0000 0.0000 0.0000 -1.0000 0.0000 92.0000 0.0000 0.0000 0.0000 0.0000 16.0000 rect.dat
1 16 184.0000 284.0000 0.0000 0.0000 1.0000 0.0000 92.0000 0.0000 0.0000 0.0000 0.0000 16.0000 rect.dat
1 16 -184.0000 284.0000 0.0000 0.0000 -1.0000 0.0000 92.0000 0.0000 0.0000 0.0000 0.0000 16.0000 rect.dat
1 16 200.0000 376.0000 0.0000 20.0000 0.0000 0.0000 0.0000 1.0000 0.0000 0.0000 0.0000 20.0000 rect.dat
1 16 -200.0000 376.0000 0.0000 -20.0000 0.0000 0.0000 0.0000 1.0000 0.0000 0.0000 0.0000 20.0000 rect.dat
1 16 -220.0000 384.0000 0.0000 0.0000 1.0000 0.0000 0.0000 0.0000 8.0000 20.0000 0.0000 0.0000 rect3.dat
1 16 220.0000 384.0000 0.0000 0.0000 -1.0000 0.0000 0.0000 0.0000 8.0000 20.0000 0.0000 0.0000 rect3.dat
1 16 180.0000 384.0000 0.0000 0.0000 1.0000 0.0000 0.0000 0.0000 8.0000 20.0000 0.0000 0.0000 rect3.dat
1 16 -180.0000 384.0000 0.0000 0.0000 -1.0000 0.0000 0.0000 0.0000 8.0000 20.0000 0.0000 0.0000 rect3.dat
1 16 214.0000 284.0000 16.0000 2.0000 0.0000 0.0000 0.0000 0.0000 92.0000 0.0000 -1.0000 0.0000 rect2p.dat
1 16 -214.0000 284.0000 16.0000 -2.0000 0.0000 0.0000 0.0000 0.0000 92.0000 0.0000 -1.0000 0.0000 rect2p.dat
1 16 186.0000 284.0000 16.0000 2.0000 0.0000 0.0000 0.0000 0.0000 92.0000 0.0000 -1.0000 0.0000 rect2p.dat
1 16 -186.0000 284.0000 16.0000 -2.0000 0.0000 0.0000 0.0000 0.0000 92.0000 0.0000 -1.0000 0.0000 rect2p.dat
1 16 200.0000 384.0000 -20.0000 4.0000 0.0000 0.0000 0.0000 0.0000 4.0000 0.0000 1.0000 0.0000 4-4edge.dat
1 16 -200.0000 384.0000 -20.0000 -4.0000 0.0000 0.0000 0.0000 0.0000 4.0000 0.0000 1.0000 0.0000 4-4edge.dat
1 16 200.0000 384.0000 -20.0000 4.0000 0.0000 0.0000 0.0000 0.0000 4.0000 0.0000 1.0000 0.0000 4-4ndis.dat
1 16 -200.0000 384.0000 -20.0000 -4.0000 0.0000 0.0000 0.0000 0.0000 4.0000 0.0000 1.0000 0.0000 4-4ndis.dat
1 16 200.0000 384.0000 -16.0000 4.0000 0.0000 0.0000 0.0000 0.0000 4.0000 0.0000 1.0000 0.0000 4-4edge.dat
1 16 -200.0000 384.0000 -16.0000 -4.0000 0.0000 0.0000 0.0000 0.0000 4.0000 0.0000 1.0000 0.0000 4-4edge.dat
1 16 200.0000 384.0000 -16.0000 4.0000 0.0000 0.0000 0.0000 0.0000 4.0000 0.0000 -1.0000 0.0000 4-4ndis.dat
1 16 -200.0000 384.0000 -16.0000 -4.0000 0.0000 0.0000 0.0000 0.0000 4.0000 0.0000 -1.0000 0.0000 4-4ndis.dat
1 16 200.0000 384.0000 20.0000 4.0000 0.0000 0.0000 0.0000 0.0000 4.0000 0.0000 1.0000 0.0000 4-4edge.dat
1 16 -200.0000 384.0000 20.0000 -4.0000 0.0000 0.0000 0.0000 0.0000 4.0000 0.0000 1.0000 0.0000 4-4edge.dat
1 16 200.0000 384.0000 20.0000 4.0000 0.0000 0.0000 0.0000 0.0000 4.0000 0.0000 -1.0000 0.0000 4-4ndis.dat
1 16 -200.0000 384.0000 20.0000 -4.0000 0.0000 0.0000 0.0000 0.0000 4.0000 0.0000 -1.0000 0.0000 4-4ndis.dat
1 16 200.0000 384.0000 16.0000 4.0000 0.0000 0.0000 0.0000 0.0000 4.0000 0.0000 1.0000 0.0000 4-4edge.dat
1 16 -200.0000 384.0000 16.0000 -4.0000 0.0000 0.0000 0.0000 0.0000 4.0000 0.0000 1.0000 0.0000 4-4edge.dat
1 16 200.0000 384.0000 16.0000 4.0000 0.0000 0.0000 0.0000 0.0000 4.0000 0.0000 1.0000 0.0000 4-4ndis.dat
1 16 -200.0000 384.0000 16.0000 -4.0000 0.0000 0.0000 0.0000 0.0000 4.0000 0.0000 1.0000 0.0000 4-4ndis.dat
1 16 -22.0000 37.0000 -10.0000 0.0000 1.0000 0.0000 1.0000 0.0000 0.0000 0.0000 0.0000 2.0000 rect.dat
1 16 22.0000 37.0000 -10.0000 0.0000 -1.0000 0.0000 1.0000 0.0000 0.0000 0.0000 0.0000 2.0000 rect.dat
1 16 40.0000 39.2500 -10.0000 0.0000 1.0000 0.0000 3.2500 0.0000 0.0000 0.0000 0.0000 -2.0000 rect.dat
1 16 -40.0000 39.2500 -10.0000 0.0000 -1.0000 0.0000 3.2500 0.0000 0.0000 0.0000 0.0000 -2.0000 rect.dat
1 16 48.0000 40.7500 -10.0000 0.0000 -1.0000 0.0000 4.7500 0.0000 0.0000 0.0000 0.0000 -2.0000 rect.dat
1 16 -48.0000 40.7500 -10.0000 0.0000 1.0000 0.0000 4.7500 0.0000 0.0000 0.0000 0.0000 -2.0000 rect.dat
1 16 56.0000 42.5500 -10.0000 0.0000 1.0000 0.0000 6.5500 0.0000 0.0000 0.0000 0.0000 -2.0000 rect.dat
1 16 -56.0000 42.5500 -10.0000 0.0000 -1.0000 0.0000 6.5500 0.0000 0.0000 0.0000 0.0000 -2.0000 rect.dat
1 16 64.0000 44.7500 -10.0000 0.0000 -1.0000 0.0000 8.7500 0.0000 0.0000 0.0000 0.0000 -2.0000 rect.dat
1 16 -64.0000 44.7500 -10.0000 0.0000 1.0000 0.0000 8.7500 0.0000 0.0000 0.0000 0.0000 -2.0000 rect.dat
1 16 72.0000 47.3000 -10.0000 0.0000 1.0000 0.0000 11.3000 0.0000 0.0000 0.0000 0.0000 -2.0000 rect.dat
1 16 -72.0000 47.3000 -10.0000 0.0000 -1.0000 0.0000 11.3000 0.0000 0.0000 0.0000 0.0000 -2.0000 rect.dat
1 16 80.0000 50.3500 -10.0000 0.0000 -1.0000 0.0000 14.3500 0.0000 0.0000 0.0000 0.0000 -2.0000 rect.dat
1 16 -80.0000 50.3500 -10.0000 0.0000 1.0000 0.0000 14.3500 0.0000 0.0000 0.0000 0.0000 -2.0000 rect.dat
1 16 88.0000 53.9000 -10.0000 0.0000 1.0000 0.0000 17.9000 0.0000 0.0000 0.0000 0.0000 -2.0000 rect.dat
1 16 -88.0000 53.9000 -10.0000 0.0000 -1.0000 0.0000 17.9000 0.0000 0.0000 0.0000 0.0000 -2.0000 rect.dat
1 16 96.0000 58.2000 -10.0000 0.0000 -1.0000 0.0000 22.2000 0.0000 0.0000 0.0000 0.0000 -2.0000 rect.dat
1 16 -96.0000 58.2000 -10.0000 0.0000 1.0000 0.0000 22.2000 0.0000 0.0000 0.0000 0.0000 -2.0000 rect.dat
1 16 104.0000 63.4500 -10.0000 0.0000 1.0000 0.0000 27.4500 0.0000 0.0000 0.0000 0.0000 -2.0000 rect.dat
1 16 -104.0000 63.4500 -10.0000 0.0000 -1.0000 0.0000 27.4500 0.0000 0.0000 0.0000 0.0000 -2.0000 rect.dat
1 16 112.0000 70.1500 -10.0000 0.0000 -1.0000 0.0000 34.1500 0.0000 0.0000 0.0000 0.0000 -2.0000 rect.dat
1 16 -112.0000 70.1500 -10.0000 0.0000 1.0000 0.0000 34.1500 0.0000 0.0000 0.0000 0.0000 -2.0000 rect.dat
1 16 107.4400 114.4800 -12.0000 -6.0000 0.0000 0.0000 0.0000 0.0000 6.0000 0.0000 4.0000 0.0000 3-8cylo.dat
1 16 -107.4400 114.4800 -12.0000 6.0000 0.0000 0.0000 0.0000 0.0000 6.0000 0.0000 4.0000 0.0000 3-8cylo.dat
1 16 107.4400 114.4800 -12.0000 -6.0000 0.0000 0.0000 0.0000 0.0000 6.0000 0.0000 1.0000 0.0000 3-8disc.dat
1 16 -107.4400 114.4800 -12.0000 6.0000 0.0000 0.0000 0.0000 0.0000 6.0000 0.0000 1.0000 0.0000 3-8disc.dat
1 16 107.4400 114.4800 -8.0000 -6.0000 0.0000 0.0000 0.0000 0.0000 6.0000 0.0000 -1.0000 0.0000 3-8disc.dat
1 16 -107.4400 114.4800 -8.0000 6.0000 0.0000 0.0000 0.0000 0.0000 6.0000 0.0000 -1.0000 0.0000 3-8disc.dat
1 16 120.0000 71.4600 -10.0000 0.0000 1.0000 0.0000 35.4600 0.0000 0.0000 0.0000 0.0000 -2.0000 rect.dat
1 16 -120.0000 71.4600 -10.0000 0.0000 -1.0000 0.0000 35.4600 0.0000 0.0000 0.0000 0.0000 -2.0000 rect.dat
1 16 128.0000 72.4300 -10.0000 0.0000 -1.0000 0.0000 36.4300 0.0000 0.0000 0.0000 0.0000 -2.0000 rect.dat
1 16 -128.0000 72.4300 -10.0000 0.0000 1.0000 0.0000 36.4300 0.0000 0.0000 0.0000 0.0000 -2.0000 rect.dat
1 16 136.0000 73.6800 -10.0000 0.0000 1.0000 0.0000 37.6800 0.0000 0.0000 0.0000 0.0000 -2.0000 rect.dat
1 16 -136.0000 73.6800 -10.0000 0.0000 -1.0000 0.0000 37.6800 0.0000 0.0000 0.0000 0.0000 -2.0000 rect.dat
1 16 144.0000 75.3300 -10.0000 0.0000 -1.0000 0.0000 39.3300 0.0000 0.0000 0.0000 0.0000 -2.0000 rect.dat
1 16 -144.0000 75.3300 -10.0000 0.0000 1.0000 0.0000 39.3300 0.0000 0.0000 0.0000 0.0000 -2.0000 rect.dat
1 16 152.0000 77.3900 -10.0000 0.0000 1.0000 0.0000 41.3900 0.0000 0.0000 0.0000 0.0000 -2.0000 rect.dat
1 16 -152.0000 77.3900 -10.0000 0.0000 -1.0000 0.0000 41.3900 0.0000 0.0000 0.0000 0.0000 -2.0000 rect.dat
1 16 160.0000 79.9150 -10.0000 0.0000 -1.0000 0.0000 43.9150 0.0000 0.0000 0.0000 0.0000 -2.0000 rect.dat
1 16 -160.0000 79.9150 -10.0000 0.0000 1.0000 0.0000 43.9150 0.0000 0.0000 0.0000 0.0000 -2.0000 rect.dat
1 16 168.0000 82.9950 -10.0000 0.0000 1.0000 0.0000 46.9950 0.0000 0.0000 0.0000 0.0000 -2.0000 rect.dat
1 16 -168.0000 82.9950 -10.0000 0.0000 -1.0000 0.0000 46.9950 0.0000 0.0000 0.0000 0.0000 -2.0000 rect.dat
1 16 176.0000 86.7750 -10.0000 0.0000 -1.0000 0.0000 50.7750 0.0000 0.0000 0.0000 0.0000 -2.0000 rect.dat
1 16 -176.0000 86.7750 -10.0000 0.0000 1.0000 0.0000 50.7750 0.0000 0.0000 0.0000 0.0000 -2.0000 rect.dat
