0 FILE 3940a.dat
0 Support 2 x 2 x 2 Stand with Blind Hole
0 Name:  3940a.dat
0 Author:  
0 BL_Item_No 3940a
0 BFC CERTIFY CCW
3 16 18.480 48.000 7.650 20.000 48.000 0.000 16.000 48.000 0.000
3 16 16.000 48.000 0.000 16.000 48.000 11.360 18.480 48.000 7.650
3 16 7.650 48.000 18.480 11.360 48.000 16.000 0.000 48.000 16.000
3 16 0.000 48.000 16.000 0.000 48.000 20.000 7.650 48.000 18.480
3 16 -18.480 48.000 7.650 -16.000 48.000 11.360 -16.000 48.000 0.000
3 16 -16.000 48.000 0.000 -20.000 48.000 0.000 -18.480 48.000 7.650
3 16 -7.650 48.000 18.480 0.000 48.000 20.000 0.000 48.000 16.000
3 16 0.000 48.000 16.000 -11.360 48.000 16.000 -7.650 48.000 18.480
3 16 18.480 48.000 -7.650 16.000 48.000 -11.360 16.000 48.000 0.000
3 16 16.000 48.000 0.000 20.000 48.000 0.000 18.480 48.000 -7.650
3 16 7.650 48.000 -18.480 0.000 48.000 -20.000 0.000 48.000 -16.000
3 16 0.000 48.000 -16.000 11.360 48.000 -16.000 7.650 48.000 -18.480
3 16 -18.480 48.000 -7.650 -20.000 48.000 0.000 -16.000 48.000 0.000
3 16 -16.000 48.000 0.000 -16.000 48.000 -11.360 -18.480 48.000 -7.650
3 16 -7.650 48.000 -18.480 -11.360 48.000 -16.000 0.000 48.000 -16.000
3 16 0.000 48.000 -16.000 0.000 48.000 -20.000 -7.650 48.000 -18.480
3 16 20.000 44.000 0.000 20.000 48.000 0.000 18.480 48.000 7.650
3 16 18.480 48.000 7.650 18.480 44.000 7.650 20.000 44.000 0.000
3 16 0.000 44.000 20.000 7.650 44.000 18.480 7.650 48.000 18.480
3 16 7.650 48.000 18.480 0.000 48.000 20.000 0.000 44.000 20.000
3 16 18.480 44.000 7.650 18.480 48.000 7.650 16.000 48.000 11.360
3 16 16.000 48.000 11.360 16.000 44.000 11.360 18.480 44.000 7.650
3 16 11.360 44.000 16.000 0.000 44.000 16.000 0.000 48.000 16.000
3 16 0.000 48.000 16.000 11.360 48.000 16.000 11.360 44.000 16.000
3 16 -20.000 44.000 0.000 -18.480 44.000 7.650 -18.480 48.000 7.650
3 16 -18.480 48.000 7.650 -20.000 48.000 0.000 -20.000 44.000 0.000
3 16 0.000 44.000 20.000 0.000 48.000 20.000 -7.650 48.000 18.480
3 16 -7.650 48.000 18.480 -7.650 44.000 18.480 0.000 44.000 20.000
3 16 -7.650 44.000 18.480 -7.650 48.000 18.480 -11.360 48.000 16.000
3 16 -11.360 48.000 16.000 -11.360 44.000 16.000 -7.650 44.000 18.480
3 16 20.000 44.000 0.000 18.480 44.000 -7.650 18.480 48.000 -7.650
3 16 18.480 48.000 -7.650 20.000 48.000 0.000 20.000 44.000 0.000
3 16 0.000 44.000 -20.000 0.000 48.000 -20.000 7.650 48.000 -18.480
3 16 7.650 48.000 -18.480 7.650 44.000 -18.480 0.000 44.000 -20.000
3 16 7.650 44.000 -18.480 7.650 48.000 -18.480 11.360 48.000 -16.000
3 16 11.360 48.000 -16.000 11.360 44.000 -16.000 7.650 44.000 -18.480
3 16 -20.000 44.000 0.000 -20.000 48.000 0.000 -18.480 48.000 -7.650
3 16 -18.480 48.000 -7.650 -18.480 44.000 -7.650 -20.000 44.000 0.000
3 16 0.000 44.000 -20.000 -7.650 44.000 -18.480 -7.650 48.000 -18.480
3 16 -7.650 48.000 -18.480 0.000 48.000 -20.000 0.000 44.000 -20.000
3 16 -18.480 44.000 -7.650 -18.480 48.000 -7.650 -16.000 48.000 -11.360
3 16 -16.000 48.000 -11.360 -16.000 44.000 -11.360 -18.480 44.000 -7.650
3 16 -11.360 44.000 -16.000 0.000 44.000 -16.000 0.000 48.000 -16.000
3 16 0.000 48.000 -16.000 -11.360 48.000 -16.000 -11.360 44.000 -16.000
3 16 16.000 44.000 0.000 8.000 44.000 0.000 5.650 44.000 5.650
3 16 5.650 44.000 5.650 16.000 44.000 11.360 16.000 44.000 0.000
3 16 14.140 44.000 14.140 16.000 44.000 11.360 5.650 44.000 5.650
3 16 5.650 44.000 5.650 11.360 44.000 16.000 14.140 44.000 14.140
3 16 0.000 44.000 16.000 11.360 44.000 16.000 5.650 44.000 5.650
3 16 5.650 44.000 5.650 0.000 44.000 8.000 0.000 44.000 16.000
3 16 -16.000 44.000 0.000 -16.000 44.000 11.360 -5.650 44.000 5.650
3 16 -5.650 44.000 5.650 -8.000 44.000 0.000 -16.000 44.000 0.000
3 16 -14.140 44.000 14.140 -11.360 44.000 16.000 -5.650 44.000 5.650
3 16 -5.650 44.000 5.650 -16.000 44.000 11.360 -14.140 44.000 14.140
3 16 0.000 44.000 16.000 0.000 44.000 8.000 -5.650 44.000 5.650
3 16 -5.650 44.000 5.650 -11.360 44.000 16.000 0.000 44.000 16.000
3 16 16.000 44.000 0.000 16.000 44.000 -11.360 5.650 44.000 -5.650
3 16 5.650 44.000 -5.650 8.000 44.000 0.000 16.000 44.000 0.000
3 16 14.140 44.000 -14.140 11.360 44.000 -16.000 5.650 44.000 -5.650
3 16 5.650 44.000 -5.650 16.000 44.000 -11.360 14.140 44.000 -14.140
3 16 0.000 44.000 -16.000 0.000 44.000 -8.000 5.650 44.000 -5.650
3 16 5.650 44.000 -5.650 11.360 44.000 -16.000 0.000 44.000 -16.000
3 16 -16.000 44.000 0.000 -8.000 44.000 0.000 -5.650 44.000 -5.650
3 16 -5.650 44.000 -5.650 -16.000 44.000 -11.360 -16.000 44.000 0.000
3 16 -14.140 44.000 -14.140 -16.000 44.000 -11.360 -5.650 44.000 -5.650
3 16 -5.650 44.000 -5.650 -11.360 44.000 -16.000 -14.140 44.000 -14.140
3 16 0.000 44.000 -16.000 -11.360 44.000 -16.000 -5.650 44.000 -5.650
3 16 -5.650 44.000 -5.650 0.000 44.000 -8.000 0.000 44.000 -16.000
2 24 20.000 48.000 0.000 18.480 48.000 7.650
2 24 18.480 48.000 7.650 16.000 48.000 11.360
2 24 16.000 44.000 11.360 14.140 44.000 14.140
2 24 14.140 44.000 14.140 11.360 44.000 16.000
2 24 7.650 48.000 18.480 0.000 48.000 20.000
2 24 -20.000 48.000 0.000 -18.480 48.000 7.650
2 24 -16.000 44.000 11.360 -14.140 44.000 14.140
2 24 -14.140 44.000 14.140 -11.360 44.000 16.000
2 24 -11.360 48.000 16.000 -7.650 48.000 18.480
2 24 -7.650 48.000 18.480 0.000 48.000 20.000
2 24 20.000 48.000 0.000 18.480 48.000 -7.650
2 24 16.000 44.000 -11.360 14.140 44.000 -14.140
2 24 14.140 44.000 -14.140 11.360 44.000 -16.000
2 24 11.360 48.000 -16.000 7.650 48.000 -18.480
2 24 7.650 48.000 -18.480 0.000 48.000 -20.000
2 24 -20.000 48.000 0.000 -18.480 48.000 -7.650
2 24 -18.480 48.000 -7.650 -16.000 48.000 -11.360
2 24 -16.000 44.000 -11.360 -14.140 44.000 -14.140
2 24 -14.140 44.000 -14.140 -11.360 44.000 -16.000
2 24 -7.650 48.000 -18.480 0.000 48.000 -20.000
2 24 11.350 48.000 16.000 0.000 48.000 16.000
2 24 11.350 44.000 16.000 0.000 44.000 16.000
2 24 -11.350 48.000 16.000 0.000 48.000 16.000
2 24 -11.350 44.000 16.000 0.000 44.000 16.000
2 24 11.350 48.000 -16.000 0.000 48.000 -16.000
2 24 11.350 44.000 -16.000 0.000 44.000 -16.000
2 24 -11.350 48.000 -16.000 0.000 48.000 -16.000
2 24 -11.350 44.000 -16.000 0.000 44.000 -16.000
1 16 0.0000 44.0000 0.0000 -1.0000 0.0000 0.0000 0.0000 -1.0000 0.0000 0.0000 0.0000 1.0000 stud4a.dat
1 16 0.0000 44.0000 0.0000 8.0000 0.0000 0.0000 0.0000 1.0000 0.0000 0.0000 0.0000 8.0000 4-4edge.dat
1 16 0.0000 28.0000 0.0000 1.0000 0.0000 0.0000 0.0000 1.0000 0.0000 0.0000 0.0000 1.0000 axlehol2.dat
1 16 0.0000 28.0000 0.0000 1.0000 0.0000 0.0000 0.0000 16.0000 0.0000 0.0000 0.0000 1.0000 axlehole.dat
1 16 0.0000 44.0000 0.0000 1.0000 0.0000 0.0000 0.0000 1.0000 0.0000 0.0000 0.0000 1.0000 axlehol3.dat
1 16 0.0000 28.0000 0.0000 -2.0000 0.0000 0.0000 0.0000 -1.0000 0.0000 0.0000 0.0000 2.0000 4-4ring2.dat
1 16 0.0000 40.0000 0.0000 20.0000 0.0000 0.0000 0.0000 1.0000 0.0000 0.0000 0.0000 20.0000 4-4edge.dat
1 16 9.5050 46.0000 17.2400 1.8539 -1.0012 0.0000 0.0000 0.0000 2.0000 -1.2393 -0.0043 0.0000 rect2a.dat
1 16 16.0000 46.0000 5.6800 0.0000 1.0000 0.0000 -2.0000 0.0000 0.0000 0.0000 0.0000 5.6800 rect3.dat
1 16 -17.2400 46.0000 9.5050 1.2393 1.0012 0.0000 0.0000 0.0000 2.0000 1.8539 0.0043 0.0000 rect2a.dat
1 16 -16.0000 46.0000 5.6800 0.0000 -1.0000 0.0000 0.0000 0.0000 2.0000 -5.6800 0.0000 0.0000 rect2p.dat
1 16 -5.6800 46.0000 16.0000 -5.6800 0.0000 0.0000 0.0000 0.0000 2.0000 0.0000 1.0000 0.0000 rect1.dat
1 16 17.2400 46.0000 -9.5050 -1.2393 -1.0012 0.0000 0.0000 0.0000 2.0000 -1.8539 -0.0043 0.0000 rect2a.dat
1 16 16.0000 46.0000 -5.6800 0.0000 1.0000 0.0000 0.0000 0.0000 2.0000 5.6800 0.0000 0.0000 rect2p.dat
1 16 5.6800 46.0000 -16.0000 5.6800 0.0000 0.0000 0.0000 0.0000 2.0000 0.0000 -1.0000 0.0000 rect1.dat
1 16 -9.5050 46.0000 -17.2400 -1.8539 1.0012 0.0000 0.0000 0.0000 2.0000 1.2393 0.0043 0.0000 rect2a.dat
1 16 -16.0000 46.0000 -5.6800 0.0000 -1.0000 0.0000 -2.0000 0.0000 0.0000 0.0000 0.0000 -5.6800 rect3.dat
0 BFC INVERTNEXT
1 16 0.0000 7.5000 0.0000 4.0000 0.0000 0.0000 0.0000 -7.5000 0.0000 0.0000 0.0000 4.0000 4-4cylc.dat
0 BFC INVERTNEXT
1 16 0.0000 10.5000 0.0000 4.0000 0.0000 0.0000 0.0000 17.5000 0.0000 0.0000 0.0000 4.0000 4-4cylc.dat
1 16 0.0000 2.0000 0.0000 6.0000 0.0000 0.0000 0.0000 22.0000 0.0000 0.0000 0.0000 6.0000 4-4cylo.dat
1 16 0.0000 24.0000 0.0000 10.0000 0.0000 0.0000 0.0000 16.0000 0.0000 0.0000 0.0000 10.0000 4-4cylo.dat
1 16 0.0000 0.0000 0.0000 20.0000 0.0000 0.0000 0.0000 2.0000 0.0000 0.0000 0.0000 20.0000 4-4cylo.dat
1 16 0.0000 40.0000 0.0000 20.0000 0.0000 0.0000 0.0000 4.0000 0.0000 0.0000 0.0000 20.0000 4-4cyli.dat
1 16 0.0000 0.0000 0.0000 4.0000 0.0000 0.0000 0.0000 1.0000 0.0000 0.0000 0.0000 4.0000 4-4ring1.dat
1 16 0.0000 0.0000 0.0000 8.0000 0.0000 0.0000 0.0000 1.0000 0.0000 0.0000 0.0000 8.0000 4-4ring1.dat
1 16 0.0000 0.0000 0.0000 4.0000 0.0000 0.0000 0.0000 1.0000 0.0000 0.0000 0.0000 4.0000 4-4ring4.dat
1 16 0.0000 2.0000 0.0000 -3.0000 0.0000 0.0000 0.0000 -1.0000 0.0000 0.0000 0.0000 3.0000 4-4ring2.dat
1 16 0.0000 2.0000 0.0000 -8.0000 0.0000 0.0000 0.0000 -1.0000 0.0000 0.0000 0.0000 8.0000 4-4ring1.dat
1 16 0.0000 2.0000 0.0000 -4.0000 0.0000 0.0000 0.0000 -1.0000 0.0000 0.0000 0.0000 4.0000 4-4ring4.dat
1 16 0.0000 24.0000 0.0000 2.0000 0.0000 0.0000 0.0000 1.0000 0.0000 0.0000 0.0000 2.0000 4-4ring3.dat
1 16 0.0000 24.0000 0.0000 2.0000 0.0000 0.0000 0.0000 1.0000 0.0000 0.0000 0.0000 2.0000 4-4ring4.dat
1 16 0.0000 40.0000 0.0000 10.0000 0.0000 0.0000 0.0000 1.0000 0.0000 0.0000 0.0000 10.0000 4-4ring1.dat
1 16 10.0000 0.0000 10.0000 1.0000 0.0000 0.0000 0.0000 1.0000 0.0000 0.0000 0.0000 1.0000 stud6.dat
1 16 10.0000 0.0000 -10.0000 0.0000 0.0000 1.0000 0.0000 1.0000 0.0000 -1.0000 0.0000 0.0000 stud6.dat
1 16 -10.0000 0.0000 -10.0000 -1.0000 0.0000 0.0000 0.0000 1.0000 0.0000 0.0000 0.0000 -1.0000 stud6.dat
1 16 -10.0000 0.0000 10.0000 0.0000 0.0000 -1.0000 0.0000 1.0000 0.0000 1.0000 0.0000 0.0000 stud6.dat
