0 FILE 40598a.dat
0 Minifigure, Weapon Disk
0 Name:  40598a.dat
0 Author:  
0 BL_Item_No 40598a
0 BFC CERTIFY CCW
3 16 16.000 8.000 0.000 17.554 8.000 7.271 17.554 8.000 -7.271
3 16 15.118 7.500 5.132 15.454 7.500 4.141 7.691 7.500 1.555
3 16 7.691 7.500 1.555 7.494 7.500 2.544 15.118 7.500 5.132
3 16 7.494 5.000 2.544 15.118 5.000 5.132 15.118 7.500 5.132
3 16 15.118 7.500 5.132 7.494 7.500 2.544 7.494 5.000 2.544
3 16 11.522 5.000 3.103 15.454 5.000 4.141 15.118 5.000 5.132
3 16 7.494 5.000 2.544 11.522 5.000 3.103 15.118 5.000 5.132
3 16 7.589 5.000 2.065 11.522 5.000 3.103 7.494 5.000 2.544
3 16 12.000 2.502 0.000 16.000 2.500 0.000 11.829 3.776 1.560
3 16 8.000 2.503 0.000 12.000 2.502 0.000 7.795 3.752 1.033
3 16 15.862 3.800 2.088 15.454 5.000 4.141 11.522 5.000 3.103
3 16 7.795 3.752 1.033 11.829 3.776 1.560 7.589 5.000 2.065
3 16 11.522 5.000 3.103 7.589 5.000 2.065 11.829 3.776 1.560
3 16 11.522 5.000 3.103 11.829 3.776 1.560 15.862 3.800 2.088
3 16 11.829 3.776 1.560 7.795 3.752 1.033 12.000 2.502 0.000
3 16 15.862 3.800 2.088 11.829 3.776 1.560 16.000 2.500 0.000
3 16 11.779 0.825 -1.809 11.677 0.500 -2.323 15.659 0.500 -3.115
3 16 15.659 0.500 -3.115 15.862 1.150 -2.088 11.779 0.825 -1.809
3 16 7.696 0.500 -1.531 11.677 0.500 -2.323 11.779 0.825 -1.809
3 16 8.000 2.503 0.000 7.696 0.500 -1.531 11.779 0.825 -1.809
3 16 12.000 2.502 0.000 11.779 0.825 -1.809 15.862 1.150 -2.088
3 16 15.862 1.150 -2.088 16.000 2.500 0.000 12.000 2.502 0.000
3 16 11.779 0.825 -1.809 12.000 2.502 0.000 8.000 2.503 0.000
3 16 15.454 7.500 4.141 15.862 6.119 2.088 7.846 6.300 0.777
3 16 7.846 6.300 0.777 7.691 7.500 1.555 15.454 7.500 4.141
3 16 8.000 5.300 0.000 7.846 6.300 0.777 15.862 6.119 2.088
3 16 15.862 6.119 2.088 16.000 4.949 0.000 8.000 5.300 0.000
3 16 7.750 3.600 -1.256 8.000 5.300 0.000 16.000 4.949 0.000
3 16 16.000 4.949 0.000 15.862 3.746 -2.088 7.750 3.600 -1.256
3 16 15.454 2.500 -4.141 7.501 2.500 -2.512 7.750 3.600 -1.256
3 16 7.750 3.600 -1.256 15.862 3.746 -2.088 15.454 2.500 -4.141
3 16 7.501 2.500 -2.512 15.454 2.500 -4.141 14.782 2.500 -6.123
3 16 7.501 2.500 -2.512 14.782 2.500 -6.123 12.004 2.500 -10.527
3 16 12.004 2.500 -10.527 5.950 2.500 -5.218 7.501 2.500 -2.512
3 16 15.849 2.500 -10.759 12.004 2.500 -10.527 14.635 2.500 -6.344
3 16 15.849 2.500 -10.759 11.314 2.500 -11.314 12.004 2.500 -10.527
3 16 15.659 0.500 -3.115 11.677 0.500 -2.323 14.782 0.500 -6.123
3 16 14.782 0.500 -6.123 15.454 0.500 -4.141 15.659 0.500 -3.115
3 16 11.677 0.500 -2.323 7.696 0.500 -1.531 14.782 0.500 -6.123
3 16 7.696 0.500 -1.531 5.950 0.500 -5.218 13.856 0.500 -8.000
3 16 13.856 0.500 -8.000 14.782 0.500 -6.123 7.696 0.500 -1.531
3 16 5.950 0.500 -5.218 12.004 0.500 -10.527 12.694 0.500 -9.741
3 16 12.694 0.500 -9.741 13.856 0.500 -8.000 5.950 0.500 -5.218
3 16 14.635 2.500 6.344 13.856 2.500 8.000 15.849 2.500 10.759
3 16 13.856 2.500 8.000 12.694 2.500 9.741 15.849 2.500 10.759
3 16 11.314 2.500 11.314 15.849 2.500 10.759 12.694 2.500 9.741
2 24 7.494 7.500 2.544 15.118 7.500 5.132
2 24 15.454 7.500 4.141 15.118 7.500 5.132
2 24 15.454 7.500 4.141 7.691 7.500 1.555
2 24 7.494 7.500 2.544 7.691 7.500 1.555
2 24 15.118 5.000 5.132 15.118 7.500 5.132
2 24 7.494 5.000 2.544 15.118 5.000 5.132
2 24 7.494 5.000 2.544 7.494 7.500 2.544
2 24 15.454 5.000 4.141 15.118 5.000 5.132
2 24 7.494 5.000 2.544 7.589 5.000 2.065
2 24 11.522 5.000 3.103 7.589 5.000 2.065
2 24 15.454 5.000 4.141 11.522 5.000 3.103
2 24 7.795 3.752 1.033 7.589 5.000 2.065
2 24 8.000 2.503 0.000 7.795 3.752 1.033
2 24 7.696 0.500 -1.531 8.000 2.503 0.000
2 24 15.454 5.000 4.141 15.862 3.800 2.088
2 24 15.862 3.800 2.088 16.000 2.500 0.000
2 24 16.000 2.500 0.000 15.862 1.150 -2.088
2 24 15.862 1.150 -2.088 15.659 0.500 -3.115
2 24 11.677 0.500 -2.323 15.659 0.500 -3.115
2 24 7.696 0.500 -1.531 11.677 0.500 -2.323
2 24 7.501 2.500 -2.512 15.454 2.500 -4.141
2 24 7.750 3.600 -1.256 7.501 2.500 -2.512
2 24 8.000 5.300 0.000 7.750 3.600 -1.256
2 24 7.846 6.300 0.777 7.691 7.500 1.555
2 24 8.000 5.300 0.000 7.846 6.300 0.777
2 24 16.000 4.949 0.000 15.862 6.119 2.088
2 24 16.000 4.949 0.000 15.862 3.746 -2.088
2 24 15.454 2.500 -4.141 15.862 3.746 -2.088
2 24 15.454 7.500 4.141 15.862 6.119 2.088
2 24 7.391 2.500 -3.062 5.950 2.500 -5.218
2 24 7.391 2.500 -3.062 7.501 2.500 -2.512
2 24 14.635 2.500 -6.344 14.782 2.500 -6.123
2 24 14.782 2.500 -6.123 15.454 2.500 -4.141
2 24 12.004 0.500 -10.527 12.694 0.500 -9.741
2 24 12.694 0.500 -9.741 13.856 0.500 -8.000
2 24 13.856 0.500 -8.000 14.782 0.500 -6.123
2 24 14.782 0.500 -6.123 15.454 0.500 -4.141
2 24 15.454 0.500 -4.141 15.659 0.500 -3.115
2 24 7.391 0.500 -3.062 5.950 0.500 -5.218
2 24 7.391 0.500 -3.062 7.696 0.500 -1.531
2 24 11.314 2.500 11.314 12.694 2.500 9.741
2 24 12.694 2.500 9.741 13.856 2.500 8.000
2 24 13.856 2.500 8.000 14.635 2.500 6.344
3 16 17.554 8.000 7.271 14.782 8.000 6.123 14.635 8.000 6.344
3 16 14.635 8.000 6.344 15.543 8.000 7.704 17.554 8.000 7.271
3 16 15.938 8.000 9.689 17.554 8.000 7.271 15.543 8.000 7.704
3 16 14.782 8.000 6.123 17.554 8.000 7.271 16.000 8.000 3.182
3 16 16.000 8.000 3.182 17.554 8.000 7.271 16.000 8.000 0.000
3 16 15.938 8.000 9.689 15.543 8.000 7.704 15.543 2.500 7.704
3 16 15.543 2.500 7.704 15.938 7.000 9.689 15.938 8.000 9.689
3 16 15.543 2.500 7.704 16.000 2.500 10.000 16.000 7.000 10.000
3 16 16.000 7.000 10.000 15.938 7.000 9.689 15.543 2.500 7.704
3 16 17.554 7.000 7.271 15.938 7.000 9.689 16.000 7.000 10.000
3 16 16.000 7.000 10.000 18.477 7.000 7.654 17.554 7.000 7.271
3 16 18.477 7.000 7.654 16.000 7.000 10.000 15.849 7.000 10.759
3 16 15.849 7.000 10.759 16.181 7.000 11.091 18.477 7.000 7.654
3 16 18.477 7.000 7.654 16.181 7.000 11.091 16.181 2.500 11.091
3 16 16.181 2.500 11.091 18.478 0.000 7.654 18.477 7.000 7.654
3 16 18.478 0.000 7.654 16.181 2.500 11.091 14.142 2.500 14.142
3 16 14.142 2.500 14.142 14.142 0.000 14.142 18.478 0.000 7.654
3 16 15.849 2.500 10.759 16.000 2.500 10.000 15.543 2.500 7.704
3 16 15.543 2.500 7.704 14.635 2.500 6.344 15.849 2.500 10.759
3 16 15.849 2.500 10.759 11.314 2.500 11.314 14.142 2.500 14.142
3 16 14.142 2.500 14.142 16.181 2.500 11.091 15.849 2.500 10.759
3 16 14.142 0.000 14.142 11.314 0.000 11.314 13.565 0.000 9.064
3 16 14.142 0.000 14.142 13.565 0.000 9.064 14.782 0.000 6.123
3 16 14.142 0.000 14.142 14.782 0.000 6.123 20.000 0.000 0.000
3 16 20.000 0.000 0.000 14.782 0.000 6.123 16.000 0.000 3.182
3 16 20.000 0.000 0.000 16.000 0.000 3.182 16.000 0.000 0.000
2 24 15.938 7.000 9.689 16.000 7.000 10.000
2 24 15.938 8.000 9.689 15.543 8.000 7.704
2 24 15.543 2.500 7.704 16.000 2.500 10.000
2 24 18.478 7.000 7.654 16.181 7.000 11.091
2 24 14.142 2.500 14.142 16.181 2.500 11.091
1 16 0.0000 8.0000 0.0000 16.0000 0.0000 0.0000 0.0000 -1.0000 0.0000 0.0000 0.0000 16.0000 1-16tang.dat
1 16 0.0000 8.0000 0.0000 16.0000 0.0000 0.0000 0.0000 -1.0000 0.0000 0.0000 0.0000 16.0000 1-16edge.dat
0 BFC INVERTNEXT
1 16 0.0000 2.5000 0.0000 16.0000 0.0000 0.0000 0.0000 5.5000 0.0000 0.0000 0.0000 16.0000 1-16cyli.dat
1 16 14.7086 5.2500 6.2337 -0.0722 1.0012 0.0000 0.0000 0.0000 2.7500 0.1081 -0.0044 0.0000 rect2a.dat
1 16 15.0890 5.2500 7.0240 0.4557 1.0012 0.0000 0.0000 0.0000 2.7500 0.6817 0.0044 0.0000 rect2p.dat
1 16 15.9246 4.7500 10.3796 -0.0760 0.9982 0.0000 0.0000 0.0000 2.2500 0.3825 0.0047 0.0000 rect2p.dat
1 16 16.0150 4.7500 10.9250 0.0000 1.0000 0.1700 -2.2500 0.0000 0.0000 0.0000 0.0000 0.1700 rect.dat
1 16 16.7459 7.5000 8.4801 0.0000 -1.0000 -0.8100 0.5000 0.0000 0.0000 0.0000 0.0000 1.2100 rect3.dat
1 16 0.0000 0.0000 0.0000 20.0000 0.0000 0.0000 0.0000 1.0000 0.0000 0.0000 0.0000 20.0000 1-8chrd.dat
1 16 0.0000 0.0000 0.0000 16.0000 0.0000 0.0000 0.0000 1.0000 0.0000 0.0000 0.0000 16.0000 1-8tang.dat
1 16 0.0000 0.0000 0.0000 16.0000 0.0000 0.0000 0.0000 1.0000 0.0000 0.0000 0.0000 16.0000 1-8edge.dat
3 16 14.635 8.000 -6.344 14.782 8.000 -6.123 17.554 8.000 -7.271
3 16 17.554 8.000 -7.271 15.543 8.000 -7.704 14.635 8.000 -6.344
3 16 15.543 8.000 -7.704 17.554 8.000 -7.271 15.938 8.000 -9.689
3 16 16.000 8.000 -3.182 17.554 8.000 -7.271 14.782 8.000 -6.123
3 16 16.000 8.000 0.000 17.554 8.000 -7.271 16.000 8.000 -3.182
3 16 15.543 2.500 -7.704 15.543 8.000 -7.704 15.938 8.000 -9.689
3 16 15.938 8.000 -9.689 15.938 7.000 -9.689 15.543 2.500 -7.704
3 16 16.000 7.000 -10.000 16.000 2.500 -10.000 15.543 2.500 -7.704
3 16 15.543 2.500 -7.704 15.938 7.000 -9.689 16.000 7.000 -10.000
3 16 16.000 7.000 -10.000 15.938 7.000 -9.689 17.554 7.000 -7.271
3 16 17.554 7.000 -7.271 18.477 7.000 -7.654 16.000 7.000 -10.000
3 16 15.849 7.000 -10.759 16.000 7.000 -10.000 18.477 7.000 -7.654
3 16 18.477 7.000 -7.654 16.181 7.000 -11.091 15.849 7.000 -10.759
3 16 16.181 2.500 -11.091 16.181 7.000 -11.091 18.477 7.000 -7.654
3 16 18.477 7.000 -7.654 18.478 0.000 -7.654 16.181 2.500 -11.091
3 16 14.142 2.500 -14.142 16.181 2.500 -11.091 18.478 0.000 -7.654
3 16 18.478 0.000 -7.654 14.142 0.000 -14.142 14.142 2.500 -14.142
3 16 15.543 2.500 -7.704 16.000 2.500 -10.000 15.849 2.500 -10.759
3 16 15.849 2.500 -10.759 14.635 2.500 -6.344 15.543 2.500 -7.704
3 16 14.142 2.500 -14.142 11.314 2.500 -11.314 15.849 2.500 -10.759
3 16 15.849 2.500 -10.759 16.181 2.500 -11.091 14.142 2.500 -14.142
3 16 13.565 0.000 -9.064 11.314 0.000 -11.314 14.142 0.000 -14.142
3 16 14.782 0.000 -6.123 13.565 0.000 -9.064 14.142 0.000 -14.142
3 16 20.000 0.000 0.000 14.782 0.000 -6.123 14.142 0.000 -14.142
3 16 16.000 0.000 -3.182 14.782 0.000 -6.123 20.000 0.000 0.000
3 16 16.000 0.000 0.000 16.000 0.000 -3.182 20.000 0.000 0.000
2 24 15.938 7.000 -9.689 16.000 7.000 -10.000
2 24 15.938 8.000 -9.689 15.543 8.000 -7.704
2 24 15.543 2.500 -7.704 16.000 2.500 -10.000
2 24 18.478 7.000 -7.654 16.181 7.000 -11.091
2 24 14.142 2.500 -14.142 16.181 2.500 -11.091
1 16 0.0000 8.0000 0.0000 16.0000 0.0000 0.0000 0.0000 -1.0000 0.0000 0.0000 0.0000 -16.0000 1-16tang.dat
1 16 0.0000 8.0000 0.0000 16.0000 0.0000 0.0000 0.0000 -1.0000 0.0000 0.0000 0.0000 -16.0000 1-16edge.dat
0 BFC INVERTNEXT
1 16 0.0000 2.5000 0.0000 16.0000 0.0000 0.0000 0.0000 5.5000 0.0000 0.0000 0.0000 -16.0000 1-16cyli.dat
1 16 14.7086 5.2500 -6.2337 -0.0722 1.0012 0.0000 0.0000 0.0000 2.7500 -0.1081 0.0044 0.0000 rect2a.dat
1 16 15.0890 5.2500 -7.0240 0.4557 1.0012 0.0000 0.0000 0.0000 2.7500 -0.6817 -0.0044 0.0000 rect2p.dat
1 16 15.9246 4.7500 -10.3796 -0.0760 0.9982 0.0000 0.0000 0.0000 2.2500 -0.3825 -0.0047 0.0000 rect2p.dat
1 16 16.0150 4.7500 -10.9250 0.0000 1.0000 0.1700 -2.2500 0.0000 0.0000 0.0000 0.0000 -0.1700 rect.dat
1 16 16.7459 7.5000 -8.4801 0.0000 -1.0000 -0.8100 0.5000 0.0000 0.0000 0.0000 0.0000 -1.2100 rect3.dat
1 16 0.0000 0.0000 0.0000 20.0000 0.0000 0.0000 0.0000 1.0000 0.0000 0.0000 0.0000 -20.0000 1-8chrd.dat
1 16 0.0000 0.0000 0.0000 16.0000 0.0000 0.0000 0.0000 1.0000 0.0000 0.0000 0.0000 -16.0000 1-8tang.dat
1 16 0.0000 0.0000 0.0000 16.0000 0.0000 0.0000 0.0000 1.0000 0.0000 0.0000 0.0000 -16.0000 1-8edge.dat
1 16 0.0000 8.0000 0.0000 17.5537 0.0000 7.2710 0.0000 -1.0000 0.0000 -7.2710 0.0000 17.5537 1-8chrd.dat
1 16 0.0000 7.0000 0.0000 17.5537 0.0000 7.2710 0.0000 1.0000 0.0000 -7.2710 0.0000 17.5537 1-8cylo.dat
1 16 0.0000 7.0000 0.0000 0.9239 0.0000 0.3827 0.0000 -1.0000 0.0000 -0.3827 0.0000 0.9239 1-8rin19.dat
1 16 0.0000 0.0000 0.0000 18.4776 0.0000 7.6537 0.0000 7.0000 0.0000 -7.6537 0.0000 18.4776 1-8cyli.dat
1 16 0.0000 7.0000 0.0000 18.4776 0.0000 7.6537 0.0000 1.0000 0.0000 -7.6537 0.0000 18.4776 1-8edge.dat
1 16 0.0000 0.0000 0.0000 14.1421 0.0000 14.1421 0.0000 1.0000 0.0000 -14.1421 0.0000 14.1421 1-4edge.DAT
0 BFC INVERTNEXT
1 16 0.0000 0.5000 0.0000 16.0000 0.0000 0.0000 0.0000 2.0000 0.0000 0.0000 0.0000 16.0000 1-8cyli.dat
0 BFC INVERTNEXT
1 16 0.0000 0.5000 0.0000 16.0000 0.0000 0.0000 0.0000 2.0000 0.0000 0.0000 0.0000 -16.0000 1-24cyli.dat
1 16 8.9768 1.5000 -7.8725 0.0000 1.0000 -3.0300 -1.0000 0.0000 0.0000 0.0000 0.0000 2.6500 rect3.dat
1 16 11.6587 1.5000 -10.9203 0.3429 0.9990 0.0000 0.0000 0.0000 1.0000 0.3909 0.0015 0.0000 rect2a.dat
3 16 0.000 8.000 16.000 -7.271 8.000 17.554 7.271 8.000 17.554
3 16 -5.132 7.500 15.118 -4.141 7.500 15.454 -1.555 7.500 7.691
3 16 -1.555 7.500 7.691 -2.544 7.500 7.494 -5.132 7.500 15.118
3 16 -2.544 5.000 7.494 -5.132 5.000 15.118 -5.132 7.500 15.118
3 16 -5.132 7.500 15.118 -2.544 7.500 7.494 -2.544 5.000 7.494
3 16 -3.103 5.000 11.522 -4.141 5.000 15.454 -5.132 5.000 15.118
3 16 -2.544 5.000 7.494 -3.103 5.000 11.522 -5.132 5.000 15.118
3 16 -2.065 5.000 7.589 -3.103 5.000 11.522 -2.544 5.000 7.494
3 16 0.000 2.502 12.000 0.000 2.500 16.000 -1.560 3.776 11.829
3 16 0.000 2.503 8.000 0.000 2.502 12.000 -1.033 3.752 7.795
3 16 -2.088 3.800 15.862 -4.141 5.000 15.454 -3.103 5.000 11.522
3 16 -1.033 3.752 7.795 -1.560 3.776 11.829 -2.065 5.000 7.589
3 16 -3.103 5.000 11.522 -2.065 5.000 7.589 -1.560 3.776 11.829
3 16 -3.103 5.000 11.522 -1.560 3.776 11.829 -2.088 3.800 15.862
3 16 -1.560 3.776 11.829 -1.033 3.752 7.795 0.000 2.502 12.000
3 16 -2.088 3.800 15.862 -1.560 3.776 11.829 0.000 2.500 16.000
3 16 1.809 0.825 11.779 2.323 0.500 11.677 3.115 0.500 15.659
3 16 3.115 0.500 15.659 2.088 1.150 15.862 1.809 0.825 11.779
3 16 1.531 0.500 7.696 2.323 0.500 11.677 1.809 0.825 11.779
3 16 0.000 2.503 8.000 1.531 0.500 7.696 1.809 0.825 11.779
3 16 0.000 2.502 12.000 1.809 0.825 11.779 2.088 1.150 15.862
3 16 2.088 1.150 15.862 0.000 2.500 16.000 0.000 2.502 12.000
3 16 1.809 0.825 11.779 0.000 2.502 12.000 0.000 2.503 8.000
3 16 -4.141 7.500 15.454 -2.088 6.119 15.862 -0.777 6.300 7.846
3 16 -0.777 6.300 7.846 -1.555 7.500 7.691 -4.141 7.500 15.454
3 16 0.000 5.300 8.000 -0.777 6.300 7.846 -2.088 6.119 15.862
3 16 -2.088 6.119 15.862 0.000 4.949 16.000 0.000 5.300 8.000
3 16 1.256 3.600 7.750 0.000 5.300 8.000 0.000 4.949 16.000
3 16 0.000 4.949 16.000 2.088 3.746 15.862 1.256 3.600 7.750
3 16 4.141 2.500 15.454 2.512 2.500 7.501 1.256 3.600 7.750
3 16 1.256 3.600 7.750 2.088 3.746 15.862 4.141 2.500 15.454
3 16 2.512 2.500 7.501 4.141 2.500 15.454 6.123 2.500 14.782
3 16 2.512 2.500 7.501 6.123 2.500 14.782 10.527 2.500 12.004
3 16 10.527 2.500 12.004 5.218 2.500 5.950 2.512 2.500 7.501
3 16 10.759 2.500 15.849 10.527 2.500 12.004 6.344 2.500 14.635
3 16 10.759 2.500 15.849 11.314 2.500 11.314 10.527 2.500 12.004
3 16 3.115 0.500 15.659 2.323 0.500 11.677 6.123 0.500 14.782
3 16 6.123 0.500 14.782 4.141 0.500 15.454 3.115 0.500 15.659
3 16 2.323 0.500 11.677 1.531 0.500 7.696 6.123 0.500 14.782
3 16 1.531 0.500 7.696 5.218 0.500 5.950 8.000 0.500 13.856
3 16 8.000 0.500 13.856 6.123 0.500 14.782 1.531 0.500 7.696
3 16 5.218 0.500 5.950 10.527 0.500 12.004 9.741 0.500 12.694
3 16 9.741 0.500 12.694 8.000 0.500 13.856 5.218 0.500 5.950
3 16 -6.344 2.500 14.635 -8.000 2.500 13.856 -10.759 2.500 15.849
3 16 -8.000 2.500 13.856 -9.741 2.500 12.694 -10.759 2.500 15.849
3 16 -11.314 2.500 11.314 -10.759 2.500 15.849 -9.741 2.500 12.694
2 24 -2.544 7.500 7.494 -5.132 7.500 15.118
2 24 -4.141 7.500 15.454 -5.132 7.500 15.118
2 24 -4.141 7.500 15.454 -1.555 7.500 7.691
2 24 -2.544 7.500 7.494 -1.555 7.500 7.691
2 24 -5.132 5.000 15.118 -5.132 7.500 15.118
2 24 -2.544 5.000 7.494 -5.132 5.000 15.118
2 24 -2.544 5.000 7.494 -2.544 7.500 7.494
2 24 -4.141 5.000 15.454 -5.132 5.000 15.118
2 24 -2.544 5.000 7.494 -2.065 5.000 7.589
2 24 -3.103 5.000 11.522 -2.065 5.000 7.589
2 24 -4.141 5.000 15.454 -3.103 5.000 11.522
2 24 -1.033 3.752 7.795 -2.065 5.000 7.589
2 24 0.000 2.503 8.000 -1.033 3.752 7.795
2 24 1.531 0.500 7.696 0.000 2.503 8.000
2 24 -4.141 5.000 15.454 -2.088 3.800 15.862
2 24 -2.088 3.800 15.862 0.000 2.500 16.000
2 24 0.000 2.500 16.000 2.088 1.150 15.862
2 24 2.088 1.150 15.862 3.115 0.500 15.659
2 24 2.323 0.500 11.677 3.115 0.500 15.659
2 24 1.531 0.500 7.696 2.323 0.500 11.677
2 24 2.512 2.500 7.501 4.141 2.500 15.454
2 24 1.256 3.600 7.750 2.512 2.500 7.501
2 24 0.000 5.300 8.000 1.256 3.600 7.750
2 24 -0.777 6.300 7.846 -1.555 7.500 7.691
2 24 0.000 5.300 8.000 -0.777 6.300 7.846
2 24 0.000 4.949 16.000 -2.088 6.119 15.862
2 24 0.000 4.949 16.000 2.088 3.746 15.862
2 24 4.141 2.500 15.454 2.088 3.746 15.862
2 24 -4.141 7.500 15.454 -2.088 6.119 15.862
2 24 3.062 2.500 7.391 5.218 2.500 5.950
2 24 3.062 2.500 7.391 2.512 2.500 7.501
2 24 6.344 2.500 14.635 6.123 2.500 14.782
2 24 6.123 2.500 14.782 4.141 2.500 15.454
2 24 10.527 0.500 12.004 9.741 0.500 12.694
2 24 9.741 0.500 12.694 8.000 0.500 13.856
2 24 8.000 0.500 13.856 6.123 0.500 14.782
2 24 6.123 0.500 14.782 4.141 0.500 15.454
2 24 4.141 0.500 15.454 3.115 0.500 15.659
2 24 3.062 0.500 7.391 5.218 0.500 5.950
2 24 3.062 0.500 7.391 1.531 0.500 7.696
2 24 -11.314 2.500 11.314 -9.741 2.500 12.694
2 24 -9.741 2.500 12.694 -8.000 2.500 13.856
2 24 -8.000 2.500 13.856 -6.344 2.500 14.635
3 16 -7.271 8.000 17.554 -6.123 8.000 14.782 -6.344 8.000 14.635
3 16 -6.344 8.000 14.635 -7.704 8.000 15.543 -7.271 8.000 17.554
3 16 -9.689 8.000 15.938 -7.271 8.000 17.554 -7.704 8.000 15.543
3 16 -6.123 8.000 14.782 -7.271 8.000 17.554 -3.182 8.000 16.000
3 16 -3.182 8.000 16.000 -7.271 8.000 17.554 0.000 8.000 16.000
3 16 -9.689 8.000 15.938 -7.704 8.000 15.543 -7.704 2.500 15.543
3 16 -7.704 2.500 15.543 -9.689 7.000 15.938 -9.689 8.000 15.938
3 16 -7.704 2.500 15.543 -10.000 2.500 16.000 -10.000 7.000 16.000
3 16 -10.000 7.000 16.000 -9.689 7.000 15.938 -7.704 2.500 15.543
3 16 -7.271 7.000 17.554 -9.689 7.000 15.938 -10.000 7.000 16.000
3 16 -10.000 7.000 16.000 -7.654 7.000 18.477 -7.271 7.000 17.554
3 16 -7.654 7.000 18.477 -10.000 7.000 16.000 -10.759 7.000 15.849
3 16 -10.759 7.000 15.849 -11.091 7.000 16.181 -7.654 7.000 18.477
3 16 -7.654 7.000 18.477 -11.091 7.000 16.181 -11.091 2.500 16.181
3 16 -11.091 2.500 16.181 -7.654 0.000 18.478 -7.654 7.000 18.477
3 16 -7.654 0.000 18.478 -11.091 2.500 16.181 -14.142 2.500 14.142
3 16 -14.142 2.500 14.142 -14.142 0.000 14.142 -7.654 0.000 18.478
3 16 -10.759 2.500 15.849 -10.000 2.500 16.000 -7.704 2.500 15.543
3 16 -7.704 2.500 15.543 -6.344 2.500 14.635 -10.759 2.500 15.849
3 16 -10.759 2.500 15.849 -11.314 2.500 11.314 -14.142 2.500 14.142
3 16 -14.142 2.500 14.142 -11.091 2.500 16.181 -10.759 2.500 15.849
3 16 -14.142 0.000 14.142 -11.314 0.000 11.314 -9.064 0.000 13.565
3 16 -14.142 0.000 14.142 -9.064 0.000 13.565 -6.123 0.000 14.782
3 16 -14.142 0.000 14.142 -6.123 0.000 14.782 0.000 0.000 20.000
3 16 0.000 0.000 20.000 -6.123 0.000 14.782 -3.182 0.000 16.000
3 16 0.000 0.000 20.000 -3.182 0.000 16.000 0.000 0.000 16.000
2 24 -9.689 7.000 15.938 -10.000 7.000 16.000
2 24 -9.689 8.000 15.938 -7.704 8.000 15.543
2 24 -7.704 2.500 15.543 -10.000 2.500 16.000
2 24 -7.654 7.000 18.478 -11.091 7.000 16.181
2 24 -14.142 2.500 14.142 -11.091 2.500 16.181
1 16 0.0000 8.0000 0.0000 0.0000 0.0000 -16.0000 0.0000 -1.0000 0.0000 16.0000 0.0000 0.0000 1-16tang.dat
1 16 0.0000 8.0000 0.0000 0.0000 0.0000 -16.0000 0.0000 -1.0000 0.0000 16.0000 0.0000 0.0000 1-16edge.dat
0 BFC INVERTNEXT
1 16 0.0000 2.5000 0.0000 0.0000 0.0000 -16.0000 0.0000 5.5000 0.0000 16.0000 0.0000 0.0000 1-16cyli.dat
1 16 -6.2337 5.2500 14.7086 -0.1081 0.0044 0.0000 0.0000 0.0000 2.7500 -0.0722 1.0012 0.0000 rect2a.dat
1 16 -7.0240 5.2500 15.0890 -0.6817 -0.0044 0.0000 0.0000 0.0000 2.7500 0.4557 1.0012 0.0000 rect2p.dat
1 16 -10.3796 4.7500 15.9246 -0.3825 -0.0047 0.0000 0.0000 0.0000 2.2500 -0.0760 0.9982 0.0000 rect2p.dat
1 16 -10.9250 4.7500 16.0150 0.0000 0.0000 -0.1700 -2.2500 0.0000 0.0000 0.0000 1.0000 0.1700 rect.dat
1 16 -8.4801 7.5000 16.7459 0.0000 0.0000 -1.2100 0.5000 0.0000 0.0000 0.0000 -1.0000 -0.8100 rect3.dat
1 16 0.0000 0.0000 0.0000 0.0000 0.0000 -20.0000 0.0000 1.0000 0.0000 20.0000 0.0000 0.0000 1-8chrd.dat
1 16 0.0000 0.0000 0.0000 0.0000 0.0000 -16.0000 0.0000 1.0000 0.0000 16.0000 0.0000 0.0000 1-8tang.dat
1 16 0.0000 0.0000 0.0000 0.0000 0.0000 -16.0000 0.0000 1.0000 0.0000 16.0000 0.0000 0.0000 1-8edge.dat
3 16 6.344 8.000 14.635 6.123 8.000 14.782 7.271 8.000 17.554
3 16 7.271 8.000 17.554 7.704 8.000 15.543 6.344 8.000 14.635
3 16 7.704 8.000 15.543 7.271 8.000 17.554 9.689 8.000 15.938
3 16 3.182 8.000 16.000 7.271 8.000 17.554 6.123 8.000 14.782
3 16 0.000 8.000 16.000 7.271 8.000 17.554 3.182 8.000 16.000
3 16 7.704 2.500 15.543 7.704 8.000 15.543 9.689 8.000 15.938
3 16 9.689 8.000 15.938 9.689 7.000 15.938 7.704 2.500 15.543
3 16 10.000 7.000 16.000 10.000 2.500 16.000 7.704 2.500 15.543
3 16 7.704 2.500 15.543 9.689 7.000 15.938 10.000 7.000 16.000
3 16 10.000 7.000 16.000 9.689 7.000 15.938 7.271 7.000 17.554
3 16 7.271 7.000 17.554 7.654 7.000 18.477 10.000 7.000 16.000
3 16 10.759 7.000 15.849 10.000 7.000 16.000 7.654 7.000 18.477
3 16 7.654 7.000 18.477 11.091 7.000 16.181 10.759 7.000 15.849
3 16 11.091 2.500 16.181 11.091 7.000 16.181 7.654 7.000 18.477
3 16 7.654 7.000 18.477 7.654 0.000 18.478 11.091 2.500 16.181
3 16 14.142 2.500 14.142 11.091 2.500 16.181 7.654 0.000 18.478
3 16 7.654 0.000 18.478 14.142 0.000 14.142 14.142 2.500 14.142
3 16 7.704 2.500 15.543 10.000 2.500 16.000 10.759 2.500 15.849
3 16 10.759 2.500 15.849 6.344 2.500 14.635 7.704 2.500 15.543
3 16 14.142 2.500 14.142 11.314 2.500 11.314 10.759 2.500 15.849
3 16 10.759 2.500 15.849 11.091 2.500 16.181 14.142 2.500 14.142
3 16 9.064 0.000 13.565 11.314 0.000 11.314 14.142 0.000 14.142
3 16 6.123 0.000 14.782 9.064 0.000 13.565 14.142 0.000 14.142
3 16 0.000 0.000 20.000 6.123 0.000 14.782 14.142 0.000 14.142
3 16 3.182 0.000 16.000 6.123 0.000 14.782 0.000 0.000 20.000
3 16 0.000 0.000 16.000 3.182 0.000 16.000 0.000 0.000 20.000
2 24 9.689 7.000 15.938 10.000 7.000 16.000
2 24 9.689 8.000 15.938 7.704 8.000 15.543
2 24 7.704 2.500 15.543 10.000 2.500 16.000
2 24 7.654 7.000 18.478 11.091 7.000 16.181
2 24 14.142 2.500 14.142 11.091 2.500 16.181
1 16 0.0000 8.0000 0.0000 0.0000 0.0000 16.0000 0.0000 -1.0000 0.0000 16.0000 0.0000 0.0000 1-16tang.dat
1 16 0.0000 8.0000 0.0000 0.0000 0.0000 16.0000 0.0000 -1.0000 0.0000 16.0000 0.0000 0.0000 1-16edge.dat
0 BFC INVERTNEXT
1 16 0.0000 2.5000 0.0000 0.0000 0.0000 16.0000 0.0000 5.5000 0.0000 16.0000 0.0000 0.0000 1-16cyli.dat
1 16 6.2337 5.2500 14.7086 0.1081 -0.0044 0.0000 0.0000 0.0000 2.7500 -0.0722 1.0012 0.0000 rect2a.dat
1 16 7.0240 5.2500 15.0890 0.6817 0.0044 0.0000 0.0000 0.0000 2.7500 0.4557 1.0012 0.0000 rect2p.dat
1 16 10.3796 4.7500 15.9246 0.3825 0.0047 0.0000 0.0000 0.0000 2.2500 -0.0760 0.9982 0.0000 rect2p.dat
1 16 10.9250 4.7500 16.0150 0.0000 0.0000 0.1700 -2.2500 0.0000 0.0000 0.0000 1.0000 0.1700 rect.dat
1 16 8.4801 7.5000 16.7459 0.0000 0.0000 1.2100 0.5000 0.0000 0.0000 0.0000 -1.0000 -0.8100 rect3.dat
1 16 0.0000 0.0000 0.0000 0.0000 0.0000 20.0000 0.0000 1.0000 0.0000 20.0000 0.0000 0.0000 1-8chrd.dat
1 16 0.0000 0.0000 0.0000 0.0000 0.0000 16.0000 0.0000 1.0000 0.0000 16.0000 0.0000 0.0000 1-8tang.dat
1 16 0.0000 0.0000 0.0000 0.0000 0.0000 16.0000 0.0000 1.0000 0.0000 16.0000 0.0000 0.0000 1-8edge.dat
1 16 0.0000 8.0000 0.0000 7.2710 0.0000 -17.5537 0.0000 -1.0000 0.0000 17.5537 0.0000 7.2710 1-8chrd.dat
1 16 0.0000 7.0000 0.0000 7.2710 0.0000 -17.5537 0.0000 1.0000 0.0000 17.5537 0.0000 7.2710 1-8cylo.dat
1 16 0.0000 7.0000 0.0000 0.3827 0.0000 -0.9239 0.0000 -1.0000 0.0000 0.9239 0.0000 0.3827 1-8rin19.dat
1 16 0.0000 0.0000 0.0000 7.6537 0.0000 -18.4776 0.0000 7.0000 0.0000 18.4776 0.0000 7.6537 1-8cyli.dat
1 16 0.0000 7.0000 0.0000 7.6537 0.0000 -18.4776 0.0000 1.0000 0.0000 18.4776 0.0000 7.6537 1-8edge.dat
1 16 0.0000 0.0000 0.0000 14.1421 0.0000 -14.1421 0.0000 1.0000 0.0000 14.1421 0.0000 14.1421 1-4edge.DAT
0 BFC INVERTNEXT
1 16 0.0000 0.5000 0.0000 0.0000 0.0000 -16.0000 0.0000 2.0000 0.0000 16.0000 0.0000 0.0000 1-8cyli.dat
0 BFC INVERTNEXT
1 16 0.0000 0.5000 0.0000 0.0000 0.0000 16.0000 0.0000 2.0000 0.0000 16.0000 0.0000 0.0000 1-24cyli.dat
1 16 7.8725 1.5000 8.9768 0.0000 0.0000 -2.6500 -1.0000 0.0000 0.0000 0.0000 1.0000 -3.0300 rect3.dat
1 16 10.9203 1.5000 11.6587 -0.3909 -0.0015 0.0000 0.0000 0.0000 1.0000 0.3429 0.9990 0.0000 rect2a.dat
3 16 -16.000 8.000 0.000 -17.554 8.000 -7.271 -17.554 8.000 7.271
3 16 -15.118 7.500 -5.132 -15.454 7.500 -4.141 -7.691 7.500 -1.555
3 16 -7.691 7.500 -1.555 -7.494 7.500 -2.544 -15.118 7.500 -5.132
3 16 -7.494 5.000 -2.544 -15.118 5.000 -5.132 -15.118 7.500 -5.132
3 16 -15.118 7.500 -5.132 -7.494 7.500 -2.544 -7.494 5.000 -2.544
3 16 -11.522 5.000 -3.103 -15.454 5.000 -4.141 -15.118 5.000 -5.132
3 16 -7.494 5.000 -2.544 -11.522 5.000 -3.103 -15.118 5.000 -5.132
3 16 -7.589 5.000 -2.065 -11.522 5.000 -3.103 -7.494 5.000 -2.544
3 16 -12.000 2.502 0.000 -16.000 2.500 0.000 -11.829 3.776 -1.560
3 16 -8.000 2.503 0.000 -12.000 2.502 0.000 -7.795 3.752 -1.033
3 16 -15.862 3.800 -2.088 -15.454 5.000 -4.141 -11.522 5.000 -3.103
3 16 -7.795 3.752 -1.033 -11.829 3.776 -1.560 -7.589 5.000 -2.065
3 16 -11.522 5.000 -3.103 -7.589 5.000 -2.065 -11.829 3.776 -1.560
3 16 -11.522 5.000 -3.103 -11.829 3.776 -1.560 -15.862 3.800 -2.088
3 16 -11.829 3.776 -1.560 -7.795 3.752 -1.033 -12.000 2.502 0.000
3 16 -15.862 3.800 -2.088 -11.829 3.776 -1.560 -16.000 2.500 0.000
3 16 -11.779 0.825 1.809 -11.677 0.500 2.323 -15.659 0.500 3.115
3 16 -15.659 0.500 3.115 -15.862 1.150 2.088 -11.779 0.825 1.809
3 16 -7.696 0.500 1.531 -11.677 0.500 2.323 -11.779 0.825 1.809
3 16 -8.000 2.503 0.000 -7.696 0.500 1.531 -11.779 0.825 1.809
3 16 -12.000 2.502 0.000 -11.779 0.825 1.809 -15.862 1.150 2.088
3 16 -15.862 1.150 2.088 -16.000 2.500 0.000 -12.000 2.502 0.000
3 16 -11.779 0.825 1.809 -12.000 2.502 0.000 -8.000 2.503 0.000
3 16 -15.454 7.500 -4.141 -15.862 6.119 -2.088 -7.846 6.300 -0.777
3 16 -7.846 6.300 -0.777 -7.691 7.500 -1.555 -15.454 7.500 -4.141
3 16 -8.000 5.300 0.000 -7.846 6.300 -0.777 -15.862 6.119 -2.088
3 16 -15.862 6.119 -2.088 -16.000 4.949 0.000 -8.000 5.300 0.000
3 16 -7.750 3.600 1.256 -8.000 5.300 0.000 -16.000 4.949 0.000
3 16 -16.000 4.949 0.000 -15.862 3.746 2.088 -7.750 3.600 1.256
3 16 -15.454 2.500 4.141 -7.501 2.500 2.512 -7.750 3.600 1.256
3 16 -7.750 3.600 1.256 -15.862 3.746 2.088 -15.454 2.500 4.141
3 16 -7.501 2.500 2.512 -15.454 2.500 4.141 -14.782 2.500 6.123
3 16 -7.501 2.500 2.512 -14.782 2.500 6.123 -12.004 2.500 10.527
3 16 -12.004 2.500 10.527 -5.950 2.500 5.218 -7.501 2.500 2.512
3 16 -15.849 2.500 10.759 -12.004 2.500 10.527 -14.635 2.500 6.344
3 16 -15.849 2.500 10.759 -11.314 2.500 11.314 -12.004 2.500 10.527
3 16 -15.659 0.500 3.115 -11.677 0.500 2.323 -14.782 0.500 6.123
3 16 -14.782 0.500 6.123 -15.454 0.500 4.141 -15.659 0.500 3.115
3 16 -11.677 0.500 2.323 -7.696 0.500 1.531 -14.782 0.500 6.123
3 16 -7.696 0.500 1.531 -5.950 0.500 5.218 -13.856 0.500 8.000
3 16 -13.856 0.500 8.000 -14.782 0.500 6.123 -7.696 0.500 1.531
3 16 -5.950 0.500 5.218 -12.004 0.500 10.527 -12.694 0.500 9.741
3 16 -12.694 0.500 9.741 -13.856 0.500 8.000 -5.950 0.500 5.218
3 16 -14.635 2.500 -6.344 -13.856 2.500 -8.000 -15.849 2.500 -10.759
3 16 -13.856 2.500 -8.000 -12.694 2.500 -9.741 -15.849 2.500 -10.759
3 16 -11.314 2.500 -11.314 -15.849 2.500 -10.759 -12.694 2.500 -9.741
2 24 -7.494 7.500 -2.544 -15.118 7.500 -5.132
2 24 -15.454 7.500 -4.141 -15.118 7.500 -5.132
2 24 -15.454 7.500 -4.141 -7.691 7.500 -1.555
2 24 -7.494 7.500 -2.544 -7.691 7.500 -1.555
2 24 -15.118 5.000 -5.132 -15.118 7.500 -5.132
2 24 -7.494 5.000 -2.544 -15.118 5.000 -5.132
2 24 -7.494 5.000 -2.544 -7.494 7.500 -2.544
2 24 -15.454 5.000 -4.141 -15.118 5.000 -5.132
2 24 -7.494 5.000 -2.544 -7.589 5.000 -2.065
2 24 -11.522 5.000 -3.103 -7.589 5.000 -2.065
2 24 -15.454 5.000 -4.141 -11.522 5.000 -3.103
2 24 -7.795 3.752 -1.033 -7.589 5.000 -2.065
2 24 -8.000 2.503 0.000 -7.795 3.752 -1.033
2 24 -7.696 0.500 1.531 -8.000 2.503 0.000
2 24 -15.454 5.000 -4.141 -15.862 3.800 -2.088
2 24 -15.862 3.800 -2.088 -16.000 2.500 0.000
2 24 -16.000 2.500 0.000 -15.862 1.150 2.088
2 24 -15.862 1.150 2.088 -15.659 0.500 3.115
2 24 -11.677 0.500 2.323 -15.659 0.500 3.115
2 24 -7.696 0.500 1.531 -11.677 0.500 2.323
2 24 -7.501 2.500 2.512 -15.454 2.500 4.141
2 24 -7.750 3.600 1.256 -7.501 2.500 2.512
2 24 -8.000 5.300 0.000 -7.750 3.600 1.256
2 24 -7.846 6.300 -0.777 -7.691 7.500 -1.555
2 24 -8.000 5.300 0.000 -7.846 6.300 -0.777
2 24 -16.000 4.949 0.000 -15.862 6.119 -2.088
2 24 -16.000 4.949 0.000 -15.862 3.746 2.088
2 24 -15.454 2.500 4.141 -15.862 3.746 2.088
2 24 -15.454 7.500 -4.141 -15.862 6.119 -2.088
2 24 -7.391 2.500 3.062 -5.950 2.500 5.218
2 24 -7.391 2.500 3.062 -7.501 2.500 2.512
2 24 -14.635 2.500 6.344 -14.782 2.500 6.123
2 24 -14.782 2.500 6.123 -15.454 2.500 4.141
2 24 -12.004 0.500 10.527 -12.694 0.500 9.741
2 24 -12.694 0.500 9.741 -13.856 0.500 8.000
2 24 -13.856 0.500 8.000 -14.782 0.500 6.123
2 24 -14.782 0.500 6.123 -15.454 0.500 4.141
2 24 -15.454 0.500 4.141 -15.659 0.500 3.115
2 24 -7.391 0.500 3.062 -5.950 0.500 5.218
2 24 -7.391 0.500 3.062 -7.696 0.500 1.531
2 24 -11.314 2.500 -11.314 -12.694 2.500 -9.741
2 24 -12.694 2.500 -9.741 -13.856 2.500 -8.000
2 24 -13.856 2.500 -8.000 -14.635 2.500 -6.344
3 16 -17.554 8.000 -7.271 -14.782 8.000 -6.123 -14.635 8.000 -6.344
3 16 -14.635 8.000 -6.344 -15.543 8.000 -7.704 -17.554 8.000 -7.271
3 16 -15.938 8.000 -9.689 -17.554 8.000 -7.271 -15.543 8.000 -7.704
3 16 -14.782 8.000 -6.123 -17.554 8.000 -7.271 -16.000 8.000 -3.182
3 16 -16.000 8.000 -3.182 -17.554 8.000 -7.271 -16.000 8.000 0.000
3 16 -15.938 8.000 -9.689 -15.543 8.000 -7.704 -15.543 2.500 -7.704
3 16 -15.543 2.500 -7.704 -15.938 7.000 -9.689 -15.938 8.000 -9.689
3 16 -15.543 2.500 -7.704 -16.000 2.500 -10.000 -16.000 7.000 -10.000
3 16 -16.000 7.000 -10.000 -15.938 7.000 -9.689 -15.543 2.500 -7.704
3 16 -17.554 7.000 -7.271 -15.938 7.000 -9.689 -16.000 7.000 -10.000
3 16 -16.000 7.000 -10.000 -18.477 7.000 -7.654 -17.554 7.000 -7.271
3 16 -18.477 7.000 -7.654 -16.000 7.000 -10.000 -15.849 7.000 -10.759
3 16 -15.849 7.000 -10.759 -16.181 7.000 -11.091 -18.477 7.000 -7.654
3 16 -18.477 7.000 -7.654 -16.181 7.000 -11.091 -16.181 2.500 -11.091
3 16 -16.181 2.500 -11.091 -18.478 0.000 -7.654 -18.477 7.000 -7.654
3 16 -18.478 0.000 -7.654 -16.181 2.500 -11.091 -14.142 2.500 -14.142
3 16 -14.142 2.500 -14.142 -14.142 0.000 -14.142 -18.478 0.000 -7.654
3 16 -15.849 2.500 -10.759 -16.000 2.500 -10.000 -15.543 2.500 -7.704
3 16 -15.543 2.500 -7.704 -14.635 2.500 -6.344 -15.849 2.500 -10.759
3 16 -15.849 2.500 -10.759 -11.314 2.500 -11.314 -14.142 2.500 -14.142
3 16 -14.142 2.500 -14.142 -16.181 2.500 -11.091 -15.849 2.500 -10.759
3 16 -14.142 0.000 -14.142 -11.314 0.000 -11.314 -13.565 0.000 -9.064
3 16 -14.142 0.000 -14.142 -13.565 0.000 -9.064 -14.782 0.000 -6.123
3 16 -14.142 0.000 -14.142 -14.782 0.000 -6.123 -20.000 0.000 0.000
3 16 -20.000 0.000 0.000 -14.782 0.000 -6.123 -16.000 0.000 -3.182
3 16 -20.000 0.000 0.000 -16.000 0.000 -3.182 -16.000 0.000 0.000
2 24 -15.938 7.000 -9.689 -16.000 7.000 -10.000
2 24 -15.938 8.000 -9.689 -15.543 8.000 -7.704
2 24 -15.543 2.500 -7.704 -16.000 2.500 -10.000
2 24 -18.478 7.000 -7.654 -16.181 7.000 -11.091
2 24 -14.142 2.500 -14.142 -16.181 2.500 -11.091
1 16 0.0000 8.0000 0.0000 -16.0000 0.0000 0.0000 0.0000 -1.0000 0.0000 0.0000 0.0000 -16.0000 1-16tang.dat
1 16 0.0000 8.0000 0.0000 -16.0000 0.0000 0.0000 0.0000 -1.0000 0.0000 0.0000 0.0000 -16.0000 1-16edge.dat
0 BFC INVERTNEXT
1 16 0.0000 2.5000 0.0000 -16.0000 0.0000 0.0000 0.0000 5.5000 0.0000 0.0000 0.0000 -16.0000 1-16cyli.dat
1 16 -14.7086 5.2500 -6.2337 0.0722 -1.0012 0.0000 0.0000 0.0000 2.7500 -0.1081 0.0044 0.0000 rect2a.dat
1 16 -15.0890 5.2500 -7.0240 -0.4557 -1.0012 0.0000 0.0000 0.0000 2.7500 -0.6817 -0.0044 0.0000 rect2p.dat
1 16 -15.9246 4.7500 -10.3796 0.0760 -0.9982 0.0000 0.0000 0.0000 2.2500 -0.3825 -0.0047 0.0000 rect2p.dat
1 16 -16.0150 4.7500 -10.9250 0.0000 -1.0000 -0.1700 -2.2500 0.0000 0.0000 0.0000 0.0000 -0.1700 rect.dat
1 16 -16.7459 7.5000 -8.4801 0.0000 1.0000 0.8100 0.5000 0.0000 0.0000 0.0000 0.0000 -1.2100 rect3.dat
1 16 0.0000 0.0000 0.0000 -20.0000 0.0000 0.0000 0.0000 1.0000 0.0000 0.0000 0.0000 -20.0000 1-8chrd.dat
1 16 0.0000 0.0000 0.0000 -16.0000 0.0000 0.0000 0.0000 1.0000 0.0000 0.0000 0.0000 -16.0000 1-8tang.dat
1 16 0.0000 0.0000 0.0000 -16.0000 0.0000 0.0000 0.0000 1.0000 0.0000 0.0000 0.0000 -16.0000 1-8edge.dat
3 16 -14.635 8.000 6.344 -14.782 8.000 6.123 -17.554 8.000 7.271
3 16 -17.554 8.000 7.271 -15.543 8.000 7.704 -14.635 8.000 6.344
3 16 -15.543 8.000 7.704 -17.554 8.000 7.271 -15.938 8.000 9.689
3 16 -16.000 8.000 3.182 -17.554 8.000 7.271 -14.782 8.000 6.123
3 16 -16.000 8.000 0.000 -17.554 8.000 7.271 -16.000 8.000 3.182
3 16 -15.543 2.500 7.704 -15.543 8.000 7.704 -15.938 8.000 9.689
3 16 -15.938 8.000 9.689 -15.938 7.000 9.689 -15.543 2.500 7.704
3 16 -16.000 7.000 10.000 -16.000 2.500 10.000 -15.543 2.500 7.704
3 16 -15.543 2.500 7.704 -15.938 7.000 9.689 -16.000 7.000 10.000
3 16 -16.000 7.000 10.000 -15.938 7.000 9.689 -17.554 7.000 7.271
3 16 -17.554 7.000 7.271 -18.477 7.000 7.654 -16.000 7.000 10.000
3 16 -15.849 7.000 10.759 -16.000 7.000 10.000 -18.477 7.000 7.654
3 16 -18.477 7.000 7.654 -16.181 7.000 11.091 -15.849 7.000 10.759
3 16 -16.181 2.500 11.091 -16.181 7.000 11.091 -18.477 7.000 7.654
3 16 -18.477 7.000 7.654 -18.478 0.000 7.654 -16.181 2.500 11.091
3 16 -14.142 2.500 14.142 -16.181 2.500 11.091 -18.478 0.000 7.654
3 16 -18.478 0.000 7.654 -14.142 0.000 14.142 -14.142 2.500 14.142
3 16 -15.543 2.500 7.704 -16.000 2.500 10.000 -15.849 2.500 10.759
3 16 -15.849 2.500 10.759 -14.635 2.500 6.344 -15.543 2.500 7.704
3 16 -14.142 2.500 14.142 -11.314 2.500 11.314 -15.849 2.500 10.759
3 16 -15.849 2.500 10.759 -16.181 2.500 11.091 -14.142 2.500 14.142
3 16 -13.565 0.000 9.064 -11.314 0.000 11.314 -14.142 0.000 14.142
3 16 -14.782 0.000 6.123 -13.565 0.000 9.064 -14.142 0.000 14.142
3 16 -20.000 0.000 0.000 -14.782 0.000 6.123 -14.142 0.000 14.142
3 16 -16.000 0.000 3.182 -14.782 0.000 6.123 -20.000 0.000 0.000
3 16 -16.000 0.000 0.000 -16.000 0.000 3.182 -20.000 0.000 0.000
2 24 -15.938 7.000 9.689 -16.000 7.000 10.000
2 24 -15.938 8.000 9.689 -15.543 8.000 7.704
2 24 -15.543 2.500 7.704 -16.000 2.500 10.000
2 24 -18.478 7.000 7.654 -16.181 7.000 11.091
2 24 -14.142 2.500 14.142 -16.181 2.500 11.091
1 16 0.0000 8.0000 0.0000 -16.0000 0.0000 0.0000 0.0000 -1.0000 0.0000 0.0000 0.0000 16.0000 1-16tang.dat
1 16 0.0000 8.0000 0.0000 -16.0000 0.0000 0.0000 0.0000 -1.0000 0.0000 0.0000 0.0000 16.0000 1-16edge.dat
0 BFC INVERTNEXT
1 16 0.0000 2.5000 0.0000 -16.0000 0.0000 0.0000 0.0000 5.5000 0.0000 0.0000 0.0000 16.0000 1-16cyli.dat
1 16 -14.7086 5.2500 6.2337 0.0722 -1.0012 0.0000 0.0000 0.0000 2.7500 0.1081 -0.0044 0.0000 rect2a.dat
1 16 -15.0890 5.2500 7.0240 -0.4557 -1.0012 0.0000 0.0000 0.0000 2.7500 0.6817 0.0044 0.0000 rect2p.dat
1 16 -15.9246 4.7500 10.3796 0.0760 -0.9982 0.0000 0.0000 0.0000 2.2500 0.3825 0.0047 0.0000 rect2p.dat
1 16 -16.0150 4.7500 10.9250 0.0000 -1.0000 -0.1700 -2.2500 0.0000 0.0000 0.0000 0.0000 0.1700 rect.dat
1 16 -16.7459 7.5000 8.4801 0.0000 1.0000 0.8100 0.5000 0.0000 0.0000 0.0000 0.0000 1.2100 rect3.dat
1 16 0.0000 0.0000 0.0000 -20.0000 0.0000 0.0000 0.0000 1.0000 0.0000 0.0000 0.0000 20.0000 1-8chrd.dat
1 16 0.0000 0.0000 0.0000 -16.0000 0.0000 0.0000 0.0000 1.0000 0.0000 0.0000 0.0000 16.0000 1-8tang.dat
1 16 0.0000 0.0000 0.0000 -16.0000 0.0000 0.0000 0.0000 1.0000 0.0000 0.0000 0.0000 16.0000 1-8edge.dat
1 16 0.0000 8.0000 0.0000 -17.5537 0.0000 -7.2710 0.0000 -1.0000 0.0000 7.2710 0.0000 -17.5537 1-8chrd.dat
1 16 0.0000 7.0000 0.0000 -17.5537 0.0000 -7.2710 0.0000 1.0000 0.0000 7.2710 0.0000 -17.5537 1-8cylo.dat
1 16 0.0000 7.0000 0.0000 -0.9239 0.0000 -0.3827 0.0000 -1.0000 0.0000 0.3827 0.0000 -0.9239 1-8rin19.dat
1 16 0.0000 0.0000 0.0000 -18.4776 0.0000 -7.6537 0.0000 7.0000 0.0000 7.6537 0.0000 -18.4776 1-8cyli.dat
1 16 0.0000 7.0000 0.0000 -18.4776 0.0000 -7.6537 0.0000 1.0000 0.0000 7.6537 0.0000 -18.4776 1-8edge.dat
1 16 0.0000 0.0000 0.0000 -14.1421 0.0000 -14.1421 0.0000 1.0000 0.0000 14.1421 0.0000 -14.1421 1-4edge.DAT
0 BFC INVERTNEXT
1 16 0.0000 0.5000 0.0000 -16.0000 0.0000 0.0000 0.0000 2.0000 0.0000 0.0000 0.0000 -16.0000 1-8cyli.dat
0 BFC INVERTNEXT
1 16 0.0000 0.5000 0.0000 -16.0000 0.0000 0.0000 0.0000 2.0000 0.0000 0.0000 0.0000 16.0000 1-24cyli.dat
1 16 -8.9768 1.5000 7.8725 0.0000 -1.0000 3.0300 -1.0000 0.0000 0.0000 0.0000 0.0000 -2.6500 rect3.dat
1 16 -11.6587 1.5000 10.9203 -0.3429 -0.9990 0.0000 0.0000 0.0000 1.0000 -0.3909 -0.0015 0.0000 rect2a.dat
3 16 0.000 8.000 -16.000 7.271 8.000 -17.554 -7.271 8.000 -17.554
3 16 5.132 7.500 -15.118 4.141 7.500 -15.454 1.555 7.500 -7.691
3 16 1.555 7.500 -7.691 2.544 7.500 -7.494 5.132 7.500 -15.118
3 16 2.544 5.000 -7.494 5.132 5.000 -15.118 5.132 7.500 -15.118
3 16 5.132 7.500 -15.118 2.544 7.500 -7.494 2.544 5.000 -7.494
3 16 3.103 5.000 -11.522 4.141 5.000 -15.454 5.132 5.000 -15.118
3 16 2.544 5.000 -7.494 3.103 5.000 -11.522 5.132 5.000 -15.118
3 16 2.065 5.000 -7.589 3.103 5.000 -11.522 2.544 5.000 -7.494
3 16 0.000 2.502 -12.000 0.000 2.500 -16.000 1.560 3.776 -11.829
3 16 0.000 2.503 -8.000 0.000 2.502 -12.000 1.033 3.752 -7.795
3 16 2.088 3.800 -15.862 4.141 5.000 -15.454 3.103 5.000 -11.522
3 16 1.033 3.752 -7.795 1.560 3.776 -11.829 2.065 5.000 -7.589
3 16 3.103 5.000 -11.522 2.065 5.000 -7.589 1.560 3.776 -11.829
3 16 3.103 5.000 -11.522 1.560 3.776 -11.829 2.088 3.800 -15.862
3 16 1.560 3.776 -11.829 1.033 3.752 -7.795 0.000 2.502 -12.000
3 16 2.088 3.800 -15.862 1.560 3.776 -11.829 0.000 2.500 -16.000
3 16 -1.809 0.825 -11.779 -2.323 0.500 -11.677 -3.115 0.500 -15.659
3 16 -3.115 0.500 -15.659 -2.088 1.150 -15.862 -1.809 0.825 -11.779
3 16 -1.531 0.500 -7.696 -2.323 0.500 -11.677 -1.809 0.825 -11.779
3 16 0.000 2.503 -8.000 -1.531 0.500 -7.696 -1.809 0.825 -11.779
3 16 0.000 2.502 -12.000 -1.809 0.825 -11.779 -2.088 1.150 -15.862
3 16 -2.088 1.150 -15.862 0.000 2.500 -16.000 0.000 2.502 -12.000
3 16 -1.809 0.825 -11.779 0.000 2.502 -12.000 0.000 2.503 -8.000
3 16 4.141 7.500 -15.454 2.088 6.119 -15.862 0.777 6.300 -7.846
3 16 0.777 6.300 -7.846 1.555 7.500 -7.691 4.141 7.500 -15.454
3 16 0.000 5.300 -8.000 0.777 6.300 -7.846 2.088 6.119 -15.862
3 16 2.088 6.119 -15.862 0.000 4.949 -16.000 0.000 5.300 -8.000
3 16 -1.256 3.600 -7.750 0.000 5.300 -8.000 0.000 4.949 -16.000
3 16 0.000 4.949 -16.000 -2.088 3.746 -15.862 -1.256 3.600 -7.750
3 16 -4.141 2.500 -15.454 -2.512 2.500 -7.501 -1.256 3.600 -7.750
3 16 -1.256 3.600 -7.750 -2.088 3.746 -15.862 -4.141 2.500 -15.454
3 16 -2.512 2.500 -7.501 -4.141 2.500 -15.454 -6.123 2.500 -14.782
3 16 -2.512 2.500 -7.501 -6.123 2.500 -14.782 -10.527 2.500 -12.004
3 16 -10.527 2.500 -12.004 -5.218 2.500 -5.950 -2.512 2.500 -7.501
3 16 -10.759 2.500 -15.849 -10.527 2.500 -12.004 -6.344 2.500 -14.635
3 16 -10.759 2.500 -15.849 -11.314 2.500 -11.314 -10.527 2.500 -12.004
3 16 -3.115 0.500 -15.659 -2.323 0.500 -11.677 -6.123 0.500 -14.782
3 16 -6.123 0.500 -14.782 -4.141 0.500 -15.454 -3.115 0.500 -15.659
3 16 -2.323 0.500 -11.677 -1.531 0.500 -7.696 -6.123 0.500 -14.782
3 16 -1.531 0.500 -7.696 -5.218 0.500 -5.950 -8.000 0.500 -13.856
3 16 -8.000 0.500 -13.856 -6.123 0.500 -14.782 -1.531 0.500 -7.696
3 16 -5.218 0.500 -5.950 -10.527 0.500 -12.004 -9.741 0.500 -12.694
3 16 -9.741 0.500 -12.694 -8.000 0.500 -13.856 -5.218 0.500 -5.950
3 16 6.344 2.500 -14.635 8.000 2.500 -13.856 10.759 2.500 -15.849
3 16 8.000 2.500 -13.856 9.741 2.500 -12.694 10.759 2.500 -15.849
3 16 11.314 2.500 -11.314 10.759 2.500 -15.849 9.741 2.500 -12.694
2 24 2.544 7.500 -7.494 5.132 7.500 -15.118
2 24 4.141 7.500 -15.454 5.132 7.500 -15.118
2 24 4.141 7.500 -15.454 1.555 7.500 -7.691
2 24 2.544 7.500 -7.494 1.555 7.500 -7.691
2 24 5.132 5.000 -15.118 5.132 7.500 -15.118
2 24 2.544 5.000 -7.494 5.132 5.000 -15.118
2 24 2.544 5.000 -7.494 2.544 7.500 -7.494
2 24 4.141 5.000 -15.454 5.132 5.000 -15.118
2 24 2.544 5.000 -7.494 2.065 5.000 -7.589
2 24 3.103 5.000 -11.522 2.065 5.000 -7.589
2 24 4.141 5.000 -15.454 3.103 5.000 -11.522
2 24 1.033 3.752 -7.795 2.065 5.000 -7.589
2 24 0.000 2.503 -8.000 1.033 3.752 -7.795
2 24 -1.531 0.500 -7.696 0.000 2.503 -8.000
2 24 4.141 5.000 -15.454 2.088 3.800 -15.862
2 24 2.088 3.800 -15.862 0.000 2.500 -16.000
2 24 0.000 2.500 -16.000 -2.088 1.150 -15.862
2 24 -2.088 1.150 -15.862 -3.115 0.500 -15.659
2 24 -2.323 0.500 -11.677 -3.115 0.500 -15.659
2 24 -1.531 0.500 -7.696 -2.323 0.500 -11.677
2 24 -2.512 2.500 -7.501 -4.141 2.500 -15.454
2 24 -1.256 3.600 -7.750 -2.512 2.500 -7.501
2 24 0.000 5.300 -8.000 -1.256 3.600 -7.750
2 24 0.777 6.300 -7.846 1.555 7.500 -7.691
2 24 0.000 5.300 -8.000 0.777 6.300 -7.846
2 24 0.000 4.949 -16.000 2.088 6.119 -15.862
2 24 0.000 4.949 -16.000 -2.088 3.746 -15.862
2 24 -4.141 2.500 -15.454 -2.088 3.746 -15.862
2 24 4.141 7.500 -15.454 2.088 6.119 -15.862
2 24 -3.062 2.500 -7.391 -5.218 2.500 -5.950
2 24 -3.062 2.500 -7.391 -2.512 2.500 -7.501
2 24 -6.344 2.500 -14.635 -6.123 2.500 -14.782
2 24 -6.123 2.500 -14.782 -4.141 2.500 -15.454
2 24 -10.527 0.500 -12.004 -9.741 0.500 -12.694
2 24 -9.741 0.500 -12.694 -8.000 0.500 -13.856
2 24 -8.000 0.500 -13.856 -6.123 0.500 -14.782
2 24 -6.123 0.500 -14.782 -4.141 0.500 -15.454
2 24 -4.141 0.500 -15.454 -3.115 0.500 -15.659
2 24 -3.062 0.500 -7.391 -5.218 0.500 -5.950
2 24 -3.062 0.500 -7.391 -1.531 0.500 -7.696
2 24 11.314 2.500 -11.314 9.741 2.500 -12.694
2 24 9.741 2.500 -12.694 8.000 2.500 -13.856
2 24 8.000 2.500 -13.856 6.344 2.500 -14.635
3 16 7.271 8.000 -17.554 6.123 8.000 -14.782 6.344 8.000 -14.635
3 16 6.344 8.000 -14.635 7.704 8.000 -15.543 7.271 8.000 -17.554
3 16 9.689 8.000 -15.938 7.271 8.000 -17.554 7.704 8.000 -15.543
3 16 6.123 8.000 -14.782 7.271 8.000 -17.554 3.182 8.000 -16.000
3 16 3.182 8.000 -16.000 7.271 8.000 -17.554 0.000 8.000 -16.000
3 16 9.689 8.000 -15.938 7.704 8.000 -15.543 7.704 2.500 -15.543
3 16 7.704 2.500 -15.543 9.689 7.000 -15.938 9.689 8.000 -15.938
3 16 7.704 2.500 -15.543 10.000 2.500 -16.000 10.000 7.000 -16.000
3 16 10.000 7.000 -16.000 9.689 7.000 -15.938 7.704 2.500 -15.543
3 16 7.271 7.000 -17.554 9.689 7.000 -15.938 10.000 7.000 -16.000
3 16 10.000 7.000 -16.000 7.654 7.000 -18.477 7.271 7.000 -17.554
3 16 7.654 7.000 -18.477 10.000 7.000 -16.000 10.759 7.000 -15.849
3 16 10.759 7.000 -15.849 11.091 7.000 -16.181 7.654 7.000 -18.477
3 16 7.654 7.000 -18.477 11.091 7.000 -16.181 11.091 2.500 -16.181
3 16 11.091 2.500 -16.181 7.654 0.000 -18.478 7.654 7.000 -18.477
3 16 7.654 0.000 -18.478 11.091 2.500 -16.181 14.142 2.500 -14.142
3 16 14.142 2.500 -14.142 14.142 0.000 -14.142 7.654 0.000 -18.478
3 16 10.759 2.500 -15.849 10.000 2.500 -16.000 7.704 2.500 -15.543
3 16 7.704 2.500 -15.543 6.344 2.500 -14.635 10.759 2.500 -15.849
3 16 10.759 2.500 -15.849 11.314 2.500 -11.314 14.142 2.500 -14.142
3 16 14.142 2.500 -14.142 11.091 2.500 -16.181 10.759 2.500 -15.849
3 16 14.142 0.000 -14.142 11.314 0.000 -11.314 9.064 0.000 -13.565
3 16 14.142 0.000 -14.142 9.064 0.000 -13.565 6.123 0.000 -14.782
3 16 14.142 0.000 -14.142 6.123 0.000 -14.782 0.000 0.000 -20.000
3 16 0.000 0.000 -20.000 6.123 0.000 -14.782 3.182 0.000 -16.000
3 16 0.000 0.000 -20.000 3.182 0.000 -16.000 0.000 0.000 -16.000
2 24 9.689 7.000 -15.938 10.000 7.000 -16.000
2 24 9.689 8.000 -15.938 7.704 8.000 -15.543
2 24 7.704 2.500 -15.543 10.000 2.500 -16.000
2 24 7.654 7.000 -18.478 11.091 7.000 -16.181
2 24 14.142 2.500 -14.142 11.091 2.500 -16.181
1 16 0.0000 8.0000 0.0000 0.0000 0.0000 16.0000 0.0000 -1.0000 0.0000 -16.0000 0.0000 0.0000 1-16tang.dat
1 16 0.0000 8.0000 0.0000 0.0000 0.0000 16.0000 0.0000 -1.0000 0.0000 -16.0000 0.0000 0.0000 1-16edge.dat
0 BFC INVERTNEXT
1 16 0.0000 2.5000 0.0000 0.0000 0.0000 16.0000 0.0000 5.5000 0.0000 -16.0000 0.0000 0.0000 1-16cyli.dat
1 16 6.2337 5.2500 -14.7086 0.1081 -0.0044 0.0000 0.0000 0.0000 2.7500 0.0722 -1.0012 0.0000 rect2a.dat
1 16 7.0240 5.2500 -15.0890 0.6817 0.0044 0.0000 0.0000 0.0000 2.7500 -0.4557 -1.0012 0.0000 rect2p.dat
1 16 10.3796 4.7500 -15.9246 0.3825 0.0047 0.0000 0.0000 0.0000 2.2500 0.0760 -0.9982 0.0000 rect2p.dat
1 16 10.9250 4.7500 -16.0150 0.0000 0.0000 0.1700 -2.2500 0.0000 0.0000 0.0000 -1.0000 -0.1700 rect.dat
1 16 8.4801 7.5000 -16.7459 0.0000 0.0000 1.2100 0.5000 0.0000 0.0000 0.0000 1.0000 0.8100 rect3.dat
1 16 0.0000 0.0000 0.0000 0.0000 0.0000 20.0000 0.0000 1.0000 0.0000 -20.0000 0.0000 0.0000 1-8chrd.dat
1 16 0.0000 0.0000 0.0000 0.0000 0.0000 16.0000 0.0000 1.0000 0.0000 -16.0000 0.0000 0.0000 1-8tang.dat
1 16 0.0000 0.0000 0.0000 0.0000 0.0000 16.0000 0.0000 1.0000 0.0000 -16.0000 0.0000 0.0000 1-8edge.dat
3 16 -6.344 8.000 -14.635 -6.123 8.000 -14.782 -7.271 8.000 -17.554
3 16 -7.271 8.000 -17.554 -7.704 8.000 -15.543 -6.344 8.000 -14.635
3 16 -7.704 8.000 -15.543 -7.271 8.000 -17.554 -9.689 8.000 -15.938
3 16 -3.182 8.000 -16.000 -7.271 8.000 -17.554 -6.123 8.000 -14.782
3 16 0.000 8.000 -16.000 -7.271 8.000 -17.554 -3.182 8.000 -16.000
3 16 -7.704 2.500 -15.543 -7.704 8.000 -15.543 -9.689 8.000 -15.938
3 16 -9.689 8.000 -15.938 -9.689 7.000 -15.938 -7.704 2.500 -15.543
3 16 -10.000 7.000 -16.000 -10.000 2.500 -16.000 -7.704 2.500 -15.543
3 16 -7.704 2.500 -15.543 -9.689 7.000 -15.938 -10.000 7.000 -16.000
3 16 -10.000 7.000 -16.000 -9.689 7.000 -15.938 -7.271 7.000 -17.554
3 16 -7.271 7.000 -17.554 -7.654 7.000 -18.477 -10.000 7.000 -16.000
3 16 -10.759 7.000 -15.849 -10.000 7.000 -16.000 -7.654 7.000 -18.477
3 16 -7.654 7.000 -18.477 -11.091 7.000 -16.181 -10.759 7.000 -15.849
3 16 -11.091 2.500 -16.181 -11.091 7.000 -16.181 -7.654 7.000 -18.477
3 16 -7.654 7.000 -18.477 -7.654 0.000 -18.478 -11.091 2.500 -16.181
3 16 -14.142 2.500 -14.142 -11.091 2.500 -16.181 -7.654 0.000 -18.478
3 16 -7.654 0.000 -18.478 -14.142 0.000 -14.142 -14.142 2.500 -14.142
3 16 -7.704 2.500 -15.543 -10.000 2.500 -16.000 -10.759 2.500 -15.849
3 16 -10.759 2.500 -15.849 -6.344 2.500 -14.635 -7.704 2.500 -15.543
3 16 -14.142 2.500 -14.142 -11.314 2.500 -11.314 -10.759 2.500 -15.849
3 16 -10.759 2.500 -15.849 -11.091 2.500 -16.181 -14.142 2.500 -14.142
3 16 -9.064 0.000 -13.565 -11.314 0.000 -11.314 -14.142 0.000 -14.142
3 16 -6.123 0.000 -14.782 -9.064 0.000 -13.565 -14.142 0.000 -14.142
3 16 0.000 0.000 -20.000 -6.123 0.000 -14.782 -14.142 0.000 -14.142
3 16 -3.182 0.000 -16.000 -6.123 0.000 -14.782 0.000 0.000 -20.000
3 16 0.000 0.000 -16.000 -3.182 0.000 -16.000 0.000 0.000 -20.000
2 24 -9.689 7.000 -15.938 -10.000 7.000 -16.000
2 24 -9.689 8.000 -15.938 -7.704 8.000 -15.543
2 24 -7.704 2.500 -15.543 -10.000 2.500 -16.000
2 24 -7.654 7.000 -18.478 -11.091 7.000 -16.181
2 24 -14.142 2.500 -14.142 -11.091 2.500 -16.181
1 16 0.0000 8.0000 0.0000 0.0000 0.0000 -16.0000 0.0000 -1.0000 0.0000 -16.0000 0.0000 0.0000 1-16tang.dat
1 16 0.0000 8.0000 0.0000 0.0000 0.0000 -16.0000 0.0000 -1.0000 0.0000 -16.0000 0.0000 0.0000 1-16edge.dat
0 BFC INVERTNEXT
1 16 0.0000 2.5000 0.0000 0.0000 0.0000 -16.0000 0.0000 5.5000 0.0000 -16.0000 0.0000 0.0000 1-16cyli.dat
1 16 -6.2337 5.2500 -14.7086 -0.1081 0.0044 0.0000 0.0000 0.0000 2.7500 0.0722 -1.0012 0.0000 rect2a.dat
1 16 -7.0240 5.2500 -15.0890 -0.6817 -0.0044 0.0000 0.0000 0.0000 2.7500 -0.4557 -1.0012 0.0000 rect2p.dat
1 16 -10.3796 4.7500 -15.9246 -0.3825 -0.0047 0.0000 0.0000 0.0000 2.2500 0.0760 -0.9982 0.0000 rect2p.dat
1 16 -10.9250 4.7500 -16.0150 0.0000 0.0000 -0.1700 -2.2500 0.0000 0.0000 0.0000 -1.0000 -0.1700 rect.dat
1 16 -8.4801 7.5000 -16.7459 0.0000 0.0000 -1.2100 0.5000 0.0000 0.0000 0.0000 1.0000 0.8100 rect3.dat
1 16 0.0000 0.0000 0.0000 0.0000 0.0000 -20.0000 0.0000 1.0000 0.0000 -20.0000 0.0000 0.0000 1-8chrd.dat
1 16 0.0000 0.0000 0.0000 0.0000 0.0000 -16.0000 0.0000 1.0000 0.0000 -16.0000 0.0000 0.0000 1-8tang.dat
1 16 0.0000 0.0000 0.0000 0.0000 0.0000 -16.0000 0.0000 1.0000 0.0000 -16.0000 0.0000 0.0000 1-8edge.dat
1 16 0.0000 8.0000 0.0000 -7.2710 0.0000 17.5537 0.0000 -1.0000 0.0000 -17.5537 0.0000 -7.2710 1-8chrd.dat
1 16 0.0000 7.0000 0.0000 -7.2710 0.0000 17.5537 0.0000 1.0000 0.0000 -17.5537 0.0000 -7.2710 1-8cylo.dat
1 16 0.0000 7.0000 0.0000 -0.3827 0.0000 0.9239 0.0000 -1.0000 0.0000 -0.9239 0.0000 -0.3827 1-8rin19.dat
1 16 0.0000 0.0000 0.0000 -7.6537 0.0000 18.4776 0.0000 7.0000 0.0000 -18.4776 0.0000 -7.6537 1-8cyli.dat
1 16 0.0000 7.0000 0.0000 -7.6537 0.0000 18.4776 0.0000 1.0000 0.0000 -18.4776 0.0000 -7.6537 1-8edge.dat
1 16 0.0000 0.0000 0.0000 -14.1421 0.0000 14.1421 0.0000 1.0000 0.0000 -14.1421 0.0000 -14.1421 1-4edge.DAT
0 BFC INVERTNEXT
1 16 0.0000 0.5000 0.0000 0.0000 0.0000 16.0000 0.0000 2.0000 0.0000 -16.0000 0.0000 0.0000 1-8cyli.dat
0 BFC INVERTNEXT
1 16 0.0000 0.5000 0.0000 0.0000 0.0000 -16.0000 0.0000 2.0000 0.0000 -16.0000 0.0000 0.0000 1-24cyli.dat
1 16 -7.8725 1.5000 -8.9768 0.0000 0.0000 2.6500 -1.0000 0.0000 0.0000 0.0000 -1.0000 3.0300 rect3.dat
1 16 -10.9203 1.5000 -11.6587 0.3909 0.0015 0.0000 0.0000 0.0000 1.0000 -0.3429 -0.9990 0.0000 rect2a.dat
0 BFC INVERTNEXT
1 16 0.0000 0.0000 0.0000 16.0000 0.0000 0.0000 0.0000 0.5000 0.0000 0.0000 0.0000 -16.0000 4-4cyli.dat
1 16 0.0000 4.0000 0.0000 1.0000 0.0000 0.0000 0.0000 -1.0000 0.0000 0.0000 0.0000 1.0000 stud4o.dat
1 16 0.0000 0.0000 0.0000 8.0000 0.0000 0.0000 0.0000 8.0000 0.0000 0.0000 0.0000 8.0000 4-4cylo.dat
0 BFC INVERTNEXT
1 16 0.0000 0.5000 0.0000 4.0000 0.0000 0.0000 0.0000 -0.5000 0.0000 0.0000 0.0000 4.0000 4-4cylc.dat
1 16 0.0000 0.0000 0.0000 4.0000 0.0000 0.0000 0.0000 1.0000 0.0000 0.0000 0.0000 4.0000 4-4ring1.dat
