0 FILE 46490c01.dat
0 Technic, Steering Axle with 2 Pin Holes, 2 Axle Holes and 2 Tow Ball Arms with Dark Bluish Gray Wheel Hub (46490 / 92909)
0 Name:  46490c01.dat
0 Author:  
0 BL_Item_No 46490c01
0 BFC CERTIFY CCW
3 16 29.103 -35.945 6.100 26.870 -48.000 6.100 29.103 -60.055 6.100
3 16 29.103 -60.055 6.100 31.000 -55.000 6.100 31.000 -41.000 6.100
3 16 31.000 -41.000 6.100 29.103 -35.945 6.100 29.103 -60.055 6.100
3 16 -21.920 -26.080 3.500 21.920 -26.080 3.500 13.500 -34.500 3.500
3 16 13.500 -34.500 3.500 -13.500 -34.500 3.500 -21.920 -26.080 3.500
3 16 -21.920 -69.920 3.500 -21.920 -26.080 3.500 -13.500 -34.500 3.500
3 16 -13.500 -34.500 3.500 -13.500 -61.500 3.500 -21.920 -69.920 3.500
3 16 21.920 -69.920 3.500 -21.920 -69.920 3.500 -13.500 -61.500 3.500
3 16 -13.500 -61.500 3.500 13.500 -61.500 3.500 21.920 -69.920 3.500
3 16 21.920 -26.080 3.500 21.920 -69.920 3.500 13.500 -61.500 3.500
3 16 13.500 -61.500 3.500 13.500 -34.500 3.500 21.920 -26.080 3.500
3 16 40.000 -38.000 6.500 40.000 -58.000 6.500 32.841 -56.799 6.500
3 16 32.841 -56.799 6.500 32.841 -39.201 6.500 40.000 -38.000 6.500
3 16 -40.000 -38.000 6.500 -32.841 -39.201 6.500 -32.841 -56.799 6.500
3 16 -32.841 -56.799 6.500 -40.000 -58.000 6.500 -40.000 -38.000 6.500
3 16 -26.870 -48.000 6.100 -29.103 -35.945 6.100 -29.103 -60.055 6.100
3 16 -29.103 -60.055 6.100 -29.103 -35.945 6.100 -31.000 -41.000 6.100
3 16 -31.000 -41.000 6.100 -31.000 -55.000 6.100 -29.103 -60.055 6.100
3 16 2.828 -18.047 18.328 0.000 -18.047 19.500 -2.828 -18.047 18.328
3 16 0.000 -77.953 19.500 2.828 -77.953 18.328 -2.828 -77.953 18.328
3 72 -10.393 -54.000 -24.500 -8.660 -53.000 -24.500 -7.012 -56.268 -24.500
3 72 -7.012 -56.268 -24.500 -8.928 -57.169 -24.500 -10.393 -54.000 -24.500
3 72 -8.928 -57.169 -24.500 -7.012 -56.268 -24.500 -5.746 -59.685 -24.500
3 72 -5.746 -59.685 -24.500 -8.031 -60.598 -24.500 -8.928 -57.169 -24.500
3 72 -8.031 -60.598 -24.500 -5.746 -59.685 -24.500 -4.884 -63.193 -24.500
3 72 -4.884 -63.193 -24.500 -7.719 -64.230 -24.500 -8.031 -60.598 -24.500
3 72 -8.000 -68.001 -24.500 -7.719 -64.230 -24.500 -4.884 -63.193 -24.500
3 72 8.660 -53.000 -24.500 10.393 -54.001 -24.500 8.928 -57.169 -24.500
3 72 8.928 -57.169 -24.500 7.012 -56.268 -24.500 8.660 -53.000 -24.500
3 72 7.012 -56.268 -24.500 8.928 -57.169 -24.500 8.031 -60.598 -24.500
3 72 8.031 -60.598 -24.500 5.746 -59.685 -24.500 7.012 -56.268 -24.500
3 72 5.746 -59.685 -24.500 8.031 -60.598 -24.500 7.719 -64.230 -24.500
3 72 7.719 -64.230 -24.500 4.884 -63.193 -24.500 5.746 -59.685 -24.500
3 72 4.884 -63.193 -24.500 7.719 -64.230 -24.500 8.000 -68.001 -24.500
3 72 10.393 -54.001 -24.500 8.660 -53.000 -24.500 10.666 -49.939 -24.500
3 72 10.666 -49.939 -24.500 12.405 -51.147 -24.500 10.393 -54.001 -24.500
3 72 12.405 -51.147 -24.500 10.666 -49.939 -24.500 12.993 -47.134 -24.500
3 72 12.993 -47.134 -24.500 14.926 -48.656 -24.500 12.405 -51.147 -24.500
3 72 14.926 -48.656 -24.500 12.993 -47.134 -24.500 15.600 -44.633 -24.500
3 72 15.600 -44.633 -24.500 17.915 -46.570 -24.500 14.926 -48.656 -24.500
3 72 21.321 -44.928 -24.500 17.915 -46.570 -24.500 15.600 -44.633 -24.500
3 72 0.000 -38.000 -24.500 0.000 -35.999 -24.500 3.477 -35.684 -24.500
3 72 3.477 -35.684 -24.500 3.654 -37.793 -24.500 0.000 -38.000 -24.500
3 72 3.654 -37.793 -24.500 3.477 -35.684 -24.500 6.895 -34.746 -24.500
3 72 6.895 -34.746 -24.500 7.247 -37.181 -24.500 3.654 -37.793 -24.500
3 72 7.247 -37.181 -24.500 6.895 -34.746 -24.500 10.196 -33.200 -24.500
3 72 10.196 -33.200 -24.500 10.716 -36.174 -24.500 7.247 -37.181 -24.500
3 72 10.716 -36.174 -24.500 10.196 -33.200 -24.500 13.321 -31.071 -24.500
3 72 0.000 -35.999 -24.500 0.000 -38.000 -24.500 -3.654 -37.793 -24.500
3 72 -3.654 -37.793 -24.500 -3.477 -35.684 -24.500 0.000 -35.999 -24.500
3 72 -3.477 -35.684 -24.500 -3.654 -37.793 -24.500 -7.247 -37.181 -24.500
3 72 -7.247 -37.181 -24.500 -6.895 -34.746 -24.500 -3.477 -35.684 -24.500
3 72 -6.895 -34.746 -24.500 -7.247 -37.181 -24.500 -10.716 -36.174 -24.500
3 72 -10.716 -36.174 -24.500 -10.196 -33.200 -24.500 -6.895 -34.746 -24.500
3 72 -13.321 -31.071 -24.500 -10.196 -33.200 -24.500 -10.716 -36.174 -24.500
3 72 -8.660 -53.000 -24.500 -10.393 -54.000 -24.500 -12.405 -51.147 -24.500
3 72 -12.405 -51.147 -24.500 -10.666 -49.939 -24.500 -8.660 -53.000 -24.500
3 72 -10.666 -49.939 -24.500 -12.405 -51.147 -24.500 -14.926 -48.656 -24.500
3 72 -14.926 -48.656 -24.500 -12.993 -47.134 -24.500 -10.666 -49.939 -24.500
3 72 -12.993 -47.134 -24.500 -14.926 -48.656 -24.500 -17.915 -46.570 -24.500
3 72 -17.915 -46.570 -24.500 -15.600 -44.633 -24.500 -12.993 -47.134 -24.500
3 72 -15.600 -44.633 -24.500 -17.915 -46.570 -24.500 -21.321 -44.928 -24.500
3 72 -7.071 -40.929 -14.500 -2.000 -46.000 -14.500 -2.000 -50.000 -14.500
3 72 -2.000 -50.000 -14.500 -7.071 -55.071 -14.500 -7.071 -40.929 -14.500
3 72 -7.071 -55.071 -14.500 -2.000 -50.000 -14.500 2.000 -50.000 -14.500
3 72 2.000 -50.000 -14.500 7.071 -55.071 -14.500 -7.071 -55.071 -14.500
3 72 7.071 -55.071 -14.500 2.000 -50.000 -14.500 2.000 -46.000 -14.500
3 72 2.000 -46.000 -14.500 7.071 -40.929 -14.500 7.071 -55.071 -14.500
3 72 7.071 -40.929 -14.500 2.000 -46.000 -14.500 -2.000 -46.000 -14.500
3 72 -2.000 -46.000 -14.500 -7.071 -40.929 -14.500 7.071 -40.929 -14.500
3 72 -10.000 -58.000 -19.500 10.000 -58.000 -19.500 19.799 -67.799 -19.500
3 72 19.799 -67.799 -19.500 -19.799 -67.799 -19.500 -10.000 -58.000 -19.500
3 72 10.000 -58.000 -19.500 10.000 -38.000 -19.500 19.799 -28.201 -19.500
3 72 19.799 -28.201 -19.500 19.799 -67.799 -19.500 10.000 -58.000 -19.500
3 72 10.000 -38.000 -19.500 -10.000 -38.000 -19.500 -19.799 -28.201 -19.500
3 72 -19.799 -28.201 -19.500 19.799 -28.201 -19.500 10.000 -38.000 -19.500
3 72 -10.000 -38.000 -19.500 -10.000 -58.000 -19.500 -19.799 -67.799 -19.500
3 72 -19.799 -67.799 -19.500 -19.799 -28.201 -19.500 -10.000 -38.000 -19.500
2 24 5.173 -62.020 -24.500 5.173 -62.020 -19.500
2 24 -5.173 -62.020 -24.500 -5.173 -62.020 -19.500
2 24 5.173 -62.020 -24.500 5.657 -62.343 -24.500
2 24 -5.657 -62.343 -24.500 -5.173 -62.020 -24.500
2 24 9.555 -36.511 -24.500 9.555 -36.511 -19.500
2 24 14.728 -45.470 -24.500 14.728 -45.470 -19.500
2 24 9.555 -36.511 -24.500 9.593 -35.929 -24.500
2 24 15.250 -45.727 -24.500 14.728 -45.470 -24.500
2 24 -14.728 -45.470 -24.500 -14.728 -45.470 -19.500
2 24 -9.555 -36.511 -24.500 -9.555 -36.511 -19.500
2 24 -14.728 -45.470 -24.500 -15.250 -45.727 -24.500
2 24 -9.593 -35.929 -24.500 -9.555 -36.511 -24.500
1 72 0.0000 -68.0000 -24.5000 8.0000 0.0000 0.0000 0.0000 0.0000 8.0000 0.0000 5.0000 0.0000 4-4cyli.dat
1 72 0.0000 -68.0000 -19.5000 8.0000 0.0000 0.0000 0.0000 0.0000 8.0000 0.0000 1.0000 0.0000 4-4edge.dat
1 72 0.0000 -68.0000 -24.5000 0.0000 0.0000 1.0000 1.0000 0.0000 0.0000 0.0000 1.0000 0.0000 connect8.dat
1 72 -29.4450 -65.0000 -19.5000 20.7846 0.0000 14.0000 12.0000 0.0000 -24.2487 0.0000 -5.0000 0.0000 1-16cylo.dat
0 BFC INVERTNEXT
1 72 -42.2430 -72.3890 -19.5000 31.8503 0.0000 13.3210 18.3888 0.0000 -23.0726 0.0000 -5.0000 0.0000 1-12cylo.dat
1 72 29.4450 -65.0000 -19.5000 -20.7846 0.0000 -14.0000 12.0000 0.0000 -24.2487 0.0000 -5.0000 0.0000 1-16cylo.dat
0 BFC INVERTNEXT
1 72 42.2430 -72.3890 -19.5000 -31.8503 0.0000 -13.3210 18.3888 0.0000 -23.0726 0.0000 -5.0000 0.0000 1-12cylo.dat
1 72 0.0000 -68.0000 -24.5000 8.0000 0.0000 0.0000 0.0000 0.0000 8.0000 0.0000 1.0000 0.0000 1-8edge.dat
1 72 0.0000 -68.0000 -24.5000 -8.0000 0.0000 0.0000 0.0000 0.0000 8.0000 0.0000 1.0000 0.0000 1-8edge.dat
1 72 17.3205 -38.0000 -24.5000 -4.0000 0.0000 -6.9282 6.9282 0.0000 -4.0000 0.0000 5.0000 0.0000 4-4cyli.dat
1 72 17.3205 -38.0000 -19.5000 -4.0000 0.0000 -6.9282 6.9282 0.0000 -4.0000 0.0000 1.0000 0.0000 4-4edge.dat
1 72 17.3205 -38.0000 -24.5000 -0.8660 0.0000 -0.5000 -0.5000 0.0000 0.8660 0.0000 1.0000 0.0000 connect8.dat
1 72 29.4449 -65.0001 -19.5000 -20.7846 0.0000 14.0000 12.0000 0.0000 24.2487 0.0000 -5.0000 0.0000 1-16cylo.dat
0 BFC INVERTNEXT
1 72 42.2430 -72.3890 -19.5000 -31.8503 0.0000 13.3210 18.3888 0.0000 23.0726 0.0000 -5.0000 0.0000 1-12cylo.dat
1 72 -0.0001 -13.9999 -19.5000 0.0000 0.0000 28.0000 -24.0000 0.0000 0.0000 0.0000 -5.0000 0.0000 1-16cylo.dat
0 BFC INVERTNEXT
1 72 0.0000 0.7780 -19.5000 0.0000 0.0000 26.6420 -36.7776 0.0000 0.0000 0.0000 -5.0000 0.0000 1-12cylo.dat
1 72 17.3205 -38.0000 -24.5000 -4.0000 0.0000 -6.9282 6.9282 0.0000 -4.0000 0.0000 1.0000 0.0000 1-8edge.dat
1 72 17.3205 -38.0000 -24.5000 4.0000 0.0000 -6.9282 -6.9282 0.0000 -4.0000 0.0000 1.0000 0.0000 1-8edge.dat
1 72 -17.3205 -38.0000 -24.5000 -4.0000 0.0000 6.9282 -6.9282 0.0000 -4.0000 0.0000 5.0000 0.0000 4-4cyli.dat
1 72 -17.3205 -38.0000 -19.5000 -4.0000 0.0000 6.9282 -6.9282 0.0000 -4.0000 0.0000 1.0000 0.0000 4-4edge.dat
1 72 -17.3205 -38.0000 -24.5000 0.8660 0.0000 -0.5000 -0.5000 0.0000 -0.8660 0.0000 1.0000 0.0000 connect8.dat
1 72 0.0001 -13.9999 -19.5000 0.0000 0.0000 -28.0000 -24.0000 0.0000 0.0000 0.0000 -5.0000 0.0000 1-16cylo.dat
0 BFC INVERTNEXT
1 72 0.0000 0.7780 -19.5000 0.0000 0.0000 -26.6420 -36.7776 0.0000 0.0000 0.0000 -5.0000 0.0000 1-12cylo.dat
1 72 -29.4449 -65.0001 -19.5000 20.7846 0.0000 -14.0000 12.0000 0.0000 24.2487 0.0000 -5.0000 0.0000 1-16cylo.dat
0 BFC INVERTNEXT
1 72 -42.2430 -72.3890 -19.5000 31.8503 0.0000 -13.3210 18.3888 0.0000 23.0726 0.0000 -5.0000 0.0000 1-12cylo.dat
1 72 -17.3205 -38.0000 -24.5000 -4.0000 0.0000 6.9282 -6.9282 0.0000 -4.0000 0.0000 1.0000 0.0000 1-8edge.dat
1 72 -17.3205 -38.0000 -24.5000 4.0000 0.0000 6.9282 6.9282 0.0000 -4.0000 0.0000 1.0000 0.0000 1-8edge.dat
0 BFC INVERTNEXT
1 72 0.0000 -48.0000 -14.5000 10.0000 0.0000 0.0000 0.0000 0.0000 10.0000 0.0000 -5.0000 0.0000 4-4cylo.dat
0 BFC INVERTNEXT
1 72 0.0000 -48.0000 -11.5000 2.0000 0.0000 0.0000 0.0000 0.0000 2.0000 0.0000 -3.0000 0.0000 4-4cylc.dat
1 72 0.0000 -48.0000 -14.5000 2.0000 0.0000 0.0000 0.0000 0.0000 2.0000 0.0000 1.0000 0.0000 4-4ndis.dat
1 72 0.0000 -48.0000 -14.5000 7.0711 0.0000 -7.0711 7.0711 0.0000 7.0711 0.0000 1.0000 0.0000 1-4chrd.dat
1 72 0.0000 -48.0000 -14.5000 -7.0711 0.0000 -7.0711 7.0711 0.0000 -7.0711 0.0000 1.0000 0.0000 1-4chrd.dat
1 72 0.0000 -48.0000 -14.5000 -7.0711 0.0000 7.0711 -7.0711 0.0000 -7.0711 0.0000 1.0000 0.0000 1-4chrd.dat
1 72 0.0000 -48.0000 -14.5000 7.0711 0.0000 7.0711 -7.0711 0.0000 7.0711 0.0000 1.0000 0.0000 1-4chrd.dat
1 72 0.0000 -48.0000 -19.5000 10.0000 0.0000 0.0000 0.0000 0.0000 10.0000 0.0000 1.0000 0.0000 4-4ndis.dat
1 72 0.0000 -48.0000 -19.5000 -19.7990 0.0000 19.7990 -19.7990 0.0000 -19.7990 0.0000 1.0000 0.0000 1-4chrd.dat
1 72 0.0000 -48.0000 -19.5000 19.7990 0.0000 19.7990 -19.7990 0.0000 19.7990 0.0000 1.0000 0.0000 1-4chrd.dat
1 72 0.0000 -48.0000 -19.5000 19.7990 0.0000 -19.7990 19.7990 0.0000 19.7990 0.0000 1.0000 0.0000 1-4chrd.dat
1 72 0.0000 -48.0000 -19.5000 -19.7990 0.0000 -19.7990 19.7990 0.0000 -19.7990 0.0000 1.0000 0.0000 1-4chrd.dat
1 72 0.0000 -48.0000 -14.5000 28.0000 0.0000 0.0000 0.0000 0.0000 28.0000 0.0000 -5.0000 0.0000 4-4cylo.dat
1 72 0.0000 -48.0000 -9.5000 30.0000 0.0000 0.0000 0.0000 0.0000 30.0000 0.0000 -5.0000 0.0000 4-4cylc.dat
1 72 0.0000 -48.0000 -14.5000 2.0000 0.0000 0.0000 0.0000 0.0000 2.0000 0.0000 1.0000 0.0000 4-4rin14.dat
1 72 0.0000 -48.0000 15.5000 1.0000 0.0000 0.0000 0.0000 1.0000 0.0000 0.0000 0.0000 1.0000 s/52730s01.dat
1 72 0.0000 -48.0000 15.5000 -1.0000 0.0000 0.0000 0.0000 1.0000 0.0000 0.0000 0.0000 1.0000 s/52730s01.dat
1 72 0.0000 -48.0000 15.5000 1.0000 0.0000 0.0000 0.0000 -1.0000 0.0000 0.0000 0.0000 1.0000 s/52730s01.dat
1 72 0.0000 -48.0000 15.5000 -1.0000 0.0000 0.0000 0.0000 -1.0000 0.0000 0.0000 0.0000 1.0000 s/52730s01.dat
0 BFC INVERTNEXT
1 72 0.0000 -48.0000 -0.5000 2.0000 0.0000 0.0000 0.0000 0.0000 2.0000 0.0000 6.0000 0.0000 4-4cylc.dat
1 72 0.0000 -48.0000 5.9000 3.0000 0.0000 0.0000 0.0000 0.0000 3.0000 0.0000 1.0000 0.0000 4-4edge.dat
0 BFC INVERTNEXT
1 72 0.0000 -48.0000 5.9000 1.0000 0.0000 0.0000 0.0000 0.0000 1.0000 0.0000 -0.4000 0.0000 4-4con2.dat
1 72 0.0000 -48.0000 5.5000 13.5000 0.0000 0.0000 0.0000 0.0000 13.5000 0.0000 1.0000 0.0000 4-4edge.dat
1 72 0.0000 -48.0000 5.5000 6.7500 0.0000 0.0000 0.0000 0.0000 6.7500 0.0000 1.0000 0.0000 4-4ring1.dat
1 72 0.0000 -48.0000 -2.5000 6.7500 0.0000 0.0000 0.0000 0.0000 6.7500 0.0000 8.0000 0.0000 4-4cylc.dat
0 BFC INVERTNEXT
1 16 0.0000 -48.0000 -14.5000 28.3333 0.0000 0.0000 0.0000 0.0000 28.3333 0.0000 -3.0000 0.0000 4-4cylo.dat
1 16 0.0000 -48.0000 -17.5000 34.0000 0.0000 0.0000 0.0000 0.0000 34.0000 0.0000 13.0000 0.0000 4-4cylo.dat
1 16 0.0000 -48.0000 -17.5000 5.6667 0.0000 0.0000 0.0000 0.0000 5.6667 0.0000 1.0000 0.0000 4-4ring5.dat
1 16 0.0000 -48.0000 -14.5000 1.8889 0.0000 0.0000 0.0000 0.0000 1.8889 0.0000 -1.0000 0.0000 4-4rin15.dat
1 16 0.0000 -48.0000 -4.5000 3.7778 0.0000 0.0000 0.0000 0.0000 3.7778 0.0000 -1.0000 0.0000 4-4ring8.dat
0 BFC INVERTNEXT
1 16 0.0000 -48.0000 -4.5000 30.2222 0.0000 0.0000 0.0000 0.0000 30.2222 0.0000 -10.0000 0.0000 4-4cylo.dat
1 16 0.0000 -48.0000 15.5000 1.0000 0.0000 0.0000 0.0000 1.0000 0.0000 0.0000 0.0000 1.0000 s/46490s01.dat
1 16 0.0000 -48.0000 15.5000 1.0000 0.0000 0.0000 0.0000 -1.0000 0.0000 0.0000 0.0000 1.0000 s/46490s01.dat
1 16 0.0000 -48.0000 15.5000 -1.0000 0.0000 0.0000 0.0000 1.0000 0.0000 0.0000 0.0000 1.0000 s/46490s01.dat
1 16 0.0000 -48.0000 15.5000 -1.0000 0.0000 0.0000 0.0000 -1.0000 0.0000 0.0000 0.0000 1.0000 s/46490s01.dat
1 16 0.0000 -48.0000 -4.5000 34.0000 0.0000 0.0000 0.0000 0.0000 34.0000 0.0000 12.5000 0.0000 4-4cyli.dat
1 16 0.0000 -48.0000 -4.5000 34.0000 0.0000 0.0000 0.0000 0.0000 34.0000 0.0000 1.0000 0.0000 4-4edge.dat
1 16 0.0000 -48.0000 -4.5000 3.7778 0.0000 0.0000 0.0000 0.0000 -3.7778 0.0000 1.0000 0.0000 4-4ring8.dat
0 BFC INVERTNEXT
1 16 0.0000 -48.0000 -4.5000 30.2222 0.0000 0.0000 0.0000 0.0000 -30.2222 0.0000 8.0000 0.0000 4-4cylo.dat
1 16 -40.0000 -58.0000 15.5000 -9.0000 0.0000 0.0000 0.0000 20.0000 0.0000 0.0000 0.0000 -9.0000 1-4cylo.dat
1 16 -40.0000 -58.0000 15.5000 1.0000 0.0000 0.0000 0.0000 20.0000 0.0000 0.0000 0.0000 1.0000 axlehol4.dat
1 16 -40.0000 -58.0000 25.5000 1.0000 0.0000 0.0000 0.0000 20.0000 0.0000 0.0000 0.0000 1.0000 npeghol4.dat
1 16 -40.0000 -48.0000 35.5000 1.0000 0.0000 0.0000 0.0000 1.0000 0.0000 0.0000 0.0000 1.0000 connhole.dat
1 16 -49.0000 -48.0000 25.5000 0.0000 1.0000 0.0000 0.0000 0.0000 -10.0000 -10.0000 0.0000 0.0000 rect2p.dat
1 16 -40.0000 -58.0000 35.5000 9.0000 0.0000 0.0000 0.0000 20.0000 0.0000 0.0000 0.0000 9.0000 2-4cylo.dat
1 16 40.0000 -58.0000 15.5000 9.0000 0.0000 0.0000 0.0000 20.0000 0.0000 0.0000 0.0000 -9.0000 1-4cylo.dat
1 16 40.0000 -58.0000 15.5000 -1.0000 0.0000 0.0000 0.0000 20.0000 0.0000 0.0000 0.0000 1.0000 axlehol4.dat
1 16 40.0000 -58.0000 25.5000 -1.0000 0.0000 0.0000 0.0000 20.0000 0.0000 0.0000 0.0000 1.0000 npeghol4.dat
1 16 40.0000 -48.0000 35.5000 -1.0000 0.0000 0.0000 0.0000 1.0000 0.0000 0.0000 0.0000 1.0000 connhole.dat
1 16 31.0000 -48.0000 27.5000 0.0000 1.0000 0.0000 0.0000 0.0000 -10.0000 8.0000 0.0000 0.0000 rect2p.dat
1 16 31.0000 -48.0000 12.8000 0.0000 1.0000 0.0000 7.0000 0.0000 0.0000 0.0000 0.0000 -6.7000 rect3.dat
1 16 49.0000 -48.0000 25.5000 0.0000 -1.0000 0.0000 0.0000 0.0000 -10.0000 -10.0000 0.0000 0.0000 rect2p.dat
1 16 40.0000 -58.0000 35.5000 -9.0000 0.0000 0.0000 0.0000 20.0000 0.0000 0.0000 0.0000 9.0000 2-4cylo.dat
1 16 0.0000 -88.0000 15.5000 8.0000 0.0000 0.0000 0.0000 8.0000 0.0000 0.0000 0.0000 8.0000 8-8sphe.dat
1 16 0.0000 -8.0000 15.5000 8.0000 0.0000 0.0000 0.0000 8.0000 0.0000 0.0000 0.0000 8.0000 8-8sphe.dat
1 16 0.0000 -18.0473 15.5000 4.0000 0.0000 0.0000 0.0000 3.5000 0.0000 0.0000 0.0000 4.0000 2-4cyli.dat
1 16 0.0000 -48.0000 20.8000 18.0000 0.0000 0.0000 0.0000 0.0000 18.0000 0.0000 -9.7000 0.0000 4-4cylo.dat
0 BFC INVERTNEXT
1 16 0.0000 -48.0000 18.3000 14.5714 0.0000 0.0000 0.0000 0.0000 14.5714 0.0000 -4.0000 0.0000 4-4cylo.dat
1 16 0.0000 -48.0000 20.8000 1.0000 0.0000 0.0000 0.0000 0.0000 1.0000 0.0000 -1.0000 0.0000 4-4rin17.dat
0 BFC INVERTNEXT
1 16 0.0000 -48.0000 20.8000 2.4286 0.0000 0.0000 0.0000 0.0000 2.4286 0.0000 -2.5000 0.0000 4-4con6.dat
1 16 0.0000 -48.0000 20.8000 17.0000 0.0000 0.0000 0.0000 0.0000 17.0000 0.0000 -1.0000 0.0000 4-4edge.dat
0 BFC INVERTNEXT
1 16 0.0000 -48.0000 14.3000 13.5000 0.0000 0.0000 0.0000 0.0000 13.5000 0.0000 -10.8000 0.0000 4-4cylo.dat
1 16 0.0000 -48.0000 3.5000 13.5000 0.0000 0.0000 0.0000 0.0000 13.5000 0.0000 1.0000 0.0000 4-4ndis.dat
1 16 0.0000 -48.0000 3.5000 21.9203 0.0000 -21.9203 21.9203 0.0000 21.9203 0.0000 1.0000 0.0000 1-4chrd.dat
1 16 0.0000 -48.0000 3.5000 -21.9203 0.0000 -21.9203 21.9203 0.0000 -21.9203 0.0000 1.0000 0.0000 1-4chrd.dat
1 16 0.0000 -48.0000 3.5000 -21.9203 0.0000 21.9203 -21.9203 0.0000 -21.9203 0.0000 1.0000 0.0000 1-4chrd.dat
1 16 0.0000 -48.0000 3.5000 21.9203 0.0000 21.9203 -21.9203 0.0000 21.9203 0.0000 1.0000 0.0000 1-4chrd.dat
1 16 0.0000 -48.0000 14.3000 1.1250 0.0000 0.0000 0.0000 0.0000 1.1250 0.0000 -1.0000 0.0000 4-4rin12.dat
1 16 0.0000 -48.0000 11.1000 19.0000 0.0000 0.0000 0.0000 0.0000 19.0000 0.0000 -5.0000 0.0000 4-4cylo.dat
1 16 0.0000 -48.0000 11.1000 1.0000 0.0000 0.0000 0.0000 0.0000 1.0000 0.0000 -1.0000 0.0000 4-4rin18.dat
1 16 0.0000 -48.0000 6.1000 13.4350 0.0000 -13.4350 13.4350 0.0000 13.4350 0.0000 -1.0000 0.0000 4-4ndis.dat
1 16 -31.0000 -48.0000 12.8000 0.0000 -1.0000 0.0000 7.0000 0.0000 0.0000 0.0000 0.0000 -6.7000 rect3.dat
1 16 0.0000 -77.9527 15.5000 4.0000 0.0000 0.0000 0.0000 -3.5000 0.0000 0.0000 0.0000 4.0000 2-4cyli.dat
1 16 0.0000 -25.0473 12.2142 2.0000 0.0000 0.0000 0.0000 1.0000 0.0000 0.0000 0.0000 6.1142 rect2p.dat
1 16 0.0000 -23.0473 18.3284 0.0000 0.0000 -2.0000 2.0000 0.0000 0.0000 0.0000 -1.0000 0.0000 rect1.dat
1 16 0.0000 -18.0473 12.2142 0.0000 0.0000 2.0000 0.0000 1.0000 0.0000 -6.1142 0.0000 0.0000 rect1.dat
1 16 0.0000 -21.0473 12.2142 0.0000 0.0000 -2.0000 0.0000 -1.0000 0.0000 -6.1142 0.0000 0.0000 rect1.dat
1 16 0.0000 -70.9527 12.2142 -2.0000 0.0000 0.0000 0.0000 -1.0000 0.0000 0.0000 0.0000 6.1142 rect2p.dat
1 16 0.0000 -72.9527 18.3284 0.0000 0.0000 2.0000 -2.0000 0.0000 0.0000 0.0000 -1.0000 0.0000 rect1.dat
1 16 0.0000 -77.9527 12.2142 0.0000 0.0000 -2.0000 0.0000 -1.0000 0.0000 -6.1142 0.0000 0.0000 rect1.dat
1 16 0.0000 -74.9527 12.2142 0.0000 0.0000 2.0000 0.0000 1.0000 0.0000 -6.1142 0.0000 0.0000 rect1.dat
1 16 -31.0000 -48.0000 27.5000 0.0000 -1.0000 0.0000 0.0000 0.0000 -10.0000 8.0000 0.0000 0.0000 rect2p.dat
