0 FILE 5240.dat
0 Technic Rotor Blade Large with 3L Liftarm Thick and Groove
0 Name:  5240.dat
0 Author:  
0 BL_Item_No 5240
0 BFC CERTIFY CCW
3 16 9.000 20.000 10.000 9.000 -20.000 8.926 9.000 -20.000 -8.926
3 16 9.000 -20.000 -8.926 9.000 20.000 -10.000 9.000 20.000 10.000
3 16 9.000 -20.000 -8.926 9.000 -20.000 8.926 9.000 -23.444 8.926
3 16 9.000 -23.444 8.926 9.000 -23.444 -8.926 9.000 -20.000 -8.926
3 16 9.000 -23.444 8.926 9.000 -64.000 5.700 9.000 -64.000 -5.700
3 16 9.000 -64.000 -5.700 9.000 -23.444 -8.926 9.000 -23.444 8.926
3 16 9.000 -64.000 -5.700 9.000 -64.000 5.700 4.129 -69.000 5.300
3 16 4.129 -69.000 5.300 4.129 -69.000 -5.300 9.000 -64.000 -5.700
3 16 -9.000 20.000 10.000 -9.000 20.000 -10.000 -9.000 -20.000 -8.926
3 16 -9.000 -20.000 -8.926 -9.000 -20.000 8.926 -9.000 20.000 10.000
3 16 -9.000 -20.000 -8.926 -9.000 -23.444 -8.926 -9.000 -23.444 8.926
3 16 -9.000 -23.444 8.926 -9.000 -20.000 8.926 -9.000 -20.000 -8.926
3 16 -9.000 -23.444 8.926 -9.000 -23.444 -8.926 -9.000 -64.000 -5.700
3 16 -9.000 -64.000 -5.700 -9.000 -64.000 5.700 -9.000 -23.444 8.926
3 16 -9.000 -64.000 -5.700 -4.129 -69.000 -5.300 -4.129 -69.000 5.300
3 16 -4.129 -69.000 5.300 -9.000 -64.000 5.700 -9.000 -64.000 -5.700
3 16 -4.129 -69.000 -5.300 4.129 -69.000 -5.300 4.129 -69.000 5.300
3 16 4.129 -69.000 5.300 -4.129 -69.000 5.300 -4.129 -69.000 -5.300
3 16 7.194 -65.854 -1.400 7.194 -65.854 1.400 10.000 -90.000 1.400
3 16 10.000 -90.000 1.400 10.000 -90.000 -1.400 7.194 -65.854 -1.400
3 16 -34.723 -90.000 -1.400 -34.723 -90.000 1.400 -9.000 11.029 1.400
3 16 -9.000 11.029 1.400 -9.000 11.029 -1.400 -34.723 -90.000 -1.400
2 24 9.000 -64.000 -5.700 9.000 -64.000 5.700
2 24 4.129 -69.000 -5.300 4.129 -69.000 5.300
2 24 -9.000 -64.000 5.700 -9.000 -64.000 -5.700
2 24 -4.129 -69.000 5.300 -4.129 -69.000 -5.300
2 24 7.194 -65.854 1.400 7.194 -65.854 -1.400
2 24 10.000 -90.000 -1.400 10.000 -90.000 1.400
2 24 -9.000 11.029 1.400 -9.000 11.029 -1.400
1 16 0.0000 20.0000 10.0000 9.0000 0.0000 0.0000 0.0000 0.0000 9.0000 0.0000 -20.0000 0.0000 2-4cylo.dat
1 16 0.0000 0.0000 0.0000 1.0000 0.0000 0.0000 0.0000 0.0000 1.0000 0.0000 1.0000 0.0000 connhole.dat
1 16 0.0000 20.0000 0.0000 1.0000 0.0000 0.0000 0.0000 0.0000 -1.0000 0.0000 1.0000 0.0000 beamhole.dat
1 16 0.0000 -20.0000 0.0000 1.0000 0.0000 0.0000 0.0000 0.0000 1.0000 0.0000 1.0000 0.0000 beamhole.dat
3 16 3.035 -66.408 5.506 4.129 -69.000 5.300 9.000 -64.000 5.700
3 16 9.000 -64.000 5.700 6.400 -62.954 5.783 3.035 -66.408 5.506
3 16 6.400 -62.954 5.783 9.000 -64.000 5.700 9.000 -23.444 8.926
3 16 9.000 -23.444 8.926 6.400 -27.743 8.584 6.400 -62.954 5.783
3 16 5.291 -27.081 8.637 6.035 -27.125 8.633 6.364 -26.364 8.694
3 16 6.035 -27.125 8.633 6.400 -27.743 8.584 9.000 -23.444 8.926
3 16 9.000 -23.444 8.926 6.364 -26.364 8.694 6.035 -27.125 8.633
3 16 9.000 -23.444 8.926 8.315 -23.444 8.926 6.364 -26.364 8.694
3 16 9.000 -20.000 8.926 8.315 -23.444 8.926 9.000 -23.444 8.926
3 16 9.000 20.000 10.000 9.000 -20.000 10.000 9.000 -20.000 8.926
3 16 6.400 -27.743 8.584 6.035 -27.125 8.633 6.035 -27.125 2.000
3 16 6.035 -27.125 2.000 6.400 -27.743 2.000 6.400 -27.743 8.584
3 16 6.035 -27.125 8.633 5.291 -27.081 8.637 5.291 -27.081 2.000
3 16 5.291 -27.081 2.000 6.035 -27.125 2.000 6.035 -27.125 8.633
3 16 3.035 -66.408 5.506 6.400 -62.954 5.783 6.400 -62.954 2.000
3 16 6.400 -62.954 2.000 3.035 -66.408 2.000 3.035 -66.408 5.506
3 16 6.400 -62.954 5.783 6.400 -27.743 8.584 6.400 -27.743 2.000
3 16 6.400 -27.743 2.000 6.400 -62.954 2.000 6.400 -62.954 5.783
3 16 6.400 -62.954 2.000 6.400 -27.743 2.000 5.291 -27.081 2.000
3 16 5.291 -27.081 2.000 3.035 -66.408 2.000 6.400 -62.954 2.000
3 16 6.035 -27.125 2.000 5.291 -27.081 2.000 6.400 -27.743 2.000
3 16 -3.035 -66.408 5.506 -6.400 -62.954 5.783 -9.000 -64.000 5.700
3 16 -9.000 -64.000 5.700 -4.129 -69.000 5.300 -3.035 -66.408 5.506
3 16 -6.400 -62.954 5.783 -6.400 -27.743 8.584 -9.000 -23.444 8.926
3 16 -9.000 -23.444 8.926 -9.000 -64.000 5.700 -6.400 -62.954 5.783
3 16 -6.035 -27.125 8.633 -5.291 -27.081 8.637 -6.364 -26.364 8.694
3 16 -6.035 -27.125 8.633 -6.364 -26.364 8.694 -9.000 -23.444 8.926
3 16 -9.000 -23.444 8.926 -6.400 -27.743 8.584 -6.035 -27.125 8.633
3 16 -8.315 -23.444 8.926 -9.000 -23.444 8.926 -6.364 -26.364 8.694
3 16 -8.315 -23.444 8.926 -9.000 -20.000 8.926 -9.000 -23.444 8.926
3 16 -9.000 -20.000 10.000 -9.000 20.000 10.000 -9.000 -20.000 8.926
3 16 -6.400 -27.743 8.584 -6.400 -27.743 2.000 -6.035 -27.125 2.000
3 16 -6.035 -27.125 2.000 -6.035 -27.125 8.633 -6.400 -27.743 8.584
3 16 -6.035 -27.125 8.633 -6.035 -27.125 2.000 -5.291 -27.081 2.000
3 16 -5.291 -27.081 2.000 -5.291 -27.081 8.637 -6.035 -27.125 8.633
3 16 -3.035 -66.408 5.506 -3.035 -66.408 2.000 -6.400 -62.954 2.000
3 16 -6.400 -62.954 2.000 -6.400 -62.954 5.783 -3.035 -66.408 5.506
3 16 -6.400 -62.954 5.783 -6.400 -62.954 2.000 -6.400 -27.743 2.000
3 16 -6.400 -27.743 2.000 -6.400 -27.743 8.584 -6.400 -62.954 5.783
3 16 -6.400 -62.954 2.000 -3.035 -66.408 2.000 -5.291 -27.081 2.000
3 16 -5.291 -27.081 2.000 -6.400 -27.743 2.000 -6.400 -62.954 2.000
3 16 -5.291 -27.081 2.000 -6.035 -27.125 2.000 -6.400 -27.743 2.000
3 16 5.291 -27.081 2.000 -5.291 -27.081 2.000 -3.035 -66.408 2.000
3 16 -3.035 -66.408 2.000 3.035 -66.408 2.000 5.291 -27.081 2.000
3 16 3.035 -66.408 5.506 3.035 -66.408 2.000 -3.035 -66.408 2.000
3 16 -3.035 -66.408 2.000 -3.035 -66.408 5.506 3.035 -66.408 5.506
3 16 -3.035 -66.408 5.506 -4.129 -69.000 5.300 4.129 -69.000 5.300
3 16 4.129 -69.000 5.300 3.035 -66.408 5.506 -3.035 -66.408 5.506
3 16 8.000 -90.000 3.500 8.700 -90.000 3.300 6.033 -67.046 3.300
3 16 6.033 -67.046 3.300 5.407 -67.688 3.500 8.000 -90.000 3.500
3 16 6.033 -67.046 3.300 8.700 -90.000 3.300 9.500 -90.000 2.700
3 16 9.500 -90.000 2.700 6.748 -66.312 2.700 6.033 -67.046 3.300
3 16 6.748 -66.312 2.700 9.500 -90.000 2.700 10.000 -90.000 1.400
3 16 10.000 -90.000 1.400 7.194 -65.854 1.400 6.748 -66.312 2.700
3 16 5.407 -67.688 3.500 -4.129 -69.000 3.500 -23.679 -90.000 3.500
3 16 -23.679 -90.000 3.500 8.000 -90.000 3.500 5.407 -67.688 3.500
3 16 -9.000 -64.000 3.500 -9.000 -31.781 3.500 -23.679 -90.000 3.500
3 16 -9.000 -64.000 3.500 -23.679 -90.000 3.500 -4.129 -69.000 3.500
3 16 -9.000 -31.781 2.500 -23.679 -90.000 2.500 -23.679 -90.000 3.500
3 16 -23.679 -90.000 3.500 -9.000 -31.781 3.500 -9.000 -31.781 2.500
3 16 -23.679 -90.000 2.500 -9.000 -31.781 2.500 -9.000 11.029 1.400
3 16 -9.000 11.029 1.400 -34.723 -90.000 1.400 -23.679 -90.000 2.500
2 24 9.000 -64.000 5.700 9.000 -23.444 8.926
2 24 4.129 -69.000 5.300 9.000 -64.000 5.700
2 24 8.315 -23.444 8.926 9.000 -20.000 8.926
2 24 9.000 -23.444 8.926 9.000 -20.000 8.926
2 24 6.400 -62.954 5.783 6.400 -27.743 8.584
2 24 6.400 -27.743 8.584 6.035 -27.125 8.633
2 24 6.035 -27.125 8.633 5.291 -27.081 8.637
2 24 6.364 -26.364 8.694 5.291 -27.081 8.637
2 24 6.364 -26.364 8.694 8.315 -23.444 8.926
2 24 3.035 -66.408 5.506 6.400 -62.954 5.783
2 24 9.000 -20.000 10.000 9.000 20.000 10.000
2 24 6.400 -62.954 2.000 6.400 -27.743 2.000
2 24 6.400 -27.743 2.000 6.035 -27.125 2.000
2 24 6.035 -27.125 2.000 5.291 -27.081 2.000
2 24 3.035 -66.408 2.000 6.400 -62.954 2.000
2 24 3.035 -66.408 2.000 3.035 -66.408 5.506
2 24 6.400 -62.954 2.000 6.400 -62.954 5.783
2 24 -9.000 -23.444 8.926 -9.000 -64.000 5.700
2 24 -9.000 -64.000 5.700 -4.129 -69.000 5.300
2 24 -9.000 -20.000 8.926 -8.315 -23.444 8.926
2 24 -9.000 -20.000 8.926 -9.000 -23.444 8.926
2 24 -6.400 -27.743 8.584 -6.400 -62.954 5.783
2 24 -6.035 -27.125 8.633 -6.400 -27.743 8.584
2 24 -5.291 -27.081 8.637 -6.035 -27.125 8.633
2 24 -5.291 -27.081 8.637 -6.364 -26.364 8.694
2 24 -8.315 -23.444 8.926 -6.364 -26.364 8.694
2 24 -6.400 -62.954 5.783 -3.035 -66.408 5.506
2 24 -9.000 20.000 10.000 -9.000 -20.000 10.000
2 24 -6.400 -27.743 2.000 -6.400 -62.954 2.000
2 24 -6.035 -27.125 2.000 -6.400 -27.743 2.000
2 24 -5.291 -27.081 2.000 -6.035 -27.125 2.000
2 24 -6.400 -62.954 2.000 -3.035 -66.408 2.000
2 24 -3.035 -66.408 5.506 -3.035 -66.408 2.000
2 24 -6.400 -62.954 5.783 -6.400 -62.954 2.000
2 24 -3.035 -66.408 2.000 3.035 -66.408 2.000
2 24 -4.129 -69.000 5.300 4.129 -69.000 5.300
2 24 -3.035 -66.408 5.506 3.035 -66.408 5.506
2 24 5.407 -67.688 3.500 6.033 -67.046 3.300
2 24 6.033 -67.046 3.300 6.748 -66.312 2.700
2 24 6.748 -66.312 2.700 7.194 -65.854 1.400
2 24 8.000 -90.000 3.500 8.700 -90.000 3.300
2 24 8.700 -90.000 3.300 9.500 -90.000 2.700
2 24 9.500 -90.000 2.700 10.000 -90.000 1.400
2 24 -4.129 -69.000 3.500 -9.000 -64.000 3.500
2 24 -9.000 -31.781 3.500 -9.000 -64.000 3.500
2 24 -9.000 -31.781 3.500 -23.679 -90.000 3.500
2 24 -23.679 -90.000 2.500 -9.000 -31.781 2.500
2 24 -9.000 -31.781 2.500 -9.000 -31.781 3.500
2 24 -9.000 11.029 1.400 -9.000 -31.781 2.500
2 24 -9.000 11.029 1.400 -34.723 -90.000 1.400
2 24 4.129 -69.000 3.500 -4.129 -69.000 3.500
2 24 4.129 -69.000 3.500 5.407 -67.688 3.500
1 16 0.0000 -20.0000 10.0000 9.0000 0.0000 0.0000 0.0000 0.0000 -9.0000 0.0000 -1.0740 0.0000 1-16cylo.dat
1 16 0.0000 -20.0000 10.0000 -9.0000 0.0000 0.0000 0.0000 0.0000 -9.0000 0.0000 -1.0740 0.0000 1-16cylo.dat
1 16 0.0000 -20.0000 2.0000 0.0000 0.0000 9.0000 -9.0000 0.0000 0.0000 0.0000 1.0000 0.0000 1-8edge.dat
1 16 0.0000 -20.0000 2.0000 0.0000 0.0000 -9.0000 -9.0000 0.0000 0.0000 0.0000 1.0000 0.0000 1-8edge.dat
3 16 9.000 -64.000 -5.700 4.129 -69.000 -5.300 3.035 -66.408 -5.506
3 16 3.035 -66.408 -5.506 6.400 -62.954 -5.783 9.000 -64.000 -5.700
3 16 9.000 -23.444 -8.926 9.000 -64.000 -5.700 6.400 -62.954 -5.783
3 16 6.400 -62.954 -5.783 6.400 -27.743 -8.584 9.000 -23.444 -8.926
3 16 6.364 -26.364 -8.694 6.035 -27.125 -8.633 5.291 -27.081 -8.637
3 16 9.000 -23.444 -8.926 6.400 -27.743 -8.584 6.035 -27.125 -8.633
3 16 6.035 -27.125 -8.633 6.364 -26.364 -8.694 9.000 -23.444 -8.926
3 16 6.364 -26.364 -8.694 8.315 -23.444 -8.926 9.000 -23.444 -8.926
3 16 9.000 -23.444 -8.926 8.315 -23.444 -8.926 9.000 -20.000 -8.926
3 16 9.000 -20.000 -8.926 9.000 -20.000 -10.000 9.000 20.000 -10.000
3 16 6.035 -27.125 -2.000 6.035 -27.125 -8.633 6.400 -27.743 -8.584
3 16 6.400 -27.743 -8.584 6.400 -27.743 -2.000 6.035 -27.125 -2.000
3 16 5.291 -27.081 -2.000 5.291 -27.081 -8.637 6.035 -27.125 -8.633
3 16 6.035 -27.125 -8.633 6.035 -27.125 -2.000 5.291 -27.081 -2.000
3 16 6.400 -62.954 -2.000 6.400 -62.954 -5.783 3.035 -66.408 -5.506
3 16 3.035 -66.408 -5.506 3.035 -66.408 -2.000 6.400 -62.954 -2.000
3 16 6.400 -27.743 -2.000 6.400 -27.743 -8.584 6.400 -62.954 -5.783
3 16 6.400 -62.954 -5.783 6.400 -62.954 -2.000 6.400 -27.743 -2.000
3 16 5.291 -27.081 -2.000 6.400 -27.743 -2.000 6.400 -62.954 -2.000
3 16 6.400 -62.954 -2.000 3.035 -66.408 -2.000 5.291 -27.081 -2.000
3 16 6.400 -27.743 -2.000 5.291 -27.081 -2.000 6.035 -27.125 -2.000
3 16 -9.000 -64.000 -5.700 -6.400 -62.954 -5.783 -3.035 -66.408 -5.506
3 16 -3.035 -66.408 -5.506 -4.129 -69.000 -5.300 -9.000 -64.000 -5.700
3 16 -9.000 -23.444 -8.926 -6.400 -27.743 -8.584 -6.400 -62.954 -5.783
3 16 -6.400 -62.954 -5.783 -9.000 -64.000 -5.700 -9.000 -23.444 -8.926
3 16 -6.364 -26.364 -8.694 -5.291 -27.081 -8.637 -6.035 -27.125 -8.633
3 16 -9.000 -23.444 -8.926 -6.364 -26.364 -8.694 -6.035 -27.125 -8.633
3 16 -6.035 -27.125 -8.633 -6.400 -27.743 -8.584 -9.000 -23.444 -8.926
3 16 -6.364 -26.364 -8.694 -9.000 -23.444 -8.926 -8.315 -23.444 -8.926
3 16 -9.000 -23.444 -8.926 -9.000 -20.000 -8.926 -8.315 -23.444 -8.926
3 16 -9.000 -20.000 -8.926 -9.000 20.000 -10.000 -9.000 -20.000 -10.000
3 16 -6.035 -27.125 -2.000 -6.400 -27.743 -2.000 -6.400 -27.743 -8.584
3 16 -6.400 -27.743 -8.584 -6.035 -27.125 -8.633 -6.035 -27.125 -2.000
3 16 -5.291 -27.081 -2.000 -6.035 -27.125 -2.000 -6.035 -27.125 -8.633
3 16 -6.035 -27.125 -8.633 -5.291 -27.081 -8.637 -5.291 -27.081 -2.000
3 16 -6.400 -62.954 -2.000 -3.035 -66.408 -2.000 -3.035 -66.408 -5.506
3 16 -3.035 -66.408 -5.506 -6.400 -62.954 -5.783 -6.400 -62.954 -2.000
3 16 -6.400 -27.743 -2.000 -6.400 -62.954 -2.000 -6.400 -62.954 -5.783
3 16 -6.400 -62.954 -5.783 -6.400 -27.743 -8.584 -6.400 -27.743 -2.000
3 16 -5.291 -27.081 -2.000 -3.035 -66.408 -2.000 -6.400 -62.954 -2.000
3 16 -6.400 -62.954 -2.000 -6.400 -27.743 -2.000 -5.291 -27.081 -2.000
3 16 -6.400 -27.743 -2.000 -6.035 -27.125 -2.000 -5.291 -27.081 -2.000
3 16 -3.035 -66.408 -2.000 -5.291 -27.081 -2.000 5.291 -27.081 -2.000
3 16 5.291 -27.081 -2.000 3.035 -66.408 -2.000 -3.035 -66.408 -2.000
3 16 -3.035 -66.408 -2.000 3.035 -66.408 -2.000 3.035 -66.408 -5.506
3 16 3.035 -66.408 -5.506 -3.035 -66.408 -5.506 -3.035 -66.408 -2.000
3 16 4.129 -69.000 -5.300 -4.129 -69.000 -5.300 -3.035 -66.408 -5.506
3 16 -3.035 -66.408 -5.506 3.035 -66.408 -5.506 4.129 -69.000 -5.300
3 16 6.033 -67.046 -3.300 8.700 -90.000 -3.300 8.000 -90.000 -3.500
3 16 8.000 -90.000 -3.500 5.407 -67.688 -3.500 6.033 -67.046 -3.300
3 16 9.500 -90.000 -2.700 8.700 -90.000 -3.300 6.033 -67.046 -3.300
3 16 6.033 -67.046 -3.300 6.748 -66.312 -2.700 9.500 -90.000 -2.700
3 16 10.000 -90.000 -1.400 9.500 -90.000 -2.700 6.748 -66.312 -2.700
3 16 6.748 -66.312 -2.700 7.194 -65.854 -1.400 10.000 -90.000 -1.400
3 16 -23.679 -90.000 -3.500 -4.129 -69.000 -3.500 5.407 -67.688 -3.500
3 16 5.407 -67.688 -3.500 8.000 -90.000 -3.500 -23.679 -90.000 -3.500
3 16 -23.679 -90.000 -3.500 -9.000 -31.781 -3.500 -9.000 -64.000 -3.500
3 16 -4.129 -69.000 -3.500 -23.679 -90.000 -3.500 -9.000 -64.000 -3.500
3 16 -23.679 -90.000 -3.500 -23.679 -90.000 -2.500 -9.000 -31.781 -2.500
3 16 -9.000 -31.781 -2.500 -9.000 -31.781 -3.500 -23.679 -90.000 -3.500
3 16 -9.000 11.029 -1.400 -9.000 -31.781 -2.500 -23.679 -90.000 -2.500
3 16 -23.679 -90.000 -2.500 -34.723 -90.000 -1.400 -9.000 11.029 -1.400
2 24 9.000 -64.000 -5.700 9.000 -23.444 -8.926
2 24 4.129 -69.000 -5.300 9.000 -64.000 -5.700
2 24 8.315 -23.444 -8.926 9.000 -20.000 -8.926
2 24 9.000 -23.444 -8.926 9.000 -20.000 -8.926
2 24 6.400 -62.954 -5.783 6.400 -27.743 -8.584
2 24 6.400 -27.743 -8.584 6.035 -27.125 -8.633
2 24 6.035 -27.125 -8.633 5.291 -27.081 -8.637
2 24 6.364 -26.364 -8.694 5.291 -27.081 -8.637
2 24 6.364 -26.364 -8.694 8.315 -23.444 -8.926
2 24 3.035 -66.408 -5.506 6.400 -62.954 -5.783
2 24 9.000 -20.000 -10.000 9.000 20.000 -10.000
2 24 6.400 -62.954 -2.000 6.400 -27.743 -2.000
2 24 6.400 -27.743 -2.000 6.035 -27.125 -2.000
2 24 6.035 -27.125 -2.000 5.291 -27.081 -2.000
2 24 3.035 -66.408 -2.000 6.400 -62.954 -2.000
2 24 3.035 -66.408 -2.000 3.035 -66.408 -5.506
2 24 6.400 -62.954 -2.000 6.400 -62.954 -5.783
2 24 -9.000 -23.444 -8.926 -9.000 -64.000 -5.700
2 24 -9.000 -64.000 -5.700 -4.129 -69.000 -5.300
2 24 -9.000 -20.000 -8.926 -8.315 -23.444 -8.926
2 24 -9.000 -20.000 -8.926 -9.000 -23.444 -8.926
2 24 -6.400 -27.743 -8.584 -6.400 -62.954 -5.783
2 24 -6.035 -27.125 -8.633 -6.400 -27.743 -8.584
2 24 -5.291 -27.081 -8.637 -6.035 -27.125 -8.633
2 24 -5.291 -27.081 -8.637 -6.364 -26.364 -8.694
2 24 -8.315 -23.444 -8.926 -6.364 -26.364 -8.694
2 24 -6.400 -62.954 -5.783 -3.035 -66.408 -5.506
2 24 -9.000 20.000 -10.000 -9.000 -20.000 -10.000
2 24 -6.400 -27.743 -2.000 -6.400 -62.954 -2.000
2 24 -6.035 -27.125 -2.000 -6.400 -27.743 -2.000
2 24 -5.291 -27.081 -2.000 -6.035 -27.125 -2.000
2 24 -6.400 -62.954 -2.000 -3.035 -66.408 -2.000
2 24 -3.035 -66.408 -5.506 -3.035 -66.408 -2.000
2 24 -6.400 -62.954 -5.783 -6.400 -62.954 -2.000
2 24 -3.035 -66.408 -2.000 3.035 -66.408 -2.000
2 24 -4.129 -69.000 -5.300 4.129 -69.000 -5.300
2 24 -3.035 -66.408 -5.506 3.035 -66.408 -5.506
2 24 5.407 -67.688 -3.500 6.033 -67.046 -3.300
2 24 6.033 -67.046 -3.300 6.748 -66.312 -2.700
2 24 6.748 -66.312 -2.700 7.194 -65.854 -1.400
2 24 8.000 -90.000 -3.500 8.700 -90.000 -3.300
2 24 8.700 -90.000 -3.300 9.500 -90.000 -2.700
2 24 9.500 -90.000 -2.700 10.000 -90.000 -1.400
2 24 -4.129 -69.000 -3.500 -9.000 -64.000 -3.500
2 24 -9.000 -31.781 -3.500 -9.000 -64.000 -3.500
2 24 -9.000 -31.781 -3.500 -23.679 -90.000 -3.500
2 24 -23.679 -90.000 -2.500 -9.000 -31.781 -2.500
2 24 -9.000 -31.781 -2.500 -9.000 -31.781 -3.500
2 24 -9.000 11.029 -1.400 -9.000 -31.781 -2.500
2 24 -9.000 11.029 -1.400 -34.723 -90.000 -1.400
2 24 4.129 -69.000 -3.500 -4.129 -69.000 -3.500
2 24 4.129 -69.000 -3.500 5.407 -67.688 -3.500
1 16 0.0000 -20.0000 -10.0000 9.0000 0.0000 0.0000 0.0000 0.0000 -9.0000 0.0000 1.0740 0.0000 1-16cylo.dat
1 16 0.0000 -20.0000 -10.0000 -9.0000 0.0000 0.0000 0.0000 0.0000 -9.0000 0.0000 1.0740 0.0000 1-16cylo.dat
1 16 0.0000 -20.0000 -2.0000 0.0000 0.0000 9.0000 -9.0000 0.0000 0.0000 0.0000 -1.0000 0.0000 1-8edge.dat
1 16 0.0000 -20.0000 -2.0000 0.0000 0.0000 -9.0000 -9.0000 0.0000 0.0000 0.0000 -1.0000 0.0000 1-8edge.dat
1 16 0.0000 -20.0000 -10.0000 0.0000 0.0000 9.0000 -9.0000 0.0000 0.0000 0.0000 20.0000 0.0000 3-16cylo.dat
1 16 0.0000 -20.0000 -10.0000 0.0000 0.0000 -9.0000 -9.0000 0.0000 0.0000 0.0000 20.0000 0.0000 3-16cylo.dat
3 16 10.000 -90.000 1.400 9.500 -90.000 2.700 9.500 -230.000 2.700
3 16 9.500 -230.000 2.700 10.000 -230.000 1.400 10.000 -90.000 1.400
3 16 10.000 -90.000 -1.400 10.000 -90.000 1.400 10.000 -230.000 1.400
3 16 10.000 -230.000 1.400 10.000 -230.000 -1.400 10.000 -90.000 -1.400
3 16 8.700 -90.000 3.300 8.000 -90.000 3.500 8.000 -230.000 3.500
3 16 8.000 -230.000 3.500 8.700 -230.000 3.300 8.700 -90.000 3.300
3 16 9.500 -90.000 2.700 8.700 -90.000 3.300 8.700 -230.000 3.300
3 16 8.700 -230.000 3.300 9.500 -230.000 2.700 9.500 -90.000 2.700
3 16 -50.000 -150.000 1.400 -39.250 -151.730 2.500 -23.679 -90.000 2.500
3 16 -23.679 -90.000 2.500 -34.723 -90.000 1.400 -50.000 -150.000 1.400
3 16 -39.250 -230.000 2.500 -39.250 -151.730 2.500 -50.000 -150.000 1.400
3 16 -50.000 -150.000 1.400 -50.000 -230.000 1.400 -39.250 -230.000 2.500
3 16 10.000 -90.000 -1.400 10.000 -230.000 -1.400 9.500 -230.000 -2.700
3 16 9.500 -230.000 -2.700 9.500 -90.000 -2.700 10.000 -90.000 -1.400
3 16 8.700 -90.000 -3.300 8.700 -230.000 -3.300 8.000 -230.000 -3.500
3 16 8.000 -230.000 -3.500 8.000 -90.000 -3.500 8.700 -90.000 -3.300
3 16 9.500 -90.000 -2.700 9.500 -230.000 -2.700 8.700 -230.000 -3.300
3 16 8.700 -230.000 -3.300 8.700 -90.000 -3.300 9.500 -90.000 -2.700
3 16 -50.000 -150.000 -1.400 -34.723 -90.000 -1.400 -23.679 -90.000 -2.500
3 16 -23.679 -90.000 -2.500 -39.250 -151.727 -2.500 -50.000 -150.000 -1.400
3 16 -39.250 -230.000 -2.500 -50.000 -230.000 -1.400 -50.000 -150.000 -1.400
3 16 -50.000 -150.000 -1.400 -39.250 -151.727 -2.500 -39.250 -230.000 -2.500
3 16 8.000 -90.000 3.500 -23.679 -90.000 3.500 -39.250 -230.000 3.500
3 16 -39.250 -230.000 3.500 8.000 -230.000 3.500 8.000 -90.000 3.500
3 16 -23.679 -90.000 3.500 -39.250 -151.730 3.500 -39.250 -230.000 3.500
3 16 8.000 -90.000 -3.500 8.000 -230.000 -3.500 -39.250 -230.000 -3.500
3 16 -39.250 -230.000 -3.500 -23.679 -90.000 -3.500 8.000 -90.000 -3.500
3 16 -39.250 -151.730 -3.500 -23.679 -90.000 -3.500 -39.250 -230.000 -3.500
1 16 -31.4646 -120.8650 3.0000 0.0000 0.0000 -7.7900 0.0000 -1.0000 -30.8600 -0.5000 0.0000 0.0000 rect3.dat
1 16 -39.2500 -190.8650 3.0000 0.0000 1.0000 0.0000 -39.1350 0.0000 0.0000 0.0000 0.0000 0.5000 rect2p.dat
1 16 -31.4646 -120.8635 -3.0000 -7.7853 -0.0045 0.0000 -30.8632 -0.9992 0.0000 0.0000 0.0000 0.5000 rect2p.dat
1 16 -39.2500 -190.8635 -3.0000 0.0000 1.0000 0.0000 0.0000 0.0000 39.1365 0.5000 0.0000 0.0000 rect3.dat
1 16 -50.0000 -190.0000 0.0000 0.0000 1.0000 0.0000 -40.0000 0.0000 0.0000 0.0000 0.0000 1.4000 rect2p.dat
1 16 -42.3616 -120.0000 0.0000 0.0000 0.0000 -7.6400 0.0000 -1.0000 -30.0000 -1.4000 0.0000 0.0000 rect3.dat
3 16 10.000 -230.000 1.400 9.500 -230.000 2.700 9.500 -370.000 2.700
3 16 9.500 -370.000 2.700 10.000 -370.000 1.400 10.000 -230.000 1.400
3 16 10.000 -230.000 -1.400 10.000 -230.000 1.400 10.000 -370.000 1.400
3 16 10.000 -370.000 1.400 10.000 -370.000 -1.400 10.000 -230.000 -1.400
3 16 8.700 -230.000 3.300 8.000 -230.000 3.500 8.000 -370.000 3.500
3 16 8.000 -370.000 3.500 8.700 -370.000 3.300 8.700 -230.000 3.300
3 16 9.500 -230.000 2.700 8.700 -230.000 3.300 8.700 -370.000 3.300
3 16 8.700 -370.000 3.300 9.500 -370.000 2.700 9.500 -230.000 2.700
3 16 8.000 -230.000 3.500 -39.250 -230.000 3.500 -25.883 -370.000 3.500
3 16 -25.883 -370.000 3.500 8.000 -370.000 3.500 8.000 -230.000 3.500
3 16 -39.250 -290.000 3.500 -25.883 -370.000 3.500 -39.250 -230.000 3.500
3 16 -38.335 -297.067 2.594 -39.250 -290.000 2.500 -38.740 -296.924 2.552
3 16 -38.740 -296.924 2.552 -39.250 -290.000 2.500 -39.135 -297.171 2.512
3 16 -38.740 -296.924 2.552 -38.740 -296.924 1.250 -38.335 -297.067 1.250
3 16 -38.335 -297.067 1.250 -38.335 -297.067 2.594 -38.740 -296.924 2.552
3 16 -38.010 -297.424 2.627 -38.335 -297.067 2.594 -38.335 -297.067 1.250
3 16 -38.335 -297.067 1.250 -38.010 -297.424 1.250 -38.010 -297.424 2.627
3 16 -39.250 -297.687 2.500 -39.250 -370.000 2.500 -39.250 -370.000 1.250
3 16 -39.250 -370.000 1.250 -39.250 -297.687 1.250 -39.250 -297.687 2.500
3 16 -39.135 -297.171 2.512 -39.250 -297.687 2.500 -39.250 -297.687 1.250
3 16 -39.250 -297.687 1.250 -39.135 -297.171 1.250 -39.135 -297.171 2.512
3 16 -38.740 -296.924 2.552 -39.135 -297.171 2.512 -39.135 -297.171 1.250
3 16 -39.135 -297.171 1.250 -38.740 -296.924 1.250 -38.740 -296.924 2.552
3 16 -33.250 -370.000 2.500 -25.883 -370.000 2.500 -33.250 -325.910 2.500
3 16 -33.250 -370.000 1.250 -33.250 -370.000 2.500 -33.250 -325.910 2.500
3 16 -33.250 -325.910 2.500 -33.250 -325.910 1.250 -33.250 -370.000 1.250
3 16 -33.250 -370.000 1.250 -33.250 -325.910 1.250 -39.250 -297.692 1.250
3 16 -39.250 -297.692 1.250 -39.250 -370.000 1.250 -33.250 -370.000 1.250
3 16 -39.250 -290.000 2.500 -38.335 -297.067 2.594 -38.010 -297.424 2.627
3 16 -38.011 -297.441 1.250 -39.250 -297.692 1.250 -33.250 -325.910 1.250
3 16 -38.235 -297.067 1.250 -38.740 -296.924 1.250 -39.135 -297.171 1.250
3 16 -38.011 -297.441 1.250 -38.235 -297.067 1.250 -39.135 -297.171 1.250
3 16 -39.135 -297.171 1.250 -39.250 -297.692 1.250 -38.011 -297.441 1.250
3 16 -39.250 -370.000 2.500 -39.250 -297.687 2.500 -50.000 -230.000 1.400
3 16 -50.000 -230.000 1.400 -50.000 -370.000 1.400 -39.250 -370.000 2.500
3 16 -39.135 -297.171 2.512 -39.250 -290.000 2.500 -50.000 -230.000 1.400
3 16 -50.000 -230.000 1.400 -39.250 -297.687 2.500 -39.135 -297.171 2.512
3 16 -50.000 -230.000 1.400 -39.250 -290.000 2.500 -39.250 -230.000 2.500
3 16 -38.011 -297.441 1.250 -33.250 -325.910 1.250 -33.250 -325.910 2.500
3 16 -33.250 -325.910 2.500 -38.010 -297.424 2.627 -38.011 -297.441 1.250
3 16 -38.010 -297.424 2.627 -33.250 -325.910 2.500 -25.883 -370.000 3.500
3 16 -25.883 -370.000 3.500 -39.250 -290.000 3.500 -38.010 -297.424 2.627
3 16 -25.883 -370.000 2.500 -25.883 -370.000 3.500 -33.250 -325.910 2.500
3 16 -39.250 -290.000 3.500 -39.250 -290.000 2.500 -38.010 -297.424 2.627
3 16 10.000 -230.000 -1.400 10.000 -370.000 -1.400 9.500 -370.000 -2.700
3 16 9.500 -370.000 -2.700 9.500 -230.000 -2.700 10.000 -230.000 -1.400
3 16 8.700 -230.000 -3.300 8.700 -370.000 -3.300 8.000 -370.000 -3.500
3 16 8.000 -370.000 -3.500 8.000 -230.000 -3.500 8.700 -230.000 -3.300
3 16 9.500 -230.000 -2.700 9.500 -370.000 -2.700 8.700 -370.000 -3.300
3 16 8.700 -370.000 -3.300 8.700 -230.000 -3.300 9.500 -230.000 -2.700
3 16 8.000 -230.000 -3.500 8.000 -370.000 -3.500 -25.883 -370.000 -3.500
3 16 -25.883 -370.000 -3.500 -39.250 -230.000 -3.500 8.000 -230.000 -3.500
3 16 -25.883 -370.000 -3.500 -39.250 -290.000 -3.500 -39.250 -230.000 -3.500
3 16 -39.250 -290.000 -2.500 -38.335 -297.067 -2.594 -38.740 -296.924 -2.552
3 16 -39.250 -290.000 -2.500 -38.740 -296.924 -2.552 -39.135 -297.171 -2.512
3 16 -38.740 -296.924 -2.552 -38.335 -297.067 -2.594 -38.335 -297.067 -1.250
3 16 -38.335 -297.067 -1.250 -38.740 -296.924 -1.250 -38.740 -296.924 -2.552
3 16 -38.010 -297.424 -2.627 -38.010 -297.424 -1.250 -38.335 -297.067 -1.250
3 16 -38.335 -297.067 -1.250 -38.335 -297.067 -2.594 -38.010 -297.424 -2.627
3 16 -39.250 -297.687 -2.500 -39.250 -297.687 -1.250 -39.250 -370.000 -1.250
3 16 -39.250 -370.000 -1.250 -39.250 -370.000 -2.500 -39.250 -297.687 -2.500
3 16 -39.135 -297.171 -2.512 -39.135 -297.171 -1.250 -39.250 -297.687 -1.250
3 16 -39.250 -297.687 -1.250 -39.250 -297.687 -2.500 -39.135 -297.171 -2.512
3 16 -38.740 -296.924 -2.552 -38.740 -296.924 -1.250 -39.135 -297.171 -1.250
3 16 -39.135 -297.171 -1.250 -39.135 -297.171 -2.512 -38.740 -296.924 -2.552
3 16 -25.883 -370.000 -2.500 -33.250 -370.000 -2.500 -33.250 -325.910 -2.500
3 16 -33.250 -370.000 -1.250 -33.250 -325.910 -1.250 -33.250 -325.910 -2.500
3 16 -33.250 -325.910 -2.500 -33.250 -370.000 -2.500 -33.250 -370.000 -1.250
3 16 -33.250 -370.000 -1.250 -39.250 -370.000 -1.250 -39.250 -297.692 -1.250
3 16 -39.250 -297.692 -1.250 -33.250 -325.910 -1.250 -33.250 -370.000 -1.250
3 16 -38.335 -297.067 -2.594 -39.250 -290.000 -2.500 -38.010 -297.424 -2.627
3 16 -38.011 -297.441 -1.250 -33.250 -325.910 -1.250 -39.250 -297.692 -1.250
3 16 -39.250 -297.692 -1.250 -39.135 -297.171 -1.250 -38.011 -297.441 -1.250
3 16 -39.135 -297.171 -1.250 -38.740 -296.924 -1.250 -38.235 -297.067 -1.250
3 16 -38.235 -297.067 -1.250 -38.011 -297.441 -1.250 -39.135 -297.171 -1.250
3 16 -39.250 -370.000 -2.500 -50.000 -370.000 -1.400 -50.000 -230.000 -1.400
3 16 -50.000 -230.000 -1.400 -39.250 -297.687 -2.500 -39.250 -370.000 -2.500
3 16 -39.135 -297.171 -2.512 -39.250 -297.687 -2.500 -50.000 -230.000 -1.400
3 16 -50.000 -230.000 -1.400 -39.250 -290.000 -2.500 -39.135 -297.171 -2.512
3 16 -39.250 -290.000 -2.500 -50.000 -230.000 -1.400 -39.250 -230.000 -2.500
3 16 -38.011 -297.441 -1.250 -38.010 -297.424 -2.627 -33.250 -325.910 -2.500
3 16 -33.250 -325.910 -2.500 -33.250 -325.910 -1.250 -38.011 -297.441 -1.250
3 16 -38.010 -297.424 -2.627 -39.250 -290.000 -3.500 -25.883 -370.000 -3.500
3 16 -25.883 -370.000 -3.500 -33.250 -325.910 -2.500 -38.010 -297.424 -2.627
3 16 -25.883 -370.000 -3.500 -25.883 -370.000 -2.500 -33.250 -325.910 -2.500
3 16 -39.250 -290.000 -2.500 -39.250 -290.000 -3.500 -38.010 -297.424 -2.627
2 24 -39.250 -290.000 3.500 -25.883 -370.000 3.500
2 24 -39.250 -290.000 2.500 -38.010 -297.424 2.627
2 24 -39.250 -297.687 2.500 -39.250 -370.000 2.500
2 24 -33.250 -325.910 1.250 -33.250 -325.910 2.500
2 24 -25.883 -370.000 2.500 -33.250 -325.910 2.500
2 24 -33.250 -325.910 2.500 -33.250 -370.000 2.500
2 24 -33.250 -325.910 1.250 -33.250 -370.000 1.250
2 24 -39.250 -370.000 1.250 -39.250 -297.692 1.250
2 24 -38.011 -297.441 1.250 -33.250 -325.910 1.250
2 24 -38.335 -297.067 2.594 -38.010 -297.424 2.627
2 24 -38.740 -296.924 2.552 -38.335 -297.067 2.594
2 24 -39.135 -297.171 2.512 -38.740 -296.924 2.552
2 24 -39.250 -297.687 2.500 -39.135 -297.171 2.512
2 24 -39.135 -297.171 1.250 -38.740 -296.924 1.250
2 24 -39.250 -297.692 1.250 -39.135 -297.171 1.250
2 24 -38.235 -297.067 1.250 -38.011 -297.441 1.250
2 24 -38.740 -296.924 1.250 -38.235 -297.067 1.250
2 24 -25.883 -370.000 -3.500 -39.250 -290.000 -3.500
2 24 -38.010 -297.424 -2.627 -39.250 -290.000 -2.500
2 24 -39.250 -370.000 -2.500 -39.250 -297.687 -2.500
2 24 -33.250 -325.910 -2.500 -33.250 -325.910 -1.250
2 24 -33.250 -325.910 -2.500 -25.883 -370.000 -2.500
2 24 -33.250 -370.000 -2.500 -33.250 -325.910 -2.500
2 24 -33.250 -370.000 -1.250 -33.250 -325.910 -1.250
2 24 -39.250 -297.692 -1.250 -39.250 -370.000 -1.250
2 24 -33.250 -325.910 -1.250 -38.011 -297.441 -1.250
2 24 -38.010 -297.424 -2.627 -38.335 -297.067 -2.594
2 24 -38.335 -297.067 -2.594 -38.740 -296.924 -2.552
2 24 -38.740 -296.924 -2.552 -39.135 -297.171 -2.512
2 24 -39.135 -297.171 -2.512 -39.250 -297.687 -2.500
2 24 -38.740 -296.924 -1.250 -39.135 -297.171 -1.250
2 24 -39.135 -297.171 -1.250 -39.250 -297.692 -1.250
2 24 -38.011 -297.441 -1.250 -38.235 -297.067 -1.250
2 24 -38.235 -297.067 -1.250 -38.740 -296.924 -1.250
1 16 -39.2500 -260.0000 3.0000 0.0000 1.0000 0.0000 0.0000 0.0000 -30.0000 -0.5000 0.0000 0.0000 rect3.dat
1 16 -39.2500 -260.0000 -3.0000 0.0000 1.0000 0.0000 0.0000 0.0000 -30.0000 -0.5000 0.0000 0.0000 rect3.dat
1 16 -50.0000 -300.0000 0.0000 0.0000 1.0000 0.0000 70.0000 0.0000 0.0000 0.0000 0.0000 -1.4000 rect2p.dat
3 16 8.000 -370.000 3.500 8.000 -450.000 3.500 8.700 -450.000 3.300
3 16 8.700 -450.000 3.300 8.700 -370.000 3.300 8.000 -370.000 3.500
3 16 9.500 -370.000 2.700 9.500 -450.000 2.700 10.000 -450.000 1.400
3 16 10.000 -450.000 1.400 10.000 -370.000 1.400 9.500 -370.000 2.700
3 16 8.700 -370.000 3.300 8.700 -450.000 3.300 9.500 -450.000 2.700
3 16 9.500 -450.000 2.700 9.500 -370.000 2.700 8.700 -370.000 3.300
3 16 10.000 -370.000 1.400 10.000 -450.000 1.400 10.000 -450.000 0.000
3 16 10.000 -450.000 0.000 10.000 -370.000 0.000 10.000 -370.000 1.400
3 16 0.771 -450.000 3.500 8.000 -450.000 3.500 8.000 -370.000 3.500
3 16 8.000 -370.000 3.500 -25.883 -370.000 3.500 0.771 -450.000 3.500
3 16 -1.039 -448.852 3.500 0.771 -450.000 3.500 -25.883 -370.000 3.500
3 16 -25.883 -370.000 3.500 -19.200 -410.000 3.500 -1.039 -448.852 3.500
3 16 10.000 -450.000 1.400 9.500 -450.000 2.700 8.000 -450.000 2.500
3 16 8.000 -450.000 2.500 10.000 -450.000 0.000 10.000 -450.000 1.400
3 16 9.500 -450.000 2.700 8.700 -450.000 3.300 8.000 -450.000 3.500
3 16 8.000 -450.000 3.500 8.000 -450.000 2.500 9.500 -450.000 2.700
3 16 8.000 -450.000 3.500 0.771 -450.000 3.500 0.771 -450.000 2.500
3 16 0.771 -450.000 2.500 8.000 -450.000 2.500 8.000 -450.000 3.500
3 16 9.600 -450.000 1.400 9.600 -510.000 1.400 10.000 -510.000 0.000
3 16 10.000 -510.000 0.000 10.000 -450.000 0.000 9.600 -450.000 1.400
3 16 8.900 -450.000 2.100 8.000 -450.000 2.500 8.000 -510.000 2.500
3 16 8.000 -510.000 2.500 8.900 -510.000 2.100 8.900 -450.000 2.100
3 16 9.600 -450.000 1.400 8.900 -450.000 2.100 8.900 -510.000 2.100
3 16 8.900 -510.000 2.100 9.600 -510.000 1.400 9.600 -450.000 1.400
3 16 -39.250 -510.000 1.250 -33.250 -510.000 1.250 -33.250 -370.000 1.250
3 16 -33.250 -370.000 1.250 -39.250 -370.000 1.250 -39.250 -510.000 1.250
3 16 8.000 -510.000 2.500 8.000 -450.000 2.500 -25.883 -370.000 2.500
3 16 -25.883 -370.000 2.500 -33.250 -510.000 2.500 8.000 -510.000 2.500
3 16 -0.723 -449.334 2.500 -0.723 -449.334 3.500 -1.039 -448.852 3.500
3 16 -1.039 -448.852 3.500 -1.039 -448.852 2.500 -0.723 -449.334 2.500
3 16 0.197 -449.911 2.500 0.771 -450.000 2.500 0.771 -450.000 3.500
3 16 0.771 -450.000 3.500 0.197 -449.911 3.500 0.197 -449.911 2.500
3 16 -0.302 -449.692 2.500 0.197 -449.911 2.500 0.197 -449.911 3.500
3 16 0.197 -449.911 3.500 -0.302 -449.692 3.500 -0.302 -449.692 2.500
3 16 -0.723 -449.334 2.500 -0.302 -449.692 2.500 -0.302 -449.692 3.500
3 16 -0.302 -449.692 3.500 -0.723 -449.334 3.500 -0.723 -449.334 2.500
3 16 -19.200 -410.000 2.500 -1.039 -448.852 2.500 -1.039 -448.852 3.500
3 16 -1.039 -448.852 3.500 -19.200 -410.000 3.500 -19.200 -410.000 2.500
3 16 -25.883 -370.000 2.500 -19.200 -410.000 2.500 -19.200 -410.000 3.500
3 16 -19.200 -410.000 3.500 -25.883 -370.000 3.500 -25.883 -370.000 2.500
3 16 -25.883 -370.000 2.500 -33.250 -370.000 2.500 -33.250 -510.000 2.500
3 16 -39.250 -510.000 2.500 -39.250 -370.000 2.500 -50.000 -370.000 1.400
3 16 -50.000 -370.000 1.400 -50.000 -510.000 1.400 -39.250 -510.000 2.500
3 16 -1.039 -448.852 3.500 -0.723 -449.334 3.500 -0.302 -449.692 3.500
3 16 -1.039 -448.852 3.500 -0.302 -449.692 3.500 0.197 -449.911 3.500
3 16 0.197 -449.911 3.500 0.771 -450.000 3.500 -1.039 -448.852 3.500
3 16 8.000 -370.000 -3.500 8.700 -370.000 -3.300 8.700 -450.000 -3.300
3 16 8.700 -450.000 -3.300 8.000 -450.000 -3.500 8.000 -370.000 -3.500
3 16 9.500 -370.000 -2.700 10.000 -370.000 -1.400 10.000 -450.000 -1.400
3 16 10.000 -450.000 -1.400 9.500 -450.000 -2.700 9.500 -370.000 -2.700
3 16 8.700 -370.000 -3.300 9.500 -370.000 -2.700 9.500 -450.000 -2.700
3 16 9.500 -450.000 -2.700 8.700 -450.000 -3.300 8.700 -370.000 -3.300
3 16 10.000 -370.000 -1.400 10.000 -370.000 0.000 10.000 -450.000 0.000
3 16 10.000 -450.000 0.000 10.000 -450.000 -1.400 10.000 -370.000 -1.400
3 16 0.771 -450.000 -3.500 -25.883 -370.000 -3.500 8.000 -370.000 -3.500
3 16 8.000 -370.000 -3.500 8.000 -450.000 -3.500 0.771 -450.000 -3.500
3 16 -1.039 -448.852 -3.500 -19.200 -410.000 -3.500 -25.883 -370.000 -3.500
3 16 -25.883 -370.000 -3.500 0.771 -450.000 -3.500 -1.039 -448.852 -3.500
3 16 10.000 -450.000 -1.400 10.000 -450.000 0.000 8.000 -450.000 -2.500
3 16 8.000 -450.000 -2.500 9.500 -450.000 -2.700 10.000 -450.000 -1.400
3 16 9.500 -450.000 -2.700 8.000 -450.000 -2.500 8.000 -450.000 -3.500
3 16 8.000 -450.000 -3.500 8.700 -450.000 -3.300 9.500 -450.000 -2.700
3 16 8.000 -450.000 -3.500 8.000 -450.000 -2.500 0.771 -450.000 -2.500
3 16 0.771 -450.000 -2.500 0.771 -450.000 -3.500 8.000 -450.000 -3.500
3 16 10.000 -510.000 0.000 9.600 -510.000 -1.400 9.600 -450.000 -1.400
3 16 9.600 -450.000 -1.400 10.000 -450.000 0.000 10.000 -510.000 0.000
3 16 8.900 -450.000 -2.100 8.900 -510.000 -2.100 8.000 -510.000 -2.500
3 16 8.000 -510.000 -2.500 8.000 -450.000 -2.500 8.900 -450.000 -2.100
3 16 9.600 -450.000 -1.400 9.600 -510.000 -1.400 8.900 -510.000 -2.100
3 16 8.900 -510.000 -2.100 8.900 -450.000 -2.100 9.600 -450.000 -1.400
3 16 -39.250 -510.000 -1.250 -39.250 -370.000 -1.250 -33.250 -370.000 -1.250
3 16 -33.250 -370.000 -1.250 -33.250 -510.000 -1.250 -39.250 -510.000 -1.250
3 16 8.000 -510.000 -2.500 -33.250 -510.000 -2.500 -25.883 -370.000 -2.500
3 16 -25.883 -370.000 -2.500 8.000 -450.000 -2.500 8.000 -510.000 -2.500
3 16 -1.039 -448.852 -3.500 -0.723 -449.334 -3.500 -0.723 -449.334 -2.500
3 16 -0.723 -449.334 -2.500 -1.039 -448.852 -2.500 -1.039 -448.852 -3.500
3 16 0.197 -449.911 -2.500 0.197 -449.911 -3.500 0.771 -450.000 -3.500
3 16 0.771 -450.000 -3.500 0.771 -450.000 -2.500 0.197 -449.911 -2.500
3 16 -0.302 -449.692 -2.500 -0.302 -449.692 -3.500 0.197 -449.911 -3.500
3 16 0.197 -449.911 -3.500 0.197 -449.911 -2.500 -0.302 -449.692 -2.500
3 16 -0.723 -449.334 -2.500 -0.723 -449.334 -3.500 -0.302 -449.692 -3.500
3 16 -0.302 -449.692 -3.500 -0.302 -449.692 -2.500 -0.723 -449.334 -2.500
3 16 -19.200 -410.000 -2.500 -19.200 -410.000 -3.500 -1.039 -448.852 -3.500
3 16 -1.039 -448.852 -3.500 -1.039 -448.852 -2.500 -19.200 -410.000 -2.500
3 16 -25.883 -370.000 -2.500 -25.883 -370.000 -3.500 -19.200 -410.000 -3.500
3 16 -19.200 -410.000 -3.500 -19.200 -410.000 -2.500 -25.883 -370.000 -2.500
3 16 -33.250 -370.000 -2.500 -25.883 -370.000 -2.500 -33.250 -510.000 -2.500
3 16 -39.250 -510.000 -2.500 -50.000 -510.000 -1.400 -50.000 -370.000 -1.400
3 16 -50.000 -370.000 -1.400 -39.250 -370.000 -2.500 -39.250 -510.000 -2.500
3 16 0.197 -449.911 -3.500 -1.039 -448.852 -3.500 0.771 -450.000 -3.500
3 16 -1.039 -448.852 -3.500 0.197 -449.911 -3.500 -0.302 -449.692 -3.500
3 16 -0.302 -449.692 -3.500 -0.723 -449.334 -3.500 -1.039 -448.852 -3.500
2 24 8.000 -450.000 3.500 8.700 -450.000 3.300
2 24 8.700 -450.000 3.300 9.500 -450.000 2.700
2 24 9.500 -450.000 2.700 10.000 -450.000 1.400
2 24 10.000 -450.000 0.000 10.000 -450.000 1.400
2 24 8.000 -450.000 2.500 8.900 -450.000 2.100
2 24 8.900 -450.000 2.100 9.600 -450.000 1.400
2 24 9.600 -450.000 1.400 10.000 -450.000 0.000
2 24 0.771 -450.000 2.500 8.000 -450.000 2.500
2 24 8.000 -450.000 3.500 0.771 -450.000 3.500
2 24 0.771 -450.000 3.500 0.197 -449.911 3.500
2 24 -0.302 -449.692 3.500 -0.723 -449.334 3.500
2 24 0.197 -449.911 3.500 -0.302 -449.692 3.500
2 24 -0.723 -449.334 3.500 -1.039 -448.852 3.500
2 24 -1.039 -448.852 3.500 -19.200 -410.000 3.500
2 24 -25.883 -370.000 3.500 -19.200 -410.000 3.500
2 24 0.771 -450.000 2.500 0.197 -449.911 2.500
2 24 -0.302 -449.692 2.500 -0.723 -449.334 2.500
2 24 0.197 -449.911 2.500 -0.302 -449.692 2.500
2 24 -0.723 -449.334 2.500 -1.039 -448.852 2.500
2 24 -1.039 -448.852 2.500 -19.200 -410.000 2.500
2 24 -25.883 -370.000 2.500 -19.200 -410.000 2.500
2 24 -25.883 -370.000 3.500 -25.883 -370.000 2.500
2 24 -19.200 -410.000 3.500 -19.200 -410.000 2.500
2 24 8.700 -450.000 -3.300 8.000 -450.000 -3.500
2 24 9.500 -450.000 -2.700 8.700 -450.000 -3.300
2 24 10.000 -450.000 -1.400 9.500 -450.000 -2.700
2 24 10.000 -450.000 -1.400 10.000 -450.000 0.000
2 24 8.900 -450.000 -2.100 8.000 -450.000 -2.500
2 24 9.600 -450.000 -1.400 8.900 -450.000 -2.100
2 24 10.000 -450.000 0.000 9.600 -450.000 -1.400
2 24 8.000 -450.000 -2.500 0.771 -450.000 -2.500
2 24 0.771 -450.000 -3.500 8.000 -450.000 -3.500
2 24 0.197 -449.911 -3.500 0.771 -450.000 -3.500
2 24 -0.723 -449.334 -3.500 -0.302 -449.692 -3.500
2 24 -0.302 -449.692 -3.500 0.197 -449.911 -3.500
2 24 -1.039 -448.852 -3.500 -0.723 -449.334 -3.500
2 24 -19.200 -410.000 -3.500 -1.039 -448.852 -3.500
2 24 -19.200 -410.000 -3.500 -25.883 -370.000 -3.500
2 24 0.197 -449.911 -2.500 0.771 -450.000 -2.500
2 24 -0.723 -449.334 -2.500 -0.302 -449.692 -2.500
2 24 -0.302 -449.692 -2.500 0.197 -449.911 -2.500
2 24 -1.039 -448.852 -2.500 -0.723 -449.334 -2.500
2 24 -19.200 -410.000 -2.500 -1.039 -448.852 -2.500
2 24 -19.200 -410.000 -2.500 -25.883 -370.000 -2.500
2 24 -25.883 -370.000 -2.500 -25.883 -370.000 -3.500
2 24 -19.200 -410.000 -2.500 -19.200 -410.000 -3.500
2 24 0.771 -450.000 3.500 8.000 -450.000 3.500
2 24 8.000 -450.000 -3.500 0.771 -450.000 -3.500
1 16 -33.2500 -440.0000 1.8750 0.0000 1.0000 0.0000 -70.0000 0.0000 0.0000 0.0000 0.0000 0.6250 rect2p.dat
1 16 -39.2500 -440.0000 1.8750 0.0000 -1.0000 0.0000 70.0000 0.0000 0.0000 0.0000 0.0000 0.6250 rect2p.dat
1 16 -50.0000 -440.0000 0.0000 0.0000 1.0000 0.0000 0.0000 0.0000 -70.0000 -1.4000 0.0000 0.0000 rect3.dat
1 16 -33.2500 -440.0000 -1.8750 0.0000 1.0000 0.0000 70.0000 0.0000 0.0000 0.0000 0.0000 -0.6250 rect2p.dat
1 16 -39.2500 -440.0000 -1.8750 0.0000 -1.0000 0.0000 -70.0000 0.0000 0.0000 0.0000 0.0000 -0.6250 rect2p.dat
3 16 -29.866 -709.978 -1.400 -29.866 -709.978 1.400 -50.000 -510.000 1.400
3 16 -50.000 -510.000 1.400 -50.000 -510.000 -1.400 -29.866 -709.978 -1.400
3 16 10.000 -766.997 0.000 9.600 -768.362 1.400 9.600 -768.362 -1.400
3 16 -8.900 -769.460 1.520 -8.900 -769.460 -1.520 -8.067 -769.857 -1.588
3 16 -8.067 -769.857 -1.588 -8.067 -769.857 1.588 -8.900 -769.460 1.520
3 16 -8.067 -769.857 1.588 -8.067 -769.857 -1.588 -7.016 -770.005 -1.686
3 16 -7.016 -770.005 -1.686 -7.016 -770.005 1.686 -8.067 -769.857 1.588
3 16 -10.005 -768.160 1.454 -10.005 -768.160 -1.454 -9.543 -768.889 -1.475
3 16 -9.543 -768.889 -1.475 -9.543 -768.889 1.475 -10.005 -768.160 1.454
3 16 -9.543 -768.889 1.475 -9.543 -768.889 -1.475 -8.900 -769.460 -1.520
3 16 -8.900 -769.460 -1.520 -8.900 -769.460 1.520 -9.543 -768.889 1.475
3 16 -29.866 -709.978 1.400 -29.866 -709.978 -1.400 -10.005 -768.160 -1.454
3 16 -10.005 -768.160 -1.454 -10.005 -768.160 1.454 -29.866 -709.978 1.400
3 16 8.000 -769.829 2.500 8.000 -769.829 -2.500 8.900 -769.341 -2.100
3 16 8.900 -769.341 -2.100 8.900 -769.341 2.100 8.000 -769.829 2.500
3 16 8.900 -769.341 2.100 8.900 -769.341 -2.100 9.600 -768.362 -1.400
3 16 9.600 -768.362 -1.400 9.600 -768.362 1.400 8.900 -769.341 2.100
3 16 -7.016 -770.005 1.686 -7.016 -770.005 -1.686 1.472 -770.000 -2.512
3 16 1.472 -770.000 -2.512 1.472 -770.000 2.512 -7.016 -770.005 1.686
3 16 1.472 -770.000 2.512 1.472 -770.000 -2.512 8.000 -769.829 -2.500
3 16 8.000 -769.829 -2.500 8.000 -769.829 2.500 1.472 -770.000 2.512
2 24 -29.866 -709.978 1.400 -29.866 -709.978 -1.400
3 16 -10.005 -768.160 1.454 -9.543 -768.889 1.475 -7.015 -770.005 1.686
3 16 -8.900 -769.460 1.520 -8.067 -769.857 1.588 -7.015 -770.005 1.686
3 16 -7.015 -770.005 1.686 -9.543 -768.889 1.475 -8.900 -769.460 1.520
3 16 -19.411 -707.043 1.250 -11.355 -727.410 1.250 -33.250 -510.000 1.250
3 16 -33.250 -510.000 1.250 -39.250 -510.000 1.250 -19.411 -707.043 1.250
3 16 -11.355 -727.410 1.250 -19.411 -707.043 1.250 -12.569 -727.671 1.250
3 16 -12.569 -727.671 1.250 -12.287 -727.997 1.250 -11.355 -727.410 1.250
3 16 -50.000 -510.000 1.400 -29.866 -709.978 1.400 -19.411 -707.043 2.494
3 16 -19.411 -707.043 2.494 -39.250 -510.000 2.500 -50.000 -510.000 1.400
3 16 8.900 -769.341 2.100 8.900 -510.000 2.100 8.000 -510.000 2.500
3 16 8.000 -510.000 2.500 8.000 -769.829 2.500 8.900 -769.341 2.100
3 16 10.000 -766.997 0.000 10.000 -510.000 0.000 9.600 -510.000 1.400
3 16 9.600 -510.000 1.400 9.600 -768.362 1.400 10.000 -766.997 0.000
3 16 9.600 -510.000 1.400 8.900 -510.000 2.100 8.900 -769.341 2.100
3 16 8.900 -769.341 2.100 9.600 -768.362 1.400 9.600 -510.000 1.400
3 16 -12.287 -727.997 2.460 -12.287 -727.997 1.250 -12.569 -727.671 1.250
3 16 -12.569 -727.671 1.250 -12.569 -727.671 2.444 -12.287 -727.997 2.460
3 16 -11.816 -728.086 1.250 -12.287 -727.997 1.250 -12.287 -727.997 2.460
3 16 -12.287 -727.997 2.460 -11.816 -728.086 2.500 -11.816 -728.086 1.250
3 16 -11.480 -727.819 1.250 -11.816 -728.086 1.250 -11.816 -728.086 2.500
3 16 -11.816 -728.086 2.500 -11.480 -727.819 2.500 -11.480 -727.819 1.250
3 16 -11.355 -727.410 1.250 -11.480 -727.819 1.250 -11.480 -727.819 2.500
3 16 -11.480 -727.819 2.500 -11.355 -727.410 2.500 -11.355 -727.410 1.250
3 16 -11.480 -727.819 1.250 -11.355 -727.410 1.250 -12.287 -727.997 1.250
3 16 -12.287 -727.997 1.250 -11.816 -728.086 1.250 -11.480 -727.819 1.250
3 16 -11.355 -727.410 1.250 -11.355 -727.410 2.500 -33.250 -510.000 2.500
3 16 -33.250 -510.000 2.500 -33.250 -510.000 1.250 -11.355 -727.410 1.250
3 16 -19.411 -707.043 1.250 -39.250 -510.000 1.250 -39.250 -510.000 2.500
3 16 -39.250 -510.000 2.500 -19.411 -707.043 2.494 -19.411 -707.043 1.250
3 16 -12.569 -727.671 2.444 -12.569 -727.671 1.250 -19.411 -707.043 1.250
3 16 -19.411 -707.043 1.250 -19.411 -707.043 2.494 -12.569 -727.671 2.444
3 16 -12.569 -727.671 2.444 -10.005 -768.160 1.454 -7.015 -770.005 1.686
3 16 -7.015 -770.005 1.686 -12.287 -727.997 2.460 -12.569 -727.671 2.444
3 16 -12.287 -727.997 2.460 -7.015 -770.005 1.686 1.472 -770.000 2.512
3 16 1.472 -770.000 2.512 -11.816 -728.086 2.500 -12.287 -727.997 2.460
3 16 -12.569 -727.671 2.444 -19.411 -707.043 2.494 -29.866 -709.978 1.400
3 16 -29.866 -709.978 1.400 -10.005 -768.160 1.454 -12.569 -727.671 2.444
3 16 8.000 -510.000 2.500 -33.250 -510.000 2.500 1.472 -770.000 2.512
3 16 1.472 -770.000 2.512 8.000 -769.829 2.500 8.000 -510.000 2.500
3 16 -11.480 -727.819 2.500 -11.816 -728.086 2.500 1.472 -770.000 2.512
3 16 -11.480 -727.819 2.500 1.472 -770.000 2.512 -11.355 -727.410 2.500
3 16 1.472 -770.000 2.512 -33.250 -510.000 2.500 -11.355 -727.410 2.500
2 24 -11.816 -728.086 2.500 -11.480 -727.819 2.500
2 24 -11.480 -727.819 2.500 -11.355 -727.410 2.500
2 24 -11.355 -727.410 2.500 -33.250 -510.000 2.500
2 24 -33.250 -510.000 2.500 -33.250 -510.000 1.250
2 24 -12.287 -727.997 2.460 -11.816 -728.086 2.500
2 24 -12.569 -727.671 2.444 -12.287 -727.997 2.460
2 24 -19.411 -707.043 1.250 -19.411 -707.043 2.494
2 24 -19.411 -707.043 2.494 -12.569 -727.671 2.444
2 24 1.472 -770.000 2.512 -11.816 -728.086 2.500
2 24 -39.250 -510.000 2.500 -39.250 -510.000 1.250
2 24 -39.250 -510.000 1.250 -19.411 -707.043 1.250
2 24 -39.250 -510.000 2.500 -19.411 -707.043 2.494
2 24 1.472 -770.000 2.512 -7.015 -770.005 1.686
2 24 8.000 -769.829 2.500 1.472 -770.000 2.512
2 24 -7.015 -770.005 1.686 -8.067 -769.857 1.588
2 24 -8.067 -769.857 1.588 -8.900 -769.460 1.520
2 24 -8.900 -769.460 1.520 -9.543 -768.889 1.475
2 24 -9.543 -768.889 1.475 -10.005 -768.160 1.454
2 24 -10.005 -768.160 1.454 -29.866 -709.978 1.400
2 24 -29.866 -709.978 1.400 -50.000 -510.000 1.400
2 24 8.900 -769.341 2.100 8.000 -769.829 2.500
2 24 9.600 -768.362 1.400 8.900 -769.341 2.100
2 24 10.000 -766.997 0.000 9.600 -768.362 1.400
2 24 -11.816 -728.086 1.250 -11.480 -727.819 1.250
2 24 -11.480 -727.819 1.250 -11.355 -727.410 1.250
2 24 -12.287 -727.997 1.250 -11.816 -728.086 1.250
2 24 -12.569 -727.671 1.250 -12.287 -727.997 1.250
2 24 -33.250 -510.000 1.250 -11.355 -727.410 1.250
2 24 -12.569 -727.671 1.250 -19.411 -707.043 1.250
3 16 -7.015 -770.005 -1.686 -9.543 -768.889 -1.475 -10.005 -768.160 -1.454
3 16 -7.015 -770.005 -1.686 -8.067 -769.857 -1.588 -8.900 -769.460 -1.520
3 16 -8.900 -769.460 -1.520 -9.543 -768.889 -1.475 -7.015 -770.005 -1.686
3 16 -33.250 -510.000 -1.250 -11.355 -727.410 -1.250 -19.411 -707.043 -1.250
3 16 -19.411 -707.043 -1.250 -39.250 -510.000 -1.250 -33.250 -510.000 -1.250
3 16 -12.569 -727.671 -1.250 -19.411 -707.043 -1.250 -11.355 -727.410 -1.250
3 16 -11.355 -727.410 -1.250 -12.287 -727.997 -1.250 -12.569 -727.671 -1.250
3 16 -19.411 -707.043 -2.494 -29.866 -709.978 -1.400 -50.000 -510.000 -1.400
3 16 -50.000 -510.000 -1.400 -39.250 -510.000 -2.500 -19.411 -707.043 -2.494
3 16 8.000 -510.000 -2.500 8.900 -510.000 -2.100 8.900 -769.341 -2.100
3 16 8.900 -769.341 -2.100 8.000 -769.829 -2.500 8.000 -510.000 -2.500
3 16 9.600 -510.000 -1.400 10.000 -510.000 0.000 10.000 -766.997 0.000
3 16 10.000 -766.997 0.000 9.600 -768.362 -1.400 9.600 -510.000 -1.400
3 16 8.900 -769.341 -2.100 8.900 -510.000 -2.100 9.600 -510.000 -1.400
3 16 9.600 -510.000 -1.400 9.600 -768.362 -1.400 8.900 -769.341 -2.100
3 16 -12.569 -727.671 -1.250 -12.287 -727.997 -1.250 -12.287 -727.997 -2.460
3 16 -12.287 -727.997 -2.460 -12.569 -727.671 -2.444 -12.569 -727.671 -1.250
3 16 -12.287 -727.997 -2.460 -12.287 -727.997 -1.250 -11.816 -728.086 -1.250
3 16 -11.816 -728.086 -1.250 -11.816 -728.086 -2.500 -12.287 -727.997 -2.460
3 16 -11.816 -728.086 -2.500 -11.816 -728.086 -1.250 -11.480 -727.819 -1.250
3 16 -11.480 -727.819 -1.250 -11.480 -727.819 -2.500 -11.816 -728.086 -2.500
3 16 -11.480 -727.819 -2.500 -11.480 -727.819 -1.250 -11.355 -727.410 -1.250
3 16 -11.355 -727.410 -1.250 -11.355 -727.410 -2.500 -11.480 -727.819 -2.500
3 16 -12.287 -727.997 -1.250 -11.355 -727.410 -1.250 -11.480 -727.819 -1.250
3 16 -11.480 -727.819 -1.250 -11.816 -728.086 -1.250 -12.287 -727.997 -1.250
3 16 -33.250 -510.000 -2.500 -11.355 -727.410 -2.500 -11.355 -727.410 -1.250
3 16 -11.355 -727.410 -1.250 -33.250 -510.000 -1.250 -33.250 -510.000 -2.500
3 16 -39.250 -510.000 -2.500 -39.250 -510.000 -1.250 -19.411 -707.043 -1.250
3 16 -19.411 -707.043 -1.250 -19.411 -707.043 -2.494 -39.250 -510.000 -2.500
3 16 -19.411 -707.043 -1.250 -12.569 -727.671 -1.250 -12.569 -727.671 -2.444
3 16 -12.569 -727.671 -2.444 -19.411 -707.043 -2.494 -19.411 -707.043 -1.250
3 16 -7.015 -770.005 -1.686 -10.005 -768.160 -1.454 -12.569 -727.671 -2.444
3 16 -12.569 -727.671 -2.444 -12.287 -727.997 -2.460 -7.015 -770.005 -1.686
3 16 1.472 -770.000 -2.512 -7.015 -770.005 -1.686 -12.287 -727.997 -2.460
3 16 -12.287 -727.997 -2.460 -11.816 -728.086 -2.500 1.472 -770.000 -2.512
3 16 -29.866 -709.978 -1.400 -19.411 -707.043 -2.494 -12.569 -727.671 -2.444
3 16 -12.569 -727.671 -2.444 -10.005 -768.160 -1.454 -29.866 -709.978 -1.400
3 16 1.472 -770.000 -2.512 -33.250 -510.000 -2.500 8.000 -510.000 -2.500
3 16 8.000 -510.000 -2.500 8.000 -769.829 -2.500 1.472 -770.000 -2.512
3 16 1.472 -770.000 -2.512 -11.816 -728.086 -2.500 -11.480 -727.819 -2.500
3 16 -11.355 -727.410 -2.500 1.472 -770.000 -2.512 -11.480 -727.819 -2.500
3 16 -11.355 -727.410 -2.500 -33.250 -510.000 -2.500 1.472 -770.000 -2.512
2 24 -11.816 -728.086 -2.500 -11.480 -727.819 -2.500
2 24 -11.480 -727.819 -2.500 -11.355 -727.410 -2.500
2 24 -11.355 -727.410 -2.500 -33.250 -510.000 -2.500
2 24 -33.250 -510.000 -2.500 -33.250 -510.000 -1.250
2 24 -12.287 -727.997 -2.460 -11.816 -728.086 -2.500
2 24 -12.569 -727.671 -2.444 -12.287 -727.997 -2.460
2 24 -19.411 -707.043 -1.250 -19.411 -707.043 -2.494
2 24 -19.411 -707.043 -2.494 -12.569 -727.671 -2.444
2 24 1.472 -770.000 -2.512 -11.816 -728.086 -2.500
2 24 -39.250 -510.000 -2.500 -39.250 -510.000 -1.250
2 24 -39.250 -510.000 -1.250 -19.411 -707.043 -1.250
2 24 -39.250 -510.000 -2.500 -19.411 -707.043 -2.494
2 24 1.472 -770.000 -2.512 -7.015 -770.005 -1.686
2 24 8.000 -769.829 -2.500 1.472 -770.000 -2.512
2 24 -7.015 -770.005 -1.686 -8.067 -769.857 -1.588
2 24 -8.067 -769.857 -1.588 -8.900 -769.460 -1.520
2 24 -8.900 -769.460 -1.520 -9.543 -768.889 -1.475
2 24 -9.543 -768.889 -1.475 -10.005 -768.160 -1.454
2 24 -10.005 -768.160 -1.454 -29.866 -709.978 -1.400
2 24 -29.866 -709.978 -1.400 -50.000 -510.000 -1.400
2 24 8.900 -769.341 -2.100 8.000 -769.829 -2.500
2 24 9.600 -768.362 -1.400 8.900 -769.341 -2.100
2 24 10.000 -766.997 0.000 9.600 -768.362 -1.400
2 24 -11.816 -728.086 -1.250 -11.480 -727.819 -1.250
2 24 -11.480 -727.819 -1.250 -11.355 -727.410 -1.250
2 24 -12.287 -727.997 -1.250 -11.816 -728.086 -1.250
2 24 -12.569 -727.671 -1.250 -12.287 -727.997 -1.250
2 24 -33.250 -510.000 -1.250 -11.355 -727.410 -1.250
2 24 -12.569 -727.671 -1.250 -19.411 -707.043 -1.250
