0 FILE 66859.dat
0 Legs with Plate Round 2 x 3
0 Name:  66859.dat
0 Author:  
0 BL_Item_No 66859
0 BFC CERTIFY CCW
3 16 25.615 0.000 11.939 21.939 0.000 15.615 17.654 0.000 18.478
3 16 17.654 0.000 18.478 28.478 0.000 7.654 25.615 0.000 11.939
3 16 17.654 0.000 18.478 10.000 0.000 20.000 30.000 0.000 0.000
3 16 30.000 0.000 0.000 28.478 0.000 7.654 17.654 0.000 18.478
3 16 25.615 0.000 11.939 28.478 0.000 7.654 28.478 4.000 7.654
3 16 28.478 4.000 7.654 25.615 4.000 11.939 25.615 0.000 11.939
3 16 17.654 0.000 18.478 21.939 0.000 15.615 21.939 4.000 15.615
3 16 21.939 4.000 15.615 17.654 4.000 18.478 17.654 0.000 18.478
3 16 28.478 0.000 -7.654 25.615 0.000 -11.939 25.615 4.000 -11.939
3 16 25.615 4.000 -11.939 28.478 4.000 -7.654 28.478 0.000 -7.654
3 16 21.939 0.000 -15.615 17.654 0.000 -18.478 17.654 4.000 -18.478
3 16 17.654 4.000 -18.478 21.939 4.000 -15.615 21.939 0.000 -15.615
3 16 25.615 4.000 11.939 21.939 4.000 15.615 22.296 4.000 15.543
3 16 22.296 4.000 15.543 25.543 4.000 12.296 25.615 4.000 11.939
3 16 25.615 4.000 11.939 28.478 4.000 7.654 17.654 4.000 18.478
3 16 17.654 4.000 18.478 21.939 4.000 15.615 25.615 4.000 11.939
3 16 28.478 4.000 7.654 30.000 4.000 0.000 10.000 4.000 20.000
3 16 10.000 4.000 20.000 17.654 4.000 18.478 28.478 4.000 7.654
3 16 25.615 0.000 -11.939 28.478 0.000 -7.654 17.654 0.000 -18.478
3 16 17.654 0.000 -18.478 21.939 0.000 -15.615 25.615 0.000 -11.939
3 16 17.654 0.000 -18.478 28.478 0.000 -7.654 30.000 0.000 0.000
3 16 30.000 0.000 0.000 10.000 0.000 -20.000 17.654 0.000 -18.478
3 16 25.615 4.000 -11.939 25.543 4.000 -12.296 22.296 4.000 -15.543
3 16 22.296 4.000 -15.543 21.939 4.000 -15.615 25.615 4.000 -11.939
3 16 25.615 4.000 -11.939 21.939 4.000 -15.615 17.654 4.000 -18.478
3 16 17.654 4.000 -18.478 28.478 4.000 -7.654 25.615 4.000 -11.939
3 16 28.478 4.000 -7.654 17.654 4.000 -18.478 10.000 4.000 -20.000
3 16 10.000 4.000 -20.000 30.000 4.000 0.000 28.478 4.000 -7.654
3 16 10.000 0.000 -20.000 30.000 0.000 0.000 10.000 0.000 20.000
3 16 10.000 4.000 20.000 30.000 4.000 0.000 10.000 4.000 -20.000
3 16 14.000 16.000 -7.600 14.000 16.000 -10.000 11.900 16.000 -12.900
3 16 11.900 16.000 -12.900 11.300 16.000 -9.400 14.000 16.000 -7.600
3 16 14.000 16.000 -10.000 14.457 16.000 -12.296 13.300 16.000 -15.800
3 16 13.300 16.000 -15.800 11.900 16.000 -12.900 14.000 16.000 -10.000
3 16 14.457 16.000 -12.296 15.757 16.000 -14.243 15.700 16.000 -17.700
3 16 15.700 16.000 -17.700 13.300 16.000 -15.800 14.457 16.000 -12.296
3 16 15.757 16.000 -14.243 17.704 16.000 -15.543 18.400 16.000 -18.800
3 16 18.400 16.000 -18.800 15.700 16.000 -17.700 15.757 16.000 -14.243
3 16 17.704 16.000 -15.543 20.000 16.000 -16.000 22.100 16.000 -19.300
3 16 22.100 16.000 -19.300 18.400 16.000 -18.800 17.704 16.000 -15.543
3 16 20.000 16.000 -16.000 24.400 16.000 -16.100 24.800 16.000 -19.200
3 16 24.800 16.000 -19.200 22.100 16.000 -19.300 20.000 16.000 -16.000
3 16 24.800 16.000 -19.200 24.400 16.000 -16.100 27.000 16.000 -15.100
3 16 27.000 16.000 -15.100 28.100 16.000 -18.200 24.800 16.000 -19.200
3 16 28.100 16.000 -18.200 27.000 16.000 -15.100 29.200 16.000 -13.200
3 16 29.200 16.000 -13.200 31.100 16.000 -16.000 28.100 16.000 -18.200
3 16 31.100 16.000 -16.000 29.200 16.000 -13.200 30.400 16.000 -10.400
3 16 30.400 16.000 -10.400 33.000 16.000 -12.800 31.100 16.000 -16.000
3 16 33.000 16.000 -12.800 30.400 16.000 -10.400 30.300 16.000 -7.300
3 16 30.300 16.000 -7.300 33.500 16.000 -9.900 33.000 16.000 -12.800
3 16 33.500 16.000 -9.900 30.300 16.000 -7.300 29.800 16.000 -4.700
3 16 29.800 16.000 -4.700 33.400 16.000 -6.500 33.500 16.000 -9.900
3 16 33.400 16.000 -6.500 29.800 16.000 -4.700 30.300 16.000 -0.900
3 16 30.300 16.000 -0.900 31.900 16.000 -3.300 33.400 16.000 -6.500
3 16 14.000 16.000 -7.600 11.300 16.000 -9.400 10.900 16.000 -4.700
3 16 10.900 16.000 -4.700 12.800 16.000 -5.400 14.000 16.000 -7.600
3 16 12.800 16.000 -5.400 10.900 16.000 -4.700 10.500 16.000 0.200
3 16 10.500 16.000 0.200 12.100 16.000 -0.600 12.800 16.000 -5.400
3 16 12.100 16.000 -0.600 10.500 16.000 0.200 10.700 16.000 5.900
3 16 10.700 16.000 5.900 12.400 16.000 4.300 12.100 16.000 -0.600
3 16 12.400 16.000 4.300 10.700 16.000 5.900 10.900 16.000 10.100
3 16 10.900 16.000 10.100 13.000 16.000 6.400 12.400 16.000 4.300
3 16 13.000 16.000 6.400 10.900 16.000 10.100 14.000 16.000 10.000
3 16 14.000 16.000 10.000 13.800 16.000 8.100 13.000 16.000 6.400
3 16 10.900 16.000 10.100 11.900 16.000 13.800 14.457 16.000 12.296
3 16 14.457 16.000 12.296 14.000 16.000 10.000 10.900 16.000 10.100
3 16 11.900 16.000 13.800 14.000 16.000 16.600 15.757 16.000 14.243
3 16 15.757 16.000 14.243 14.457 16.000 12.296 11.900 16.000 13.800
3 16 14.000 16.000 16.600 16.300 16.000 18.200 17.704 16.000 15.543
3 16 17.704 16.000 15.543 15.757 16.000 14.243 14.000 16.000 16.600
3 16 16.300 16.000 18.200 19.000 16.000 19.200 20.000 16.000 16.000
3 16 20.000 16.000 16.000 17.704 16.000 15.543 16.300 16.000 18.200
3 16 19.000 16.000 19.200 22.000 16.000 19.200 22.296 16.000 15.543
3 16 22.296 16.000 15.543 20.000 16.000 16.000 19.000 16.000 19.200
3 16 22.000 16.000 19.200 24.600 16.000 18.300 24.243 16.000 14.243
3 16 24.243 16.000 14.243 22.296 16.000 15.543 22.000 16.000 19.200
3 16 24.600 16.000 18.300 27.000 16.000 16.400 25.543 16.000 12.296
3 16 25.543 16.000 12.296 24.243 16.000 14.243 24.600 16.000 18.300
3 16 27.000 16.000 16.400 28.500 16.000 13.400 26.000 16.000 10.000
3 16 26.000 16.000 10.000 25.543 16.000 12.296 27.000 16.000 16.400
3 16 28.500 16.000 13.400 29.300 16.000 9.300 26.000 16.000 8.200
3 16 26.000 16.000 8.200 26.000 16.000 10.000 28.500 16.000 13.400
3 16 26.000 16.000 8.200 29.300 16.000 9.300 29.500 16.000 6.000
3 16 29.500 16.000 6.000 27.000 16.000 6.200 26.000 16.000 8.200
3 16 27.000 16.000 6.200 29.500 16.000 6.000 29.900 16.000 1.400
3 16 29.900 16.000 1.400 28.000 16.000 0.100 27.000 16.000 6.200
3 16 28.000 16.000 0.100 29.900 16.000 1.400 30.300 16.000 -0.900
3 16 30.300 16.000 -0.900 28.500 16.000 -2.000 28.000 16.000 0.100
3 16 29.800 16.000 -4.700 28.500 16.000 -2.000 30.300 16.000 -0.900
3 16 15.757 11.000 14.243 15.757 16.000 14.243 17.704 16.000 15.543
3 16 17.704 16.000 15.543 17.704 11.000 15.543 15.757 11.000 14.243
3 16 14.457 11.000 12.296 14.457 16.000 12.296 15.757 16.000 14.243
3 16 15.757 16.000 14.243 15.757 11.000 14.243 14.457 11.000 12.296
3 16 17.704 11.000 15.543 17.704 16.000 15.543 20.000 16.000 16.000
3 16 20.000 16.000 16.000 20.000 11.000 16.000 17.704 11.000 15.543
3 16 13.000 11.000 6.400 13.000 16.000 6.400 13.800 16.000 8.100
3 16 13.800 16.000 8.100 13.800 11.000 8.100 13.000 11.000 6.400
3 16 12.400 11.000 4.300 12.400 16.000 4.300 13.000 16.000 6.400
3 16 13.000 16.000 6.400 13.000 11.000 6.400 12.400 11.000 4.300
3 16 14.000 11.000 10.000 14.000 16.000 10.000 14.457 16.000 12.296
3 16 14.457 16.000 12.296 14.457 11.000 12.296 14.000 11.000 10.000
3 16 13.800 11.000 8.100 13.800 16.000 8.100 14.000 16.000 10.000
3 16 14.000 16.000 10.000 14.000 11.000 10.000 13.800 11.000 8.100
3 16 14.000 11.000 -7.600 14.000 16.000 -7.600 12.800 16.000 -5.400
3 16 12.800 16.000 -5.400 12.800 11.000 -5.400 14.000 11.000 -7.600
3 16 14.000 11.000 -10.000 14.000 16.000 -10.000 14.000 16.000 -7.600
3 16 14.000 16.000 -7.600 14.000 11.000 -7.600 14.000 11.000 -10.000
3 16 12.100 11.000 -0.600 12.100 16.000 -0.600 12.400 16.000 4.300
3 16 12.400 16.000 4.300 12.400 11.000 4.300 12.100 11.000 -0.600
3 16 12.800 11.000 -5.400 12.800 16.000 -5.400 12.100 16.000 -0.600
3 16 12.100 16.000 -0.600 12.100 11.000 -0.600 12.800 11.000 -5.400
3 16 17.704 11.000 -15.543 17.704 16.000 -15.543 15.757 16.000 -14.243
3 16 15.757 16.000 -14.243 15.757 11.000 -14.243 17.704 11.000 -15.543
3 16 20.000 11.000 -16.000 20.000 16.000 -16.000 17.704 16.000 -15.543
3 16 17.704 16.000 -15.543 17.704 11.000 -15.543 20.000 11.000 -16.000
3 16 14.457 11.000 -12.296 14.457 16.000 -12.296 14.000 16.000 -10.000
3 16 14.000 16.000 -10.000 14.000 11.000 -10.000 14.457 11.000 -12.296
3 16 15.757 11.000 -14.243 15.757 16.000 -14.243 14.457 16.000 -12.296
3 16 14.457 16.000 -12.296 14.457 11.000 -12.296 15.757 11.000 -14.243
3 16 29.200 11.000 -13.200 29.200 16.000 -13.200 27.000 16.000 -15.100
3 16 27.000 16.000 -15.100 27.000 11.000 -15.100 29.200 11.000 -13.200
3 16 30.400 11.000 -10.400 30.400 16.000 -10.400 29.200 16.000 -13.200
3 16 29.200 16.000 -13.200 29.200 11.000 -13.200 30.400 11.000 -10.400
3 16 24.400 11.000 -16.100 24.400 16.000 -16.100 20.000 16.000 -16.000
3 16 20.000 16.000 -16.000 20.000 11.000 -16.000 24.400 11.000 -16.100
3 16 27.000 11.000 -15.100 27.000 16.000 -15.100 24.400 16.000 -16.100
3 16 24.400 16.000 -16.100 24.400 11.000 -16.100 27.000 11.000 -15.100
3 16 28.500 11.000 -2.000 28.500 16.000 -2.000 29.800 16.000 -4.700
3 16 29.800 16.000 -4.700 29.800 11.000 -4.700 28.500 11.000 -2.000
3 16 28.000 11.000 0.100 28.000 16.000 0.100 28.500 16.000 -2.000
3 16 28.500 16.000 -2.000 28.500 11.000 -2.000 28.000 11.000 0.100
3 16 30.300 11.000 -7.300 30.300 16.000 -7.300 30.400 16.000 -10.400
3 16 30.400 16.000 -10.400 30.400 11.000 -10.400 30.300 11.000 -7.300
3 16 29.800 11.000 -4.700 29.800 16.000 -4.700 30.300 16.000 -7.300
3 16 30.300 16.000 -7.300 30.300 11.000 -7.300 29.800 11.000 -4.700
3 16 26.000 11.000 10.000 26.000 16.000 10.000 26.000 16.000 8.200
3 16 26.000 16.000 8.200 26.000 11.000 8.200 26.000 11.000 10.000
3 16 25.543 11.000 12.296 25.543 16.000 12.296 26.000 16.000 10.000
3 16 26.000 16.000 10.000 26.000 11.000 10.000 25.543 11.000 12.296
3 16 27.000 11.000 6.200 27.000 16.000 6.200 28.000 16.000 0.100
3 16 28.000 16.000 0.100 28.000 11.000 0.100 27.000 11.000 6.200
3 16 26.000 11.000 8.200 26.000 16.000 8.200 27.000 16.000 6.200
3 16 27.000 16.000 6.200 27.000 11.000 6.200 26.000 11.000 8.200
3 16 20.000 11.000 16.000 20.000 16.000 16.000 22.296 16.000 15.543
3 16 22.296 16.000 15.543 22.296 11.000 15.543 20.000 11.000 16.000
3 16 24.243 11.000 14.243 24.243 16.000 14.243 25.543 16.000 12.296
3 16 25.543 16.000 12.296 25.543 11.000 12.296 24.243 11.000 14.243
3 16 22.296 11.000 15.543 22.296 16.000 15.543 24.243 16.000 14.243
3 16 24.243 16.000 14.243 24.243 11.000 14.243 22.296 11.000 15.543
3 16 22.554 4.000 11.994 22.554 7.000 11.994 23.739 7.000 9.343
3 16 23.739 7.000 9.343 23.739 4.000 9.343 22.554 4.000 11.994
3 16 20.446 4.000 12.878 20.446 7.000 12.878 22.554 7.000 11.994
3 16 22.554 7.000 11.994 22.554 4.000 11.994 20.446 4.000 12.878
3 16 16.693 4.000 6.932 16.693 7.000 6.932 17.220 7.000 10.146
3 16 17.220 7.000 10.146 17.220 4.000 10.146 16.693 4.000 6.932
3 16 16.825 4.000 -5.763 16.825 7.000 -5.763 16.693 7.000 6.932
3 16 16.693 7.000 6.932 16.693 4.000 6.932 16.825 4.000 -5.763
3 16 18.800 4.000 12.235 18.800 7.000 12.235 20.446 7.000 12.878
3 16 20.446 7.000 12.878 20.446 4.000 12.878 18.800 4.000 12.235
3 16 17.220 4.000 10.146 17.220 7.000 10.146 18.800 7.000 12.235
3 16 18.800 7.000 12.235 18.800 4.000 12.235 17.220 4.000 10.146
3 16 20.512 4.000 -11.227 20.512 7.000 -11.227 18.668 7.000 -10.584
3 16 18.668 7.000 -10.584 18.668 4.000 -10.584 20.512 4.000 -11.227
3 16 22.685 4.000 -11.307 22.685 7.000 -11.307 20.512 7.000 -11.227
3 16 20.512 7.000 -11.227 20.512 4.000 -11.227 22.685 4.000 -11.307
3 16 17.286 4.000 -8.656 17.286 7.000 -8.656 16.825 7.000 -5.763
3 16 16.825 7.000 -5.763 16.825 4.000 -5.763 17.286 4.000 -8.656
3 16 18.668 4.000 -10.584 18.668 7.000 -10.584 17.286 7.000 -8.656
3 16 17.286 7.000 -8.656 17.286 4.000 -8.656 18.668 4.000 -10.584
3 16 26.505 4.000 -6.085 26.505 7.000 -6.085 26.110 7.000 -8.656
3 16 26.110 7.000 -8.656 26.110 4.000 -8.656 26.505 4.000 -6.085
3 16 26.110 4.000 -2.630 26.110 7.000 -2.630 26.505 7.000 -6.085
3 16 26.505 7.000 -6.085 26.505 4.000 -6.085 26.110 4.000 -2.630
3 16 24.727 4.000 -10.424 24.727 7.000 -10.424 22.685 7.000 -11.307
3 16 22.685 7.000 -11.307 22.685 4.000 -11.307 24.727 4.000 -10.424
3 16 26.110 4.000 -8.656 26.110 7.000 -8.656 24.727 7.000 -10.424
3 16 24.727 7.000 -10.424 24.727 4.000 -10.424 26.110 4.000 -8.656
3 16 25.122 4.000 0.504 25.122 7.000 0.504 26.110 7.000 -2.630
3 16 26.110 7.000 -2.630 26.110 4.000 -2.630 25.122 4.000 0.504
3 16 23.739 4.000 9.343 23.739 7.000 9.343 25.122 7.000 0.504
3 16 25.122 7.000 0.504 25.122 4.000 0.504 23.739 4.000 9.343
3 16 14.700 11.000 -7.900 16.825 7.000 -5.763 17.286 7.000 -8.656
3 16 17.286 7.000 -8.656 15.400 11.000 -11.500 14.700 11.000 -7.900
3 16 23.600 11.000 -14.800 20.300 11.000 -14.700 20.512 7.000 -11.227
3 16 20.512 7.000 -11.227 22.685 7.000 -11.307 23.600 11.000 -14.800
3 16 26.700 11.000 -13.700 23.600 11.000 -14.800 22.685 7.000 -11.307
3 16 22.685 7.000 -11.307 24.727 7.000 -10.424 26.700 11.000 -13.700
3 16 18.668 7.000 -10.584 17.500 11.000 -13.900 15.400 11.000 -11.500
3 16 15.400 11.000 -11.500 17.286 7.000 -8.656 18.668 7.000 -10.584
3 16 17.500 11.000 -13.900 18.668 7.000 -10.584 20.512 7.000 -11.227
3 16 20.512 7.000 -11.227 20.300 11.000 -14.700 17.500 11.000 -13.900
3 16 28.800 11.000 -4.000 29.400 11.000 -8.300 26.505 7.000 -6.085
3 16 26.505 7.000 -6.085 26.110 7.000 -2.630 28.800 11.000 -4.000
3 16 25.122 7.000 0.504 27.300 11.000 -0.100 28.800 11.000 -4.000
3 16 28.800 11.000 -4.000 26.110 7.000 -2.630 25.122 7.000 0.504
3 16 28.800 11.000 -11.500 26.700 11.000 -13.700 24.727 7.000 -10.424
3 16 24.727 7.000 -10.424 26.110 7.000 -8.656 28.800 11.000 -11.500
3 16 29.400 11.000 -8.300 28.800 11.000 -11.500 26.110 7.000 -8.656
3 16 26.110 7.000 -8.656 26.505 7.000 -6.085 29.400 11.000 -8.300
3 16 20.446 7.000 12.878 20.200 11.000 15.300 23.400 11.000 14.200
3 16 23.400 11.000 14.200 22.554 7.000 11.994 20.446 7.000 12.878
3 16 17.700 11.000 14.500 20.200 11.000 15.300 20.446 7.000 12.878
3 16 20.446 7.000 12.878 18.800 7.000 12.235 17.700 11.000 14.500
3 16 23.739 7.000 9.343 25.200 11.000 10.900 27.300 11.000 -0.100
3 16 27.300 11.000 -0.100 25.122 7.000 0.504 23.739 7.000 9.343
3 16 22.554 7.000 11.994 23.400 11.000 14.200 25.200 11.000 10.900
3 16 25.200 11.000 10.900 23.739 7.000 9.343 22.554 7.000 11.994
3 16 14.700 11.000 -7.900 14.500 11.000 7.900 16.693 7.000 6.932
3 16 16.693 7.000 6.932 16.825 7.000 -5.763 14.700 11.000 -7.900
3 16 15.300 11.000 11.900 17.700 11.000 14.500 18.800 7.000 12.235
3 16 18.800 7.000 12.235 17.220 7.000 10.146 15.300 11.000 11.900
3 16 14.500 11.000 7.900 15.300 11.000 11.900 17.220 7.000 10.146
3 16 17.220 7.000 10.146 16.693 7.000 6.932 14.500 11.000 7.900
3 16 14.457 11.000 -12.296 15.400 11.000 -11.500 17.500 11.000 -13.900
3 16 17.500 11.000 -13.900 15.757 11.000 -14.243 14.457 11.000 -12.296
3 16 15.757 11.000 -14.243 17.500 11.000 -13.900 20.000 11.000 -16.000
3 16 20.000 11.000 -16.000 17.704 11.000 -15.543 15.757 11.000 -14.243
3 16 17.500 11.000 -13.900 20.300 11.000 -14.700 24.400 11.000 -16.100
3 16 24.400 11.000 -16.100 20.000 11.000 -16.000 17.500 11.000 -13.900
3 16 23.600 11.000 -14.800 26.700 11.000 -13.700 27.000 11.000 -15.100
3 16 27.000 11.000 -15.100 24.400 11.000 -16.100 23.600 11.000 -14.800
3 16 26.700 11.000 -13.700 28.800 11.000 -11.500 29.200 11.000 -13.200
3 16 29.200 11.000 -13.200 27.000 11.000 -15.100 26.700 11.000 -13.700
3 16 28.800 11.000 -11.500 29.400 11.000 -8.300 30.400 11.000 -10.400
3 16 30.400 11.000 -10.400 29.200 11.000 -13.200 28.800 11.000 -11.500
3 16 28.800 11.000 -4.000 29.800 11.000 -4.700 30.300 11.000 -7.300
3 16 30.300 11.000 -7.300 29.400 11.000 -8.300 28.800 11.000 -4.000
3 16 20.300 11.000 -14.700 23.600 11.000 -14.800 24.400 11.000 -16.100
3 16 29.400 11.000 -8.300 30.300 11.000 -7.300 30.400 11.000 -10.400
3 16 27.300 11.000 -0.100 28.500 11.000 -2.000 29.800 11.000 -4.700
3 16 29.800 11.000 -4.700 28.800 11.000 -4.000 27.300 11.000 -0.100
3 16 27.300 11.000 -0.100 26.000 11.000 8.200 27.000 11.000 6.200
3 16 27.000 11.000 6.200 28.000 11.000 0.100 27.300 11.000 -0.100
3 16 25.200 11.000 10.900 25.543 11.000 12.296 26.000 11.000 10.000
3 16 26.000 11.000 10.000 26.000 11.000 8.200 25.200 11.000 10.900
3 16 23.400 11.000 14.200 24.243 11.000 14.243 25.543 11.000 12.296
3 16 25.543 11.000 12.296 25.200 11.000 10.900 23.400 11.000 14.200
3 16 20.000 11.000 16.000 22.296 11.000 15.543 23.400 11.000 14.200
3 16 23.400 11.000 14.200 20.200 11.000 15.300 20.000 11.000 16.000
3 16 23.400 11.000 14.200 22.296 11.000 15.543 24.243 11.000 14.243
3 16 25.200 11.000 10.900 26.000 11.000 8.200 27.300 11.000 -0.100
3 16 27.300 11.000 -0.100 28.000 11.000 0.100 28.500 11.000 -2.000
3 16 17.704 11.000 15.543 20.000 11.000 16.000 20.200 11.000 15.300
3 16 20.200 11.000 15.300 17.700 11.000 14.500 17.704 11.000 15.543
3 16 17.704 11.000 15.543 17.700 11.000 14.500 15.300 11.000 11.900
3 16 15.300 11.000 11.900 15.757 11.000 14.243 17.704 11.000 15.543
3 16 15.757 11.000 14.243 15.300 11.000 11.900 14.000 11.000 10.000
3 16 14.000 11.000 10.000 14.457 11.000 12.296 15.757 11.000 14.243
3 16 14.000 11.000 10.000 15.300 11.000 11.900 14.500 11.000 7.900
3 16 14.500 11.000 7.900 13.800 11.000 8.100 14.000 11.000 10.000
3 16 14.457 11.000 -12.296 14.000 11.000 -10.000 14.700 11.000 -7.900
3 16 14.700 11.000 -7.900 15.400 11.000 -11.500 14.457 11.000 -12.296
3 16 14.000 11.000 -7.600 13.800 11.000 8.100 14.500 11.000 7.900
3 16 14.500 11.000 7.900 14.700 11.000 -7.900 14.000 11.000 -7.600
3 16 13.000 11.000 6.400 13.800 11.000 8.100 14.000 11.000 -7.600
3 16 14.000 11.000 -7.600 12.800 11.000 -5.400 13.000 11.000 6.400
3 16 12.100 11.000 -0.600 12.400 11.000 4.300 13.000 11.000 6.400
3 16 13.000 11.000 6.400 12.800 11.000 -5.400 12.100 11.000 -0.600
3 16 14.000 11.000 -10.000 14.000 11.000 -7.600 14.700 11.000 -7.900
3 16 27.513 4.000 -6.727 26.991 4.000 -9.654 26.991 6.000 -9.654
3 16 26.991 6.000 -9.654 27.513 6.000 -6.727 27.513 4.000 -6.727
3 16 27.491 4.000 -2.795 27.513 4.000 -6.727 27.513 6.000 -6.727
3 16 27.513 6.000 -6.727 27.491 6.000 -2.795 27.491 4.000 -2.795
3 16 26.185 4.000 0.771 27.491 4.000 -2.795 27.491 6.000 -2.795
3 16 27.491 6.000 -2.795 26.185 6.000 0.771 26.185 4.000 0.771
3 16 25.372 6.000 5.801 24.358 4.000 10.830 26.185 4.000 0.771
3 16 26.185 4.000 0.771 26.185 6.000 0.771 25.372 6.000 5.801
3 16 25.372 6.000 5.801 24.358 6.000 10.830 24.358 4.000 10.830
3 16 22.792 4.000 13.848 24.358 4.000 10.830 24.358 6.000 10.830
3 16 24.358 6.000 10.830 22.792 6.000 13.848 22.792 4.000 13.848
3 16 20.008 4.000 14.854 22.792 4.000 13.848 22.792 6.000 13.848
3 16 22.792 6.000 13.848 20.008 6.000 14.854 20.008 4.000 14.854
3 16 17.833 4.000 14.122 20.008 4.000 14.854 20.008 6.000 14.854
3 16 20.008 6.000 14.854 17.833 6.000 14.122 17.833 4.000 14.122
3 16 15.745 4.000 11.745 17.833 4.000 14.122 17.833 6.000 14.122
3 16 17.833 6.000 14.122 15.745 6.000 11.745 15.745 4.000 11.745
3 16 15.200 4.000 8.087 15.745 4.000 11.745 15.745 6.000 11.745
3 16 15.745 6.000 11.745 15.200 6.000 8.087 15.200 4.000 8.087
3 16 15.200 4.000 -6.362 15.200 4.000 8.087 15.200 6.000 8.087
3 16 15.200 6.000 8.087 15.200 6.000 -6.362 15.200 4.000 -6.362
3 16 15.832 4.000 -9.654 15.200 4.000 -6.362 15.200 6.000 -6.362
3 16 15.200 6.000 -6.362 15.832 6.000 -9.654 15.832 4.000 -9.654
3 16 17.659 4.000 -11.848 15.832 4.000 -9.654 15.832 6.000 -9.654
3 16 15.832 6.000 -9.654 17.659 6.000 -11.848 17.659 4.000 -11.848
3 16 20.095 4.000 -12.580 17.659 4.000 -11.848 17.659 6.000 -11.848
3 16 17.659 6.000 -11.848 20.095 6.000 -12.580 20.095 4.000 -12.580
3 16 22.966 4.000 -12.671 20.095 4.000 -12.580 20.095 6.000 -12.580
3 16 20.095 6.000 -12.580 22.966 6.000 -12.671 22.966 4.000 -12.671
3 16 25.163 4.000 -11.665 22.966 4.000 -12.671 22.966 6.000 -12.671
3 16 22.966 6.000 -12.671 25.163 6.000 -11.665 25.163 4.000 -11.665
3 16 26.991 4.000 -9.654 25.163 4.000 -11.665 25.163 6.000 -11.665
3 16 25.163 6.000 -11.665 26.991 6.000 -9.654 26.991 4.000 -9.654
3 16 29.300 16.000 9.300 28.500 16.000 13.400 28.500 13.000 13.400
3 16 28.500 13.000 13.400 29.300 13.000 9.300 29.300 16.000 9.300
3 16 29.500 16.000 6.000 29.300 16.000 9.300 29.300 13.000 9.300
3 16 29.300 13.000 9.300 29.500 13.000 6.000 29.500 16.000 6.000
3 16 29.900 16.000 1.400 29.500 16.000 6.000 29.500 13.000 6.000
3 16 29.500 13.000 6.000 29.900 13.000 1.400 29.900 16.000 1.400
3 16 30.300 16.000 -0.900 29.900 16.000 1.400 29.900 13.000 1.400
3 16 29.900 13.000 1.400 30.300 13.000 -0.900 30.300 16.000 -0.900
3 16 31.900 16.000 -3.300 30.300 16.000 -0.900 30.300 13.000 -0.900
3 16 30.300 13.000 -0.900 31.900 13.000 -3.300 31.900 16.000 -3.300
3 16 33.400 16.000 -6.500 31.900 16.000 -3.300 31.900 13.000 -3.300
3 16 31.900 13.000 -3.300 33.400 13.000 -6.500 33.400 16.000 -6.500
3 16 33.500 16.000 -9.900 33.400 16.000 -6.500 33.400 13.000 -6.500
3 16 33.400 13.000 -6.500 33.500 13.000 -9.900 33.500 16.000 -9.900
3 16 33.000 16.000 -12.800 33.500 16.000 -9.900 33.500 13.000 -9.900
3 16 33.500 13.000 -9.900 33.000 13.000 -12.800 33.000 16.000 -12.800
3 16 31.100 16.000 -16.000 33.000 16.000 -12.800 33.000 13.000 -12.800
3 16 33.000 13.000 -12.800 31.100 13.000 -16.000 31.100 16.000 -16.000
3 16 28.100 16.000 -18.200 31.100 16.000 -16.000 31.100 13.000 -16.000
3 16 31.100 13.000 -16.000 28.100 13.000 -18.200 28.100 16.000 -18.200
3 16 24.800 16.000 -19.200 28.100 16.000 -18.200 28.100 13.000 -18.200
3 16 28.100 13.000 -18.200 24.800 13.000 -19.200 24.800 16.000 -19.200
3 16 22.100 16.000 -19.300 24.800 16.000 -19.200 24.800 13.000 -19.200
3 16 24.800 13.000 -19.200 22.100 13.000 -19.300 22.100 16.000 -19.300
3 16 18.400 16.000 -18.800 22.100 16.000 -19.300 22.100 13.000 -19.300
3 16 22.100 13.000 -19.300 18.400 13.000 -18.800 18.400 16.000 -18.800
3 16 15.700 16.000 -17.700 18.400 16.000 -18.800 18.400 13.000 -18.800
3 16 18.400 13.000 -18.800 15.700 13.000 -17.700 15.700 16.000 -17.700
3 16 13.300 16.000 -15.800 15.700 16.000 -17.700 15.700 13.000 -17.700
3 16 15.700 13.000 -17.700 13.300 13.000 -15.800 13.300 16.000 -15.800
3 16 11.900 16.000 -12.900 13.300 16.000 -15.800 13.300 13.000 -15.800
3 16 13.300 13.000 -15.800 11.900 13.000 -12.900 11.900 16.000 -12.900
3 16 11.300 16.000 -9.400 11.900 16.000 -12.900 11.900 13.000 -12.900
3 16 11.900 13.000 -12.900 11.300 13.000 -9.400 11.300 16.000 -9.400
3 16 10.900 16.000 -4.700 11.300 16.000 -9.400 11.300 13.000 -9.400
3 16 11.300 13.000 -9.400 10.900 13.000 -4.700 10.900 16.000 -4.700
3 16 10.500 16.000 0.200 10.900 16.000 -4.700 10.900 13.000 -4.700
3 16 10.900 13.000 -4.700 10.500 13.000 0.200 10.500 16.000 0.200
3 16 10.700 16.000 5.900 10.500 16.000 0.200 10.500 13.000 0.200
3 16 10.500 13.000 0.200 10.700 13.000 5.900 10.700 16.000 5.900
3 16 10.900 16.000 10.100 10.700 16.000 5.900 10.700 13.000 5.900
3 16 10.700 13.000 5.900 10.900 13.000 10.100 10.900 16.000 10.100
3 16 11.900 16.000 13.800 10.900 16.000 10.100 10.900 13.000 10.100
3 16 10.900 13.000 10.100 11.900 13.000 13.800 11.900 16.000 13.800
3 16 14.000 16.000 16.600 11.900 16.000 13.800 11.900 13.000 13.800
3 16 11.900 13.000 13.800 14.000 13.000 16.600 14.000 16.000 16.600
3 16 16.300 16.000 18.200 14.000 16.000 16.600 14.000 13.000 16.600
3 16 14.000 13.000 16.600 16.300 13.000 18.200 16.300 16.000 18.200
3 16 19.000 16.000 19.200 16.300 16.000 18.200 16.300 13.000 18.200
3 16 16.300 13.000 18.200 19.000 13.000 19.200 19.000 16.000 19.200
3 16 22.000 16.000 19.200 19.000 16.000 19.200 19.000 13.000 19.200
3 16 19.000 13.000 19.200 22.000 13.000 19.200 22.000 16.000 19.200
3 16 24.600 16.000 18.300 22.000 16.000 19.200 22.000 13.000 19.200
3 16 22.000 13.000 19.200 24.600 13.000 18.300 24.600 16.000 18.300
3 16 27.000 16.000 16.400 24.600 16.000 18.300 24.600 13.000 18.300
3 16 24.600 13.000 18.300 27.000 13.000 16.400 27.000 16.000 16.400
3 16 28.500 16.000 13.400 27.000 16.000 16.400 27.000 13.000 16.400
3 16 27.000 13.000 16.400 28.500 13.000 13.400 28.500 16.000 13.400
3 16 11.481 11.000 5.523 10.700 13.000 5.900 10.500 13.000 0.200
3 16 10.500 13.000 0.200 11.296 11.000 0.153 11.481 11.000 5.523
3 16 11.665 11.000 9.480 10.900 13.000 10.100 10.700 13.000 5.900
3 16 10.700 13.000 5.900 11.481 11.000 5.523 11.665 11.000 9.480
3 16 11.900 13.000 13.800 10.900 13.000 10.100 11.665 11.000 9.480
3 16 11.665 11.000 9.480 12.589 11.000 12.965 11.900 13.000 13.800
3 16 14.000 13.000 16.600 11.900 13.000 13.800 12.589 11.000 12.965
3 16 12.589 11.000 12.965 14.528 11.000 15.603 14.000 13.000 16.600
3 16 16.300 13.000 18.200 14.000 13.000 16.600 14.528 11.000 15.603
3 16 14.528 11.000 15.603 16.652 11.000 17.110 16.300 13.000 18.200
3 16 19.000 13.000 19.200 16.300 13.000 18.200 16.652 11.000 17.110
3 16 16.652 11.000 17.110 19.145 11.000 18.052 19.000 13.000 19.200
3 16 21.916 11.000 18.052 22.000 13.000 19.200 19.000 13.000 19.200
3 16 19.000 13.000 19.200 19.145 11.000 18.052 21.916 11.000 18.052
3 16 24.317 11.000 17.204 24.600 13.000 18.300 22.000 13.000 19.200
3 16 22.000 13.000 19.200 21.916 11.000 18.052 24.317 11.000 17.204
3 16 27.000 13.000 16.400 24.600 13.000 18.300 24.317 11.000 17.204
3 16 24.317 11.000 17.204 26.533 11.000 15.414 27.000 13.000 16.400
3 16 28.500 13.000 13.400 27.000 13.000 16.400 26.533 11.000 15.414
3 16 26.533 11.000 15.414 27.919 11.000 12.588 28.500 13.000 13.400
3 16 28.657 11.000 8.726 29.300 13.000 9.300 28.500 13.000 13.400
3 16 28.500 13.000 13.400 27.919 11.000 12.588 28.657 11.000 8.726
3 16 28.842 11.000 5.617 29.500 13.000 6.000 29.300 13.000 9.300
3 16 29.300 13.000 9.300 28.657 11.000 8.726 28.842 11.000 5.617
3 16 29.211 11.000 1.284 29.900 13.000 1.400 29.500 13.000 6.000
3 16 29.500 13.000 6.000 28.842 11.000 5.617 29.211 11.000 1.284
3 16 29.581 11.000 -0.883 30.300 13.000 -0.900 29.900 13.000 1.400
3 16 29.900 13.000 1.400 29.211 11.000 1.284 29.581 11.000 -0.883
3 16 31.900 13.000 -3.300 30.300 13.000 -0.900 29.581 11.000 -0.883
3 16 29.581 11.000 -0.883 31.058 11.000 -3.144 31.900 13.000 -3.300
3 16 33.400 13.000 -6.500 31.900 13.000 -3.300 31.058 11.000 -3.144
3 16 31.058 11.000 -3.144 32.444 11.000 -6.158 33.400 13.000 -6.500
3 16 32.536 11.000 -9.361 33.500 13.000 -9.900 33.400 13.000 -6.500
3 16 33.400 13.000 -6.500 32.444 11.000 -6.158 32.536 11.000 -9.361
3 16 32.074 11.000 -12.093 33.000 13.000 -12.800 33.500 13.000 -9.900
3 16 33.500 13.000 -9.900 32.536 11.000 -9.361 32.074 11.000 -12.093
3 16 31.100 13.000 -16.000 33.000 13.000 -12.800 32.074 11.000 -12.093
3 16 32.074 11.000 -12.093 30.320 11.000 -15.108 31.100 13.000 -16.000
3 16 28.100 13.000 -18.200 31.100 13.000 -16.000 30.320 11.000 -15.108
3 16 30.320 11.000 -15.108 27.549 11.000 -17.180 28.100 13.000 -18.200
3 16 24.502 11.000 -18.122 24.800 13.000 -19.200 28.100 13.000 -18.200
3 16 28.100 13.000 -18.200 27.549 11.000 -17.180 24.502 11.000 -18.122
3 16 22.008 11.000 -18.217 22.100 13.000 -19.300 24.800 13.000 -19.200
3 16 24.800 13.000 -19.200 24.502 11.000 -18.122 22.008 11.000 -18.217
3 16 18.591 11.000 -17.746 18.400 13.000 -18.800 22.100 13.000 -19.300
3 16 22.100 13.000 -19.300 22.008 11.000 -18.217 18.591 11.000 -17.746
3 16 15.700 13.000 -17.700 18.400 13.000 -18.800 18.591 11.000 -17.746
3 16 18.591 11.000 -17.746 16.098 11.000 -16.709 15.700 13.000 -17.700
3 16 13.300 13.000 -15.800 15.700 13.000 -17.700 16.098 11.000 -16.709
3 16 16.098 11.000 -16.709 13.882 11.000 -14.920 13.300 13.000 -15.800
3 16 11.900 13.000 -12.900 13.300 13.000 -15.800 13.882 11.000 -14.920
3 16 13.882 11.000 -14.920 12.589 11.000 -12.188 11.900 13.000 -12.900
3 16 12.035 11.000 -8.890 11.300 13.000 -9.400 11.900 13.000 -12.900
3 16 11.900 13.000 -12.900 12.589 11.000 -12.188 12.035 11.000 -8.890
3 16 11.665 11.000 -4.463 10.900 13.000 -4.700 11.300 13.000 -9.400
3 16 11.300 13.000 -9.400 12.035 11.000 -8.890 11.665 11.000 -4.463
3 16 11.296 11.000 0.153 10.500 13.000 0.200 10.900 13.000 -4.700
3 16 10.900 13.000 -4.700 11.665 11.000 -4.463 11.296 11.000 0.153
3 16 27.919 11.000 12.588 26.533 11.000 15.414 25.079 8.000 13.137
3 16 25.079 8.000 13.137 26.107 8.000 10.889 27.919 11.000 12.588
3 16 28.657 11.000 8.726 27.919 11.000 12.588 26.107 8.000 10.889
3 16 26.107 8.000 10.889 26.655 8.000 7.817 28.657 11.000 8.726
3 16 26.792 8.000 5.344 28.842 11.000 5.617 28.657 11.000 8.726
3 16 28.657 11.000 8.726 26.655 8.000 7.817 26.792 8.000 5.344
3 16 27.066 8.000 1.897 29.211 11.000 1.284 28.842 11.000 5.617
3 16 28.842 11.000 5.617 26.792 8.000 5.344 27.066 8.000 1.897
3 16 29.581 11.000 -0.883 29.211 11.000 1.284 27.066 8.000 1.897
3 16 27.066 8.000 1.897 26.185 6.000 0.771 29.581 11.000 -0.883
3 16 29.581 11.000 -0.883 27.491 6.000 -2.795 29.464 8.000 -4.023
3 16 29.581 11.000 -0.883 26.185 6.000 0.771 27.491 6.000 -2.795
3 16 29.464 8.000 -4.023 32.444 11.000 -6.158 31.058 11.000 -3.144
3 16 29.464 8.000 -4.023 31.058 11.000 -3.144 29.581 11.000 -0.883
3 16 29.533 8.000 -6.570 32.536 11.000 -9.361 32.444 11.000 -6.158
3 16 32.444 11.000 -6.158 29.464 8.000 -4.023 29.533 8.000 -6.570
3 16 32.074 11.000 -12.093 32.536 11.000 -9.361 29.533 8.000 -6.570
3 16 29.533 8.000 -6.570 29.190 8.000 -8.744 32.074 11.000 -12.093
3 16 27.889 8.000 -11.141 30.320 11.000 -15.108 32.074 11.000 -12.093
3 16 32.074 11.000 -12.093 29.190 8.000 -8.744 27.889 8.000 -11.141
3 16 25.833 8.000 -12.790 27.549 11.000 -17.180 30.320 11.000 -15.108
3 16 30.320 11.000 -15.108 27.889 8.000 -11.141 25.833 8.000 -12.790
3 16 24.502 11.000 -18.122 27.549 11.000 -17.180 25.833 8.000 -12.790
3 16 25.833 8.000 -12.790 23.572 8.000 -13.539 24.502 11.000 -18.122
3 16 21.722 8.000 -13.614 22.008 11.000 -18.217 24.502 11.000 -18.122
3 16 24.502 11.000 -18.122 23.572 8.000 -13.539 21.722 8.000 -13.614
3 16 19.187 8.000 -13.240 18.591 11.000 -17.746 22.008 11.000 -18.217
3 16 22.008 11.000 -18.217 21.722 8.000 -13.614 19.187 8.000 -13.240
3 16 16.098 11.000 -16.709 18.591 11.000 -17.746 19.187 8.000 -13.240
3 16 19.187 8.000 -13.240 17.337 8.000 -12.415 16.098 11.000 -16.709
3 16 13.882 11.000 -14.920 16.098 11.000 -16.709 17.337 8.000 -12.415
3 16 17.337 8.000 -12.415 15.693 8.000 -10.992 13.882 11.000 -14.920
3 16 12.589 11.000 -12.188 13.882 11.000 -14.920 15.693 8.000 -10.992
3 16 15.693 8.000 -10.992 14.734 8.000 -8.819 12.589 11.000 -12.188
3 16 12.035 11.000 -8.890 12.589 11.000 -12.188 14.734 8.000 -8.819
3 16 14.734 8.000 -8.819 14.323 8.000 -6.196 12.035 11.000 -8.890
3 16 14.049 8.000 -2.674 11.665 11.000 -4.463 12.035 11.000 -8.890
3 16 12.035 11.000 -8.890 14.323 8.000 -6.196 14.049 8.000 -2.674
3 16 13.774 8.000 0.998 11.296 11.000 0.153 11.665 11.000 -4.463
3 16 11.665 11.000 -4.463 14.049 8.000 -2.674 13.774 8.000 0.998
3 16 13.911 8.000 5.269 11.481 11.000 5.523 11.296 11.000 0.153
3 16 11.296 11.000 0.153 13.774 8.000 0.998 13.911 8.000 5.269
3 16 14.049 8.000 8.416 11.665 11.000 9.480 11.481 11.000 5.523
3 16 11.481 11.000 5.523 13.911 8.000 5.269 14.049 8.000 8.416
3 16 14.734 8.000 11.189 12.589 11.000 12.965 11.665 11.000 9.480
3 16 11.665 11.000 9.480 14.049 8.000 8.416 14.734 8.000 11.189
3 16 16.172 8.000 13.287 14.528 11.000 15.603 12.589 11.000 12.965
3 16 12.589 11.000 12.965 14.734 8.000 11.189 16.172 8.000 13.287
3 16 17.748 8.000 14.486 16.652 11.000 17.110 14.528 11.000 15.603
3 16 14.528 11.000 15.603 16.172 8.000 13.287 17.748 8.000 14.486
3 16 19.598 8.000 15.235 19.145 11.000 18.052 16.652 11.000 17.110
3 16 16.652 11.000 17.110 17.748 8.000 14.486 19.598 8.000 15.235
3 16 21.654 8.000 15.235 21.916 11.000 18.052 19.145 11.000 18.052
3 16 19.145 11.000 18.052 19.598 8.000 15.235 21.654 8.000 15.235
3 16 24.317 11.000 17.204 21.916 11.000 18.052 21.654 8.000 15.235
3 16 21.654 8.000 15.235 23.435 8.000 14.561 24.317 11.000 17.204
3 16 26.533 11.000 15.414 24.317 11.000 17.204 23.435 8.000 14.561
3 16 23.435 8.000 14.561 25.079 8.000 13.137 26.533 11.000 15.414
3 16 25.163 6.000 -11.665 25.833 8.000 -12.790 27.889 8.000 -11.141
3 16 27.889 8.000 -11.141 26.991 6.000 -9.654 25.163 6.000 -11.665
3 16 26.991 6.000 -9.654 27.889 8.000 -11.141 29.190 8.000 -8.744
3 16 26.991 6.000 -9.654 29.190 8.000 -8.744 27.513 6.000 -6.727
3 16 27.513 6.000 -6.727 29.190 8.000 -8.744 29.533 8.000 -6.570
3 16 27.513 6.000 -6.727 29.533 8.000 -6.570 27.491 6.000 -2.795
3 16 27.491 6.000 -2.795 29.533 8.000 -6.570 29.464 8.000 -4.023
3 16 27.066 8.000 1.897 26.792 8.000 5.344 25.372 6.000 5.801
3 16 25.372 6.000 5.801 26.185 6.000 0.771 27.066 8.000 1.897
3 16 25.372 6.000 5.801 26.792 8.000 5.344 26.655 8.000 7.817
3 16 26.655 8.000 7.817 24.358 6.000 10.830 25.372 6.000 5.801
3 16 24.358 6.000 10.830 26.655 8.000 7.817 26.107 8.000 10.889
3 16 24.358 6.000 10.830 26.107 8.000 10.889 25.079 8.000 13.137
3 16 24.358 6.000 10.830 25.079 8.000 13.137 22.792 6.000 13.848
3 16 25.079 8.000 13.137 23.435 8.000 14.561 22.792 6.000 13.848
3 16 22.792 6.000 13.848 23.435 8.000 14.561 21.654 8.000 15.235
3 16 22.792 6.000 13.848 21.654 8.000 15.235 20.008 6.000 14.854
3 16 20.008 6.000 14.854 21.654 8.000 15.235 19.598 8.000 15.235
3 16 20.008 6.000 14.854 19.598 8.000 15.235 17.833 6.000 14.122
3 16 17.833 6.000 14.122 19.598 8.000 15.235 17.748 8.000 14.486
3 16 17.833 6.000 14.122 17.748 8.000 14.486 16.172 8.000 13.287
3 16 17.833 6.000 14.122 16.172 8.000 13.287 15.745 6.000 11.745
3 16 15.745 6.000 11.745 16.172 8.000 13.287 14.734 8.000 11.189
3 16 15.745 6.000 11.745 14.734 8.000 11.189 15.200 6.000 8.087
3 16 15.200 6.000 8.087 14.734 8.000 11.189 14.049 8.000 8.416
3 16 15.200 6.000 8.087 14.049 8.000 8.416 13.911 8.000 5.269
3 16 15.200 6.000 8.087 13.911 8.000 5.269 13.774 8.000 0.998
3 16 15.200 6.000 8.087 13.774 8.000 0.998 15.200 6.000 -6.362
3 16 15.200 6.000 -6.362 13.774 8.000 0.998 14.049 8.000 -2.674
3 16 15.200 6.000 -6.362 14.049 8.000 -2.674 14.323 8.000 -6.196
3 16 15.200 6.000 -6.362 14.323 8.000 -6.196 14.734 8.000 -8.819
3 16 15.200 6.000 -6.362 14.734 8.000 -8.819 15.832 6.000 -9.654
3 16 15.832 6.000 -9.654 14.734 8.000 -8.819 15.693 8.000 -10.992
3 16 15.832 6.000 -9.654 15.693 8.000 -10.992 17.659 6.000 -11.848
3 16 17.659 6.000 -11.848 15.693 8.000 -10.992 17.337 8.000 -12.415
3 16 17.659 6.000 -11.848 17.337 8.000 -12.415 19.187 8.000 -13.240
3 16 17.659 6.000 -11.848 19.187 8.000 -13.240 20.095 6.000 -12.580
3 16 20.095 6.000 -12.580 19.187 8.000 -13.240 21.722 8.000 -13.614
3 16 20.095 6.000 -12.580 21.722 8.000 -13.614 22.966 6.000 -12.671
3 16 22.966 6.000 -12.671 21.722 8.000 -13.614 23.572 8.000 -13.539
3 16 22.966 6.000 -12.671 23.572 8.000 -13.539 25.833 8.000 -12.790
3 16 25.833 8.000 -12.790 25.163 6.000 -11.665 22.966 6.000 -12.671
3 16 30.700 11.000 -11.000 26.000 7.000 -11.000 26.000 15.800 -11.000
3 16 26.000 15.800 -11.000 30.700 15.800 -11.000 30.700 11.000 -11.000
3 16 26.000 7.000 -9.000 30.700 11.000 -9.000 30.700 15.800 -9.000
3 16 30.700 15.800 -9.000 26.000 15.800 -9.000 26.000 7.000 -9.000
3 16 26.000 7.130 -9.000 26.000 15.800 -9.000 26.000 15.800 -11.000
3 16 26.000 15.800 -11.000 26.000 7.000 -11.000 26.000 7.130 -9.000
2 24 25.615 0.000 11.939 26.000 0.000 10.000
2 24 20.000 0.000 16.000 21.939 0.000 15.615
2 24 28.478 4.000 7.654 25.615 4.000 11.939
2 24 25.615 0.000 11.939 28.478 0.000 7.654
2 24 21.939 4.000 15.615 17.654 4.000 18.478
2 24 17.654 0.000 18.478 21.939 0.000 15.615
2 24 25.615 4.000 -11.939 28.478 4.000 -7.654
2 24 28.478 0.000 -7.654 25.615 0.000 -11.939
2 24 17.654 4.000 -18.478 21.939 4.000 -15.615
2 24 21.939 0.000 -15.615 17.654 0.000 -18.478
2 24 25.615 0.000 -11.939 26.000 0.000 -10.000
2 24 20.000 0.000 -16.000 21.939 0.000 -15.615
2 24 29.800 16.000 -4.700 28.500 16.000 -2.000
2 24 17.704 16.000 15.543 15.757 16.000 14.243
2 24 14.000 16.000 -10.000 14.457 16.000 -12.296
2 24 30.400 16.000 -10.400 30.300 16.000 -7.300
2 24 12.800 16.000 -5.400 14.000 16.000 -7.600
2 24 24.243 16.000 14.243 22.296 16.000 15.543
2 24 15.757 16.000 14.243 14.457 16.000 12.296
2 24 28.000 16.000 0.100 27.000 16.000 6.200
2 24 27.000 16.000 6.200 26.000 16.000 8.200
2 24 30.300 16.000 -7.300 29.800 16.000 -4.700
2 24 17.704 16.000 -15.543 20.000 16.000 -16.000
2 24 12.400 16.000 4.300 12.100 16.000 -0.600
2 24 14.000 16.000 -7.600 14.000 16.000 -10.000
2 24 13.800 16.000 8.100 13.000 16.000 6.400
2 24 24.400 16.000 -16.100 27.000 16.000 -15.100
2 24 13.000 16.000 6.400 12.400 16.000 4.300
2 24 25.543 16.000 12.296 24.243 16.000 14.243
2 24 29.200 16.000 -13.200 30.400 16.000 -10.400
2 24 26.000 16.000 10.000 25.543 16.000 12.296
2 24 28.500 16.000 -2.000 28.000 16.000 0.100
2 24 14.000 16.000 10.000 13.800 16.000 8.100
2 24 20.000 16.000 16.000 17.704 16.000 15.543
2 24 27.000 16.000 -15.100 29.200 16.000 -13.200
2 24 12.100 16.000 -0.600 12.800 16.000 -5.400
2 24 26.000 16.000 8.200 26.000 16.000 10.000
2 24 22.296 16.000 15.543 20.000 16.000 16.000
2 24 14.457 16.000 -12.296 15.757 16.000 -14.243
2 24 14.457 16.000 12.296 14.000 16.000 10.000
2 24 15.757 16.000 -14.243 17.704 16.000 -15.543
2 24 20.000 16.000 -16.000 24.400 16.000 -16.100
2 24 29.800 11.000 -4.700 28.500 11.000 -2.000
2 24 17.704 11.000 15.543 15.757 11.000 14.243
2 24 14.000 11.000 -10.000 14.457 11.000 -12.296
2 24 30.400 11.000 -10.400 30.300 11.000 -7.300
2 24 12.800 11.000 -5.400 14.000 11.000 -7.600
2 24 24.243 11.000 14.243 22.296 11.000 15.543
2 24 15.757 11.000 14.243 14.457 11.000 12.296
2 24 28.000 11.000 0.100 27.000 11.000 6.200
2 24 27.000 11.000 6.200 26.000 11.000 8.200
2 24 30.300 11.000 -7.300 29.800 11.000 -4.700
2 24 17.704 11.000 -15.543 20.000 11.000 -16.000
2 24 12.400 11.000 4.300 12.100 11.000 -0.600
2 24 14.000 11.000 -7.600 14.000 11.000 -10.000
2 24 13.800 11.000 8.100 13.000 11.000 6.400
2 24 24.400 11.000 -16.100 27.000 11.000 -15.100
2 24 13.000 11.000 6.400 12.400 11.000 4.300
2 24 25.543 11.000 12.296 24.243 11.000 14.243
2 24 29.200 11.000 -13.200 30.400 11.000 -10.400
2 24 26.000 11.000 10.000 25.543 11.000 12.296
2 24 28.500 11.000 -2.000 28.000 11.000 0.100
2 24 14.000 11.000 10.000 13.800 11.000 8.100
2 24 20.000 11.000 16.000 17.704 11.000 15.543
2 24 27.000 11.000 -15.100 29.200 11.000 -13.200
2 24 12.100 11.000 -0.600 12.800 11.000 -5.400
2 24 26.000 11.000 8.200 26.000 11.000 10.000
2 24 22.296 11.000 15.543 20.000 11.000 16.000
2 24 14.457 11.000 -12.296 15.757 11.000 -14.243
2 24 14.457 11.000 12.296 14.000 11.000 10.000
2 24 15.757 11.000 -14.243 17.704 11.000 -15.543
2 24 20.000 11.000 -16.000 24.400 11.000 -16.100
2 24 29.400 11.000 -8.300 28.800 11.000 -4.000
2 24 23.600 11.000 -14.800 26.700 11.000 -13.700
2 24 15.400 11.000 -11.500 17.500 11.000 -13.900
2 24 17.500 11.000 -13.900 20.300 11.000 -14.700
2 24 23.400 11.000 14.200 20.200 11.000 15.300
2 24 28.800 11.000 -4.000 27.300 11.000 -0.100
2 24 27.300 11.000 -0.100 25.200 11.000 10.900
2 24 25.200 11.000 10.900 23.400 11.000 14.200
2 24 15.300 11.000 11.900 14.500 11.000 7.900
2 24 28.800 11.000 -11.500 29.400 11.000 -8.300
2 24 20.200 11.000 15.300 17.700 11.000 14.500
2 24 14.700 11.000 -7.900 15.400 11.000 -11.500
2 24 17.700 11.000 14.500 15.300 11.000 11.900
2 24 14.500 11.000 7.900 14.700 11.000 -7.900
2 24 20.300 11.000 -14.700 23.600 11.000 -14.800
2 24 26.700 11.000 -13.700 28.800 11.000 -11.500
2 24 24.358 4.000 10.830 22.792 4.000 13.848
2 24 26.185 4.000 0.771 24.358 4.000 10.830
2 24 17.659 4.000 -11.848 20.095 4.000 -12.580
2 24 22.792 4.000 13.848 20.008 4.000 14.854
2 24 15.200 4.000 8.087 15.200 4.000 -6.362
2 24 20.008 4.000 14.854 17.833 4.000 14.122
2 24 15.200 4.000 -6.362 15.832 4.000 -9.654
2 24 15.832 4.000 -9.654 17.659 4.000 -11.848
2 24 25.163 4.000 -11.665 26.991 4.000 -9.654
2 24 15.745 4.000 11.745 15.200 4.000 8.087
2 24 22.966 4.000 -12.671 25.163 4.000 -11.665
2 24 17.833 4.000 14.122 15.745 4.000 11.745
2 24 27.513 4.000 -6.727 27.491 4.000 -2.795
2 24 27.491 4.000 -2.795 26.185 4.000 0.771
2 24 26.991 4.000 -9.654 27.513 4.000 -6.727
2 24 20.095 4.000 -12.580 22.966 4.000 -12.671
2 24 31.900 16.000 -3.300 33.400 16.000 -6.500
2 24 27.000 16.000 16.400 28.500 16.000 13.400
2 24 10.700 16.000 5.900 10.900 16.000 10.100
2 24 10.900 16.000 10.100 11.900 16.000 13.800
2 24 11.900 16.000 13.800 14.000 16.000 16.600
2 24 29.900 16.000 1.400 30.300 16.000 -0.900
2 24 13.300 16.000 -15.800 11.900 16.000 -12.900
2 24 16.300 16.000 18.200 19.000 16.000 19.200
2 24 28.100 16.000 -18.200 24.800 16.000 -19.200
2 24 19.000 16.000 19.200 22.000 16.000 19.200
2 24 33.400 16.000 -6.500 33.500 16.000 -9.900
2 24 29.500 16.000 6.000 29.900 16.000 1.400
2 24 10.500 16.000 0.200 10.700 16.000 5.900
2 24 28.500 16.000 13.400 29.300 16.000 9.300
2 24 22.000 16.000 19.200 24.600 16.000 18.300
2 24 29.300 16.000 9.300 29.500 16.000 6.000
2 24 24.600 16.000 18.300 27.000 16.000 16.400
2 24 11.300 16.000 -9.400 10.900 16.000 -4.700
2 24 15.700 16.000 -17.700 13.300 16.000 -15.800
2 24 30.300 16.000 -0.900 31.900 16.000 -3.300
2 24 31.100 16.000 -16.000 28.100 16.000 -18.200
2 24 10.900 16.000 -4.700 10.500 16.000 0.200
2 24 11.900 16.000 -12.900 11.300 16.000 -9.400
2 24 18.400 16.000 -18.800 15.700 16.000 -17.700
2 24 24.800 16.000 -19.200 22.100 16.000 -19.300
2 24 33.000 16.000 -12.800 31.100 16.000 -16.000
2 24 14.000 16.000 16.600 16.300 16.000 18.200
2 24 22.100 16.000 -19.300 18.400 16.000 -18.800
2 24 33.500 16.000 -9.900 33.000 16.000 -12.800
2 24 25.122 4.000 0.504 23.739 4.000 9.343
2 24 18.668 4.000 -10.584 20.512 4.000 -11.227
2 24 16.825 4.000 -5.763 17.286 4.000 -8.656
2 24 26.505 4.000 -6.085 26.110 4.000 -2.630
2 24 17.286 4.000 -8.656 18.668 4.000 -10.584
2 24 26.110 4.000 -2.630 25.122 4.000 0.504
2 24 16.693 4.000 6.932 16.825 4.000 -5.763
2 24 18.800 4.000 12.235 17.220 4.000 10.146
2 24 22.685 4.000 -11.307 24.727 4.000 -10.424
2 24 24.727 4.000 -10.424 26.110 4.000 -8.656
2 24 22.554 4.000 11.994 20.446 4.000 12.878
2 24 17.220 4.000 10.146 16.693 4.000 6.932
2 24 20.512 4.000 -11.227 22.685 4.000 -11.307
2 24 20.446 4.000 12.878 18.800 4.000 12.235
2 24 26.110 4.000 -8.656 26.505 4.000 -6.085
2 24 23.739 4.000 9.343 22.554 4.000 11.994
2 24 26.908 9.142 -11.000 26.000 8.430 -11.000
2 24 26.908 9.142 -11.000 28.327 10.297 -11.000
2 24 26.000 7.130 -9.000 26.435 7.484 -9.000
2 24 30.355 11.000 -9.000 29.269 11.000 -9.000
2 24 28.327 10.297 -11.000 28.894 11.000 -11.000
2 24 29.269 11.000 -9.000 26.435 7.484 -9.000
2 24 30.143 11.000 -11.000 30.143 15.800 -11.000
2 24 30.355 11.000 -9.000 30.355 15.800 -9.000
2 24 30.143 11.000 -11.000 28.894 11.000 -11.000
2 24 30.143 15.800 -11.000 30.400 15.800 -10.400
2 24 30.355 15.800 -9.000 30.400 15.800 -10.400
2 24 26.000 7.130 -9.000 26.000 15.800 -9.000
2 24 26.000 8.430 -11.000 26.000 15.800 -11.000
2 24 30.143 15.800 -11.000 26.000 15.800 -11.000
2 24 26.000 15.800 -9.000 30.355 15.800 -9.000
2 24 26.000 8.250 -10.760 26.000 8.430 -11.000
2 24 26.000 7.130 -9.000 26.000 8.250 -10.760
2 24 16.788 4.000 -2.255 16.788 7.000 -2.255
2 24 16.304 7.873 -1.531 16.788 7.000 -2.255
2 24 16.304 7.873 -1.531 16.000 8.402 0.000
2 24 16.742 4.000 2.186 16.742 7.000 2.186
2 24 16.304 7.815 1.531 16.000 8.402 0.000
2 24 16.742 7.000 2.186 16.304 7.815 1.531
1 16 10.0000 0.0000 0.0000 0.0000 0.0000 20.0000 0.0000 1.0000 0.0000 20.0000 0.0000 0.0000 1-16chrd.dat
1 16 10.0000 0.0000 0.0000 0.0000 0.0000 20.0000 0.0000 4.0000 0.0000 20.0000 0.0000 0.0000 1-16cylo.dat
1 16 20.0000 0.0000 10.0000 1.0000 0.0000 0.0000 0.0000 1.0000 0.0000 0.0000 0.0000 1.0000 stud2a.dat
1 16 20.0000 0.0000 10.0000 6.0000 0.0000 0.0000 0.0000 1.0000 0.0000 0.0000 0.0000 -6.0000 3-4edge.dat
1 16 20.0000 0.0000 10.0000 4.0000 0.0000 0.0000 0.0000 1.0000 0.0000 0.0000 0.0000 4.0000 4-4edge.dat
1 16 20.0000 0.0000 10.0000 5.5433 0.0000 -2.2961 0.0000 4.0000 0.0000 2.2961 0.0000 5.5433 1-8cyli.dat
1 16 20.0000 4.0000 10.0000 5.5433 0.0000 -2.2961 0.0000 1.0000 0.0000 2.2961 0.0000 5.5433 1-8edge.dat
1 16 20.0000 4.0000 10.0000 5.5433 0.0000 -2.2961 0.0000 -1.0000 0.0000 2.2961 0.0000 5.5433 1-8chrd.dat
1 16 22.1174 2.0000 15.5789 0.0000 0.0000 -0.1800 2.0000 0.0000 0.0000 0.0000 -1.0000 0.0400 rect2a.dat
1 16 25.5789 2.0000 12.1174 0.0352 -1.0002 0.0000 0.0000 0.0000 2.0000 -0.1765 0.0047 0.0000 rect2a.dat
1 16 10.0000 0.0000 0.0000 20.0000 0.0000 0.0000 0.0000 1.0000 0.0000 0.0000 0.0000 20.0000 1-16chrd.dat
1 16 10.0000 0.0000 0.0000 20.0000 0.0000 0.0000 0.0000 4.0000 0.0000 0.0000 0.0000 20.0000 1-16cylo.dat
1 16 10.0000 4.0000 0.0000 0.0000 0.0000 20.0000 0.0000 -1.0000 0.0000 20.0000 0.0000 0.0000 1-16chrd.dat
1 16 10.0000 4.0000 0.0000 20.0000 0.0000 0.0000 0.0000 -1.0000 0.0000 0.0000 0.0000 20.0000 1-16chrd.dat
1 16 10.0000 0.0000 0.0000 0.0000 0.0000 20.0000 0.0000 1.0000 0.0000 -20.0000 0.0000 0.0000 1-16chrd.dat
1 16 10.0000 0.0000 0.0000 0.0000 0.0000 20.0000 0.0000 4.0000 0.0000 -20.0000 0.0000 0.0000 1-16cylo.dat
1 16 20.0000 0.0000 -10.0000 1.0000 0.0000 0.0000 0.0000 1.0000 0.0000 0.0000 0.0000 -1.0000 stud2a.dat
1 16 20.0000 0.0000 -10.0000 6.0000 0.0000 0.0000 0.0000 1.0000 0.0000 0.0000 0.0000 6.0000 3-4edge.dat
1 16 20.0000 0.0000 -10.0000 4.0000 0.0000 0.0000 0.0000 1.0000 0.0000 0.0000 0.0000 -4.0000 4-4edge.dat
1 16 20.0000 0.0000 -10.0000 5.5433 0.0000 -2.2961 0.0000 4.0000 0.0000 -2.2961 0.0000 -5.5433 1-8cyli.dat
1 16 20.0000 4.0000 -10.0000 5.5433 0.0000 -2.2961 0.0000 1.0000 0.0000 -2.2961 0.0000 -5.5433 1-8edge.dat
1 16 20.0000 4.0000 -10.0000 5.5433 0.0000 -2.2961 0.0000 -1.0000 0.0000 -2.2961 0.0000 -5.5433 1-8chrd.dat
1 16 22.1174 2.0000 -15.5789 -0.1765 0.0044 0.0000 0.0000 0.0000 2.0000 -0.0352 1.0002 0.0000 rect2a.dat
1 16 25.5789 2.0000 -12.1174 0.0000 -1.0000 0.0400 2.0000 0.0000 0.0000 0.0000 0.0000 0.1800 rect2a.dat
1 16 10.0000 0.0000 0.0000 20.0000 0.0000 0.0000 0.0000 1.0000 0.0000 0.0000 0.0000 -20.0000 1-16chrd.dat
1 16 10.0000 0.0000 0.0000 20.0000 0.0000 0.0000 0.0000 4.0000 0.0000 0.0000 0.0000 -20.0000 1-16cylo.dat
1 16 10.0000 4.0000 0.0000 0.0000 0.0000 20.0000 0.0000 -1.0000 0.0000 -20.0000 0.0000 0.0000 1-16chrd.dat
1 16 10.0000 4.0000 0.0000 20.0000 0.0000 0.0000 0.0000 -1.0000 0.0000 0.0000 0.0000 -20.0000 1-16chrd.dat
1 16 8.3500 5.0000 -2.5000 0.0000 0.0000 -6.8500 -0.9990 -1.0009 0.0000 -2.4976 0.0019 0.0000 rect.dat
1 16 8.3500 5.0000 2.5000 -6.8500 0.0000 0.0000 0.0000 -1.0000 -1.0000 0.0000 0.0000 2.5000 rect3.dat
1 16 20.0000 4.0000 0.0000 1.0000 0.0000 0.0000 0.0000 -3.0000 0.0000 0.0000 0.0000 -1.0000 stud3.dat
1 16 28.3500 15.8000 -10.0000 -2.3500 0.0000 0.0000 0.0000 -1.0000 0.0000 0.0000 0.0000 1.0000 rect1.dat
3 16 -17.654 0.000 18.478 -21.939 0.000 15.615 -25.615 0.000 11.939
3 16 -25.615 0.000 11.939 -28.478 0.000 7.654 -17.654 0.000 18.478
3 16 -30.000 0.000 0.000 -10.000 0.000 20.000 -17.654 0.000 18.478
3 16 -17.654 0.000 18.478 -28.478 0.000 7.654 -30.000 0.000 0.000
3 16 -28.478 4.000 7.654 -28.478 0.000 7.654 -25.615 0.000 11.939
3 16 -25.615 0.000 11.939 -25.615 4.000 11.939 -28.478 4.000 7.654
3 16 -21.939 4.000 15.615 -21.939 0.000 15.615 -17.654 0.000 18.478
3 16 -17.654 0.000 18.478 -17.654 4.000 18.478 -21.939 4.000 15.615
3 16 -25.615 4.000 -11.939 -25.615 0.000 -11.939 -28.478 0.000 -7.654
3 16 -28.478 0.000 -7.654 -28.478 4.000 -7.654 -25.615 4.000 -11.939
3 16 -17.654 4.000 -18.478 -17.654 0.000 -18.478 -21.939 0.000 -15.615
3 16 -21.939 0.000 -15.615 -21.939 4.000 -15.615 -17.654 4.000 -18.478
3 16 -22.296 4.000 15.543 -21.939 4.000 15.615 -25.615 4.000 11.939
3 16 -25.615 4.000 11.939 -25.543 4.000 12.296 -22.296 4.000 15.543
3 16 -17.654 4.000 18.478 -28.478 4.000 7.654 -25.615 4.000 11.939
3 16 -25.615 4.000 11.939 -21.939 4.000 15.615 -17.654 4.000 18.478
3 16 -10.000 4.000 20.000 -30.000 4.000 0.000 -28.478 4.000 7.654
3 16 -28.478 4.000 7.654 -17.654 4.000 18.478 -10.000 4.000 20.000
3 16 -17.654 0.000 -18.478 -28.478 0.000 -7.654 -25.615 0.000 -11.939
3 16 -25.615 0.000 -11.939 -21.939 0.000 -15.615 -17.654 0.000 -18.478
3 16 -30.000 0.000 0.000 -28.478 0.000 -7.654 -17.654 0.000 -18.478
3 16 -17.654 0.000 -18.478 -10.000 0.000 -20.000 -30.000 0.000 0.000
3 16 -22.296 4.000 -15.543 -25.543 4.000 -12.296 -25.615 4.000 -11.939
3 16 -25.615 4.000 -11.939 -21.939 4.000 -15.615 -22.296 4.000 -15.543
3 16 -17.654 4.000 -18.478 -21.939 4.000 -15.615 -25.615 4.000 -11.939
3 16 -25.615 4.000 -11.939 -28.478 4.000 -7.654 -17.654 4.000 -18.478
3 16 -10.000 4.000 -20.000 -17.654 4.000 -18.478 -28.478 4.000 -7.654
3 16 -28.478 4.000 -7.654 -30.000 4.000 0.000 -10.000 4.000 -20.000
3 16 -10.000 0.000 20.000 -30.000 0.000 0.000 -10.000 0.000 -20.000
3 16 -10.000 4.000 -20.000 -30.000 4.000 0.000 -10.000 4.000 20.000
3 16 -11.900 16.000 -12.900 -14.000 16.000 -10.000 -14.000 16.000 -7.600
3 16 -14.000 16.000 -7.600 -11.300 16.000 -9.400 -11.900 16.000 -12.900
3 16 -13.300 16.000 -15.800 -14.457 16.000 -12.296 -14.000 16.000 -10.000
3 16 -14.000 16.000 -10.000 -11.900 16.000 -12.900 -13.300 16.000 -15.800
3 16 -15.700 16.000 -17.700 -15.757 16.000 -14.243 -14.457 16.000 -12.296
3 16 -14.457 16.000 -12.296 -13.300 16.000 -15.800 -15.700 16.000 -17.700
3 16 -18.400 16.000 -18.800 -17.704 16.000 -15.543 -15.757 16.000 -14.243
3 16 -15.757 16.000 -14.243 -15.700 16.000 -17.700 -18.400 16.000 -18.800
3 16 -22.100 16.000 -19.300 -20.000 16.000 -16.000 -17.704 16.000 -15.543
3 16 -17.704 16.000 -15.543 -18.400 16.000 -18.800 -22.100 16.000 -19.300
3 16 -24.800 16.000 -19.200 -24.400 16.000 -16.100 -20.000 16.000 -16.000
3 16 -20.000 16.000 -16.000 -22.100 16.000 -19.300 -24.800 16.000 -19.200
3 16 -27.000 16.000 -15.100 -24.400 16.000 -16.100 -24.800 16.000 -19.200
3 16 -24.800 16.000 -19.200 -28.100 16.000 -18.200 -27.000 16.000 -15.100
3 16 -29.200 16.000 -13.200 -27.000 16.000 -15.100 -28.100 16.000 -18.200
3 16 -28.100 16.000 -18.200 -31.100 16.000 -16.000 -29.200 16.000 -13.200
3 16 -30.400 16.000 -10.400 -29.200 16.000 -13.200 -31.100 16.000 -16.000
3 16 -31.100 16.000 -16.000 -33.000 16.000 -12.800 -30.400 16.000 -10.400
3 16 -30.300 16.000 -7.300 -30.400 16.000 -10.400 -33.000 16.000 -12.800
3 16 -33.000 16.000 -12.800 -33.500 16.000 -9.900 -30.300 16.000 -7.300
3 16 -29.800 16.000 -4.700 -30.300 16.000 -7.300 -33.500 16.000 -9.900
3 16 -33.500 16.000 -9.900 -33.400 16.000 -6.500 -29.800 16.000 -4.700
3 16 -30.300 16.000 -0.900 -29.800 16.000 -4.700 -33.400 16.000 -6.500
3 16 -33.400 16.000 -6.500 -31.900 16.000 -3.300 -30.300 16.000 -0.900
3 16 -10.900 16.000 -4.700 -11.300 16.000 -9.400 -14.000 16.000 -7.600
3 16 -14.000 16.000 -7.600 -12.800 16.000 -5.400 -10.900 16.000 -4.700
3 16 -10.500 16.000 0.200 -10.900 16.000 -4.700 -12.800 16.000 -5.400
3 16 -12.800 16.000 -5.400 -12.100 16.000 -0.600 -10.500 16.000 0.200
3 16 -10.700 16.000 5.900 -10.500 16.000 0.200 -12.100 16.000 -0.600
3 16 -12.100 16.000 -0.600 -12.400 16.000 4.300 -10.700 16.000 5.900
3 16 -10.900 16.000 10.100 -10.700 16.000 5.900 -12.400 16.000 4.300
3 16 -12.400 16.000 4.300 -13.000 16.000 6.400 -10.900 16.000 10.100
3 16 -14.000 16.000 10.000 -10.900 16.000 10.100 -13.000 16.000 6.400
3 16 -13.000 16.000 6.400 -13.800 16.000 8.100 -14.000 16.000 10.000
3 16 -14.457 16.000 12.296 -11.900 16.000 13.800 -10.900 16.000 10.100
3 16 -10.900 16.000 10.100 -14.000 16.000 10.000 -14.457 16.000 12.296
3 16 -15.757 16.000 14.243 -14.000 16.000 16.600 -11.900 16.000 13.800
3 16 -11.900 16.000 13.800 -14.457 16.000 12.296 -15.757 16.000 14.243
3 16 -17.704 16.000 15.543 -16.300 16.000 18.200 -14.000 16.000 16.600
3 16 -14.000 16.000 16.600 -15.757 16.000 14.243 -17.704 16.000 15.543
3 16 -20.000 16.000 16.000 -19.000 16.000 19.200 -16.300 16.000 18.200
3 16 -16.300 16.000 18.200 -17.704 16.000 15.543 -20.000 16.000 16.000
3 16 -22.296 16.000 15.543 -22.000 16.000 19.200 -19.000 16.000 19.200
3 16 -19.000 16.000 19.200 -20.000 16.000 16.000 -22.296 16.000 15.543
3 16 -24.243 16.000 14.243 -24.600 16.000 18.300 -22.000 16.000 19.200
3 16 -22.000 16.000 19.200 -22.296 16.000 15.543 -24.243 16.000 14.243
3 16 -25.543 16.000 12.296 -27.000 16.000 16.400 -24.600 16.000 18.300
3 16 -24.600 16.000 18.300 -24.243 16.000 14.243 -25.543 16.000 12.296
3 16 -26.000 16.000 10.000 -28.500 16.000 13.400 -27.000 16.000 16.400
3 16 -27.000 16.000 16.400 -25.543 16.000 12.296 -26.000 16.000 10.000
3 16 -26.000 16.000 8.200 -29.300 16.000 9.300 -28.500 16.000 13.400
3 16 -28.500 16.000 13.400 -26.000 16.000 10.000 -26.000 16.000 8.200
3 16 -29.500 16.000 6.000 -29.300 16.000 9.300 -26.000 16.000 8.200
3 16 -26.000 16.000 8.200 -27.000 16.000 6.200 -29.500 16.000 6.000
3 16 -29.900 16.000 1.400 -29.500 16.000 6.000 -27.000 16.000 6.200
3 16 -27.000 16.000 6.200 -28.000 16.000 0.100 -29.900 16.000 1.400
3 16 -30.300 16.000 -0.900 -29.900 16.000 1.400 -28.000 16.000 0.100
3 16 -28.000 16.000 0.100 -28.500 16.000 -2.000 -30.300 16.000 -0.900
3 16 -30.300 16.000 -0.900 -28.500 16.000 -2.000 -29.800 16.000 -4.700
3 16 -17.704 16.000 15.543 -15.757 16.000 14.243 -15.757 11.000 14.243
3 16 -15.757 11.000 14.243 -17.704 11.000 15.543 -17.704 16.000 15.543
3 16 -15.757 16.000 14.243 -14.457 16.000 12.296 -14.457 11.000 12.296
3 16 -14.457 11.000 12.296 -15.757 11.000 14.243 -15.757 16.000 14.243
3 16 -20.000 16.000 16.000 -17.704 16.000 15.543 -17.704 11.000 15.543
3 16 -17.704 11.000 15.543 -20.000 11.000 16.000 -20.000 16.000 16.000
3 16 -13.800 16.000 8.100 -13.000 16.000 6.400 -13.000 11.000 6.400
3 16 -13.000 11.000 6.400 -13.800 11.000 8.100 -13.800 16.000 8.100
3 16 -13.000 16.000 6.400 -12.400 16.000 4.300 -12.400 11.000 4.300
3 16 -12.400 11.000 4.300 -13.000 11.000 6.400 -13.000 16.000 6.400
3 16 -14.457 16.000 12.296 -14.000 16.000 10.000 -14.000 11.000 10.000
3 16 -14.000 11.000 10.000 -14.457 11.000 12.296 -14.457 16.000 12.296
3 16 -14.000 16.000 10.000 -13.800 16.000 8.100 -13.800 11.000 8.100
3 16 -13.800 11.000 8.100 -14.000 11.000 10.000 -14.000 16.000 10.000
3 16 -12.800 16.000 -5.400 -14.000 16.000 -7.600 -14.000 11.000 -7.600
3 16 -14.000 11.000 -7.600 -12.800 11.000 -5.400 -12.800 16.000 -5.400
3 16 -14.000 16.000 -7.600 -14.000 16.000 -10.000 -14.000 11.000 -10.000
3 16 -14.000 11.000 -10.000 -14.000 11.000 -7.600 -14.000 16.000 -7.600
3 16 -12.400 16.000 4.300 -12.100 16.000 -0.600 -12.100 11.000 -0.600
3 16 -12.100 11.000 -0.600 -12.400 11.000 4.300 -12.400 16.000 4.300
3 16 -12.100 16.000 -0.600 -12.800 16.000 -5.400 -12.800 11.000 -5.400
3 16 -12.800 11.000 -5.400 -12.100 11.000 -0.600 -12.100 16.000 -0.600
3 16 -15.757 16.000 -14.243 -17.704 16.000 -15.543 -17.704 11.000 -15.543
3 16 -17.704 11.000 -15.543 -15.757 11.000 -14.243 -15.757 16.000 -14.243
3 16 -17.704 16.000 -15.543 -20.000 16.000 -16.000 -20.000 11.000 -16.000
3 16 -20.000 11.000 -16.000 -17.704 11.000 -15.543 -17.704 16.000 -15.543
3 16 -14.000 16.000 -10.000 -14.457 16.000 -12.296 -14.457 11.000 -12.296
3 16 -14.457 11.000 -12.296 -14.000 11.000 -10.000 -14.000 16.000 -10.000
3 16 -14.457 16.000 -12.296 -15.757 16.000 -14.243 -15.757 11.000 -14.243
3 16 -15.757 11.000 -14.243 -14.457 11.000 -12.296 -14.457 16.000 -12.296
3 16 -27.000 16.000 -15.100 -29.200 16.000 -13.200 -29.200 11.000 -13.200
3 16 -29.200 11.000 -13.200 -27.000 11.000 -15.100 -27.000 16.000 -15.100
3 16 -29.200 16.000 -13.200 -30.400 16.000 -10.400 -30.400 11.000 -10.400
3 16 -30.400 11.000 -10.400 -29.200 11.000 -13.200 -29.200 16.000 -13.200
3 16 -20.000 16.000 -16.000 -24.400 16.000 -16.100 -24.400 11.000 -16.100
3 16 -24.400 11.000 -16.100 -20.000 11.000 -16.000 -20.000 16.000 -16.000
3 16 -24.400 16.000 -16.100 -27.000 16.000 -15.100 -27.000 11.000 -15.100
3 16 -27.000 11.000 -15.100 -24.400 11.000 -16.100 -24.400 16.000 -16.100
3 16 -29.800 16.000 -4.700 -28.500 16.000 -2.000 -28.500 11.000 -2.000
3 16 -28.500 11.000 -2.000 -29.800 11.000 -4.700 -29.800 16.000 -4.700
3 16 -28.500 16.000 -2.000 -28.000 16.000 0.100 -28.000 11.000 0.100
3 16 -28.000 11.000 0.100 -28.500 11.000 -2.000 -28.500 16.000 -2.000
3 16 -30.400 16.000 -10.400 -30.300 16.000 -7.300 -30.300 11.000 -7.300
3 16 -30.300 11.000 -7.300 -30.400 11.000 -10.400 -30.400 16.000 -10.400
3 16 -30.300 16.000 -7.300 -29.800 16.000 -4.700 -29.800 11.000 -4.700
3 16 -29.800 11.000 -4.700 -30.300 11.000 -7.300 -30.300 16.000 -7.300
3 16 -26.000 16.000 8.200 -26.000 16.000 10.000 -26.000 11.000 10.000
3 16 -26.000 11.000 10.000 -26.000 11.000 8.200 -26.000 16.000 8.200
3 16 -26.000 16.000 10.000 -25.543 16.000 12.296 -25.543 11.000 12.296
3 16 -25.543 11.000 12.296 -26.000 11.000 10.000 -26.000 16.000 10.000
3 16 -28.000 16.000 0.100 -27.000 16.000 6.200 -27.000 11.000 6.200
3 16 -27.000 11.000 6.200 -28.000 11.000 0.100 -28.000 16.000 0.100
3 16 -27.000 16.000 6.200 -26.000 16.000 8.200 -26.000 11.000 8.200
3 16 -26.000 11.000 8.200 -27.000 11.000 6.200 -27.000 16.000 6.200
3 16 -22.296 16.000 15.543 -20.000 16.000 16.000 -20.000 11.000 16.000
3 16 -20.000 11.000 16.000 -22.296 11.000 15.543 -22.296 16.000 15.543
3 16 -25.543 16.000 12.296 -24.243 16.000 14.243 -24.243 11.000 14.243
3 16 -24.243 11.000 14.243 -25.543 11.000 12.296 -25.543 16.000 12.296
3 16 -24.243 16.000 14.243 -22.296 16.000 15.543 -22.296 11.000 15.543
3 16 -22.296 11.000 15.543 -24.243 11.000 14.243 -24.243 16.000 14.243
3 16 -23.739 7.000 9.343 -22.554 7.000 11.994 -22.554 4.000 11.994
3 16 -22.554 4.000 11.994 -23.739 4.000 9.343 -23.739 7.000 9.343
3 16 -22.554 7.000 11.994 -20.446 7.000 12.878 -20.446 4.000 12.878
3 16 -20.446 4.000 12.878 -22.554 4.000 11.994 -22.554 7.000 11.994
3 16 -17.220 7.000 10.146 -16.693 7.000 6.932 -16.693 4.000 6.932
3 16 -16.693 4.000 6.932 -17.220 4.000 10.146 -17.220 7.000 10.146
3 16 -16.693 7.000 6.932 -16.825 7.000 -5.763 -16.825 4.000 -5.763
3 16 -16.825 4.000 -5.763 -16.693 4.000 6.932 -16.693 7.000 6.932
3 16 -20.446 7.000 12.878 -18.800 7.000 12.235 -18.800 4.000 12.235
3 16 -18.800 4.000 12.235 -20.446 4.000 12.878 -20.446 7.000 12.878
3 16 -18.800 7.000 12.235 -17.220 7.000 10.146 -17.220 4.000 10.146
3 16 -17.220 4.000 10.146 -18.800 4.000 12.235 -18.800 7.000 12.235
3 16 -18.668 7.000 -10.584 -20.512 7.000 -11.227 -20.512 4.000 -11.227
3 16 -20.512 4.000 -11.227 -18.668 4.000 -10.584 -18.668 7.000 -10.584
3 16 -20.512 7.000 -11.227 -22.685 7.000 -11.307 -22.685 4.000 -11.307
3 16 -22.685 4.000 -11.307 -20.512 4.000 -11.227 -20.512 7.000 -11.227
3 16 -16.825 7.000 -5.763 -17.286 7.000 -8.656 -17.286 4.000 -8.656
3 16 -17.286 4.000 -8.656 -16.825 4.000 -5.763 -16.825 7.000 -5.763
3 16 -17.286 7.000 -8.656 -18.668 7.000 -10.584 -18.668 4.000 -10.584
3 16 -18.668 4.000 -10.584 -17.286 4.000 -8.656 -17.286 7.000 -8.656
3 16 -26.110 7.000 -8.656 -26.505 7.000 -6.085 -26.505 4.000 -6.085
3 16 -26.505 4.000 -6.085 -26.110 4.000 -8.656 -26.110 7.000 -8.656
3 16 -26.505 7.000 -6.085 -26.110 7.000 -2.630 -26.110 4.000 -2.630
3 16 -26.110 4.000 -2.630 -26.505 4.000 -6.085 -26.505 7.000 -6.085
3 16 -22.685 7.000 -11.307 -24.727 7.000 -10.424 -24.727 4.000 -10.424
3 16 -24.727 4.000 -10.424 -22.685 4.000 -11.307 -22.685 7.000 -11.307
3 16 -24.727 7.000 -10.424 -26.110 7.000 -8.656 -26.110 4.000 -8.656
3 16 -26.110 4.000 -8.656 -24.727 4.000 -10.424 -24.727 7.000 -10.424
3 16 -26.110 7.000 -2.630 -25.122 7.000 0.504 -25.122 4.000 0.504
3 16 -25.122 4.000 0.504 -26.110 4.000 -2.630 -26.110 7.000 -2.630
3 16 -25.122 7.000 0.504 -23.739 7.000 9.343 -23.739 4.000 9.343
3 16 -23.739 4.000 9.343 -25.122 4.000 0.504 -25.122 7.000 0.504
3 16 -17.286 7.000 -8.656 -16.825 7.000 -5.763 -14.700 11.000 -7.900
3 16 -14.700 11.000 -7.900 -15.400 11.000 -11.500 -17.286 7.000 -8.656
3 16 -20.512 7.000 -11.227 -20.300 11.000 -14.700 -23.600 11.000 -14.800
3 16 -23.600 11.000 -14.800 -22.685 7.000 -11.307 -20.512 7.000 -11.227
3 16 -22.685 7.000 -11.307 -23.600 11.000 -14.800 -26.700 11.000 -13.700
3 16 -26.700 11.000 -13.700 -24.727 7.000 -10.424 -22.685 7.000 -11.307
3 16 -15.400 11.000 -11.500 -17.500 11.000 -13.900 -18.668 7.000 -10.584
3 16 -18.668 7.000 -10.584 -17.286 7.000 -8.656 -15.400 11.000 -11.500
3 16 -20.512 7.000 -11.227 -18.668 7.000 -10.584 -17.500 11.000 -13.900
3 16 -17.500 11.000 -13.900 -20.300 11.000 -14.700 -20.512 7.000 -11.227
3 16 -26.505 7.000 -6.085 -29.400 11.000 -8.300 -28.800 11.000 -4.000
3 16 -28.800 11.000 -4.000 -26.110 7.000 -2.630 -26.505 7.000 -6.085
3 16 -28.800 11.000 -4.000 -27.300 11.000 -0.100 -25.122 7.000 0.504
3 16 -25.122 7.000 0.504 -26.110 7.000 -2.630 -28.800 11.000 -4.000
3 16 -24.727 7.000 -10.424 -26.700 11.000 -13.700 -28.800 11.000 -11.500
3 16 -28.800 11.000 -11.500 -26.110 7.000 -8.656 -24.727 7.000 -10.424
3 16 -26.110 7.000 -8.656 -28.800 11.000 -11.500 -29.400 11.000 -8.300
3 16 -29.400 11.000 -8.300 -26.505 7.000 -6.085 -26.110 7.000 -8.656
3 16 -23.400 11.000 14.200 -20.200 11.000 15.300 -20.446 7.000 12.878
3 16 -20.446 7.000 12.878 -22.554 7.000 11.994 -23.400 11.000 14.200
3 16 -20.446 7.000 12.878 -20.200 11.000 15.300 -17.700 11.000 14.500
3 16 -17.700 11.000 14.500 -18.800 7.000 12.235 -20.446 7.000 12.878
3 16 -27.300 11.000 -0.100 -25.200 11.000 10.900 -23.739 7.000 9.343
3 16 -23.739 7.000 9.343 -25.122 7.000 0.504 -27.300 11.000 -0.100
3 16 -25.200 11.000 10.900 -23.400 11.000 14.200 -22.554 7.000 11.994
3 16 -22.554 7.000 11.994 -23.739 7.000 9.343 -25.200 11.000 10.900
3 16 -16.693 7.000 6.932 -14.500 11.000 7.900 -14.700 11.000 -7.900
3 16 -14.700 11.000 -7.900 -16.825 7.000 -5.763 -16.693 7.000 6.932
3 16 -18.800 7.000 12.235 -17.700 11.000 14.500 -15.300 11.000 11.900
3 16 -15.300 11.000 11.900 -17.220 7.000 10.146 -18.800 7.000 12.235
3 16 -17.220 7.000 10.146 -15.300 11.000 11.900 -14.500 11.000 7.900
3 16 -14.500 11.000 7.900 -16.693 7.000 6.932 -17.220 7.000 10.146
3 16 -17.500 11.000 -13.900 -15.400 11.000 -11.500 -14.457 11.000 -12.296
3 16 -14.457 11.000 -12.296 -15.757 11.000 -14.243 -17.500 11.000 -13.900
3 16 -20.000 11.000 -16.000 -17.500 11.000 -13.900 -15.757 11.000 -14.243
3 16 -15.757 11.000 -14.243 -17.704 11.000 -15.543 -20.000 11.000 -16.000
3 16 -24.400 11.000 -16.100 -20.300 11.000 -14.700 -17.500 11.000 -13.900
3 16 -17.500 11.000 -13.900 -20.000 11.000 -16.000 -24.400 11.000 -16.100
3 16 -27.000 11.000 -15.100 -26.700 11.000 -13.700 -23.600 11.000 -14.800
3 16 -23.600 11.000 -14.800 -24.400 11.000 -16.100 -27.000 11.000 -15.100
3 16 -29.200 11.000 -13.200 -28.800 11.000 -11.500 -26.700 11.000 -13.700
3 16 -26.700 11.000 -13.700 -27.000 11.000 -15.100 -29.200 11.000 -13.200
3 16 -30.400 11.000 -10.400 -29.400 11.000 -8.300 -28.800 11.000 -11.500
3 16 -28.800 11.000 -11.500 -29.200 11.000 -13.200 -30.400 11.000 -10.400
3 16 -30.300 11.000 -7.300 -29.800 11.000 -4.700 -28.800 11.000 -4.000
3 16 -28.800 11.000 -4.000 -29.400 11.000 -8.300 -30.300 11.000 -7.300
3 16 -24.400 11.000 -16.100 -23.600 11.000 -14.800 -20.300 11.000 -14.700
3 16 -30.400 11.000 -10.400 -30.300 11.000 -7.300 -29.400 11.000 -8.300
3 16 -29.800 11.000 -4.700 -28.500 11.000 -2.000 -27.300 11.000 -0.100
3 16 -27.300 11.000 -0.100 -28.800 11.000 -4.000 -29.800 11.000 -4.700
3 16 -27.000 11.000 6.200 -26.000 11.000 8.200 -27.300 11.000 -0.100
3 16 -27.300 11.000 -0.100 -28.000 11.000 0.100 -27.000 11.000 6.200
3 16 -26.000 11.000 10.000 -25.543 11.000 12.296 -25.200 11.000 10.900
3 16 -25.200 11.000 10.900 -26.000 11.000 8.200 -26.000 11.000 10.000
3 16 -25.543 11.000 12.296 -24.243 11.000 14.243 -23.400 11.000 14.200
3 16 -23.400 11.000 14.200 -25.200 11.000 10.900 -25.543 11.000 12.296
3 16 -23.400 11.000 14.200 -22.296 11.000 15.543 -20.000 11.000 16.000
3 16 -20.000 11.000 16.000 -20.200 11.000 15.300 -23.400 11.000 14.200
3 16 -24.243 11.000 14.243 -22.296 11.000 15.543 -23.400 11.000 14.200
3 16 -27.300 11.000 -0.100 -26.000 11.000 8.200 -25.200 11.000 10.900
3 16 -28.500 11.000 -2.000 -28.000 11.000 0.100 -27.300 11.000 -0.100
3 16 -20.200 11.000 15.300 -20.000 11.000 16.000 -17.704 11.000 15.543
3 16 -17.704 11.000 15.543 -17.700 11.000 14.500 -20.200 11.000 15.300
3 16 -15.300 11.000 11.900 -17.700 11.000 14.500 -17.704 11.000 15.543
3 16 -17.704 11.000 15.543 -15.757 11.000 14.243 -15.300 11.000 11.900
3 16 -14.000 11.000 10.000 -15.300 11.000 11.900 -15.757 11.000 14.243
3 16 -15.757 11.000 14.243 -14.457 11.000 12.296 -14.000 11.000 10.000
3 16 -14.500 11.000 7.900 -15.300 11.000 11.900 -14.000 11.000 10.000
3 16 -14.000 11.000 10.000 -13.800 11.000 8.100 -14.500 11.000 7.900
3 16 -14.700 11.000 -7.900 -14.000 11.000 -10.000 -14.457 11.000 -12.296
3 16 -14.457 11.000 -12.296 -15.400 11.000 -11.500 -14.700 11.000 -7.900
3 16 -14.500 11.000 7.900 -13.800 11.000 8.100 -14.000 11.000 -7.600
3 16 -14.000 11.000 -7.600 -14.700 11.000 -7.900 -14.500 11.000 7.900
3 16 -14.000 11.000 -7.600 -13.800 11.000 8.100 -13.000 11.000 6.400
3 16 -13.000 11.000 6.400 -12.800 11.000 -5.400 -14.000 11.000 -7.600
3 16 -13.000 11.000 6.400 -12.400 11.000 4.300 -12.100 11.000 -0.600
3 16 -12.100 11.000 -0.600 -12.800 11.000 -5.400 -13.000 11.000 6.400
3 16 -14.700 11.000 -7.900 -14.000 11.000 -7.600 -14.000 11.000 -10.000
3 16 -26.991 6.000 -9.654 -26.991 4.000 -9.654 -27.513 4.000 -6.727
3 16 -27.513 4.000 -6.727 -27.513 6.000 -6.727 -26.991 6.000 -9.654
3 16 -27.513 6.000 -6.727 -27.513 4.000 -6.727 -27.491 4.000 -2.795
3 16 -27.491 4.000 -2.795 -27.491 6.000 -2.795 -27.513 6.000 -6.727
3 16 -27.491 6.000 -2.795 -27.491 4.000 -2.795 -26.185 4.000 0.771
3 16 -26.185 4.000 0.771 -26.185 6.000 0.771 -27.491 6.000 -2.795
3 16 -26.185 4.000 0.771 -24.358 4.000 10.830 -25.372 6.000 5.801
3 16 -25.372 6.000 5.801 -26.185 6.000 0.771 -26.185 4.000 0.771
3 16 -24.358 4.000 10.830 -24.358 6.000 10.830 -25.372 6.000 5.801
3 16 -24.358 6.000 10.830 -24.358 4.000 10.830 -22.792 4.000 13.848
3 16 -22.792 4.000 13.848 -22.792 6.000 13.848 -24.358 6.000 10.830
3 16 -22.792 6.000 13.848 -22.792 4.000 13.848 -20.008 4.000 14.854
3 16 -20.008 4.000 14.854 -20.008 6.000 14.854 -22.792 6.000 13.848
3 16 -20.008 6.000 14.854 -20.008 4.000 14.854 -17.833 4.000 14.122
3 16 -17.833 4.000 14.122 -17.833 6.000 14.122 -20.008 6.000 14.854
3 16 -17.833 6.000 14.122 -17.833 4.000 14.122 -15.745 4.000 11.745
3 16 -15.745 4.000 11.745 -15.745 6.000 11.745 -17.833 6.000 14.122
3 16 -15.745 6.000 11.745 -15.745 4.000 11.745 -15.200 4.000 8.087
3 16 -15.200 4.000 8.087 -15.200 6.000 8.087 -15.745 6.000 11.745
3 16 -15.200 6.000 8.087 -15.200 4.000 8.087 -15.200 4.000 -6.362
3 16 -15.200 4.000 -6.362 -15.200 6.000 -6.362 -15.200 6.000 8.087
3 16 -15.200 6.000 -6.362 -15.200 4.000 -6.362 -15.832 4.000 -9.654
3 16 -15.832 4.000 -9.654 -15.832 6.000 -9.654 -15.200 6.000 -6.362
3 16 -15.832 6.000 -9.654 -15.832 4.000 -9.654 -17.659 4.000 -11.848
3 16 -17.659 4.000 -11.848 -17.659 6.000 -11.848 -15.832 6.000 -9.654
3 16 -17.659 6.000 -11.848 -17.659 4.000 -11.848 -20.095 4.000 -12.580
3 16 -20.095 4.000 -12.580 -20.095 6.000 -12.580 -17.659 6.000 -11.848
3 16 -20.095 6.000 -12.580 -20.095 4.000 -12.580 -22.966 4.000 -12.671
3 16 -22.966 4.000 -12.671 -22.966 6.000 -12.671 -20.095 6.000 -12.580
3 16 -22.966 6.000 -12.671 -22.966 4.000 -12.671 -25.163 4.000 -11.665
3 16 -25.163 4.000 -11.665 -25.163 6.000 -11.665 -22.966 6.000 -12.671
3 16 -25.163 6.000 -11.665 -25.163 4.000 -11.665 -26.991 4.000 -9.654
3 16 -26.991 4.000 -9.654 -26.991 6.000 -9.654 -25.163 6.000 -11.665
3 16 -28.500 13.000 13.400 -28.500 16.000 13.400 -29.300 16.000 9.300
3 16 -29.300 16.000 9.300 -29.300 13.000 9.300 -28.500 13.000 13.400
3 16 -29.300 13.000 9.300 -29.300 16.000 9.300 -29.500 16.000 6.000
3 16 -29.500 16.000 6.000 -29.500 13.000 6.000 -29.300 13.000 9.300
3 16 -29.500 13.000 6.000 -29.500 16.000 6.000 -29.900 16.000 1.400
3 16 -29.900 16.000 1.400 -29.900 13.000 1.400 -29.500 13.000 6.000
3 16 -29.900 13.000 1.400 -29.900 16.000 1.400 -30.300 16.000 -0.900
3 16 -30.300 16.000 -0.900 -30.300 13.000 -0.900 -29.900 13.000 1.400
3 16 -30.300 13.000 -0.900 -30.300 16.000 -0.900 -31.900 16.000 -3.300
3 16 -31.900 16.000 -3.300 -31.900 13.000 -3.300 -30.300 13.000 -0.900
3 16 -31.900 13.000 -3.300 -31.900 16.000 -3.300 -33.400 16.000 -6.500
3 16 -33.400 16.000 -6.500 -33.400 13.000 -6.500 -31.900 13.000 -3.300
3 16 -33.400 13.000 -6.500 -33.400 16.000 -6.500 -33.500 16.000 -9.900
3 16 -33.500 16.000 -9.900 -33.500 13.000 -9.900 -33.400 13.000 -6.500
3 16 -33.500 13.000 -9.900 -33.500 16.000 -9.900 -33.000 16.000 -12.800
3 16 -33.000 16.000 -12.800 -33.000 13.000 -12.800 -33.500 13.000 -9.900
3 16 -33.000 13.000 -12.800 -33.000 16.000 -12.800 -31.100 16.000 -16.000
3 16 -31.100 16.000 -16.000 -31.100 13.000 -16.000 -33.000 13.000 -12.800
3 16 -31.100 13.000 -16.000 -31.100 16.000 -16.000 -28.100 16.000 -18.200
3 16 -28.100 16.000 -18.200 -28.100 13.000 -18.200 -31.100 13.000 -16.000
3 16 -28.100 13.000 -18.200 -28.100 16.000 -18.200 -24.800 16.000 -19.200
3 16 -24.800 16.000 -19.200 -24.800 13.000 -19.200 -28.100 13.000 -18.200
3 16 -24.800 13.000 -19.200 -24.800 16.000 -19.200 -22.100 16.000 -19.300
3 16 -22.100 16.000 -19.300 -22.100 13.000 -19.300 -24.800 13.000 -19.200
3 16 -22.100 13.000 -19.300 -22.100 16.000 -19.300 -18.400 16.000 -18.800
3 16 -18.400 16.000 -18.800 -18.400 13.000 -18.800 -22.100 13.000 -19.300
3 16 -18.400 13.000 -18.800 -18.400 16.000 -18.800 -15.700 16.000 -17.700
3 16 -15.700 16.000 -17.700 -15.700 13.000 -17.700 -18.400 13.000 -18.800
3 16 -15.700 13.000 -17.700 -15.700 16.000 -17.700 -13.300 16.000 -15.800
3 16 -13.300 16.000 -15.800 -13.300 13.000 -15.800 -15.700 13.000 -17.700
3 16 -13.300 13.000 -15.800 -13.300 16.000 -15.800 -11.900 16.000 -12.900
3 16 -11.900 16.000 -12.900 -11.900 13.000 -12.900 -13.300 13.000 -15.800
3 16 -11.900 13.000 -12.900 -11.900 16.000 -12.900 -11.300 16.000 -9.400
3 16 -11.300 16.000 -9.400 -11.300 13.000 -9.400 -11.900 13.000 -12.900
3 16 -11.300 13.000 -9.400 -11.300 16.000 -9.400 -10.900 16.000 -4.700
3 16 -10.900 16.000 -4.700 -10.900 13.000 -4.700 -11.300 13.000 -9.400
3 16 -10.900 13.000 -4.700 -10.900 16.000 -4.700 -10.500 16.000 0.200
3 16 -10.500 16.000 0.200 -10.500 13.000 0.200 -10.900 13.000 -4.700
3 16 -10.500 13.000 0.200 -10.500 16.000 0.200 -10.700 16.000 5.900
3 16 -10.700 16.000 5.900 -10.700 13.000 5.900 -10.500 13.000 0.200
3 16 -10.700 13.000 5.900 -10.700 16.000 5.900 -10.900 16.000 10.100
3 16 -10.900 16.000 10.100 -10.900 13.000 10.100 -10.700 13.000 5.900
3 16 -10.900 13.000 10.100 -10.900 16.000 10.100 -11.900 16.000 13.800
3 16 -11.900 16.000 13.800 -11.900 13.000 13.800 -10.900 13.000 10.100
3 16 -11.900 13.000 13.800 -11.900 16.000 13.800 -14.000 16.000 16.600
3 16 -14.000 16.000 16.600 -14.000 13.000 16.600 -11.900 13.000 13.800
3 16 -14.000 13.000 16.600 -14.000 16.000 16.600 -16.300 16.000 18.200
3 16 -16.300 16.000 18.200 -16.300 13.000 18.200 -14.000 13.000 16.600
3 16 -16.300 13.000 18.200 -16.300 16.000 18.200 -19.000 16.000 19.200
3 16 -19.000 16.000 19.200 -19.000 13.000 19.200 -16.300 13.000 18.200
3 16 -19.000 13.000 19.200 -19.000 16.000 19.200 -22.000 16.000 19.200
3 16 -22.000 16.000 19.200 -22.000 13.000 19.200 -19.000 13.000 19.200
3 16 -22.000 13.000 19.200 -22.000 16.000 19.200 -24.600 16.000 18.300
3 16 -24.600 16.000 18.300 -24.600 13.000 18.300 -22.000 13.000 19.200
3 16 -24.600 13.000 18.300 -24.600 16.000 18.300 -27.000 16.000 16.400
3 16 -27.000 16.000 16.400 -27.000 13.000 16.400 -24.600 13.000 18.300
3 16 -27.000 13.000 16.400 -27.000 16.000 16.400 -28.500 16.000 13.400
3 16 -28.500 16.000 13.400 -28.500 13.000 13.400 -27.000 13.000 16.400
3 16 -10.500 13.000 0.200 -10.700 13.000 5.900 -11.481 11.000 5.523
3 16 -11.481 11.000 5.523 -11.296 11.000 0.153 -10.500 13.000 0.200
3 16 -10.700 13.000 5.900 -10.900 13.000 10.100 -11.665 11.000 9.480
3 16 -11.665 11.000 9.480 -11.481 11.000 5.523 -10.700 13.000 5.900
3 16 -11.665 11.000 9.480 -10.900 13.000 10.100 -11.900 13.000 13.800
3 16 -11.900 13.000 13.800 -12.589 11.000 12.965 -11.665 11.000 9.480
3 16 -12.589 11.000 12.965 -11.900 13.000 13.800 -14.000 13.000 16.600
3 16 -14.000 13.000 16.600 -14.528 11.000 15.603 -12.589 11.000 12.965
3 16 -14.528 11.000 15.603 -14.000 13.000 16.600 -16.300 13.000 18.200
3 16 -16.300 13.000 18.200 -16.652 11.000 17.110 -14.528 11.000 15.603
3 16 -16.652 11.000 17.110 -16.300 13.000 18.200 -19.000 13.000 19.200
3 16 -19.000 13.000 19.200 -19.145 11.000 18.052 -16.652 11.000 17.110
3 16 -19.000 13.000 19.200 -22.000 13.000 19.200 -21.916 11.000 18.052
3 16 -21.916 11.000 18.052 -19.145 11.000 18.052 -19.000 13.000 19.200
3 16 -22.000 13.000 19.200 -24.600 13.000 18.300 -24.317 11.000 17.204
3 16 -24.317 11.000 17.204 -21.916 11.000 18.052 -22.000 13.000 19.200
3 16 -24.317 11.000 17.204 -24.600 13.000 18.300 -27.000 13.000 16.400
3 16 -27.000 13.000 16.400 -26.533 11.000 15.414 -24.317 11.000 17.204
3 16 -26.533 11.000 15.414 -27.000 13.000 16.400 -28.500 13.000 13.400
3 16 -28.500 13.000 13.400 -27.919 11.000 12.588 -26.533 11.000 15.414
3 16 -28.500 13.000 13.400 -29.300 13.000 9.300 -28.657 11.000 8.726
3 16 -28.657 11.000 8.726 -27.919 11.000 12.588 -28.500 13.000 13.400
3 16 -29.300 13.000 9.300 -29.500 13.000 6.000 -28.842 11.000 5.617
3 16 -28.842 11.000 5.617 -28.657 11.000 8.726 -29.300 13.000 9.300
3 16 -29.500 13.000 6.000 -29.900 13.000 1.400 -29.211 11.000 1.284
3 16 -29.211 11.000 1.284 -28.842 11.000 5.617 -29.500 13.000 6.000
3 16 -29.900 13.000 1.400 -30.300 13.000 -0.900 -29.581 11.000 -0.883
3 16 -29.581 11.000 -0.883 -29.211 11.000 1.284 -29.900 13.000 1.400
3 16 -29.581 11.000 -0.883 -30.300 13.000 -0.900 -31.900 13.000 -3.300
3 16 -31.900 13.000 -3.300 -31.058 11.000 -3.144 -29.581 11.000 -0.883
3 16 -31.058 11.000 -3.144 -31.900 13.000 -3.300 -33.400 13.000 -6.500
3 16 -33.400 13.000 -6.500 -32.444 11.000 -6.158 -31.058 11.000 -3.144
3 16 -33.400 13.000 -6.500 -33.500 13.000 -9.900 -32.536 11.000 -9.361
3 16 -32.536 11.000 -9.361 -32.444 11.000 -6.158 -33.400 13.000 -6.500
3 16 -33.500 13.000 -9.900 -33.000 13.000 -12.800 -32.074 11.000 -12.093
3 16 -32.074 11.000 -12.093 -32.536 11.000 -9.361 -33.500 13.000 -9.900
3 16 -32.074 11.000 -12.093 -33.000 13.000 -12.800 -31.100 13.000 -16.000
3 16 -31.100 13.000 -16.000 -30.320 11.000 -15.108 -32.074 11.000 -12.093
3 16 -30.320 11.000 -15.108 -31.100 13.000 -16.000 -28.100 13.000 -18.200
3 16 -28.100 13.000 -18.200 -27.549 11.000 -17.180 -30.320 11.000 -15.108
3 16 -28.100 13.000 -18.200 -24.800 13.000 -19.200 -24.502 11.000 -18.122
3 16 -24.502 11.000 -18.122 -27.549 11.000 -17.180 -28.100 13.000 -18.200
3 16 -24.800 13.000 -19.200 -22.100 13.000 -19.300 -22.008 11.000 -18.217
3 16 -22.008 11.000 -18.217 -24.502 11.000 -18.122 -24.800 13.000 -19.200
3 16 -22.100 13.000 -19.300 -18.400 13.000 -18.800 -18.591 11.000 -17.746
3 16 -18.591 11.000 -17.746 -22.008 11.000 -18.217 -22.100 13.000 -19.300
3 16 -18.591 11.000 -17.746 -18.400 13.000 -18.800 -15.700 13.000 -17.700
3 16 -15.700 13.000 -17.700 -16.098 11.000 -16.709 -18.591 11.000 -17.746
3 16 -16.098 11.000 -16.709 -15.700 13.000 -17.700 -13.300 13.000 -15.800
3 16 -13.300 13.000 -15.800 -13.882 11.000 -14.920 -16.098 11.000 -16.709
3 16 -13.882 11.000 -14.920 -13.300 13.000 -15.800 -11.900 13.000 -12.900
3 16 -11.900 13.000 -12.900 -12.589 11.000 -12.188 -13.882 11.000 -14.920
3 16 -11.900 13.000 -12.900 -11.300 13.000 -9.400 -12.035 11.000 -8.890
3 16 -12.035 11.000 -8.890 -12.589 11.000 -12.188 -11.900 13.000 -12.900
3 16 -11.300 13.000 -9.400 -10.900 13.000 -4.700 -11.665 11.000 -4.463
3 16 -11.665 11.000 -4.463 -12.035 11.000 -8.890 -11.300 13.000 -9.400
3 16 -10.900 13.000 -4.700 -10.500 13.000 0.200 -11.296 11.000 0.153
3 16 -11.296 11.000 0.153 -11.665 11.000 -4.463 -10.900 13.000 -4.700
3 16 -25.079 8.000 13.137 -26.533 11.000 15.414 -27.919 11.000 12.588
3 16 -27.919 11.000 12.588 -26.107 8.000 10.889 -25.079 8.000 13.137
3 16 -26.107 8.000 10.889 -27.919 11.000 12.588 -28.657 11.000 8.726
3 16 -28.657 11.000 8.726 -26.655 8.000 7.817 -26.107 8.000 10.889
3 16 -28.657 11.000 8.726 -28.842 11.000 5.617 -26.792 8.000 5.344
3 16 -26.792 8.000 5.344 -26.655 8.000 7.817 -28.657 11.000 8.726
3 16 -28.842 11.000 5.617 -29.211 11.000 1.284 -27.066 8.000 1.897
3 16 -27.066 8.000 1.897 -26.792 8.000 5.344 -28.842 11.000 5.617
3 16 -27.066 8.000 1.897 -29.211 11.000 1.284 -29.581 11.000 -0.883
3 16 -29.581 11.000 -0.883 -26.185 6.000 0.771 -27.066 8.000 1.897
3 16 -29.464 8.000 -4.023 -27.491 6.000 -2.795 -29.581 11.000 -0.883
3 16 -27.491 6.000 -2.795 -26.185 6.000 0.771 -29.581 11.000 -0.883
3 16 -31.058 11.000 -3.144 -32.444 11.000 -6.158 -29.464 8.000 -4.023
3 16 -29.581 11.000 -0.883 -31.058 11.000 -3.144 -29.464 8.000 -4.023
3 16 -32.444 11.000 -6.158 -32.536 11.000 -9.361 -29.533 8.000 -6.570
3 16 -29.533 8.000 -6.570 -29.464 8.000 -4.023 -32.444 11.000 -6.158
3 16 -29.533 8.000 -6.570 -32.536 11.000 -9.361 -32.074 11.000 -12.093
3 16 -32.074 11.000 -12.093 -29.190 8.000 -8.744 -29.533 8.000 -6.570
3 16 -32.074 11.000 -12.093 -30.320 11.000 -15.108 -27.889 8.000 -11.141
3 16 -27.889 8.000 -11.141 -29.190 8.000 -8.744 -32.074 11.000 -12.093
3 16 -30.320 11.000 -15.108 -27.549 11.000 -17.180 -25.833 8.000 -12.790
3 16 -25.833 8.000 -12.790 -27.889 8.000 -11.141 -30.320 11.000 -15.108
3 16 -25.833 8.000 -12.790 -27.549 11.000 -17.180 -24.502 11.000 -18.122
3 16 -24.502 11.000 -18.122 -23.572 8.000 -13.539 -25.833 8.000 -12.790
3 16 -24.502 11.000 -18.122 -22.008 11.000 -18.217 -21.722 8.000 -13.614
3 16 -21.722 8.000 -13.614 -23.572 8.000 -13.539 -24.502 11.000 -18.122
3 16 -22.008 11.000 -18.217 -18.591 11.000 -17.746 -19.187 8.000 -13.240
3 16 -19.187 8.000 -13.240 -21.722 8.000 -13.614 -22.008 11.000 -18.217
3 16 -19.187 8.000 -13.240 -18.591 11.000 -17.746 -16.098 11.000 -16.709
3 16 -16.098 11.000 -16.709 -17.337 8.000 -12.415 -19.187 8.000 -13.240
3 16 -17.337 8.000 -12.415 -16.098 11.000 -16.709 -13.882 11.000 -14.920
3 16 -13.882 11.000 -14.920 -15.693 8.000 -10.992 -17.337 8.000 -12.415
3 16 -15.693 8.000 -10.992 -13.882 11.000 -14.920 -12.589 11.000 -12.188
3 16 -12.589 11.000 -12.188 -14.734 8.000 -8.819 -15.693 8.000 -10.992
3 16 -14.734 8.000 -8.819 -12.589 11.000 -12.188 -12.035 11.000 -8.890
3 16 -12.035 11.000 -8.890 -14.323 8.000 -6.196 -14.734 8.000 -8.819
3 16 -12.035 11.000 -8.890 -11.665 11.000 -4.463 -14.049 8.000 -2.674
3 16 -14.049 8.000 -2.674 -14.323 8.000 -6.196 -12.035 11.000 -8.890
3 16 -11.665 11.000 -4.463 -11.296 11.000 0.153 -13.774 8.000 0.998
3 16 -13.774 8.000 0.998 -14.049 8.000 -2.674 -11.665 11.000 -4.463
3 16 -11.296 11.000 0.153 -11.481 11.000 5.523 -13.911 8.000 5.269
3 16 -13.911 8.000 5.269 -13.774 8.000 0.998 -11.296 11.000 0.153
3 16 -11.481 11.000 5.523 -11.665 11.000 9.480 -14.049 8.000 8.416
3 16 -14.049 8.000 8.416 -13.911 8.000 5.269 -11.481 11.000 5.523
3 16 -11.665 11.000 9.480 -12.589 11.000 12.965 -14.734 8.000 11.189
3 16 -14.734 8.000 11.189 -14.049 8.000 8.416 -11.665 11.000 9.480
3 16 -12.589 11.000 12.965 -14.528 11.000 15.603 -16.172 8.000 13.287
3 16 -16.172 8.000 13.287 -14.734 8.000 11.189 -12.589 11.000 12.965
3 16 -14.528 11.000 15.603 -16.652 11.000 17.110 -17.748 8.000 14.486
3 16 -17.748 8.000 14.486 -16.172 8.000 13.287 -14.528 11.000 15.603
3 16 -16.652 11.000 17.110 -19.145 11.000 18.052 -19.598 8.000 15.235
3 16 -19.598 8.000 15.235 -17.748 8.000 14.486 -16.652 11.000 17.110
3 16 -19.145 11.000 18.052 -21.916 11.000 18.052 -21.654 8.000 15.235
3 16 -21.654 8.000 15.235 -19.598 8.000 15.235 -19.145 11.000 18.052
3 16 -21.654 8.000 15.235 -21.916 11.000 18.052 -24.317 11.000 17.204
3 16 -24.317 11.000 17.204 -23.435 8.000 14.561 -21.654 8.000 15.235
3 16 -23.435 8.000 14.561 -24.317 11.000 17.204 -26.533 11.000 15.414
3 16 -26.533 11.000 15.414 -25.079 8.000 13.137 -23.435 8.000 14.561
3 16 -27.889 8.000 -11.141 -25.833 8.000 -12.790 -25.163 6.000 -11.665
3 16 -25.163 6.000 -11.665 -26.991 6.000 -9.654 -27.889 8.000 -11.141
3 16 -29.190 8.000 -8.744 -27.889 8.000 -11.141 -26.991 6.000 -9.654
3 16 -27.513 6.000 -6.727 -29.190 8.000 -8.744 -26.991 6.000 -9.654
3 16 -29.533 8.000 -6.570 -29.190 8.000 -8.744 -27.513 6.000 -6.727
3 16 -27.491 6.000 -2.795 -29.533 8.000 -6.570 -27.513 6.000 -6.727
3 16 -29.464 8.000 -4.023 -29.533 8.000 -6.570 -27.491 6.000 -2.795
3 16 -25.372 6.000 5.801 -26.792 8.000 5.344 -27.066 8.000 1.897
3 16 -27.066 8.000 1.897 -26.185 6.000 0.771 -25.372 6.000 5.801
3 16 -26.655 8.000 7.817 -26.792 8.000 5.344 -25.372 6.000 5.801
3 16 -25.372 6.000 5.801 -24.358 6.000 10.830 -26.655 8.000 7.817
3 16 -26.107 8.000 10.889 -26.655 8.000 7.817 -24.358 6.000 10.830
3 16 -25.079 8.000 13.137 -26.107 8.000 10.889 -24.358 6.000 10.830
3 16 -22.792 6.000 13.848 -25.079 8.000 13.137 -24.358 6.000 10.830
3 16 -22.792 6.000 13.848 -23.435 8.000 14.561 -25.079 8.000 13.137
3 16 -21.654 8.000 15.235 -23.435 8.000 14.561 -22.792 6.000 13.848
3 16 -20.008 6.000 14.854 -21.654 8.000 15.235 -22.792 6.000 13.848
3 16 -19.598 8.000 15.235 -21.654 8.000 15.235 -20.008 6.000 14.854
3 16 -17.833 6.000 14.122 -19.598 8.000 15.235 -20.008 6.000 14.854
3 16 -17.748 8.000 14.486 -19.598 8.000 15.235 -17.833 6.000 14.122
3 16 -16.172 8.000 13.287 -17.748 8.000 14.486 -17.833 6.000 14.122
3 16 -15.745 6.000 11.745 -16.172 8.000 13.287 -17.833 6.000 14.122
3 16 -14.734 8.000 11.189 -16.172 8.000 13.287 -15.745 6.000 11.745
3 16 -15.200 6.000 8.087 -14.734 8.000 11.189 -15.745 6.000 11.745
3 16 -14.049 8.000 8.416 -14.734 8.000 11.189 -15.200 6.000 8.087
3 16 -13.911 8.000 5.269 -14.049 8.000 8.416 -15.200 6.000 8.087
3 16 -13.774 8.000 0.998 -13.911 8.000 5.269 -15.200 6.000 8.087
3 16 -15.200 6.000 -6.362 -13.774 8.000 0.998 -15.200 6.000 8.087
3 16 -14.049 8.000 -2.674 -13.774 8.000 0.998 -15.200 6.000 -6.362
3 16 -14.323 8.000 -6.196 -14.049 8.000 -2.674 -15.200 6.000 -6.362
3 16 -14.734 8.000 -8.819 -14.323 8.000 -6.196 -15.200 6.000 -6.362
3 16 -15.832 6.000 -9.654 -14.734 8.000 -8.819 -15.200 6.000 -6.362
3 16 -15.693 8.000 -10.992 -14.734 8.000 -8.819 -15.832 6.000 -9.654
3 16 -17.659 6.000 -11.848 -15.693 8.000 -10.992 -15.832 6.000 -9.654
3 16 -17.337 8.000 -12.415 -15.693 8.000 -10.992 -17.659 6.000 -11.848
3 16 -19.187 8.000 -13.240 -17.337 8.000 -12.415 -17.659 6.000 -11.848
3 16 -20.095 6.000 -12.580 -19.187 8.000 -13.240 -17.659 6.000 -11.848
3 16 -21.722 8.000 -13.614 -19.187 8.000 -13.240 -20.095 6.000 -12.580
3 16 -22.966 6.000 -12.671 -21.722 8.000 -13.614 -20.095 6.000 -12.580
3 16 -23.572 8.000 -13.539 -21.722 8.000 -13.614 -22.966 6.000 -12.671
3 16 -25.833 8.000 -12.790 -23.572 8.000 -13.539 -22.966 6.000 -12.671
3 16 -22.966 6.000 -12.671 -25.163 6.000 -11.665 -25.833 8.000 -12.790
3 16 -26.000 15.800 -11.000 -26.000 7.000 -11.000 -30.700 11.000 -11.000
3 16 -30.700 11.000 -11.000 -30.700 15.800 -11.000 -26.000 15.800 -11.000
3 16 -30.700 15.800 -9.000 -30.700 11.000 -9.000 -26.000 7.000 -9.000
3 16 -26.000 7.000 -9.000 -26.000 15.800 -9.000 -30.700 15.800 -9.000
3 16 -26.000 15.800 -11.000 -26.000 15.800 -9.000 -26.000 7.130 -9.000
3 16 -26.000 7.130 -9.000 -26.000 7.000 -11.000 -26.000 15.800 -11.000
2 24 -25.615 0.000 11.939 -26.000 0.000 10.000
2 24 -20.000 0.000 16.000 -21.939 0.000 15.615
2 24 -28.478 4.000 7.654 -25.615 4.000 11.939
2 24 -25.615 0.000 11.939 -28.478 0.000 7.654
2 24 -21.939 4.000 15.615 -17.654 4.000 18.478
2 24 -17.654 0.000 18.478 -21.939 0.000 15.615
2 24 -25.615 4.000 -11.939 -28.478 4.000 -7.654
2 24 -28.478 0.000 -7.654 -25.615 0.000 -11.939
2 24 -17.654 4.000 -18.478 -21.939 4.000 -15.615
2 24 -21.939 0.000 -15.615 -17.654 0.000 -18.478
2 24 -25.615 0.000 -11.939 -26.000 0.000 -10.000
2 24 -20.000 0.000 -16.000 -21.939 0.000 -15.615
2 24 -29.800 16.000 -4.700 -28.500 16.000 -2.000
2 24 -17.704 16.000 15.543 -15.757 16.000 14.243
2 24 -14.000 16.000 -10.000 -14.457 16.000 -12.296
2 24 -30.400 16.000 -10.400 -30.300 16.000 -7.300
2 24 -12.800 16.000 -5.400 -14.000 16.000 -7.600
2 24 -24.243 16.000 14.243 -22.296 16.000 15.543
2 24 -15.757 16.000 14.243 -14.457 16.000 12.296
2 24 -28.000 16.000 0.100 -27.000 16.000 6.200
2 24 -27.000 16.000 6.200 -26.000 16.000 8.200
2 24 -30.300 16.000 -7.300 -29.800 16.000 -4.700
2 24 -17.704 16.000 -15.543 -20.000 16.000 -16.000
2 24 -12.400 16.000 4.300 -12.100 16.000 -0.600
2 24 -14.000 16.000 -7.600 -14.000 16.000 -10.000
2 24 -13.800 16.000 8.100 -13.000 16.000 6.400
2 24 -24.400 16.000 -16.100 -27.000 16.000 -15.100
2 24 -13.000 16.000 6.400 -12.400 16.000 4.300
2 24 -25.543 16.000 12.296 -24.243 16.000 14.243
2 24 -29.200 16.000 -13.200 -30.400 16.000 -10.400
2 24 -26.000 16.000 10.000 -25.543 16.000 12.296
2 24 -28.500 16.000 -2.000 -28.000 16.000 0.100
2 24 -14.000 16.000 10.000 -13.800 16.000 8.100
2 24 -20.000 16.000 16.000 -17.704 16.000 15.543
2 24 -27.000 16.000 -15.100 -29.200 16.000 -13.200
2 24 -12.100 16.000 -0.600 -12.800 16.000 -5.400
2 24 -26.000 16.000 8.200 -26.000 16.000 10.000
2 24 -22.296 16.000 15.543 -20.000 16.000 16.000
2 24 -14.457 16.000 -12.296 -15.757 16.000 -14.243
2 24 -14.457 16.000 12.296 -14.000 16.000 10.000
2 24 -15.757 16.000 -14.243 -17.704 16.000 -15.543
2 24 -20.000 16.000 -16.000 -24.400 16.000 -16.100
2 24 -29.800 11.000 -4.700 -28.500 11.000 -2.000
2 24 -17.704 11.000 15.543 -15.757 11.000 14.243
2 24 -14.000 11.000 -10.000 -14.457 11.000 -12.296
2 24 -30.400 11.000 -10.400 -30.300 11.000 -7.300
2 24 -12.800 11.000 -5.400 -14.000 11.000 -7.600
2 24 -24.243 11.000 14.243 -22.296 11.000 15.543
2 24 -15.757 11.000 14.243 -14.457 11.000 12.296
2 24 -28.000 11.000 0.100 -27.000 11.000 6.200
2 24 -27.000 11.000 6.200 -26.000 11.000 8.200
2 24 -30.300 11.000 -7.300 -29.800 11.000 -4.700
2 24 -17.704 11.000 -15.543 -20.000 11.000 -16.000
2 24 -12.400 11.000 4.300 -12.100 11.000 -0.600
2 24 -14.000 11.000 -7.600 -14.000 11.000 -10.000
2 24 -13.800 11.000 8.100 -13.000 11.000 6.400
2 24 -24.400 11.000 -16.100 -27.000 11.000 -15.100
2 24 -13.000 11.000 6.400 -12.400 11.000 4.300
2 24 -25.543 11.000 12.296 -24.243 11.000 14.243
2 24 -29.200 11.000 -13.200 -30.400 11.000 -10.400
2 24 -26.000 11.000 10.000 -25.543 11.000 12.296
2 24 -28.500 11.000 -2.000 -28.000 11.000 0.100
2 24 -14.000 11.000 10.000 -13.800 11.000 8.100
2 24 -20.000 11.000 16.000 -17.704 11.000 15.543
2 24 -27.000 11.000 -15.100 -29.200 11.000 -13.200
2 24 -12.100 11.000 -0.600 -12.800 11.000 -5.400
2 24 -26.000 11.000 8.200 -26.000 11.000 10.000
2 24 -22.296 11.000 15.543 -20.000 11.000 16.000
2 24 -14.457 11.000 -12.296 -15.757 11.000 -14.243
2 24 -14.457 11.000 12.296 -14.000 11.000 10.000
2 24 -15.757 11.000 -14.243 -17.704 11.000 -15.543
2 24 -20.000 11.000 -16.000 -24.400 11.000 -16.100
2 24 -29.400 11.000 -8.300 -28.800 11.000 -4.000
2 24 -23.600 11.000 -14.800 -26.700 11.000 -13.700
2 24 -15.400 11.000 -11.500 -17.500 11.000 -13.900
2 24 -17.500 11.000 -13.900 -20.300 11.000 -14.700
2 24 -23.400 11.000 14.200 -20.200 11.000 15.300
2 24 -28.800 11.000 -4.000 -27.300 11.000 -0.100
2 24 -27.300 11.000 -0.100 -25.200 11.000 10.900
2 24 -25.200 11.000 10.900 -23.400 11.000 14.200
2 24 -15.300 11.000 11.900 -14.500 11.000 7.900
2 24 -28.800 11.000 -11.500 -29.400 11.000 -8.300
2 24 -20.200 11.000 15.300 -17.700 11.000 14.500
2 24 -14.700 11.000 -7.900 -15.400 11.000 -11.500
2 24 -17.700 11.000 14.500 -15.300 11.000 11.900
2 24 -14.500 11.000 7.900 -14.700 11.000 -7.900
2 24 -20.300 11.000 -14.700 -23.600 11.000 -14.800
2 24 -26.700 11.000 -13.700 -28.800 11.000 -11.500
2 24 -24.358 4.000 10.830 -22.792 4.000 13.848
2 24 -26.185 4.000 0.771 -24.358 4.000 10.830
2 24 -17.659 4.000 -11.848 -20.095 4.000 -12.580
2 24 -22.792 4.000 13.848 -20.008 4.000 14.854
2 24 -15.200 4.000 8.087 -15.200 4.000 -6.362
2 24 -20.008 4.000 14.854 -17.833 4.000 14.122
2 24 -15.200 4.000 -6.362 -15.832 4.000 -9.654
2 24 -15.832 4.000 -9.654 -17.659 4.000 -11.848
2 24 -25.163 4.000 -11.665 -26.991 4.000 -9.654
2 24 -15.745 4.000 11.745 -15.200 4.000 8.087
2 24 -22.966 4.000 -12.671 -25.163 4.000 -11.665
2 24 -17.833 4.000 14.122 -15.745 4.000 11.745
2 24 -27.513 4.000 -6.727 -27.491 4.000 -2.795
2 24 -27.491 4.000 -2.795 -26.185 4.000 0.771
2 24 -26.991 4.000 -9.654 -27.513 4.000 -6.727
2 24 -20.095 4.000 -12.580 -22.966 4.000 -12.671
2 24 -31.900 16.000 -3.300 -33.400 16.000 -6.500
2 24 -27.000 16.000 16.400 -28.500 16.000 13.400
2 24 -10.700 16.000 5.900 -10.900 16.000 10.100
2 24 -10.900 16.000 10.100 -11.900 16.000 13.800
2 24 -11.900 16.000 13.800 -14.000 16.000 16.600
2 24 -29.900 16.000 1.400 -30.300 16.000 -0.900
2 24 -13.300 16.000 -15.800 -11.900 16.000 -12.900
2 24 -16.300 16.000 18.200 -19.000 16.000 19.200
2 24 -28.100 16.000 -18.200 -24.800 16.000 -19.200
2 24 -19.000 16.000 19.200 -22.000 16.000 19.200
2 24 -33.400 16.000 -6.500 -33.500 16.000 -9.900
2 24 -29.500 16.000 6.000 -29.900 16.000 1.400
2 24 -10.500 16.000 0.200 -10.700 16.000 5.900
2 24 -28.500 16.000 13.400 -29.300 16.000 9.300
2 24 -22.000 16.000 19.200 -24.600 16.000 18.300
2 24 -29.300 16.000 9.300 -29.500 16.000 6.000
2 24 -24.600 16.000 18.300 -27.000 16.000 16.400
2 24 -11.300 16.000 -9.400 -10.900 16.000 -4.700
2 24 -15.700 16.000 -17.700 -13.300 16.000 -15.800
2 24 -30.300 16.000 -0.900 -31.900 16.000 -3.300
2 24 -31.100 16.000 -16.000 -28.100 16.000 -18.200
2 24 -10.900 16.000 -4.700 -10.500 16.000 0.200
2 24 -11.900 16.000 -12.900 -11.300 16.000 -9.400
2 24 -18.400 16.000 -18.800 -15.700 16.000 -17.700
2 24 -24.800 16.000 -19.200 -22.100 16.000 -19.300
2 24 -33.000 16.000 -12.800 -31.100 16.000 -16.000
2 24 -14.000 16.000 16.600 -16.300 16.000 18.200
2 24 -22.100 16.000 -19.300 -18.400 16.000 -18.800
2 24 -33.500 16.000 -9.900 -33.000 16.000 -12.800
2 24 -25.122 4.000 0.504 -23.739 4.000 9.343
2 24 -18.668 4.000 -10.584 -20.512 4.000 -11.227
2 24 -16.825 4.000 -5.763 -17.286 4.000 -8.656
2 24 -26.505 4.000 -6.085 -26.110 4.000 -2.630
2 24 -17.286 4.000 -8.656 -18.668 4.000 -10.584
2 24 -26.110 4.000 -2.630 -25.122 4.000 0.504
2 24 -16.693 4.000 6.932 -16.825 4.000 -5.763
2 24 -18.800 4.000 12.235 -17.220 4.000 10.146
2 24 -22.685 4.000 -11.307 -24.727 4.000 -10.424
2 24 -24.727 4.000 -10.424 -26.110 4.000 -8.656
2 24 -22.554 4.000 11.994 -20.446 4.000 12.878
2 24 -17.220 4.000 10.146 -16.693 4.000 6.932
2 24 -20.512 4.000 -11.227 -22.685 4.000 -11.307
2 24 -20.446 4.000 12.878 -18.800 4.000 12.235
2 24 -26.110 4.000 -8.656 -26.505 4.000 -6.085
2 24 -23.739 4.000 9.343 -22.554 4.000 11.994
2 24 -26.908 9.142 -11.000 -26.000 8.430 -11.000
2 24 -26.908 9.142 -11.000 -28.327 10.297 -11.000
2 24 -26.000 7.130 -9.000 -26.435 7.484 -9.000
2 24 -30.355 11.000 -9.000 -29.269 11.000 -9.000
2 24 -28.327 10.297 -11.000 -28.894 11.000 -11.000
2 24 -29.269 11.000 -9.000 -26.435 7.484 -9.000
2 24 -30.143 11.000 -11.000 -30.143 15.800 -11.000
2 24 -30.355 11.000 -9.000 -30.355 15.800 -9.000
2 24 -30.143 11.000 -11.000 -28.894 11.000 -11.000
2 24 -30.143 15.800 -11.000 -30.400 15.800 -10.400
2 24 -30.355 15.800 -9.000 -30.400 15.800 -10.400
2 24 -26.000 7.130 -9.000 -26.000 15.800 -9.000
2 24 -26.000 8.430 -11.000 -26.000 15.800 -11.000
2 24 -30.143 15.800 -11.000 -26.000 15.800 -11.000
2 24 -26.000 15.800 -9.000 -30.355 15.800 -9.000
2 24 -26.000 8.250 -10.760 -26.000 8.430 -11.000
2 24 -26.000 7.130 -9.000 -26.000 8.250 -10.760
2 24 -16.788 4.000 -2.255 -16.788 7.000 -2.255
2 24 -16.304 7.873 -1.531 -16.788 7.000 -2.255
2 24 -16.304 7.873 -1.531 -16.000 8.402 0.000
2 24 -16.742 4.000 2.186 -16.742 7.000 2.186
2 24 -16.304 7.815 1.531 -16.000 8.402 0.000
2 24 -16.742 7.000 2.186 -16.304 7.815 1.531
1 16 -10.0000 0.0000 0.0000 0.0000 0.0000 -20.0000 0.0000 1.0000 0.0000 20.0000 0.0000 0.0000 1-16chrd.dat
1 16 -10.0000 0.0000 0.0000 0.0000 0.0000 -20.0000 0.0000 4.0000 0.0000 20.0000 0.0000 0.0000 1-16cylo.dat
1 16 -20.0000 0.0000 10.0000 -1.0000 0.0000 0.0000 0.0000 1.0000 0.0000 0.0000 0.0000 1.0000 stud2a.dat
1 16 -20.0000 0.0000 10.0000 -6.0000 0.0000 0.0000 0.0000 1.0000 0.0000 0.0000 0.0000 -6.0000 3-4edge.dat
1 16 -20.0000 0.0000 10.0000 -4.0000 0.0000 0.0000 0.0000 1.0000 0.0000 0.0000 0.0000 4.0000 4-4edge.dat
1 16 -20.0000 0.0000 10.0000 -5.5433 0.0000 2.2961 0.0000 4.0000 0.0000 2.2961 0.0000 5.5433 1-8cyli.dat
1 16 -20.0000 4.0000 10.0000 -5.5433 0.0000 2.2961 0.0000 1.0000 0.0000 2.2961 0.0000 5.5433 1-8edge.dat
1 16 -20.0000 4.0000 10.0000 -5.5433 0.0000 2.2961 0.0000 -1.0000 0.0000 2.2961 0.0000 5.5433 1-8chrd.dat
1 16 -22.1174 2.0000 15.5789 0.0000 0.0000 0.1800 2.0000 0.0000 0.0000 0.0000 -1.0000 0.0400 rect2a.dat
1 16 -25.5789 2.0000 12.1174 -0.0352 1.0002 0.0000 0.0000 0.0000 2.0000 -0.1765 0.0047 0.0000 rect2a.dat
1 16 -10.0000 0.0000 0.0000 -20.0000 0.0000 0.0000 0.0000 1.0000 0.0000 0.0000 0.0000 20.0000 1-16chrd.dat
1 16 -10.0000 0.0000 0.0000 -20.0000 0.0000 0.0000 0.0000 4.0000 0.0000 0.0000 0.0000 20.0000 1-16cylo.dat
1 16 -10.0000 4.0000 0.0000 0.0000 0.0000 -20.0000 0.0000 -1.0000 0.0000 20.0000 0.0000 0.0000 1-16chrd.dat
1 16 -10.0000 4.0000 0.0000 -20.0000 0.0000 0.0000 0.0000 -1.0000 0.0000 0.0000 0.0000 20.0000 1-16chrd.dat
1 16 -10.0000 0.0000 0.0000 0.0000 0.0000 -20.0000 0.0000 1.0000 0.0000 -20.0000 0.0000 0.0000 1-16chrd.dat
1 16 -10.0000 0.0000 0.0000 0.0000 0.0000 -20.0000 0.0000 4.0000 0.0000 -20.0000 0.0000 0.0000 1-16cylo.dat
1 16 -20.0000 0.0000 -10.0000 -1.0000 0.0000 0.0000 0.0000 1.0000 0.0000 0.0000 0.0000 -1.0000 stud2a.dat
1 16 -20.0000 0.0000 -10.0000 -6.0000 0.0000 0.0000 0.0000 1.0000 0.0000 0.0000 0.0000 6.0000 3-4edge.dat
1 16 -20.0000 0.0000 -10.0000 -4.0000 0.0000 0.0000 0.0000 1.0000 0.0000 0.0000 0.0000 -4.0000 4-4edge.dat
1 16 -20.0000 0.0000 -10.0000 -5.5433 0.0000 2.2961 0.0000 4.0000 0.0000 -2.2961 0.0000 -5.5433 1-8cyli.dat
1 16 -20.0000 4.0000 -10.0000 -5.5433 0.0000 2.2961 0.0000 1.0000 0.0000 -2.2961 0.0000 -5.5433 1-8edge.dat
1 16 -20.0000 4.0000 -10.0000 -5.5433 0.0000 2.2961 0.0000 -1.0000 0.0000 -2.2961 0.0000 -5.5433 1-8chrd.dat
1 16 -22.1174 2.0000 -15.5789 0.1765 -0.0044 0.0000 0.0000 0.0000 2.0000 -0.0352 1.0002 0.0000 rect2a.dat
1 16 -25.5789 2.0000 -12.1174 0.0000 1.0000 -0.0400 2.0000 0.0000 0.0000 0.0000 0.0000 0.1800 rect2a.dat
1 16 -10.0000 0.0000 0.0000 -20.0000 0.0000 0.0000 0.0000 1.0000 0.0000 0.0000 0.0000 -20.0000 1-16chrd.dat
1 16 -10.0000 0.0000 0.0000 -20.0000 0.0000 0.0000 0.0000 4.0000 0.0000 0.0000 0.0000 -20.0000 1-16cylo.dat
1 16 -10.0000 4.0000 0.0000 0.0000 0.0000 -20.0000 0.0000 -1.0000 0.0000 -20.0000 0.0000 0.0000 1-16chrd.dat
1 16 -10.0000 4.0000 0.0000 -20.0000 0.0000 0.0000 0.0000 -1.0000 0.0000 0.0000 0.0000 -20.0000 1-16chrd.dat
1 16 -8.3500 5.0000 -2.5000 0.0000 0.0000 6.8500 -0.9990 -1.0009 0.0000 -2.4976 0.0019 0.0000 rect.dat
1 16 -8.3500 5.0000 2.5000 6.8500 0.0000 0.0000 0.0000 -1.0000 -1.0000 0.0000 0.0000 2.5000 rect3.dat
1 16 -20.0000 4.0000 0.0000 -1.0000 0.0000 0.0000 0.0000 -3.0000 0.0000 0.0000 0.0000 -1.0000 stud3.dat
1 16 -28.3500 15.8000 -10.0000 2.3500 0.0000 0.0000 0.0000 -1.0000 0.0000 0.0000 0.0000 1.0000 rect1.dat
1 16 10.0000 2.0000 0.0000 0.0000 -20.0000 0.0000 2.0000 0.0000 0.0000 0.0000 0.0000 20.0000 box4o8a.dat
1 16 0.0000 4.0000 0.0000 1.5000 0.0000 0.0000 0.0000 2.0000 0.0000 0.0000 0.0000 7.0000 box5.dat
1 16 0.0000 0.0000 0.0000 1.0000 0.0000 0.0000 0.0000 1.0000 0.0000 0.0000 0.0000 1.0000 stug2-2x1.dat
