0 FILE 66961.dat
0 Brick, Modified 2 x 2 with Bar Handle on Four Sides
0 Name:  66961.dat
0 Author:  
0 BL_Item_No 66961
0 BFC CERTIFY CCW
3 16 16.000 16.000 16.000 -16.000 16.000 16.000 -20.000 16.000 20.000
3 16 -20.000 16.000 20.000 20.000 16.000 20.000 16.000 16.000 16.000
3 16 -16.000 16.000 16.000 -16.000 16.000 -16.000 -20.000 16.000 -20.000
3 16 -20.000 16.000 -20.000 -20.000 16.000 20.000 -16.000 16.000 16.000
3 16 -16.000 16.000 -16.000 16.000 16.000 -16.000 20.000 16.000 -20.000
3 16 20.000 16.000 -20.000 -20.000 16.000 -20.000 -16.000 16.000 -16.000
3 16 16.000 16.000 -16.000 16.000 16.000 16.000 20.000 16.000 20.000
3 16 20.000 16.000 20.000 20.000 16.000 -20.000 16.000 16.000 -16.000
3 16 20.000 0.000 -24.397 20.000 2.000 -24.000 20.000 0.000 -20.000
3 16 14.000 2.000 -24.000 14.000 0.000 -24.397 14.000 0.000 -20.000
3 16 -14.000 0.000 -24.397 -14.000 2.000 -24.000 -14.000 0.000 -20.000
3 16 -20.000 0.000 -24.397 -20.000 0.000 -20.000 -20.000 2.000 -24.000
3 16 -20.000 8.000 -24.000 -20.000 2.000 -24.000 -20.000 0.000 -20.000
3 16 -20.000 0.000 -20.000 -20.000 8.000 -20.000 -20.000 8.000 -24.000
3 16 -14.000 0.000 -20.000 -14.000 2.000 -24.000 -14.000 8.000 -24.000
3 16 -14.000 8.000 -24.000 -14.000 8.000 -20.000 -14.000 0.000 -20.000
3 16 20.000 2.000 -24.000 20.000 8.000 -24.000 20.000 8.000 -20.000
3 16 20.000 8.000 -20.000 20.000 0.000 -20.000 20.000 2.000 -24.000
3 16 14.000 8.000 -20.000 14.000 8.000 -24.000 14.000 2.000 -24.000
3 16 14.000 2.000 -24.000 14.000 0.000 -20.000 14.000 8.000 -20.000
3 16 20.000 8.000 -20.000 14.000 8.000 -20.000 20.000 16.000 -20.000
3 16 -14.000 8.000 -20.000 -20.000 8.000 -20.000 -20.000 16.000 -20.000
3 16 14.000 8.000 -20.000 -14.000 8.000 -20.000 -20.000 16.000 -20.000
3 16 -20.000 16.000 -20.000 20.000 16.000 -20.000 14.000 8.000 -20.000
3 16 24.397 0.000 20.000 24.000 2.000 20.000 20.000 0.000 20.000
3 16 24.000 2.000 14.000 24.397 0.000 14.000 20.000 0.000 14.000
3 16 24.397 0.000 -14.000 24.000 2.000 -14.000 20.000 0.000 -14.000
3 16 24.397 0.000 -20.000 20.000 0.000 -20.000 24.000 2.000 -20.000
3 16 24.000 8.000 -20.000 24.000 2.000 -20.000 20.000 0.000 -20.000
3 16 20.000 0.000 -20.000 20.000 8.000 -20.000 24.000 8.000 -20.000
3 16 20.000 0.000 -14.000 24.000 2.000 -14.000 24.000 8.000 -14.000
3 16 24.000 8.000 -14.000 20.000 8.000 -14.000 20.000 0.000 -14.000
3 16 24.000 2.000 20.000 24.000 8.000 20.000 20.000 8.000 20.000
3 16 20.000 8.000 20.000 20.000 0.000 20.000 24.000 2.000 20.000
3 16 20.000 8.000 14.000 24.000 8.000 14.000 24.000 2.000 14.000
3 16 24.000 2.000 14.000 20.000 0.000 14.000 20.000 8.000 14.000
3 16 20.000 8.000 20.000 20.000 8.000 14.000 20.000 16.000 20.000
3 16 20.000 8.000 -14.000 20.000 8.000 -20.000 20.000 16.000 -20.000
3 16 20.000 8.000 14.000 20.000 8.000 -14.000 20.000 16.000 -20.000
3 16 20.000 16.000 -20.000 20.000 16.000 20.000 20.000 8.000 14.000
3 16 -20.000 0.000 24.397 -20.000 2.000 24.000 -20.000 0.000 20.000
3 16 -14.000 2.000 24.000 -14.000 0.000 24.397 -14.000 0.000 20.000
3 16 14.000 0.000 24.397 14.000 2.000 24.000 14.000 0.000 20.000
3 16 20.000 0.000 24.397 20.000 0.000 20.000 20.000 2.000 24.000
3 16 20.000 8.000 24.000 20.000 2.000 24.000 20.000 0.000 20.000
3 16 20.000 0.000 20.000 20.000 8.000 20.000 20.000 8.000 24.000
3 16 14.000 0.000 20.000 14.000 2.000 24.000 14.000 8.000 24.000
3 16 14.000 8.000 24.000 14.000 8.000 20.000 14.000 0.000 20.000
3 16 -20.000 2.000 24.000 -20.000 8.000 24.000 -20.000 8.000 20.000
3 16 -20.000 8.000 20.000 -20.000 0.000 20.000 -20.000 2.000 24.000
3 16 -14.000 8.000 20.000 -14.000 8.000 24.000 -14.000 2.000 24.000
3 16 -14.000 2.000 24.000 -14.000 0.000 20.000 -14.000 8.000 20.000
3 16 -20.000 8.000 20.000 -14.000 8.000 20.000 -20.000 16.000 20.000
3 16 14.000 8.000 20.000 20.000 8.000 20.000 20.000 16.000 20.000
3 16 -14.000 8.000 20.000 14.000 8.000 20.000 20.000 16.000 20.000
3 16 20.000 16.000 20.000 -20.000 16.000 20.000 -14.000 8.000 20.000
3 16 -24.397 0.000 -20.000 -24.000 2.000 -20.000 -20.000 0.000 -20.000
3 16 -24.000 2.000 -14.000 -24.397 0.000 -14.000 -20.000 0.000 -14.000
3 16 -24.397 0.000 14.000 -24.000 2.000 14.000 -20.000 0.000 14.000
3 16 -24.397 0.000 20.000 -20.000 0.000 20.000 -24.000 2.000 20.000
3 16 -24.000 8.000 20.000 -24.000 2.000 20.000 -20.000 0.000 20.000
3 16 -20.000 0.000 20.000 -20.000 8.000 20.000 -24.000 8.000 20.000
3 16 -20.000 0.000 14.000 -24.000 2.000 14.000 -24.000 8.000 14.000
3 16 -24.000 8.000 14.000 -20.000 8.000 14.000 -20.000 0.000 14.000
3 16 -24.000 2.000 -20.000 -24.000 8.000 -20.000 -20.000 8.000 -20.000
3 16 -20.000 8.000 -20.000 -20.000 0.000 -20.000 -24.000 2.000 -20.000
3 16 -20.000 8.000 -14.000 -24.000 8.000 -14.000 -24.000 2.000 -14.000
3 16 -24.000 2.000 -14.000 -20.000 0.000 -14.000 -20.000 8.000 -14.000
3 16 -20.000 8.000 -20.000 -20.000 8.000 -14.000 -20.000 16.000 -20.000
3 16 -20.000 8.000 14.000 -20.000 8.000 20.000 -20.000 16.000 20.000
3 16 -20.000 8.000 -14.000 -20.000 8.000 14.000 -20.000 16.000 20.000
3 16 -20.000 16.000 20.000 -20.000 16.000 -20.000 -20.000 8.000 -14.000
3 16 -20.000 0.000 -14.000 -20.000 0.000 -20.000 -14.000 0.000 -20.000
3 16 14.000 0.000 -20.000 20.000 0.000 -20.000 20.000 0.000 -14.000
3 16 20.000 0.000 14.000 20.000 0.000 20.000 14.000 0.000 20.000
3 16 -14.000 0.000 20.000 -20.000 0.000 20.000 -20.000 0.000 14.000
3 16 -14.000 0.000 20.000 -20.000 0.000 14.000 20.000 0.000 14.000
3 16 20.000 0.000 14.000 14.000 0.000 20.000 -14.000 0.000 20.000
3 16 -20.000 0.000 14.000 -20.000 0.000 -14.000 20.000 0.000 -14.000
3 16 20.000 0.000 -14.000 20.000 0.000 14.000 -20.000 0.000 14.000
3 16 20.000 0.000 -14.000 -20.000 0.000 -14.000 -14.000 0.000 -20.000
3 16 -14.000 0.000 -20.000 14.000 0.000 -20.000 20.000 0.000 -14.000
3 16 -7.750 -8.000 -19.250 -9.750 -6.000 -19.250 9.750 -6.000 -19.250
3 16 9.750 -6.000 -19.250 7.750 -8.000 -19.250 -7.750 -8.000 -19.250
3 16 7.750 -8.000 -16.750 9.750 -6.000 -16.750 -9.750 -6.000 -16.750
3 16 -9.750 -6.000 -16.750 -7.750 -8.000 -16.750 7.750 -8.000 -16.750
3 16 -7.750 -8.000 16.750 -9.750 -6.000 16.750 9.750 -6.000 16.750
3 16 9.750 -6.000 16.750 7.750 -8.000 16.750 -7.750 -8.000 16.750
3 16 7.750 -8.000 19.250 9.750 -6.000 19.250 -9.750 -6.000 19.250
3 16 -9.750 -6.000 19.250 -7.750 -8.000 19.250 7.750 -8.000 19.250
2 24 20.000 0.000 -20.000 20.000 8.000 -20.000
2 24 -20.000 8.000 -20.000 -14.000 8.000 -20.000
2 24 14.000 8.000 -20.000 20.000 8.000 -20.000
2 24 20.000 0.000 20.000 20.000 8.000 20.000
2 24 20.000 8.000 -20.000 20.000 8.000 -14.000
2 24 20.000 8.000 14.000 20.000 8.000 20.000
2 24 -20.000 0.000 20.000 -20.000 8.000 20.000
2 24 20.000 8.000 20.000 14.000 8.000 20.000
2 24 -14.000 8.000 20.000 -20.000 8.000 20.000
2 24 -20.000 0.000 -20.000 -20.000 8.000 -20.000
2 24 -20.000 8.000 20.000 -20.000 8.000 14.000
2 24 -20.000 8.000 -14.000 -20.000 8.000 -20.000
2 24 -20.000 16.000 -20.000 -20.000 16.000 20.000
2 24 20.000 16.000 -20.000 20.000 16.000 20.000
1 16 0.0000 4.0000 0.0000 1.0000 0.0000 0.0000 0.0000 -3.0000 0.0000 0.0000 0.0000 1.0000 stud4.dat
0 BFC INVERTNEXT
1 16 0.0000 16.0000 0.0000 16.0000 0.0000 0.0000 0.0000 -12.0000 0.0000 0.0000 0.0000 16.0000 box5.dat
1 16 17.0000 -0.1490 -24.4265 3.0000 0.0000 0.0000 0.0000 1.0000 0.1500 0.0000 0.0000 0.0300 rect3.dat
1 16 -17.0000 -0.1490 -24.4265 3.0000 0.0000 0.0000 0.0000 1.0000 0.1500 0.0000 0.0000 0.0300 rect3.dat
1 16 20.0000 2.0000 -30.0000 0.0000 -6.0000 0.0000 -6.0000 0.0000 0.0000 0.0000 0.0000 6.0000 3-16cylo.dat
1 16 20.0000 2.0000 -30.0000 0.0000 -6.0000 0.0000 -6.0000 0.0000 0.0000 0.0000 0.0000 -6.0000 2-4cylo.dat
1 16 -20.0000 2.0000 -30.0000 0.0000 6.0000 0.0000 -6.0000 0.0000 0.0000 0.0000 0.0000 6.0000 3-16cylo.dat
1 16 -20.0000 2.0000 -30.0000 0.0000 6.0000 0.0000 -6.0000 0.0000 0.0000 0.0000 0.0000 -6.0000 2-4cylo.dat
1 16 20.0000 2.0000 -30.0000 0.0000 -1.0000 0.0000 6.0000 0.0000 0.0000 0.0000 0.0000 -6.0000 4-4disc.dat
1 16 -20.0000 2.0000 -30.0000 0.0000 1.0000 0.0000 6.0000 0.0000 0.0000 0.0000 0.0000 6.0000 4-4disc.dat
1 16 -20.0000 2.0000 -30.0000 0.0000 1.0000 0.0000 6.0000 0.0000 0.0000 0.0000 0.0000 6.0000 1-4ndis.dat
1 16 -14.0000 2.0000 -30.0000 0.0000 -1.0000 0.0000 6.0000 0.0000 0.0000 0.0000 0.0000 6.0000 1-4ndis.dat
1 16 14.0000 2.0000 -30.0000 0.0000 1.0000 0.0000 6.0000 0.0000 0.0000 0.0000 0.0000 6.0000 1-4ndis.dat
1 16 20.0000 2.0000 -30.0000 0.0000 -1.0000 0.0000 6.0000 0.0000 0.0000 0.0000 0.0000 6.0000 1-4ndis.dat
1 16 14.0000 2.0000 -30.0000 0.0000 1.0000 0.0000 2.0000 0.0000 0.0000 0.0000 0.0000 2.0000 4-4ring2.dat
1 16 -14.0000 2.0000 -30.0000 0.0000 -1.0000 0.0000 2.0000 0.0000 0.0000 0.0000 0.0000 -2.0000 4-4ring2.dat
1 16 14.0000 2.0000 -30.0000 0.0000 -28.0000 0.0000 4.0000 0.0000 0.0000 0.0000 0.0000 4.0000 4-4cylo.dat
1 16 17.0000 8.0000 -27.0000 0.0000 0.0000 3.0000 0.0000 -1.0000 0.0000 3.0000 0.0000 0.0000 rect2p.dat
1 16 -17.0000 8.0000 -27.0000 0.0000 0.0000 3.0000 0.0000 -1.0000 0.0000 3.0000 0.0000 0.0000 rect2p.dat
1 16 17.0000 8.0000 -22.0000 0.0000 0.0000 3.0000 0.0000 -1.0000 0.0000 2.0000 0.0000 0.0000 rect2p.dat
1 16 -17.0000 8.0000 -22.0000 0.0000 0.0000 3.0000 0.0000 -1.0000 0.0000 2.0000 0.0000 0.0000 rect2p.dat
1 16 17.0000 0.0000 -22.1985 0.0000 0.0000 3.0000 0.0000 1.0000 0.0000 -2.1985 0.0000 0.0000 rect2p.dat
1 16 -17.0000 0.0000 -22.1985 0.0000 0.0000 3.0000 0.0000 1.0000 0.0000 -2.1985 0.0000 0.0000 rect2p.dat
1 16 0.0000 4.0000 -20.0000 -14.0000 0.0000 0.0000 0.0000 0.0000 -4.0000 0.0000 1.0000 0.0000 rect3.dat
1 16 24.4265 -0.1490 17.0000 0.0000 0.0000 -0.0300 0.0000 1.0000 0.1500 3.0000 0.0000 0.0000 rect3.dat
1 16 24.4265 -0.1490 -17.0000 0.0000 0.0000 -0.0300 0.0000 1.0000 0.1500 3.0000 0.0000 0.0000 rect3.dat
1 16 30.0000 2.0000 20.0000 0.0000 0.0000 -6.0000 -6.0000 0.0000 0.0000 0.0000 -6.0000 0.0000 3-16cylo.dat
1 16 30.0000 2.0000 20.0000 0.0000 0.0000 6.0000 -6.0000 0.0000 0.0000 0.0000 -6.0000 0.0000 2-4cylo.dat
1 16 30.0000 2.0000 -20.0000 0.0000 0.0000 -6.0000 -6.0000 0.0000 0.0000 0.0000 6.0000 0.0000 3-16cylo.dat
1 16 30.0000 2.0000 -20.0000 0.0000 0.0000 6.0000 -6.0000 0.0000 0.0000 0.0000 6.0000 0.0000 2-4cylo.dat
1 16 30.0000 2.0000 20.0000 0.0000 0.0000 6.0000 6.0000 0.0000 0.0000 0.0000 -1.0000 0.0000 4-4disc.dat
1 16 30.0000 2.0000 -20.0000 0.0000 0.0000 -6.0000 6.0000 0.0000 0.0000 0.0000 1.0000 0.0000 4-4disc.dat
1 16 30.0000 2.0000 -20.0000 0.0000 0.0000 -6.0000 6.0000 0.0000 0.0000 0.0000 1.0000 0.0000 1-4ndis.dat
1 16 30.0000 2.0000 -14.0000 0.0000 0.0000 -6.0000 6.0000 0.0000 0.0000 0.0000 -1.0000 0.0000 1-4ndis.dat
1 16 30.0000 2.0000 14.0000 0.0000 0.0000 -6.0000 6.0000 0.0000 0.0000 0.0000 1.0000 0.0000 1-4ndis.dat
1 16 30.0000 2.0000 20.0000 0.0000 0.0000 -6.0000 6.0000 0.0000 0.0000 0.0000 -1.0000 0.0000 1-4ndis.dat
1 16 30.0000 2.0000 14.0000 0.0000 0.0000 -2.0000 2.0000 0.0000 0.0000 0.0000 1.0000 0.0000 4-4ring2.dat
1 16 30.0000 2.0000 -14.0000 0.0000 0.0000 2.0000 2.0000 0.0000 0.0000 0.0000 -1.0000 0.0000 4-4ring2.dat
1 16 30.0000 2.0000 14.0000 0.0000 0.0000 -4.0000 4.0000 0.0000 0.0000 0.0000 -28.0000 0.0000 4-4cylo.dat
1 16 27.0000 8.0000 17.0000 -3.0000 0.0000 0.0000 0.0000 -1.0000 0.0000 0.0000 0.0000 3.0000 rect2p.dat
1 16 27.0000 8.0000 -17.0000 -3.0000 0.0000 0.0000 0.0000 -1.0000 0.0000 0.0000 0.0000 3.0000 rect2p.dat
1 16 22.0000 8.0000 17.0000 -2.0000 0.0000 0.0000 0.0000 -1.0000 0.0000 0.0000 0.0000 3.0000 rect2p.dat
1 16 22.0000 8.0000 -17.0000 -2.0000 0.0000 0.0000 0.0000 -1.0000 0.0000 0.0000 0.0000 3.0000 rect2p.dat
1 16 22.1985 0.0000 17.0000 2.1985 0.0000 0.0000 0.0000 1.0000 0.0000 0.0000 0.0000 3.0000 rect2p.dat
1 16 22.1985 0.0000 -17.0000 2.1985 0.0000 0.0000 0.0000 1.0000 0.0000 0.0000 0.0000 3.0000 rect2p.dat
1 16 20.0000 4.0000 0.0000 0.0000 -1.0000 0.0000 0.0000 0.0000 -4.0000 -14.0000 0.0000 0.0000 rect3.dat
1 16 -17.0000 -0.1490 24.4265 -3.0000 0.0000 0.0000 0.0000 1.0000 0.1500 0.0000 0.0000 -0.0300 rect3.dat
1 16 17.0000 -0.1490 24.4265 -3.0000 0.0000 0.0000 0.0000 1.0000 0.1500 0.0000 0.0000 -0.0300 rect3.dat
1 16 -20.0000 2.0000 30.0000 0.0000 6.0000 0.0000 -6.0000 0.0000 0.0000 0.0000 0.0000 -6.0000 3-16cylo.dat
1 16 -20.0000 2.0000 30.0000 0.0000 6.0000 0.0000 -6.0000 0.0000 0.0000 0.0000 0.0000 6.0000 2-4cylo.dat
1 16 20.0000 2.0000 30.0000 0.0000 -6.0000 0.0000 -6.0000 0.0000 0.0000 0.0000 0.0000 -6.0000 3-16cylo.dat
1 16 20.0000 2.0000 30.0000 0.0000 -6.0000 0.0000 -6.0000 0.0000 0.0000 0.0000 0.0000 6.0000 2-4cylo.dat
1 16 -20.0000 2.0000 30.0000 0.0000 1.0000 0.0000 6.0000 0.0000 0.0000 0.0000 0.0000 6.0000 4-4disc.dat
1 16 20.0000 2.0000 30.0000 0.0000 -1.0000 0.0000 6.0000 0.0000 0.0000 0.0000 0.0000 -6.0000 4-4disc.dat
1 16 20.0000 2.0000 30.0000 0.0000 -1.0000 0.0000 6.0000 0.0000 0.0000 0.0000 0.0000 -6.0000 1-4ndis.dat
1 16 14.0000 2.0000 30.0000 0.0000 1.0000 0.0000 6.0000 0.0000 0.0000 0.0000 0.0000 -6.0000 1-4ndis.dat
1 16 -14.0000 2.0000 30.0000 0.0000 -1.0000 0.0000 6.0000 0.0000 0.0000 0.0000 0.0000 -6.0000 1-4ndis.dat
1 16 -20.0000 2.0000 30.0000 0.0000 1.0000 0.0000 6.0000 0.0000 0.0000 0.0000 0.0000 -6.0000 1-4ndis.dat
1 16 -14.0000 2.0000 30.0000 0.0000 -1.0000 0.0000 2.0000 0.0000 0.0000 0.0000 0.0000 -2.0000 4-4ring2.dat
1 16 14.0000 2.0000 30.0000 0.0000 1.0000 0.0000 2.0000 0.0000 0.0000 0.0000 0.0000 2.0000 4-4ring2.dat
1 16 -14.0000 2.0000 30.0000 0.0000 28.0000 0.0000 4.0000 0.0000 0.0000 0.0000 0.0000 -4.0000 4-4cylo.dat
1 16 -17.0000 8.0000 27.0000 0.0000 0.0000 -3.0000 0.0000 -1.0000 0.0000 -3.0000 0.0000 0.0000 rect2p.dat
1 16 17.0000 8.0000 27.0000 0.0000 0.0000 -3.0000 0.0000 -1.0000 0.0000 -3.0000 0.0000 0.0000 rect2p.dat
1 16 -17.0000 8.0000 22.0000 0.0000 0.0000 -3.0000 0.0000 -1.0000 0.0000 -2.0000 0.0000 0.0000 rect2p.dat
1 16 17.0000 8.0000 22.0000 0.0000 0.0000 -3.0000 0.0000 -1.0000 0.0000 -2.0000 0.0000 0.0000 rect2p.dat
1 16 -17.0000 0.0000 22.1985 0.0000 0.0000 -3.0000 0.0000 1.0000 0.0000 2.1985 0.0000 0.0000 rect2p.dat
1 16 17.0000 0.0000 22.1985 0.0000 0.0000 -3.0000 0.0000 1.0000 0.0000 2.1985 0.0000 0.0000 rect2p.dat
1 16 0.0000 4.0000 20.0000 14.0000 0.0000 0.0000 0.0000 0.0000 -4.0000 0.0000 -1.0000 0.0000 rect3.dat
1 16 -24.4265 -0.1490 -17.0000 0.0000 0.0000 0.0300 0.0000 1.0000 0.1500 -3.0000 0.0000 0.0000 rect3.dat
1 16 -24.4265 -0.1490 17.0000 0.0000 0.0000 0.0300 0.0000 1.0000 0.1500 -3.0000 0.0000 0.0000 rect3.dat
1 16 -30.0000 2.0000 -20.0000 0.0000 0.0000 6.0000 -6.0000 0.0000 0.0000 0.0000 6.0000 0.0000 3-16cylo.dat
1 16 -30.0000 2.0000 -20.0000 0.0000 0.0000 -6.0000 -6.0000 0.0000 0.0000 0.0000 6.0000 0.0000 2-4cylo.dat
1 16 -30.0000 2.0000 20.0000 0.0000 0.0000 6.0000 -6.0000 0.0000 0.0000 0.0000 -6.0000 0.0000 3-16cylo.dat
1 16 -30.0000 2.0000 20.0000 0.0000 0.0000 -6.0000 -6.0000 0.0000 0.0000 0.0000 -6.0000 0.0000 2-4cylo.dat
1 16 -30.0000 2.0000 -20.0000 0.0000 0.0000 -6.0000 6.0000 0.0000 0.0000 0.0000 1.0000 0.0000 4-4disc.dat
1 16 -30.0000 2.0000 20.0000 0.0000 0.0000 6.0000 6.0000 0.0000 0.0000 0.0000 -1.0000 0.0000 4-4disc.dat
1 16 -30.0000 2.0000 20.0000 0.0000 0.0000 6.0000 6.0000 0.0000 0.0000 0.0000 -1.0000 0.0000 1-4ndis.dat
1 16 -30.0000 2.0000 14.0000 0.0000 0.0000 6.0000 6.0000 0.0000 0.0000 0.0000 1.0000 0.0000 1-4ndis.dat
1 16 -30.0000 2.0000 -14.0000 0.0000 0.0000 6.0000 6.0000 0.0000 0.0000 0.0000 -1.0000 0.0000 1-4ndis.dat
1 16 -30.0000 2.0000 -20.0000 0.0000 0.0000 6.0000 6.0000 0.0000 0.0000 0.0000 1.0000 0.0000 1-4ndis.dat
1 16 -30.0000 2.0000 -14.0000 0.0000 0.0000 2.0000 2.0000 0.0000 0.0000 0.0000 -1.0000 0.0000 4-4ring2.dat
1 16 -30.0000 2.0000 14.0000 0.0000 0.0000 -2.0000 2.0000 0.0000 0.0000 0.0000 1.0000 0.0000 4-4ring2.dat
1 16 -30.0000 2.0000 -14.0000 0.0000 0.0000 4.0000 4.0000 0.0000 0.0000 0.0000 28.0000 0.0000 4-4cylo.dat
1 16 -27.0000 8.0000 -17.0000 3.0000 0.0000 0.0000 0.0000 -1.0000 0.0000 0.0000 0.0000 -3.0000 rect2p.dat
1 16 -27.0000 8.0000 17.0000 3.0000 0.0000 0.0000 0.0000 -1.0000 0.0000 0.0000 0.0000 -3.0000 rect2p.dat
1 16 -22.0000 8.0000 -17.0000 2.0000 0.0000 0.0000 0.0000 -1.0000 0.0000 0.0000 0.0000 -3.0000 rect2p.dat
1 16 -22.0000 8.0000 17.0000 2.0000 0.0000 0.0000 0.0000 -1.0000 0.0000 0.0000 0.0000 -3.0000 rect2p.dat
1 16 -22.1985 0.0000 -17.0000 -2.1985 0.0000 0.0000 0.0000 1.0000 0.0000 0.0000 0.0000 -3.0000 rect2p.dat
1 16 -22.1985 0.0000 17.0000 -2.1985 0.0000 0.0000 0.0000 1.0000 0.0000 0.0000 0.0000 -3.0000 rect2p.dat
1 16 -20.0000 4.0000 0.0000 0.0000 1.0000 0.0000 0.0000 0.0000 -4.0000 14.0000 0.0000 0.0000 rect3.dat
1 16 0.0000 12.0000 -20.0000 -20.0000 0.0000 0.0000 0.0000 0.0000 4.0000 0.0000 1.0000 0.0000 recte3.dat
1 16 0.0000 12.0000 20.0000 -20.0000 0.0000 0.0000 0.0000 0.0000 4.0000 0.0000 1.0000 0.0000 recte3.dat
1 16 0.0000 0.0000 0.0000 0.0000 0.0000 1.0000 0.0000 -5.0000 0.0000 16.7500 0.0000 0.0000 box3u2p.dat
1 16 0.0000 0.0000 -18.0000 -9.7500 0.0000 0.0000 0.0000 -6.0000 0.0000 0.0000 0.0000 1.2500 box4o4a.dat
1 16 7.7500 -6.0000 -19.2500 0.0000 0.0000 2.0000 -2.0000 0.0000 0.0000 0.0000 2.5000 0.0000 1-4cylo.dat
1 16 7.7500 -6.0000 -19.2500 0.0000 0.0000 2.0000 -2.0000 0.0000 0.0000 0.0000 1.0000 0.0000 1-4chrd.dat
1 16 7.7500 -6.0000 -16.7500 0.0000 0.0000 2.0000 -2.0000 0.0000 0.0000 0.0000 -1.0000 0.0000 1-4chrd.dat
1 16 -7.7500 -6.0000 -19.2500 0.0000 0.0000 -2.0000 -2.0000 0.0000 0.0000 0.0000 2.5000 0.0000 1-4cylo.dat
1 16 -7.7500 -6.0000 -19.2500 0.0000 0.0000 -2.0000 -2.0000 0.0000 0.0000 0.0000 1.0000 0.0000 1-4chrd.dat
1 16 -7.7500 -6.0000 -16.7500 0.0000 0.0000 -2.0000 -2.0000 0.0000 0.0000 0.0000 -1.0000 0.0000 1-4chrd.dat
1 16 0.0000 -8.0000 -18.0000 7.7500 0.0000 0.0000 0.0000 1.0000 0.0000 0.0000 0.0000 1.2500 rect2p.dat
1 16 0.0000 0.0000 18.0000 -9.7500 0.0000 0.0000 0.0000 -6.0000 0.0000 0.0000 0.0000 1.2500 box4o4a.dat
1 16 7.7500 -6.0000 16.7500 0.0000 0.0000 2.0000 -2.0000 0.0000 0.0000 0.0000 2.5000 0.0000 1-4cylo.dat
1 16 7.7500 -6.0000 16.7500 0.0000 0.0000 2.0000 -2.0000 0.0000 0.0000 0.0000 1.0000 0.0000 1-4chrd.dat
1 16 7.7500 -6.0000 19.2500 0.0000 0.0000 2.0000 -2.0000 0.0000 0.0000 0.0000 -1.0000 0.0000 1-4chrd.dat
1 16 -7.7500 -6.0000 16.7500 0.0000 0.0000 -2.0000 -2.0000 0.0000 0.0000 0.0000 2.5000 0.0000 1-4cylo.dat
1 16 -7.7500 -6.0000 16.7500 0.0000 0.0000 -2.0000 -2.0000 0.0000 0.0000 0.0000 1.0000 0.0000 1-4chrd.dat
1 16 -7.7500 -6.0000 19.2500 0.0000 0.0000 -2.0000 -2.0000 0.0000 0.0000 0.0000 -1.0000 0.0000 1-4chrd.dat
1 16 0.0000 -8.0000 18.0000 7.7500 0.0000 0.0000 0.0000 1.0000 0.0000 0.0000 0.0000 1.2500 rect2p.dat
1 16 0.0000 0.0000 0.0000 0.0000 0.0000 1.0000 0.0000 1.0000 0.0000 -1.0000 0.0000 0.0000 stug-2x1.dat
