0 FILE 67928.dat
0 Minifigure Wing Small Feathered
0 Name:  67928.dat
0 Author:  
0 BL_Item_No 67928
0 BFC CERTIFY CCW
1 16 0.0000 0.0000 0.0000 4.0000 0.0000 0.0000 0.0000 -10.0000 0.0000 0.0000 0.0000 4.0000 4-4cylc.dat
1 16 0.0000 -10.0000 0.0000 5.7000 0.0000 0.0000 0.0000 -3.7000 0.0000 0.0000 0.0000 5.7000 4-4cylc.dat
1 16 0.0000 -13.7000 0.0000 5.7000 0.0000 0.0000 0.0000 1.0000 0.0000 0.0000 0.0000 5.7000 4-4disc.dat
3 16 0.000 -54.920 29.570 2.150 -53.890 32.160 0.000 -54.110 32.240
3 16 0.000 -52.510 33.825 0.000 -54.110 32.240 2.150 -53.890 32.160
3 16 2.150 -53.890 32.160 2.150 -52.355 33.695 0.000 -52.510 33.825
3 16 0.000 -54.920 29.570 2.010 -54.690 29.200 2.150 -53.890 32.160
3 16 2.150 -52.355 33.695 2.150 -50.730 34.150 0.000 -50.820 34.330
3 16 0.000 -50.820 34.330 0.000 -52.510 33.825 2.150 -52.355 33.695
3 16 0.000 -48.015 33.805 0.000 -50.820 34.330 2.150 -50.730 34.150
3 16 0.000 -48.015 33.805 2.150 -50.730 34.150 1.995 -47.990 33.690
3 16 1.995 -47.990 33.690 1.840 -45.250 32.290 0.000 -45.210 32.340
3 16 0.000 -45.210 32.340 0.000 -48.015 33.805 1.995 -47.990 33.690
3 16 0.000 -45.210 32.340 1.840 -43.170 33.650 0.000 -43.080 33.880
3 16 0.000 -45.210 32.340 1.840 -45.250 32.290 1.840 -43.170 33.650
3 16 0.000 -43.080 33.880 1.840 -43.170 33.650 1.630 -40.490 33.580
3 16 1.630 -40.490 33.580 0.000 -40.590 33.800 0.000 -43.080 33.880
3 16 0.000 -36.630 31.560 0.000 -40.590 33.800 1.630 -40.490 33.580
3 16 0.000 -36.630 31.560 1.630 -40.490 33.580 1.420 -36.630 31.560
3 16 0.000 -31.480 32.320 0.000 -34.280 32.590 1.840 -34.280 32.590
3 16 1.840 -34.280 32.590 2.030 -31.480 32.320 0.000 -31.480 32.320
3 16 0.000 -29.768 31.288 0.000 -31.480 32.320 2.030 -31.480 32.320
3 16 0.000 -29.768 31.288 2.030 -31.480 32.320 2.040 -29.813 31.215
3 16 2.040 -29.813 31.215 2.070 -26.010 26.460 0.000 -25.830 26.750
3 16 2.040 -29.813 31.215 0.000 -25.830 26.750 0.000 -29.768 31.288
3 16 0.000 -34.280 32.590 0.000 -36.630 31.560 1.420 -36.630 31.560
3 16 1.420 -36.630 31.560 1.840 -34.280 32.590 0.000 -34.280 32.590
3 16 2.070 -50.830 14.420 2.270 -57.130 20.070 0.000 -57.390 19.580
3 16 0.000 -57.390 19.580 0.000 -51.030 13.960 2.070 -50.830 14.420
3 16 0.000 -62.070 23.320 0.000 -57.390 19.580 2.270 -57.130 20.070
3 16 0.000 -62.070 23.320 2.270 -57.130 20.070 2.180 -61.880 23.560
3 16 0.000 -62.940 25.580 0.000 -62.070 23.320 2.180 -61.880 23.560
3 16 2.180 -61.880 23.560 2.180 -62.720 25.800 0.000 -62.940 25.580
3 16 0.000 -51.030 13.960 2.340 -44.420 7.500 2.070 -50.830 14.420
3 16 0.000 -51.030 13.960 0.000 -44.520 7.270 2.340 -44.420 7.500
3 16 0.000 -54.920 29.570 0.000 -57.310 29.840 2.100 -57.470 29.680
3 16 0.000 -59.410 29.860 2.100 -57.470 29.680 0.000 -57.310 29.840
3 16 0.000 -59.410 29.860 2.180 -59.390 29.730 2.100 -57.470 29.680
3 16 0.000 -59.410 29.860 2.180 -61.740 28.450 2.180 -59.390 29.730
3 16 0.000 -59.410 29.860 0.000 -61.930 28.560 2.180 -61.740 28.450
3 16 2.180 -62.720 25.800 2.180 -61.740 28.450 0.000 -61.930 28.560
3 16 2.180 -62.720 25.800 0.000 -61.930 28.560 0.000 -62.940 25.580
3 16 0.000 -54.920 29.570 2.100 -57.470 29.680 2.010 -54.690 29.200
3 16 0.000 -44.520 7.270 2.600 -38.010 0.580 2.340 -44.420 7.500
3 16 0.000 -44.520 7.270 0.000 -38.010 0.580 2.600 -38.010 0.580
3 16 2.600 -38.010 0.580 0.000 -38.010 0.580 0.000 -32.320 -3.400
3 16 0.000 -32.320 -3.400 2.970 -32.320 -3.400 2.600 -38.010 0.580
3 16 0.000 -25.270 -5.400 0.000 -21.895 -4.900 3.390 -25.510 -5.270
3 16 2.420 -13.920 13.140 2.900 -13.850 8.550 0.000 -13.890 8.550
3 16 0.000 -13.890 8.550 0.000 -13.920 13.140 2.420 -13.920 13.140
3 16 0.000 -13.700 5.680 0.000 -13.890 8.550 2.900 -13.850 8.550
3 16 2.900 -13.850 8.550 2.900 -14.230 5.400 2.520 -13.700 4.710
3 16 2.520 -13.700 4.710 0.000 -13.700 5.680 2.900 -13.850 8.550
3 16 2.520 -13.700 4.710 2.900 -14.230 5.400 3.180 -15.450 1.920
3 16 2.520 -13.700 4.710 3.180 -15.450 1.920 2.880 -15.320 1.590
3 16 3.180 -15.450 1.920 2.860 -17.170 -1.520 2.880 -15.320 1.590
3 16 3.180 -15.450 1.920 3.550 -18.290 -2.340 2.860 -17.170 -1.520
3 16 2.860 -17.170 -1.520 3.550 -18.290 -2.340 2.040 -18.220 -2.630
3 16 3.470 -21.680 -4.355 3.390 -25.510 -5.270 0.000 -21.895 -4.900
3 16 3.550 -18.290 -2.340 3.470 -21.680 -4.355 2.040 -18.220 -2.630
3 16 2.040 -18.220 -2.630 3.470 -21.680 -4.355 0.000 -21.895 -4.900
3 16 0.000 -21.895 -4.900 0.000 -18.960 -3.300 2.040 -18.220 -2.630
3 16 2.170 -14.910 17.090 2.420 -13.920 13.140 0.000 -13.920 13.140
3 16 0.000 -13.920 13.140 0.000 -14.910 17.090 2.170 -14.910 17.090
3 16 0.000 -14.910 17.090 0.000 -16.260 21.040 1.920 -16.260 21.040
3 16 1.920 -16.260 21.040 2.170 -14.910 17.090 0.000 -14.910 17.090
3 16 1.920 -16.260 21.040 0.000 -16.260 21.040 0.000 -19.630 26.160
3 16 0.000 -19.630 26.160 2.070 -19.630 26.160 1.920 -16.260 21.040
3 16 2.070 -19.630 26.160 0.000 -19.630 26.160 0.000 -21.090 27.160
3 16 0.000 -21.090 27.160 2.070 -21.115 26.975 2.070 -19.630 26.160
3 16 0.000 -22.550 27.640 2.070 -22.600 27.270 2.070 -21.115 26.975
3 16 2.070 -21.115 26.975 0.000 -21.090 27.160 0.000 -22.550 27.640
3 16 0.000 -23.910 27.545 0.000 -25.830 26.750 2.070 -24.025 27.215
3 16 0.000 -22.550 27.640 0.000 -23.910 27.545 2.070 -22.600 27.270
3 16 2.070 -24.025 27.215 2.070 -22.600 27.270 0.000 -23.910 27.545
3 16 2.070 -26.010 26.460 2.070 -24.025 27.215 0.000 -25.830 26.750
3 16 0.000 -13.700 -3.450 1.580 -13.700 -2.740 2.040 -18.220 -2.630
3 16 2.040 -18.220 -2.630 0.000 -18.960 -3.300 0.000 -13.700 -3.450
3 16 2.040 -18.220 -2.630 1.580 -13.700 -2.740 2.740 -13.700 -1.580
3 16 2.740 -13.700 -1.580 2.860 -17.170 -1.520 2.040 -18.220 -2.630
3 16 2.740 -13.700 -1.580 3.170 -13.700 0.000 2.860 -17.170 -1.520
3 16 2.880 -15.320 1.590 2.860 -17.170 -1.520 3.170 -13.700 0.000
3 16 2.880 -15.320 1.590 3.170 -13.700 0.000 3.180 -13.700 1.590
3 16 2.880 -15.320 1.590 3.180 -13.700 1.590 2.520 -13.700 4.710
3 16 2.150 -53.890 32.160 1.640 -50.120 25.120 2.150 -46.520 27.500
3 16 2.150 -53.890 32.160 2.010 -54.690 29.200 1.640 -50.120 25.120
3 16 2.150 -46.520 27.500 2.150 -50.730 34.150 2.150 -52.355 33.695
3 16 2.150 -52.355 33.695 2.150 -53.890 32.160 2.150 -46.520 27.500
3 16 2.150 -46.520 27.500 1.640 -50.120 25.120 1.890 -44.720 21.470
3 16 2.025 -42.900 21.505 2.160 -40.200 20.320 2.150 -46.520 27.500
3 16 1.890 -44.720 21.470 2.025 -42.900 21.505 2.150 -46.520 27.500
3 16 1.995 -47.990 33.690 2.150 -50.730 34.150 2.150 -46.520 27.500
3 16 1.840 -45.250 32.290 1.995 -47.990 33.690 2.150 -46.520 27.500
3 16 2.150 -46.520 27.500 1.630 -42.290 28.010 1.840 -45.250 32.290
3 16 1.910 -39.970 22.100 1.630 -42.290 28.010 2.150 -46.520 27.500
3 16 2.150 -46.520 27.500 2.160 -40.200 20.320 1.910 -39.970 22.100
3 16 1.910 -39.970 22.100 1.660 -38.840 23.560 1.630 -42.290 28.010
3 16 1.840 -43.170 33.650 1.630 -42.290 28.010 2.240 -38.070 28.340
3 16 1.840 -43.170 33.650 1.840 -45.250 32.290 1.630 -42.290 28.010
3 16 1.840 -43.170 33.650 2.240 -38.070 28.340 1.630 -40.490 33.580
3 16 2.240 -38.070 28.340 1.630 -42.290 28.010 1.660 -38.840 23.560
3 16 2.045 -36.755 23.545 2.430 -33.390 21.850 2.240 -38.070 28.340
3 16 1.660 -38.840 23.560 2.045 -36.755 23.545 2.240 -38.070 28.340
3 16 2.240 -38.070 28.340 2.430 -33.390 21.850 2.285 -33.040 23.060
3 16 2.285 -33.040 23.060 2.140 -31.970 23.930 1.910 -34.380 27.510
3 16 2.285 -33.040 23.060 1.910 -34.380 27.510 2.240 -38.070 28.340
3 16 1.420 -36.630 31.560 2.240 -38.070 28.340 1.910 -34.380 27.510
3 16 1.420 -36.630 31.560 1.630 -40.490 33.580 2.240 -38.070 28.340
3 16 2.040 -29.813 31.215 2.030 -31.480 32.320 2.490 -31.090 27.420
3 16 2.070 -26.010 26.460 2.040 -29.813 31.215 2.490 -31.090 27.420
3 16 2.030 -31.480 32.320 1.840 -34.280 32.590 2.490 -31.090 27.420
3 16 2.070 -26.010 26.460 2.490 -31.090 27.420 2.080 -25.630 22.930
3 16 2.070 -26.010 26.460 2.080 -25.630 22.930 2.130 -22.680 22.200
3 16 1.840 -34.280 32.590 1.420 -36.630 31.560 1.910 -34.380 27.510
3 16 1.910 -34.380 27.510 2.490 -31.090 27.420 1.840 -34.280 32.590
3 16 2.140 -31.970 23.930 2.490 -31.090 27.420 1.910 -34.380 27.510
3 16 2.080 -25.630 22.930 2.490 -31.090 27.420 2.065 -29.730 23.810
3 16 2.065 -29.730 23.810 1.990 -27.490 21.990 2.080 -25.630 22.930
3 16 2.140 -31.970 23.930 2.065 -29.730 23.810 2.490 -31.090 27.420
3 16 2.180 -59.390 29.730 2.180 -61.740 28.450 2.320 -53.880 23.250
3 16 2.180 -62.720 25.800 2.320 -53.880 23.250 2.180 -61.740 28.450
3 16 2.180 -61.880 23.560 2.270 -57.130 20.070 2.320 -53.880 23.250
3 16 2.320 -53.880 23.250 2.180 -62.720 25.800 2.180 -61.880 23.560
3 16 2.320 -53.880 23.250 2.270 -57.130 20.070 2.070 -50.830 14.420
3 16 2.320 -53.880 23.250 2.070 -50.830 14.420 1.910 -45.090 17.120
3 16 2.340 -44.420 7.500 2.110 -40.400 11.300 1.910 -45.090 17.120
3 16 1.910 -45.090 17.120 2.070 -50.830 14.420 2.340 -44.420 7.500
3 16 2.320 -53.880 23.250 2.010 -54.690 29.200 2.100 -57.470 29.680
3 16 2.100 -57.470 29.680 2.180 -59.390 29.730 2.320 -53.880 23.250
3 16 2.320 -53.880 23.250 1.640 -50.120 25.120 2.010 -54.690 29.200
3 16 1.900 -45.535 19.815 1.890 -44.720 21.470 2.320 -53.880 23.250
3 16 1.910 -45.090 17.120 1.900 -45.535 19.815 2.320 -53.880 23.250
3 16 1.890 -44.720 21.470 1.640 -50.120 25.120 2.320 -53.880 23.250
3 16 2.340 -44.420 7.500 2.600 -38.010 0.580 2.320 -35.710 5.470
3 16 2.320 -35.710 5.470 2.110 -40.400 11.300 2.340 -44.420 7.500
3 16 2.600 -38.010 0.580 2.970 -32.320 -3.400 2.640 -29.560 2.320
3 16 2.640 -29.560 2.320 2.320 -35.710 5.470 2.600 -38.010 0.580
3 16 2.970 -32.320 -3.400 3.040 -26.040 1.990 2.640 -29.560 2.320
3 16 3.470 -21.680 -4.355 3.040 -26.040 1.990 3.180 -28.915 -4.845
3 16 3.180 -28.915 -4.845 3.390 -25.510 -5.270 3.470 -21.680 -4.355
3 16 2.970 -32.320 -3.400 3.180 -28.915 -4.845 3.040 -26.040 1.990
3 16 3.550 -18.290 -2.340 3.080 -21.940 4.140 3.040 -26.040 1.990
3 16 3.040 -26.040 1.990 3.470 -21.680 -4.355 3.550 -18.290 -2.340
3 16 3.180 -15.450 1.920 2.750 -19.140 8.210 3.080 -21.940 4.140
3 16 3.080 -21.940 4.140 3.550 -18.290 -2.340 3.180 -15.450 1.920
3 16 3.180 -15.450 1.920 2.900 -14.230 5.400 2.750 -19.140 8.210
3 16 2.900 -14.230 5.400 2.900 -13.850 8.550 2.750 -19.140 8.210
3 16 2.420 -13.920 13.140 2.750 -19.140 8.210 2.900 -13.850 8.550
3 16 2.420 -13.920 13.140 2.280 -19.070 13.980 2.750 -19.140 8.210
3 16 2.170 -14.910 17.090 2.280 -19.070 13.980 2.420 -13.920 13.140
3 16 2.170 -14.910 17.090 2.200 -20.880 18.090 2.280 -19.070 13.980
3 16 1.920 -16.260 21.040 2.200 -20.880 18.090 2.170 -14.910 17.090
3 16 1.920 -16.260 21.040 2.130 -22.680 22.200 2.200 -20.880 18.090
3 16 2.130 -22.680 22.200 1.920 -16.260 21.040 2.070 -19.630 26.160
3 16 2.130 -22.680 22.200 2.070 -21.115 26.975 2.070 -24.025 27.215
3 16 2.070 -24.025 27.215 2.070 -26.010 26.460 2.130 -22.680 22.200
3 16 2.070 -22.600 27.270 2.070 -24.025 27.215 2.070 -21.115 26.975
3 16 2.070 -19.630 26.160 2.070 -21.115 26.975 2.130 -22.680 22.200
3 16 2.025 -42.900 21.505 1.890 -44.720 21.470 3.190 -39.620 14.250
3 16 2.160 -40.200 20.320 2.025 -42.900 21.505 3.190 -39.620 14.250
3 16 3.190 -39.620 14.250 2.550 -36.130 14.780 2.160 -40.200 20.320
3 16 1.900 -45.535 19.815 1.910 -45.090 17.120 3.190 -39.620 14.250
3 16 1.890 -44.720 21.470 1.900 -45.535 19.815 3.190 -39.620 14.250
3 16 3.190 -39.620 14.250 1.910 -45.090 17.120 2.110 -40.400 11.300
3 16 3.160 -34.390 7.760 3.190 -39.620 14.250 2.110 -40.400 11.300
3 16 3.160 -34.390 7.760 2.550 -36.130 14.780 3.190 -39.620 14.250
3 16 3.160 -34.390 7.760 2.110 -40.400 11.300 2.320 -35.710 5.470
3 16 3.150 -30.720 5.220 3.160 -34.390 7.760 2.320 -35.710 5.470
3 16 2.640 -29.560 2.320 3.150 -30.720 5.220 2.320 -35.710 5.470
3 16 3.190 -27.740 5.530 3.150 -30.720 5.220 2.640 -29.560 2.320
3 16 3.190 -27.740 5.530 2.640 -29.560 2.320 3.040 -26.040 1.990
3 16 3.040 -26.040 1.990 3.080 -21.940 4.140 3.200 -24.450 7.370
3 16 3.200 -24.450 7.370 3.190 -27.740 5.530 3.040 -26.040 1.990
3 16 2.750 -19.140 8.210 3.200 -24.450 7.370 3.080 -21.940 4.140
3 16 2.750 -19.140 8.210 3.020 -21.870 9.930 3.200 -24.450 7.370
3 16 2.280 -19.070 13.980 3.020 -21.870 9.930 2.750 -19.140 8.210
3 16 2.280 -19.070 13.980 2.910 -20.830 13.520 3.020 -21.870 9.930
3 16 3.150 -30.720 5.220 2.930 -32.060 9.240 3.160 -34.390 7.760
3 16 3.160 -34.390 7.760 2.930 -32.060 9.240 2.550 -36.130 14.780
3 16 3.080 -29.900 9.910 3.150 -30.720 5.220 3.190 -27.740 5.530
3 16 3.080 -29.900 9.910 2.930 -32.060 9.240 3.150 -30.720 5.220
3 16 2.780 -27.590 11.370 3.190 -27.740 5.530 3.200 -24.450 7.370
3 16 2.780 -27.590 11.370 3.080 -29.900 9.910 3.190 -27.740 5.530
3 16 3.200 -24.450 7.370 2.890 -25.210 12.230 2.780 -27.590 11.370
3 16 3.200 -24.450 7.370 3.020 -21.870 9.930 2.890 -25.210 12.230
3 16 3.020 -21.870 9.930 2.630 -23.390 13.480 2.890 -25.210 12.230
3 16 3.020 -21.870 9.930 2.910 -20.830 13.520 2.630 -23.390 13.480
3 16 3.000 -34.640 16.500 2.930 -32.060 9.240 3.080 -29.900 9.910
3 16 3.000 -34.640 16.500 2.550 -36.130 14.780 2.930 -32.060 9.240
3 16 3.000 -34.640 16.500 2.160 -40.200 20.320 2.550 -36.130 14.780
3 16 1.910 -39.970 22.100 2.160 -40.200 20.320 3.000 -34.640 16.500
3 16 1.660 -38.840 23.560 1.910 -39.970 22.100 3.000 -34.640 16.500
3 16 2.045 -36.755 23.545 1.660 -38.840 23.560 3.000 -34.640 16.500
3 16 2.430 -33.390 21.850 2.045 -36.755 23.545 3.000 -34.640 16.500
3 16 3.000 -34.640 16.500 3.080 -29.900 9.910 2.600 -30.490 16.610
3 16 2.600 -30.490 16.610 2.430 -33.390 21.850 3.000 -34.640 16.500
3 16 3.080 -29.900 9.910 2.780 -27.590 11.370 2.600 -30.490 16.610
3 16 2.780 -27.590 11.370 2.890 -25.210 12.230 2.950 -28.610 18.070
3 16 2.780 -27.590 11.370 2.950 -28.610 18.070 2.600 -30.490 16.610
3 16 2.430 -33.390 21.850 2.600 -30.490 16.610 2.950 -28.610 18.070
3 16 2.285 -33.040 23.060 2.430 -33.390 21.850 2.950 -28.610 18.070
3 16 2.140 -31.970 23.930 2.285 -33.040 23.060 2.950 -28.610 18.070
3 16 2.065 -29.730 23.810 2.140 -31.970 23.930 2.950 -28.610 18.070
3 16 1.990 -27.490 21.990 2.065 -29.730 23.810 2.950 -28.610 18.070
3 16 2.950 -28.610 18.070 2.310 -25.440 17.730 1.990 -27.490 21.990
3 16 2.890 -25.210 12.230 2.310 -25.440 17.730 2.950 -28.610 18.070
3 16 2.890 -25.210 12.230 2.630 -23.390 13.480 2.310 -25.440 17.730
3 16 2.630 -23.390 13.480 2.950 -23.150 18.290 2.310 -25.440 17.730
3 16 2.310 -25.440 17.730 2.950 -23.150 18.290 2.080 -25.630 22.930
3 16 2.950 -23.150 18.290 2.130 -22.680 22.200 2.080 -25.630 22.930
3 16 2.950 -23.150 18.290 2.200 -20.880 18.090 2.130 -22.680 22.200
3 16 2.310 -25.440 17.730 2.080 -25.630 22.930 1.990 -27.490 21.990
3 16 2.910 -20.830 13.520 2.200 -20.880 18.090 2.950 -23.150 18.290
3 16 2.630 -23.390 13.480 2.910 -20.830 13.520 2.950 -23.150 18.290
3 16 2.910 -20.830 13.520 2.280 -19.070 13.980 2.200 -20.880 18.090
3 16 3.180 -28.915 -4.845 2.970 -32.320 -3.400 0.000 -32.320 -3.400
3 16 0.000 -32.320 -3.400 0.000 -28.795 -4.910 3.180 -28.915 -4.845
3 16 0.000 -28.795 -4.910 0.000 -25.270 -5.400 3.390 -25.510 -5.270
3 16 0.000 -28.795 -4.910 3.390 -25.510 -5.270 3.180 -28.915 -4.845
2 24 0.000 -13.700 5.680 2.520 -13.700 4.710
2 24 2.180 -59.390 29.730 2.100 -57.470 29.680
2 24 2.010 -54.690 29.200 1.640 -50.120 25.120
2 24 2.900 -14.230 5.400 3.180 -15.450 1.920
2 24 3.180 -15.450 1.920 3.550 -18.290 -2.340
2 24 2.280 -19.070 13.980 2.750 -19.140 8.210
2 24 2.180 -61.740 28.450 2.180 -59.390 29.730
2 24 1.900 -45.535 19.815 1.890 -44.720 21.470
2 24 1.910 -45.090 17.120 1.900 -45.535 19.815
2 24 3.180 -28.915 -4.845 3.390 -25.510 -5.270
2 24 2.970 -32.320 -3.400 3.180 -28.915 -4.845
2 24 2.860 -17.170 -1.520 2.880 -15.320 1.590
2 24 1.840 -34.280 32.590 2.030 -31.480 32.320
2 24 2.180 -62.720 25.800 2.180 -61.740 28.450
2 24 2.900 -13.850 8.550 2.900 -14.230 5.400
2 24 2.310 -25.440 17.730 2.630 -23.390 13.480
2 24 2.750 -19.140 8.210 3.080 -21.940 4.140
2 24 1.840 -45.250 32.290 1.630 -42.290 28.010
2 24 1.840 -45.250 32.290 0.000 -45.210 32.340
2 24 2.110 -40.400 11.300 1.910 -45.090 17.120
2 24 2.550 -36.130 14.780 2.160 -40.200 20.320
2 24 1.420 -36.630 31.560 1.840 -34.280 32.590
2 24 1.910 -34.380 27.510 1.420 -36.630 31.560
2 24 3.180 -13.700 1.590 2.520 -13.700 4.710
2 24 2.285 -33.040 23.060 2.140 -31.970 23.930
2 24 2.430 -33.390 21.850 2.285 -33.040 23.060
2 24 2.430 -33.390 21.850 2.600 -30.490 16.610
2 24 2.040 -29.813 31.215 2.070 -26.010 26.460
2 24 2.030 -31.480 32.320 2.040 -29.813 31.215
2 24 1.920 -16.260 21.040 2.170 -14.910 17.090
2 24 1.990 -27.490 21.990 2.080 -25.630 22.930
2 24 3.470 -21.680 -4.355 3.390 -25.510 -5.270
2 24 3.550 -18.290 -2.340 3.470 -21.680 -4.355
2 24 2.080 -25.630 22.930 2.070 -26.010 26.460
2 24 2.420 -13.920 13.140 2.900 -13.850 8.550
2 24 1.420 -36.630 31.560 0.000 -36.630 31.560
2 24 2.640 -29.560 2.320 2.320 -35.710 5.470
2 24 2.340 -44.420 7.500 2.070 -50.830 14.420
2 24 2.045 -36.755 23.545 2.430 -33.390 21.850
2 24 1.660 -38.840 23.560 2.045 -36.755 23.545
2 24 2.170 -14.910 17.090 2.420 -13.920 13.140
2 24 2.070 -21.115 26.975 2.070 -19.630 26.160
2 24 2.070 -22.600 27.270 2.070 -21.115 26.975
2 24 2.200 -20.880 18.090 2.280 -19.070 13.980
2 24 2.930 -32.060 9.240 2.550 -36.130 14.780
2 24 2.740 -13.700 -1.580 3.170 -13.700 0.000
2 24 2.150 -52.355 33.695 2.150 -50.730 34.150
2 24 2.150 -53.890 32.160 2.150 -52.355 33.695
2 24 1.910 -39.970 22.100 1.660 -38.840 23.560
2 24 2.160 -40.200 20.320 1.910 -39.970 22.100
2 24 2.040 -18.220 -2.630 2.860 -17.170 -1.520
2 24 3.080 -21.940 4.140 3.040 -26.040 1.990
2 24 1.840 -45.250 32.290 1.840 -43.170 33.650
2 24 1.630 -42.290 28.010 1.660 -38.840 23.560
2 24 2.070 -50.830 14.420 2.270 -57.130 20.070
2 24 2.070 -24.025 27.215 2.070 -22.600 27.270
2 24 2.070 -26.010 26.460 2.070 -24.025 27.215
2 24 3.170 -13.700 0.000 3.180 -13.700 1.590
2 24 2.140 -31.970 23.930 1.910 -34.380 27.510
2 24 1.580 -13.700 -2.740 2.740 -13.700 -1.580
2 24 1.995 -47.990 33.690 1.840 -45.250 32.290
2 24 2.150 -50.730 34.150 1.995 -47.990 33.690
2 24 1.840 -43.170 33.650 1.630 -40.490 33.580
2 24 2.320 -35.710 5.470 2.110 -40.400 11.300
2 24 2.065 -29.730 23.810 1.990 -27.490 21.990
2 24 2.140 -31.970 23.930 2.065 -29.730 23.810
2 24 2.080 -25.630 22.930 2.130 -22.680 22.200
2 24 0.000 -54.920 29.570 2.010 -54.690 29.200
2 24 2.070 -26.010 26.460 0.000 -25.830 26.750
2 24 2.180 -61.880 23.560 2.180 -62.720 25.800
2 24 2.070 -19.630 26.160 1.920 -16.260 21.040
2 24 1.640 -50.120 25.120 1.890 -44.720 21.470
2 24 1.990 -27.490 21.990 2.310 -25.440 17.730
2 24 2.025 -42.900 21.505 2.160 -40.200 20.320
2 24 1.890 -44.720 21.470 2.025 -42.900 21.505
2 24 2.600 -38.010 0.580 2.340 -44.420 7.500
2 24 0.000 -13.700 -3.450 1.580 -13.700 -2.740
2 24 2.130 -22.680 22.200 2.200 -20.880 18.090
2 24 2.270 -57.130 20.070 2.180 -61.880 23.560
2 24 3.040 -26.040 1.990 2.640 -29.560 2.320
2 24 2.100 -57.470 29.680 2.010 -54.690 29.200
2 24 2.600 -30.490 16.610 2.780 -27.590 11.370
2 24 1.630 -40.490 33.580 1.420 -36.630 31.560
2 24 2.010 -54.690 29.200 2.150 -53.890 32.160
2 24 0.000 -18.960 -3.300 2.040 -18.220 -2.630
2 24 2.600 -38.010 0.580 2.970 -32.320 -3.400
2 24 2.880 -15.320 1.590 2.520 -13.700 4.710
3 16 0.000 -54.110 32.240 -2.150 -53.890 32.160 0.000 -54.920 29.570
3 16 -2.150 -53.890 32.160 0.000 -54.110 32.240 0.000 -52.510 33.825
3 16 0.000 -52.510 33.825 -2.150 -52.355 33.695 -2.150 -53.890 32.160
3 16 -2.150 -53.890 32.160 -2.010 -54.690 29.200 0.000 -54.920 29.570
3 16 0.000 -50.820 34.330 -2.150 -50.730 34.150 -2.150 -52.355 33.695
3 16 -2.150 -52.355 33.695 0.000 -52.510 33.825 0.000 -50.820 34.330
3 16 -2.150 -50.730 34.150 0.000 -50.820 34.330 0.000 -48.015 33.805
3 16 -1.995 -47.990 33.690 -2.150 -50.730 34.150 0.000 -48.015 33.805
3 16 0.000 -45.210 32.340 -1.840 -45.250 32.290 -1.995 -47.990 33.690
3 16 -1.995 -47.990 33.690 0.000 -48.015 33.805 0.000 -45.210 32.340
3 16 0.000 -43.080 33.880 -1.840 -43.170 33.650 0.000 -45.210 32.340
3 16 -1.840 -43.170 33.650 -1.840 -45.250 32.290 0.000 -45.210 32.340
3 16 -1.630 -40.490 33.580 -1.840 -43.170 33.650 0.000 -43.080 33.880
3 16 0.000 -43.080 33.880 0.000 -40.590 33.800 -1.630 -40.490 33.580
3 16 -1.630 -40.490 33.580 0.000 -40.590 33.800 0.000 -36.630 31.560
3 16 -1.420 -36.630 31.560 -1.630 -40.490 33.580 0.000 -36.630 31.560
3 16 -1.840 -34.280 32.590 0.000 -34.280 32.590 0.000 -31.480 32.320
3 16 0.000 -31.480 32.320 -2.030 -31.480 32.320 -1.840 -34.280 32.590
3 16 -2.030 -31.480 32.320 0.000 -31.480 32.320 0.000 -29.768 31.288
3 16 -2.040 -29.813 31.215 -2.030 -31.480 32.320 0.000 -29.768 31.288
3 16 0.000 -25.830 26.750 -2.070 -26.010 26.460 -2.040 -29.813 31.215
3 16 0.000 -29.768 31.288 0.000 -25.830 26.750 -2.040 -29.813 31.215
3 16 -1.420 -36.630 31.560 0.000 -36.630 31.560 0.000 -34.280 32.590
3 16 0.000 -34.280 32.590 -1.840 -34.280 32.590 -1.420 -36.630 31.560
3 16 0.000 -57.390 19.580 -2.270 -57.130 20.070 -2.070 -50.830 14.420
3 16 -2.070 -50.830 14.420 0.000 -51.030 13.960 0.000 -57.390 19.580
3 16 -2.270 -57.130 20.070 0.000 -57.390 19.580 0.000 -62.070 23.320
3 16 -2.180 -61.880 23.560 -2.270 -57.130 20.070 0.000 -62.070 23.320
3 16 -2.180 -61.880 23.560 0.000 -62.070 23.320 0.000 -62.940 25.580
3 16 0.000 -62.940 25.580 -2.180 -62.720 25.800 -2.180 -61.880 23.560
3 16 -2.070 -50.830 14.420 -2.340 -44.420 7.500 0.000 -51.030 13.960
3 16 -2.340 -44.420 7.500 0.000 -44.520 7.270 0.000 -51.030 13.960
3 16 -2.100 -57.470 29.680 0.000 -57.310 29.840 0.000 -54.920 29.570
3 16 0.000 -57.310 29.840 -2.100 -57.470 29.680 0.000 -59.410 29.860
3 16 -2.100 -57.470 29.680 -2.180 -59.390 29.730 0.000 -59.410 29.860
3 16 -2.180 -59.390 29.730 -2.180 -61.740 28.450 0.000 -59.410 29.860
3 16 -2.180 -61.740 28.450 0.000 -61.930 28.560 0.000 -59.410 29.860
3 16 0.000 -61.930 28.560 -2.180 -61.740 28.450 -2.180 -62.720 25.800
3 16 0.000 -62.940 25.580 0.000 -61.930 28.560 -2.180 -62.720 25.800
3 16 -2.010 -54.690 29.200 -2.100 -57.470 29.680 0.000 -54.920 29.570
3 16 -2.340 -44.420 7.500 -2.600 -38.010 0.580 0.000 -44.520 7.270
3 16 -2.600 -38.010 0.580 0.000 -38.010 0.580 0.000 -44.520 7.270
3 16 0.000 -32.320 -3.400 0.000 -38.010 0.580 -2.600 -38.010 0.580
3 16 -2.600 -38.010 0.580 -2.970 -32.320 -3.400 0.000 -32.320 -3.400
3 16 -3.390 -25.510 -5.270 0.000 -21.895 -4.900 0.000 -25.270 -5.400
3 16 0.000 -13.890 8.550 -2.900 -13.850 8.550 -2.420 -13.920 13.140
3 16 -2.420 -13.920 13.140 0.000 -13.920 13.140 0.000 -13.890 8.550
3 16 -2.900 -13.850 8.550 0.000 -13.890 8.550 0.000 -13.700 5.680
3 16 -2.520 -13.700 4.710 -2.900 -14.230 5.400 -2.900 -13.850 8.550
3 16 -2.900 -13.850 8.550 0.000 -13.700 5.680 -2.520 -13.700 4.710
3 16 -3.180 -15.450 1.920 -2.900 -14.230 5.400 -2.520 -13.700 4.710
3 16 -2.880 -15.320 1.590 -3.180 -15.450 1.920 -2.520 -13.700 4.710
3 16 -2.880 -15.320 1.590 -2.860 -17.170 -1.520 -3.180 -15.450 1.920
3 16 -2.860 -17.170 -1.520 -3.550 -18.290 -2.340 -3.180 -15.450 1.920
3 16 -2.040 -18.220 -2.630 -3.550 -18.290 -2.340 -2.860 -17.170 -1.520
3 16 0.000 -21.895 -4.900 -3.390 -25.510 -5.270 -3.470 -21.680 -4.355
3 16 -2.040 -18.220 -2.630 -3.470 -21.680 -4.355 -3.550 -18.290 -2.340
3 16 0.000 -21.895 -4.900 -3.470 -21.680 -4.355 -2.040 -18.220 -2.630
3 16 -2.040 -18.220 -2.630 0.000 -18.960 -3.300 0.000 -21.895 -4.900
3 16 0.000 -13.920 13.140 -2.420 -13.920 13.140 -2.170 -14.910 17.090
3 16 -2.170 -14.910 17.090 0.000 -14.910 17.090 0.000 -13.920 13.140
3 16 -1.920 -16.260 21.040 0.000 -16.260 21.040 0.000 -14.910 17.090
3 16 0.000 -14.910 17.090 -2.170 -14.910 17.090 -1.920 -16.260 21.040
3 16 0.000 -19.630 26.160 0.000 -16.260 21.040 -1.920 -16.260 21.040
3 16 -1.920 -16.260 21.040 -2.070 -19.630 26.160 0.000 -19.630 26.160
3 16 0.000 -21.090 27.160 0.000 -19.630 26.160 -2.070 -19.630 26.160
3 16 -2.070 -19.630 26.160 -2.070 -21.115 26.975 0.000 -21.090 27.160
3 16 -2.070 -21.115 26.975 -2.070 -22.600 27.270 0.000 -22.550 27.640
3 16 0.000 -22.550 27.640 0.000 -21.090 27.160 -2.070 -21.115 26.975
3 16 -2.070 -24.025 27.215 0.000 -25.830 26.750 0.000 -23.910 27.545
3 16 -2.070 -22.600 27.270 0.000 -23.910 27.545 0.000 -22.550 27.640
3 16 0.000 -23.910 27.545 -2.070 -22.600 27.270 -2.070 -24.025 27.215
3 16 0.000 -25.830 26.750 -2.070 -24.025 27.215 -2.070 -26.010 26.460
3 16 -2.040 -18.220 -2.630 -1.580 -13.700 -2.740 0.000 -13.700 -3.450
3 16 0.000 -13.700 -3.450 0.000 -18.960 -3.300 -2.040 -18.220 -2.630
3 16 -2.740 -13.700 -1.580 -1.580 -13.700 -2.740 -2.040 -18.220 -2.630
3 16 -2.040 -18.220 -2.630 -2.860 -17.170 -1.520 -2.740 -13.700 -1.580
3 16 -2.860 -17.170 -1.520 -3.170 -13.700 0.000 -2.740 -13.700 -1.580
3 16 -3.170 -13.700 0.000 -2.860 -17.170 -1.520 -2.880 -15.320 1.590
3 16 -3.180 -13.700 1.590 -3.170 -13.700 0.000 -2.880 -15.320 1.590
3 16 -2.520 -13.700 4.710 -3.180 -13.700 1.590 -2.880 -15.320 1.590
3 16 -2.150 -46.520 27.500 -1.640 -50.120 25.120 -2.150 -53.890 32.160
3 16 -1.640 -50.120 25.120 -2.010 -54.690 29.200 -2.150 -53.890 32.160
3 16 -2.150 -52.355 33.695 -2.150 -50.730 34.150 -2.150 -46.520 27.500
3 16 -2.150 -46.520 27.500 -2.150 -53.890 32.160 -2.150 -52.355 33.695
3 16 -1.890 -44.720 21.470 -1.640 -50.120 25.120 -2.150 -46.520 27.500
3 16 -2.150 -46.520 27.500 -2.160 -40.200 20.320 -2.025 -42.900 21.505
3 16 -2.150 -46.520 27.500 -2.025 -42.900 21.505 -1.890 -44.720 21.470
3 16 -2.150 -46.520 27.500 -2.150 -50.730 34.150 -1.995 -47.990 33.690
3 16 -2.150 -46.520 27.500 -1.995 -47.990 33.690 -1.840 -45.250 32.290
3 16 -1.840 -45.250 32.290 -1.630 -42.290 28.010 -2.150 -46.520 27.500
3 16 -2.150 -46.520 27.500 -1.630 -42.290 28.010 -1.910 -39.970 22.100
3 16 -1.910 -39.970 22.100 -2.160 -40.200 20.320 -2.150 -46.520 27.500
3 16 -1.630 -42.290 28.010 -1.660 -38.840 23.560 -1.910 -39.970 22.100
3 16 -2.240 -38.070 28.340 -1.630 -42.290 28.010 -1.840 -43.170 33.650
3 16 -1.630 -42.290 28.010 -1.840 -45.250 32.290 -1.840 -43.170 33.650
3 16 -1.630 -40.490 33.580 -2.240 -38.070 28.340 -1.840 -43.170 33.650
3 16 -1.660 -38.840 23.560 -1.630 -42.290 28.010 -2.240 -38.070 28.340
3 16 -2.240 -38.070 28.340 -2.430 -33.390 21.850 -2.045 -36.755 23.545
3 16 -2.240 -38.070 28.340 -2.045 -36.755 23.545 -1.660 -38.840 23.560
3 16 -2.285 -33.040 23.060 -2.430 -33.390 21.850 -2.240 -38.070 28.340
3 16 -1.910 -34.380 27.510 -2.140 -31.970 23.930 -2.285 -33.040 23.060
3 16 -2.240 -38.070 28.340 -1.910 -34.380 27.510 -2.285 -33.040 23.060
3 16 -1.910 -34.380 27.510 -2.240 -38.070 28.340 -1.420 -36.630 31.560
3 16 -2.240 -38.070 28.340 -1.630 -40.490 33.580 -1.420 -36.630 31.560
3 16 -2.490 -31.090 27.420 -2.030 -31.480 32.320 -2.040 -29.813 31.215
3 16 -2.490 -31.090 27.420 -2.040 -29.813 31.215 -2.070 -26.010 26.460
3 16 -2.490 -31.090 27.420 -1.840 -34.280 32.590 -2.030 -31.480 32.320
3 16 -2.080 -25.630 22.930 -2.490 -31.090 27.420 -2.070 -26.010 26.460
3 16 -2.130 -22.680 22.200 -2.080 -25.630 22.930 -2.070 -26.010 26.460
3 16 -1.910 -34.380 27.510 -1.420 -36.630 31.560 -1.840 -34.280 32.590
3 16 -1.840 -34.280 32.590 -2.490 -31.090 27.420 -1.910 -34.380 27.510
3 16 -1.910 -34.380 27.510 -2.490 -31.090 27.420 -2.140 -31.970 23.930
3 16 -2.065 -29.730 23.810 -2.490 -31.090 27.420 -2.080 -25.630 22.930
3 16 -2.080 -25.630 22.930 -1.990 -27.490 21.990 -2.065 -29.730 23.810
3 16 -2.490 -31.090 27.420 -2.065 -29.730 23.810 -2.140 -31.970 23.930
3 16 -2.320 -53.880 23.250 -2.180 -61.740 28.450 -2.180 -59.390 29.730
3 16 -2.180 -61.740 28.450 -2.320 -53.880 23.250 -2.180 -62.720 25.800
3 16 -2.320 -53.880 23.250 -2.270 -57.130 20.070 -2.180 -61.880 23.560
3 16 -2.180 -61.880 23.560 -2.180 -62.720 25.800 -2.320 -53.880 23.250
3 16 -2.070 -50.830 14.420 -2.270 -57.130 20.070 -2.320 -53.880 23.250
3 16 -1.910 -45.090 17.120 -2.070 -50.830 14.420 -2.320 -53.880 23.250
3 16 -1.910 -45.090 17.120 -2.110 -40.400 11.300 -2.340 -44.420 7.500
3 16 -2.340 -44.420 7.500 -2.070 -50.830 14.420 -1.910 -45.090 17.120
3 16 -2.100 -57.470 29.680 -2.010 -54.690 29.200 -2.320 -53.880 23.250
3 16 -2.320 -53.880 23.250 -2.180 -59.390 29.730 -2.100 -57.470 29.680
3 16 -2.010 -54.690 29.200 -1.640 -50.120 25.120 -2.320 -53.880 23.250
3 16 -2.320 -53.880 23.250 -1.890 -44.720 21.470 -1.900 -45.535 19.815
3 16 -2.320 -53.880 23.250 -1.900 -45.535 19.815 -1.910 -45.090 17.120
3 16 -2.320 -53.880 23.250 -1.640 -50.120 25.120 -1.890 -44.720 21.470
3 16 -2.320 -35.710 5.470 -2.600 -38.010 0.580 -2.340 -44.420 7.500
3 16 -2.340 -44.420 7.500 -2.110 -40.400 11.300 -2.320 -35.710 5.470
3 16 -2.640 -29.560 2.320 -2.970 -32.320 -3.400 -2.600 -38.010 0.580
3 16 -2.600 -38.010 0.580 -2.320 -35.710 5.470 -2.640 -29.560 2.320
3 16 -2.640 -29.560 2.320 -3.040 -26.040 1.990 -2.970 -32.320 -3.400
3 16 -3.180 -28.915 -4.845 -3.040 -26.040 1.990 -3.470 -21.680 -4.355
3 16 -3.470 -21.680 -4.355 -3.390 -25.510 -5.270 -3.180 -28.915 -4.845
3 16 -3.040 -26.040 1.990 -3.180 -28.915 -4.845 -2.970 -32.320 -3.400
3 16 -3.040 -26.040 1.990 -3.080 -21.940 4.140 -3.550 -18.290 -2.340
3 16 -3.550 -18.290 -2.340 -3.470 -21.680 -4.355 -3.040 -26.040 1.990
3 16 -3.080 -21.940 4.140 -2.750 -19.140 8.210 -3.180 -15.450 1.920
3 16 -3.180 -15.450 1.920 -3.550 -18.290 -2.340 -3.080 -21.940 4.140
3 16 -2.750 -19.140 8.210 -2.900 -14.230 5.400 -3.180 -15.450 1.920
3 16 -2.750 -19.140 8.210 -2.900 -13.850 8.550 -2.900 -14.230 5.400
3 16 -2.900 -13.850 8.550 -2.750 -19.140 8.210 -2.420 -13.920 13.140
3 16 -2.750 -19.140 8.210 -2.280 -19.070 13.980 -2.420 -13.920 13.140
3 16 -2.420 -13.920 13.140 -2.280 -19.070 13.980 -2.170 -14.910 17.090
3 16 -2.280 -19.070 13.980 -2.200 -20.880 18.090 -2.170 -14.910 17.090
3 16 -2.170 -14.910 17.090 -2.200 -20.880 18.090 -1.920 -16.260 21.040
3 16 -2.200 -20.880 18.090 -2.130 -22.680 22.200 -1.920 -16.260 21.040
3 16 -2.070 -19.630 26.160 -1.920 -16.260 21.040 -2.130 -22.680 22.200
3 16 -2.070 -24.025 27.215 -2.070 -21.115 26.975 -2.130 -22.680 22.200
3 16 -2.130 -22.680 22.200 -2.070 -26.010 26.460 -2.070 -24.025 27.215
3 16 -2.070 -21.115 26.975 -2.070 -24.025 27.215 -2.070 -22.600 27.270
3 16 -2.130 -22.680 22.200 -2.070 -21.115 26.975 -2.070 -19.630 26.160
3 16 -3.190 -39.620 14.250 -1.890 -44.720 21.470 -2.025 -42.900 21.505
3 16 -3.190 -39.620 14.250 -2.025 -42.900 21.505 -2.160 -40.200 20.320
3 16 -2.160 -40.200 20.320 -2.550 -36.130 14.780 -3.190 -39.620 14.250
3 16 -3.190 -39.620 14.250 -1.910 -45.090 17.120 -1.900 -45.535 19.815
3 16 -3.190 -39.620 14.250 -1.900 -45.535 19.815 -1.890 -44.720 21.470
3 16 -2.110 -40.400 11.300 -1.910 -45.090 17.120 -3.190 -39.620 14.250
3 16 -2.110 -40.400 11.300 -3.190 -39.620 14.250 -3.160 -34.390 7.760
3 16 -3.190 -39.620 14.250 -2.550 -36.130 14.780 -3.160 -34.390 7.760
3 16 -2.320 -35.710 5.470 -2.110 -40.400 11.300 -3.160 -34.390 7.760
3 16 -2.320 -35.710 5.470 -3.160 -34.390 7.760 -3.150 -30.720 5.220
3 16 -2.320 -35.710 5.470 -3.150 -30.720 5.220 -2.640 -29.560 2.320
3 16 -2.640 -29.560 2.320 -3.150 -30.720 5.220 -3.190 -27.740 5.530
3 16 -3.040 -26.040 1.990 -2.640 -29.560 2.320 -3.190 -27.740 5.530
3 16 -3.200 -24.450 7.370 -3.080 -21.940 4.140 -3.040 -26.040 1.990
3 16 -3.040 -26.040 1.990 -3.190 -27.740 5.530 -3.200 -24.450 7.370
3 16 -3.080 -21.940 4.140 -3.200 -24.450 7.370 -2.750 -19.140 8.210
3 16 -3.200 -24.450 7.370 -3.020 -21.870 9.930 -2.750 -19.140 8.210
3 16 -2.750 -19.140 8.210 -3.020 -21.870 9.930 -2.280 -19.070 13.980
3 16 -3.020 -21.870 9.930 -2.910 -20.830 13.520 -2.280 -19.070 13.980
3 16 -3.160 -34.390 7.760 -2.930 -32.060 9.240 -3.150 -30.720 5.220
3 16 -2.550 -36.130 14.780 -2.930 -32.060 9.240 -3.160 -34.390 7.760
3 16 -3.190 -27.740 5.530 -3.150 -30.720 5.220 -3.080 -29.900 9.910
3 16 -3.150 -30.720 5.220 -2.930 -32.060 9.240 -3.080 -29.900 9.910
3 16 -3.200 -24.450 7.370 -3.190 -27.740 5.530 -2.780 -27.590 11.370
3 16 -3.190 -27.740 5.530 -3.080 -29.900 9.910 -2.780 -27.590 11.370
3 16 -2.780 -27.590 11.370 -2.890 -25.210 12.230 -3.200 -24.450 7.370
3 16 -2.890 -25.210 12.230 -3.020 -21.870 9.930 -3.200 -24.450 7.370
3 16 -2.890 -25.210 12.230 -2.630 -23.390 13.480 -3.020 -21.870 9.930
3 16 -2.630 -23.390 13.480 -2.910 -20.830 13.520 -3.020 -21.870 9.930
3 16 -3.080 -29.900 9.910 -2.930 -32.060 9.240 -3.000 -34.640 16.500
3 16 -2.930 -32.060 9.240 -2.550 -36.130 14.780 -3.000 -34.640 16.500
3 16 -2.550 -36.130 14.780 -2.160 -40.200 20.320 -3.000 -34.640 16.500
3 16 -3.000 -34.640 16.500 -2.160 -40.200 20.320 -1.910 -39.970 22.100
3 16 -3.000 -34.640 16.500 -1.910 -39.970 22.100 -1.660 -38.840 23.560
3 16 -3.000 -34.640 16.500 -1.660 -38.840 23.560 -2.045 -36.755 23.545
3 16 -3.000 -34.640 16.500 -2.045 -36.755 23.545 -2.430 -33.390 21.850
3 16 -2.600 -30.490 16.610 -3.080 -29.900 9.910 -3.000 -34.640 16.500
3 16 -3.000 -34.640 16.500 -2.430 -33.390 21.850 -2.600 -30.490 16.610
3 16 -2.600 -30.490 16.610 -2.780 -27.590 11.370 -3.080 -29.900 9.910
3 16 -2.950 -28.610 18.070 -2.890 -25.210 12.230 -2.780 -27.590 11.370
3 16 -2.600 -30.490 16.610 -2.950 -28.610 18.070 -2.780 -27.590 11.370
3 16 -2.950 -28.610 18.070 -2.600 -30.490 16.610 -2.430 -33.390 21.850
3 16 -2.950 -28.610 18.070 -2.430 -33.390 21.850 -2.285 -33.040 23.060
3 16 -2.950 -28.610 18.070 -2.285 -33.040 23.060 -2.140 -31.970 23.930
3 16 -2.950 -28.610 18.070 -2.140 -31.970 23.930 -2.065 -29.730 23.810
3 16 -2.950 -28.610 18.070 -2.065 -29.730 23.810 -1.990 -27.490 21.990
3 16 -1.990 -27.490 21.990 -2.310 -25.440 17.730 -2.950 -28.610 18.070
3 16 -2.950 -28.610 18.070 -2.310 -25.440 17.730 -2.890 -25.210 12.230
3 16 -2.310 -25.440 17.730 -2.630 -23.390 13.480 -2.890 -25.210 12.230
3 16 -2.310 -25.440 17.730 -2.950 -23.150 18.290 -2.630 -23.390 13.480
3 16 -2.080 -25.630 22.930 -2.950 -23.150 18.290 -2.310 -25.440 17.730
3 16 -2.080 -25.630 22.930 -2.130 -22.680 22.200 -2.950 -23.150 18.290
3 16 -2.130 -22.680 22.200 -2.200 -20.880 18.090 -2.950 -23.150 18.290
3 16 -1.990 -27.490 21.990 -2.080 -25.630 22.930 -2.310 -25.440 17.730
3 16 -2.950 -23.150 18.290 -2.200 -20.880 18.090 -2.910 -20.830 13.520
3 16 -2.950 -23.150 18.290 -2.910 -20.830 13.520 -2.630 -23.390 13.480
3 16 -2.200 -20.880 18.090 -2.280 -19.070 13.980 -2.910 -20.830 13.520
3 16 0.000 -32.320 -3.400 -2.970 -32.320 -3.400 -3.180 -28.915 -4.845
3 16 -3.180 -28.915 -4.845 0.000 -28.795 -4.910 0.000 -32.320 -3.400
3 16 -3.390 -25.510 -5.270 0.000 -25.270 -5.400 0.000 -28.795 -4.910
3 16 -3.180 -28.915 -4.845 -3.390 -25.510 -5.270 0.000 -28.795 -4.910
2 24 0.000 -13.700 5.680 -2.520 -13.700 4.710
2 24 -2.180 -59.390 29.730 -2.100 -57.470 29.680
2 24 -2.010 -54.690 29.200 -1.640 -50.120 25.120
2 24 -2.900 -14.230 5.400 -3.180 -15.450 1.920
2 24 -3.180 -15.450 1.920 -3.550 -18.290 -2.340
2 24 -2.280 -19.070 13.980 -2.750 -19.140 8.210
2 24 -2.180 -61.740 28.450 -2.180 -59.390 29.730
2 24 -1.900 -45.535 19.815 -1.890 -44.720 21.470
2 24 -1.910 -45.090 17.120 -1.900 -45.535 19.815
2 24 -3.180 -28.915 -4.845 -3.390 -25.510 -5.270
2 24 -2.970 -32.320 -3.400 -3.180 -28.915 -4.845
2 24 -2.860 -17.170 -1.520 -2.880 -15.320 1.590
2 24 -1.840 -34.280 32.590 -2.030 -31.480 32.320
2 24 -2.180 -62.720 25.800 -2.180 -61.740 28.450
2 24 -2.900 -13.850 8.550 -2.900 -14.230 5.400
2 24 -2.310 -25.440 17.730 -2.630 -23.390 13.480
2 24 -2.750 -19.140 8.210 -3.080 -21.940 4.140
2 24 -1.840 -45.250 32.290 -1.630 -42.290 28.010
2 24 -1.840 -45.250 32.290 0.000 -45.210 32.340
2 24 -2.110 -40.400 11.300 -1.910 -45.090 17.120
2 24 -2.550 -36.130 14.780 -2.160 -40.200 20.320
2 24 -1.420 -36.630 31.560 -1.840 -34.280 32.590
2 24 -1.910 -34.380 27.510 -1.420 -36.630 31.560
2 24 -3.180 -13.700 1.590 -2.520 -13.700 4.710
2 24 -2.285 -33.040 23.060 -2.140 -31.970 23.930
2 24 -2.430 -33.390 21.850 -2.285 -33.040 23.060
2 24 -2.430 -33.390 21.850 -2.600 -30.490 16.610
2 24 -2.040 -29.813 31.215 -2.070 -26.010 26.460
2 24 -2.030 -31.480 32.320 -2.040 -29.813 31.215
2 24 -1.920 -16.260 21.040 -2.170 -14.910 17.090
2 24 -1.990 -27.490 21.990 -2.080 -25.630 22.930
2 24 -3.470 -21.680 -4.355 -3.390 -25.510 -5.270
2 24 -3.550 -18.290 -2.340 -3.470 -21.680 -4.355
2 24 -2.080 -25.630 22.930 -2.070 -26.010 26.460
2 24 -2.420 -13.920 13.140 -2.900 -13.850 8.550
2 24 -1.420 -36.630 31.560 0.000 -36.630 31.560
2 24 -2.640 -29.560 2.320 -2.320 -35.710 5.470
2 24 -2.340 -44.420 7.500 -2.070 -50.830 14.420
2 24 -2.045 -36.755 23.545 -2.430 -33.390 21.850
2 24 -1.660 -38.840 23.560 -2.045 -36.755 23.545
2 24 -2.170 -14.910 17.090 -2.420 -13.920 13.140
2 24 -2.070 -21.115 26.975 -2.070 -19.630 26.160
2 24 -2.070 -22.600 27.270 -2.070 -21.115 26.975
2 24 -2.200 -20.880 18.090 -2.280 -19.070 13.980
2 24 -2.930 -32.060 9.240 -2.550 -36.130 14.780
2 24 -2.740 -13.700 -1.580 -3.170 -13.700 0.000
2 24 -2.150 -52.355 33.695 -2.150 -50.730 34.150
2 24 -2.150 -53.890 32.160 -2.150 -52.355 33.695
2 24 -1.910 -39.970 22.100 -1.660 -38.840 23.560
2 24 -2.160 -40.200 20.320 -1.910 -39.970 22.100
2 24 -2.040 -18.220 -2.630 -2.860 -17.170 -1.520
2 24 -3.080 -21.940 4.140 -3.040 -26.040 1.990
2 24 -1.840 -45.250 32.290 -1.840 -43.170 33.650
2 24 -1.630 -42.290 28.010 -1.660 -38.840 23.560
2 24 -2.070 -50.830 14.420 -2.270 -57.130 20.070
2 24 -2.070 -24.025 27.215 -2.070 -22.600 27.270
2 24 -2.070 -26.010 26.460 -2.070 -24.025 27.215
2 24 -3.170 -13.700 0.000 -3.180 -13.700 1.590
2 24 -2.140 -31.970 23.930 -1.910 -34.380 27.510
2 24 -1.580 -13.700 -2.740 -2.740 -13.700 -1.580
2 24 -1.995 -47.990 33.690 -1.840 -45.250 32.290
2 24 -2.150 -50.730 34.150 -1.995 -47.990 33.690
2 24 -1.840 -43.170 33.650 -1.630 -40.490 33.580
2 24 -2.320 -35.710 5.470 -2.110 -40.400 11.300
2 24 -2.065 -29.730 23.810 -1.990 -27.490 21.990
2 24 -2.140 -31.970 23.930 -2.065 -29.730 23.810
2 24 -2.080 -25.630 22.930 -2.130 -22.680 22.200
2 24 0.000 -54.920 29.570 -2.010 -54.690 29.200
2 24 -2.070 -26.010 26.460 0.000 -25.830 26.750
2 24 -2.180 -61.880 23.560 -2.180 -62.720 25.800
2 24 -2.070 -19.630 26.160 -1.920 -16.260 21.040
2 24 -1.640 -50.120 25.120 -1.890 -44.720 21.470
2 24 -1.990 -27.490 21.990 -2.310 -25.440 17.730
2 24 -2.025 -42.900 21.505 -2.160 -40.200 20.320
2 24 -1.890 -44.720 21.470 -2.025 -42.900 21.505
2 24 -2.600 -38.010 0.580 -2.340 -44.420 7.500
2 24 0.000 -13.700 -3.450 -1.580 -13.700 -2.740
2 24 -2.130 -22.680 22.200 -2.200 -20.880 18.090
2 24 -2.270 -57.130 20.070 -2.180 -61.880 23.560
2 24 -3.040 -26.040 1.990 -2.640 -29.560 2.320
2 24 -2.100 -57.470 29.680 -2.010 -54.690 29.200
2 24 -2.600 -30.490 16.610 -2.780 -27.590 11.370
2 24 -1.630 -40.490 33.580 -1.420 -36.630 31.560
2 24 -2.010 -54.690 29.200 -2.150 -53.890 32.160
2 24 0.000 -18.960 -3.300 -2.040 -18.220 -2.630
2 24 -2.600 -38.010 0.580 -2.970 -32.320 -3.400
2 24 -2.880 -15.320 1.590 -2.520 -13.700 4.710
