0 FILE 68547.dat
0 Wave Rounded Straight Swirls with Bar End (Cloud / Wind Gusts)
0 Name:  68547.dat
0 Author:  
0 BL_Item_No 68547
0 BFC CERTIFY CCW
3 16 2.633 -33.644 -8.760 -2.633 -33.644 -8.760 -2.904 -29.236 -7.591
3 16 -2.904 -29.236 -7.591 2.904 -29.236 -7.591 2.633 -33.644 -8.760
3 16 2.168 -37.917 -8.511 -2.168 -37.917 -8.511 -2.633 -33.644 -8.760
3 16 -2.633 -33.644 -8.760 2.633 -33.644 -8.760 2.168 -37.917 -8.511
3 16 2.020 -41.883 -7.587 -2.020 -41.883 -7.587 -2.168 -37.917 -8.511
3 16 -2.168 -37.917 -8.511 2.168 -37.917 -8.511 2.020 -41.883 -7.587
3 16 1.968 -44.567 -6.152 -1.968 -44.567 -6.152 -2.020 -41.883 -7.587
3 16 -2.020 -41.883 -7.587 2.020 -41.883 -7.587 1.968 -44.567 -6.152
3 16 1.925 -48.659 -7.237 -1.925 -48.659 -7.237 -1.968 -44.567 -6.152
3 16 -1.968 -44.567 -6.152 1.968 -44.567 -6.152 1.925 -48.659 -7.237
3 16 1.638 -52.942 -8.095 -1.638 -52.942 -8.095 -1.925 -48.659 -7.237
3 16 -1.925 -48.659 -7.237 1.925 -48.659 -7.237 1.638 -52.942 -8.095
3 16 1.517 -57.488 -8.609 -1.517 -57.488 -8.609 -1.638 -52.942 -8.095
3 16 -1.638 -52.942 -8.095 1.638 -52.942 -8.095 1.517 -57.488 -8.609
3 16 1.532 -61.997 -8.637 -1.532 -61.997 -8.637 -1.517 -57.488 -8.609
3 16 -1.517 -57.488 -8.609 1.517 -57.488 -8.609 1.532 -61.997 -8.637
3 16 1.542 -67.123 -8.089 -1.542 -67.123 -8.089 -1.532 -61.997 -8.637
3 16 -1.532 -61.997 -8.637 1.532 -61.997 -8.637 1.542 -67.123 -8.089
3 16 1.616 -71.656 -7.250 -1.616 -71.656 -7.250 -1.542 -67.123 -8.089
3 16 -1.542 -67.123 -8.089 1.542 -67.123 -8.089 1.616 -71.656 -7.250
3 16 1.457 -75.362 -6.272 -1.457 -75.362 -6.272 -1.616 -71.656 -7.250
3 16 -1.616 -71.656 -7.250 1.616 -71.656 -7.250 1.457 -75.362 -6.272
3 16 1.667 -78.334 -5.167 -1.667 -78.334 -5.167 -1.457 -75.362 -6.272
3 16 -1.457 -75.362 -6.272 1.457 -75.362 -6.272 1.667 -78.334 -5.167
3 16 2.214 -79.119 -5.224 -2.214 -79.119 -5.224 -1.667 -78.334 -5.167
3 16 -1.667 -78.334 -5.167 1.667 -78.334 -5.167 2.214 -79.119 -5.224
3 16 1.851 -83.346 -6.787 -1.851 -83.346 -6.787 -2.214 -79.119 -5.224
3 16 -2.214 -79.119 -5.224 2.214 -79.119 -5.224 1.851 -83.346 -6.787
3 16 1.406 -87.586 -7.271 -1.406 -87.586 -7.271 -1.851 -83.346 -6.787
3 16 -1.851 -83.346 -6.787 1.851 -83.346 -6.787 1.406 -87.586 -7.271
3 16 1.285 -92.546 -6.799 -1.285 -92.546 -6.799 -1.406 -87.586 -7.271
3 16 -1.406 -87.586 -7.271 1.406 -87.586 -7.271 1.285 -92.546 -6.799
3 16 1.309 -95.720 -5.913 -1.309 -95.720 -5.913 -1.285 -92.546 -6.799
3 16 -1.285 -92.546 -6.799 1.285 -92.546 -6.799 1.309 -95.720 -5.913
3 16 1.330 -98.939 -4.643 -1.330 -98.939 -4.643 -1.309 -95.720 -5.913
3 16 -1.309 -95.720 -5.913 1.309 -95.720 -5.913 1.330 -98.939 -4.643
3 16 1.308 -103.082 -2.944 -1.308 -103.082 -2.944 -1.330 -98.939 -4.643
3 16 -1.330 -98.939 -4.643 1.330 -98.939 -4.643 1.308 -103.082 -2.944
3 16 1.438 -106.674 -1.566 -1.438 -106.674 -1.566 -1.308 -103.082 -2.944
3 16 -1.308 -103.082 -2.944 1.308 -103.082 -2.944 1.438 -106.674 -1.566
3 16 1.472 -109.757 -1.033 -1.472 -109.757 -1.033 -1.438 -106.674 -1.566
3 16 -1.438 -106.674 -1.566 1.438 -106.674 -1.566 1.472 -109.757 -1.033
3 16 1.422 -112.185 -1.133 -1.422 -112.185 -1.133 -1.472 -109.757 -1.033
3 16 -1.472 -109.757 -1.033 1.472 -109.757 -1.033 1.422 -112.185 -1.133
3 16 1.403 -116.015 -1.765 -1.403 -116.015 -1.765 -1.422 -112.185 -1.133
3 16 -1.422 -112.185 -1.133 1.422 -112.185 -1.133 1.403 -116.015 -1.765
3 16 1.382 -120.032 -2.762 -1.382 -120.032 -2.762 -1.403 -116.015 -1.765
3 16 -1.403 -116.015 -1.765 1.403 -116.015 -1.765 1.382 -120.032 -2.762
3 16 1.391 -125.238 -3.997 -1.391 -125.238 -3.997 -1.382 -120.032 -2.762
3 16 -1.382 -120.032 -2.762 1.382 -120.032 -2.762 1.391 -125.238 -3.997
3 16 1.391 -130.200 -4.243 -1.391 -130.200 -4.243 -1.391 -125.238 -3.997
3 16 -1.391 -125.238 -3.997 1.391 -125.238 -3.997 1.391 -130.200 -4.243
3 16 1.411 -133.839 -3.481 -1.411 -133.839 -3.481 -1.391 -130.200 -4.243
3 16 -1.391 -130.200 -4.243 1.391 -130.200 -4.243 1.411 -133.839 -3.481
3 16 1.412 -136.939 -2.251 -1.412 -136.939 -2.251 -1.411 -133.839 -3.481
3 16 -1.411 -133.839 -3.481 1.411 -133.839 -3.481 1.412 -136.939 -2.251
3 16 1.375 -137.782 -1.501 -1.375 -137.782 -1.501 -1.412 -136.939 -2.251
3 16 -1.412 -136.939 -2.251 1.412 -136.939 -2.251 1.375 -137.782 -1.501
3 16 1.429 -138.157 -0.575 -1.429 -138.157 -0.575 -1.375 -137.782 -1.501
3 16 -1.375 -137.782 -1.501 1.375 -137.782 -1.501 1.429 -138.157 -0.575
3 16 1.400 -138.081 0.667 -1.400 -138.081 0.667 -1.429 -138.157 -0.575
3 16 -1.429 -138.157 -0.575 1.429 -138.157 -0.575 1.400 -138.081 0.667
3 16 1.457 -137.365 1.579 -1.457 -137.365 1.579 -1.400 -138.081 0.667
3 16 -1.400 -138.081 0.667 1.400 -138.081 0.667 1.457 -137.365 1.579
3 16 1.461 -136.413 2.036 -1.461 -136.413 2.036 -1.457 -137.365 1.579
3 16 -1.457 -137.365 1.579 1.457 -137.365 1.579 1.461 -136.413 2.036
3 16 1.430 -135.348 2.113 -1.430 -135.348 2.113 -1.461 -136.413 2.036
3 16 -1.461 -136.413 2.036 1.461 -136.413 2.036 1.430 -135.348 2.113
3 16 1.413 -132.518 1.301 -1.413 -132.518 1.301 -1.430 -135.348 2.113
3 16 -1.430 -135.348 2.113 1.430 -135.348 2.113 1.413 -132.518 1.301
3 16 1.478 -129.278 0.809 -1.478 -129.278 0.809 -1.413 -132.518 1.301
3 16 -1.413 -132.518 1.301 1.413 -132.518 1.301 1.478 -129.278 0.809
3 16 1.452 -126.420 1.292 -1.452 -126.420 1.292 -1.478 -129.278 0.809
3 16 -1.478 -129.278 0.809 1.478 -129.278 0.809 1.452 -126.420 1.292
3 16 1.420 -122.094 2.935 -1.420 -122.094 2.935 -1.452 -126.420 1.292
3 16 -1.452 -126.420 1.292 1.452 -126.420 1.292 1.420 -122.094 2.935
3 16 1.405 -118.117 4.777 -1.405 -118.117 4.777 -1.420 -122.094 2.935
3 16 -1.420 -122.094 2.935 1.420 -122.094 2.935 1.405 -118.117 4.777
3 16 1.448 -113.764 6.778 -1.448 -113.764 6.778 -1.405 -118.117 4.777
3 16 -1.405 -118.117 4.777 1.405 -118.117 4.777 1.448 -113.764 6.778
3 16 1.391 -109.158 8.508 -1.391 -109.158 8.508 -1.448 -113.764 6.778
3 16 -1.448 -113.764 6.778 1.448 -113.764 6.778 1.391 -109.158 8.508
3 16 1.391 -104.610 9.021 -1.391 -104.610 9.021 -1.391 -109.158 8.508
3 16 -1.391 -109.158 8.508 1.391 -109.158 8.508 1.391 -104.610 9.021
3 16 1.301 -101.179 8.988 -1.301 -101.179 8.988 -1.391 -104.610 9.021
3 16 -1.391 -104.610 9.021 1.391 -104.610 9.021 1.301 -101.179 8.988
3 16 1.255 -98.574 8.970 -1.255 -98.574 8.970 -1.301 -101.179 8.988
3 16 -1.301 -101.179 8.988 1.301 -101.179 8.988 1.255 -98.574 8.970
3 16 1.267 -96.161 10.537 -1.267 -96.161 10.537 -1.255 -98.574 8.970
3 16 -1.255 -98.574 8.970 1.255 -98.574 8.970 1.267 -96.161 10.537
3 16 1.335 -93.773 11.351 -1.335 -93.773 11.351 -1.267 -96.161 10.537
3 16 -1.267 -96.161 10.537 1.267 -96.161 10.537 1.335 -93.773 11.351
3 16 1.401 -91.350 11.634 -1.401 -91.350 11.634 -1.335 -93.773 11.351
3 16 -1.335 -93.773 11.351 1.335 -93.773 11.351 1.401 -91.350 11.634
3 16 1.488 -89.051 11.677 -1.488 -89.051 11.677 -1.401 -91.350 11.634
3 16 -1.401 -91.350 11.634 1.401 -91.350 11.634 1.488 -89.051 11.677
3 16 1.575 -85.696 14.678 -1.575 -85.696 14.678 -1.488 -89.051 11.677
3 16 -1.488 -89.051 11.677 1.488 -89.051 11.677 1.575 -85.696 14.678
3 16 1.607 -82.260 16.336 -1.607 -82.260 16.336 -1.575 -85.696 14.678
3 16 -1.575 -85.696 14.678 1.575 -85.696 14.678 1.607 -82.260 16.336
3 16 1.608 -78.490 16.783 -1.608 -78.490 16.783 -1.607 -82.260 16.336
3 16 -1.607 -82.260 16.336 1.607 -82.260 16.336 1.608 -78.490 16.783
3 16 1.672 -75.382 16.765 -1.672 -75.382 16.765 -1.608 -78.490 16.783
3 16 -1.608 -78.490 16.783 1.608 -78.490 16.783 1.672 -75.382 16.765
3 16 1.609 -73.730 18.800 -1.609 -73.730 18.800 -1.672 -75.382 16.765
3 16 -1.672 -75.382 16.765 1.672 -75.382 16.765 1.609 -73.730 18.800
3 16 1.653 -71.644 20.826 -1.653 -71.644 20.826 -1.609 -73.730 18.800
3 16 -1.609 -73.730 18.800 1.609 -73.730 18.800 1.653 -71.644 20.826
3 16 1.682 -68.961 22.340 -1.682 -68.961 22.340 -1.653 -71.644 20.826
3 16 -1.653 -71.644 20.826 1.653 -71.644 20.826 1.682 -68.961 22.340
3 16 1.739 -66.093 23.037 -1.739 -66.093 23.037 -1.682 -68.961 22.340
3 16 -1.682 -68.961 22.340 1.682 -68.961 22.340 1.739 -66.093 23.037
3 16 1.813 -63.011 23.322 -1.813 -63.011 23.322 -1.739 -66.093 23.037
3 16 -1.739 -66.093 23.037 1.739 -66.093 23.037 1.813 -63.011 23.322
3 16 2.237 -58.561 22.866 -2.237 -58.561 22.866 -1.813 -63.011 23.322
3 16 -1.813 -63.011 23.322 1.813 -63.011 23.322 2.237 -58.561 22.866
3 16 1.757 -57.751 23.151 -1.757 -57.751 23.151 -2.237 -58.561 22.866
3 16 -2.237 -58.561 22.866 2.237 -58.561 22.866 1.757 -57.751 23.151
3 16 1.775 -54.246 24.822 -1.775 -54.246 24.822 -1.757 -57.751 23.151
3 16 -1.757 -57.751 23.151 1.757 -57.751 23.151 1.775 -54.246 24.822
3 16 1.829 -49.838 25.625 -1.829 -49.838 25.625 -1.775 -54.246 24.822
3 16 -1.775 -54.246 24.822 1.775 -54.246 24.822 1.829 -49.838 25.625
3 16 1.908 -45.145 25.273 -1.908 -45.145 25.273 -1.829 -49.838 25.625
3 16 -1.829 -49.838 25.625 1.829 -49.838 25.625 1.908 -45.145 25.273
3 16 2.198 -40.676 23.546 -2.198 -40.676 23.546 -1.908 -45.145 25.273
3 16 -1.908 -45.145 25.273 1.908 -45.145 25.273 2.198 -40.676 23.546
3 16 2.342 -36.852 20.672 -2.342 -36.852 20.672 -2.198 -40.676 23.546
3 16 -2.198 -40.676 23.546 2.198 -40.676 23.546 2.342 -36.852 20.672
3 16 2.452 -34.039 17.261 -2.452 -34.039 17.261 -2.342 -36.852 20.672
3 16 -2.342 -36.852 20.672 2.342 -36.852 20.672 2.452 -34.039 17.261
3 16 2.774 -30.880 15.869 -2.774 -30.880 15.869 -2.452 -34.039 17.261
3 16 -2.452 -34.039 17.261 2.452 -34.039 17.261 2.774 -30.880 15.869
3 16 3.041 -27.265 13.355 -3.041 -27.265 13.355 -2.774 -30.880 15.869
3 16 -2.774 -30.880 15.869 2.774 -30.880 15.869 3.041 -27.265 13.355
3 16 3.010 -25.036 10.125 -3.010 -25.036 10.125 -3.041 -27.265 13.355
3 16 -3.041 -27.265 13.355 3.041 -27.265 13.355 3.010 -25.036 10.125
3 16 0.000 -23.594 5.876 -3.010 -25.036 10.125 3.010 -25.036 10.125
3 16 -2.904 -29.236 -7.591 0.000 -26.344 -5.512 2.904 -29.236 -7.591
2 24 1.968 -44.567 -6.152 -1.968 -44.567 -6.152
2 24 1.672 -75.382 16.765 -1.672 -75.382 16.765
2 24 1.255 -98.574 8.970 -1.255 -98.574 8.970
2 24 1.400 -138.081 0.667 -1.400 -138.081 0.667
2 24 1.488 -89.051 11.677 -1.488 -89.051 11.677
2 24 2.237 -58.561 22.866 -2.237 -58.561 22.866
2 24 2.452 -34.039 17.261 -2.452 -34.039 17.261
2 24 1.667 -78.334 -5.167 -1.667 -78.334 -5.167
1 16 0.0000 0.0000 0.0000 4.0000 0.0000 0.0000 0.0000 -20.0000 0.0000 0.0000 0.0000 4.0000 4-4cylc.dat
3 16 0.000 -25.152 -5.100 0.000 -20.000 -5.100 2.500 -20.000 -4.330
3 16 2.500 -20.000 -4.330 2.500 -24.605 -4.330 0.000 -25.152 -5.100
3 16 2.500 -24.605 -4.330 2.500 -20.000 -4.330 4.330 -20.000 -2.500
3 16 4.330 -20.000 -2.500 4.330 -23.695 -2.500 2.500 -24.605 -4.330
3 16 4.330 -23.695 -2.500 4.330 -20.000 -2.500 5.000 -20.000 0.000
3 16 5.000 -20.000 0.000 5.000 -23.061 0.000 4.330 -23.695 -2.500
3 16 5.000 -23.061 0.000 5.000 -20.000 0.000 4.330 -20.000 2.500
3 16 4.330 -20.000 2.500 4.330 -22.803 2.500 5.000 -23.061 0.000
3 16 4.330 -22.803 2.500 4.330 -20.000 2.500 2.500 -20.000 4.330
3 16 2.500 -20.000 4.330 2.500 -22.686 4.330 4.330 -22.803 2.500
3 16 2.500 -22.686 4.330 2.500 -20.000 4.330 0.000 -20.000 5.000
3 16 0.000 -20.000 5.000 0.000 -22.686 5.000 2.500 -22.686 4.330
3 16 2.500 -22.686 4.330 0.000 -22.686 5.000 0.000 -23.594 5.876
3 16 2.500 -22.686 4.330 0.000 -23.594 5.876 2.939 -23.672 5.112
3 16 4.330 -22.803 2.500 2.500 -22.686 4.330 2.939 -23.672 5.112
3 16 2.939 -23.672 5.112 4.075 -23.879 2.427 4.330 -22.803 2.500
3 16 5.000 -23.061 0.000 4.330 -22.803 2.500 4.075 -23.879 2.427
3 16 5.000 -23.061 0.000 4.075 -23.879 2.427 4.471 -24.201 0.094
3 16 5.000 -23.061 0.000 4.471 -24.201 0.094 4.132 -24.877 -2.224
3 16 4.132 -24.877 -2.224 4.330 -23.695 -2.500 5.000 -23.061 0.000
3 16 4.330 -23.695 -2.500 4.132 -24.877 -2.224 3.126 -25.698 -4.330
3 16 0.000 -26.344 -5.512 0.000 -25.152 -5.100 2.500 -24.605 -4.330
3 16 3.126 -25.698 -4.330 2.500 -24.605 -4.330 4.330 -23.695 -2.500
3 16 0.000 -26.344 -5.512 2.500 -24.605 -4.330 3.126 -25.698 -4.330
3 16 2.939 -23.672 5.112 0.000 -23.594 5.876 3.010 -25.036 10.125
3 16 2.904 -29.236 -7.591 0.000 -26.344 -5.512 3.126 -25.698 -4.330
3 16 1.670 -68.382 5.656 1.196 -64.268 3.314 1.044 -64.257 5.672
3 16 1.670 -68.382 5.656 1.562 -68.371 2.070 1.196 -64.268 3.314
3 16 1.793 -67.379 8.919 1.670 -68.382 5.656 1.044 -64.257 5.672
3 16 1.793 -67.379 8.919 1.044 -64.257 5.672 0.953 -63.778 7.766
3 16 0.953 -63.778 7.766 1.998 -65.631 11.664 1.793 -67.379 8.919
3 16 0.953 -63.778 7.766 0.967 -62.880 9.771 1.998 -65.631 11.664
3 16 1.009 -61.477 11.436 1.998 -65.631 11.664 0.967 -62.880 9.771
3 16 1.009 -61.477 11.436 2.251 -63.288 13.848 1.998 -65.631 11.664
3 16 1.082 -59.499 12.593 2.251 -63.288 13.848 1.009 -61.477 11.436
3 16 1.082 -59.499 12.593 2.553 -60.502 15.320 2.251 -63.288 13.848
3 16 2.705 -57.307 15.541 2.553 -60.502 15.320 1.082 -59.499 12.593
3 16 2.705 -57.307 15.541 1.082 -59.499 12.593 1.181 -57.322 12.798
3 16 2.665 -54.410 14.539 2.705 -57.307 15.541 1.181 -57.322 12.798
3 16 2.665 -54.410 14.539 1.181 -57.322 12.798 1.362 -55.054 12.449
3 16 2.617 -52.110 12.877 2.665 -54.410 14.539 1.362 -55.054 12.449
3 16 2.617 -52.110 12.877 1.362 -55.054 12.449 1.601 -53.250 11.221
3 16 2.723 -50.599 10.578 2.617 -52.110 12.877 1.601 -53.250 11.221
3 16 2.723 -50.599 10.578 1.601 -53.250 11.221 1.976 -52.120 9.499
3 16 1.976 -52.120 9.499 2.909 -50.358 8.024 2.723 -50.599 10.578
3 16 1.976 -52.120 9.499 2.566 -51.938 7.454 2.909 -50.358 8.024
3 16 2.566 -51.938 7.454 3.163 -50.732 6.444 2.909 -50.358 8.024
3 16 2.566 -51.938 7.454 3.345 -52.490 5.639 3.163 -50.732 6.444
3 16 2.960 -52.989 8.765 3.299 -57.276 5.658 3.345 -52.490 5.639
3 16 2.960 -52.989 8.765 2.755 -54.052 10.122 2.585 -57.309 11.004
3 16 2.585 -57.309 11.004 3.299 -57.276 5.658 2.960 -52.989 8.765
3 16 3.345 -52.490 5.639 3.113 -52.571 7.182 2.960 -52.989 8.765
3 16 3.299 -57.276 5.658 2.895 -54.906 -1.820 3.345 -52.490 5.639
3 16 2.895 -54.906 -1.820 2.983 -51.768 -1.909 3.345 -52.490 5.639
3 16 3.345 -52.490 5.639 2.983 -51.768 -1.909 3.078 -48.371 -0.777
3 16 3.345 -52.490 5.639 3.078 -48.371 -0.777 3.135 -45.377 1.823
3 16 3.135 -45.377 1.823 3.169 -43.587 5.724 3.163 -50.732 6.444
3 16 3.163 -50.732 6.444 3.345 -52.490 5.639 3.135 -45.377 1.823
3 16 2.909 -50.358 8.024 3.163 -50.732 6.444 3.169 -43.587 5.724
3 16 3.169 -43.587 5.724 3.179 -43.522 10.135 2.723 -50.599 10.578
3 16 2.723 -50.599 10.578 2.909 -50.358 8.024 3.169 -43.587 5.724
3 16 2.723 -50.599 10.578 3.179 -43.522 10.135 3.139 -45.450 14.184
3 16 2.723 -50.599 10.578 3.139 -45.450 14.184 3.045 -49.239 16.502
3 16 2.723 -50.599 10.578 3.045 -49.239 16.502 2.617 -52.110 12.877
3 16 3.045 -49.239 16.502 2.971 -53.030 17.505 2.665 -54.410 14.539
3 16 2.665 -54.410 14.539 2.617 -52.110 12.877 3.045 -49.239 16.502
3 16 2.665 -54.410 14.539 2.971 -53.030 17.505 2.705 -57.307 15.541
3 16 2.705 -57.307 15.541 2.971 -53.030 17.505 2.842 -55.594 20.597
3 16 2.705 -57.307 15.541 2.842 -55.594 20.597 2.237 -58.561 22.866
3 16 2.553 -60.502 15.320 2.705 -57.307 15.541 2.237 -58.561 22.866
3 16 2.553 -60.502 15.320 2.237 -58.561 22.866 1.813 -63.011 23.322
3 16 1.813 -63.011 23.322 2.251 -63.288 13.848 2.553 -60.502 15.320
3 16 1.813 -63.011 23.322 1.739 -66.093 23.037 2.251 -63.288 13.848
3 16 2.251 -63.288 13.848 1.739 -66.093 23.037 1.682 -68.961 22.340
3 16 1.653 -71.644 20.826 2.251 -63.288 13.848 1.682 -68.961 22.340
3 16 1.653 -71.644 20.826 1.998 -65.631 11.664 2.251 -63.288 13.848
3 16 1.653 -71.644 20.826 1.609 -73.730 18.800 1.998 -65.631 11.664
3 16 1.609 -73.730 18.800 1.672 -75.382 16.765 1.793 -67.379 8.919
3 16 1.793 -67.379 8.919 1.998 -65.631 11.664 1.609 -73.730 18.800
3 16 1.672 -75.382 16.765 1.773 -77.166 5.724 1.793 -67.379 8.919
3 16 1.793 -67.379 8.919 1.773 -77.166 5.724 1.891 -75.801 3.458
3 16 1.891 -75.801 3.458 1.670 -68.382 5.656 1.793 -67.379 8.919
3 16 1.670 -68.382 5.656 1.891 -75.801 3.458 1.901 -75.212 0.556
3 16 1.901 -75.212 0.556 1.562 -68.371 2.070 1.670 -68.382 5.656
3 16 1.562 -68.371 2.070 1.901 -75.212 0.556 1.814 -75.531 -1.777
3 16 1.562 -68.371 2.070 1.814 -75.531 -1.777 1.549 -67.230 -1.616
3 16 1.814 -75.531 -1.777 1.616 -71.656 -7.250 1.549 -67.230 -1.616
3 16 1.616 -71.656 -7.250 1.542 -67.123 -8.089 1.549 -67.230 -1.616
3 16 1.542 -67.123 -8.089 1.532 -61.997 -8.637 1.529 -60.130 -2.948
3 16 1.529 -60.130 -2.948 1.549 -67.230 -1.616 1.542 -67.123 -8.089
3 16 1.529 -60.130 -2.948 1.532 -61.997 -8.637 1.517 -57.488 -8.609
3 16 1.529 -60.130 -2.948 1.517 -57.488 -8.609 1.669 -57.300 -4.121
3 16 1.549 -67.230 -1.616 1.529 -60.130 -2.948 1.404 -62.133 -1.065
3 16 1.404 -62.133 -1.065 1.294 -63.504 1.079 1.549 -67.230 -1.616
3 16 1.517 -57.488 -8.609 1.819 -53.913 -4.670 1.669 -57.300 -4.121
3 16 1.517 -57.488 -8.609 1.638 -52.942 -8.095 1.819 -53.913 -4.670
3 16 1.638 -52.942 -8.095 1.992 -49.982 -4.333 1.819 -53.913 -4.670
3 16 1.638 -52.942 -8.095 1.925 -48.659 -7.237 1.992 -49.982 -4.333
3 16 1.992 -49.982 -4.333 1.925 -48.659 -7.237 1.968 -44.567 -6.152
3 16 1.968 -44.567 -6.152 2.066 -45.921 -2.670 1.992 -49.982 -4.333
3 16 1.814 -75.531 -1.777 1.457 -75.362 -6.272 1.616 -71.656 -7.250
3 16 1.838 -76.856 -3.764 1.457 -75.362 -6.272 1.814 -75.531 -1.777
3 16 1.838 -76.856 -3.764 1.667 -78.334 -5.167 1.457 -75.362 -6.272
3 16 1.968 -44.567 -6.152 2.109 -42.429 0.793 2.066 -45.921 -2.670
3 16 1.968 -44.567 -6.152 2.020 -41.883 -7.587 2.109 -42.429 0.793
3 16 2.020 -41.883 -7.587 2.168 -37.917 -8.511 2.633 -33.644 -8.760
3 16 2.020 -41.883 -7.587 2.633 -33.644 -8.760 3.125 -27.812 -3.535
3 16 3.125 -27.812 -3.535 2.109 -42.429 0.793 2.020 -41.883 -7.587
3 16 2.633 -33.644 -8.760 2.904 -29.236 -7.591 3.125 -27.812 -3.535
3 16 3.126 -25.698 -4.330 3.125 -27.812 -3.535 2.904 -29.236 -7.591
3 16 2.109 -42.429 0.793 3.125 -27.812 -3.535 3.125 -26.349 0.968
3 16 3.125 -26.349 0.968 2.136 -40.921 5.573 2.109 -42.429 0.793
3 16 3.125 -26.349 0.968 3.198 -25.754 5.387 2.131 -41.137 10.923
3 16 2.131 -41.137 10.923 2.136 -40.921 5.573 3.125 -26.349 0.968
3 16 3.198 -25.754 5.387 3.010 -25.036 10.125 3.041 -27.265 13.355
3 16 3.198 -25.754 5.387 2.939 -23.672 5.112 3.010 -25.036 10.125
3 16 3.198 -25.754 5.387 3.041 -27.265 13.355 2.774 -30.880 15.869
3 16 2.774 -30.880 15.869 2.131 -41.137 10.923 3.198 -25.754 5.387
3 16 2.452 -34.039 17.261 2.107 -43.631 15.498 2.131 -41.137 10.923
3 16 2.131 -41.137 10.923 2.774 -30.880 15.869 2.452 -34.039 17.261
3 16 2.452 -34.039 17.261 2.342 -36.852 20.672 2.198 -40.676 23.546
3 16 2.198 -40.676 23.546 2.107 -43.631 15.498 2.452 -34.039 17.261
3 16 2.198 -40.676 23.546 2.053 -48.070 18.201 2.107 -43.631 15.498
3 16 1.908 -45.145 25.273 2.053 -48.070 18.201 2.198 -40.676 23.546
3 16 1.908 -45.145 25.273 2.020 -52.622 19.202 2.053 -48.070 18.201
3 16 2.020 -52.622 19.202 1.908 -45.145 25.273 1.829 -49.838 25.625
3 16 1.775 -54.246 24.822 2.020 -52.622 19.202 1.829 -49.838 25.625
3 16 2.010 -54.580 21.475 2.020 -52.622 19.202 1.775 -54.246 24.822
3 16 1.757 -57.751 23.151 2.010 -54.580 21.475 1.775 -54.246 24.822
3 16 3.198 -25.754 5.387 3.134 -24.557 3.892 2.939 -23.672 5.112
3 16 3.141 -25.072 2.679 3.134 -24.557 3.892 3.198 -25.754 5.387
3 16 3.125 -26.349 0.968 3.141 -25.072 2.679 3.198 -25.754 5.387
3 16 3.125 -26.349 0.968 3.163 -25.348 0.525 3.141 -25.072 2.679
3 16 3.190 -25.796 -1.802 3.163 -25.348 0.525 3.125 -26.349 0.968
3 16 3.190 -25.796 -1.802 3.125 -26.349 0.968 3.125 -27.812 -3.535
3 16 3.190 -25.796 -1.802 3.125 -27.812 -3.535 3.163 -26.031 -3.068
3 16 3.125 -27.812 -3.535 3.126 -25.698 -4.330 3.163 -26.031 -3.068
3 16 2.566 -51.938 7.454 2.960 -52.989 8.765 3.113 -52.571 7.182
3 16 2.566 -51.938 7.454 1.976 -52.120 9.499 2.960 -52.989 8.765
3 16 2.960 -52.989 8.765 1.976 -52.120 9.499 1.601 -53.250 11.221
3 16 1.601 -53.250 11.221 2.755 -54.052 10.122 2.960 -52.989 8.765
3 16 2.755 -54.052 10.122 1.601 -53.250 11.221 1.362 -55.054 12.449
3 16 1.362 -55.054 12.449 2.568 -55.567 10.993 2.755 -54.052 10.122
3 16 1.181 -57.322 12.798 2.568 -55.567 10.993 1.362 -55.054 12.449
3 16 1.181 -57.322 12.798 2.585 -57.309 11.004 2.568 -55.567 10.993
3 16 2.585 -57.309 11.004 1.181 -57.322 12.798 1.082 -59.499 12.593
3 16 1.082 -59.499 12.593 2.426 -58.904 10.622 2.585 -57.309 11.004
3 16 2.426 -58.904 10.622 1.082 -59.499 12.593 1.009 -61.477 11.436
3 16 2.426 -58.904 10.622 1.009 -61.477 11.436 2.297 -60.308 9.804
3 16 2.297 -60.308 9.804 1.009 -61.477 11.436 0.967 -62.880 9.771
3 16 2.297 -60.308 9.804 0.967 -62.880 9.771 2.286 -61.218 8.524
3 16 0.953 -63.778 7.766 2.286 -61.218 8.524 0.967 -62.880 9.771
3 16 0.953 -63.778 7.766 2.253 -61.791 7.138 2.286 -61.218 8.524
3 16 1.044 -64.257 5.672 2.253 -61.791 7.138 0.953 -63.778 7.766
3 16 1.044 -64.257 5.672 2.355 -61.956 5.642 2.253 -61.791 7.138
3 16 1.044 -64.257 5.672 2.377 -61.861 4.128 2.355 -61.956 5.642
3 16 1.044 -64.257 5.672 1.196 -64.268 3.314 2.377 -61.861 4.128
3 16 2.377 -61.861 4.128 1.196 -64.268 3.314 1.294 -63.504 1.079
3 16 1.294 -63.504 1.079 2.410 -61.429 2.612 2.377 -61.861 4.128
3 16 1.294 -63.504 1.079 2.442 -60.621 1.008 2.410 -61.429 2.612
3 16 1.294 -63.504 1.079 1.404 -62.133 -1.065 2.442 -60.621 1.008
3 16 1.404 -62.133 -1.065 2.626 -59.186 -0.245 2.442 -60.621 1.008
3 16 1.404 -62.133 -1.065 1.529 -60.130 -2.948 2.626 -59.186 -0.245
3 16 1.529 -60.130 -2.948 2.765 -57.300 -1.275 2.626 -59.186 -0.245
3 16 1.529 -60.130 -2.948 1.669 -57.300 -4.121 2.765 -57.300 -1.275
3 16 1.669 -57.300 -4.121 2.895 -54.906 -1.820 2.765 -57.300 -1.275
3 16 1.669 -57.300 -4.121 1.819 -53.913 -4.670 2.895 -54.906 -1.820
3 16 2.983 -51.768 -1.909 2.895 -54.906 -1.820 1.819 -53.913 -4.670
3 16 2.983 -51.768 -1.909 1.819 -53.913 -4.670 1.992 -49.982 -4.333
3 16 1.992 -49.982 -4.333 3.078 -48.371 -0.777 2.983 -51.768 -1.909
3 16 1.992 -49.982 -4.333 2.066 -45.921 -2.670 3.078 -48.371 -0.777
3 16 3.135 -45.377 1.823 3.078 -48.371 -0.777 2.066 -45.921 -2.670
3 16 3.135 -45.377 1.823 2.066 -45.921 -2.670 2.109 -42.429 0.793
3 16 2.109 -42.429 0.793 3.169 -43.587 5.724 3.135 -45.377 1.823
3 16 2.109 -42.429 0.793 2.136 -40.921 5.573 3.169 -43.587 5.724
3 16 2.136 -40.921 5.573 3.179 -43.522 10.135 3.169 -43.587 5.724
3 16 2.136 -40.921 5.573 2.131 -41.137 10.923 3.179 -43.522 10.135
3 16 2.107 -43.631 15.498 3.179 -43.522 10.135 2.131 -41.137 10.923
3 16 2.107 -43.631 15.498 3.139 -45.450 14.184 3.179 -43.522 10.135
3 16 2.053 -48.070 18.201 3.139 -45.450 14.184 2.107 -43.631 15.498
3 16 2.053 -48.070 18.201 3.045 -49.239 16.502 3.139 -45.450 14.184
3 16 3.045 -49.239 16.502 2.053 -48.070 18.201 2.020 -52.622 19.202
3 16 3.045 -49.239 16.502 2.020 -52.622 19.202 2.971 -53.030 17.505
3 16 3.299 -57.276 5.658 2.585 -57.309 11.004 2.426 -58.904 10.622
3 16 2.426 -58.904 10.622 2.297 -60.308 9.804 3.299 -57.276 5.658
3 16 2.755 -54.052 10.122 2.568 -55.567 10.993 2.585 -57.309 11.004
3 16 3.299 -57.276 5.658 2.297 -60.308 9.804 2.286 -61.218 8.524
3 16 2.286 -61.218 8.524 2.253 -61.791 7.138 2.355 -61.956 5.642
3 16 2.355 -61.956 5.642 3.299 -57.276 5.658 2.286 -61.218 8.524
3 16 2.355 -61.956 5.642 2.377 -61.861 4.128 3.299 -57.276 5.658
3 16 2.377 -61.861 4.128 2.410 -61.429 2.612 3.299 -57.276 5.658
3 16 2.410 -61.429 2.612 2.442 -60.621 1.008 3.299 -57.276 5.658
3 16 3.299 -57.276 5.658 2.442 -60.621 1.008 2.626 -59.186 -0.245
3 16 2.626 -59.186 -0.245 2.765 -57.300 -1.275 3.299 -57.276 5.658
3 16 3.299 -57.276 5.658 2.765 -57.300 -1.275 2.895 -54.906 -1.820
3 16 2.566 -51.938 7.454 3.113 -52.571 7.182 3.345 -52.490 5.639
3 16 1.562 -68.371 2.070 1.294 -63.504 1.079 1.196 -64.268 3.314
3 16 1.562 -68.371 2.070 1.549 -67.230 -1.616 1.294 -63.504 1.079
3 16 2.842 -55.594 20.597 2.020 -52.622 19.202 2.010 -54.580 21.475
3 16 2.842 -55.594 20.597 2.971 -53.030 17.505 2.020 -52.622 19.202
3 16 1.757 -57.751 23.151 2.842 -55.594 20.597 2.010 -54.580 21.475
3 16 1.757 -57.751 23.151 2.237 -58.561 22.866 2.842 -55.594 20.597
3 16 2.324 -83.377 0.085 2.483 -82.260 -0.040 2.536 -81.587 2.661
3 16 2.483 -82.260 -0.040 2.574 -77.141 -0.627 2.585 -77.118 1.172
3 16 2.585 -77.118 1.172 2.536 -81.587 2.661 2.483 -82.260 -0.040
3 16 2.585 -77.118 1.172 2.590 -77.706 3.167 2.536 -81.587 2.661
3 16 2.604 -78.825 4.563 2.536 -81.587 2.661 2.590 -77.706 3.167
3 16 2.530 -79.678 5.208 2.536 -81.587 2.661 2.604 -78.825 4.563
3 16 2.403 -82.298 -1.039 2.574 -77.141 -0.627 2.483 -82.260 -0.040
3 16 2.403 -82.298 -1.039 2.511 -77.721 -2.808 2.574 -77.141 -0.627
3 16 2.403 -82.298 -1.039 2.214 -79.119 -5.224 2.511 -77.721 -2.808
3 16 2.403 -82.298 -1.039 2.329 -83.056 -2.021 2.214 -79.119 -5.224
3 16 2.214 -79.119 -5.224 2.329 -83.056 -2.021 1.851 -83.346 -6.787
3 16 2.086 -85.053 -2.242 1.851 -83.346 -6.787 2.329 -83.056 -2.021
3 16 2.086 -85.053 -2.242 1.406 -87.586 -7.271 1.851 -83.346 -6.787
3 16 1.843 -86.975 -1.371 1.406 -87.586 -7.271 2.086 -85.053 -2.242
3 16 1.406 -87.586 -7.271 1.843 -86.975 -1.371 1.693 -88.483 0.339
3 16 1.693 -88.483 0.339 1.309 -95.720 -5.913 1.285 -92.546 -6.799
3 16 1.693 -88.483 0.339 1.285 -92.546 -6.799 1.406 -87.586 -7.271
3 16 1.693 -88.483 0.339 1.562 -93.647 2.525 1.309 -95.720 -5.913
3 16 1.562 -93.647 2.525 1.500 -98.288 2.406 1.330 -98.939 -4.643
3 16 1.330 -98.939 -4.643 1.309 -95.720 -5.913 1.562 -93.647 2.525
3 16 1.330 -98.939 -4.643 1.500 -98.288 2.406 1.493 -101.003 2.835
3 16 1.493 -101.003 2.835 1.308 -103.082 -2.944 1.330 -98.939 -4.643
3 16 1.255 -98.574 8.970 1.493 -101.003 2.835 1.500 -98.288 2.406
3 16 1.500 -98.288 2.406 1.562 -93.647 2.525 1.267 -96.161 10.537
3 16 1.267 -96.161 10.537 1.255 -98.574 8.970 1.500 -98.288 2.406
3 16 1.255 -98.574 8.970 1.301 -101.179 8.988 1.493 -101.003 2.835
3 16 1.482 -105.263 3.508 1.308 -103.082 -2.944 1.493 -101.003 2.835
3 16 1.301 -101.179 8.988 1.482 -105.263 3.508 1.493 -101.003 2.835
3 16 1.482 -105.263 3.508 1.438 -106.674 -1.566 1.308 -103.082 -2.944
3 16 1.301 -101.179 8.988 1.391 -104.610 9.021 1.482 -105.263 3.508
3 16 1.482 -105.263 3.508 1.500 -109.679 3.347 1.472 -109.757 -1.033
3 16 1.472 -109.757 -1.033 1.438 -106.674 -1.566 1.482 -105.263 3.508
3 16 1.500 -109.679 3.347 1.422 -112.185 -1.133 1.472 -109.757 -1.033
3 16 1.500 -109.679 3.347 1.500 -113.315 2.999 1.403 -116.015 -1.765
3 16 1.403 -116.015 -1.765 1.422 -112.185 -1.133 1.500 -109.679 3.347
3 16 1.500 -113.315 2.999 1.500 -109.679 3.347 1.391 -109.158 8.508
3 16 1.391 -109.158 8.508 1.448 -113.764 6.778 1.500 -113.315 2.999
3 16 1.405 -118.117 4.777 1.500 -113.315 2.999 1.448 -113.764 6.778
3 16 1.500 -113.315 2.999 1.405 -118.117 4.777 1.420 -122.094 2.935
3 16 1.420 -122.094 2.935 1.500 -117.110 1.617 1.500 -113.315 2.999
3 16 1.420 -122.094 2.935 1.500 -121.129 0.176 1.500 -117.110 1.617
3 16 1.420 -122.094 2.935 1.452 -126.420 1.292 1.500 -125.834 -1.252
3 16 1.500 -125.834 -1.252 1.500 -121.129 0.176 1.420 -122.094 2.935
3 16 1.452 -126.420 1.292 1.478 -129.278 0.809 1.500 -129.738 -1.648
3 16 1.500 -129.738 -1.648 1.500 -125.834 -1.252 1.452 -126.420 1.292
3 16 1.500 -113.315 2.999 1.500 -117.110 1.617 1.403 -116.015 -1.765
3 16 1.403 -116.015 -1.765 1.500 -117.110 1.617 1.500 -121.129 0.176
3 16 1.500 -121.129 0.176 1.382 -120.032 -2.762 1.403 -116.015 -1.765
3 16 1.382 -120.032 -2.762 1.500 -121.129 0.176 1.500 -125.834 -1.252
3 16 1.500 -125.834 -1.252 1.391 -125.238 -3.997 1.382 -120.032 -2.762
3 16 1.500 -125.834 -1.252 1.500 -129.738 -1.648 1.391 -130.200 -4.243
3 16 1.391 -130.200 -4.243 1.391 -125.238 -3.997 1.500 -125.834 -1.252
3 16 1.500 -129.738 -1.648 1.478 -129.278 0.809 1.413 -132.518 1.301
3 16 1.500 -129.738 -1.648 1.413 -132.518 1.301 1.500 -133.046 -1.001
3 16 1.500 -129.738 -1.648 1.500 -133.046 -1.001 1.411 -133.839 -3.481
3 16 1.411 -133.839 -3.481 1.391 -130.200 -4.243 1.500 -129.738 -1.648
3 16 1.500 -133.046 -1.001 1.413 -132.518 1.301 1.430 -135.348 2.113
3 16 1.430 -135.348 2.113 1.500 -135.543 -0.241 1.500 -133.046 -1.001
3 16 1.500 -133.046 -1.001 1.500 -135.543 -0.241 1.412 -136.939 -2.251
3 16 1.412 -136.939 -2.251 1.411 -133.839 -3.481 1.500 -133.046 -1.001
3 16 1.430 -135.348 2.113 1.461 -136.413 2.036 1.500 -135.543 -0.241
3 16 1.375 -137.782 -1.501 1.412 -136.939 -2.251 1.500 -135.543 -0.241
3 16 1.500 -135.543 -0.241 1.461 -136.413 2.036 1.457 -137.365 1.579
3 16 1.400 -138.081 0.667 1.500 -135.543 -0.241 1.457 -137.365 1.579
3 16 1.400 -138.081 0.667 1.429 -138.157 -0.575 1.500 -135.543 -0.241
3 16 1.500 -135.543 -0.241 1.429 -138.157 -0.575 1.375 -137.782 -1.501
3 16 1.391 -104.610 9.021 1.391 -109.158 8.508 1.500 -109.679 3.347
3 16 1.500 -109.679 3.347 1.482 -105.263 3.508 1.391 -104.610 9.021
3 16 2.080 -84.892 1.486 2.536 -81.587 2.661 2.042 -84.792 3.716
3 16 2.042 -84.792 3.716 2.022 -85.084 2.580 2.080 -84.892 1.486
3 16 2.080 -84.892 1.486 2.154 -84.327 0.577 2.536 -81.587 2.661
3 16 2.154 -84.327 0.577 2.324 -83.377 0.085 2.536 -81.587 2.661
3 16 2.105 -84.215 4.527 2.042 -84.792 3.716 2.536 -81.587 2.661
3 16 2.223 -83.438 5.185 2.105 -84.215 4.527 2.536 -81.587 2.661
3 16 2.223 -83.438 5.185 2.536 -81.587 2.661 2.369 -81.570 5.693
3 16 2.369 -81.570 5.693 2.286 -82.539 5.601 2.223 -83.438 5.185
3 16 2.454 -80.555 5.554 2.369 -81.570 5.693 2.536 -81.587 2.661
3 16 2.454 -80.555 5.554 2.536 -81.587 2.661 2.530 -79.678 5.208
3 16 1.891 -75.801 3.458 1.773 -77.166 5.724 2.604 -78.825 4.563
3 16 2.604 -78.825 4.563 2.590 -77.706 3.167 1.891 -75.801 3.458
3 16 1.717 -78.490 6.831 2.604 -78.825 4.563 1.773 -77.166 5.724
3 16 1.717 -78.490 6.831 2.530 -79.678 5.208 2.604 -78.825 4.563
3 16 1.651 -79.953 7.407 2.530 -79.678 5.208 1.717 -78.490 6.831
3 16 1.651 -79.953 7.407 2.454 -80.555 5.554 2.530 -79.678 5.208
3 16 2.454 -80.555 5.554 1.651 -79.953 7.407 1.546 -81.529 7.469
3 16 2.454 -80.555 5.554 1.546 -81.529 7.469 2.369 -81.570 5.693
3 16 2.369 -81.570 5.693 1.546 -81.529 7.469 1.398 -83.119 7.338
3 16 1.398 -83.119 7.338 2.286 -82.539 5.601 2.369 -81.570 5.693
3 16 2.286 -82.539 5.601 1.398 -83.119 7.338 1.237 -84.615 6.777
3 16 1.237 -84.615 6.777 2.223 -83.438 5.185 2.286 -82.539 5.601
3 16 2.223 -83.438 5.185 1.237 -84.615 6.777 1.071 -85.837 5.716
3 16 1.071 -85.837 5.716 2.105 -84.215 4.527 2.223 -83.438 5.185
3 16 2.042 -84.792 3.716 2.105 -84.215 4.527 1.071 -85.837 5.716
3 16 2.042 -84.792 3.716 1.071 -85.837 5.716 0.895 -86.575 4.217
3 16 2.022 -85.084 2.580 2.042 -84.792 3.716 0.895 -86.575 4.217
3 16 2.022 -85.084 2.580 0.895 -86.575 4.217 0.804 -86.829 2.579
3 16 0.804 -86.829 2.579 0.830 -86.437 0.987 2.080 -84.892 1.486
3 16 2.080 -84.892 1.486 2.022 -85.084 2.580 0.804 -86.829 2.579
3 16 0.830 -86.437 0.987 1.072 -85.445 -0.304 2.154 -84.327 0.577
3 16 2.154 -84.327 0.577 2.080 -84.892 1.486 0.830 -86.437 0.987
3 16 2.154 -84.327 0.577 1.072 -85.445 -0.304 1.503 -84.038 -0.858
3 16 2.154 -84.327 0.577 1.503 -84.038 -0.858 2.324 -83.377 0.085
3 16 2.324 -83.377 0.085 1.503 -84.038 -0.858 1.886 -83.233 -0.862
3 16 2.324 -83.377 0.085 1.886 -83.233 -0.862 2.483 -82.260 -0.040
3 16 2.086 -85.053 -2.242 1.072 -85.445 -0.304 1.843 -86.975 -1.371
3 16 2.086 -85.053 -2.242 1.503 -84.038 -0.858 1.072 -85.445 -0.304
3 16 1.843 -86.975 -1.371 1.072 -85.445 -0.304 0.830 -86.437 0.987
3 16 1.843 -86.975 -1.371 0.830 -86.437 0.987 1.693 -88.483 0.339
3 16 0.830 -86.437 0.987 0.804 -86.829 2.579 1.624 -89.006 2.644
3 16 1.624 -89.006 2.644 1.693 -88.483 0.339 0.830 -86.437 0.987
3 16 0.804 -86.829 2.579 0.895 -86.575 4.217 1.603 -88.818 4.997
3 16 1.603 -88.818 4.997 1.624 -89.006 2.644 0.804 -86.829 2.579
3 16 0.895 -86.575 4.217 1.071 -85.837 5.716 1.617 -87.756 7.212
3 16 1.617 -87.756 7.212 1.603 -88.818 4.997 0.895 -86.575 4.217
3 16 1.071 -85.837 5.716 1.237 -84.615 6.777 1.646 -86.141 8.889
3 16 1.646 -86.141 8.889 1.617 -87.756 7.212 1.071 -85.837 5.716
3 16 1.237 -84.615 6.777 1.645 -83.981 9.854 1.646 -86.141 8.889
3 16 1.237 -84.615 6.777 1.398 -83.119 7.338 1.645 -83.981 9.854
3 16 1.645 -83.981 9.854 1.398 -83.119 7.338 1.546 -81.529 7.469
3 16 2.329 -83.056 -2.021 1.503 -84.038 -0.858 2.086 -85.053 -2.242
3 16 2.329 -83.056 -2.021 1.886 -83.233 -0.862 1.503 -84.038 -0.858
3 16 1.886 -83.233 -0.862 2.329 -83.056 -2.021 2.403 -82.298 -1.039
3 16 1.886 -83.233 -0.862 2.403 -82.298 -1.039 2.483 -82.260 -0.040
3 16 1.891 -75.801 3.458 2.585 -77.118 1.172 1.901 -75.212 0.556
3 16 1.891 -75.801 3.458 2.590 -77.706 3.167 2.585 -77.118 1.172
3 16 1.901 -75.212 0.556 2.585 -77.118 1.172 2.574 -77.141 -0.627
3 16 1.901 -75.212 0.556 2.574 -77.141 -0.627 1.814 -75.531 -1.777
3 16 1.814 -75.531 -1.777 2.574 -77.141 -0.627 2.511 -77.721 -2.808
3 16 1.814 -75.531 -1.777 2.511 -77.721 -2.808 1.838 -76.856 -3.764
3 16 1.838 -76.856 -3.764 2.511 -77.721 -2.808 2.214 -79.119 -5.224
3 16 2.214 -79.119 -5.224 1.667 -78.334 -5.167 1.838 -76.856 -3.764
3 16 1.645 -83.981 9.854 1.607 -82.260 16.336 1.575 -85.696 14.678
3 16 1.645 -83.981 9.854 1.546 -81.529 7.469 1.607 -82.260 16.336
3 16 1.651 -79.953 7.407 1.607 -82.260 16.336 1.546 -81.529 7.469
3 16 1.651 -79.953 7.407 1.608 -78.490 16.783 1.607 -82.260 16.336
3 16 1.717 -78.490 6.831 1.608 -78.490 16.783 1.651 -79.953 7.407
3 16 1.608 -78.490 16.783 1.717 -78.490 6.831 1.773 -77.166 5.724
3 16 1.773 -77.166 5.724 1.672 -75.382 16.765 1.608 -78.490 16.783
3 16 1.488 -89.051 11.677 1.645 -83.981 9.854 1.575 -85.696 14.678
3 16 1.488 -89.051 11.677 1.646 -86.141 8.889 1.645 -83.981 9.854
3 16 1.646 -86.141 8.889 1.488 -89.051 11.677 1.401 -91.350 11.634
3 16 1.401 -91.350 11.634 1.617 -87.756 7.212 1.646 -86.141 8.889
3 16 1.617 -87.756 7.212 1.401 -91.350 11.634 1.335 -93.773 11.351
3 16 1.335 -93.773 11.351 1.603 -88.818 4.997 1.617 -87.756 7.212
3 16 1.335 -93.773 11.351 1.267 -96.161 10.537 1.603 -88.818 4.997
3 16 1.562 -93.647 2.525 1.603 -88.818 4.997 1.267 -96.161 10.537
3 16 1.562 -93.647 2.525 1.624 -89.006 2.644 1.603 -88.818 4.997
3 16 1.693 -88.483 0.339 1.624 -89.006 2.644 1.562 -93.647 2.525
3 16 4.471 -24.201 0.094 3.589 -25.222 -2.039 4.132 -24.877 -2.224
3 16 4.471 -24.201 0.094 3.527 -24.696 0.266 3.589 -25.222 -2.039
3 16 4.075 -23.879 2.427 3.527 -24.696 0.266 4.471 -24.201 0.094
3 16 4.075 -23.879 2.427 3.445 -24.387 2.390 3.527 -24.696 0.266
3 16 3.527 -24.696 0.266 3.190 -25.796 -1.802 3.589 -25.222 -2.039
3 16 3.190 -25.796 -1.802 3.527 -24.696 0.266 3.445 -24.387 2.390
3 16 3.445 -24.387 2.390 3.163 -25.348 0.525 3.190 -25.796 -1.802
3 16 3.445 -24.387 2.390 3.141 -25.072 2.679 3.163 -25.348 0.525
3 16 4.132 -24.877 -2.224 3.589 -25.222 -2.039 3.126 -25.698 -4.330
3 16 4.075 -23.879 2.427 2.939 -23.672 5.112 3.445 -24.387 2.390
3 16 3.589 -25.222 -2.039 3.163 -26.031 -3.068 3.126 -25.698 -4.330
3 16 3.589 -25.222 -2.039 3.190 -25.796 -1.802 3.163 -26.031 -3.068
3 16 3.445 -24.387 2.390 3.134 -24.557 3.892 3.141 -25.072 2.679
3 16 3.445 -24.387 2.390 2.939 -23.672 5.112 3.134 -24.557 3.892
3 16 0.000 -20.000 -4.000 1.531 -20.000 -3.696 2.500 -20.000 -4.330
3 16 2.500 -20.000 -4.330 0.000 -20.000 -5.100 0.000 -20.000 -4.000
3 16 0.000 -20.000 4.000 0.000 -20.000 5.000 2.500 -20.000 4.330
3 16 2.500 -20.000 4.330 1.531 -20.000 3.696 0.000 -20.000 4.000
3 16 1.531 -20.000 3.696 2.500 -20.000 4.330 4.330 -20.000 2.500
3 16 4.330 -20.000 2.500 2.828 -20.000 2.828 1.531 -20.000 3.696
3 16 3.696 -20.000 1.531 4.330 -20.000 2.500 5.000 -20.000 0.000
3 16 5.000 -20.000 0.000 4.000 -20.000 0.000 3.696 -20.000 1.531
3 16 3.696 -20.000 -1.531 4.000 -20.000 0.000 5.000 -20.000 0.000
3 16 5.000 -20.000 0.000 4.330 -20.000 -2.500 3.696 -20.000 -1.531
3 16 1.531 -20.000 -3.696 2.828 -20.000 -2.828 4.330 -20.000 -2.500
3 16 4.330 -20.000 -2.500 2.500 -20.000 -4.330 1.531 -20.000 -3.696
3 16 2.828 -20.000 -2.828 3.696 -20.000 -1.531 4.330 -20.000 -2.500
3 16 3.696 -20.000 1.531 2.828 -20.000 2.828 4.330 -20.000 2.500
2 24 2.939 -23.672 5.112 4.075 -23.879 2.427
2 24 4.075 -23.879 2.427 4.471 -24.201 0.094
2 24 4.471 -24.201 0.094 4.132 -24.877 -2.224
2 24 4.132 -24.877 -2.224 3.126 -25.698 -4.330
2 24 2.904 -29.236 -7.591 2.633 -33.644 -8.760
2 24 2.633 -33.644 -8.760 2.168 -37.917 -8.511
2 24 2.168 -37.917 -8.511 2.020 -41.883 -7.587
2 24 2.020 -41.883 -7.587 1.968 -44.567 -6.152
2 24 1.968 -44.567 -6.152 1.925 -48.659 -7.237
2 24 1.925 -48.659 -7.237 1.638 -52.942 -8.095
2 24 1.638 -52.942 -8.095 1.517 -57.488 -8.609
2 24 1.517 -57.488 -8.609 1.532 -61.997 -8.637
2 24 1.532 -61.997 -8.637 1.542 -67.123 -8.089
2 24 1.542 -67.123 -8.089 1.616 -71.656 -7.250
2 24 1.616 -71.656 -7.250 1.457 -75.362 -6.272
2 24 1.457 -75.362 -6.272 1.667 -78.334 -5.167
2 24 1.667 -78.334 -5.167 2.214 -79.119 -5.224
2 24 2.214 -79.119 -5.224 1.851 -83.346 -6.787
2 24 1.851 -83.346 -6.787 1.406 -87.586 -7.271
2 24 1.406 -87.586 -7.271 1.285 -92.546 -6.799
2 24 1.285 -92.546 -6.799 1.309 -95.720 -5.913
2 24 1.309 -95.720 -5.913 1.330 -98.939 -4.643
2 24 1.330 -98.939 -4.643 1.308 -103.082 -2.944
2 24 1.308 -103.082 -2.944 1.438 -106.674 -1.566
2 24 1.438 -106.674 -1.566 1.472 -109.757 -1.033
2 24 1.472 -109.757 -1.033 1.422 -112.185 -1.133
2 24 1.422 -112.185 -1.133 1.403 -116.015 -1.765
2 24 1.403 -116.015 -1.765 1.382 -120.032 -2.762
2 24 1.382 -120.032 -2.762 1.391 -125.238 -3.997
2 24 1.391 -125.238 -3.997 1.391 -130.200 -4.243
2 24 1.391 -130.200 -4.243 1.411 -133.839 -3.481
2 24 1.411 -133.839 -3.481 1.412 -136.939 -2.251
2 24 1.412 -136.939 -2.251 1.375 -137.782 -1.501
2 24 1.375 -137.782 -1.501 1.429 -138.157 -0.575
2 24 1.429 -138.157 -0.575 1.400 -138.081 0.667
2 24 1.461 -136.413 2.036 1.430 -135.348 2.113
2 24 1.457 -137.365 1.579 1.461 -136.413 2.036
2 24 1.400 -138.081 0.667 1.457 -137.365 1.579
2 24 1.430 -135.348 2.113 1.413 -132.518 1.301
2 24 1.413 -132.518 1.301 1.478 -129.278 0.809
2 24 1.478 -129.278 0.809 1.452 -126.420 1.292
2 24 1.452 -126.420 1.292 1.420 -122.094 2.935
2 24 1.420 -122.094 2.935 1.405 -118.117 4.777
2 24 1.405 -118.117 4.777 1.448 -113.764 6.778
2 24 1.448 -113.764 6.778 1.391 -109.158 8.508
2 24 1.391 -109.158 8.508 1.391 -104.610 9.021
2 24 1.391 -104.610 9.021 1.301 -101.179 8.988
2 24 1.301 -101.179 8.988 1.255 -98.574 8.970
2 24 1.255 -98.574 8.970 1.267 -96.161 10.537
2 24 1.267 -96.161 10.537 1.335 -93.773 11.351
2 24 1.335 -93.773 11.351 1.401 -91.350 11.634
2 24 1.401 -91.350 11.634 1.488 -89.051 11.677
2 24 1.488 -89.051 11.677 1.575 -85.696 14.678
2 24 1.575 -85.696 14.678 1.607 -82.260 16.336
2 24 1.607 -82.260 16.336 1.608 -78.490 16.783
2 24 1.608 -78.490 16.783 1.672 -75.382 16.765
2 24 1.672 -75.382 16.765 1.609 -73.730 18.800
2 24 1.609 -73.730 18.800 1.653 -71.644 20.826
2 24 1.653 -71.644 20.826 1.682 -68.961 22.340
2 24 1.682 -68.961 22.340 1.739 -66.093 23.037
2 24 1.739 -66.093 23.037 1.813 -63.011 23.322
2 24 1.813 -63.011 23.322 2.237 -58.561 22.866
2 24 2.237 -58.561 22.866 1.757 -57.751 23.151
2 24 1.757 -57.751 23.151 1.775 -54.246 24.822
2 24 1.775 -54.246 24.822 1.829 -49.838 25.625
2 24 1.829 -49.838 25.625 1.908 -45.145 25.273
2 24 1.908 -45.145 25.273 2.198 -40.676 23.546
2 24 2.198 -40.676 23.546 2.342 -36.852 20.672
2 24 2.342 -36.852 20.672 2.452 -34.039 17.261
2 24 2.452 -34.039 17.261 2.774 -30.880 15.869
2 24 2.774 -30.880 15.869 3.041 -27.265 13.355
2 24 3.041 -27.265 13.355 3.010 -25.036 10.125
2 24 3.010 -25.036 10.125 2.939 -23.672 5.112
2 24 3.126 -25.698 -4.330 2.904 -29.236 -7.591
2 24 1.196 -64.268 3.314 1.044 -64.257 5.672
2 24 1.670 -68.382 5.656 1.562 -68.371 2.070
2 24 1.793 -67.379 8.919 1.670 -68.382 5.656
2 24 1.044 -64.257 5.672 0.953 -63.778 7.766
2 24 1.998 -65.631 11.664 1.793 -67.379 8.919
2 24 0.953 -63.778 7.766 0.967 -62.880 9.771
2 24 0.967 -62.880 9.771 1.009 -61.477 11.436
2 24 2.251 -63.288 13.848 1.998 -65.631 11.664
2 24 1.009 -61.477 11.436 1.082 -59.499 12.593
2 24 2.553 -60.502 15.320 2.251 -63.288 13.848
2 24 2.705 -57.307 15.541 2.553 -60.502 15.320
2 24 1.082 -59.499 12.593 1.181 -57.322 12.798
2 24 2.665 -54.410 14.539 2.705 -57.307 15.541
2 24 1.181 -57.322 12.798 1.362 -55.054 12.449
2 24 2.617 -52.110 12.877 2.665 -54.410 14.539
2 24 1.362 -55.054 12.449 1.601 -53.250 11.221
2 24 2.723 -50.599 10.578 2.617 -52.110 12.877
2 24 1.601 -53.250 11.221 1.976 -52.120 9.499
2 24 2.909 -50.358 8.024 2.723 -50.599 10.578
2 24 1.976 -52.120 9.499 2.566 -51.938 7.454
2 24 3.163 -50.732 6.444 2.909 -50.358 8.024
2 24 2.566 -51.938 7.454 3.345 -52.490 5.639
2 24 3.345 -52.490 5.639 3.163 -50.732 6.444
2 24 3.113 -52.571 7.182 2.960 -52.989 8.765
2 24 2.960 -52.989 8.765 2.755 -54.052 10.122
2 24 3.345 -52.490 5.639 3.113 -52.571 7.182
2 24 2.895 -54.906 -1.820 2.983 -51.768 -1.909
2 24 2.983 -51.768 -1.909 3.078 -48.371 -0.777
2 24 3.078 -48.371 -0.777 3.135 -45.377 1.823
2 24 3.135 -45.377 1.823 3.169 -43.587 5.724
2 24 3.169 -43.587 5.724 3.179 -43.522 10.135
2 24 3.179 -43.522 10.135 3.139 -45.450 14.184
2 24 3.139 -45.450 14.184 3.045 -49.239 16.502
2 24 3.045 -49.239 16.502 2.971 -53.030 17.505
2 24 2.971 -53.030 17.505 2.842 -55.594 20.597
2 24 2.842 -55.594 20.597 2.237 -58.561 22.866
2 24 1.773 -77.166 5.724 1.891 -75.801 3.458
2 24 1.891 -75.801 3.458 1.901 -75.212 0.556
2 24 1.901 -75.212 0.556 1.814 -75.531 -1.777
2 24 1.549 -67.230 -1.616 1.562 -68.371 2.070
2 24 1.669 -57.300 -4.121 1.529 -60.130 -2.948
2 24 1.529 -60.130 -2.948 1.404 -62.133 -1.065
2 24 1.404 -62.133 -1.065 1.294 -63.504 1.079
2 24 1.819 -53.913 -4.670 1.669 -57.300 -4.121
2 24 1.992 -49.982 -4.333 1.819 -53.913 -4.670
2 24 2.066 -45.921 -2.670 1.992 -49.982 -4.333
2 24 1.814 -75.531 -1.777 1.838 -76.856 -3.764
2 24 1.838 -76.856 -3.764 1.667 -78.334 -5.167
2 24 2.109 -42.429 0.793 2.066 -45.921 -2.670
2 24 2.136 -40.921 5.573 2.109 -42.429 0.793
2 24 2.131 -41.137 10.923 2.136 -40.921 5.573
2 24 2.107 -43.631 15.498 2.131 -41.137 10.923
2 24 2.053 -48.070 18.201 2.107 -43.631 15.498
2 24 2.020 -52.622 19.202 2.053 -48.070 18.201
2 24 2.010 -54.580 21.475 2.020 -52.622 19.202
2 24 1.757 -57.751 23.151 2.010 -54.580 21.475
2 24 2.568 -55.567 10.993 2.755 -54.052 10.122
2 24 2.585 -57.309 11.004 2.568 -55.567 10.993
2 24 2.426 -58.904 10.622 2.585 -57.309 11.004
2 24 2.297 -60.308 9.804 2.426 -58.904 10.622
2 24 2.286 -61.218 8.524 2.297 -60.308 9.804
2 24 2.253 -61.791 7.138 2.286 -61.218 8.524
2 24 2.355 -61.956 5.642 2.253 -61.791 7.138
2 24 2.377 -61.861 4.128 2.355 -61.956 5.642
2 24 2.410 -61.429 2.612 2.377 -61.861 4.128
2 24 1.196 -64.268 3.314 1.294 -63.504 1.079
2 24 2.442 -60.621 1.008 2.410 -61.429 2.612
2 24 2.626 -59.186 -0.245 2.442 -60.621 1.008
2 24 2.765 -57.300 -1.275 2.626 -59.186 -0.245
2 24 2.895 -54.906 -1.820 2.765 -57.300 -1.275
2 24 2.020 -52.622 19.202 2.971 -53.030 17.505
2 24 2.324 -83.377 0.085 2.483 -82.260 -0.040
2 24 2.574 -77.141 -0.627 2.585 -77.118 1.172
2 24 2.585 -77.118 1.172 2.590 -77.706 3.167
2 24 2.590 -77.706 3.167 2.604 -78.825 4.563
2 24 2.604 -78.825 4.563 2.530 -79.678 5.208
2 24 2.483 -82.260 -0.040 2.403 -82.298 -1.039
2 24 2.511 -77.721 -2.808 2.574 -77.141 -0.627
2 24 2.214 -79.119 -5.224 2.511 -77.721 -2.808
2 24 2.403 -82.298 -1.039 2.329 -83.056 -2.021
2 24 2.329 -83.056 -2.021 2.086 -85.053 -2.242
2 24 2.086 -85.053 -2.242 1.843 -86.975 -1.371
2 24 1.843 -86.975 -1.371 1.693 -88.483 0.339
2 24 2.022 -85.084 2.580 2.080 -84.892 1.486
2 24 2.042 -84.792 3.716 2.022 -85.084 2.580
2 24 2.080 -84.892 1.486 2.154 -84.327 0.577
2 24 2.154 -84.327 0.577 2.324 -83.377 0.085
2 24 2.105 -84.215 4.527 2.042 -84.792 3.716
2 24 2.223 -83.438 5.185 2.105 -84.215 4.527
2 24 2.286 -82.539 5.601 2.223 -83.438 5.185
2 24 2.369 -81.570 5.693 2.286 -82.539 5.601
2 24 2.454 -80.555 5.554 2.369 -81.570 5.693
2 24 2.530 -79.678 5.208 2.454 -80.555 5.554
2 24 1.773 -77.166 5.724 1.717 -78.490 6.831
2 24 1.717 -78.490 6.831 1.651 -79.953 7.407
2 24 1.651 -79.953 7.407 1.546 -81.529 7.469
2 24 1.546 -81.529 7.469 1.398 -83.119 7.338
2 24 1.398 -83.119 7.338 1.237 -84.615 6.777
2 24 1.237 -84.615 6.777 1.071 -85.837 5.716
2 24 1.071 -85.837 5.716 0.895 -86.575 4.217
2 24 0.895 -86.575 4.217 0.804 -86.829 2.579
2 24 0.804 -86.829 2.579 0.830 -86.437 0.987
2 24 0.830 -86.437 0.987 1.072 -85.445 -0.304
2 24 1.072 -85.445 -0.304 1.503 -84.038 -0.858
2 24 1.503 -84.038 -0.858 1.886 -83.233 -0.862
2 24 1.886 -83.233 -0.862 2.483 -82.260 -0.040
2 24 1.624 -89.006 2.644 1.693 -88.483 0.339
2 24 1.603 -88.818 4.997 1.624 -89.006 2.644
2 24 1.617 -87.756 7.212 1.603 -88.818 4.997
2 24 1.646 -86.141 8.889 1.617 -87.756 7.212
2 24 1.645 -83.981 9.854 1.646 -86.141 8.889
2 24 0.000 -20.000 -5.100 2.500 -20.000 -4.330
2 24 0.000 -20.000 5.000 2.500 -20.000 4.330
2 24 4.330 -20.000 2.500 2.500 -20.000 4.330
2 24 5.000 -20.000 0.000 4.330 -20.000 2.500
2 24 4.330 -20.000 -2.500 5.000 -20.000 0.000
2 24 2.500 -20.000 -4.330 4.330 -20.000 -2.500
3 16 -2.500 -20.000 -4.330 0.000 -20.000 -5.100 0.000 -25.152 -5.100
3 16 0.000 -25.152 -5.100 -2.500 -24.605 -4.330 -2.500 -20.000 -4.330
3 16 -4.330 -20.000 -2.500 -2.500 -20.000 -4.330 -2.500 -24.605 -4.330
3 16 -2.500 -24.605 -4.330 -4.330 -23.695 -2.500 -4.330 -20.000 -2.500
3 16 -5.000 -20.000 0.000 -4.330 -20.000 -2.500 -4.330 -23.695 -2.500
3 16 -4.330 -23.695 -2.500 -5.000 -23.061 0.000 -5.000 -20.000 0.000
3 16 -4.330 -20.000 2.500 -5.000 -20.000 0.000 -5.000 -23.061 0.000
3 16 -5.000 -23.061 0.000 -4.330 -22.803 2.500 -4.330 -20.000 2.500
3 16 -2.500 -20.000 4.330 -4.330 -20.000 2.500 -4.330 -22.803 2.500
3 16 -4.330 -22.803 2.500 -2.500 -22.686 4.330 -2.500 -20.000 4.330
3 16 0.000 -20.000 5.000 -2.500 -20.000 4.330 -2.500 -22.686 4.330
3 16 -2.500 -22.686 4.330 0.000 -22.686 5.000 0.000 -20.000 5.000
3 16 0.000 -23.594 5.876 0.000 -22.686 5.000 -2.500 -22.686 4.330
3 16 -2.939 -23.672 5.112 0.000 -23.594 5.876 -2.500 -22.686 4.330
3 16 -2.939 -23.672 5.112 -2.500 -22.686 4.330 -4.330 -22.803 2.500
3 16 -4.330 -22.803 2.500 -4.075 -23.879 2.427 -2.939 -23.672 5.112
3 16 -4.075 -23.879 2.427 -4.330 -22.803 2.500 -5.000 -23.061 0.000
3 16 -4.471 -24.201 0.094 -4.075 -23.879 2.427 -5.000 -23.061 0.000
3 16 -4.132 -24.877 -2.224 -4.471 -24.201 0.094 -5.000 -23.061 0.000
3 16 -5.000 -23.061 0.000 -4.330 -23.695 -2.500 -4.132 -24.877 -2.224
3 16 -3.126 -25.698 -4.330 -4.132 -24.877 -2.224 -4.330 -23.695 -2.500
3 16 -2.500 -24.605 -4.330 0.000 -25.152 -5.100 0.000 -26.344 -5.512
3 16 -4.330 -23.695 -2.500 -2.500 -24.605 -4.330 -3.126 -25.698 -4.330
3 16 -3.126 -25.698 -4.330 -2.500 -24.605 -4.330 0.000 -26.344 -5.512
3 16 -3.010 -25.036 10.125 0.000 -23.594 5.876 -2.939 -23.672 5.112
3 16 -3.126 -25.698 -4.330 0.000 -26.344 -5.512 -2.904 -29.236 -7.591
3 16 -1.044 -64.257 5.672 -1.196 -64.268 3.314 -1.670 -68.382 5.656
3 16 -1.196 -64.268 3.314 -1.562 -68.371 2.070 -1.670 -68.382 5.656
3 16 -1.044 -64.257 5.672 -1.670 -68.382 5.656 -1.793 -67.379 8.919
3 16 -0.953 -63.778 7.766 -1.044 -64.257 5.672 -1.793 -67.379 8.919
3 16 -1.793 -67.379 8.919 -1.998 -65.631 11.664 -0.953 -63.778 7.766
3 16 -1.998 -65.631 11.664 -0.967 -62.880 9.771 -0.953 -63.778 7.766
3 16 -0.967 -62.880 9.771 -1.998 -65.631 11.664 -1.009 -61.477 11.436
3 16 -1.998 -65.631 11.664 -2.251 -63.288 13.848 -1.009 -61.477 11.436
3 16 -1.009 -61.477 11.436 -2.251 -63.288 13.848 -1.082 -59.499 12.593
3 16 -2.251 -63.288 13.848 -2.553 -60.502 15.320 -1.082 -59.499 12.593
3 16 -1.082 -59.499 12.593 -2.553 -60.502 15.320 -2.705 -57.307 15.541
3 16 -1.181 -57.322 12.798 -1.082 -59.499 12.593 -2.705 -57.307 15.541
3 16 -1.181 -57.322 12.798 -2.705 -57.307 15.541 -2.665 -54.410 14.539
3 16 -1.362 -55.054 12.449 -1.181 -57.322 12.798 -2.665 -54.410 14.539
3 16 -1.362 -55.054 12.449 -2.665 -54.410 14.539 -2.617 -52.110 12.877
3 16 -1.601 -53.250 11.221 -1.362 -55.054 12.449 -2.617 -52.110 12.877
3 16 -1.601 -53.250 11.221 -2.617 -52.110 12.877 -2.723 -50.599 10.578
3 16 -1.976 -52.120 9.499 -1.601 -53.250 11.221 -2.723 -50.599 10.578
3 16 -2.723 -50.599 10.578 -2.909 -50.358 8.024 -1.976 -52.120 9.499
3 16 -2.909 -50.358 8.024 -2.566 -51.938 7.454 -1.976 -52.120 9.499
3 16 -2.909 -50.358 8.024 -3.163 -50.732 6.444 -2.566 -51.938 7.454
3 16 -3.163 -50.732 6.444 -3.345 -52.490 5.639 -2.566 -51.938 7.454
3 16 -3.345 -52.490 5.639 -3.299 -57.276 5.658 -2.960 -52.989 8.765
3 16 -2.585 -57.309 11.004 -2.755 -54.052 10.122 -2.960 -52.989 8.765
3 16 -2.960 -52.989 8.765 -3.299 -57.276 5.658 -2.585 -57.309 11.004
3 16 -2.960 -52.989 8.765 -3.113 -52.571 7.182 -3.345 -52.490 5.639
3 16 -3.345 -52.490 5.639 -2.895 -54.906 -1.820 -3.299 -57.276 5.658
3 16 -3.345 -52.490 5.639 -2.983 -51.768 -1.909 -2.895 -54.906 -1.820
3 16 -3.078 -48.371 -0.777 -2.983 -51.768 -1.909 -3.345 -52.490 5.639
3 16 -3.135 -45.377 1.823 -3.078 -48.371 -0.777 -3.345 -52.490 5.639
3 16 -3.163 -50.732 6.444 -3.169 -43.587 5.724 -3.135 -45.377 1.823
3 16 -3.135 -45.377 1.823 -3.345 -52.490 5.639 -3.163 -50.732 6.444
3 16 -3.169 -43.587 5.724 -3.163 -50.732 6.444 -2.909 -50.358 8.024
3 16 -2.723 -50.599 10.578 -3.179 -43.522 10.135 -3.169 -43.587 5.724
3 16 -3.169 -43.587 5.724 -2.909 -50.358 8.024 -2.723 -50.599 10.578
3 16 -3.139 -45.450 14.184 -3.179 -43.522 10.135 -2.723 -50.599 10.578
3 16 -3.045 -49.239 16.502 -3.139 -45.450 14.184 -2.723 -50.599 10.578
3 16 -2.617 -52.110 12.877 -3.045 -49.239 16.502 -2.723 -50.599 10.578
3 16 -2.665 -54.410 14.539 -2.971 -53.030 17.505 -3.045 -49.239 16.502
3 16 -3.045 -49.239 16.502 -2.617 -52.110 12.877 -2.665 -54.410 14.539
3 16 -2.705 -57.307 15.541 -2.971 -53.030 17.505 -2.665 -54.410 14.539
3 16 -2.842 -55.594 20.597 -2.971 -53.030 17.505 -2.705 -57.307 15.541
3 16 -2.237 -58.561 22.866 -2.842 -55.594 20.597 -2.705 -57.307 15.541
3 16 -2.237 -58.561 22.866 -2.705 -57.307 15.541 -2.553 -60.502 15.320
3 16 -1.813 -63.011 23.322 -2.237 -58.561 22.866 -2.553 -60.502 15.320
3 16 -2.553 -60.502 15.320 -2.251 -63.288 13.848 -1.813 -63.011 23.322
3 16 -2.251 -63.288 13.848 -1.739 -66.093 23.037 -1.813 -63.011 23.322
3 16 -1.682 -68.961 22.340 -1.739 -66.093 23.037 -2.251 -63.288 13.848
3 16 -1.682 -68.961 22.340 -2.251 -63.288 13.848 -1.653 -71.644 20.826
3 16 -2.251 -63.288 13.848 -1.998 -65.631 11.664 -1.653 -71.644 20.826
3 16 -1.998 -65.631 11.664 -1.609 -73.730 18.800 -1.653 -71.644 20.826
3 16 -1.793 -67.379 8.919 -1.672 -75.382 16.765 -1.609 -73.730 18.800
3 16 -1.609 -73.730 18.800 -1.998 -65.631 11.664 -1.793 -67.379 8.919
3 16 -1.793 -67.379 8.919 -1.773 -77.166 5.724 -1.672 -75.382 16.765
3 16 -1.891 -75.801 3.458 -1.773 -77.166 5.724 -1.793 -67.379 8.919
3 16 -1.793 -67.379 8.919 -1.670 -68.382 5.656 -1.891 -75.801 3.458
3 16 -1.901 -75.212 0.556 -1.891 -75.801 3.458 -1.670 -68.382 5.656
3 16 -1.670 -68.382 5.656 -1.562 -68.371 2.070 -1.901 -75.212 0.556
3 16 -1.814 -75.531 -1.777 -1.901 -75.212 0.556 -1.562 -68.371 2.070
3 16 -1.549 -67.230 -1.616 -1.814 -75.531 -1.777 -1.562 -68.371 2.070
3 16 -1.549 -67.230 -1.616 -1.616 -71.656 -7.250 -1.814 -75.531 -1.777
3 16 -1.549 -67.230 -1.616 -1.542 -67.123 -8.089 -1.616 -71.656 -7.250
3 16 -1.529 -60.130 -2.948 -1.532 -61.997 -8.637 -1.542 -67.123 -8.089
3 16 -1.542 -67.123 -8.089 -1.549 -67.230 -1.616 -1.529 -60.130 -2.948
3 16 -1.517 -57.488 -8.609 -1.532 -61.997 -8.637 -1.529 -60.130 -2.948
3 16 -1.669 -57.300 -4.121 -1.517 -57.488 -8.609 -1.529 -60.130 -2.948
3 16 -1.404 -62.133 -1.065 -1.529 -60.130 -2.948 -1.549 -67.230 -1.616
3 16 -1.549 -67.230 -1.616 -1.294 -63.504 1.079 -1.404 -62.133 -1.065
3 16 -1.669 -57.300 -4.121 -1.819 -53.913 -4.670 -1.517 -57.488 -8.609
3 16 -1.819 -53.913 -4.670 -1.638 -52.942 -8.095 -1.517 -57.488 -8.609
3 16 -1.819 -53.913 -4.670 -1.992 -49.982 -4.333 -1.638 -52.942 -8.095
3 16 -1.992 -49.982 -4.333 -1.925 -48.659 -7.237 -1.638 -52.942 -8.095
3 16 -1.968 -44.567 -6.152 -1.925 -48.659 -7.237 -1.992 -49.982 -4.333
3 16 -1.992 -49.982 -4.333 -2.066 -45.921 -2.670 -1.968 -44.567 -6.152
3 16 -1.616 -71.656 -7.250 -1.457 -75.362 -6.272 -1.814 -75.531 -1.777
3 16 -1.814 -75.531 -1.777 -1.457 -75.362 -6.272 -1.838 -76.856 -3.764
3 16 -1.457 -75.362 -6.272 -1.667 -78.334 -5.167 -1.838 -76.856 -3.764
3 16 -2.066 -45.921 -2.670 -2.109 -42.429 0.793 -1.968 -44.567 -6.152
3 16 -2.109 -42.429 0.793 -2.020 -41.883 -7.587 -1.968 -44.567 -6.152
3 16 -2.633 -33.644 -8.760 -2.168 -37.917 -8.511 -2.020 -41.883 -7.587
3 16 -3.125 -27.812 -3.535 -2.633 -33.644 -8.760 -2.020 -41.883 -7.587
3 16 -2.020 -41.883 -7.587 -2.109 -42.429 0.793 -3.125 -27.812 -3.535
3 16 -3.125 -27.812 -3.535 -2.904 -29.236 -7.591 -2.633 -33.644 -8.760
3 16 -2.904 -29.236 -7.591 -3.125 -27.812 -3.535 -3.126 -25.698 -4.330
3 16 -3.125 -26.349 0.968 -3.125 -27.812 -3.535 -2.109 -42.429 0.793
3 16 -2.109 -42.429 0.793 -2.136 -40.921 5.573 -3.125 -26.349 0.968
3 16 -2.131 -41.137 10.923 -3.198 -25.754 5.387 -3.125 -26.349 0.968
3 16 -3.125 -26.349 0.968 -2.136 -40.921 5.573 -2.131 -41.137 10.923
3 16 -3.041 -27.265 13.355 -3.010 -25.036 10.125 -3.198 -25.754 5.387
3 16 -3.010 -25.036 10.125 -2.939 -23.672 5.112 -3.198 -25.754 5.387
3 16 -2.774 -30.880 15.869 -3.041 -27.265 13.355 -3.198 -25.754 5.387
3 16 -3.198 -25.754 5.387 -2.131 -41.137 10.923 -2.774 -30.880 15.869
3 16 -2.131 -41.137 10.923 -2.107 -43.631 15.498 -2.452 -34.039 17.261
3 16 -2.452 -34.039 17.261 -2.774 -30.880 15.869 -2.131 -41.137 10.923
3 16 -2.198 -40.676 23.546 -2.342 -36.852 20.672 -2.452 -34.039 17.261
3 16 -2.452 -34.039 17.261 -2.107 -43.631 15.498 -2.198 -40.676 23.546
3 16 -2.107 -43.631 15.498 -2.053 -48.070 18.201 -2.198 -40.676 23.546
3 16 -2.198 -40.676 23.546 -2.053 -48.070 18.201 -1.908 -45.145 25.273
3 16 -2.053 -48.070 18.201 -2.020 -52.622 19.202 -1.908 -45.145 25.273
3 16 -1.829 -49.838 25.625 -1.908 -45.145 25.273 -2.020 -52.622 19.202
3 16 -1.829 -49.838 25.625 -2.020 -52.622 19.202 -1.775 -54.246 24.822
3 16 -1.775 -54.246 24.822 -2.020 -52.622 19.202 -2.010 -54.580 21.475
3 16 -1.775 -54.246 24.822 -2.010 -54.580 21.475 -1.757 -57.751 23.151
3 16 -2.939 -23.672 5.112 -3.134 -24.557 3.892 -3.198 -25.754 5.387
3 16 -3.198 -25.754 5.387 -3.134 -24.557 3.892 -3.141 -25.072 2.679
3 16 -3.198 -25.754 5.387 -3.141 -25.072 2.679 -3.125 -26.349 0.968
3 16 -3.141 -25.072 2.679 -3.163 -25.348 0.525 -3.125 -26.349 0.968
3 16 -3.125 -26.349 0.968 -3.163 -25.348 0.525 -3.190 -25.796 -1.802
3 16 -3.125 -27.812 -3.535 -3.125 -26.349 0.968 -3.190 -25.796 -1.802
3 16 -3.163 -26.031 -3.068 -3.125 -27.812 -3.535 -3.190 -25.796 -1.802
3 16 -3.163 -26.031 -3.068 -3.126 -25.698 -4.330 -3.125 -27.812 -3.535
3 16 -3.113 -52.571 7.182 -2.960 -52.989 8.765 -2.566 -51.938 7.454
3 16 -2.960 -52.989 8.765 -1.976 -52.120 9.499 -2.566 -51.938 7.454
3 16 -1.601 -53.250 11.221 -1.976 -52.120 9.499 -2.960 -52.989 8.765
3 16 -2.960 -52.989 8.765 -2.755 -54.052 10.122 -1.601 -53.250 11.221
3 16 -1.362 -55.054 12.449 -1.601 -53.250 11.221 -2.755 -54.052 10.122
3 16 -2.755 -54.052 10.122 -2.568 -55.567 10.993 -1.362 -55.054 12.449
3 16 -1.362 -55.054 12.449 -2.568 -55.567 10.993 -1.181 -57.322 12.798
3 16 -2.568 -55.567 10.993 -2.585 -57.309 11.004 -1.181 -57.322 12.798
3 16 -1.082 -59.499 12.593 -1.181 -57.322 12.798 -2.585 -57.309 11.004
3 16 -2.585 -57.309 11.004 -2.426 -58.904 10.622 -1.082 -59.499 12.593
3 16 -1.009 -61.477 11.436 -1.082 -59.499 12.593 -2.426 -58.904 10.622
3 16 -2.297 -60.308 9.804 -1.009 -61.477 11.436 -2.426 -58.904 10.622
3 16 -0.967 -62.880 9.771 -1.009 -61.477 11.436 -2.297 -60.308 9.804
3 16 -2.286 -61.218 8.524 -0.967 -62.880 9.771 -2.297 -60.308 9.804
3 16 -0.967 -62.880 9.771 -2.286 -61.218 8.524 -0.953 -63.778 7.766
3 16 -2.286 -61.218 8.524 -2.253 -61.791 7.138 -0.953 -63.778 7.766
3 16 -0.953 -63.778 7.766 -2.253 -61.791 7.138 -1.044 -64.257 5.672
3 16 -2.253 -61.791 7.138 -2.355 -61.956 5.642 -1.044 -64.257 5.672
3 16 -2.355 -61.956 5.642 -2.377 -61.861 4.128 -1.044 -64.257 5.672
3 16 -2.377 -61.861 4.128 -1.196 -64.268 3.314 -1.044 -64.257 5.672
3 16 -1.294 -63.504 1.079 -1.196 -64.268 3.314 -2.377 -61.861 4.128
3 16 -2.377 -61.861 4.128 -2.410 -61.429 2.612 -1.294 -63.504 1.079
3 16 -2.410 -61.429 2.612 -2.442 -60.621 1.008 -1.294 -63.504 1.079
3 16 -2.442 -60.621 1.008 -1.404 -62.133 -1.065 -1.294 -63.504 1.079
3 16 -2.442 -60.621 1.008 -2.626 -59.186 -0.245 -1.404 -62.133 -1.065
3 16 -2.626 -59.186 -0.245 -1.529 -60.130 -2.948 -1.404 -62.133 -1.065
3 16 -2.626 -59.186 -0.245 -2.765 -57.300 -1.275 -1.529 -60.130 -2.948
3 16 -2.765 -57.300 -1.275 -1.669 -57.300 -4.121 -1.529 -60.130 -2.948
3 16 -2.765 -57.300 -1.275 -2.895 -54.906 -1.820 -1.669 -57.300 -4.121
3 16 -2.895 -54.906 -1.820 -1.819 -53.913 -4.670 -1.669 -57.300 -4.121
3 16 -1.819 -53.913 -4.670 -2.895 -54.906 -1.820 -2.983 -51.768 -1.909
3 16 -1.992 -49.982 -4.333 -1.819 -53.913 -4.670 -2.983 -51.768 -1.909
3 16 -2.983 -51.768 -1.909 -3.078 -48.371 -0.777 -1.992 -49.982 -4.333
3 16 -3.078 -48.371 -0.777 -2.066 -45.921 -2.670 -1.992 -49.982 -4.333
3 16 -2.066 -45.921 -2.670 -3.078 -48.371 -0.777 -3.135 -45.377 1.823
3 16 -2.109 -42.429 0.793 -2.066 -45.921 -2.670 -3.135 -45.377 1.823
3 16 -3.135 -45.377 1.823 -3.169 -43.587 5.724 -2.109 -42.429 0.793
3 16 -3.169 -43.587 5.724 -2.136 -40.921 5.573 -2.109 -42.429 0.793
3 16 -3.169 -43.587 5.724 -3.179 -43.522 10.135 -2.136 -40.921 5.573
3 16 -3.179 -43.522 10.135 -2.131 -41.137 10.923 -2.136 -40.921 5.573
3 16 -2.131 -41.137 10.923 -3.179 -43.522 10.135 -2.107 -43.631 15.498
3 16 -3.179 -43.522 10.135 -3.139 -45.450 14.184 -2.107 -43.631 15.498
3 16 -2.107 -43.631 15.498 -3.139 -45.450 14.184 -2.053 -48.070 18.201
3 16 -3.139 -45.450 14.184 -3.045 -49.239 16.502 -2.053 -48.070 18.201
3 16 -2.020 -52.622 19.202 -2.053 -48.070 18.201 -3.045 -49.239 16.502
3 16 -2.971 -53.030 17.505 -2.020 -52.622 19.202 -3.045 -49.239 16.502
3 16 -2.426 -58.904 10.622 -2.585 -57.309 11.004 -3.299 -57.276 5.658
3 16 -3.299 -57.276 5.658 -2.297 -60.308 9.804 -2.426 -58.904 10.622
3 16 -2.585 -57.309 11.004 -2.568 -55.567 10.993 -2.755 -54.052 10.122
3 16 -2.286 -61.218 8.524 -2.297 -60.308 9.804 -3.299 -57.276 5.658
3 16 -2.355 -61.956 5.642 -2.253 -61.791 7.138 -2.286 -61.218 8.524
3 16 -2.286 -61.218 8.524 -3.299 -57.276 5.658 -2.355 -61.956 5.642
3 16 -3.299 -57.276 5.658 -2.377 -61.861 4.128 -2.355 -61.956 5.642
3 16 -3.299 -57.276 5.658 -2.410 -61.429 2.612 -2.377 -61.861 4.128
3 16 -3.299 -57.276 5.658 -2.442 -60.621 1.008 -2.410 -61.429 2.612
3 16 -2.626 -59.186 -0.245 -2.442 -60.621 1.008 -3.299 -57.276 5.658
3 16 -3.299 -57.276 5.658 -2.765 -57.300 -1.275 -2.626 -59.186 -0.245
3 16 -2.895 -54.906 -1.820 -2.765 -57.300 -1.275 -3.299 -57.276 5.658
3 16 -3.345 -52.490 5.639 -3.113 -52.571 7.182 -2.566 -51.938 7.454
3 16 -1.196 -64.268 3.314 -1.294 -63.504 1.079 -1.562 -68.371 2.070
3 16 -1.294 -63.504 1.079 -1.549 -67.230 -1.616 -1.562 -68.371 2.070
3 16 -2.010 -54.580 21.475 -2.020 -52.622 19.202 -2.842 -55.594 20.597
3 16 -2.020 -52.622 19.202 -2.971 -53.030 17.505 -2.842 -55.594 20.597
3 16 -2.010 -54.580 21.475 -2.842 -55.594 20.597 -1.757 -57.751 23.151
3 16 -2.842 -55.594 20.597 -2.237 -58.561 22.866 -1.757 -57.751 23.151
3 16 -2.536 -81.587 2.661 -2.483 -82.260 -0.040 -2.324 -83.377 0.085
3 16 -2.585 -77.118 1.172 -2.574 -77.141 -0.627 -2.483 -82.260 -0.040
3 16 -2.483 -82.260 -0.040 -2.536 -81.587 2.661 -2.585 -77.118 1.172
3 16 -2.536 -81.587 2.661 -2.590 -77.706 3.167 -2.585 -77.118 1.172
3 16 -2.590 -77.706 3.167 -2.536 -81.587 2.661 -2.604 -78.825 4.563
3 16 -2.604 -78.825 4.563 -2.536 -81.587 2.661 -2.530 -79.678 5.208
3 16 -2.483 -82.260 -0.040 -2.574 -77.141 -0.627 -2.403 -82.298 -1.039
3 16 -2.574 -77.141 -0.627 -2.511 -77.721 -2.808 -2.403 -82.298 -1.039
3 16 -2.511 -77.721 -2.808 -2.214 -79.119 -5.224 -2.403 -82.298 -1.039
3 16 -2.214 -79.119 -5.224 -2.329 -83.056 -2.021 -2.403 -82.298 -1.039
3 16 -1.851 -83.346 -6.787 -2.329 -83.056 -2.021 -2.214 -79.119 -5.224
3 16 -2.329 -83.056 -2.021 -1.851 -83.346 -6.787 -2.086 -85.053 -2.242
3 16 -1.851 -83.346 -6.787 -1.406 -87.586 -7.271 -2.086 -85.053 -2.242
3 16 -2.086 -85.053 -2.242 -1.406 -87.586 -7.271 -1.843 -86.975 -1.371
3 16 -1.693 -88.483 0.339 -1.843 -86.975 -1.371 -1.406 -87.586 -7.271
3 16 -1.285 -92.546 -6.799 -1.309 -95.720 -5.913 -1.693 -88.483 0.339
3 16 -1.406 -87.586 -7.271 -1.285 -92.546 -6.799 -1.693 -88.483 0.339
3 16 -1.309 -95.720 -5.913 -1.562 -93.647 2.525 -1.693 -88.483 0.339
3 16 -1.330 -98.939 -4.643 -1.500 -98.288 2.406 -1.562 -93.647 2.525
3 16 -1.562 -93.647 2.525 -1.309 -95.720 -5.913 -1.330 -98.939 -4.643
3 16 -1.493 -101.003 2.835 -1.500 -98.288 2.406 -1.330 -98.939 -4.643
3 16 -1.330 -98.939 -4.643 -1.308 -103.082 -2.944 -1.493 -101.003 2.835
3 16 -1.500 -98.288 2.406 -1.493 -101.003 2.835 -1.255 -98.574 8.970
3 16 -1.267 -96.161 10.537 -1.562 -93.647 2.525 -1.500 -98.288 2.406
3 16 -1.500 -98.288 2.406 -1.255 -98.574 8.970 -1.267 -96.161 10.537
3 16 -1.493 -101.003 2.835 -1.301 -101.179 8.988 -1.255 -98.574 8.970
3 16 -1.493 -101.003 2.835 -1.308 -103.082 -2.944 -1.482 -105.263 3.508
3 16 -1.493 -101.003 2.835 -1.482 -105.263 3.508 -1.301 -101.179 8.988
3 16 -1.308 -103.082 -2.944 -1.438 -106.674 -1.566 -1.482 -105.263 3.508
3 16 -1.482 -105.263 3.508 -1.391 -104.610 9.021 -1.301 -101.179 8.988
3 16 -1.472 -109.757 -1.033 -1.500 -109.679 3.347 -1.482 -105.263 3.508
3 16 -1.482 -105.263 3.508 -1.438 -106.674 -1.566 -1.472 -109.757 -1.033
3 16 -1.472 -109.757 -1.033 -1.422 -112.185 -1.133 -1.500 -109.679 3.347
3 16 -1.403 -116.015 -1.765 -1.500 -113.315 2.999 -1.500 -109.679 3.347
3 16 -1.500 -109.679 3.347 -1.422 -112.185 -1.133 -1.403 -116.015 -1.765
3 16 -1.391 -109.158 8.508 -1.500 -109.679 3.347 -1.500 -113.315 2.999
3 16 -1.500 -113.315 2.999 -1.448 -113.764 6.778 -1.391 -109.158 8.508
3 16 -1.448 -113.764 6.778 -1.500 -113.315 2.999 -1.405 -118.117 4.777
3 16 -1.420 -122.094 2.935 -1.405 -118.117 4.777 -1.500 -113.315 2.999
3 16 -1.500 -113.315 2.999 -1.500 -117.110 1.617 -1.420 -122.094 2.935
3 16 -1.500 -117.110 1.617 -1.500 -121.129 0.176 -1.420 -122.094 2.935
3 16 -1.500 -125.834 -1.252 -1.452 -126.420 1.292 -1.420 -122.094 2.935
3 16 -1.420 -122.094 2.935 -1.500 -121.129 0.176 -1.500 -125.834 -1.252
3 16 -1.500 -129.738 -1.648 -1.478 -129.278 0.809 -1.452 -126.420 1.292
3 16 -1.452 -126.420 1.292 -1.500 -125.834 -1.252 -1.500 -129.738 -1.648
3 16 -1.403 -116.015 -1.765 -1.500 -117.110 1.617 -1.500 -113.315 2.999
3 16 -1.500 -121.129 0.176 -1.500 -117.110 1.617 -1.403 -116.015 -1.765
3 16 -1.403 -116.015 -1.765 -1.382 -120.032 -2.762 -1.500 -121.129 0.176
3 16 -1.500 -125.834 -1.252 -1.500 -121.129 0.176 -1.382 -120.032 -2.762
3 16 -1.382 -120.032 -2.762 -1.391 -125.238 -3.997 -1.500 -125.834 -1.252
3 16 -1.391 -130.200 -4.243 -1.500 -129.738 -1.648 -1.500 -125.834 -1.252
3 16 -1.500 -125.834 -1.252 -1.391 -125.238 -3.997 -1.391 -130.200 -4.243
3 16 -1.413 -132.518 1.301 -1.478 -129.278 0.809 -1.500 -129.738 -1.648
3 16 -1.500 -133.046 -1.001 -1.413 -132.518 1.301 -1.500 -129.738 -1.648
3 16 -1.411 -133.839 -3.481 -1.500 -133.046 -1.001 -1.500 -129.738 -1.648
3 16 -1.500 -129.738 -1.648 -1.391 -130.200 -4.243 -1.411 -133.839 -3.481
3 16 -1.430 -135.348 2.113 -1.413 -132.518 1.301 -1.500 -133.046 -1.001
3 16 -1.500 -133.046 -1.001 -1.500 -135.543 -0.241 -1.430 -135.348 2.113
3 16 -1.412 -136.939 -2.251 -1.500 -135.543 -0.241 -1.500 -133.046 -1.001
3 16 -1.500 -133.046 -1.001 -1.411 -133.839 -3.481 -1.412 -136.939 -2.251
3 16 -1.500 -135.543 -0.241 -1.461 -136.413 2.036 -1.430 -135.348 2.113
3 16 -1.500 -135.543 -0.241 -1.412 -136.939 -2.251 -1.375 -137.782 -1.501
3 16 -1.457 -137.365 1.579 -1.461 -136.413 2.036 -1.500 -135.543 -0.241
3 16 -1.457 -137.365 1.579 -1.500 -135.543 -0.241 -1.400 -138.081 0.667
3 16 -1.500 -135.543 -0.241 -1.429 -138.157 -0.575 -1.400 -138.081 0.667
3 16 -1.375 -137.782 -1.501 -1.429 -138.157 -0.575 -1.500 -135.543 -0.241
3 16 -1.500 -109.679 3.347 -1.391 -109.158 8.508 -1.391 -104.610 9.021
3 16 -1.391 -104.610 9.021 -1.482 -105.263 3.508 -1.500 -109.679 3.347
3 16 -2.042 -84.792 3.716 -2.536 -81.587 2.661 -2.080 -84.892 1.486
3 16 -2.080 -84.892 1.486 -2.022 -85.084 2.580 -2.042 -84.792 3.716
3 16 -2.536 -81.587 2.661 -2.154 -84.327 0.577 -2.080 -84.892 1.486
3 16 -2.536 -81.587 2.661 -2.324 -83.377 0.085 -2.154 -84.327 0.577
3 16 -2.536 -81.587 2.661 -2.042 -84.792 3.716 -2.105 -84.215 4.527
3 16 -2.536 -81.587 2.661 -2.105 -84.215 4.527 -2.223 -83.438 5.185
3 16 -2.369 -81.570 5.693 -2.536 -81.587 2.661 -2.223 -83.438 5.185
3 16 -2.223 -83.438 5.185 -2.286 -82.539 5.601 -2.369 -81.570 5.693
3 16 -2.536 -81.587 2.661 -2.369 -81.570 5.693 -2.454 -80.555 5.554
3 16 -2.530 -79.678 5.208 -2.536 -81.587 2.661 -2.454 -80.555 5.554
3 16 -2.604 -78.825 4.563 -1.773 -77.166 5.724 -1.891 -75.801 3.458
3 16 -1.891 -75.801 3.458 -2.590 -77.706 3.167 -2.604 -78.825 4.563
3 16 -1.773 -77.166 5.724 -2.604 -78.825 4.563 -1.717 -78.490 6.831
3 16 -2.604 -78.825 4.563 -2.530 -79.678 5.208 -1.717 -78.490 6.831
3 16 -1.717 -78.490 6.831 -2.530 -79.678 5.208 -1.651 -79.953 7.407
3 16 -2.530 -79.678 5.208 -2.454 -80.555 5.554 -1.651 -79.953 7.407
3 16 -1.546 -81.529 7.469 -1.651 -79.953 7.407 -2.454 -80.555 5.554
3 16 -2.369 -81.570 5.693 -1.546 -81.529 7.469 -2.454 -80.555 5.554
3 16 -1.398 -83.119 7.338 -1.546 -81.529 7.469 -2.369 -81.570 5.693
3 16 -2.369 -81.570 5.693 -2.286 -82.539 5.601 -1.398 -83.119 7.338
3 16 -1.237 -84.615 6.777 -1.398 -83.119 7.338 -2.286 -82.539 5.601
3 16 -2.286 -82.539 5.601 -2.223 -83.438 5.185 -1.237 -84.615 6.777
3 16 -1.071 -85.837 5.716 -1.237 -84.615 6.777 -2.223 -83.438 5.185
3 16 -2.223 -83.438 5.185 -2.105 -84.215 4.527 -1.071 -85.837 5.716
3 16 -1.071 -85.837 5.716 -2.105 -84.215 4.527 -2.042 -84.792 3.716
3 16 -0.895 -86.575 4.217 -1.071 -85.837 5.716 -2.042 -84.792 3.716
3 16 -0.895 -86.575 4.217 -2.042 -84.792 3.716 -2.022 -85.084 2.580
3 16 -0.804 -86.829 2.579 -0.895 -86.575 4.217 -2.022 -85.084 2.580
3 16 -2.080 -84.892 1.486 -0.830 -86.437 0.987 -0.804 -86.829 2.579
3 16 -0.804 -86.829 2.579 -2.022 -85.084 2.580 -2.080 -84.892 1.486
3 16 -2.154 -84.327 0.577 -1.072 -85.445 -0.304 -0.830 -86.437 0.987
3 16 -0.830 -86.437 0.987 -2.080 -84.892 1.486 -2.154 -84.327 0.577
3 16 -1.503 -84.038 -0.858 -1.072 -85.445 -0.304 -2.154 -84.327 0.577
3 16 -2.324 -83.377 0.085 -1.503 -84.038 -0.858 -2.154 -84.327 0.577
3 16 -1.886 -83.233 -0.862 -1.503 -84.038 -0.858 -2.324 -83.377 0.085
3 16 -2.483 -82.260 -0.040 -1.886 -83.233 -0.862 -2.324 -83.377 0.085
3 16 -1.843 -86.975 -1.371 -1.072 -85.445 -0.304 -2.086 -85.053 -2.242
3 16 -1.072 -85.445 -0.304 -1.503 -84.038 -0.858 -2.086 -85.053 -2.242
3 16 -0.830 -86.437 0.987 -1.072 -85.445 -0.304 -1.843 -86.975 -1.371
3 16 -1.693 -88.483 0.339 -0.830 -86.437 0.987 -1.843 -86.975 -1.371
3 16 -1.624 -89.006 2.644 -0.804 -86.829 2.579 -0.830 -86.437 0.987
3 16 -0.830 -86.437 0.987 -1.693 -88.483 0.339 -1.624 -89.006 2.644
3 16 -1.603 -88.818 4.997 -0.895 -86.575 4.217 -0.804 -86.829 2.579
3 16 -0.804 -86.829 2.579 -1.624 -89.006 2.644 -1.603 -88.818 4.997
3 16 -1.617 -87.756 7.212 -1.071 -85.837 5.716 -0.895 -86.575 4.217
3 16 -0.895 -86.575 4.217 -1.603 -88.818 4.997 -1.617 -87.756 7.212
3 16 -1.646 -86.141 8.889 -1.237 -84.615 6.777 -1.071 -85.837 5.716
3 16 -1.071 -85.837 5.716 -1.617 -87.756 7.212 -1.646 -86.141 8.889
3 16 -1.646 -86.141 8.889 -1.645 -83.981 9.854 -1.237 -84.615 6.777
3 16 -1.645 -83.981 9.854 -1.398 -83.119 7.338 -1.237 -84.615 6.777
3 16 -1.546 -81.529 7.469 -1.398 -83.119 7.338 -1.645 -83.981 9.854
3 16 -2.086 -85.053 -2.242 -1.503 -84.038 -0.858 -2.329 -83.056 -2.021
3 16 -1.503 -84.038 -0.858 -1.886 -83.233 -0.862 -2.329 -83.056 -2.021
3 16 -2.403 -82.298 -1.039 -2.329 -83.056 -2.021 -1.886 -83.233 -0.862
3 16 -2.483 -82.260 -0.040 -2.403 -82.298 -1.039 -1.886 -83.233 -0.862
3 16 -1.901 -75.212 0.556 -2.585 -77.118 1.172 -1.891 -75.801 3.458
3 16 -2.585 -77.118 1.172 -2.590 -77.706 3.167 -1.891 -75.801 3.458
3 16 -2.574 -77.141 -0.627 -2.585 -77.118 1.172 -1.901 -75.212 0.556
3 16 -1.814 -75.531 -1.777 -2.574 -77.141 -0.627 -1.901 -75.212 0.556
3 16 -2.511 -77.721 -2.808 -2.574 -77.141 -0.627 -1.814 -75.531 -1.777
3 16 -1.838 -76.856 -3.764 -2.511 -77.721 -2.808 -1.814 -75.531 -1.777
3 16 -2.214 -79.119 -5.224 -2.511 -77.721 -2.808 -1.838 -76.856 -3.764
3 16 -1.838 -76.856 -3.764 -1.667 -78.334 -5.167 -2.214 -79.119 -5.224
3 16 -1.575 -85.696 14.678 -1.607 -82.260 16.336 -1.645 -83.981 9.854
3 16 -1.607 -82.260 16.336 -1.546 -81.529 7.469 -1.645 -83.981 9.854
3 16 -1.546 -81.529 7.469 -1.607 -82.260 16.336 -1.651 -79.953 7.407
3 16 -1.607 -82.260 16.336 -1.608 -78.490 16.783 -1.651 -79.953 7.407
3 16 -1.651 -79.953 7.407 -1.608 -78.490 16.783 -1.717 -78.490 6.831
3 16 -1.773 -77.166 5.724 -1.717 -78.490 6.831 -1.608 -78.490 16.783
3 16 -1.608 -78.490 16.783 -1.672 -75.382 16.765 -1.773 -77.166 5.724
3 16 -1.575 -85.696 14.678 -1.645 -83.981 9.854 -1.488 -89.051 11.677
3 16 -1.645 -83.981 9.854 -1.646 -86.141 8.889 -1.488 -89.051 11.677
3 16 -1.401 -91.350 11.634 -1.488 -89.051 11.677 -1.646 -86.141 8.889
3 16 -1.646 -86.141 8.889 -1.617 -87.756 7.212 -1.401 -91.350 11.634
3 16 -1.335 -93.773 11.351 -1.401 -91.350 11.634 -1.617 -87.756 7.212
3 16 -1.617 -87.756 7.212 -1.603 -88.818 4.997 -1.335 -93.773 11.351
3 16 -1.603 -88.818 4.997 -1.267 -96.161 10.537 -1.335 -93.773 11.351
3 16 -1.267 -96.161 10.537 -1.603 -88.818 4.997 -1.562 -93.647 2.525
3 16 -1.603 -88.818 4.997 -1.624 -89.006 2.644 -1.562 -93.647 2.525
3 16 -1.562 -93.647 2.525 -1.624 -89.006 2.644 -1.693 -88.483 0.339
3 16 -4.132 -24.877 -2.224 -3.589 -25.222 -2.039 -4.471 -24.201 0.094
3 16 -3.589 -25.222 -2.039 -3.527 -24.696 0.266 -4.471 -24.201 0.094
3 16 -4.471 -24.201 0.094 -3.527 -24.696 0.266 -4.075 -23.879 2.427
3 16 -3.527 -24.696 0.266 -3.445 -24.387 2.390 -4.075 -23.879 2.427
3 16 -3.589 -25.222 -2.039 -3.190 -25.796 -1.802 -3.527 -24.696 0.266
3 16 -3.445 -24.387 2.390 -3.527 -24.696 0.266 -3.190 -25.796 -1.802
3 16 -3.190 -25.796 -1.802 -3.163 -25.348 0.525 -3.445 -24.387 2.390
3 16 -3.163 -25.348 0.525 -3.141 -25.072 2.679 -3.445 -24.387 2.390
3 16 -3.126 -25.698 -4.330 -3.589 -25.222 -2.039 -4.132 -24.877 -2.224
3 16 -3.445 -24.387 2.390 -2.939 -23.672 5.112 -4.075 -23.879 2.427
3 16 -3.126 -25.698 -4.330 -3.163 -26.031 -3.068 -3.589 -25.222 -2.039
3 16 -3.163 -26.031 -3.068 -3.190 -25.796 -1.802 -3.589 -25.222 -2.039
3 16 -3.141 -25.072 2.679 -3.134 -24.557 3.892 -3.445 -24.387 2.390
3 16 -3.134 -24.557 3.892 -2.939 -23.672 5.112 -3.445 -24.387 2.390
3 16 -2.500 -20.000 -4.330 -1.531 -20.000 -3.696 0.000 -20.000 -4.000
3 16 0.000 -20.000 -4.000 0.000 -20.000 -5.100 -2.500 -20.000 -4.330
3 16 -2.500 -20.000 4.330 0.000 -20.000 5.000 0.000 -20.000 4.000
3 16 0.000 -20.000 4.000 -1.531 -20.000 3.696 -2.500 -20.000 4.330
3 16 -4.330 -20.000 2.500 -2.500 -20.000 4.330 -1.531 -20.000 3.696
3 16 -1.531 -20.000 3.696 -2.828 -20.000 2.828 -4.330 -20.000 2.500
3 16 -5.000 -20.000 0.000 -4.330 -20.000 2.500 -3.696 -20.000 1.531
3 16 -3.696 -20.000 1.531 -4.000 -20.000 0.000 -5.000 -20.000 0.000
3 16 -5.000 -20.000 0.000 -4.000 -20.000 0.000 -3.696 -20.000 -1.531
3 16 -3.696 -20.000 -1.531 -4.330 -20.000 -2.500 -5.000 -20.000 0.000
3 16 -4.330 -20.000 -2.500 -2.828 -20.000 -2.828 -1.531 -20.000 -3.696
3 16 -1.531 -20.000 -3.696 -2.500 -20.000 -4.330 -4.330 -20.000 -2.500
3 16 -4.330 -20.000 -2.500 -3.696 -20.000 -1.531 -2.828 -20.000 -2.828
3 16 -4.330 -20.000 2.500 -2.828 -20.000 2.828 -3.696 -20.000 1.531
2 24 -2.939 -23.672 5.112 -4.075 -23.879 2.427
2 24 -4.075 -23.879 2.427 -4.471 -24.201 0.094
2 24 -4.471 -24.201 0.094 -4.132 -24.877 -2.224
2 24 -4.132 -24.877 -2.224 -3.126 -25.698 -4.330
2 24 -2.904 -29.236 -7.591 -2.633 -33.644 -8.760
2 24 -2.633 -33.644 -8.760 -2.168 -37.917 -8.511
2 24 -2.168 -37.917 -8.511 -2.020 -41.883 -7.587
2 24 -2.020 -41.883 -7.587 -1.968 -44.567 -6.152
2 24 -1.968 -44.567 -6.152 -1.925 -48.659 -7.237
2 24 -1.925 -48.659 -7.237 -1.638 -52.942 -8.095
2 24 -1.638 -52.942 -8.095 -1.517 -57.488 -8.609
2 24 -1.517 -57.488 -8.609 -1.532 -61.997 -8.637
2 24 -1.532 -61.997 -8.637 -1.542 -67.123 -8.089
2 24 -1.542 -67.123 -8.089 -1.616 -71.656 -7.250
2 24 -1.616 -71.656 -7.250 -1.457 -75.362 -6.272
2 24 -1.457 -75.362 -6.272 -1.667 -78.334 -5.167
2 24 -1.667 -78.334 -5.167 -2.214 -79.119 -5.224
2 24 -2.214 -79.119 -5.224 -1.851 -83.346 -6.787
2 24 -1.851 -83.346 -6.787 -1.406 -87.586 -7.271
2 24 -1.406 -87.586 -7.271 -1.285 -92.546 -6.799
2 24 -1.285 -92.546 -6.799 -1.309 -95.720 -5.913
2 24 -1.309 -95.720 -5.913 -1.330 -98.939 -4.643
2 24 -1.330 -98.939 -4.643 -1.308 -103.082 -2.944
2 24 -1.308 -103.082 -2.944 -1.438 -106.674 -1.566
2 24 -1.438 -106.674 -1.566 -1.472 -109.757 -1.033
2 24 -1.472 -109.757 -1.033 -1.422 -112.185 -1.133
2 24 -1.422 -112.185 -1.133 -1.403 -116.015 -1.765
2 24 -1.403 -116.015 -1.765 -1.382 -120.032 -2.762
2 24 -1.382 -120.032 -2.762 -1.391 -125.238 -3.997
2 24 -1.391 -125.238 -3.997 -1.391 -130.200 -4.243
2 24 -1.391 -130.200 -4.243 -1.411 -133.839 -3.481
2 24 -1.411 -133.839 -3.481 -1.412 -136.939 -2.251
2 24 -1.412 -136.939 -2.251 -1.375 -137.782 -1.501
2 24 -1.375 -137.782 -1.501 -1.429 -138.157 -0.575
2 24 -1.429 -138.157 -0.575 -1.400 -138.081 0.667
2 24 -1.461 -136.413 2.036 -1.430 -135.348 2.113
2 24 -1.457 -137.365 1.579 -1.461 -136.413 2.036
2 24 -1.400 -138.081 0.667 -1.457 -137.365 1.579
2 24 -1.430 -135.348 2.113 -1.413 -132.518 1.301
2 24 -1.413 -132.518 1.301 -1.478 -129.278 0.809
2 24 -1.478 -129.278 0.809 -1.452 -126.420 1.292
2 24 -1.452 -126.420 1.292 -1.420 -122.094 2.935
2 24 -1.420 -122.094 2.935 -1.405 -118.117 4.777
2 24 -1.405 -118.117 4.777 -1.448 -113.764 6.778
2 24 -1.448 -113.764 6.778 -1.391 -109.158 8.508
2 24 -1.391 -109.158 8.508 -1.391 -104.610 9.021
2 24 -1.391 -104.610 9.021 -1.301 -101.179 8.988
2 24 -1.301 -101.179 8.988 -1.255 -98.574 8.970
2 24 -1.255 -98.574 8.970 -1.267 -96.161 10.537
2 24 -1.267 -96.161 10.537 -1.335 -93.773 11.351
2 24 -1.335 -93.773 11.351 -1.401 -91.350 11.634
2 24 -1.401 -91.350 11.634 -1.488 -89.051 11.677
2 24 -1.488 -89.051 11.677 -1.575 -85.696 14.678
2 24 -1.575 -85.696 14.678 -1.607 -82.260 16.336
2 24 -1.607 -82.260 16.336 -1.608 -78.490 16.783
2 24 -1.608 -78.490 16.783 -1.672 -75.382 16.765
2 24 -1.672 -75.382 16.765 -1.609 -73.730 18.800
2 24 -1.609 -73.730 18.800 -1.653 -71.644 20.826
2 24 -1.653 -71.644 20.826 -1.682 -68.961 22.340
2 24 -1.682 -68.961 22.340 -1.739 -66.093 23.037
2 24 -1.739 -66.093 23.037 -1.813 -63.011 23.322
2 24 -1.813 -63.011 23.322 -2.237 -58.561 22.866
2 24 -2.237 -58.561 22.866 -1.757 -57.751 23.151
2 24 -1.757 -57.751 23.151 -1.775 -54.246 24.822
2 24 -1.775 -54.246 24.822 -1.829 -49.838 25.625
2 24 -1.829 -49.838 25.625 -1.908 -45.145 25.273
2 24 -1.908 -45.145 25.273 -2.198 -40.676 23.546
2 24 -2.198 -40.676 23.546 -2.342 -36.852 20.672
2 24 -2.342 -36.852 20.672 -2.452 -34.039 17.261
2 24 -2.452 -34.039 17.261 -2.774 -30.880 15.869
2 24 -2.774 -30.880 15.869 -3.041 -27.265 13.355
2 24 -3.041 -27.265 13.355 -3.010 -25.036 10.125
2 24 -3.010 -25.036 10.125 -2.939 -23.672 5.112
2 24 -3.126 -25.698 -4.330 -2.904 -29.236 -7.591
2 24 -1.196 -64.268 3.314 -1.044 -64.257 5.672
2 24 -1.670 -68.382 5.656 -1.562 -68.371 2.070
2 24 -1.793 -67.379 8.919 -1.670 -68.382 5.656
2 24 -1.044 -64.257 5.672 -0.953 -63.778 7.766
2 24 -1.998 -65.631 11.664 -1.793 -67.379 8.919
2 24 -0.953 -63.778 7.766 -0.967 -62.880 9.771
2 24 -0.967 -62.880 9.771 -1.009 -61.477 11.436
2 24 -2.251 -63.288 13.848 -1.998 -65.631 11.664
2 24 -1.009 -61.477 11.436 -1.082 -59.499 12.593
2 24 -2.553 -60.502 15.320 -2.251 -63.288 13.848
2 24 -2.705 -57.307 15.541 -2.553 -60.502 15.320
2 24 -1.082 -59.499 12.593 -1.181 -57.322 12.798
2 24 -2.665 -54.410 14.539 -2.705 -57.307 15.541
2 24 -1.181 -57.322 12.798 -1.362 -55.054 12.449
2 24 -2.617 -52.110 12.877 -2.665 -54.410 14.539
2 24 -1.362 -55.054 12.449 -1.601 -53.250 11.221
2 24 -2.723 -50.599 10.578 -2.617 -52.110 12.877
2 24 -1.601 -53.250 11.221 -1.976 -52.120 9.499
2 24 -2.909 -50.358 8.024 -2.723 -50.599 10.578
2 24 -1.976 -52.120 9.499 -2.566 -51.938 7.454
2 24 -3.163 -50.732 6.444 -2.909 -50.358 8.024
2 24 -2.566 -51.938 7.454 -3.345 -52.490 5.639
2 24 -3.345 -52.490 5.639 -3.163 -50.732 6.444
2 24 -3.113 -52.571 7.182 -2.960 -52.989 8.765
2 24 -2.960 -52.989 8.765 -2.755 -54.052 10.122
2 24 -3.345 -52.490 5.639 -3.113 -52.571 7.182
2 24 -2.895 -54.906 -1.820 -2.983 -51.768 -1.909
2 24 -2.983 -51.768 -1.909 -3.078 -48.371 -0.777
2 24 -3.078 -48.371 -0.777 -3.135 -45.377 1.823
2 24 -3.135 -45.377 1.823 -3.169 -43.587 5.724
2 24 -3.169 -43.587 5.724 -3.179 -43.522 10.135
2 24 -3.179 -43.522 10.135 -3.139 -45.450 14.184
2 24 -3.139 -45.450 14.184 -3.045 -49.239 16.502
2 24 -3.045 -49.239 16.502 -2.971 -53.030 17.505
2 24 -2.971 -53.030 17.505 -2.842 -55.594 20.597
2 24 -2.842 -55.594 20.597 -2.237 -58.561 22.866
2 24 -1.773 -77.166 5.724 -1.891 -75.801 3.458
2 24 -1.891 -75.801 3.458 -1.901 -75.212 0.556
2 24 -1.901 -75.212 0.556 -1.814 -75.531 -1.777
2 24 -1.549 -67.230 -1.616 -1.562 -68.371 2.070
2 24 -1.669 -57.300 -4.121 -1.529 -60.130 -2.948
2 24 -1.529 -60.130 -2.948 -1.404 -62.133 -1.065
2 24 -1.404 -62.133 -1.065 -1.294 -63.504 1.079
2 24 -1.819 -53.913 -4.670 -1.669 -57.300 -4.121
2 24 -1.992 -49.982 -4.333 -1.819 -53.913 -4.670
2 24 -2.066 -45.921 -2.670 -1.992 -49.982 -4.333
2 24 -1.814 -75.531 -1.777 -1.838 -76.856 -3.764
2 24 -1.838 -76.856 -3.764 -1.667 -78.334 -5.167
2 24 -2.109 -42.429 0.793 -2.066 -45.921 -2.670
2 24 -2.136 -40.921 5.573 -2.109 -42.429 0.793
2 24 -2.131 -41.137 10.923 -2.136 -40.921 5.573
2 24 -2.107 -43.631 15.498 -2.131 -41.137 10.923
2 24 -2.053 -48.070 18.201 -2.107 -43.631 15.498
2 24 -2.020 -52.622 19.202 -2.053 -48.070 18.201
2 24 -2.010 -54.580 21.475 -2.020 -52.622 19.202
2 24 -1.757 -57.751 23.151 -2.010 -54.580 21.475
2 24 -2.568 -55.567 10.993 -2.755 -54.052 10.122
2 24 -2.585 -57.309 11.004 -2.568 -55.567 10.993
2 24 -2.426 -58.904 10.622 -2.585 -57.309 11.004
2 24 -2.297 -60.308 9.804 -2.426 -58.904 10.622
2 24 -2.286 -61.218 8.524 -2.297 -60.308 9.804
2 24 -2.253 -61.791 7.138 -2.286 -61.218 8.524
2 24 -2.355 -61.956 5.642 -2.253 -61.791 7.138
2 24 -2.377 -61.861 4.128 -2.355 -61.956 5.642
2 24 -2.410 -61.429 2.612 -2.377 -61.861 4.128
2 24 -1.196 -64.268 3.314 -1.294 -63.504 1.079
2 24 -2.442 -60.621 1.008 -2.410 -61.429 2.612
2 24 -2.626 -59.186 -0.245 -2.442 -60.621 1.008
2 24 -2.765 -57.300 -1.275 -2.626 -59.186 -0.245
2 24 -2.895 -54.906 -1.820 -2.765 -57.300 -1.275
2 24 -2.020 -52.622 19.202 -2.971 -53.030 17.505
2 24 -2.324 -83.377 0.085 -2.483 -82.260 -0.040
2 24 -2.574 -77.141 -0.627 -2.585 -77.118 1.172
2 24 -2.585 -77.118 1.172 -2.590 -77.706 3.167
2 24 -2.590 -77.706 3.167 -2.604 -78.825 4.563
2 24 -2.604 -78.825 4.563 -2.530 -79.678 5.208
2 24 -2.483 -82.260 -0.040 -2.403 -82.298 -1.039
2 24 -2.511 -77.721 -2.808 -2.574 -77.141 -0.627
2 24 -2.214 -79.119 -5.224 -2.511 -77.721 -2.808
2 24 -2.403 -82.298 -1.039 -2.329 -83.056 -2.021
2 24 -2.329 -83.056 -2.021 -2.086 -85.053 -2.242
2 24 -2.086 -85.053 -2.242 -1.843 -86.975 -1.371
2 24 -1.843 -86.975 -1.371 -1.693 -88.483 0.339
2 24 -2.022 -85.084 2.580 -2.080 -84.892 1.486
2 24 -2.042 -84.792 3.716 -2.022 -85.084 2.580
2 24 -2.080 -84.892 1.486 -2.154 -84.327 0.577
2 24 -2.154 -84.327 0.577 -2.324 -83.377 0.085
2 24 -2.105 -84.215 4.527 -2.042 -84.792 3.716
2 24 -2.223 -83.438 5.185 -2.105 -84.215 4.527
2 24 -2.286 -82.539 5.601 -2.223 -83.438 5.185
2 24 -2.369 -81.570 5.693 -2.286 -82.539 5.601
2 24 -2.454 -80.555 5.554 -2.369 -81.570 5.693
2 24 -2.530 -79.678 5.208 -2.454 -80.555 5.554
2 24 -1.773 -77.166 5.724 -1.717 -78.490 6.831
2 24 -1.717 -78.490 6.831 -1.651 -79.953 7.407
2 24 -1.651 -79.953 7.407 -1.546 -81.529 7.469
2 24 -1.546 -81.529 7.469 -1.398 -83.119 7.338
2 24 -1.398 -83.119 7.338 -1.237 -84.615 6.777
2 24 -1.237 -84.615 6.777 -1.071 -85.837 5.716
2 24 -1.071 -85.837 5.716 -0.895 -86.575 4.217
2 24 -0.895 -86.575 4.217 -0.804 -86.829 2.579
2 24 -0.804 -86.829 2.579 -0.830 -86.437 0.987
2 24 -0.830 -86.437 0.987 -1.072 -85.445 -0.304
2 24 -1.072 -85.445 -0.304 -1.503 -84.038 -0.858
2 24 -1.503 -84.038 -0.858 -1.886 -83.233 -0.862
2 24 -1.886 -83.233 -0.862 -2.483 -82.260 -0.040
2 24 -1.624 -89.006 2.644 -1.693 -88.483 0.339
2 24 -1.603 -88.818 4.997 -1.624 -89.006 2.644
2 24 -1.617 -87.756 7.212 -1.603 -88.818 4.997
2 24 -1.646 -86.141 8.889 -1.617 -87.756 7.212
2 24 -1.645 -83.981 9.854 -1.646 -86.141 8.889
2 24 0.000 -20.000 -5.100 -2.500 -20.000 -4.330
2 24 0.000 -20.000 5.000 -2.500 -20.000 4.330
2 24 -4.330 -20.000 2.500 -2.500 -20.000 4.330
2 24 -5.000 -20.000 0.000 -4.330 -20.000 2.500
2 24 -4.330 -20.000 -2.500 -5.000 -20.000 0.000
2 24 -2.500 -20.000 -4.330 -4.330 -20.000 -2.500
