0 FILE 69900.dat
0 Technic, Link Chain, Large with Panel and Center Divider
0 Name:  69900.dat
0 Author:  
0 BL_Item_No 69900
0 BFC CERTIFY CCW
3 16 8.000 -9.000 -37.000 14.000 -10.000 -37.000 -14.000 -10.000 -37.000
3 16 -14.000 -10.000 -37.000 -8.000 -9.000 -37.000 8.000 -9.000 -37.000
3 16 8.000 -5.000 -25.000 -8.000 -5.000 -25.000 -6.000 -5.000 -24.000
3 16 -6.000 -5.000 -24.000 6.000 -5.000 -24.000 8.000 -5.000 -25.000
3 16 -6.000 -6.000 -11.000 -12.750 -10.000 -11.000 12.750 -10.000 -11.000
3 16 12.750 -10.000 -11.000 6.000 -6.000 -11.000 -6.000 -6.000 -11.000
3 16 12.750 -18.000 -11.000 12.750 -16.750 -11.000 -12.750 -16.750 -11.000
3 16 -12.750 -16.750 -11.000 -12.750 -18.000 -11.000 12.750 -18.000 -11.000
3 16 -12.750 -10.000 -11.000 -12.750 -16.750 -11.000 12.750 -16.750 -11.000
3 16 12.750 -16.750 -11.000 12.750 -10.000 -11.000 -12.750 -10.000 -11.000
3 16 1.000 -24.000 -17.000 12.750 -18.000 -11.000 -12.750 -18.000 -11.000
3 16 -12.750 -18.000 -11.000 -1.000 -24.000 -17.000 1.000 -24.000 -17.000
2 24 8.000 -5.000 -25.000 -8.000 -5.000 -25.000
2 24 -6.000 -5.000 -24.000 6.000 -5.000 -24.000
2 24 12.750 -18.000 -11.000 -12.750 -18.000 -11.000
3 16 8.000 -9.000 -37.000 14.000 -9.000 -37.000 14.000 -10.000 -37.000
3 16 14.000 -3.444 -38.315 14.000 -4.000 -34.000 14.000 -7.000 -31.000
3 16 14.000 -7.000 -31.000 14.000 -9.000 -37.000 14.000 -3.444 -38.315
3 16 14.000 -10.000 -31.000 14.000 -10.000 -37.000 14.000 -9.000 -37.000
3 16 14.000 -9.000 -37.000 14.000 -7.000 -31.000 14.000 -10.000 -31.000
3 16 14.000 -6.000 -26.636 14.000 -7.000 -31.000 14.000 -4.000 -34.000
3 16 14.000 -7.000 -31.000 14.000 -6.000 -26.636 14.000 -6.500 -27.372
3 16 14.000 -6.500 -27.372 14.000 -7.000 -30.000 14.000 -7.000 -31.000
3 16 14.000 -6.000 -26.636 14.000 -4.000 -34.000 14.000 -4.000 -26.000
3 16 14.000 -4.000 -26.000 14.000 -6.000 -19.500 14.000 -6.000 -26.636
3 16 14.000 0.000 -26.000 14.000 5.000 -23.000 14.000 -6.000 -19.500
3 16 14.000 -6.000 -19.500 14.000 -4.000 -26.000 14.000 0.000 -26.000
3 16 14.000 0.000 -26.000 14.000 3.500 -26.696 14.000 5.000 -25.196
3 16 14.000 5.000 -25.196 14.000 5.000 -23.000 14.000 0.000 -26.000
3 16 14.000 5.000 -23.000 14.000 7.000 -23.000 14.000 7.000 -19.500
3 16 14.000 7.000 -19.500 14.000 -6.000 -19.500 14.000 5.000 -23.000
3 16 14.000 -3.444 -38.315 14.000 3.444 -38.315 14.000 0.000 -34.001
3 16 14.000 0.000 -34.001 14.000 -4.000 -34.000 14.000 -3.444 -38.315
3 16 14.000 0.000 -34.001 14.000 3.444 -38.315 14.000 1.531 -33.696
3 16 8.000 5.000 -17.000 8.000 -5.000 -25.000 8.000 -5.000 -17.000
3 16 8.000 0.000 -26.000 8.000 -4.000 -26.000 8.000 -5.000 -25.000
3 16 8.000 -5.000 -25.000 8.000 5.000 -17.000 8.000 0.000 -26.000
3 16 8.000 3.500 -26.696 8.000 0.000 -26.000 8.000 5.000 -17.000
3 16 8.000 5.000 -17.000 8.000 5.000 -25.196 8.000 3.500 -26.696
3 16 8.000 -4.000 -26.000 8.000 -4.000 -34.000 8.000 -9.000 -31.000
3 16 8.000 -9.000 -31.000 8.000 -5.000 -25.000 8.000 -4.000 -26.000
3 16 8.000 -4.000 -34.000 8.000 -3.444 -38.315 8.000 -9.000 -37.000
3 16 8.000 -9.000 -37.000 8.000 -9.000 -31.000 8.000 -4.000 -34.000
3 16 8.000 -3.444 -38.315 8.000 -4.000 -34.000 8.000 0.000 -34.001
3 16 8.000 0.000 -34.001 8.000 3.444 -38.315 8.000 -3.444 -38.315
3 16 8.000 3.444 -38.315 8.000 0.000 -34.001 8.000 1.531 -33.696
3 16 8.000 5.000 -25.196 8.000 5.000 -17.000 10.000 5.000 -11.000
3 16 10.000 5.000 -11.000 10.000 5.000 -23.000 8.000 5.000 -25.196
3 16 8.000 5.000 -17.000 8.000 5.000 -15.000 10.000 5.000 -11.000
3 16 10.000 5.000 -11.000 8.000 5.000 -15.000 8.000 5.000 -11.000
3 16 14.000 5.000 -25.196 8.000 5.000 -25.196 10.000 5.000 -23.000
3 16 10.000 5.000 -23.000 14.000 5.000 -23.000 14.000 5.000 -25.196
3 16 18.000 7.000 -9.750 18.000 7.000 -10.898 17.513 7.000 -10.995
3 16 17.513 7.000 -10.995 14.000 7.000 -9.750 18.000 7.000 -9.750
3 16 14.000 7.000 -9.750 17.513 7.000 -10.995 14.000 7.000 -11.000
3 16 11.507 7.000 -13.482 14.000 7.000 -11.000 17.513 7.000 -10.995
3 16 10.000 7.000 -11.000 14.000 7.000 -11.000 11.507 7.000 -13.482
3 16 13.995 7.000 -19.487 10.000 7.000 -23.000 10.000 7.000 -11.000
3 16 10.000 7.000 -11.000 11.507 7.000 -13.482 13.995 7.000 -19.487
3 16 13.995 7.000 -19.487 14.000 7.000 -19.500 14.000 7.000 -23.000
3 16 14.000 7.000 -23.000 10.000 7.000 -23.000 13.995 7.000 -19.487
3 16 8.000 5.000 -15.000 6.000 -5.000 -15.000 8.000 -5.000 -15.000
3 16 8.000 -5.000 -17.000 6.000 -5.000 -17.000 8.000 5.000 -17.000
3 16 6.000 -5.000 -24.000 6.000 -5.000 -17.000 8.000 -5.000 -17.000
3 16 8.000 -5.000 -17.000 8.000 -5.000 -25.000 6.000 -5.000 -24.000
3 16 6.000 -5.000 -24.000 6.000 -6.000 -19.000 6.000 -5.000 -17.000
3 16 6.000 -6.000 -11.000 6.000 -5.000 -11.000 6.000 -5.000 -15.000
3 16 6.000 -5.000 -17.000 6.000 -6.000 -19.000 6.000 -6.000 -11.000
3 16 6.000 -6.000 -11.000 6.000 -5.000 -15.000 6.000 -5.000 -17.000
3 16 6.000 -5.000 -11.000 6.000 -6.000 -11.000 12.750 -10.000 -11.000
3 16 12.750 -10.000 -11.000 8.000 -5.000 -11.000 6.000 -5.000 -11.000
3 16 8.000 5.000 -11.000 8.000 -5.000 -11.000 12.750 -10.000 -11.000
3 16 12.750 -10.000 -11.000 10.000 5.000 -11.000 8.000 5.000 -11.000
3 16 10.000 7.000 -11.000 10.000 5.000 -11.000 12.750 -10.000 -11.000
3 16 12.750 -10.000 -11.000 12.750 7.000 -11.000 10.000 7.000 -11.000
3 16 14.000 -6.000 -6.000 14.000 6.000 -6.000 14.000 7.000 -9.750
3 16 14.000 7.000 -9.750 14.000 -10.000 -9.750 14.000 -6.000 -6.000
3 16 14.000 -6.000 -6.000 14.000 -10.000 -9.750 14.000 -10.000 -3.000
3 16 14.000 -10.000 -3.000 14.000 -6.000 -3.000 14.000 -6.000 -6.000
3 16 14.000 6.000 0.000 14.000 7.000 -9.750 14.000 6.000 -6.000
3 16 17.999 -6.000 -10.898 17.999 7.000 -10.898 18.000 7.000 -9.750
3 16 18.000 7.000 -9.750 18.000 -6.000 -3.000 17.999 -6.000 -10.898
2 24 14.000 -10.000 -37.000 14.000 -9.000 -37.000
2 24 14.000 -6.500 -27.372 14.000 -6.000 -26.636
2 24 14.000 -6.000 -26.636 14.000 -6.000 -19.500
2 24 14.000 7.000 -23.000 14.000 7.000 -19.500
2 24 14.000 5.000 -23.000 14.000 5.000 -25.196
2 24 8.000 5.000 -17.000 8.000 5.000 -25.196
2 24 12.750 7.000 -11.000 10.000 7.000 -11.000
2 24 10.000 5.000 -11.000 8.000 5.000 -11.000
2 24 8.000 -5.000 -17.000 8.000 5.000 -17.000
2 24 8.000 -5.000 -17.000 6.000 -5.000 -17.000
2 24 8.000 -5.000 -17.000 8.000 -5.000 -25.000
2 24 6.000 -5.000 -24.000 6.000 -5.000 -17.000
2 24 6.000 -5.000 -11.000 6.000 -6.000 -11.000
2 24 18.000 7.000 -9.750 18.000 7.000 -10.898
2 24 14.000 -6.000 -3.000 14.000 -10.000 -3.000
1 16 11.0000 -6.2220 -37.6570 0.0000 0.0000 3.0000 2.7735 -0.0006 0.0000 -0.6559 0.9969 0.0000 rect2p.dat
1 16 8.0000 0.0000 -30.0000 0.0000 6.0000 0.0000 3.4440 0.0000 -8.3150 -8.3150 0.0000 -3.4440 1-8cylo.dat
1 16 8.0000 2.4880 -36.0060 0.0000 6.0000 0.0000 0.9570 0.0000 2.3100 -2.3100 0.0000 0.9570 2-4cylo.dat
0 BFC INVERTNEXT
1 16 8.0000 0.0000 -30.0000 0.0000 6.0000 0.0000 1.5310 0.0000 -3.6960 3.6960 0.0000 1.5310 5-8cylo.dat
1 16 11.0000 2.5150 -26.5000 0.0000 0.0000 -3.0000 0.9808 -0.0049 0.0000 -0.1952 1.0002 0.0000 rect2p.dat
1 16 8.0000 3.5000 -25.1960 0.0000 6.0000 0.0000 1.5000 0.0000 0.0000 0.0000 0.0000 -1.5000 1-4cylo.dat
1 16 14.0000 0.0000 -30.0000 0.0000 -1.0000 0.0000 3.4440 0.0000 -8.3150 -8.3150 0.0000 -3.4440 1-8chrd.dat
1 16 14.0000 2.4880 -36.0060 0.0000 -1.0000 0.0000 0.9570 0.0000 2.3100 -2.3100 0.0000 0.9570 2-4chrd.dat
1 16 14.0000 0.0000 -30.0000 0.0000 -1.0000 0.0000 0.0000 0.0000 -4.0000 4.0000 0.0000 0.0000 2-4ndis.dat
1 16 14.0000 3.5000 -25.1960 0.0000 -1.0000 0.0000 1.5000 0.0000 0.0000 0.0000 0.0000 -1.5000 1-4chrd.dat
1 16 8.0000 0.0000 -30.0000 0.0000 1.0000 0.0000 3.4440 0.0000 -8.3150 -8.3150 0.0000 -3.4440 1-8chrd.dat
1 16 8.0000 3.5000 -25.1960 0.0000 1.0000 0.0000 1.5000 0.0000 0.0000 0.0000 0.0000 -1.5000 1-4chrd.dat
1 16 8.0000 0.0000 -30.0000 0.0000 1.0000 0.0000 0.0000 0.0000 -4.0000 4.0000 0.0000 0.0000 2-4ndis.dat
1 16 8.0000 2.4880 -36.0060 0.0000 1.0000 0.0000 0.9570 0.0000 2.3100 -2.3100 0.0000 0.9570 2-4chrd.dat
1 16 8.0000 -2.5060 -31.0000 0.0000 1.0000 0.0000 -6.4940 0.0000 0.0000 0.0000 0.0000 6.4940 3-16chrd.dat
1 16 12.0000 6.0000 -17.0000 0.0000 -2.0000 0.0000 1.0000 0.0000 0.0000 0.0000 0.0000 -6.0000 box2-5.dat
1 16 12.7500 7.0000 -9.7500 1.2500 0.0000 0.0000 0.0000 -1.0000 0.0000 0.0000 0.0000 -1.2500 1-4ndis.dat
1 16 12.7500 7.0000 -9.7500 1.2500 0.0000 0.0000 0.0000 1.0000 0.0000 0.0000 0.0000 -1.2500 1-4edge.dat
1 16 20.0000 7.0000 -17.0000 -2.4870 0.0000 -6.0050 0.0000 -1.0000 0.0000 6.0050 0.0000 -2.4870 1-4ndis.dat
0 BFC INVERTNEXT
1 16 20.0000 -6.0000 -17.0000 -6.0050 0.0000 -2.4870 0.0000 13.0000 0.0000 -2.4870 0.0000 6.0050 1-4cylo.dat
1 16 17.7560 0.5000 -10.9470 0.0000 0.0000 0.2400 6.5000 0.0000 0.0000 0.0000 1.0000 0.0500 rect3.dat
1 16 13.9975 0.5000 -19.4935 0.0000 -1.0000 0.0025 -6.5000 0.0000 0.0000 0.0000 0.0000 -0.0065 rect3.dat
0 BFC INVERTNEXT
1 16 7.0000 0.0000 -13.0000 0.0000 0.0000 1.0000 0.0000 -5.0000 0.0000 2.0000 0.0000 0.0000 box2-5.dat
1 16 7.0000 0.0000 -16.0000 1.0002 0.0039 0.0000 5.0010 -1.0002 0.0000 0.0000 0.0000 1.0000 rect.dat
1 16 6.0000 -4.3760 -19.0000 0.0000 1.0000 0.0000 -1.6240 0.0000 0.0000 0.0000 0.0000 -5.4000 3-16chrd.dat
0 BFC INVERTNEXT
1 16 12.7500 -10.0000 -9.7500 1.2500 0.0000 0.0000 0.0000 17.0000 0.0000 0.0000 0.0000 -1.2500 1-4cyli.dat
1 16 16.0000 6.5000 -4.8750 0.0000 0.0000 2.0000 -0.4999 -0.9950 0.0000 4.8744 -0.0015 0.0000 rect2p.dat
1 16 16.0000 -6.0000 -1.5000 2.0000 0.0000 0.0000 0.0000 1.0000 0.0000 0.0000 0.0000 -1.5000 rect3.dat
1 16 14.0000 0.0000 0.0000 0.0000 4.0000 0.0000 6.0000 0.0000 0.0000 0.0000 0.0000 6.0000 2-4cylo.dat
1 16 14.0000 0.0000 0.0000 0.0000 1.0000 0.0000 2.0000 0.0000 0.0000 0.0000 0.0000 2.0000 4-4ring2.dat
1 16 14.0000 0.0000 0.0000 0.0000 1.0000 0.0000 -6.0000 0.0000 0.0000 0.0000 0.0000 -6.0000 2-4ndis.dat
3 16 -14.000 -10.000 -37.000 -14.000 -9.000 -37.000 -8.000 -9.000 -37.000
3 16 -14.000 -7.000 -31.000 -14.000 -4.000 -34.000 -14.000 -3.444 -38.315
3 16 -14.000 -3.444 -38.315 -14.000 -9.000 -37.000 -14.000 -7.000 -31.000
3 16 -14.000 -9.000 -37.000 -14.000 -10.000 -37.000 -14.000 -10.000 -31.000
3 16 -14.000 -10.000 -31.000 -14.000 -7.000 -31.000 -14.000 -9.000 -37.000
3 16 -14.000 -4.000 -34.000 -14.000 -7.000 -31.000 -14.000 -6.000 -26.636
3 16 -14.000 -6.500 -27.372 -14.000 -6.000 -26.636 -14.000 -7.000 -31.000
3 16 -14.000 -7.000 -31.000 -14.000 -7.000 -30.000 -14.000 -6.500 -27.372
3 16 -14.000 -4.000 -26.000 -14.000 -4.000 -34.000 -14.000 -6.000 -26.636
3 16 -14.000 -6.000 -26.636 -14.000 -6.000 -19.500 -14.000 -4.000 -26.000
3 16 -14.000 -6.000 -19.500 -14.000 5.000 -23.000 -14.000 0.000 -26.000
3 16 -14.000 0.000 -26.000 -14.000 -4.000 -26.000 -14.000 -6.000 -19.500
3 16 -14.000 5.000 -25.196 -14.000 3.500 -26.696 -14.000 0.000 -26.000
3 16 -14.000 0.000 -26.000 -14.000 5.000 -23.000 -14.000 5.000 -25.196
3 16 -14.000 7.000 -19.500 -14.000 7.000 -23.000 -14.000 5.000 -23.000
3 16 -14.000 5.000 -23.000 -14.000 -6.000 -19.500 -14.000 7.000 -19.500
3 16 -14.000 0.000 -34.001 -14.000 3.444 -38.315 -14.000 -3.444 -38.315
3 16 -14.000 -3.444 -38.315 -14.000 -4.000 -34.000 -14.000 0.000 -34.001
3 16 -14.000 1.531 -33.696 -14.000 3.444 -38.315 -14.000 0.000 -34.001
3 16 -8.000 -5.000 -17.000 -8.000 -5.000 -25.000 -8.000 5.000 -17.000
3 16 -8.000 -5.000 -25.000 -8.000 -4.000 -26.000 -8.000 0.000 -26.000
3 16 -8.000 0.000 -26.000 -8.000 5.000 -17.000 -8.000 -5.000 -25.000
3 16 -8.000 5.000 -17.000 -8.000 0.000 -26.000 -8.000 3.500 -26.696
3 16 -8.000 3.500 -26.696 -8.000 5.000 -25.196 -8.000 5.000 -17.000
3 16 -8.000 -9.000 -31.000 -8.000 -4.000 -34.000 -8.000 -4.000 -26.000
3 16 -8.000 -4.000 -26.000 -8.000 -5.000 -25.000 -8.000 -9.000 -31.000
3 16 -8.000 -9.000 -37.000 -8.000 -3.444 -38.315 -8.000 -4.000 -34.000
3 16 -8.000 -4.000 -34.000 -8.000 -9.000 -31.000 -8.000 -9.000 -37.000
3 16 -8.000 0.000 -34.001 -8.000 -4.000 -34.000 -8.000 -3.444 -38.315
3 16 -8.000 -3.444 -38.315 -8.000 3.444 -38.315 -8.000 0.000 -34.001
3 16 -8.000 1.531 -33.696 -8.000 0.000 -34.001 -8.000 3.444 -38.315
3 16 -10.000 5.000 -11.000 -8.000 5.000 -17.000 -8.000 5.000 -25.196
3 16 -8.000 5.000 -25.196 -10.000 5.000 -23.000 -10.000 5.000 -11.000
3 16 -10.000 5.000 -11.000 -8.000 5.000 -15.000 -8.000 5.000 -17.000
3 16 -8.000 5.000 -11.000 -8.000 5.000 -15.000 -10.000 5.000 -11.000
3 16 -10.000 5.000 -23.000 -8.000 5.000 -25.196 -14.000 5.000 -25.196
3 16 -14.000 5.000 -25.196 -14.000 5.000 -23.000 -10.000 5.000 -23.000
3 16 -17.513 7.000 -10.995 -18.000 7.000 -10.898 -18.000 7.000 -9.750
3 16 -18.000 7.000 -9.750 -14.000 7.000 -9.750 -17.513 7.000 -10.995
3 16 -14.000 7.000 -11.000 -17.513 7.000 -10.995 -14.000 7.000 -9.750
3 16 -17.513 7.000 -10.995 -14.000 7.000 -11.000 -11.507 7.000 -13.482
3 16 -11.507 7.000 -13.482 -14.000 7.000 -11.000 -10.000 7.000 -11.000
3 16 -10.000 7.000 -11.000 -10.000 7.000 -23.000 -13.995 7.000 -19.487
3 16 -13.995 7.000 -19.487 -11.507 7.000 -13.482 -10.000 7.000 -11.000
3 16 -14.000 7.000 -23.000 -14.000 7.000 -19.500 -13.995 7.000 -19.487
3 16 -13.995 7.000 -19.487 -10.000 7.000 -23.000 -14.000 7.000 -23.000
3 16 -8.000 -5.000 -15.000 -6.000 -5.000 -15.000 -8.000 5.000 -15.000
3 16 -8.000 5.000 -17.000 -6.000 -5.000 -17.000 -8.000 -5.000 -17.000
3 16 -8.000 -5.000 -17.000 -6.000 -5.000 -17.000 -6.000 -5.000 -24.000
3 16 -6.000 -5.000 -24.000 -8.000 -5.000 -25.000 -8.000 -5.000 -17.000
3 16 -6.000 -5.000 -17.000 -6.000 -6.000 -19.000 -6.000 -5.000 -24.000
3 16 -6.000 -5.000 -15.000 -6.000 -5.000 -11.000 -6.000 -6.000 -11.000
3 16 -6.000 -6.000 -11.000 -6.000 -6.000 -19.000 -6.000 -5.000 -17.000
3 16 -6.000 -5.000 -17.000 -6.000 -5.000 -15.000 -6.000 -6.000 -11.000
3 16 -12.750 -10.000 -11.000 -6.000 -6.000 -11.000 -6.000 -5.000 -11.000
3 16 -6.000 -5.000 -11.000 -8.000 -5.000 -11.000 -12.750 -10.000 -11.000
3 16 -12.750 -10.000 -11.000 -8.000 -5.000 -11.000 -8.000 5.000 -11.000
3 16 -8.000 5.000 -11.000 -10.000 5.000 -11.000 -12.750 -10.000 -11.000
3 16 -12.750 -10.000 -11.000 -10.000 5.000 -11.000 -10.000 7.000 -11.000
3 16 -10.000 7.000 -11.000 -12.750 7.000 -11.000 -12.750 -10.000 -11.000
3 16 -14.000 7.000 -9.750 -14.000 6.000 -6.000 -14.000 -6.000 -6.000
3 16 -14.000 -6.000 -6.000 -14.000 -10.000 -9.750 -14.000 7.000 -9.750
3 16 -14.000 -10.000 -3.000 -14.000 -10.000 -9.750 -14.000 -6.000 -6.000
3 16 -14.000 -6.000 -6.000 -14.000 -6.000 -3.000 -14.000 -10.000 -3.000
3 16 -14.000 6.000 -6.000 -14.000 7.000 -9.750 -14.000 6.000 0.000
3 16 -18.000 7.000 -9.750 -17.999 7.000 -10.898 -17.999 -6.000 -10.898
3 16 -17.999 -6.000 -10.898 -18.000 -6.000 -3.000 -18.000 7.000 -9.750
2 24 -14.000 -10.000 -37.000 -14.000 -9.000 -37.000
2 24 -14.000 -6.500 -27.372 -14.000 -6.000 -26.636
2 24 -14.000 -6.000 -26.636 -14.000 -6.000 -19.500
2 24 -14.000 7.000 -23.000 -14.000 7.000 -19.500
2 24 -14.000 5.000 -23.000 -14.000 5.000 -25.196
2 24 -8.000 5.000 -17.000 -8.000 5.000 -25.196
2 24 -12.750 7.000 -11.000 -10.000 7.000 -11.000
2 24 -10.000 5.000 -11.000 -8.000 5.000 -11.000
2 24 -8.000 -5.000 -17.000 -8.000 5.000 -17.000
2 24 -8.000 -5.000 -17.000 -6.000 -5.000 -17.000
2 24 -8.000 -5.000 -17.000 -8.000 -5.000 -25.000
2 24 -6.000 -5.000 -24.000 -6.000 -5.000 -17.000
2 24 -6.000 -5.000 -11.000 -6.000 -6.000 -11.000
2 24 -18.000 7.000 -9.750 -18.000 7.000 -10.898
2 24 -14.000 -6.000 -3.000 -14.000 -10.000 -3.000
1 16 -11.0000 -6.2220 -37.6570 0.0000 0.0000 -3.0000 2.7735 -0.0006 0.0000 -0.6559 0.9969 0.0000 rect2p.dat
1 16 -8.0000 0.0000 -30.0000 0.0000 -6.0000 0.0000 3.4440 0.0000 -8.3150 -8.3150 0.0000 -3.4440 1-8cylo.dat
1 16 -8.0000 2.4880 -36.0060 0.0000 -6.0000 0.0000 0.9570 0.0000 2.3100 -2.3100 0.0000 0.9570 2-4cylo.dat
0 BFC INVERTNEXT
1 16 -8.0000 0.0000 -30.0000 0.0000 -6.0000 0.0000 1.5310 0.0000 -3.6960 3.6960 0.0000 1.5310 5-8cylo.dat
1 16 -11.0000 2.5150 -26.5000 0.0000 0.0000 3.0000 0.9808 -0.0049 0.0000 -0.1952 1.0002 0.0000 rect2p.dat
1 16 -8.0000 3.5000 -25.1960 0.0000 -6.0000 0.0000 1.5000 0.0000 0.0000 0.0000 0.0000 -1.5000 1-4cylo.dat
1 16 -14.0000 0.0000 -30.0000 0.0000 1.0000 0.0000 3.4440 0.0000 -8.3150 -8.3150 0.0000 -3.4440 1-8chrd.dat
1 16 -14.0000 2.4880 -36.0060 0.0000 1.0000 0.0000 0.9570 0.0000 2.3100 -2.3100 0.0000 0.9570 2-4chrd.dat
1 16 -14.0000 0.0000 -30.0000 0.0000 1.0000 0.0000 0.0000 0.0000 -4.0000 4.0000 0.0000 0.0000 2-4ndis.dat
1 16 -14.0000 3.5000 -25.1960 0.0000 1.0000 0.0000 1.5000 0.0000 0.0000 0.0000 0.0000 -1.5000 1-4chrd.dat
1 16 -8.0000 0.0000 -30.0000 0.0000 -1.0000 0.0000 3.4440 0.0000 -8.3150 -8.3150 0.0000 -3.4440 1-8chrd.dat
1 16 -8.0000 3.5000 -25.1960 0.0000 -1.0000 0.0000 1.5000 0.0000 0.0000 0.0000 0.0000 -1.5000 1-4chrd.dat
1 16 -8.0000 0.0000 -30.0000 0.0000 -1.0000 0.0000 0.0000 0.0000 -4.0000 4.0000 0.0000 0.0000 2-4ndis.dat
1 16 -8.0000 2.4880 -36.0060 0.0000 -1.0000 0.0000 0.9570 0.0000 2.3100 -2.3100 0.0000 0.9570 2-4chrd.dat
1 16 -8.0000 -2.5060 -31.0000 0.0000 -1.0000 0.0000 -6.4940 0.0000 0.0000 0.0000 0.0000 6.4940 3-16chrd.dat
1 16 -12.0000 6.0000 -17.0000 0.0000 2.0000 0.0000 1.0000 0.0000 0.0000 0.0000 0.0000 -6.0000 box2-5.dat
1 16 -12.7500 7.0000 -9.7500 -1.2500 0.0000 0.0000 0.0000 -1.0000 0.0000 0.0000 0.0000 -1.2500 1-4ndis.dat
1 16 -12.7500 7.0000 -9.7500 -1.2500 0.0000 0.0000 0.0000 1.0000 0.0000 0.0000 0.0000 -1.2500 1-4edge.dat
1 16 -20.0000 7.0000 -17.0000 2.4870 0.0000 6.0050 0.0000 -1.0000 0.0000 6.0050 0.0000 -2.4870 1-4ndis.dat
0 BFC INVERTNEXT
1 16 -20.0000 -6.0000 -17.0000 6.0050 0.0000 2.4870 0.0000 13.0000 0.0000 -2.4870 0.0000 6.0050 1-4cylo.dat
1 16 -17.7560 0.5000 -10.9470 0.0000 0.0000 -0.2400 6.5000 0.0000 0.0000 0.0000 1.0000 0.0500 rect3.dat
1 16 -13.9975 0.5000 -19.4935 0.0000 1.0000 -0.0025 -6.5000 0.0000 0.0000 0.0000 0.0000 -0.0065 rect3.dat
0 BFC INVERTNEXT
1 16 -7.0000 0.0000 -13.0000 0.0000 0.0000 -1.0000 0.0000 -5.0000 0.0000 2.0000 0.0000 0.0000 box2-5.dat
1 16 -7.0000 0.0000 -16.0000 -1.0002 -0.0039 0.0000 5.0010 -1.0002 0.0000 0.0000 0.0000 1.0000 rect.dat
1 16 -6.0000 -4.3760 -19.0000 0.0000 -1.0000 0.0000 -1.6240 0.0000 0.0000 0.0000 0.0000 -5.4000 3-16chrd.dat
0 BFC INVERTNEXT
1 16 -12.7500 -10.0000 -9.7500 -1.2500 0.0000 0.0000 0.0000 17.0000 0.0000 0.0000 0.0000 -1.2500 1-4cyli.dat
1 16 -16.0000 6.5000 -4.8750 0.0000 0.0000 -2.0000 -0.4999 -0.9950 0.0000 4.8744 -0.0015 0.0000 rect2p.dat
1 16 -16.0000 -6.0000 -1.5000 -2.0000 0.0000 0.0000 0.0000 1.0000 0.0000 0.0000 0.0000 -1.5000 rect3.dat
1 16 -14.0000 0.0000 0.0000 0.0000 -4.0000 0.0000 6.0000 0.0000 0.0000 0.0000 0.0000 6.0000 2-4cylo.dat
1 16 -14.0000 0.0000 0.0000 0.0000 -1.0000 0.0000 2.0000 0.0000 0.0000 0.0000 0.0000 2.0000 4-4ring2.dat
1 16 -14.0000 0.0000 0.0000 0.0000 -1.0000 0.0000 -6.0000 0.0000 0.0000 0.0000 0.0000 -6.0000 2-4ndis.dat
3 16 18.000 -6.000 0.000 18.000 -6.000 -3.000 18.000 -3.000 -3.000
3 16 18.000 -3.000 -3.000 18.000 -3.000 0.000 18.000 -6.000 0.000
3 16 18.000 6.000 0.000 18.000 3.000 0.000 18.000 3.000 -3.000
3 16 18.000 3.000 -3.000 18.000 7.000 -9.750 18.000 6.000 0.000
3 16 18.000 7.000 -9.750 18.000 3.000 -3.000 18.000 0.000 -3.000
3 16 18.000 7.000 -9.750 18.000 0.000 -3.000 18.000 -3.000 -3.000
3 16 18.000 7.000 -9.750 18.000 -3.000 -3.000 18.000 -6.000 -3.000
3 16 14.000 -6.000 -26.636 13.995 -6.000 -19.487 17.999 -6.000 -10.898
3 16 17.999 -6.000 -10.898 18.000 -6.000 -26.636 14.000 -6.000 -26.636
3 16 17.513 -6.000 -10.996 17.999 -6.000 -10.898 13.995 -6.000 -19.487
3 16 18.000 -10.000 -3.000 18.000 -10.000 -7.243 18.000 -6.000 -10.898
3 16 18.000 -6.000 -10.898 18.000 -6.000 -3.000 18.000 -10.000 -3.000
3 16 18.000 -6.500 -27.372 18.000 -6.000 -26.636 18.000 -6.000 -10.898
3 16 18.000 -6.000 -10.898 18.000 -10.000 -7.243 18.000 -6.500 -27.372
3 16 18.000 -10.000 -26.757 18.000 -7.000 -30.000 18.000 -6.500 -27.372
3 16 18.000 -6.500 -27.372 18.000 -10.000 -7.243 18.000 -10.000 -26.757
3 16 18.000 -7.000 -30.000 18.000 -10.000 -26.757 18.000 -10.000 -31.000
3 16 18.000 -10.000 -31.000 18.000 -7.000 -31.000 18.000 -7.000 -30.000
3 16 17.000 -10.000 -7.243 17.000 -10.000 -9.750 18.000 -10.000 -7.243
3 16 17.000 -10.000 -9.750 17.000 -10.000 -14.000 18.000 -10.000 -26.757
3 16 18.000 -10.000 -26.757 18.000 -10.000 -7.243 17.000 -10.000 -9.750
3 16 17.000 -10.000 -14.000 12.750 -10.000 -14.000 18.000 -10.000 -26.757
3 16 2.000 -10.000 -26.757 18.000 -10.000 -26.757 12.750 -10.000 -14.000
3 16 12.750 -10.000 -14.000 2.000 -10.000 -14.000 2.000 -10.000 -26.757
3 16 17.000 -12.507 -9.750 17.000 -10.000 -9.750 17.000 -10.000 -7.243
3 16 2.000 -16.757 -14.000 2.000 -10.000 -14.000 12.750 -12.507 -14.000
3 16 12.750 -12.507 -14.000 12.750 -16.757 -14.000 2.000 -16.757 -14.000
3 16 12.750 -12.507 -14.000 2.000 -10.000 -14.000 12.750 -10.000 -14.000
3 16 2.000 -10.000 -14.000 2.000 -16.757 -14.000 2.000 -19.757 -17.000
3 16 2.000 -19.757 -17.000 2.000 -10.000 -26.757 2.000 -10.000 -14.000
3 16 17.000 -12.507 -9.750 17.000 -10.000 -7.243 18.000 -10.000 -7.243
3 16 17.000 -12.507 -9.750 18.000 -10.000 -7.243 18.000 -19.757 -17.000
3 16 18.000 -19.757 -17.000 17.000 -16.757 -14.000 17.000 -12.507 -9.750
3 16 2.000 -16.757 -14.000 12.750 -16.757 -14.000 18.000 -19.757 -17.000
3 16 18.000 -19.757 -17.000 2.000 -19.757 -17.000 2.000 -16.757 -14.000
3 16 17.000 -16.757 -14.000 18.000 -19.757 -17.000 12.750 -16.757 -14.000
3 16 18.000 -10.000 -31.000 18.000 -10.000 -26.757 18.000 -19.757 -17.000
3 16 18.000 -19.757 -17.000 18.000 -24.000 -17.000 18.000 -10.000 -31.000
3 16 18.000 -24.000 -17.000 18.000 -19.757 -17.000 18.000 -10.000 -7.243
3 16 18.000 -10.000 -7.243 18.000 -10.000 -3.000 18.000 -24.000 -17.000
3 16 14.000 -10.000 -3.000 14.000 -10.000 -9.750 14.000 -16.750 -9.750
3 16 18.000 -24.000 -17.000 18.000 -10.000 -3.000 14.000 -10.000 -3.000
3 16 14.000 -10.000 -3.000 14.000 -16.750 -9.750 18.000 -24.000 -17.000
3 16 14.000 -18.000 -11.000 18.000 -24.000 -17.000 14.000 -16.750 -9.750
3 16 12.750 -18.000 -11.000 1.000 -24.000 -17.000 18.000 -24.000 -17.000
3 16 18.000 -24.000 -17.000 14.000 -18.000 -11.000 12.750 -18.000 -11.000
3 16 14.000 -10.000 -31.000 18.000 -10.000 -31.000 18.000 -24.000 -17.000
3 16 14.000 -10.000 -31.000 18.000 -24.000 -17.000 1.000 -24.000 -17.000
3 16 1.000 -24.000 -17.000 1.000 -10.000 -31.000 14.000 -10.000 -31.000
3 16 1.000 -24.000 -17.000 1.000 -28.950 -21.950 1.000 -28.950 -26.192
3 16 1.000 -28.950 -26.192 1.000 -10.000 -31.000 1.000 -24.000 -17.000
3 16 1.000 -28.950 -26.192 1.000 -18.642 -36.500 1.000 -10.000 -36.500
3 16 1.000 -10.000 -36.500 1.000 -10.000 -31.000 1.000 -28.950 -26.192
3 16 8.000 1.000 -34.450 6.000 -9.000 -34.450 8.000 -9.000 -34.450
3 16 8.000 -9.000 -36.450 6.000 -9.000 -36.450 8.000 1.000 -36.450
2 24 18.000 -6.000 -26.636 18.000 -6.000 -10.898
2 24 18.000 -10.000 -26.757 18.000 -10.000 -7.243
2 24 17.000 -10.000 -7.243 18.000 -10.000 -7.243
2 24 17.000 -12.507 -9.750 17.000 -10.000 -7.243
2 24 17.000 -10.000 -9.750 17.000 -10.000 -7.243
2 24 2.000 -16.757 -14.000 2.000 -10.000 -14.000
2 24 2.000 -10.000 -26.757 2.000 -10.000 -14.000
2 24 2.000 -10.000 -14.000 12.750 -10.000 -14.000
2 24 12.750 -16.757 -14.000 2.000 -16.757 -14.000
2 24 2.000 -19.757 -17.000 2.000 -16.757 -14.000
2 24 18.000 -19.757 -17.000 18.000 -10.000 -7.243
2 24 18.000 -24.000 -17.000 18.000 -10.000 -3.000
2 24 18.000 -24.000 -17.000 18.000 -10.000 -31.000
2 24 14.000 -10.000 -3.000 14.000 -16.750 -9.750
2 24 1.000 -10.000 -31.000 14.000 -10.000 -31.000
2 24 1.000 -10.000 -31.000 1.000 -24.000 -17.000
2 24 1.000 -24.000 -17.000 18.000 -24.000 -17.000
2 24 1.000 -10.000 -31.000 1.000 -10.000 -36.500
2 24 6.000 -9.000 -34.450 8.000 -9.000 -34.450
2 24 8.000 1.000 -34.450 8.000 -9.000 -34.450
2 24 8.000 -9.000 -36.450 8.000 1.000 -36.450
2 24 8.000 -9.000 -36.450 6.000 -9.000 -36.450
0 BFC INVERTNEXT
1 16 17.0000 0.0000 0.0000 0.0000 1.0000 0.0000 -3.0000 0.0000 0.0000 0.0000 0.0000 -3.0000 4-4cylc.dat
1 16 18.0000 0.0000 0.0000 0.0000 -1.0000 0.0000 3.0000 0.0000 0.0000 0.0000 0.0000 3.0000 2-4ring1.dat
1 16 18.0000 0.0000 0.0000 0.0000 -1.0000 0.0000 3.0000 0.0000 0.0000 0.0000 0.0000 -3.0000 2-4ndis.dat
1 16 20.0000 -6.0000 -17.0000 -6.0050 0.0000 -2.4870 0.0000 -1.0000 0.0000 -2.4870 0.0000 6.0050 1-4chrd.dat
1 16 16.0000 -7.0000 -30.5000 2.0000 0.0000 0.0000 0.0000 -1.0000 0.0000 0.0000 0.0000 -0.5000 rect3.dat
1 16 16.0000 -6.7500 -28.6860 0.0000 0.0000 2.0000 0.2505 -0.9982 0.0000 1.3164 -0.0035 0.0000 rect2p.dat
1 16 16.0000 -6.2500 -27.0040 0.0000 0.0000 2.0000 0.2473 -1.0012 0.0000 0.3640 0.0032 0.0000 rect2a.dat
1 16 16.0000 -8.5000 -31.0000 2.0000 0.0000 0.0000 0.0000 0.0000 -1.5000 0.0000 1.0000 0.0000 rect3.dat
1 16 16.0000 -8.0000 -3.0000 0.0000 0.0000 2.0000 -2.0000 0.0000 0.0000 0.0000 -1.0000 0.0000 rect2a.dat
1 16 12.7500 -10.0000 -9.7500 4.2500 0.0000 0.0000 0.0000 1.0000 0.0000 0.0000 0.0000 -4.2500 1-4ndis.dat
1 16 12.7500 -10.0000 -9.7500 4.2500 0.0000 0.0000 0.0000 -2.5074 0.0000 0.0000 0.0000 -4.2500 1-4cyli.dat
1 16 12.7500 -12.5074 -9.7500 0.0000 0.0000 4.2500 0.0000 -4.2500 0.0000 4.2500 0.0000 0.0000 1-4cyls2.dat
1 16 12.7500 -12.5074 -9.7500 4.2500 0.0000 0.0000 0.0000 -1.0000 -4.2500 0.0000 0.0000 -4.2500 1-4edge.dat
1 16 12.7500 -10.0000 -9.7500 4.2500 0.0000 0.0000 0.0000 -1.0000 0.0000 0.0000 0.0000 -4.2500 1-4edge.dat
1 16 10.0000 -14.8787 -21.8787 0.0000 0.0000 8.0000 -4.8790 -1.0041 0.0000 4.8790 0.0000 0.0000 rect.dat
1 16 12.7500 -12.5074 -9.7500 4.2500 0.0000 0.0000 0.0000 -1.0000 -4.2500 0.0000 0.0000 -4.2500 1-4ndis.dat
0 BFC INVERTNEXT
1 16 12.7500 -16.7500 -9.7500 1.2500 0.0000 0.0000 0.0000 6.7500 0.0000 0.0000 0.0000 -1.2500 1-4cyli.dat
0 BFC INVERTNEXT
1 16 12.7500 -16.7500 -9.7500 0.0000 0.0000 1.2500 0.0000 -1.2500 0.0000 1.2500 0.0000 0.0000 1-4cyls2.dat
1 16 12.7500 -16.7500 -9.7500 1.2500 0.0000 0.0000 0.0000 1.0000 -1.2500 0.0000 0.0000 -1.2500 1-4ndis.dat
1 16 12.7500 -16.7500 -9.7500 1.2500 0.0000 0.0000 0.0000 -1.0000 -1.2500 0.0000 0.0000 -1.2500 1-4edge.dat
1 16 1.0000 -26.8285 -24.0711 0.0000 -1.0000 0.0000 -2.1213 0.0000 -2.1213 -2.1213 0.0000 2.1213 1-4chrd.dat
1 16 7.0000 -4.0000 -35.4500 -1.0002 1.0002 0.0000 -5.0010 0.0039 0.0000 0.0000 0.0000 1.0000 rect.dat
3 16 -18.000 -3.000 -3.000 -18.000 -6.000 -3.000 -18.000 -6.000 0.000
3 16 -18.000 -6.000 0.000 -18.000 -3.000 0.000 -18.000 -3.000 -3.000
3 16 -18.000 3.000 -3.000 -18.000 3.000 0.000 -18.000 6.000 0.000
3 16 -18.000 6.000 0.000 -18.000 7.000 -9.750 -18.000 3.000 -3.000
3 16 -18.000 0.000 -3.000 -18.000 3.000 -3.000 -18.000 7.000 -9.750
3 16 -18.000 -3.000 -3.000 -18.000 0.000 -3.000 -18.000 7.000 -9.750
3 16 -18.000 -6.000 -3.000 -18.000 -3.000 -3.000 -18.000 7.000 -9.750
3 16 -17.999 -6.000 -10.898 -13.995 -6.000 -19.487 -14.000 -6.000 -26.636
3 16 -14.000 -6.000 -26.636 -18.000 -6.000 -26.636 -17.999 -6.000 -10.898
3 16 -13.995 -6.000 -19.487 -17.999 -6.000 -10.898 -17.513 -6.000 -10.996
3 16 -18.000 -6.000 -10.898 -18.000 -10.000 -7.243 -18.000 -10.000 -3.000
3 16 -18.000 -10.000 -3.000 -18.000 -6.000 -3.000 -18.000 -6.000 -10.898
3 16 -18.000 -6.000 -10.898 -18.000 -6.000 -26.636 -18.000 -6.500 -27.372
3 16 -18.000 -6.500 -27.372 -18.000 -10.000 -7.243 -18.000 -6.000 -10.898
3 16 -18.000 -6.500 -27.372 -18.000 -7.000 -30.000 -18.000 -10.000 -26.757
3 16 -18.000 -10.000 -26.757 -18.000 -10.000 -7.243 -18.000 -6.500 -27.372
3 16 -18.000 -10.000 -31.000 -18.000 -10.000 -26.757 -18.000 -7.000 -30.000
3 16 -18.000 -7.000 -30.000 -18.000 -7.000 -31.000 -18.000 -10.000 -31.000
3 16 -18.000 -10.000 -7.243 -17.000 -10.000 -9.750 -17.000 -10.000 -7.243
3 16 -18.000 -10.000 -26.757 -17.000 -10.000 -14.000 -17.000 -10.000 -9.750
3 16 -17.000 -10.000 -9.750 -18.000 -10.000 -7.243 -18.000 -10.000 -26.757
3 16 -18.000 -10.000 -26.757 -12.750 -10.000 -14.000 -17.000 -10.000 -14.000
3 16 -12.750 -10.000 -14.000 -18.000 -10.000 -26.757 -2.000 -10.000 -26.757
3 16 -2.000 -10.000 -26.757 -2.000 -10.000 -14.000 -12.750 -10.000 -14.000
3 16 -17.000 -10.000 -7.243 -17.000 -10.000 -9.750 -17.000 -12.507 -9.750
3 16 -12.750 -12.507 -14.000 -2.000 -10.000 -14.000 -2.000 -16.757 -14.000
3 16 -2.000 -16.757 -14.000 -12.750 -16.757 -14.000 -12.750 -12.507 -14.000
3 16 -12.750 -10.000 -14.000 -2.000 -10.000 -14.000 -12.750 -12.507 -14.000
3 16 -2.000 -19.757 -17.000 -2.000 -16.757 -14.000 -2.000 -10.000 -14.000
3 16 -2.000 -10.000 -14.000 -2.000 -10.000 -26.757 -2.000 -19.757 -17.000
3 16 -18.000 -10.000 -7.243 -17.000 -10.000 -7.243 -17.000 -12.507 -9.750
3 16 -18.000 -19.757 -17.000 -18.000 -10.000 -7.243 -17.000 -12.507 -9.750
3 16 -17.000 -12.507 -9.750 -17.000 -16.757 -14.000 -18.000 -19.757 -17.000
3 16 -18.000 -19.757 -17.000 -12.750 -16.757 -14.000 -2.000 -16.757 -14.000
3 16 -2.000 -16.757 -14.000 -2.000 -19.757 -17.000 -18.000 -19.757 -17.000
3 16 -12.750 -16.757 -14.000 -18.000 -19.757 -17.000 -17.000 -16.757 -14.000
3 16 -18.000 -19.757 -17.000 -18.000 -10.000 -26.757 -18.000 -10.000 -31.000
3 16 -18.000 -10.000 -31.000 -18.000 -24.000 -17.000 -18.000 -19.757 -17.000
3 16 -18.000 -10.000 -7.243 -18.000 -19.757 -17.000 -18.000 -24.000 -17.000
3 16 -18.000 -24.000 -17.000 -18.000 -10.000 -3.000 -18.000 -10.000 -7.243
3 16 -14.000 -16.750 -9.750 -14.000 -10.000 -9.750 -14.000 -10.000 -3.000
3 16 -14.000 -10.000 -3.000 -18.000 -10.000 -3.000 -18.000 -24.000 -17.000
3 16 -18.000 -24.000 -17.000 -14.000 -16.750 -9.750 -14.000 -10.000 -3.000
3 16 -14.000 -16.750 -9.750 -18.000 -24.000 -17.000 -14.000 -18.000 -11.000
3 16 -18.000 -24.000 -17.000 -1.000 -24.000 -17.000 -12.750 -18.000 -11.000
3 16 -12.750 -18.000 -11.000 -14.000 -18.000 -11.000 -18.000 -24.000 -17.000
3 16 -18.000 -24.000 -17.000 -18.000 -10.000 -31.000 -14.000 -10.000 -31.000
3 16 -1.000 -24.000 -17.000 -18.000 -24.000 -17.000 -14.000 -10.000 -31.000
3 16 -14.000 -10.000 -31.000 -1.000 -10.000 -31.000 -1.000 -24.000 -17.000
3 16 -1.000 -28.950 -26.192 -1.000 -28.950 -21.950 -1.000 -24.000 -17.000
3 16 -1.000 -24.000 -17.000 -1.000 -10.000 -31.000 -1.000 -28.950 -26.192
3 16 -1.000 -10.000 -36.500 -1.000 -18.642 -36.500 -1.000 -28.950 -26.192
3 16 -1.000 -28.950 -26.192 -1.000 -10.000 -31.000 -1.000 -10.000 -36.500
3 16 -8.000 -9.000 -34.450 -6.000 -9.000 -34.450 -8.000 1.000 -34.450
3 16 -8.000 1.000 -36.450 -6.000 -9.000 -36.450 -8.000 -9.000 -36.450
2 24 -18.000 -6.000 -26.636 -18.000 -6.000 -10.898
2 24 -18.000 -10.000 -26.757 -18.000 -10.000 -7.243
2 24 -17.000 -10.000 -7.243 -18.000 -10.000 -7.243
2 24 -17.000 -12.507 -9.750 -17.000 -10.000 -7.243
2 24 -17.000 -10.000 -9.750 -17.000 -10.000 -7.243
2 24 -2.000 -16.757 -14.000 -2.000 -10.000 -14.000
2 24 -2.000 -10.000 -26.757 -2.000 -10.000 -14.000
2 24 -2.000 -10.000 -14.000 -12.750 -10.000 -14.000
2 24 -12.750 -16.757 -14.000 -2.000 -16.757 -14.000
2 24 -2.000 -19.757 -17.000 -2.000 -16.757 -14.000
2 24 -18.000 -19.757 -17.000 -18.000 -10.000 -7.243
2 24 -18.000 -24.000 -17.000 -18.000 -10.000 -3.000
2 24 -18.000 -24.000 -17.000 -18.000 -10.000 -31.000
2 24 -14.000 -10.000 -3.000 -14.000 -16.750 -9.750
2 24 -1.000 -10.000 -31.000 -14.000 -10.000 -31.000
2 24 -1.000 -10.000 -31.000 -1.000 -24.000 -17.000
2 24 -1.000 -24.000 -17.000 -18.000 -24.000 -17.000
2 24 -1.000 -10.000 -31.000 -1.000 -10.000 -36.500
2 24 -6.000 -9.000 -34.450 -8.000 -9.000 -34.450
2 24 -8.000 1.000 -34.450 -8.000 -9.000 -34.450
2 24 -8.000 -9.000 -36.450 -8.000 1.000 -36.450
2 24 -8.000 -9.000 -36.450 -6.000 -9.000 -36.450
0 BFC INVERTNEXT
1 16 -17.0000 0.0000 0.0000 0.0000 -1.0000 0.0000 -3.0000 0.0000 0.0000 0.0000 0.0000 -3.0000 4-4cylc.dat
1 16 -18.0000 0.0000 0.0000 0.0000 1.0000 0.0000 3.0000 0.0000 0.0000 0.0000 0.0000 3.0000 2-4ring1.dat
1 16 -18.0000 0.0000 0.0000 0.0000 1.0000 0.0000 3.0000 0.0000 0.0000 0.0000 0.0000 -3.0000 2-4ndis.dat
1 16 -20.0000 -6.0000 -17.0000 6.0050 0.0000 2.4870 0.0000 -1.0000 0.0000 -2.4870 0.0000 6.0050 1-4chrd.dat
1 16 -16.0000 -7.0000 -30.5000 -2.0000 0.0000 0.0000 0.0000 -1.0000 0.0000 0.0000 0.0000 -0.5000 rect3.dat
1 16 -16.0000 -6.7500 -28.6860 0.0000 0.0000 -2.0000 0.2505 -0.9982 0.0000 1.3164 -0.0035 0.0000 rect2p.dat
1 16 -16.0000 -6.2500 -27.0040 0.0000 0.0000 -2.0000 0.2473 -1.0012 0.0000 0.3640 0.0032 0.0000 rect2a.dat
1 16 -16.0000 -8.5000 -31.0000 -2.0000 0.0000 0.0000 0.0000 0.0000 -1.5000 0.0000 1.0000 0.0000 rect3.dat
1 16 -16.0000 -8.0000 -3.0000 0.0000 0.0000 -2.0000 -2.0000 0.0000 0.0000 0.0000 -1.0000 0.0000 rect2a.dat
1 16 -12.7500 -10.0000 -9.7500 -4.2500 0.0000 0.0000 0.0000 1.0000 0.0000 0.0000 0.0000 -4.2500 1-4ndis.dat
1 16 -12.7500 -10.0000 -9.7500 -4.2500 0.0000 0.0000 0.0000 -2.5074 0.0000 0.0000 0.0000 -4.2500 1-4cyli.dat
1 16 -12.7500 -12.5074 -9.7500 0.0000 0.0000 -4.2500 0.0000 -4.2500 0.0000 4.2500 0.0000 0.0000 1-4cyls2.dat
1 16 -12.7500 -12.5074 -9.7500 -4.2500 0.0000 0.0000 0.0000 -1.0000 -4.2500 0.0000 0.0000 -4.2500 1-4edge.dat
1 16 -12.7500 -10.0000 -9.7500 -4.2500 0.0000 0.0000 0.0000 -1.0000 0.0000 0.0000 0.0000 -4.2500 1-4edge.dat
1 16 -10.0000 -14.8787 -21.8787 0.0000 0.0000 -8.0000 -4.8790 -1.0041 0.0000 4.8790 0.0000 0.0000 rect.dat
1 16 -12.7500 -12.5074 -9.7500 -4.2500 0.0000 0.0000 0.0000 -1.0000 -4.2500 0.0000 0.0000 -4.2500 1-4ndis.dat
0 BFC INVERTNEXT
1 16 -12.7500 -16.7500 -9.7500 -1.2500 0.0000 0.0000 0.0000 6.7500 0.0000 0.0000 0.0000 -1.2500 1-4cyli.dat
0 BFC INVERTNEXT
1 16 -12.7500 -16.7500 -9.7500 0.0000 0.0000 -1.2500 0.0000 -1.2500 0.0000 1.2500 0.0000 0.0000 1-4cyls2.dat
1 16 -12.7500 -16.7500 -9.7500 -1.2500 0.0000 0.0000 0.0000 1.0000 -1.2500 0.0000 0.0000 -1.2500 1-4ndis.dat
1 16 -12.7500 -16.7500 -9.7500 -1.2500 0.0000 0.0000 0.0000 -1.0000 -1.2500 0.0000 0.0000 -1.2500 1-4edge.dat
1 16 -1.0000 -26.8285 -24.0711 0.0000 1.0000 0.0000 -2.1213 0.0000 -2.1213 -2.1213 0.0000 2.1213 1-4chrd.dat
1 16 -7.0000 -4.0000 -35.4500 1.0002 -1.0002 0.0000 -5.0010 0.0039 0.0000 0.0000 0.0000 1.0000 rect.dat
1 16 0.0000 -10.0000 -34.0000 -14.0000 0.0000 0.0000 0.0000 1.0000 0.0000 0.0000 0.0000 -3.0000 rect3.dat
1 16 0.0000 -9.0000 -34.0000 8.0000 0.0000 0.0000 0.0000 -1.0000 0.0000 0.0000 0.0000 -3.0000 rect3.dat
0 BFC INVERTNEXT
1 16 -8.0000 -2.5060 -31.0000 0.0000 16.0000 0.0000 -6.4940 0.0000 0.0000 0.0000 0.0000 6.4940 3-16cylo.dat
0 BFC INVERTNEXT
1 16 -6.0000 -4.3760 -19.0000 0.0000 12.0000 0.0000 -1.6240 0.0000 0.0000 0.0000 0.0000 -5.4000 3-16cylo.dat
1 16 0.0000 -6.0000 -15.0000 6.0000 0.0000 0.0000 0.0000 -1.0000 0.0000 0.0000 0.0000 4.0000 rect3.dat
1 16 0.0000 -14.3211 -36.5000 -1.0000 0.0000 0.0000 0.0000 0.0000 4.3211 0.0000 1.0000 0.0000 rect.dat
1 16 0.0000 -23.7960 -31.3462 0.0000 0.0000 1.0000 5.1548 1.0041 0.0000 -5.1548 0.0000 0.0000 rect2p.dat
1 16 0.0000 -26.4749 -19.4749 0.0000 0.0000 1.0000 -2.4749 1.0041 0.0000 -2.4749 0.0000 0.0000 rect2p.dat
1 16 1.0000 -26.8285 -24.0711 0.0000 -2.0000 0.0000 -2.1213 0.0000 -2.1213 -2.1213 0.0000 2.1213 1-4cylo.dat
1 16 -14.0000 0.0000 0.0000 0.0000 28.0000 0.0000 4.0000 0.0000 0.0000 0.0000 0.0000 4.0000 4-4cylo.dat
