0 FILE 69984.dat
0 Technic, Plate Rotor 6 Blade with Clip Ends Connected (Water Wheel) - Solid Studs
0 Name:  69984.dat
0 Author:  
0 BL_Item_No 69984
0 BFC CERTIFY CCW
3 16 45.164 0.000 33.380 38.197 0.000 33.600 48.197 0.000 16.279
3 16 48.197 0.000 16.279 51.490 0.000 22.424 45.164 0.000 33.380
3 16 48.197 0.000 16.279 38.197 0.000 33.600 10.000 0.000 17.321
3 16 10.000 0.000 17.321 20.000 0.000 0.000 48.197 0.000 16.279
3 16 -6.326 0.000 55.804 -10.000 0.000 49.879 10.000 0.000 49.879
3 16 10.000 0.000 49.879 6.326 0.000 55.804 -6.326 0.000 55.804
3 16 -10.000 0.000 49.879 -10.000 0.000 17.321 10.000 0.000 17.321
3 16 10.000 0.000 17.321 10.000 0.000 49.879 -10.000 0.000 49.879
3 16 -20.000 0.000 0.000 -10.000 0.000 17.321 -38.197 0.000 33.600
3 16 -38.197 0.000 33.600 -48.197 0.000 16.279 -20.000 0.000 0.000
3 16 -45.165 0.000 33.380 -51.490 0.000 22.424 -48.197 0.000 16.279
3 16 -48.197 0.000 16.279 -38.197 0.000 33.600 -45.165 0.000 33.380
3 16 45.164 0.000 -33.380 51.490 0.000 -22.424 48.197 0.000 -16.279
3 16 48.197 0.000 -16.279 38.197 0.000 -33.600 45.164 0.000 -33.380
3 16 48.197 0.000 -16.279 20.000 0.000 0.000 10.000 0.000 -17.321
3 16 10.000 0.000 -17.321 38.197 0.000 -33.600 48.197 0.000 -16.279
3 16 -6.326 0.000 -55.804 6.326 0.000 -55.804 10.000 0.000 -49.879
3 16 10.000 0.000 -49.879 -10.000 0.000 -49.879 -6.326 0.000 -55.804
3 16 -10.000 0.000 -49.879 10.000 0.000 -49.879 10.000 0.000 -17.321
3 16 10.000 0.000 -17.321 -10.000 0.000 -17.321 -10.000 0.000 -49.879
3 16 -20.000 0.000 0.000 -48.197 0.000 -16.279 -38.197 0.000 -33.600
3 16 -38.197 0.000 -33.600 -10.000 0.000 -17.321 -20.000 0.000 0.000
3 16 -45.165 0.000 -33.380 -38.197 0.000 -33.600 -48.197 0.000 -16.279
3 16 -48.197 0.000 -16.279 -51.490 0.000 -22.424 -45.165 0.000 -33.380
3 16 -7.000 0.000 -11.000 -10.000 0.000 -17.321 10.000 0.000 -17.321
3 16 10.000 0.000 -17.321 7.000 0.000 -11.000 -7.000 0.000 -11.000
3 16 7.000 0.000 11.000 10.000 0.000 17.321 -10.000 0.000 17.321
3 16 -10.000 0.000 17.321 -7.000 0.000 11.000 7.000 0.000 11.000
3 16 -7.000 0.000 11.000 -10.000 0.000 17.321 -20.000 0.000 0.000
3 16 -20.000 0.000 0.000 -7.000 0.000 5.000 -7.000 0.000 11.000
3 16 -7.000 0.000 -5.000 -6.000 0.000 0.000 -7.000 0.000 5.000
3 16 -7.000 0.000 5.000 -20.000 0.000 0.000 -7.000 0.000 -5.000
3 16 -7.000 4.000 -11.000 -7.691 4.000 -13.321 -15.382 4.000 0.000
3 16 -15.382 4.000 0.000 -7.000 4.000 -5.000 -7.000 4.000 -11.000
3 16 -7.691 4.000 13.321 -7.000 4.000 11.000 -7.000 4.000 5.000
3 16 -7.000 4.000 5.000 -15.382 4.000 0.000 -7.691 4.000 13.321
3 16 7.000 4.000 11.000 7.691 4.000 13.321 15.382 4.000 0.000
3 16 15.382 4.000 0.000 7.000 4.000 5.000 7.000 4.000 11.000
3 16 7.000 4.000 5.000 15.382 4.000 0.000 7.000 4.000 -5.000
3 16 -7.000 4.000 -5.000 -15.382 4.000 0.000 -7.000 4.000 5.000
3 16 7.691 4.000 13.321 7.000 4.000 11.000 5.000 4.000 11.000
3 16 5.000 4.000 11.000 5.000 4.000 13.321 7.691 4.000 13.321
3 16 -7.000 4.000 11.000 -7.691 4.000 13.321 -5.000 4.000 13.321
3 16 -5.000 4.000 13.321 -5.000 4.000 11.000 -7.000 4.000 11.000
3 16 -7.691 4.000 -13.321 -7.000 4.000 -11.000 -5.000 4.000 -11.000
3 16 -5.000 4.000 -11.000 -5.000 4.000 -13.321 -7.691 4.000 -13.321
3 16 7.000 4.000 -11.000 7.691 4.000 -13.321 5.000 4.000 -13.321
3 16 5.000 4.000 -13.321 5.000 4.000 -11.000 7.000 4.000 -11.000
3 16 7.691 4.000 -13.321 7.000 4.000 -11.000 7.000 4.000 -5.000
3 16 7.000 4.000 -5.000 15.382 4.000 0.000 7.691 4.000 -13.321
3 16 7.000 0.000 5.000 6.000 0.000 0.000 7.000 0.000 -5.000
3 16 7.000 0.000 -5.000 20.000 0.000 0.000 7.000 0.000 5.000
3 16 7.000 0.000 -5.000 6.000 0.000 0.000 5.543 0.000 -2.296
3 16 5.543 0.000 -2.296 4.243 0.000 -4.243 5.000 0.000 -5.000
3 16 5.000 0.000 -5.000 7.000 0.000 -5.000 5.543 0.000 -2.296
3 16 2.296 0.000 -5.543 1.000 0.000 -5.801 1.000 0.000 -11.000
3 16 1.000 0.000 -11.000 4.243 0.000 -4.243 2.296 0.000 -5.543
3 16 10.000 0.000 17.321 7.000 0.000 11.000 7.000 0.000 5.000
3 16 7.000 0.000 5.000 20.000 0.000 0.000 10.000 0.000 17.321
3 16 7.000 0.000 -11.000 10.000 0.000 -17.321 20.000 0.000 0.000
3 16 20.000 0.000 0.000 7.000 0.000 -5.000 7.000 0.000 -11.000
3 16 1.000 0.000 -11.000 5.000 0.000 -11.000 5.000 0.000 -5.000
3 16 5.000 0.000 -5.000 4.243 0.000 -4.243 1.000 0.000 -11.000
3 16 -7.000 0.000 5.000 -6.000 0.000 0.000 -5.543 0.000 2.296
3 16 -5.543 0.000 2.296 -4.243 0.000 4.243 -5.000 0.000 5.000
3 16 -5.000 0.000 5.000 -7.000 0.000 5.000 -5.543 0.000 2.296
3 16 -2.296 0.000 5.543 -1.000 0.000 5.801 -1.000 0.000 11.000
3 16 -1.000 0.000 11.000 -4.243 0.000 4.243 -2.296 0.000 5.543
3 16 -1.000 0.000 11.000 -5.000 0.000 11.000 -5.000 0.000 5.000
3 16 -5.000 0.000 5.000 -4.243 0.000 4.243 -1.000 0.000 11.000
3 16 5.543 0.000 2.296 6.000 0.000 0.000 7.000 0.000 5.000
3 16 5.543 0.000 2.296 7.000 0.000 5.000 5.000 0.000 5.000
3 16 5.000 0.000 5.000 4.243 0.000 4.243 5.543 0.000 2.296
3 16 1.000 0.000 11.000 1.000 0.000 5.801 2.296 0.000 5.543
3 16 2.296 0.000 5.543 4.243 0.000 4.243 1.000 0.000 11.000
3 16 5.000 0.000 11.000 1.000 0.000 11.000 4.243 0.000 4.243
3 16 4.243 0.000 4.243 5.000 0.000 5.000 5.000 0.000 11.000
3 16 -5.543 0.000 -2.296 -6.000 0.000 0.000 -7.000 0.000 -5.000
3 16 -5.543 0.000 -2.296 -7.000 0.000 -5.000 -5.000 0.000 -5.000
3 16 -5.000 0.000 -5.000 -4.243 0.000 -4.243 -5.543 0.000 -2.296
3 16 -1.000 0.000 -11.000 -1.000 0.000 -5.801 -2.296 0.000 -5.543
3 16 -2.296 0.000 -5.543 -4.243 0.000 -4.243 -1.000 0.000 -11.000
3 16 -5.000 0.000 -11.000 -1.000 0.000 -11.000 -4.243 0.000 -4.243
3 16 -4.243 0.000 -4.243 -5.000 0.000 -5.000 -5.000 0.000 -11.000
3 16 -10.000 0.000 -17.321 -7.000 0.000 -11.000 -7.000 0.000 -5.000
3 16 -7.000 0.000 -5.000 -20.000 0.000 0.000 -10.000 0.000 -17.321
3 16 7.000 8.000 5.000 7.000 8.000 5.206 8.000 8.000 3.474
3 16 8.000 8.000 -3.474 6.000 8.000 0.000 8.000 8.000 3.474
3 16 -8.000 8.000 3.474 -6.000 8.000 0.000 -8.000 8.000 -3.474
3 16 5.000 8.000 14.000 1.000 8.000 11.000 -1.000 8.000 11.000
3 16 -1.000 8.000 11.000 -5.000 8.000 14.000 5.000 8.000 14.000
3 16 1.000 8.000 11.000 5.000 8.000 14.000 2.000 8.000 5.602
3 16 2.000 8.000 5.602 1.000 8.000 5.801 1.000 8.000 11.000
3 16 2.296 8.000 5.543 5.000 8.000 14.000 5.000 8.000 5.000
3 16 5.000 8.000 5.000 4.243 8.000 4.243 2.296 8.000 5.543
3 16 7.000 8.000 5.000 5.543 8.000 2.296 4.243 8.000 4.243
3 16 4.243 8.000 4.243 5.000 8.000 5.000 7.000 8.000 5.000
3 16 5.543 8.000 2.296 7.000 8.000 5.000 8.000 8.000 3.474
3 16 8.000 8.000 3.474 6.000 8.000 0.000 5.543 8.000 2.296
3 16 2.000 8.000 5.602 5.000 8.000 14.000 2.296 8.000 5.543
3 16 -8.000 8.000 3.474 -7.000 8.000 5.206 -7.000 8.000 5.000
3 16 -5.000 8.000 14.000 -1.000 8.000 11.000 -1.000 8.000 5.801
3 16 -1.000 8.000 5.801 -2.000 8.000 5.602 -5.000 8.000 14.000
3 16 -5.000 8.000 14.000 -2.296 8.000 5.543 -4.243 8.000 4.243
3 16 -4.243 8.000 4.243 -5.000 8.000 5.000 -5.000 8.000 14.000
3 16 -5.543 8.000 2.296 -7.000 8.000 5.000 -5.000 8.000 5.000
3 16 -5.000 8.000 5.000 -4.243 8.000 4.243 -5.543 8.000 2.296
3 16 -7.000 8.000 5.000 -5.543 8.000 2.296 -6.000 8.000 0.000
3 16 -6.000 8.000 0.000 -8.000 8.000 3.474 -7.000 8.000 5.000
3 16 -2.296 8.000 5.543 -5.000 8.000 14.000 -2.000 8.000 5.602
3 16 -7.000 8.000 -5.000 -7.000 8.000 -5.206 -8.000 8.000 -3.474
3 16 -1.000 8.000 -11.000 -5.000 8.000 -14.000 -2.000 8.000 -5.602
3 16 -2.000 8.000 -5.602 -1.000 8.000 -5.801 -1.000 8.000 -11.000
3 16 -2.296 8.000 -5.543 -5.000 8.000 -14.000 -5.000 8.000 -5.000
3 16 -5.000 8.000 -5.000 -4.243 8.000 -4.243 -2.296 8.000 -5.543
3 16 -7.000 8.000 -5.000 -5.543 8.000 -2.296 -4.243 8.000 -4.243
3 16 -4.243 8.000 -4.243 -5.000 8.000 -5.000 -7.000 8.000 -5.000
3 16 -5.543 8.000 -2.296 -7.000 8.000 -5.000 -8.000 8.000 -3.474
3 16 -8.000 8.000 -3.474 -6.000 8.000 0.000 -5.543 8.000 -2.296
3 16 -2.000 8.000 -5.602 -5.000 8.000 -14.000 -2.296 8.000 -5.543
3 16 8.000 8.000 -3.474 7.000 8.000 -5.206 7.000 8.000 -5.000
3 16 5.000 8.000 -14.000 1.000 8.000 -11.000 1.000 8.000 -5.801
3 16 1.000 8.000 -5.801 2.000 8.000 -5.602 5.000 8.000 -14.000
3 16 5.000 8.000 -14.000 2.296 8.000 -5.543 4.243 8.000 -4.243
3 16 4.243 8.000 -4.243 5.000 8.000 -5.000 5.000 8.000 -14.000
3 16 5.543 8.000 -2.296 7.000 8.000 -5.000 5.000 8.000 -5.000
3 16 5.000 8.000 -5.000 4.243 8.000 -4.243 5.543 8.000 -2.296
3 16 7.000 8.000 -5.000 5.543 8.000 -2.296 6.000 8.000 0.000
3 16 6.000 8.000 0.000 8.000 8.000 -3.474 7.000 8.000 -5.000
3 16 2.296 8.000 -5.543 5.000 8.000 -14.000 2.000 8.000 -5.602
3 16 -5.000 8.000 -14.000 -1.000 8.000 -11.000 1.000 8.000 -11.000
3 16 1.000 8.000 -11.000 5.000 8.000 -14.000 -5.000 8.000 -14.000
3 16 -2.000 8.000 -52.000 0.000 8.000 -46.000 2.000 8.000 -52.000
3 16 44.033 8.000 -27.732 39.837 8.000 -23.000 46.033 8.000 -24.268
3 16 44.033 8.000 27.732 46.033 8.000 24.268 39.837 8.000 23.000
3 16 -2.000 8.000 52.000 2.000 8.000 52.000 0.000 8.000 46.000
3 16 -39.837 8.000 23.000 -46.033 8.000 24.268 -44.033 8.000 27.732
3 16 -44.033 8.000 -27.732 -46.033 8.000 -24.268 -39.837 8.000 -23.000
3 16 -2.000 8.000 -52.000 2.000 8.000 -52.000 6.326 8.000 -55.804
3 16 6.326 8.000 -55.804 -6.326 8.000 -55.804 -2.000 8.000 -52.000
3 16 44.033 8.000 -27.732 46.033 8.000 -24.268 51.490 8.000 -22.424
3 16 51.490 8.000 -22.424 45.164 8.000 -33.380 44.033 8.000 -27.732
3 16 46.033 8.000 24.268 44.033 8.000 27.732 45.164 8.000 33.380
3 16 45.164 8.000 33.380 51.490 8.000 22.424 46.033 8.000 24.268
3 16 2.000 8.000 52.000 -2.000 8.000 52.000 -6.326 8.000 55.804
3 16 -6.326 8.000 55.804 6.326 8.000 55.804 2.000 8.000 52.000
3 16 -44.033 8.000 27.732 -46.033 8.000 24.268 -51.490 8.000 22.424
3 16 -51.490 8.000 22.424 -45.165 8.000 33.380 -44.033 8.000 27.732
3 16 -44.033 8.000 -27.732 -45.165 8.000 -33.380 -51.490 8.000 -22.424
3 16 -51.490 8.000 -22.424 -46.033 8.000 -24.268 -44.033 8.000 -27.732
2 24 10.000 0.000 -17.321 10.000 8.000 -17.321
2 24 20.000 0.000 0.000 20.000 8.000 0.000
2 24 10.000 0.000 17.321 10.000 8.000 17.321
2 24 -10.000 0.000 17.321 -10.000 8.000 17.321
2 24 -20.000 0.000 0.000 -20.000 8.000 0.000
2 24 -10.000 0.000 -17.321 -10.000 8.000 -17.321
2 24 -7.000 4.000 5.206 -7.000 4.000 11.000
2 24 -5.000 4.000 11.000 -7.000 4.000 11.000
2 24 -5.000 4.000 11.000 -5.000 4.000 14.000
2 24 -5.000 8.000 5.000 -5.000 8.000 14.000
2 24 7.000 4.000 5.206 7.000 4.000 11.000
2 24 5.000 4.000 11.000 7.000 4.000 11.000
2 24 5.000 4.000 11.000 5.000 4.000 14.000
2 24 5.000 8.000 5.000 5.000 8.000 14.000
2 24 -5.000 8.000 14.000 5.000 8.000 14.000
2 24 -5.000 4.000 14.000 5.000 4.000 14.000
2 24 -5.000 4.000 -14.000 5.000 4.000 -14.000
2 24 -5.000 8.000 -14.000 5.000 8.000 -14.000
2 24 7.000 4.000 -5.206 7.000 4.000 -11.000
2 24 5.000 4.000 -11.000 7.000 4.000 -11.000
2 24 5.000 4.000 -11.000 5.000 4.000 -14.000
2 24 5.000 8.000 -5.000 5.000 8.000 -14.000
2 24 -7.000 4.000 -5.206 -7.000 4.000 -11.000
2 24 -5.000 4.000 -11.000 -7.000 4.000 -11.000
2 24 -5.000 4.000 -11.000 -5.000 4.000 -14.000
2 24 -5.000 8.000 -5.000 -5.000 8.000 -14.000
1 16 0.0000 4.0000 -60.0000 1.0000 0.0000 0.0000 0.0000 1.0000 0.0000 0.0000 0.0000 1.0000 clip13.dat
1 16 51.9615 4.0000 30.0000 -0.5000 0.0000 -0.8660 0.0000 1.0000 0.0000 0.8660 0.0000 -0.5000 clip13.dat
1 16 51.9615 4.0000 -30.0000 0.5000 0.0000 -0.8660 0.0000 1.0000 0.0000 0.8660 0.0000 0.5000 clip13.dat
1 16 0.0000 4.0000 60.0000 -1.0000 0.0000 0.0000 0.0000 1.0000 0.0000 0.0000 0.0000 -1.0000 clip13.dat
1 16 -51.9615 4.0000 -30.0000 0.5000 0.0000 0.8660 0.0000 1.0000 0.0000 -0.8660 0.0000 0.5000 clip13.dat
1 16 -51.9615 4.0000 30.0000 -0.5000 0.0000 0.8660 0.0000 1.0000 0.0000 -0.8660 0.0000 -0.5000 clip13.dat
1 16 0.0000 0.0000 0.0000 1.0000 0.0000 0.0000 0.0000 1.0000 0.0000 0.0000 0.0000 1.0000 s/64566s01.dat
1 16 0.0000 0.0000 0.0000 -1.0000 0.0000 0.0000 0.0000 1.0000 0.0000 0.0000 0.0000 1.0000 s/64566s01.dat
1 16 0.0000 0.0000 0.0000 0.5000 0.0000 -0.8660 0.0000 1.0000 0.0000 0.8660 0.0000 0.5000 s/64566s01.dat
1 16 0.0000 0.0000 0.0000 -0.5000 0.0000 -0.8660 0.0000 1.0000 0.0000 -0.8660 0.0000 0.5000 s/64566s01.dat
1 16 0.0000 0.0000 0.0000 -0.5000 0.0000 -0.8660 0.0000 1.0000 0.0000 0.8660 0.0000 -0.5000 s/64566s01.dat
1 16 0.0000 0.0000 0.0000 0.5000 0.0000 -0.8660 0.0000 1.0000 0.0000 -0.8660 0.0000 -0.5000 s/64566s01.dat
1 16 0.0000 0.0000 0.0000 -1.0000 0.0000 0.0000 0.0000 1.0000 0.0000 0.0000 0.0000 -1.0000 s/64566s01.dat
1 16 0.0000 0.0000 0.0000 1.0000 0.0000 0.0000 0.0000 1.0000 0.0000 0.0000 0.0000 -1.0000 s/64566s01.dat
1 16 0.0000 0.0000 0.0000 -0.5000 0.0000 0.8660 0.0000 1.0000 0.0000 -0.8660 0.0000 -0.5000 s/64566s01.dat
1 16 0.0000 0.0000 0.0000 0.5000 0.0000 0.8660 0.0000 1.0000 0.0000 0.8660 0.0000 -0.5000 s/64566s01.dat
1 16 0.0000 0.0000 0.0000 0.5000 0.0000 0.8660 0.0000 1.0000 0.0000 -0.8660 0.0000 0.5000 s/64566s01.dat
1 16 0.0000 0.0000 0.0000 -0.5000 0.0000 0.8660 0.0000 1.0000 0.0000 0.8660 0.0000 0.5000 s/64566s01.dat
1 16 0.0000 4.0000 -30.0000 1.0000 0.0000 0.0000 0.0000 -1.0000 0.0000 0.0000 0.0000 -1.0000 stud3.dat
1 16 25.9810 4.0000 -15.0000 0.5000 0.0000 0.8660 0.0000 -1.0000 0.0000 0.8660 0.0000 -0.5000 stud3.dat
1 16 25.9810 4.0000 15.0000 -0.5000 0.0000 0.8660 0.0000 -1.0000 0.0000 0.8660 0.0000 0.5000 stud3.dat
1 16 0.0000 4.0000 30.0000 -1.0000 0.0000 0.0000 0.0000 -1.0000 0.0000 0.0000 0.0000 1.0000 stud3.dat
1 16 -9.8040 4.0000 5.6700 0.5000 0.0000 -2.3036 0.0000 4.0000 0.0000 0.8660 0.0000 1.3300 box4-4a.dat
1 16 0.0000 6.0000 5.0000 0.0000 0.0000 5.0000 2.0000 0.0000 0.0000 0.0000 9.0000 0.0000 box3u8p.dat
1 16 0.0000 6.0000 -5.0000 0.0000 0.0000 -5.0000 2.0000 0.0000 0.0000 0.0000 -9.0000 0.0000 box3u8p.dat
1 16 -25.9810 4.0000 15.0000 -0.5000 0.0000 -0.8660 0.0000 -1.0000 0.0000 -0.8660 0.0000 0.5000 stud3.dat
1 16 -25.9810 4.0000 -15.0000 0.5000 0.0000 -0.8660 0.0000 -1.0000 0.0000 -0.8660 0.0000 -0.5000 stud3.dat
1 16 0.0000 0.0000 0.0000 1.0000 0.0000 0.0000 0.0000 8.0000 0.0000 0.0000 0.0000 1.0000 axlehol5.dat
0 BFC INVERTNEXT
1 16 -6.0000 0.0000 8.0000 1.0000 0.0000 0.0000 0.0000 4.0000 0.0000 0.0000 0.0000 3.0000 box4o4a.dat
0 BFC INVERTNEXT
1 16 0.0000 4.0000 -5.8010 0.0000 0.0000 -1.0000 4.0000 0.0000 0.0000 0.0000 -5.1990 0.0000 box3u2p.dat
0 BFC INVERTNEXT
1 16 0.0010 4.0000 5.8010 0.0000 0.0000 1.0000 4.0000 0.0000 0.0000 0.0000 5.1990 0.0000 box3u2p.dat
1 16 -1.5000 4.0000 5.7015 0.0000 -1.0000 -0.5000 -4.0000 0.0000 0.0000 0.0000 0.0000 -0.1000 rect3.dat
1 16 1.5000 4.0000 5.7015 0.0000 1.0000 0.5000 4.0000 0.0000 0.0000 0.0000 0.0000 -0.1000 rect3.dat
1 16 1.5000 4.0000 -5.7015 0.0000 1.0000 0.5000 -4.0000 0.0000 0.0000 0.0000 0.0000 0.1000 rect3.dat
1 16 -1.5000 4.0000 -5.7015 0.0000 -1.0000 -0.5000 4.0000 0.0000 0.0000 0.0000 0.0000 0.1000 rect3.dat
1 16 -8.0001 6.0000 0.0000 0.0000 1.0000 0.0000 0.0000 0.0000 -2.0000 -3.4740 0.0000 0.0000 rect.dat
1 16 8.0001 6.0000 0.0000 0.0000 -1.0000 0.0000 0.0000 0.0000 2.0000 -3.4740 0.0000 0.0000 rect.dat
1 16 -6.0000 6.0000 5.0000 0.0000 0.0000 -1.0000 2.0000 0.0000 0.0000 0.0000 -1.0000 0.0000 rect2a.dat
1 16 -7.0000 6.0000 5.1030 0.0000 -1.0000 0.0000 2.0000 0.0000 0.0000 0.0000 0.0000 0.1030 rect2a.dat
1 16 9.8040 4.0000 5.6700 -0.5000 0.0000 2.3036 0.0000 4.0000 0.0000 0.8660 0.0000 1.3300 box4-4a.dat
0 BFC INVERTNEXT
1 16 6.0000 0.0000 8.0000 -1.0000 0.0000 0.0000 0.0000 4.0000 0.0000 0.0000 0.0000 3.0000 box4o4a.dat
1 16 6.0000 6.0000 5.0000 1.0000 0.0000 0.0000 0.0000 0.0000 2.0000 0.0000 -1.0000 0.0000 rect2a.dat
1 16 7.0000 6.0000 5.1030 0.0000 1.0000 0.0000 0.0000 0.0000 2.0000 0.1030 0.0000 0.0000 rect2a.dat
1 16 9.8040 4.0000 -5.6700 -0.5000 0.0000 2.3036 0.0000 4.0000 0.0000 -0.8660 0.0000 -1.3300 box4-4a.dat
0 BFC INVERTNEXT
1 16 6.0000 0.0000 -8.0000 -1.0000 0.0000 0.0000 0.0000 4.0000 0.0000 0.0000 0.0000 -3.0000 box4o4a.dat
1 16 6.0000 6.0000 -5.0000 0.0000 0.0000 1.0000 2.0000 0.0000 0.0000 0.0000 1.0000 0.0000 rect2a.dat
1 16 7.0000 6.0000 -5.1030 0.0000 1.0000 0.0000 2.0000 0.0000 0.0000 0.0000 0.0000 -0.1030 rect2a.dat
1 16 -9.8040 4.0000 -5.6700 0.5000 0.0000 -2.3036 0.0000 4.0000 0.0000 -0.8660 0.0000 -1.3300 box4-4a.dat
0 BFC INVERTNEXT
1 16 -6.0000 0.0000 -8.0000 1.0000 0.0000 0.0000 0.0000 4.0000 0.0000 0.0000 0.0000 -3.0000 box4o4a.dat
1 16 -6.0000 6.0000 -5.0000 -1.0000 0.0000 0.0000 0.0000 0.0000 2.0000 0.0000 1.0000 0.0000 rect2a.dat
1 16 -7.0000 6.0000 -5.1030 0.0000 -1.0000 0.0000 0.0000 0.0000 2.0000 -0.1030 0.0000 0.0000 rect2a.dat
1 16 0.0000 0.0000 -30.0000 0.0000 0.0000 1.0000 0.0000 1.0000 0.0000 -1.0000 0.0000 0.0000 stug-1x2.dat
1 16 17.3210 0.0000 -10.0000 0.0000 0.0000 1.0000 0.0000 1.0000 0.0000 -1.0000 0.0000 0.0000 stud.dat
1 16 34.6410 0.0000 -20.0000 0.0000 0.0000 1.0000 0.0000 1.0000 0.0000 -1.0000 0.0000 0.0000 stud.dat
1 16 17.3210 0.0000 10.0000 0.0000 0.0000 1.0000 0.0000 1.0000 0.0000 -1.0000 0.0000 0.0000 stud.dat
1 16 34.6410 0.0000 20.0000 0.0000 0.0000 1.0000 0.0000 1.0000 0.0000 -1.0000 0.0000 0.0000 stud.dat
1 16 0.0000 0.0000 30.0000 0.0000 0.0000 1.0000 0.0000 1.0000 0.0000 -1.0000 0.0000 0.0000 stug-1x2.dat
1 16 -17.3210 0.0000 10.0000 0.0000 0.0000 1.0000 0.0000 1.0000 0.0000 -1.0000 0.0000 0.0000 stud.dat
1 16 -34.6410 0.0000 20.0000 0.0000 0.0000 1.0000 0.0000 1.0000 0.0000 -1.0000 0.0000 0.0000 stud.dat
1 16 -17.3210 0.0000 -10.0000 0.0000 0.0000 1.0000 0.0000 1.0000 0.0000 -1.0000 0.0000 0.0000 stud.dat
1 16 -34.6410 0.0000 -20.0000 0.0000 0.0000 1.0000 0.0000 1.0000 0.0000 -1.0000 0.0000 0.0000 stud.dat
