0 FILE 72869.dat
0 Bar Holder with Clip Angled
0 Name:  72869.dat
0 Author:  
0 BL_Item_No 72869
0 BFC CERTIFY CCW
3 16 2.250 -1.914 -4.620 2.250 1.914 -4.620 2.250 0.000 5.000
3 16 6.250 -4.237 -6.016 6.250 -1.914 -4.620 6.250 -5.000 -5.000
3 16 6.250 -5.000 -5.000 6.250 -5.303 -5.303 6.250 -4.237 -6.016
3 16 6.250 -5.000 -5.000 6.250 -5.000 0.000 6.250 -7.500 0.000
3 16 6.250 -7.500 0.000 6.250 -5.303 -5.303 6.250 -5.000 -5.000
3 16 6.250 -5.000 0.000 6.250 -5.000 5.000 6.250 -5.303 5.303
3 16 6.250 -5.303 5.303 6.250 -7.500 0.000 6.250 -5.000 0.000
3 16 6.250 -5.000 5.000 6.250 0.000 5.000 6.250 0.000 7.500
3 16 6.250 0.000 7.500 6.250 -5.303 5.303 6.250 -5.000 5.000
3 16 6.250 0.000 5.000 6.250 5.000 5.000 6.250 5.303 5.303
3 16 6.250 5.303 5.303 6.250 0.000 7.500 6.250 0.000 5.000
3 16 6.250 5.000 5.000 6.250 5.000 0.000 6.250 7.500 0.000
3 16 6.250 7.500 0.000 6.250 5.303 5.303 6.250 5.000 5.000
3 16 6.250 7.500 0.000 6.250 5.000 0.000 6.250 5.000 -5.000
3 16 6.250 5.000 -5.000 6.250 5.303 -5.303 6.250 7.500 0.000
3 16 6.250 4.237 -6.016 6.250 5.303 -5.303 6.250 5.000 -5.000
3 16 6.250 5.000 -5.000 6.250 1.914 -4.620 6.250 4.237 -6.016
3 16 6.250 -1.914 -7.500 6.250 -4.237 -10.000 6.250 4.237 -10.000
3 16 6.250 4.237 -10.000 6.250 1.914 -7.500 6.250 -1.914 -7.500
3 16 6.250 -4.237 -10.000 6.250 -1.914 -7.500 6.250 -1.914 -4.620
3 16 6.250 -1.914 -4.620 6.250 -4.237 -6.016 6.250 -4.237 -10.000
3 16 6.250 4.237 -10.000 6.250 4.237 -6.016 6.250 1.914 -4.620
3 16 6.250 1.914 -4.620 6.250 1.914 -7.500 6.250 4.237 -10.000
3 16 0.000 -6.862 -2.971 0.000 -6.862 -10.000 3.383 -6.180 -10.000
3 16 3.383 -6.180 -10.000 3.383 -6.180 -3.991 0.000 -6.862 -2.971
3 16 4.677 -5.303 -5.303 3.383 -6.180 -3.991 3.383 -6.180 -10.000
3 16 3.383 -6.180 -10.000 6.250 -4.237 -10.000 6.250 -4.237 -6.016
3 16 6.250 -4.237 -6.016 4.677 -5.303 -5.303 3.383 -6.180 -10.000
3 16 6.250 -4.237 -6.016 6.250 -5.303 -5.303 4.677 -5.303 -5.303
3 16 6.250 4.237 -10.000 3.383 6.180 -10.000 4.677 5.303 -5.303
3 16 4.677 5.303 -5.303 6.250 4.237 -6.016 6.250 4.237 -10.000
3 16 3.383 6.180 -3.991 4.677 5.303 -5.303 3.383 6.180 -10.000
3 16 0.000 6.862 -3.990 3.383 6.180 -3.991 3.383 6.180 -10.000
3 16 3.383 6.180 -10.000 0.000 6.862 -10.000 0.000 6.862 -3.990
3 16 6.250 5.303 -5.303 6.250 4.237 -6.016 4.677 5.303 -5.303
3 16 6.250 -4.237 -10.000 3.383 -6.180 -10.000 3.383 6.180 -10.000
3 16 3.383 6.180 -10.000 6.250 4.237 -10.000 6.250 -4.237 -10.000
3 16 3.383 6.180 -10.000 3.383 -6.180 -10.000 0.000 -6.862 -10.000
3 16 0.000 -6.862 -10.000 0.000 6.862 -10.000 3.383 6.180 -10.000
3 16 -2.250 1.914 -4.620 -2.250 -1.914 -4.620 -2.250 0.000 5.000
3 16 -6.250 -4.237 -6.016 -6.250 -5.303 -5.303 -6.250 -5.000 -5.000
3 16 -6.250 -5.000 -5.000 -6.250 -1.914 -4.620 -6.250 -4.237 -6.016
3 16 -6.250 -5.000 -5.000 -6.250 -5.303 -5.303 -6.250 -7.500 0.000
3 16 -6.250 -7.500 0.000 -6.250 -5.000 0.000 -6.250 -5.000 -5.000
3 16 -6.250 -5.000 0.000 -6.250 -7.500 0.000 -6.250 -5.303 5.303
3 16 -6.250 -5.303 5.303 -6.250 -5.000 5.000 -6.250 -5.000 0.000
3 16 -6.250 -5.000 5.000 -6.250 -5.303 5.303 -6.250 0.000 7.500
3 16 -6.250 0.000 7.500 -6.250 0.000 5.000 -6.250 -5.000 5.000
3 16 -6.250 0.000 5.000 -6.250 0.000 7.500 -6.250 5.303 5.303
3 16 -6.250 5.303 5.303 -6.250 5.000 5.000 -6.250 0.000 5.000
3 16 -6.250 5.000 5.000 -6.250 5.303 5.303 -6.250 7.500 0.000
3 16 -6.250 7.500 0.000 -6.250 5.000 0.000 -6.250 5.000 5.000
3 16 -6.250 7.500 0.000 -6.250 5.303 -5.303 -6.250 5.000 -5.000
3 16 -6.250 5.000 -5.000 -6.250 5.000 0.000 -6.250 7.500 0.000
3 16 -6.250 4.237 -6.016 -6.250 1.914 -4.620 -6.250 5.000 -5.000
3 16 -6.250 5.000 -5.000 -6.250 5.303 -5.303 -6.250 4.237 -6.016
3 16 -6.250 -1.914 -7.500 -6.250 1.914 -7.500 -6.250 4.237 -10.000
3 16 -6.250 4.237 -10.000 -6.250 -4.237 -10.000 -6.250 -1.914 -7.500
3 16 -6.250 -4.237 -10.000 -6.250 -4.237 -6.016 -6.250 -1.914 -4.620
3 16 -6.250 -1.914 -4.620 -6.250 -1.914 -7.500 -6.250 -4.237 -10.000
3 16 -6.250 4.237 -10.000 -6.250 1.914 -7.500 -6.250 1.914 -4.620
3 16 -6.250 1.914 -4.620 -6.250 4.237 -6.016 -6.250 4.237 -10.000
3 16 0.000 -6.862 -2.971 -3.383 -6.180 -3.991 -3.383 -6.180 -10.000
3 16 -3.383 -6.180 -10.000 0.000 -6.862 -10.000 0.000 -6.862 -2.971
3 16 -3.383 -6.180 -3.991 -4.677 -5.303 -5.303 -3.383 -6.180 -10.000
3 16 -3.383 -6.180 -10.000 -4.677 -5.303 -5.303 -6.250 -4.237 -6.016
3 16 -6.250 -4.237 -6.016 -6.250 -4.237 -10.000 -3.383 -6.180 -10.000
3 16 -6.250 -5.303 -5.303 -6.250 -4.237 -6.016 -4.677 -5.303 -5.303
3 16 -6.250 4.237 -10.000 -6.250 4.237 -6.016 -4.677 5.303 -5.303
3 16 -4.677 5.303 -5.303 -3.383 6.180 -10.000 -6.250 4.237 -10.000
3 16 -4.677 5.303 -5.303 -3.383 6.180 -3.991 -3.383 6.180 -10.000
3 16 0.000 6.862 -3.990 0.000 6.862 -10.000 -3.383 6.180 -10.000
3 16 -3.383 6.180 -10.000 -3.383 6.180 -3.991 0.000 6.862 -3.990
3 16 -6.250 4.237 -6.016 -6.250 5.303 -5.303 -4.677 5.303 -5.303
3 16 -6.250 -4.237 -10.000 -6.250 4.237 -10.000 -3.383 6.180 -10.000
3 16 -3.383 6.180 -10.000 -3.383 -6.180 -10.000 -6.250 -4.237 -10.000
3 16 -3.383 6.180 -10.000 0.000 6.862 -10.000 0.000 -6.862 -10.000
3 16 0.000 -6.862 -10.000 -3.383 -6.180 -10.000 -3.383 6.180 -10.000
3 16 6.250 30.000 4.237 4.000 30.000 4.000 -4.000 30.000 4.000
3 16 -4.000 30.000 4.000 -6.250 30.000 4.237 6.250 30.000 4.237
3 16 -4.000 30.000 4.000 -4.000 30.000 -4.000 -6.250 30.000 -4.237
3 16 -6.250 30.000 -4.237 -6.250 30.000 4.237 -4.000 30.000 4.000
3 16 -4.000 30.000 -4.000 4.000 30.000 -4.000 6.250 30.000 -4.237
3 16 6.250 30.000 -4.237 -6.250 30.000 -4.237 -4.000 30.000 -4.000
3 16 4.000 30.000 -4.000 4.000 30.000 4.000 6.250 30.000 4.237
3 16 6.250 30.000 4.237 6.250 30.000 -4.237 4.000 30.000 -4.000
3 16 6.250 10.000 -4.237 6.250 10.000 4.237 -6.250 10.000 4.237
3 16 -6.250 10.000 4.237 -6.250 10.000 -4.237 6.250 10.000 -4.237
2 24 4.677 5.303 -5.303 6.250 4.237 -6.016
2 24 4.677 5.303 -5.303 3.383 6.180 -3.991
2 24 3.383 -6.180 -3.991 0.000 -6.862 -2.971
2 24 4.677 -5.303 -5.303 3.383 -6.180 -3.991
2 24 6.250 -4.237 -6.016 4.677 -5.303 -5.303
2 24 6.250 -5.303 -5.303 6.250 -4.237 -6.016
2 24 6.250 4.237 -6.016 6.250 5.303 -5.303
2 24 0.000 -6.862 -10.000 3.383 -6.180 -10.000
2 24 3.383 -6.180 -10.000 6.250 -4.237 -10.000
2 24 6.250 4.237 -10.000 3.383 6.180 -10.000
2 24 3.383 6.180 -10.000 0.000 6.862 -10.000
2 24 -4.677 5.303 -5.303 -6.250 4.237 -6.016
2 24 -4.677 5.303 -5.303 -3.383 6.180 -3.991
2 24 -3.383 -6.180 -3.991 0.000 -6.862 -2.971
2 24 -4.677 -5.303 -5.303 -3.383 -6.180 -3.991
2 24 -6.250 -4.237 -6.016 -4.677 -5.303 -5.303
2 24 -6.250 -5.303 -5.303 -6.250 -4.237 -6.016
2 24 -6.250 4.237 -6.016 -6.250 5.303 -5.303
2 24 0.000 -6.862 -10.000 -3.383 -6.180 -10.000
2 24 -3.383 -6.180 -10.000 -6.250 -4.237 -10.000
2 24 -6.250 4.237 -10.000 -3.383 6.180 -10.000
2 24 -3.383 6.180 -10.000 0.000 6.862 -10.000
2 24 3.900 7.500 0.000 3.900 6.929 2.870
2 24 -3.900 6.929 2.870 -3.900 7.500 0.000
2 24 3.900 6.181 3.990 3.900 6.929 2.870
2 24 -3.900 6.929 2.870 -3.900 6.181 3.990
2 24 3.900 6.181 -3.990 3.900 6.929 -2.870
2 24 -3.900 6.181 -3.990 -3.900 6.929 -2.870
2 24 3.900 7.500 0.000 3.900 6.929 -2.870
2 24 -3.900 6.929 -2.870 -3.900 7.500 0.000
2 24 0.000 6.862 -3.990 -3.380 6.181 -3.990
2 24 0.000 6.862 -3.990 3.380 6.181 -3.990
1 16 0.0000 0.0000 -20.0000 0.0000 1.0000 0.0000 -1.0000 0.0000 0.0000 0.0000 0.0000 1.0000 clip5.dat
1 16 0.0000 0.0000 -10.0000 0.0000 0.0000 -4.0000 -4.1909 0.0000 0.0000 0.0000 1.0000 0.0000 recte4.dat
1 16 -6.2500 0.0000 0.0000 0.0000 12.5000 0.0000 0.0000 0.0000 -7.5000 7.5000 0.0000 0.0000 3-8cylo.dat
1 16 -6.2500 0.0000 0.0000 0.0000 12.5000 0.0000 0.0000 0.0000 7.5000 7.5000 0.0000 0.0000 3-8cylo.dat
0 BFC INVERTNEXT
1 16 6.2500 0.0000 0.0000 0.0000 -4.0000 0.0000 0.0000 0.0000 5.0000 5.0000 0.0000 0.0000 7-16cylo.dat
0 BFC INVERTNEXT
1 16 6.2500 0.0000 0.0000 0.0000 -4.0000 0.0000 0.0000 0.0000 -5.0000 5.0000 0.0000 0.0000 7-16cylo.dat
1 16 2.2500 0.0000 0.0000 0.0000 -1.0000 0.0000 0.0000 0.0000 -5.0000 5.0000 0.0000 0.0000 7-16chrd.dat
1 16 2.2500 0.0000 0.0000 0.0000 -1.0000 0.0000 0.0000 0.0000 5.0000 5.0000 0.0000 0.0000 7-16chrd.dat
0 BFC INVERTNEXT
1 16 4.2500 0.0000 -4.6195 0.0000 0.0000 -2.0000 1.9135 0.0000 0.0000 0.0000 -2.8806 0.0000 box4-2p.dat
1 16 6.2500 0.0000 0.0000 0.0000 -1.0000 0.0000 0.0000 0.0000 5.0000 5.0000 0.0000 0.0000 7-16ndis.dat
1 16 6.2500 0.0000 0.0000 0.0000 -1.0000 0.0000 0.0000 0.0000 -5.0000 5.0000 0.0000 0.0000 7-16ndis.dat
1 16 6.2500 0.0000 0.0000 0.0000 -1.0000 0.0000 0.0000 0.0000 -7.5000 7.5000 0.0000 0.0000 1-8chrd.dat
1 16 6.2500 0.0000 0.0000 0.0000 -1.0000 0.0000 -7.5000 0.0000 0.0000 0.0000 0.0000 -7.5000 1-8chrd.dat
1 16 6.2500 0.0000 0.0000 0.0000 -1.0000 0.0000 -7.5000 0.0000 0.0000 0.0000 0.0000 7.5000 1-8chrd.dat
1 16 6.2500 0.0000 0.0000 0.0000 -1.0000 0.0000 0.0000 0.0000 7.5000 7.5000 0.0000 0.0000 1-8chrd.dat
1 16 6.2500 0.0000 0.0000 0.0000 -1.0000 0.0000 7.5000 0.0000 0.0000 0.0000 0.0000 -7.5000 1-8chrd.dat
1 16 6.2500 0.0000 0.0000 0.0000 -1.0000 0.0000 7.5000 0.0000 0.0000 0.0000 0.0000 7.5000 1-8chrd.dat
1 16 6.2500 0.0000 -8.0078 0.0000 -1.0000 0.0000 -4.2373 0.0000 0.0000 0.0000 0.0000 -1.9922 recte3.dat
0 BFC INVERTNEXT
1 16 -6.2500 0.0000 0.0000 0.0000 4.0000 0.0000 0.0000 0.0000 5.0000 5.0000 0.0000 0.0000 7-16cylo.dat
0 BFC INVERTNEXT
1 16 -6.2500 0.0000 0.0000 0.0000 4.0000 0.0000 0.0000 0.0000 -5.0000 5.0000 0.0000 0.0000 7-16cylo.dat
1 16 -2.2500 0.0000 0.0000 0.0000 1.0000 0.0000 0.0000 0.0000 -5.0000 5.0000 0.0000 0.0000 7-16chrd.dat
1 16 -2.2500 0.0000 0.0000 0.0000 1.0000 0.0000 0.0000 0.0000 5.0000 5.0000 0.0000 0.0000 7-16chrd.dat
0 BFC INVERTNEXT
1 16 -4.2500 0.0000 -4.6195 0.0000 0.0000 2.0000 1.9135 0.0000 0.0000 0.0000 -2.8806 0.0000 box4-2p.dat
1 16 -6.2500 0.0000 0.0000 0.0000 1.0000 0.0000 0.0000 0.0000 5.0000 5.0000 0.0000 0.0000 7-16ndis.dat
1 16 -6.2500 0.0000 0.0000 0.0000 1.0000 0.0000 0.0000 0.0000 -5.0000 5.0000 0.0000 0.0000 7-16ndis.dat
1 16 -6.2500 0.0000 0.0000 0.0000 1.0000 0.0000 0.0000 0.0000 -7.5000 7.5000 0.0000 0.0000 1-8chrd.dat
1 16 -6.2500 0.0000 0.0000 0.0000 1.0000 0.0000 -7.5000 0.0000 0.0000 0.0000 0.0000 -7.5000 1-8chrd.dat
1 16 -6.2500 0.0000 0.0000 0.0000 1.0000 0.0000 -7.5000 0.0000 0.0000 0.0000 0.0000 7.5000 1-8chrd.dat
1 16 -6.2500 0.0000 0.0000 0.0000 1.0000 0.0000 0.0000 0.0000 7.5000 7.5000 0.0000 0.0000 1-8chrd.dat
1 16 -6.2500 0.0000 0.0000 0.0000 1.0000 0.0000 7.5000 0.0000 0.0000 0.0000 0.0000 -7.5000 1-8chrd.dat
1 16 -6.2500 0.0000 0.0000 0.0000 1.0000 0.0000 7.5000 0.0000 0.0000 0.0000 0.0000 7.5000 1-8chrd.dat
1 16 -6.2500 0.0000 -8.0078 0.0000 1.0000 0.0000 -4.2373 0.0000 0.0000 0.0000 0.0000 -1.9922 recte3.dat
1 16 0.0000 30.0000 -2.1000 6.2494 0.0000 -6.2525 0.0000 -20.0000 0.0000 6.3368 0.0000 6.3349 1-4cylo.dat
1 16 0.0000 30.0000 2.1000 6.2494 0.0000 -6.2525 0.0000 -20.0000 0.0000 -6.3368 0.0000 -6.3349 1-4cylo.dat
1 16 0.0000 30.0000 -2.1000 -6.2494 0.0000 6.2525 0.0000 -1.0000 0.0000 6.3368 0.0000 6.3349 1-4chrd.dat
1 16 0.0000 30.0000 2.1000 -6.2494 0.0000 6.2525 0.0000 -1.0000 0.0000 -6.3368 0.0000 -6.3349 1-4chrd.dat
1 16 0.0000 10.0000 -2.1000 -6.2494 0.0000 6.2525 0.0000 1.0000 0.0000 6.3368 0.0000 6.3349 1-4chrd.dat
1 16 0.0000 10.0000 2.1000 -6.2494 0.0000 6.2525 0.0000 1.0000 0.0000 -6.3368 0.0000 -6.3349 1-4chrd.dat
1 16 0.0000 30.0000 0.0000 0.0000 0.0000 4.0000 0.0000 -1.0000 0.0000 4.0000 0.0000 0.0000 4-4ndis.dat
1 16 6.2500 20.0000 0.0000 0.0000 -1.0000 0.0000 0.0000 0.0000 10.0000 -4.2373 0.0000 0.0000 rect.dat
1 16 -6.2500 20.0000 0.0000 0.0000 1.0000 0.0000 0.0000 0.0000 10.0000 4.2373 0.0000 0.0000 rect.dat
0 BFC INVERTNEXT
1 16 0.0000 20.0000 0.0000 0.0000 0.0000 -4.0000 0.0000 10.0000 0.0000 4.0000 0.0000 0.0000 4-4cylc.dat
1 16 0.0000 10.0000 0.0000 0.0000 0.0000 -3.9000 0.0000 -3.8191 0.0000 3.9900 0.0000 0.0000 box4.dat
