0 FILE 73682.dat
0 Slope, Curved 3 x 3 Double
0 Name:  73682.dat
0 Author:  
0 BL_Item_No 73682
0 BFC CERTIFY CCW
3 16 -10.000 24.000 6.000 -10.000 24.000 10.000 -6.000 24.000 10.000
3 16 14.000 8.000 -14.000 15.360 8.000 -10.000 10.000 8.000 -10.000
3 16 10.000 8.000 -10.000 10.000 8.000 -15.360 14.000 8.000 -14.000
3 16 27.071 16.000 -27.071 23.827 16.000 -29.239 23.827 16.761 -29.239
3 16 23.827 16.000 -29.239 20.000 16.000 -30.000 20.000 19.314 -30.000
3 16 20.000 19.314 -30.000 23.827 16.761 -29.239 23.827 16.000 -29.239
3 16 29.239 16.000 -23.827 27.071 16.000 -27.071 29.239 16.761 -23.827
3 16 29.239 16.000 -23.827 29.239 16.761 -23.827 30.000 19.314 -20.000
3 16 30.000 19.314 -20.000 30.000 16.000 -20.000 29.239 16.000 -23.827
2 24 4.350 16.830 -4.350 -6.000 12.650 6.000
2 24 8.495 16.239 -8.495 4.350 16.830 -4.350
2 24 8.495 16.239 -8.495 11.194 14.774 -11.194
2 24 11.194 14.774 -11.194 13.134 12.000 -13.134
2 24 -10.000 10.480 10.000 -10.000 24.000 10.000
2 24 -14.500 7.940 14.500 -10.000 10.480 10.000
2 24 -26.000 4.000 26.000 -26.000 16.000 26.000
2 24 -30.000 0.000 30.000 -30.000 16.000 30.000
2 24 1.716 10.510 -1.716 5.969 12.031 -5.969
2 24 10.000 8.000 -10.000 9.696 9.531 -9.696
2 24 9.696 9.531 -9.696 8.828 10.828 -8.828
2 24 7.531 11.696 -7.531 8.828 10.828 -8.828
2 24 -4.436 7.532 4.436 1.716 10.510 -1.716
2 24 -4.436 7.532 4.436 -10.000 4.000 10.000
2 24 5.969 12.031 -5.969 7.531 11.696 -7.531
2 24 -5.303 13.788 3.182 -4.243 13.360 4.243
2 24 -8.121 12.650 6.000 -5.303 13.788 3.182
2 24 -4.243 13.360 4.243 -3.182 13.788 5.303
2 24 -6.000 12.650 8.121 -3.182 13.788 5.303
2 24 -6.322 23.500 8.443 -7.172 23.500 7.172
2 24 -7.172 23.500 7.172 -8.443 23.500 6.322
3 16 -26.000 24.000 -26.000 -2.000 24.000 -26.000 2.000 24.000 -30.000
3 16 2.000 24.000 -30.000 -30.000 24.000 -30.000 -26.000 24.000 -26.000
3 16 -10.000 24.000 6.000 -26.000 24.000 6.000 -30.000 24.000 10.000
3 16 -30.000 24.000 10.000 -10.000 24.000 10.000 -10.000 24.000 6.000
3 16 -26.000 24.000 6.000 -26.000 24.000 -26.000 -30.000 24.000 -30.000
3 16 -30.000 24.000 -30.000 -30.000 24.000 10.000 -26.000 24.000 6.000
3 16 22.296 16.457 -25.543 24.243 16.000 -24.243 27.071 16.000 -27.071
3 16 27.071 16.000 -27.071 23.827 16.761 -29.239 22.296 16.457 -25.543
3 16 20.490 16.761 -25.903 22.296 16.457 -25.543 23.827 16.761 -29.239
3 16 20.490 16.761 -25.903 23.827 16.761 -29.239 19.999 19.314 -30.000
3 16 19.999 19.314 -30.000 20.000 17.088 -26.000 20.490 16.761 -25.903
3 16 20.000 17.088 -26.000 19.999 19.314 -30.000 15.999 19.314 -26.000
3 16 -26.000 20.000 -26.000 -26.000 24.000 -26.000 -26.000 24.000 6.000
3 16 -26.000 24.000 6.000 -26.000 19.600 -18.620 -26.000 20.000 -26.000
3 16 -26.000 16.830 -4.350 -26.000 19.600 -18.620 -26.000 24.000 6.000
3 16 -26.000 16.830 -4.350 -26.000 24.000 6.000 -26.000 12.650 6.000
3 16 -2.000 24.000 -26.000 -2.000 20.000 -26.000 2.188 19.812 -26.000
3 16 -2.000 24.000 -26.000 2.188 19.812 -26.000 6.709 18.913 -26.000
3 16 -2.000 24.000 -26.000 6.709 18.913 -26.000 15.999 19.314 -26.000
3 16 15.999 19.314 -26.000 6.709 18.913 -26.000 10.540 16.352 -26.000
3 16 15.999 19.314 -26.000 10.540 16.352 -26.000 13.101 12.520 -26.000
3 16 15.999 19.314 -26.000 13.101 12.520 -26.000 20.000 12.000 -26.000
3 16 20.000 12.000 -26.000 13.101 12.520 -26.000 13.205 12.000 -26.000
3 16 20.000 16.000 -26.000 20.000 17.088 -26.000 15.999 19.314 -26.000
3 16 20.000 12.000 -26.000 20.000 16.000 -26.000 15.999 19.314 -26.000
3 16 20.000 17.088 -26.000 20.000 16.000 -26.000 20.490 16.761 -25.903
3 16 22.296 16.457 -25.543 22.296 16.000 -25.543 24.243 16.000 -24.243
3 16 20.000 16.000 -26.000 22.296 16.000 -25.543 22.296 16.457 -25.543
3 16 22.296 16.457 -25.543 20.490 16.761 -25.903 20.000 16.000 -26.000
3 16 2.348 19.652 -22.616 2.188 19.812 -26.000 -2.000 20.000 -26.000
3 16 2.348 19.652 -22.616 -2.000 20.000 -26.000 -2.000 19.600 -18.620
3 16 2.348 19.652 -22.616 -2.000 19.600 -18.620 3.396 18.604 -15.360
3 16 4.350 16.830 -4.350 3.396 18.604 -15.360 -2.000 19.600 -18.620
3 16 -6.000 12.650 6.000 4.350 16.830 -4.350 -26.000 16.830 -4.350
3 16 -26.000 16.830 -4.350 -26.000 12.650 6.000 -6.000 12.650 6.000
3 16 4.350 16.830 -4.350 -2.000 19.600 -18.620 -26.000 19.600 -18.620
3 16 -26.000 19.600 -18.620 -26.000 16.830 -4.350 4.350 16.830 -4.350
3 16 -2.000 19.600 -18.620 -2.000 20.000 -26.000 -26.000 20.000 -26.000
3 16 -26.000 20.000 -26.000 -26.000 19.600 -18.620 -2.000 19.600 -18.620
3 16 6.807 18.766 -22.616 6.709 18.913 -26.000 2.188 19.812 -26.000
3 16 2.188 19.812 -26.000 2.348 19.652 -22.616 6.807 18.766 -22.616
3 16 6.807 18.766 -22.616 10.587 16.239 -22.616 10.540 16.352 -26.000
3 16 10.540 16.352 -26.000 6.709 18.913 -26.000 6.807 18.766 -22.616
3 16 10.587 16.239 -22.616 13.113 12.459 -22.616 13.101 12.520 -26.000
3 16 13.101 12.520 -26.000 10.540 16.352 -26.000 10.587 16.239 -22.616
3 16 13.205 12.000 -14.743 13.193 12.000 -15.360 10.894 15.498 -15.360
3 16 13.113 12.459 -22.616 10.587 16.239 -22.616 10.894 15.498 -15.360
3 16 10.894 15.498 -15.360 13.193 12.000 -15.360 13.113 12.459 -22.616
3 16 10.587 16.239 -22.616 6.807 18.766 -22.616 7.454 17.797 -15.360
3 16 7.454 17.797 -15.360 10.894 15.498 -15.360 10.587 16.239 -22.616
3 16 7.454 17.797 -15.360 6.807 18.766 -22.616 2.348 19.652 -22.616
3 16 2.348 19.652 -22.616 3.396 18.604 -15.360 7.454 17.797 -15.360
3 16 13.134 12.000 -13.134 13.193 12.000 -15.360 10.894 15.498 -15.360
3 16 10.894 15.498 -15.360 11.194 14.774 -11.194 13.134 12.000 -13.134
3 16 10.894 15.498 -15.360 7.454 17.797 -15.360 8.495 16.239 -8.495
3 16 8.495 16.239 -8.495 11.194 14.774 -11.194 10.894 15.498 -15.360
3 16 7.454 17.797 -15.360 3.396 18.604 -15.360 4.350 16.830 -4.350
3 16 4.350 16.830 -4.350 8.495 16.239 -8.495 7.454 17.797 -15.360
3 16 13.205 12.000 -22.616 13.205 12.000 -26.000 13.101 12.520 -26.000
3 16 13.101 12.520 -26.000 13.113 12.459 -22.616 13.205 12.000 -22.616
3 16 13.205 12.000 -22.616 13.113 12.459 -22.616 13.193 12.000 -15.360
3 16 16.000 12.000 -24.000 20.000 12.000 -24.000 20.000 12.000 -26.000
3 16 20.000 12.000 -26.000 13.205 12.000 -26.000 16.000 12.000 -24.000
3 16 16.000 12.000 -16.000 16.000 12.000 -24.000 13.205 12.000 -26.000
3 16 13.205 12.000 -26.000 13.134 12.000 -13.134 16.000 12.000 -16.000
3 16 -30.000 16.000 10.000 -26.000 16.000 10.000 -30.000 24.000 10.000
3 16 -10.000 24.000 10.000 -30.000 24.000 10.000 -26.000 16.000 10.000
3 16 -26.000 16.000 10.000 -10.000 10.480 10.000 -10.000 24.000 10.000
3 16 -26.000 16.000 10.000 -26.000 10.480 10.000 -10.000 10.480 10.000
3 16 -14.500 7.940 14.500 -10.000 10.480 10.000 -26.000 10.480 10.000
3 16 -26.000 10.480 10.000 -26.000 7.940 14.500 -14.500 7.940 14.500
3 16 -26.000 4.000 14.500 -26.000 7.940 14.500 -26.000 16.000 26.000
3 16 -26.000 16.000 26.000 -26.000 4.000 26.000 -26.000 4.000 14.500
3 16 -26.000 16.000 10.000 -26.000 16.000 26.000 -26.000 7.940 14.500
3 16 -26.000 7.940 14.500 -26.000 10.480 10.000 -26.000 16.000 10.000
3 16 -26.000 16.000 26.000 -26.000 16.000 10.000 -30.000 16.000 10.000
3 16 -30.000 16.000 10.000 -30.000 16.000 30.000 -26.000 16.000 26.000
3 16 -30.000 16.000 -30.000 -30.000 15.652 -22.616 -30.000 24.000 10.000
3 16 -30.000 24.000 10.000 -30.000 24.000 -30.000 -30.000 16.000 -30.000
3 16 -30.000 15.652 -22.616 -30.000 14.604 -15.360 -30.000 24.000 10.000
3 16 -30.000 24.000 10.000 -30.000 14.604 -15.360 -30.000 12.883 -8.352
3 16 -30.000 10.510 -1.716 -30.000 16.000 10.000 -30.000 24.000 10.000
3 16 -30.000 24.000 10.000 -30.000 12.883 -8.352 -30.000 10.510 -1.716
3 16 -30.000 16.000 10.000 -30.000 10.510 -1.716 -30.000 7.532 4.436
3 16 -30.000 0.000 10.000 -30.000 0.000 30.000 -30.000 16.000 30.000
3 16 -30.000 16.000 30.000 -30.000 4.000 10.000 -30.000 0.000 10.000
3 16 -30.000 16.000 10.000 -30.000 7.532 4.436 -30.000 4.000 10.000
3 16 -30.000 4.000 10.000 -30.000 16.000 30.000 -30.000 16.000 10.000
3 16 20.000 8.000 -30.000 10.000 8.000 -30.000 10.000 16.000 -30.000
3 16 10.000 16.000 -30.000 20.000 16.000 -30.000 20.000 8.000 -30.000
3 16 2.000 16.000 -30.000 2.000 24.000 -30.000 10.000 16.000 -30.000
3 16 10.000 16.000 -30.000 2.000 24.000 -30.000 19.999 19.314 -30.000
3 16 19.999 19.314 -30.000 20.000 16.000 -30.000 10.000 16.000 -30.000
3 16 10.000 8.000 -30.000 10.000 8.000 -22.616 9.418 10.929 -22.616
3 16 9.418 10.929 -22.616 9.391 11.062 -30.000 10.000 8.000 -30.000
3 16 9.391 11.062 -30.000 9.418 10.929 -22.616 7.759 13.411 -22.616
3 16 7.759 13.411 -22.616 7.657 13.657 -30.000 9.391 11.062 -30.000
3 16 7.759 13.411 -22.616 5.276 15.070 -22.616 5.062 15.391 -30.000
3 16 5.062 15.391 -30.000 7.657 13.657 -30.000 7.759 13.411 -22.616
3 16 5.276 15.070 -22.616 2.348 15.652 -22.616 2.000 16.000 -30.000
3 16 2.000 16.000 -30.000 5.062 15.391 -30.000 5.276 15.070 -22.616
3 16 10.000 8.000 -22.616 10.000 8.000 -15.360 9.497 10.527 -15.360
3 16 9.497 10.527 -15.360 9.418 10.929 -22.616 10.000 8.000 -22.616
3 16 9.418 10.929 -22.616 9.497 10.527 -15.360 8.066 12.669 -15.360
3 16 8.066 12.669 -15.360 7.759 13.411 -22.616 9.418 10.929 -22.616
3 16 8.066 12.669 -15.360 5.924 14.101 -15.360 5.276 15.070 -22.616
3 16 5.276 15.070 -22.616 7.759 13.411 -22.616 8.066 12.669 -15.360
3 16 5.276 15.070 -22.616 5.924 14.101 -15.360 3.396 14.604 -15.360
3 16 3.396 14.604 -15.360 2.348 15.652 -22.616 5.276 15.070 -22.616
3 16 10.000 8.000 -15.360 10.000 8.000 -10.000 9.598 10.023 -10.000
3 16 9.598 10.023 -10.000 9.497 10.527 -15.360 10.000 8.000 -15.360
3 16 9.497 10.527 -15.360 9.598 10.023 -10.000 8.451 11.738 -10.000
3 16 8.451 11.738 -10.000 8.066 12.669 -15.360 9.497 10.527 -15.360
3 16 8.066 12.669 -15.360 8.451 11.738 -10.000 6.736 12.885 -10.000
3 16 6.736 12.885 -10.000 5.924 14.101 -15.360 8.066 12.669 -15.360
3 16 6.736 12.885 -10.000 4.713 13.287 -10.000 3.396 14.604 -15.360
3 16 3.396 14.604 -15.360 5.924 14.101 -15.360 6.736 12.885 -10.000
3 16 3.396 14.604 -15.360 4.713 13.287 -10.000 -30.000 12.883 -8.352
3 16 -30.000 12.883 -8.352 -30.000 14.604 -15.360 3.396 14.604 -15.360
3 16 -30.000 15.652 -22.616 2.348 15.652 -22.616 3.396 14.604 -15.360
3 16 3.396 14.604 -15.360 -30.000 14.604 -15.360 -30.000 15.652 -22.616
3 16 -30.000 10.510 -1.716 1.716 10.510 -1.716 -4.436 7.532 4.436
3 16 -4.436 7.532 4.436 -30.000 7.532 4.436 -30.000 10.510 -1.716
3 16 -30.000 12.883 -8.352 5.969 12.031 -5.969 1.716 10.510 -1.716
3 16 1.716 10.510 -1.716 -30.000 10.510 -1.716 -30.000 12.883 -8.352
3 16 -30.000 7.532 4.436 -4.436 7.532 4.436 -10.000 4.000 10.000
3 16 -10.000 4.000 10.000 -30.000 4.000 10.000 -30.000 7.532 4.436
3 16 -30.000 16.000 -30.000 2.000 16.000 -30.000 2.348 15.652 -22.616
3 16 2.348 15.652 -22.616 -30.000 15.652 -22.616 -30.000 16.000 -30.000
3 16 4.713 13.287 -10.000 6.736 12.885 -10.000 5.969 12.031 -5.969
3 16 5.969 12.031 -5.969 6.736 12.885 -10.000 7.531 11.696 -7.531
3 16 7.531 11.696 -7.531 6.736 12.885 -10.000 8.451 11.738 -10.000
3 16 7.531 11.696 -7.531 8.451 11.738 -10.000 8.828 10.828 -8.828
3 16 8.828 10.828 -8.828 8.451 11.738 -10.000 9.598 10.023 -10.000
3 16 8.828 10.828 -8.828 9.598 10.023 -10.000 9.696 9.531 -9.696
3 16 9.696 9.531 -9.696 9.598 10.023 -10.000 10.000 8.000 -10.000
3 16 4.713 13.287 -10.000 5.969 12.031 -5.969 -30.000 12.883 -8.352
3 16 26.000 8.000 -26.000 20.000 8.000 -26.000 20.000 8.000 -30.000
3 16 20.000 8.000 -30.000 27.071 8.000 -27.071 26.000 8.000 -26.000
3 16 20.000 8.000 -26.000 14.000 8.000 -26.000 10.000 8.000 -30.000
3 16 10.000 8.000 -30.000 20.000 8.000 -30.000 20.000 8.000 -26.000
3 16 14.000 8.000 -20.000 14.000 8.000 -14.000 10.000 8.000 -15.360
3 16 10.000 8.000 -15.360 10.000 8.000 -22.616 14.000 8.000 -20.000
3 16 10.000 8.000 -22.616 10.000 8.000 -30.000 14.000 8.000 -26.000
3 16 14.000 8.000 -26.000 14.000 8.000 -20.000 10.000 8.000 -22.616
2 24 -30.000 24.000 10.000 -30.000 24.000 -30.000
2 24 27.071 16.000 -27.071 23.827 16.761 -29.239
2 24 23.827 16.761 -29.239 19.999 19.314 -30.000
2 24 -30.000 24.000 10.000 -10.000 24.000 10.000
2 24 -26.000 12.650 6.000 -26.000 16.830 -4.350
2 24 -26.000 24.000 -26.000 -26.000 24.000 6.000
2 24 -26.000 19.600 -18.620 -26.000 16.830 -4.350
2 24 -26.000 20.000 -26.000 -26.000 19.600 -18.620
2 24 -2.000 20.000 -26.000 2.188 19.812 -26.000
2 24 2.188 19.812 -26.000 6.709 18.913 -26.000
2 24 6.709 18.913 -26.000 10.540 16.352 -26.000
2 24 10.540 16.352 -26.000 13.101 12.520 -26.000
2 24 13.101 12.520 -26.000 13.205 12.000 -26.000
2 24 13.205 12.000 -26.000 20.000 12.000 -26.000
2 24 24.243 16.000 -24.243 22.296 16.457 -25.543
2 24 22.296 16.457 -25.543 20.490 16.761 -25.903
2 24 20.490 16.761 -25.903 20.000 17.088 -26.000
2 24 15.999 19.314 -26.000 20.000 17.088 -26.000
2 24 13.205 12.000 -26.000 13.134 12.000 -13.134
2 24 -26.000 10.480 10.000 -26.000 7.940 14.500
2 24 -10.000 10.480 10.000 -26.000 10.480 10.000
2 24 -30.000 16.000 10.000 -30.000 16.000 30.000
2 24 -26.000 16.000 26.000 -26.000 16.000 10.000
2 24 -30.000 16.000 10.000 -30.000 24.000 10.000
2 24 -30.000 16.000 10.000 -26.000 16.000 10.000
2 24 -30.000 12.883 -8.352 -30.000 10.510 -1.716
2 24 -30.000 16.000 -30.000 -30.000 15.652 -22.616
2 24 -30.000 10.510 -1.716 -30.000 7.532 4.436
2 24 -30.000 14.604 -15.360 -30.000 12.883 -8.352
2 24 -30.000 7.532 4.436 -30.000 4.000 10.000
2 24 -30.000 15.652 -22.616 -30.000 14.604 -15.360
2 24 10.000 8.000 -10.000 10.000 8.000 -30.000
2 24 20.000 8.000 -30.000 10.000 8.000 -30.000
2 24 12.571 12.947 -15.360 13.182 12.000 -14.951
2 24 10.875 15.545 -15.826 10.000 16.143 -16.000
2 24 10.789 15.752 -17.843 13.062 12.292 -17.391
2 24 13.172 12.124 -17.318 13.062 12.292 -17.391
2 24 12.296 13.372 -15.543 12.571 12.947 -15.360
2 24 10.875 15.545 -15.826 12.296 13.372 -15.543
2 24 4.145 18.455 -15.360 3.482 18.444 -14.369
2 24 4.457 17.291 -7.704 4.000 17.712 -10.000
2 24 4.457 17.952 -12.296 4.000 17.712 -10.000
2 24 4.457 17.952 -12.296 5.757 17.973 -14.243
2 24 7.429 17.802 -15.360 5.757 17.973 -14.243
2 24 4.457 17.291 -7.704 5.047 17.047 -6.821
2 24 5.047 17.047 -6.821 5.757 16.629 -5.757
2 24 2.000 17.912 -10.000 2.133 17.797 -9.333
2 24 2.000 17.912 -10.000 2.609 18.324 -13.062
2 24 3.482 18.444 -14.369 2.609 18.324 -13.062
2 24 2.609 17.332 -6.938 4.339 16.830 -4.350
2 24 2.609 17.332 -6.938 2.133 17.797 -9.333
2 24 4.145 18.455 -15.360 4.343 18.450 -15.657
2 24 4.343 18.450 -15.657 6.938 18.135 -17.391
2 24 6.938 18.135 -17.391 7.267 18.077 -17.457
2 24 7.267 18.077 -17.457 10.000 16.291 -18.000
2 24 10.789 15.752 -17.843 10.000 16.291 -18.000
2 24 7.429 17.802 -15.360 7.453 17.799 -15.376
2 24 7.704 17.644 -15.543 7.453 17.799 -15.376
2 24 7.704 17.644 -15.543 10.000 16.143 -16.000
2 24 -2.609 18.521 -13.062 -4.343 19.025 -15.657
2 24 -2.609 18.521 -13.062 -2.000 17.927 -10.000
2 24 -17.391 17.332 -6.938 -15.661 16.830 -4.350
2 24 -17.391 17.332 -6.938 -18.000 17.927 -10.000
2 24 -17.391 18.521 -13.062 -18.000 17.927 -10.000
2 24 -17.391 18.521 -13.062 -15.657 19.025 -15.657
2 24 -13.062 19.362 -17.391 -15.657 19.025 -15.657
2 24 -13.062 19.362 -17.391 -10.000 19.480 -18.000
2 24 -6.938 19.362 -17.391 -10.000 19.480 -18.000
2 24 -4.343 19.025 -15.657 -6.938 19.362 -17.391
2 24 -16.000 17.927 -10.000 -15.543 18.373 -12.296
2 24 -14.243 18.750 -14.243 -15.543 18.373 -12.296
2 24 -12.296 19.003 -15.543 -14.243 18.750 -14.243
2 24 -10.000 19.091 -16.000 -12.296 19.003 -15.543
2 24 -10.000 19.091 -16.000 -7.704 19.003 -15.543
2 24 -7.704 19.003 -15.543 -5.757 18.750 -14.243
2 24 -4.457 18.373 -12.296 -5.757 18.750 -14.243
2 24 -4.457 18.373 -12.296 -4.000 17.927 -10.000
2 24 -4.457 17.481 -7.704 -4.000 17.927 -10.000
2 24 -5.757 17.103 -5.757 -4.457 17.481 -7.704
2 24 -7.704 16.851 -4.457 -5.757 17.103 -5.757
2 24 -8.240 16.830 -4.350 -7.704 16.851 -4.457
2 24 -8.240 16.830 -4.350 -10.000 16.689 -4.000
2 24 -11.760 16.830 -4.350 -12.296 16.851 -4.457
2 24 -10.000 16.689 -4.000 -11.760 16.830 -4.350
2 24 -14.243 17.103 -5.757 -12.296 16.851 -4.457
2 24 -15.543 17.481 -7.704 -14.243 17.103 -5.757
2 24 -16.000 17.927 -10.000 -15.543 17.481 -7.704
2 24 -2.609 17.332 -6.938 -2.000 17.927 -10.000
2 24 -4.339 16.830 -4.350 -2.609 17.332 -6.938
2 24 -6.938 16.127 -2.609 -4.343 16.827 -4.343
2 24 -6.938 16.127 -2.609 -10.000 15.881 -2.000
2 24 -10.000 15.881 -2.000 -13.062 16.127 -2.609
2 24 -15.657 16.827 -4.343 -13.062 16.127 -2.609
1 16 2.0000 8.0000 -30.0000 0.0000 -4.0022 25.4558 16.0000 0.0000 0.0000 0.0000 4.0022 0.0000 1-8cylo.dat
1 16 -18.0000 18.3250 6.0000 0.0000 0.0000 -8.0000 -5.6750 0.0000 0.0000 0.0000 1.0000 0.0000 rect3.dat
1 16 -14.0000 22.0000 -26.0000 0.0000 0.0000 -12.0000 2.0000 0.0000 0.0000 0.0000 -1.0000 0.0000 rect3.dat
1 16 -2.0000 8.0000 -26.0000 0.0000 0.0000 25.4545 16.0000 0.0000 0.0000 0.0000 -1.0000 0.0000 1-8chrd.dat
1 16 -20.0000 12.0000 10.0000 -1.5000 0.0000 0.0000 0.0000 0.0000 4.0000 0.0000 4.0000 0.0000 box4-4a.dat
1 16 -20.0000 9.3511 12.0000 -1.5000 0.0000 0.0000 0.0000 -1.0000 -1.1300 0.0000 0.0000 2.0000 recte3.dat
1 16 -14.0000 20.0000 -30.0000 0.0000 0.0000 -16.0000 -4.0000 0.0000 0.0000 0.0000 1.0000 0.0000 rect3.dat
1 16 2.0000 8.0000 -30.0000 0.0000 0.0000 25.4545 16.0000 0.0000 0.0000 0.0000 1.0000 0.0000 1-8chrd.dat
1 16 2.0000 8.0000 -30.0000 8.0000 0.0000 0.0000 0.0000 0.0000 8.0000 0.0000 -1.0000 0.0000 1-4edge.dat
1 16 2.0000 8.0000 -30.0000 8.0000 0.0000 0.0000 0.0000 0.0000 8.0000 0.0000 1.0000 0.0000 1-4ndis.dat
3 16 30.000 24.000 -2.000 26.000 24.000 2.000 26.000 24.000 26.000
3 16 26.000 24.000 26.000 30.000 24.000 30.000 30.000 24.000 -2.000
3 16 -10.000 24.000 30.000 -6.000 24.000 26.000 -6.000 24.000 10.000
3 16 -6.000 24.000 10.000 -10.000 24.000 10.000 -10.000 24.000 30.000
3 16 30.000 24.000 30.000 26.000 24.000 26.000 -6.000 24.000 26.000
3 16 -6.000 24.000 26.000 -10.000 24.000 30.000 30.000 24.000 30.000
3 16 27.071 16.000 -27.071 24.243 16.000 -24.243 25.543 16.457 -22.296
3 16 25.543 16.457 -22.296 29.239 16.761 -23.827 27.071 16.000 -27.071
3 16 29.239 16.761 -23.827 25.543 16.457 -22.296 25.903 16.761 -20.490
3 16 30.000 19.314 -19.999 29.239 16.761 -23.827 25.903 16.761 -20.490
3 16 25.903 16.761 -20.490 26.000 17.088 -20.000 30.000 19.314 -19.999
3 16 26.000 19.314 -15.999 30.000 19.314 -19.999 26.000 17.088 -20.000
3 16 -6.000 24.000 26.000 26.000 24.000 26.000 26.000 20.000 26.000
3 16 26.000 20.000 26.000 18.620 19.600 26.000 -6.000 24.000 26.000
3 16 -6.000 24.000 26.000 18.620 19.600 26.000 4.350 16.830 26.000
3 16 -6.000 12.650 26.000 -6.000 24.000 26.000 4.350 16.830 26.000
3 16 26.000 19.812 -2.188 26.000 20.000 2.000 26.000 24.000 2.000
3 16 26.000 18.913 -6.709 26.000 19.812 -2.188 26.000 24.000 2.000
3 16 26.000 19.314 -15.999 26.000 18.913 -6.709 26.000 24.000 2.000
3 16 26.000 16.352 -10.540 26.000 18.913 -6.709 26.000 19.314 -15.999
3 16 26.000 12.520 -13.101 26.000 16.352 -10.540 26.000 19.314 -15.999
3 16 26.000 12.000 -20.000 26.000 12.520 -13.101 26.000 19.314 -15.999
3 16 26.000 12.000 -13.205 26.000 12.520 -13.101 26.000 12.000 -20.000
3 16 26.000 19.314 -15.999 26.000 17.088 -20.000 26.000 16.000 -20.000
3 16 26.000 19.314 -15.999 26.000 16.000 -20.000 26.000 12.000 -20.000
3 16 25.903 16.761 -20.490 26.000 16.000 -20.000 26.000 17.088 -20.000
3 16 24.243 16.000 -24.243 25.543 16.000 -22.296 25.543 16.457 -22.296
3 16 25.543 16.457 -22.296 25.543 16.000 -22.296 26.000 16.000 -20.000
3 16 26.000 16.000 -20.000 25.903 16.761 -20.490 25.543 16.457 -22.296
3 16 26.000 20.000 2.000 26.000 19.812 -2.188 22.616 19.652 -2.348
3 16 18.620 19.600 2.000 26.000 20.000 2.000 22.616 19.652 -2.348
3 16 15.360 18.604 -3.396 18.620 19.600 2.000 22.616 19.652 -2.348
3 16 18.620 19.600 2.000 15.360 18.604 -3.396 4.350 16.830 -4.350
3 16 4.350 16.830 26.000 4.350 16.830 -4.350 -6.000 12.650 6.000
3 16 -6.000 12.650 6.000 -6.000 12.650 26.000 4.350 16.830 26.000
3 16 18.620 19.600 26.000 18.620 19.600 2.000 4.350 16.830 -4.350
3 16 4.350 16.830 -4.350 4.350 16.830 26.000 18.620 19.600 26.000
3 16 26.000 20.000 26.000 26.000 20.000 2.000 18.620 19.600 2.000
3 16 18.620 19.600 2.000 18.620 19.600 26.000 26.000 20.000 26.000
3 16 26.000 19.812 -2.188 26.000 18.913 -6.709 22.616 18.766 -6.807
3 16 22.616 18.766 -6.807 22.616 19.652 -2.348 26.000 19.812 -2.188
3 16 26.000 16.352 -10.540 22.616 16.239 -10.587 22.616 18.766 -6.807
3 16 22.616 18.766 -6.807 26.000 18.913 -6.709 26.000 16.352 -10.540
3 16 26.000 12.520 -13.101 22.616 12.459 -13.113 22.616 16.239 -10.587
3 16 22.616 16.239 -10.587 26.000 16.352 -10.540 26.000 12.520 -13.101
3 16 15.360 15.498 -10.894 15.360 12.000 -13.193 14.743 12.000 -13.205
3 16 15.360 15.498 -10.894 22.616 16.239 -10.587 22.616 12.459 -13.113
3 16 22.616 12.459 -13.113 15.360 12.000 -13.193 15.360 15.498 -10.894
3 16 15.360 17.797 -7.454 22.616 18.766 -6.807 22.616 16.239 -10.587
3 16 22.616 16.239 -10.587 15.360 15.498 -10.894 15.360 17.797 -7.454
3 16 22.616 19.652 -2.348 22.616 18.766 -6.807 15.360 17.797 -7.454
3 16 15.360 17.797 -7.454 15.360 18.604 -3.396 22.616 19.652 -2.348
3 16 15.360 15.498 -10.894 15.360 12.000 -13.193 13.134 12.000 -13.134
3 16 13.134 12.000 -13.134 11.194 14.774 -11.194 15.360 15.498 -10.894
3 16 8.495 16.239 -8.495 15.360 17.797 -7.454 15.360 15.498 -10.894
3 16 15.360 15.498 -10.894 11.194 14.774 -11.194 8.495 16.239 -8.495
3 16 4.350 16.830 -4.350 15.360 18.604 -3.396 15.360 17.797 -7.454
3 16 15.360 17.797 -7.454 8.495 16.239 -8.495 4.350 16.830 -4.350
3 16 26.000 12.520 -13.101 26.000 12.000 -13.205 22.616 12.000 -13.205
3 16 22.616 12.000 -13.205 22.616 12.459 -13.113 26.000 12.520 -13.101
3 16 15.360 12.000 -13.193 22.616 12.459 -13.113 22.616 12.000 -13.205
3 16 26.000 12.000 -20.000 24.000 12.000 -20.000 24.000 12.000 -16.000
3 16 24.000 12.000 -16.000 26.000 12.000 -13.205 26.000 12.000 -20.000
3 16 26.000 12.000 -13.205 24.000 12.000 -16.000 16.000 12.000 -16.000
3 16 16.000 12.000 -16.000 13.134 12.000 -13.134 26.000 12.000 -13.205
3 16 -10.000 24.000 30.000 -10.000 16.000 26.000 -10.000 16.000 30.000
3 16 -10.000 16.000 26.000 -10.000 24.000 30.000 -10.000 24.000 10.000
3 16 -10.000 24.000 10.000 -10.000 10.480 10.000 -10.000 16.000 26.000
3 16 -10.000 10.480 10.000 -10.000 10.480 26.000 -10.000 16.000 26.000
3 16 -10.000 10.480 26.000 -10.000 10.480 10.000 -14.500 7.940 14.500
3 16 -14.500 7.940 14.500 -14.500 7.940 26.000 -10.000 10.480 26.000
3 16 -26.000 16.000 26.000 -14.500 7.940 26.000 -14.500 4.000 26.000
3 16 -14.500 4.000 26.000 -26.000 4.000 26.000 -26.000 16.000 26.000
3 16 -14.500 7.940 26.000 -26.000 16.000 26.000 -10.000 16.000 26.000
3 16 -10.000 16.000 26.000 -10.000 10.480 26.000 -14.500 7.940 26.000
3 16 -10.000 16.000 30.000 -10.000 16.000 26.000 -26.000 16.000 26.000
3 16 -26.000 16.000 26.000 -30.000 16.000 30.000 -10.000 16.000 30.000
3 16 -10.000 24.000 30.000 22.616 15.652 30.000 30.000 16.000 30.000
3 16 30.000 16.000 30.000 30.000 24.000 30.000 -10.000 24.000 30.000
3 16 -10.000 24.000 30.000 15.360 14.604 30.000 22.616 15.652 30.000
3 16 8.352 12.883 30.000 15.360 14.604 30.000 -10.000 24.000 30.000
3 16 -10.000 24.000 30.000 -10.000 16.000 30.000 1.716 10.510 30.000
3 16 1.716 10.510 30.000 8.352 12.883 30.000 -10.000 24.000 30.000
3 16 -4.436 7.532 30.000 1.716 10.510 30.000 -10.000 16.000 30.000
3 16 -30.000 16.000 30.000 -30.000 0.000 30.000 -10.000 0.000 30.000
3 16 -10.000 0.000 30.000 -10.000 4.000 30.000 -30.000 16.000 30.000
3 16 -10.000 4.000 30.000 -4.436 7.532 30.000 -10.000 16.000 30.000
3 16 -10.000 16.000 30.000 -30.000 16.000 30.000 -10.000 4.000 30.000
3 16 30.000 16.000 -10.000 30.000 8.000 -10.000 30.000 8.000 -20.000
3 16 30.000 8.000 -20.000 30.000 16.000 -20.000 30.000 16.000 -10.000
3 16 30.000 16.000 -10.000 30.000 24.000 -2.000 30.000 16.000 -2.000
3 16 30.000 19.314 -19.999 30.000 24.000 -2.000 30.000 16.000 -10.000
3 16 30.000 16.000 -10.000 30.000 16.000 -20.000 30.000 19.314 -19.999
3 16 22.616 10.929 -9.418 22.616 8.000 -10.000 30.000 8.000 -10.000
3 16 30.000 8.000 -10.000 30.000 11.062 -9.391 22.616 10.929 -9.418
3 16 22.616 13.411 -7.759 22.616 10.929 -9.418 30.000 11.062 -9.391
3 16 30.000 11.062 -9.391 30.000 13.657 -7.657 22.616 13.411 -7.759
3 16 30.000 15.391 -5.062 22.616 15.070 -5.276 22.616 13.411 -7.759
3 16 22.616 13.411 -7.759 30.000 13.657 -7.657 30.000 15.391 -5.062
3 16 30.000 16.000 -2.000 22.616 15.652 -2.348 22.616 15.070 -5.276
3 16 22.616 15.070 -5.276 30.000 15.391 -5.062 30.000 16.000 -2.000
3 16 15.360 10.527 -9.497 15.360 8.000 -10.000 22.616 8.000 -10.000
3 16 22.616 8.000 -10.000 22.616 10.929 -9.418 15.360 10.527 -9.497
3 16 15.360 12.669 -8.066 15.360 10.527 -9.497 22.616 10.929 -9.418
3 16 22.616 10.929 -9.418 22.616 13.411 -7.759 15.360 12.669 -8.066
3 16 22.616 15.070 -5.276 15.360 14.101 -5.924 15.360 12.669 -8.066
3 16 15.360 12.669 -8.066 22.616 13.411 -7.759 22.616 15.070 -5.276
3 16 15.360 14.604 -3.396 15.360 14.101 -5.924 22.616 15.070 -5.276
3 16 22.616 15.070 -5.276 22.616 15.652 -2.348 15.360 14.604 -3.396
3 16 10.000 10.023 -9.598 10.000 8.000 -10.000 15.360 8.000 -10.000
3 16 15.360 8.000 -10.000 15.360 10.527 -9.497 10.000 10.023 -9.598
3 16 10.000 11.738 -8.451 10.000 10.023 -9.598 15.360 10.527 -9.497
3 16 15.360 10.527 -9.497 15.360 12.669 -8.066 10.000 11.738 -8.451
3 16 10.000 12.885 -6.736 10.000 11.738 -8.451 15.360 12.669 -8.066
3 16 15.360 12.669 -8.066 15.360 14.101 -5.924 10.000 12.885 -6.736
3 16 15.360 14.604 -3.396 10.000 13.287 -4.713 10.000 12.885 -6.736
3 16 10.000 12.885 -6.736 15.360 14.101 -5.924 15.360 14.604 -3.396
3 16 8.352 12.883 30.000 10.000 13.287 -4.713 15.360 14.604 -3.396
3 16 15.360 14.604 -3.396 15.360 14.604 30.000 8.352 12.883 30.000
3 16 15.360 14.604 -3.396 22.616 15.652 -2.348 22.616 15.652 30.000
3 16 22.616 15.652 30.000 15.360 14.604 30.000 15.360 14.604 -3.396
3 16 -4.436 7.532 4.436 1.716 10.510 -1.716 1.716 10.510 30.000
3 16 1.716 10.510 30.000 -4.436 7.532 30.000 -4.436 7.532 4.436
3 16 1.716 10.510 -1.716 5.969 12.031 -5.969 8.352 12.883 30.000
3 16 8.352 12.883 30.000 1.716 10.510 30.000 1.716 10.510 -1.716
3 16 -10.000 4.000 10.000 -4.436 7.532 4.436 -4.436 7.532 30.000
3 16 -4.436 7.532 30.000 -10.000 4.000 30.000 -10.000 4.000 10.000
3 16 22.616 15.652 -2.348 30.000 16.000 -2.000 30.000 16.000 30.000
3 16 30.000 16.000 30.000 22.616 15.652 30.000 22.616 15.652 -2.348
3 16 5.969 12.031 -5.969 10.000 12.885 -6.736 10.000 13.287 -4.713
3 16 7.531 11.696 -7.531 10.000 12.885 -6.736 5.969 12.031 -5.969
3 16 10.000 11.738 -8.451 10.000 12.885 -6.736 7.531 11.696 -7.531
3 16 8.828 10.828 -8.828 10.000 11.738 -8.451 7.531 11.696 -7.531
3 16 10.000 10.023 -9.598 10.000 11.738 -8.451 8.828 10.828 -8.828
3 16 9.696 9.531 -9.696 10.000 10.023 -9.598 8.828 10.828 -8.828
3 16 10.000 8.000 -10.000 10.000 10.023 -9.598 9.696 9.531 -9.696
3 16 8.352 12.883 30.000 5.969 12.031 -5.969 10.000 13.287 -4.713
3 16 30.000 8.000 -20.000 26.000 8.000 -20.000 26.000 8.000 -26.000
3 16 26.000 8.000 -26.000 27.071 8.000 -27.071 30.000 8.000 -20.000
3 16 30.000 8.000 -10.000 26.000 8.000 -14.000 26.000 8.000 -20.000
3 16 26.000 8.000 -20.000 30.000 8.000 -20.000 30.000 8.000 -10.000
3 16 15.360 8.000 -10.000 14.000 8.000 -14.000 20.000 8.000 -14.000
3 16 20.000 8.000 -14.000 22.616 8.000 -10.000 15.360 8.000 -10.000
3 16 26.000 8.000 -14.000 30.000 8.000 -10.000 22.616 8.000 -10.000
3 16 22.616 8.000 -10.000 20.000 8.000 -14.000 26.000 8.000 -14.000
2 24 -10.000 24.000 30.000 30.000 24.000 30.000
2 24 27.071 16.000 -27.071 29.239 16.761 -23.827
2 24 29.239 16.761 -23.827 30.000 19.314 -19.999
2 24 -10.000 24.000 30.000 -10.000 24.000 10.000
2 24 -6.000 12.650 26.000 4.350 16.830 26.000
2 24 26.000 24.000 26.000 -6.000 24.000 26.000
2 24 18.620 19.600 26.000 4.350 16.830 26.000
2 24 26.000 20.000 26.000 18.620 19.600 26.000
2 24 26.000 20.000 2.000 26.000 19.812 -2.188
2 24 26.000 19.812 -2.188 26.000 18.913 -6.709
2 24 26.000 18.913 -6.709 26.000 16.352 -10.540
2 24 26.000 16.352 -10.540 26.000 12.520 -13.101
2 24 26.000 12.520 -13.101 26.000 12.000 -13.205
2 24 26.000 12.000 -13.205 26.000 12.000 -20.000
2 24 24.243 16.000 -24.243 25.543 16.457 -22.296
2 24 25.543 16.457 -22.296 25.903 16.761 -20.490
2 24 25.903 16.761 -20.490 26.000 17.088 -20.000
2 24 26.000 19.314 -15.999 26.000 17.088 -20.000
2 24 26.000 12.000 -13.205 13.134 12.000 -13.134
2 24 -10.000 10.480 26.000 -14.500 7.940 26.000
2 24 -10.000 10.480 10.000 -10.000 10.480 26.000
2 24 -10.000 16.000 30.000 -30.000 16.000 30.000
2 24 -26.000 16.000 26.000 -10.000 16.000 26.000
2 24 -10.000 16.000 30.000 -10.000 24.000 30.000
2 24 -10.000 16.000 30.000 -10.000 16.000 26.000
2 24 8.352 12.883 30.000 1.716 10.510 30.000
2 24 30.000 16.000 30.000 22.616 15.652 30.000
2 24 1.716 10.510 30.000 -4.436 7.532 30.000
2 24 15.360 14.604 30.000 8.352 12.883 30.000
2 24 -4.436 7.532 30.000 -10.000 4.000 30.000
2 24 22.616 15.652 30.000 15.360 14.604 30.000
2 24 10.000 8.000 -10.000 30.000 8.000 -10.000
2 24 30.000 8.000 -20.000 30.000 8.000 -10.000
2 24 15.360 12.947 -12.571 14.951 12.000 -13.182
2 24 15.826 15.545 -10.875 16.000 16.143 -10.000
2 24 17.843 15.752 -10.789 17.391 12.292 -13.062
2 24 17.318 12.124 -13.172 17.391 12.292 -13.062
2 24 15.543 13.372 -12.296 15.360 12.947 -12.571
2 24 15.826 15.545 -10.875 15.543 13.372 -12.296
2 24 15.360 18.455 -4.145 14.369 18.444 -3.482
2 24 7.704 17.291 -4.457 10.000 17.712 -4.000
2 24 12.296 17.952 -4.457 10.000 17.712 -4.000
2 24 12.296 17.952 -4.457 14.243 17.973 -5.757
2 24 15.360 17.802 -7.429 14.243 17.973 -5.757
2 24 7.704 17.291 -4.457 6.821 17.047 -5.047
2 24 6.821 17.047 -5.047 5.757 16.629 -5.757
2 24 10.000 17.912 -2.000 9.333 17.797 -2.133
2 24 10.000 17.912 -2.000 13.062 18.324 -2.609
2 24 14.369 18.444 -3.482 13.062 18.324 -2.609
2 24 6.938 17.332 -2.609 4.350 16.830 -4.339
2 24 6.938 17.332 -2.609 9.333 17.797 -2.133
2 24 15.360 18.455 -4.145 15.657 18.450 -4.343
2 24 15.657 18.450 -4.343 17.391 18.135 -6.938
2 24 17.391 18.135 -6.938 17.457 18.077 -7.267
2 24 17.457 18.077 -7.267 18.000 16.291 -10.000
2 24 17.843 15.752 -10.789 18.000 16.291 -10.000
2 24 15.360 17.802 -7.429 15.376 17.799 -7.453
2 24 15.543 17.644 -7.704 15.376 17.799 -7.453
2 24 15.543 17.644 -7.704 16.000 16.143 -10.000
2 24 13.062 18.521 2.609 15.657 19.025 4.343
2 24 13.062 18.521 2.609 10.000 17.927 2.000
2 24 6.938 17.332 17.391 4.350 16.830 15.661
2 24 6.938 17.332 17.391 10.000 17.927 18.000
2 24 13.062 18.521 17.391 10.000 17.927 18.000
2 24 13.062 18.521 17.391 15.657 19.025 15.657
2 24 17.391 19.362 13.062 15.657 19.025 15.657
2 24 17.391 19.362 13.062 18.000 19.480 10.000
2 24 17.391 19.362 6.938 18.000 19.480 10.000
2 24 15.657 19.025 4.343 17.391 19.362 6.938
2 24 10.000 17.927 16.000 12.296 18.373 15.543
2 24 14.243 18.750 14.243 12.296 18.373 15.543
2 24 15.543 19.003 12.296 14.243 18.750 14.243
2 24 16.000 19.091 10.000 15.543 19.003 12.296
2 24 16.000 19.091 10.000 15.543 19.003 7.704
2 24 15.543 19.003 7.704 14.243 18.750 5.757
2 24 12.296 18.373 4.457 14.243 18.750 5.757
2 24 12.296 18.373 4.457 10.000 17.927 4.000
2 24 7.704 17.481 4.457 10.000 17.927 4.000
2 24 5.757 17.103 5.757 7.704 17.481 4.457
2 24 4.457 16.851 7.704 5.757 17.103 5.757
2 24 4.350 16.830 8.240 4.457 16.851 7.704
2 24 4.350 16.830 8.240 4.000 16.689 10.000
2 24 4.350 16.830 11.760 4.457 16.851 12.296
2 24 4.000 16.689 10.000 4.350 16.830 11.760
2 24 5.757 17.103 14.243 4.457 16.851 12.296
2 24 7.704 17.481 15.543 5.757 17.103 14.243
2 24 10.000 17.927 16.000 7.704 17.481 15.543
2 24 6.938 17.332 2.609 10.000 17.927 2.000
2 24 4.350 16.830 4.339 6.938 17.332 2.609
2 24 2.609 16.127 6.938 4.343 16.827 4.343
2 24 2.609 16.127 6.938 2.000 15.881 10.000
2 24 2.000 15.881 10.000 2.609 16.127 13.062
2 24 4.343 16.827 15.657 2.609 16.127 13.062
1 16 30.0000 8.0000 -2.0000 0.0000 -4.0022 0.0000 16.0000 0.0000 0.0000 0.0000 4.0022 -25.4558 1-8cylo.dat
1 16 -6.0000 18.3250 18.0000 0.0000 -1.0000 0.0000 -5.6750 0.0000 0.0000 0.0000 0.0000 8.0000 rect3.dat
1 16 26.0000 22.0000 14.0000 0.0000 1.0000 0.0000 2.0000 0.0000 0.0000 0.0000 0.0000 12.0000 rect3.dat
1 16 26.0000 8.0000 2.0000 0.0000 1.0000 0.0000 16.0000 0.0000 0.0000 0.0000 0.0000 -25.4545 1-8chrd.dat
1 16 -10.0000 12.0000 20.0000 0.0000 -4.0000 0.0000 0.0000 0.0000 4.0000 1.5000 0.0000 0.0000 box4-4a.dat
1 16 -12.0000 9.3511 20.0000 0.0000 0.0000 -2.0000 0.0000 -1.0000 -1.1300 1.5000 0.0000 0.0000 recte3.dat
1 16 30.0000 20.0000 14.0000 0.0000 -1.0000 0.0000 -4.0000 0.0000 0.0000 0.0000 0.0000 16.0000 rect3.dat
1 16 30.0000 8.0000 -2.0000 0.0000 -1.0000 0.0000 16.0000 0.0000 0.0000 0.0000 0.0000 -25.4545 1-8chrd.dat
1 16 30.0000 8.0000 -2.0000 0.0000 1.0000 0.0000 0.0000 0.0000 8.0000 -8.0000 0.0000 0.0000 1-4edge.dat
1 16 30.0000 8.0000 -2.0000 0.0000 -1.0000 0.0000 0.0000 0.0000 8.0000 -8.0000 0.0000 0.0000 1-4ndis.dat
1 16 -10.0000 24.0000 10.0000 4.0000 0.0000 0.0000 0.0000 -1.0000 0.0000 0.0000 0.0000 -4.0000 1-4chrd.dat
1 16 -10.0000 24.0000 10.0000 4.0000 0.0000 0.0000 0.0000 -11.3500 0.0000 0.0000 0.0000 -4.0000 1-4cylo.dat
1 16 -10.0000 12.6500 10.0000 4.0000 0.0000 0.0000 0.0000 -1.0000 0.0000 0.0000 0.0000 -4.0000 1-4ndis.dat
0 BFC INVERTNEXT
1 16 20.0000 12.0000 -20.0000 6.0000 0.0000 0.0000 0.0000 4.0000 0.0000 0.0000 0.0000 -6.0000 1-4cyli.dat
1 16 20.0000 12.0000 -20.0000 2.0000 0.0000 0.0000 0.0000 -1.0000 0.0000 0.0000 0.0000 -2.0000 1-4ring2.dat
1 16 20.0000 12.0000 -20.0000 6.0000 0.0000 0.0000 0.0000 1.0000 0.0000 0.0000 0.0000 -6.0000 1-4edge.dat
1 16 20.0000 12.0000 -20.0000 4.0000 0.0000 0.0000 0.0000 1.0000 0.0000 0.0000 0.0000 -4.0000 4-4edge.dat
1 16 20.0000 12.0000 -20.0000 4.0000 0.0000 0.0000 0.0000 -1.0000 0.0000 0.0000 0.0000 4.0000 3-4ndis.dat
1 16 10.0000 16.0000 10.0000 1.0000 0.0000 0.0000 0.0000 -2.0000 0.0000 0.0000 0.0000 1.0000 stud4a.dat
1 16 10.0000 16.0000 -10.0000 1.0000 0.0000 0.0000 0.0000 -2.0000 0.0000 0.0000 0.0000 1.0000 stud4a.dat
1 16 -10.0000 15.6000 -10.0000 1.0000 0.0000 0.0000 0.0000 -2.1000 0.0000 0.0000 0.0000 1.0000 stud4a.dat
1 16 10.0000 16.0000 -10.0000 8.0000 0.0000 0.0000 0.0000 -4.0000 0.0000 0.0000 0.0000 -8.0000 1-4cyli.dat
1 16 10.0000 12.0000 -10.0000 8.0000 0.0000 0.0000 0.0000 1.0000 0.0000 0.0000 0.0000 -8.0000 1-4edge.dat
0 BFC INVERTNEXT
1 16 10.0000 16.0000 -10.0000 6.0000 0.0000 0.0000 0.0000 -4.0000 0.0000 0.0000 0.0000 -6.0000 1-4cyli.dat
1 16 10.0000 12.0000 -10.0000 6.0000 0.0000 0.0000 0.0000 1.0000 0.0000 0.0000 0.0000 -6.0000 1-4edge.dat
0 BFC INVERTNEXT
1 16 -20.2500 5.9700 20.2500 5.7500 0.0000 0.0000 0.0000 -1.9700 0.0000 0.0000 0.0000 -5.7500 box3-3.dat
1 16 -20.0000 2.0000 20.0000 10.0000 0.0000 0.0000 0.0000 -2.0000 0.0000 0.0000 0.0000 -10.0000 box3-3.dat
1 16 -20.0000 0.0000 20.0000 0.0000 0.0000 1.0000 0.0000 1.0000 0.0000 -1.0000 0.0000 0.0000 stud.dat
1 16 20.0000 8.0000 -20.0000 10.0000 0.0000 0.0000 0.0000 8.0000 0.0000 0.0000 0.0000 -10.0000 1-4cyli.dat
1 16 20.0000 8.0000 -20.0000 10.0000 0.0000 0.0000 0.0000 1.0000 0.0000 0.0000 0.0000 -10.0000 1-8chrd.dat
1 16 20.0000 8.0000 -20.0000 0.0000 0.0000 10.0000 0.0000 1.0000 0.0000 -10.0000 0.0000 0.0000 1-8chrd.dat
1 16 20.0000 8.0000 -20.0000 6.0000 0.0000 0.0000 0.0000 1.0000 0.0000 0.0000 0.0000 6.0000 4-4ndis.dat
1 16 20.0000 8.0000 -20.0000 6.0000 0.0000 0.0000 0.0000 1.0000 0.0000 0.0000 0.0000 6.0000 4-4edge.dat
1 16 20.0000 8.0000 -20.0000 10.0000 0.0000 0.0000 0.0000 1.0000 0.0000 0.0000 0.0000 -10.0000 1-4edge.dat
1 16 20.0000 8.0000 -20.0000 1.0000 0.0000 0.0000 0.0000 1.0000 0.0000 0.0000 0.0000 1.0000 stud2a.dat
0 BFC INVERTNEXT
1 16 20.0000 8.0000 -20.0000 4.0000 0.0000 0.0000 0.0000 4.0000 0.0000 0.0000 0.0000 4.0000 4-4cyli.dat
1 16 -7.3825 18.0750 7.3825 1.0607 3.1399 0.0000 0.0000 0.0000 5.4250 1.0607 -3.1399 0.0000 box4-2p.dat
