0 FILE 78594.dat
0 Panel 2 x 2 x 5 Corner Wall
0 Name:  78594.dat
0 Author:  
0 BL_Item_No 78594
0 BFC CERTIFY CCW
3 16 5.616 120.000 -14.384 0.000 120.000 -20.000 -2.000 120.000 -16.000
3 16 -2.000 120.000 -16.000 2.616 120.000 -11.384 5.616 120.000 -14.384
3 16 -4.000 120.000 -16.000 -2.000 120.000 -16.000 0.000 120.000 -20.000
3 16 0.000 120.000 -20.000 -20.000 120.000 -20.000 -16.000 120.000 -16.000
3 16 -16.000 120.000 -16.000 -4.000 120.000 -16.000 0.000 120.000 -20.000
3 16 -20.000 120.000 -20.000 -20.000 120.000 0.000 -16.000 120.000 -4.000
3 16 -16.000 120.000 -4.000 -16.000 120.000 -16.000 -20.000 120.000 -20.000
3 16 -20.000 120.000 0.000 0.000 120.000 0.000 -4.000 120.000 -4.000
3 16 -4.000 120.000 -4.000 -16.000 120.000 -4.000 -20.000 120.000 0.000
3 16 0.000 120.000 -4.000 -2.000 120.000 -4.000 0.000 120.000 0.000
3 16 -2.000 120.000 -4.000 -4.000 120.000 -4.000 0.000 120.000 0.000
3 16 4.000 120.000 4.000 4.000 120.000 2.000 0.000 120.000 0.000
3 16 4.000 120.000 2.000 4.000 120.000 0.000 0.000 120.000 0.000
3 16 0.000 120.000 0.000 0.000 120.000 20.000 4.000 120.000 16.000
3 16 4.000 120.000 16.000 4.000 120.000 4.000 0.000 120.000 0.000
3 16 0.000 120.000 20.000 20.000 120.000 20.000 16.000 120.000 16.000
3 16 16.000 120.000 16.000 4.000 120.000 16.000 0.000 120.000 20.000
3 16 20.000 120.000 20.000 20.000 120.000 0.000 16.000 120.000 4.000
3 16 16.000 120.000 4.000 16.000 120.000 16.000 20.000 120.000 20.000
3 16 16.000 120.000 4.000 20.000 120.000 0.000 16.000 120.000 2.000
3 16 20.000 120.000 0.000 14.384 120.000 -5.616 11.384 120.000 -2.616
3 16 11.384 120.000 -2.616 16.000 120.000 2.000 20.000 120.000 0.000
3 16 16.000 120.000 4.000 16.000 120.000 2.000 4.000 120.000 2.000
3 16 4.000 120.000 2.000 4.000 120.000 4.000 16.000 120.000 4.000
3 16 -2.000 120.000 -16.000 -4.000 120.000 -16.000 -4.000 120.000 -4.000
3 16 -4.000 120.000 -4.000 -2.000 120.000 -4.000 -2.000 120.000 -16.000
3 16 2.616 116.000 -11.384 -2.000 116.000 -16.000 -2.000 116.000 -4.000
3 16 4.000 116.000 -4.000 2.616 116.000 -11.384 -2.000 116.000 -4.000
3 16 2.616 116.000 -11.384 4.000 116.000 -4.000 11.384 116.000 -2.616
3 16 11.384 116.000 -2.616 4.000 116.000 -4.000 4.000 116.000 2.000
3 16 16.000 116.000 2.000 11.384 116.000 -2.616 4.000 116.000 2.000
3 16 16.000 112.000 20.000 20.000 120.000 20.000 0.000 120.000 20.000
3 16 0.000 120.000 20.000 0.000 112.000 20.000 16.000 112.000 20.000
3 16 -20.000 112.000 0.000 -20.000 120.000 0.000 -20.000 120.000 -20.000
3 16 -20.000 120.000 -20.000 -20.000 112.000 -16.000 -20.000 112.000 0.000
3 16 -1.657 112.000 -16.000 16.000 112.000 1.657 0.000 112.000 0.000
3 16 16.000 112.000 1.657 16.000 112.000 20.000 0.000 112.000 20.000
3 16 0.000 112.000 20.000 0.000 112.000 0.000 16.000 112.000 1.657
3 16 -1.657 112.000 -16.000 0.000 112.000 0.000 -20.000 112.000 0.000
3 16 -20.000 112.000 0.000 -20.000 112.000 -16.000 -1.657 112.000 -16.000
3 16 5.616 120.000 -14.384 5.616 116.000 -14.384 0.000 0.000 -20.000
3 16 0.000 0.000 -20.000 0.000 120.000 -20.000 5.616 120.000 -14.384
3 16 14.384 116.000 -5.616 20.000 0.000 0.000 0.000 0.000 -20.000
3 16 0.000 0.000 -20.000 5.616 116.000 -14.384 14.384 116.000 -5.616
3 16 20.000 120.000 0.000 20.000 0.000 0.000 14.384 116.000 -5.616
3 16 14.384 116.000 -5.616 14.384 120.000 -5.616 20.000 120.000 0.000
3 16 16.000 112.000 20.000 16.000 4.000 20.000 20.000 0.000 20.000
3 16 20.000 0.000 20.000 20.000 120.000 20.000 16.000 112.000 20.000
3 16 -20.000 4.000 -16.000 -20.000 112.000 -16.000 -20.000 120.000 -20.000
3 16 -20.000 120.000 -20.000 -20.000 0.000 -20.000 -20.000 4.000 -16.000
3 16 0.000 4.000 0.000 16.000 4.000 1.657 -1.657 4.000 -16.000
3 16 0.000 4.000 0.000 -1.657 4.000 -16.000 -17.500 4.000 -2.500
3 16 -17.500 4.000 -2.500 -17.500 4.000 0.000 0.000 4.000 0.000
3 16 -20.000 4.000 -16.000 -20.000 4.000 -2.500 -17.500 4.000 -2.500
3 16 -17.500 4.000 -2.500 -1.657 4.000 -16.000 -20.000 4.000 -16.000
3 16 16.000 4.000 20.000 16.000 4.000 1.657 2.500 4.000 17.500
3 16 2.500 4.000 17.500 2.500 4.000 20.000 16.000 4.000 20.000
3 16 2.500 4.000 17.500 16.000 4.000 1.657 0.000 4.000 0.000
3 16 0.000 4.000 0.000 0.000 4.000 17.500 2.500 4.000 17.500
3 16 2.500 4.000 20.000 2.500 0.000 20.000 20.000 0.000 20.000
3 16 20.000 0.000 20.000 16.000 4.000 20.000 2.500 4.000 20.000
3 16 -20.000 0.000 -2.500 -20.000 4.000 -2.500 -20.000 4.000 -16.000
3 16 -20.000 4.000 -16.000 -20.000 0.000 -20.000 -20.000 0.000 -2.500
3 16 -20.000 0.000 -20.000 0.000 0.000 -20.000 -17.500 0.000 -2.500
3 16 -17.500 0.000 -2.500 -20.000 0.000 -2.500 -20.000 0.000 -20.000
3 16 20.000 0.000 20.000 2.500 0.000 20.000 2.500 0.000 17.500
3 16 2.500 0.000 17.500 20.000 0.000 0.000 20.000 0.000 20.000
3 16 0.000 0.000 0.000 0.000 0.000 -20.000 20.000 0.000 0.000
3 16 0.000 0.000 0.000 20.000 0.000 0.000 2.500 0.000 17.500
3 16 2.500 0.000 17.500 0.000 0.000 17.500 0.000 0.000 0.000
3 16 -17.500 0.000 -2.500 0.000 0.000 -20.000 0.000 0.000 0.000
3 16 0.000 0.000 0.000 -17.500 0.000 0.000 -17.500 0.000 -2.500
2 24 0.000 120.000 20.000 20.000 120.000 20.000
2 24 -20.000 120.000 0.000 -20.000 120.000 -20.000
2 24 0.000 120.000 -20.000 5.616 120.000 -14.384
2 24 14.384 120.000 -5.616 20.000 120.000 0.000
2 24 -20.000 112.000 -16.000 -20.000 112.000 0.000
2 24 16.000 112.000 20.000 0.000 112.000 20.000
2 24 2.500 4.000 20.000 16.000 4.000 20.000
2 24 -20.000 4.000 -2.500 -20.000 4.000 -16.000
2 24 -20.000 0.000 -2.500 -20.000 0.000 -20.000
2 24 2.500 0.000 20.000 20.000 0.000 20.000
1 16 0.0000 120.0000 0.0000 4.0000 0.0000 0.0000 0.0000 -1.0000 0.0000 0.0000 0.0000 -4.0000 1-4disc.dat
0 BFC INVERTNEXT
1 16 -10.0000 120.0000 -10.0000 0.0000 0.0000 -6.0000 0.0000 -4.0000 0.0000 6.0000 0.0000 0.0000 box5.dat
0 BFC INVERTNEXT
1 16 10.0000 120.0000 10.0000 0.0000 0.0000 6.0000 0.0000 -4.0000 0.0000 6.0000 0.0000 0.0000 box5.dat
0 BFC INVERTNEXT
1 16 -1.0000 118.0000 -10.0000 0.0000 0.0000 -1.0000 -2.0000 0.0000 0.0000 0.0000 6.0000 0.0000 box2-7.dat
0 BFC INVERTNEXT
1 16 10.0000 118.0000 1.0000 0.0000 -6.0000 0.0000 2.0000 0.0000 0.0000 0.0000 0.0000 1.0000 box2-7.dat
1 16 0.0000 116.0000 0.0000 0.0000 0.0000 4.0000 0.0000 4.0000 0.0000 -4.0000 0.0000 0.0000 1-4cylo.dat
1 16 0.0000 116.0000 0.0000 4.0000 0.0000 0.0000 0.0000 -1.0000 0.0000 0.0000 0.0000 -4.0000 1-4ndis.dat
0 BFC INVERTNEXT
1 16 8.5000 120.0000 -8.5000 -1.5000 0.0000 4.3841 0.0000 -4.0000 0.0000 1.5000 0.0000 4.3841 box3u5p.dat
1 16 13.6920 118.0000 -0.3080 0.0000 1.0000 2.3100 -2.0000 0.0000 0.0000 0.0000 0.0000 2.3100 rect.dat
1 16 0.3080 118.0000 -13.6920 0.0000 1.0000 -2.3100 2.0000 0.0000 0.0000 0.0000 0.0000 -2.3100 rect.dat
0 BFC INVERTNEXT
1 16 -10.0000 116.0000 10.0000 0.0000 10.0000 0.0000 -4.0000 0.0000 0.0000 0.0000 0.0000 -10.0000 box2-5.dat
1 16 7.1716 58.0000 -7.1716 0.0000 1.0000 -8.8300 54.0000 0.0000 0.0000 0.0000 0.0000 -8.8300 rect.dat
1 16 16.0000 58.0000 10.8285 0.0000 1.0000 0.0000 -54.0000 0.0000 0.0000 0.0000 0.0000 9.1716 rect3.dat
1 16 -10.8285 58.0000 -16.0000 0.0000 0.0000 -9.1716 54.0000 0.0000 0.0000 0.0000 -1.0000 0.0000 rect3.dat
1 16 10.0000 60.0000 -10.0000 9.9985 -1.0041 0.0000 0.0000 0.0000 -60.0000 9.9985 0.0000 0.0000 recte3.dat
1 16 20.0000 60.0000 10.0000 0.0000 -1.0000 0.0000 60.0000 0.0000 0.0000 0.0000 0.0000 10.0000 rect3.dat
1 16 -10.0000 60.0000 -20.0000 0.0000 0.0000 -10.0000 -60.0000 0.0000 0.0000 0.0000 1.0000 0.0000 rect3.dat
1 16 2.5000 0.0000 17.5000 0.0000 0.0000 -2.5000 0.0000 4.0000 0.0000 2.5000 0.0000 0.0000 1-4cylc.dat
1 16 -17.5000 0.0000 -2.5000 0.0000 0.0000 -2.5000 0.0000 4.0000 0.0000 2.5000 0.0000 0.0000 1-4cylc.dat
1 16 2.5000 4.0000 17.5000 0.0000 0.0000 -2.5000 0.0000 -1.0000 0.0000 2.5000 0.0000 0.0000 1-4disc.dat
1 16 -17.5000 4.0000 -2.5000 0.0000 0.0000 -2.5000 0.0000 -1.0000 0.0000 2.5000 0.0000 0.0000 1-4disc.dat
0 BFC INVERTNEXT
1 16 -8.7500 2.0000 8.7500 0.0000 8.7500 0.0000 -2.0000 0.0000 0.0000 0.0000 0.0000 -8.7500 box2-7.dat
1 16 -10.0000 0.0000 -10.0000 -1.0000 0.0000 0.0000 0.0000 1.0000 0.0000 0.0000 0.0000 -1.0000 stud2.dat
1 16 10.0000 0.0000 10.0000 -1.0000 0.0000 0.0000 0.0000 1.0000 0.0000 0.0000 0.0000 -1.0000 stud2.dat
