0 FILE 94724.dat
0 Friends Accessories Spray Bottle with Heart
0 Name:  94724.dat
0 Author:  
0 BL_Item_No 92355b
0 BFC CERTIFY CCW
3 16 -12.536 -41.075 2.500 -12.536 -41.075 -2.500 -13.241 -42.572 -2.500
3 16 -13.241 -42.572 -2.500 -13.241 -42.572 2.500 -12.536 -41.075 2.500
3 16 -6.954 -40.887 2.500 -6.954 -40.887 -2.500 -7.144 -38.984 -2.500
3 16 -7.144 -38.984 -2.500 -7.144 -38.984 2.500 -6.954 -40.887 2.500
3 16 -10.905 -36.824 2.500 -10.905 -36.822 -2.500 -11.482 -38.975 -2.500
3 16 -11.482 -38.975 -2.500 -11.482 -38.975 2.500 -10.905 -36.824 2.500
3 16 -11.482 -38.975 2.500 -11.482 -38.975 -2.500 -12.536 -41.075 -2.500
3 16 -12.536 -41.075 -2.500 -12.536 -41.075 2.500 -11.482 -38.975 2.500
3 16 -11.268 -33.804 -2.500 -11.268 -33.804 2.500 -11.219 -33.392 2.500
3 16 -11.219 -33.392 2.500 -11.219 -33.392 -2.500 -11.268 -33.804 -2.500
3 16 -10.755 -32.837 2.500 -10.755 -32.837 -2.500 -11.219 -33.392 -2.500
3 16 -11.219 -33.392 -2.500 -11.219 -33.392 2.500 -10.755 -32.837 2.500
3 16 -10.755 -32.837 -2.500 -10.755 -32.837 2.500 -10.175 -32.686 2.500
3 16 -10.175 -32.686 2.500 -10.175 -32.686 -2.500 -10.755 -32.837 -2.500
3 16 -9.358 -32.795 2.500 -9.358 -32.795 -2.500 -10.175 -32.686 -2.500
3 16 -10.175 -32.686 -2.500 -10.175 -32.686 2.500 -9.358 -32.795 2.500
3 16 -9.358 -32.795 -2.500 -9.358 -32.795 2.500 -8.559 -33.271 2.500
3 16 -8.559 -33.271 2.500 -8.559 -33.271 -2.500 -9.358 -32.795 -2.500
3 16 -8.559 -33.271 -2.500 -8.559 -33.271 2.500 -8.294 -33.611 2.500
3 16 -8.294 -33.611 2.500 -8.294 -33.611 -2.500 -8.559 -33.271 -2.500
3 16 -7.794 -35.178 2.500 -7.794 -35.178 -2.500 -8.294 -33.611 -2.500
3 16 -8.294 -33.611 -2.500 -8.294 -33.611 2.500 -7.794 -35.178 2.500
3 16 -7.578 -36.566 2.500 -7.578 -36.566 -2.500 -7.794 -35.178 -2.500
3 16 -7.794 -35.178 -2.500 -7.794 -35.178 2.500 -7.578 -36.566 2.500
3 16 -7.578 -36.566 -2.500 -7.578 -36.566 2.500 -7.144 -38.984 2.500
3 16 -7.144 -38.984 2.500 -7.144 -38.984 -2.500 -7.578 -36.566 -2.500
3 16 -11.000 -35.444 -2.500 -11.000 -35.444 2.500 -11.268 -33.804 2.500
3 16 -11.268 -33.804 2.500 -11.268 -33.804 -2.500 -11.000 -35.444 -2.500
3 16 -10.905 -36.822 -2.500 -10.905 -36.822 2.500 -11.000 -35.444 2.500
3 16 -11.000 -35.444 2.500 -11.000 -35.444 -2.500 -10.905 -36.822 -2.500
2 24 -6.954 -40.887 -2.500 -6.954 -40.887 2.500
2 24 -13.241 -42.572 -2.500 -13.241 -42.572 2.500
3 16 9.679 -19.081 0.000 9.301 -19.081 1.266 8.590 -22.365 0.000
3 16 9.301 -19.081 1.266 8.323 -22.365 1.207 8.590 -22.365 0.000
3 16 4.000 -40.443 0.000 4.009 -28.274 0.000 3.464 -28.288 2.000
3 16 3.464 -28.288 2.000 3.464 -40.443 2.000 4.000 -40.443 0.000
3 16 4.177 -26.698 1.747 4.613 -26.705 0.000 6.277 -24.978 1.044
3 16 2.271 -19.679 4.745 0.000 -18.675 4.947 0.000 -19.940 4.874
3 16 2.022 -22.366 4.506 4.350 -19.724 4.324 2.271 -19.679 4.745
3 16 4.350 -19.724 4.324 2.022 -22.366 4.506 5.848 -22.367 3.338
3 16 5.813 -19.025 3.919 7.351 -19.084 3.153 7.049 -16.542 3.455
3 16 5.848 -22.367 3.338 7.351 -19.084 3.153 5.813 -19.025 3.919
3 16 5.813 -19.025 3.919 4.350 -19.724 4.324 5.848 -22.367 3.338
3 16 5.848 -22.367 3.338 8.323 -22.365 1.207 7.351 -19.084 3.153
3 16 7.351 -19.084 3.153 8.323 -22.365 1.207 9.301 -19.081 1.266
3 16 7.351 -19.084 3.153 9.301 -19.081 1.266 8.009 -16.500 2.869
3 16 9.621 -16.500 0.850 8.009 -16.500 2.869 9.301 -19.081 1.266
3 16 8.009 -16.500 2.869 7.049 -16.542 3.455 7.351 -19.084 3.153
3 16 7.049 -16.542 3.455 7.034 -16.581 1.470 5.844 -19.004 2.004
3 16 5.844 -19.004 2.004 5.813 -19.025 3.919 7.049 -16.542 3.455
3 16 4.350 -19.724 4.324 4.271 -19.758 2.486 2.393 -19.712 2.844
3 16 2.393 -19.712 2.844 2.271 -19.679 4.745 4.350 -19.724 4.324
3 16 0.000 -18.675 3.000 0.000 -18.675 4.947 2.271 -19.679 4.745
3 16 2.271 -19.679 4.745 2.393 -19.712 2.844 0.000 -18.675 3.000
3 16 2.022 -22.366 4.506 0.000 -22.366 4.688 1.071 -24.976 4.272
3 16 0.000 -24.976 4.337 1.071 -24.976 4.272 0.000 -22.366 4.688
3 16 2.022 -22.366 4.506 1.071 -24.976 4.272 4.088 -24.978 3.293
3 16 4.088 -24.978 3.293 5.848 -22.367 3.338 2.022 -22.366 4.506
3 16 8.323 -22.365 1.207 5.848 -22.367 3.338 6.277 -24.978 1.044
3 16 6.277 -24.978 1.044 5.848 -22.367 3.338 4.088 -24.978 3.293
3 16 0.000 -26.696 4.125 1.071 -24.976 4.272 0.000 -24.976 4.337
3 16 2.400 -26.697 3.511 1.071 -24.976 4.272 0.000 -26.696 4.125
3 16 1.071 -24.976 4.272 2.400 -26.697 3.511 4.088 -24.978 3.293
3 16 2.400 -26.697 3.511 4.177 -26.698 1.747 4.088 -24.978 3.293
3 16 4.088 -24.978 3.293 4.177 -26.698 1.747 6.277 -24.978 1.044
3 16 2.400 -26.697 3.511 0.000 -26.696 4.125 2.000 -28.287 3.464
3 16 0.000 -28.286 4.000 2.000 -28.287 3.464 0.000 -26.696 4.125
3 16 2.400 -26.697 3.511 2.000 -28.287 3.464 3.464 -28.288 2.000
3 16 3.464 -28.288 2.000 4.177 -26.698 1.747 2.400 -26.697 3.511
3 16 2.000 -40.443 3.464 2.000 -28.287 3.464 0.000 -28.286 4.000
3 16 0.000 -28.286 4.000 0.000 -40.443 4.000 2.000 -40.443 3.464
3 16 3.464 -40.443 2.000 3.464 -28.288 2.000 2.000 -28.287 3.464
3 16 2.000 -28.287 3.464 2.000 -40.443 3.464 3.464 -40.443 2.000
3 16 7.475 -5.250 3.168 8.009 -16.500 2.869 9.621 -16.500 0.850
3 16 7.475 -5.250 3.168 9.621 -16.500 0.850 9.649 -5.250 0.772
3 16 0.000 -18.675 3.000 2.393 -19.712 2.844 2.260 -8.804 2.837
3 16 2.260 -8.804 2.837 0.000 -8.021 2.967 0.000 -18.675 3.000
3 16 2.260 -8.804 2.837 2.393 -19.712 2.844 4.271 -19.758 2.486
3 16 2.260 -8.804 2.837 5.302 -11.263 2.187 5.384 -11.367 4.159
3 16 5.384 -11.367 4.159 2.195 -8.779 4.840 2.260 -8.804 2.837
3 16 2.260 -8.804 2.837 4.271 -19.758 2.486 5.302 -11.263 2.187
3 16 5.302 -11.263 2.187 4.271 -19.758 2.486 5.844 -19.004 2.004
3 16 5.302 -11.263 2.187 5.844 -19.004 2.004 6.805 -13.706 1.589
3 16 6.805 -13.706 1.589 5.844 -19.004 2.004 7.034 -16.581 1.470
3 16 6.732 -13.547 3.623 5.384 -11.367 4.159 5.302 -11.263 2.187
3 16 5.302 -11.263 2.187 6.805 -13.706 1.589 6.732 -13.547 3.623
3 16 6.732 -13.547 3.623 6.805 -13.706 1.589 7.049 -16.542 3.455
3 16 7.049 -16.542 3.455 6.805 -13.706 1.589 7.034 -16.581 1.470
3 16 8.009 -16.500 2.869 7.475 -5.250 3.168 7.049 -16.542 3.455
3 16 7.475 -5.250 3.168 6.732 -13.547 3.623 7.049 -16.542 3.455
3 16 7.475 -5.250 3.168 5.384 -11.367 4.159 6.732 -13.547 3.623
3 16 7.475 -5.250 3.168 4.828 -5.250 4.335 5.384 -11.367 4.159
3 16 5.384 -11.367 4.159 4.828 -5.250 4.335 2.195 -8.779 4.840
3 16 4.828 -5.250 4.335 1.939 -5.250 4.878 2.195 -8.779 4.840
3 16 1.939 -5.250 4.878 0.000 -5.250 4.999 0.000 -8.021 5.000
3 16 0.000 -8.021 5.000 2.195 -8.779 4.840 1.939 -5.250 4.878
3 16 4.271 -19.758 2.486 4.350 -19.724 4.324 5.813 -19.025 3.919
3 16 5.813 -19.025 3.919 5.844 -19.004 2.004 4.271 -19.758 2.486
3 16 2.271 -19.679 4.745 0.000 -19.940 4.874 2.022 -22.366 4.506
3 16 0.000 -22.366 4.688 2.022 -22.366 4.506 0.000 -19.940 4.874
3 16 2.195 -8.779 4.840 0.000 -8.021 5.000 0.000 -8.021 2.967
3 16 0.000 -8.021 2.967 2.260 -8.804 2.837 2.195 -8.779 4.840
3 16 9.780 -5.250 0.000 9.649 -5.250 0.772 9.780 -16.500 0.000
3 16 9.780 -16.500 0.000 9.649 -5.250 0.772 9.621 -16.500 0.850
3 16 9.301 -19.081 1.266 9.679 -19.081 0.000 9.621 -16.500 0.850
3 16 9.780 -16.500 0.000 9.621 -16.500 0.850 9.679 -19.081 0.000
3 16 4.177 -26.698 1.747 4.009 -28.274 0.000 4.613 -26.705 0.000
3 16 4.177 -26.698 1.747 3.464 -28.288 2.000 4.009 -28.274 0.000
3 16 6.277 -24.978 1.044 4.613 -26.705 0.000 6.427 -24.978 0.000
3 16 8.590 -22.365 0.000 8.323 -22.365 1.207 6.427 -24.978 0.000
3 16 8.323 -22.365 1.207 6.277 -24.978 1.044 6.427 -24.978 0.000
3 16 1.939 -5.250 4.878 1.939 -5.250 0.000 0.000 -5.250 0.000
3 16 0.000 -5.250 0.000 0.000 -5.250 4.999 1.939 -5.250 4.878
3 16 -9.301 -19.081 1.266 -9.374 -19.081 1.022 -8.590 -22.365 0.000
3 16 -9.679 -19.081 0.000 -8.590 -22.365 0.000 -9.374 -19.081 1.022
3 16 -9.301 -19.081 1.266 -8.590 -22.365 0.000 -8.323 -22.365 1.207
3 16 -4.000 -40.443 0.000 -3.464 -40.443 2.000 -3.464 -28.288 2.000
3 16 -3.464 -28.288 2.000 -4.009 -28.274 0.000 -4.000 -40.443 0.000
3 16 -4.177 -26.698 1.747 -6.277 -24.978 1.044 -4.613 -26.705 0.000
3 16 -2.271 -19.679 4.745 0.000 -19.940 4.874 0.000 -18.675 4.947
3 16 -2.022 -22.366 4.506 -2.271 -19.679 4.745 -4.350 -19.724 4.324
3 16 -4.350 -19.724 4.324 -5.848 -22.367 3.338 -2.022 -22.366 4.506
3 16 -5.813 -19.025 3.919 -7.049 -16.542 3.455 -7.351 -19.084 3.153
3 16 -5.848 -22.367 3.338 -5.813 -19.025 3.919 -7.351 -19.084 3.153
3 16 -5.813 -19.025 3.919 -5.848 -22.367 3.338 -4.350 -19.724 4.324
3 16 -5.848 -22.367 3.338 -7.351 -19.084 3.153 -8.323 -22.365 1.207
3 16 -7.351 -19.084 3.153 -9.301 -19.081 1.266 -8.323 -22.365 1.207
3 16 -7.351 -19.084 3.153 -8.009 -16.500 2.869 -9.301 -19.081 1.266
3 16 -9.621 -16.500 0.850 -9.301 -19.081 1.266 -8.009 -16.500 2.869
3 16 -8.009 -16.500 2.869 -7.351 -19.084 3.153 -7.049 -16.542 3.455
3 16 -5.844 -19.004 2.004 -7.034 -16.581 1.470 -7.049 -16.542 3.455
3 16 -7.049 -16.542 3.455 -5.813 -19.025 3.919 -5.844 -19.004 2.004
3 16 -2.393 -19.712 2.844 -4.271 -19.758 2.486 -4.350 -19.724 4.324
3 16 -4.350 -19.724 4.324 -2.271 -19.679 4.745 -2.393 -19.712 2.844
3 16 -2.271 -19.679 4.745 0.000 -18.675 4.947 0.000 -18.675 3.000
3 16 0.000 -18.675 3.000 -2.393 -19.712 2.844 -2.271 -19.679 4.745
3 16 -2.022 -22.366 4.506 -1.071 -24.976 4.272 0.000 -22.366 4.688
3 16 0.000 -24.976 4.337 0.000 -22.366 4.688 -1.071 -24.976 4.272
3 16 -2.022 -22.366 4.506 -4.088 -24.978 3.293 -1.071 -24.976 4.272
3 16 -4.088 -24.978 3.293 -2.022 -22.366 4.506 -5.848 -22.367 3.338
3 16 -8.323 -22.365 1.207 -6.277 -24.978 1.044 -5.848 -22.367 3.338
3 16 -6.277 -24.978 1.044 -4.088 -24.978 3.293 -5.848 -22.367 3.338
3 16 0.000 -26.696 4.125 0.000 -24.976 4.337 -1.071 -24.976 4.272
3 16 -2.400 -26.697 3.511 0.000 -26.696 4.125 -1.071 -24.976 4.272
3 16 -1.071 -24.976 4.272 -4.088 -24.978 3.293 -2.400 -26.697 3.511
3 16 -2.400 -26.697 3.511 -4.088 -24.978 3.293 -4.177 -26.698 1.747
3 16 -4.088 -24.978 3.293 -6.277 -24.978 1.044 -4.177 -26.698 1.747
3 16 -2.400 -26.697 3.511 -2.000 -28.287 3.464 0.000 -26.696 4.125
3 16 0.000 -28.286 4.000 0.000 -26.696 4.125 -2.000 -28.287 3.464
3 16 -3.464 -28.288 2.000 -2.000 -28.287 3.464 -2.400 -26.697 3.511
3 16 -2.400 -26.697 3.511 -4.177 -26.698 1.747 -3.464 -28.288 2.000
3 16 0.000 -28.286 4.000 -2.000 -28.287 3.464 -2.000 -40.443 3.464
3 16 -2.000 -40.443 3.464 0.000 -40.443 4.000 0.000 -28.286 4.000
3 16 -3.464 -40.443 2.000 -2.000 -40.443 3.464 -2.000 -28.287 3.464
3 16 -2.000 -28.287 3.464 -3.464 -28.288 2.000 -3.464 -40.443 2.000
3 16 -7.475 -5.250 3.168 -9.621 -16.500 0.850 -8.009 -16.500 2.869
3 16 -7.475 -5.250 3.168 -9.649 -5.250 0.772 -9.621 -16.500 0.850
3 16 -2.260 -8.804 2.837 -2.393 -19.712 2.844 0.000 -18.675 3.000
3 16 0.000 -18.675 3.000 0.000 -8.021 2.967 -2.260 -8.804 2.837
3 16 -2.260 -8.804 2.837 -4.271 -19.758 2.486 -2.393 -19.712 2.844
3 16 -5.384 -11.367 4.159 -5.302 -11.263 2.187 -2.260 -8.804 2.837
3 16 -2.260 -8.804 2.837 -2.195 -8.779 4.840 -5.384 -11.367 4.159
3 16 -2.260 -8.804 2.837 -5.302 -11.263 2.187 -4.271 -19.758 2.486
3 16 -5.302 -11.263 2.187 -5.844 -19.004 2.004 -4.271 -19.758 2.486
3 16 -5.302 -11.263 2.187 -6.805 -13.706 1.589 -5.844 -19.004 2.004
3 16 -6.805 -13.706 1.589 -7.034 -16.581 1.470 -5.844 -19.004 2.004
3 16 -5.302 -11.263 2.187 -5.384 -11.367 4.159 -6.732 -13.547 3.623
3 16 -6.732 -13.547 3.623 -6.805 -13.706 1.589 -5.302 -11.263 2.187
3 16 -6.732 -13.547 3.623 -7.049 -16.542 3.455 -6.805 -13.706 1.589
3 16 -7.049 -16.542 3.455 -7.034 -16.581 1.470 -6.805 -13.706 1.589
3 16 -8.009 -16.500 2.869 -7.049 -16.542 3.455 -7.475 -5.250 3.168
3 16 -7.475 -5.250 3.168 -7.049 -16.542 3.455 -6.732 -13.547 3.623
3 16 -7.475 -5.250 3.168 -6.732 -13.547 3.623 -5.384 -11.367 4.159
3 16 -7.475 -5.250 3.168 -5.384 -11.367 4.159 -4.828 -5.250 4.335
3 16 -5.384 -11.367 4.159 -2.195 -8.779 4.840 -4.828 -5.250 4.335
3 16 -4.828 -5.250 4.335 -2.195 -8.779 4.840 -1.939 -5.250 4.878
3 16 0.000 -8.021 5.000 0.000 -5.250 4.999 -1.939 -5.250 4.878
3 16 -1.939 -5.250 4.878 -2.195 -8.779 4.840 0.000 -8.021 5.000
3 16 -1.939 -5.250 0.000 -1.939 -5.250 4.878 0.000 -5.250 4.999
3 16 0.000 -5.250 4.999 0.000 -5.250 0.000 -1.939 -5.250 0.000
3 16 -5.813 -19.025 3.919 -4.350 -19.724 4.324 -4.271 -19.758 2.486
3 16 -4.271 -19.758 2.486 -5.844 -19.004 2.004 -5.813 -19.025 3.919
3 16 -2.271 -19.679 4.745 -2.022 -22.366 4.506 0.000 -19.940 4.874
3 16 0.000 -22.366 4.688 0.000 -19.940 4.874 -2.022 -22.366 4.506
3 16 -2.195 -8.779 4.840 -2.260 -8.804 2.837 0.000 -8.021 2.967
3 16 0.000 -8.021 2.967 0.000 -8.021 5.000 -2.195 -8.779 4.840
3 16 -9.780 -5.250 0.000 -9.780 -16.500 0.000 -9.649 -5.250 0.772
3 16 -9.780 -16.500 0.000 -9.621 -16.500 0.850 -9.649 -5.250 0.772
3 16 -9.301 -19.081 1.266 -9.621 -16.500 0.850 -9.374 -19.081 1.022
3 16 -9.621 -16.500 0.850 -9.679 -19.081 0.000 -9.374 -19.081 1.022
3 16 -9.780 -16.500 0.000 -9.679 -19.081 0.000 -9.621 -16.500 0.850
3 16 -4.177 -26.698 1.747 -4.613 -26.705 0.000 -4.009 -28.274 0.000
3 16 -4.177 -26.698 1.747 -4.009 -28.274 0.000 -3.464 -28.288 2.000
3 16 -6.277 -24.978 1.044 -6.427 -24.978 0.000 -4.613 -26.705 0.000
3 16 -8.590 -22.365 0.000 -6.427 -24.978 0.000 -8.323 -22.365 1.207
3 16 -8.323 -22.365 1.207 -6.427 -24.978 0.000 -6.277 -24.978 1.044
3 16 -7.475 -5.250 3.168 -7.475 -5.250 0.000 -9.780 -5.250 0.000
3 16 -9.780 -5.250 0.000 -9.649 -5.250 0.772 -7.475 -5.250 3.168
3 16 -4.828 -5.250 4.335 -4.828 -5.250 0.000 -7.475 -5.250 0.000
3 16 -7.475 -5.250 0.000 -7.475 -5.250 3.168 -4.828 -5.250 4.335
3 16 -1.939 -5.250 4.878 -1.939 -5.250 0.000 -4.828 -5.250 0.000
3 16 -4.828 -5.250 0.000 -4.828 -5.250 4.335 -1.939 -5.250 4.878
3 16 1.939 -5.250 0.000 1.939 -5.250 4.878 4.828 -5.250 4.335
3 16 4.828 -5.250 4.335 4.828 -5.250 0.000 1.939 -5.250 0.000
3 16 7.475 -5.250 3.168 7.475 -5.250 0.000 4.828 -5.250 0.000
3 16 4.828 -5.250 0.000 4.828 -5.250 4.335 7.475 -5.250 3.168
3 16 9.649 -5.250 0.772 9.780 -5.250 0.000 7.475 -5.250 0.000
3 16 7.475 -5.250 0.000 7.475 -5.250 3.168 9.649 -5.250 0.772
3 16 5.626 0.000 3.372 7.500 0.000 0.000 5.626 0.000 0.000
3 16 5.626 0.000 0.000 3.750 0.000 3.875 5.626 0.000 3.372
3 16 3.750 0.000 0.000 -3.750 0.000 3.875 3.750 0.000 3.875
3 16 3.750 0.000 3.875 5.626 0.000 0.000 3.750 0.000 0.000
3 16 -3.750 0.000 0.000 -5.626 0.000 3.372 -3.750 0.000 3.875
3 16 -3.750 0.000 3.875 3.750 0.000 0.000 -3.750 0.000 0.000
3 16 -5.626 0.000 0.000 -6.997 0.000 2.001 -5.626 0.000 3.372
3 16 -5.626 0.000 3.372 -3.750 0.000 0.000 -5.626 0.000 0.000
3 16 -6.997 0.000 2.001 -5.626 0.000 0.000 -6.997 0.000 0.000
3 16 -7.500 0.000 0.000 -6.997 0.000 2.001 -6.997 0.000 0.000
3 16 2.352 -47.994 5.000 7.385 -45.739 5.000 4.848 -40.443 5.000
3 16 4.848 -40.443 5.000 -5.295 -40.443 5.000 2.352 -47.994 5.000
3 16 -5.295 -40.443 5.000 -14.875 -43.010 5.000 -14.875 -47.994 5.000
3 16 -14.875 -47.994 5.000 2.352 -47.994 5.000 -5.295 -40.443 5.000
3 16 7.385 -45.739 5.000 7.338 -43.656 5.000 6.441 -41.784 5.000
3 16 6.441 -41.784 5.000 4.848 -40.443 5.000 7.385 -45.739 5.000
3 16 -6.954 -40.887 2.500 -11.482 -38.975 2.500 -12.536 -41.075 2.500
3 16 -12.536 -41.075 2.500 -13.241 -42.572 2.500 -6.954 -40.887 2.500
3 16 -7.144 -38.984 2.500 -7.578 -36.566 2.500 -11.482 -38.975 2.500
3 16 -11.482 -38.975 2.500 -6.954 -40.887 2.500 -7.144 -38.984 2.500
3 16 -11.000 -35.444 2.500 -10.905 -36.824 2.500 -7.794 -35.178 2.500
3 16 -7.794 -35.178 2.500 -8.294 -33.611 2.500 -11.000 -35.444 2.500
3 16 -7.578 -36.566 2.500 -7.794 -35.178 2.500 -10.905 -36.824 2.500
3 16 -10.905 -36.824 2.500 -11.482 -38.975 2.500 -7.578 -36.566 2.500
3 16 -8.294 -33.611 2.500 -8.559 -33.271 2.500 -11.268 -33.805 2.500
3 16 -11.268 -33.805 2.500 -11.000 -35.444 2.500 -8.294 -33.611 2.500
3 16 -8.559 -33.271 2.500 -9.358 -32.795 2.500 -11.219 -33.392 2.500
3 16 -11.219 -33.392 2.500 -11.268 -33.805 2.500 -8.559 -33.271 2.500
3 16 -9.358 -32.795 2.500 -10.175 -32.686 2.500 -10.755 -32.837 2.500
3 16 -10.755 -32.837 2.500 -11.219 -33.392 2.500 -9.358 -32.795 2.500
2 24 2.271 -19.679 4.745 0.000 -18.675 4.947
2 24 4.350 -19.724 4.324 2.271 -19.679 4.745
2 24 7.049 -16.542 3.455 5.813 -19.025 3.919
2 24 5.813 -19.025 3.919 4.350 -19.724 4.324
2 24 7.034 -16.581 1.470 5.844 -19.004 2.004
2 24 4.271 -19.758 2.486 2.393 -19.712 2.844
2 24 2.393 -19.712 2.844 0.000 -18.675 3.000
2 24 2.000 -40.443 3.464 3.464 -40.443 2.000
2 24 9.649 -5.250 0.772 7.475 -5.250 3.168
2 24 2.260 -8.804 2.837 0.000 -8.021 2.967
2 24 5.384 -11.367 4.159 2.195 -8.779 4.840
2 24 2.260 -8.804 2.837 5.302 -11.263 2.187
2 24 4.271 -19.758 2.486 5.844 -19.004 2.004
2 24 6.805 -13.706 1.589 5.302 -11.263 2.187
2 24 7.034 -16.581 1.470 6.805 -13.706 1.589
2 24 6.732 -13.547 3.623 5.384 -11.367 4.159
2 24 7.049 -16.542 3.455 6.732 -13.547 3.623
2 24 7.475 -5.250 3.168 4.828 -5.250 4.335
2 24 4.828 -5.250 4.335 1.939 -5.250 4.878
2 24 0.000 -8.021 5.000 2.195 -8.779 4.840
2 24 1.939 -5.250 4.878 0.000 -5.250 4.999
2 24 0.000 -40.443 4.000 2.000 -40.443 3.464
2 24 9.780 -5.250 0.000 9.649 -5.250 0.772
2 24 -9.780 -5.250 0.000 -9.649 -5.250 0.772
2 24 -9.649 -5.250 0.772 -7.475 -5.250 3.168
2 24 -4.000 -40.443 0.000 -3.464 -40.443 2.000
2 24 0.000 -18.675 4.947 -2.271 -19.679 4.745
2 24 -2.271 -19.679 4.745 -4.350 -19.724 4.324
2 24 -5.813 -19.025 3.919 -7.049 -16.542 3.455
2 24 -4.350 -19.724 4.324 -5.813 -19.025 3.919
2 24 -5.844 -19.004 2.004 -7.034 -16.581 1.470
2 24 -2.393 -19.712 2.844 -4.271 -19.758 2.486
2 24 0.000 -18.675 3.000 -2.393 -19.712 2.844
2 24 -3.464 -40.443 2.000 -2.000 -40.443 3.464
2 24 0.000 -8.021 2.967 -2.260 -8.804 2.837
2 24 -2.195 -8.779 4.840 -5.384 -11.367 4.159
2 24 -5.302 -11.263 2.187 -2.260 -8.804 2.837
2 24 -5.844 -19.004 2.004 -4.271 -19.758 2.486
2 24 -5.302 -11.263 2.187 -6.805 -13.706 1.589
2 24 -6.805 -13.706 1.589 -7.034 -16.581 1.470
2 24 -5.384 -11.367 4.159 -6.732 -13.547 3.623
2 24 -6.732 -13.547 3.623 -7.049 -16.542 3.455
2 24 -4.828 -5.250 4.335 -7.475 -5.250 3.168
2 24 -1.939 -5.250 4.878 -4.828 -5.250 4.335
2 24 -2.195 -8.779 4.840 0.000 -8.021 5.000
2 24 0.000 -5.250 4.999 -1.939 -5.250 4.878
2 24 -2.000 -40.443 3.464 0.000 -40.443 4.000
2 24 -13.241 -42.572 2.500 -12.536 -41.075 2.500
2 24 -13.241 -42.572 2.500 -6.954 -40.887 2.500
2 24 -11.482 -38.975 2.500 -12.536 -41.075 2.500
2 24 -6.954 -40.887 2.500 -7.144 -38.984 2.500
2 24 -11.482 -38.975 2.500 -10.905 -36.824 2.500
2 24 -11.268 -33.805 2.500 -11.219 -33.392 2.500
2 24 -11.219 -33.392 2.500 -10.755 -32.837 2.500
2 24 -10.755 -32.837 2.500 -10.175 -32.686 2.500
2 24 -10.175 -32.686 2.500 -9.358 -32.795 2.500
2 24 -9.358 -32.795 2.500 -8.559 -33.271 2.500
2 24 -8.559 -33.271 2.500 -8.294 -33.611 2.500
2 24 -8.294 -33.611 2.500 -7.794 -35.178 2.500
2 24 -7.794 -35.178 2.500 -7.578 -36.566 2.500
2 24 -7.578 -36.566 2.500 -7.144 -38.984 2.500
2 24 -11.000 -35.444 2.500 -10.905 -36.824 2.500
2 24 -11.268 -33.805 2.500 -11.000 -35.444 2.500
2 24 3.464 -40.443 2.000 4.000 -40.443 0.000
1 16 -7.2485 -2.6250 1.0005 0.2511 0.9992 0.0000 0.0000 0.0000 2.6200 0.9989 -0.0037 0.0000 rect2p.dat
1 16 -6.3115 -2.6250 2.6865 0.6859 1.0041 0.0000 0.0000 0.0000 2.6300 0.6859 0.0000 0.0000 rect2p.dat
1 16 -4.6880 -2.6250 3.6235 -0.9369 1.0042 0.0000 0.0000 0.0000 -2.6300 -0.2512 0.0001 0.0000 rect2p.dat
1 16 0.0000 -2.6250 3.8750 3.7500 0.0000 0.0000 0.0000 0.0000 2.6250 0.0000 -1.0000 0.0000 rect2p.dat
1 16 4.6880 -2.6250 3.6235 -0.9369 -1.0042 0.0000 0.0000 0.0000 -2.6300 0.2512 0.0001 0.0000 rect2p.dat
1 16 6.5630 -2.6250 1.6860 0.9375 -0.9985 0.0000 0.0000 0.0000 2.6300 -1.6870 0.0057 0.0000 rect2p.dat
3 16 8.590 -22.365 0.000 9.301 -19.081 -1.266 9.679 -19.081 0.000
3 16 8.590 -22.365 0.000 8.323 -22.365 -1.207 9.301 -19.081 -1.266
3 16 3.464 -28.288 -2.000 4.009 -28.274 0.000 4.000 -40.443 0.000
3 16 4.000 -40.443 0.000 3.464 -40.443 -2.000 3.464 -28.288 -2.000
3 16 6.277 -24.978 -1.044 4.613 -26.705 0.000 4.177 -26.698 -1.747
3 16 0.000 -19.940 -4.874 0.000 -18.675 -4.947 2.271 -19.679 -4.745
3 16 2.271 -19.679 -4.745 4.350 -19.724 -4.324 2.022 -22.366 -4.506
3 16 5.848 -22.367 -3.338 2.022 -22.366 -4.506 4.350 -19.724 -4.324
3 16 7.049 -16.542 -3.455 7.351 -19.084 -3.153 5.813 -19.025 -3.919
3 16 5.813 -19.025 -3.919 7.351 -19.084 -3.153 5.848 -22.367 -3.338
3 16 5.848 -22.367 -3.338 4.350 -19.724 -4.324 5.813 -19.025 -3.919
3 16 7.351 -19.084 -3.153 8.323 -22.365 -1.207 5.848 -22.367 -3.338
3 16 9.301 -19.081 -1.266 8.323 -22.365 -1.207 7.351 -19.084 -3.153
3 16 8.009 -16.500 -2.869 9.301 -19.081 -1.266 7.351 -19.084 -3.153
3 16 9.301 -19.081 -1.266 8.009 -16.500 -2.869 9.621 -16.500 -0.850
3 16 7.351 -19.084 -3.153 7.049 -16.542 -3.455 8.009 -16.500 -2.869
3 16 5.844 -19.004 -2.004 7.034 -16.581 -1.470 7.049 -16.542 -3.455
3 16 7.049 -16.542 -3.455 5.813 -19.025 -3.919 5.844 -19.004 -2.004
3 16 2.393 -19.712 -2.844 4.271 -19.758 -2.486 4.350 -19.724 -4.324
3 16 4.350 -19.724 -4.324 2.271 -19.679 -4.745 2.393 -19.712 -2.844
3 16 2.271 -19.679 -4.745 0.000 -18.675 -4.947 0.000 -18.675 -3.000
3 16 0.000 -18.675 -3.000 2.393 -19.712 -2.844 2.271 -19.679 -4.745
3 16 1.071 -24.976 -4.272 0.000 -22.366 -4.688 2.022 -22.366 -4.506
3 16 0.000 -22.366 -4.688 1.071 -24.976 -4.272 0.000 -24.976 -4.337
3 16 4.088 -24.978 -3.293 1.071 -24.976 -4.272 2.022 -22.366 -4.506
3 16 2.022 -22.366 -4.506 5.848 -22.367 -3.338 4.088 -24.978 -3.293
3 16 6.277 -24.978 -1.044 5.848 -22.367 -3.338 8.323 -22.365 -1.207
3 16 4.088 -24.978 -3.293 5.848 -22.367 -3.338 6.277 -24.978 -1.044
3 16 0.000 -24.976 -4.337 1.071 -24.976 -4.272 0.000 -26.696 -4.125
3 16 0.000 -26.696 -4.125 1.071 -24.976 -4.272 2.400 -26.697 -3.511
3 16 4.088 -24.978 -3.293 2.400 -26.697 -3.511 1.071 -24.976 -4.272
3 16 4.088 -24.978 -3.293 4.177 -26.698 -1.747 2.400 -26.697 -3.511
3 16 6.277 -24.978 -1.044 4.177 -26.698 -1.747 4.088 -24.978 -3.293
3 16 2.000 -28.287 -3.464 0.000 -26.696 -4.125 2.400 -26.697 -3.511
3 16 0.000 -26.696 -4.125 2.000 -28.287 -3.464 0.000 -28.286 -4.000
3 16 3.464 -28.288 -2.000 2.000 -28.287 -3.464 2.400 -26.697 -3.511
3 16 2.400 -26.697 -3.511 4.177 -26.698 -1.747 3.464 -28.288 -2.000
3 16 0.000 -28.286 -4.000 2.000 -28.287 -3.464 2.000 -40.443 -3.464
3 16 2.000 -40.443 -3.464 0.000 -40.443 -4.000 0.000 -28.286 -4.000
3 16 2.000 -28.287 -3.464 3.464 -28.288 -2.000 3.464 -40.443 -2.000
3 16 3.464 -40.443 -2.000 2.000 -40.443 -3.464 2.000 -28.287 -3.464
3 16 9.621 -16.500 -0.850 8.009 -16.500 -2.869 7.475 -5.250 -3.168
3 16 9.649 -5.250 -0.772 9.621 -16.500 -0.850 7.475 -5.250 -3.168
3 16 2.260 -8.804 -2.837 2.393 -19.712 -2.844 0.000 -18.675 -3.000
3 16 0.000 -18.675 -3.000 0.000 -8.021 -2.967 2.260 -8.804 -2.837
3 16 4.271 -19.758 -2.486 2.393 -19.712 -2.844 2.260 -8.804 -2.837
3 16 5.384 -11.367 -4.159 5.302 -11.263 -2.187 2.260 -8.804 -2.837
3 16 2.260 -8.804 -2.837 2.195 -8.779 -4.840 5.384 -11.367 -4.159
3 16 5.302 -11.263 -2.187 4.271 -19.758 -2.486 2.260 -8.804 -2.837
3 16 5.844 -19.004 -2.004 4.271 -19.758 -2.486 5.302 -11.263 -2.187
3 16 6.805 -13.706 -1.589 5.844 -19.004 -2.004 5.302 -11.263 -2.187
3 16 7.034 -16.581 -1.470 5.844 -19.004 -2.004 6.805 -13.706 -1.589
3 16 5.302 -11.263 -2.187 5.384 -11.367 -4.159 6.732 -13.547 -3.623
3 16 6.732 -13.547 -3.623 6.805 -13.706 -1.589 5.302 -11.263 -2.187
3 16 7.049 -16.542 -3.455 6.805 -13.706 -1.589 6.732 -13.547 -3.623
3 16 7.034 -16.581 -1.470 6.805 -13.706 -1.589 7.049 -16.542 -3.455
3 16 7.049 -16.542 -3.455 7.475 -5.250 -3.168 8.009 -16.500 -2.869
3 16 7.049 -16.542 -3.455 6.732 -13.547 -3.623 7.475 -5.250 -3.168
3 16 6.732 -13.547 -3.623 5.384 -11.367 -4.159 7.475 -5.250 -3.168
3 16 5.384 -11.367 -4.159 4.828 -5.250 -4.335 7.475 -5.250 -3.168
3 16 2.195 -8.779 -4.840 4.828 -5.250 -4.335 5.384 -11.367 -4.159
3 16 2.195 -8.779 -4.840 1.939 -5.250 -4.878 4.828 -5.250 -4.335
3 16 0.000 -8.021 -5.000 0.000 -5.250 -4.999 1.939 -5.250 -4.878
3 16 1.939 -5.250 -4.878 2.195 -8.779 -4.840 0.000 -8.021 -5.000
3 16 5.813 -19.025 -3.919 4.350 -19.724 -4.324 4.271 -19.758 -2.486
3 16 4.271 -19.758 -2.486 5.844 -19.004 -2.004 5.813 -19.025 -3.919
3 16 2.022 -22.366 -4.506 0.000 -19.940 -4.874 2.271 -19.679 -4.745
3 16 0.000 -19.940 -4.874 2.022 -22.366 -4.506 0.000 -22.366 -4.688
3 16 0.000 -8.021 -2.967 0.000 -8.021 -5.000 2.195 -8.779 -4.840
3 16 2.195 -8.779 -4.840 2.260 -8.804 -2.837 0.000 -8.021 -2.967
3 16 9.780 -16.500 0.000 9.649 -5.250 -0.772 9.780 -5.250 0.000
3 16 9.621 -16.500 -0.850 9.649 -5.250 -0.772 9.780 -16.500 0.000
3 16 9.621 -16.500 -0.850 9.679 -19.081 0.000 9.301 -19.081 -1.266
3 16 9.679 -19.081 0.000 9.621 -16.500 -0.850 9.780 -16.500 0.000
3 16 4.613 -26.705 0.000 4.009 -28.274 0.000 4.177 -26.698 -1.747
3 16 4.009 -28.274 0.000 3.464 -28.288 -2.000 4.177 -26.698 -1.747
3 16 6.427 -24.978 0.000 4.613 -26.705 0.000 6.277 -24.978 -1.044
3 16 6.427 -24.978 0.000 8.323 -22.365 -1.207 8.590 -22.365 0.000
3 16 6.427 -24.978 0.000 6.277 -24.978 -1.044 8.323 -22.365 -1.207
3 16 0.000 -5.250 0.000 1.939 -5.250 0.000 1.939 -5.250 -4.878
3 16 1.939 -5.250 -4.878 0.000 -5.250 -4.999 0.000 -5.250 0.000
3 16 -8.590 -22.365 0.000 -9.374 -19.081 -1.022 -9.301 -19.081 -1.266
3 16 -9.374 -19.081 -1.022 -8.590 -22.365 0.000 -9.679 -19.081 0.000
3 16 -8.323 -22.365 -1.207 -8.590 -22.365 0.000 -9.301 -19.081 -1.266
3 16 -3.464 -28.288 -2.000 -3.464 -40.443 -2.000 -4.000 -40.443 0.000
3 16 -4.000 -40.443 0.000 -4.009 -28.274 0.000 -3.464 -28.288 -2.000
3 16 -4.613 -26.705 0.000 -6.277 -24.978 -1.044 -4.177 -26.698 -1.747
3 16 0.000 -18.675 -4.947 0.000 -19.940 -4.874 -2.271 -19.679 -4.745
3 16 -4.350 -19.724 -4.324 -2.271 -19.679 -4.745 -2.022 -22.366 -4.506
3 16 -2.022 -22.366 -4.506 -5.848 -22.367 -3.338 -4.350 -19.724 -4.324
3 16 -7.351 -19.084 -3.153 -7.049 -16.542 -3.455 -5.813 -19.025 -3.919
3 16 -7.351 -19.084 -3.153 -5.813 -19.025 -3.919 -5.848 -22.367 -3.338
3 16 -4.350 -19.724 -4.324 -5.848 -22.367 -3.338 -5.813 -19.025 -3.919
3 16 -8.323 -22.365 -1.207 -7.351 -19.084 -3.153 -5.848 -22.367 -3.338
3 16 -8.323 -22.365 -1.207 -9.301 -19.081 -1.266 -7.351 -19.084 -3.153
3 16 -9.301 -19.081 -1.266 -8.009 -16.500 -2.869 -7.351 -19.084 -3.153
3 16 -8.009 -16.500 -2.869 -9.301 -19.081 -1.266 -9.621 -16.500 -0.850
3 16 -7.049 -16.542 -3.455 -7.351 -19.084 -3.153 -8.009 -16.500 -2.869
3 16 -7.049 -16.542 -3.455 -7.034 -16.581 -1.470 -5.844 -19.004 -2.004
3 16 -5.844 -19.004 -2.004 -5.813 -19.025 -3.919 -7.049 -16.542 -3.455
3 16 -4.350 -19.724 -4.324 -4.271 -19.758 -2.486 -2.393 -19.712 -2.844
3 16 -2.393 -19.712 -2.844 -2.271 -19.679 -4.745 -4.350 -19.724 -4.324
3 16 0.000 -18.675 -3.000 0.000 -18.675 -4.947 -2.271 -19.679 -4.745
3 16 -2.271 -19.679 -4.745 -2.393 -19.712 -2.844 0.000 -18.675 -3.000
3 16 0.000 -22.366 -4.688 -1.071 -24.976 -4.272 -2.022 -22.366 -4.506
3 16 -1.071 -24.976 -4.272 0.000 -22.366 -4.688 0.000 -24.976 -4.337
3 16 -1.071 -24.976 -4.272 -4.088 -24.978 -3.293 -2.022 -22.366 -4.506
3 16 -5.848 -22.367 -3.338 -2.022 -22.366 -4.506 -4.088 -24.978 -3.293
3 16 -5.848 -22.367 -3.338 -6.277 -24.978 -1.044 -8.323 -22.365 -1.207
3 16 -5.848 -22.367 -3.338 -4.088 -24.978 -3.293 -6.277 -24.978 -1.044
3 16 -1.071 -24.976 -4.272 0.000 -24.976 -4.337 0.000 -26.696 -4.125
3 16 -1.071 -24.976 -4.272 0.000 -26.696 -4.125 -2.400 -26.697 -3.511
3 16 -2.400 -26.697 -3.511 -4.088 -24.978 -3.293 -1.071 -24.976 -4.272
3 16 -4.177 -26.698 -1.747 -4.088 -24.978 -3.293 -2.400 -26.697 -3.511
3 16 -4.177 -26.698 -1.747 -6.277 -24.978 -1.044 -4.088 -24.978 -3.293
3 16 0.000 -26.696 -4.125 -2.000 -28.287 -3.464 -2.400 -26.697 -3.511
3 16 -2.000 -28.287 -3.464 0.000 -26.696 -4.125 0.000 -28.286 -4.000
3 16 -2.400 -26.697 -3.511 -2.000 -28.287 -3.464 -3.464 -28.288 -2.000
3 16 -3.464 -28.288 -2.000 -4.177 -26.698 -1.747 -2.400 -26.697 -3.511
3 16 -2.000 -40.443 -3.464 -2.000 -28.287 -3.464 0.000 -28.286 -4.000
3 16 0.000 -28.286 -4.000 0.000 -40.443 -4.000 -2.000 -40.443 -3.464
3 16 -2.000 -28.287 -3.464 -2.000 -40.443 -3.464 -3.464 -40.443 -2.000
3 16 -3.464 -40.443 -2.000 -3.464 -28.288 -2.000 -2.000 -28.287 -3.464
3 16 -8.009 -16.500 -2.869 -9.621 -16.500 -0.850 -7.475 -5.250 -3.168
3 16 -9.621 -16.500 -0.850 -9.649 -5.250 -0.772 -7.475 -5.250 -3.168
3 16 0.000 -18.675 -3.000 -2.393 -19.712 -2.844 -2.260 -8.804 -2.837
3 16 -2.260 -8.804 -2.837 0.000 -8.021 -2.967 0.000 -18.675 -3.000
3 16 -2.393 -19.712 -2.844 -4.271 -19.758 -2.486 -2.260 -8.804 -2.837
3 16 -2.260 -8.804 -2.837 -5.302 -11.263 -2.187 -5.384 -11.367 -4.159
3 16 -5.384 -11.367 -4.159 -2.195 -8.779 -4.840 -2.260 -8.804 -2.837
3 16 -4.271 -19.758 -2.486 -5.302 -11.263 -2.187 -2.260 -8.804 -2.837
3 16 -4.271 -19.758 -2.486 -5.844 -19.004 -2.004 -5.302 -11.263 -2.187
3 16 -5.844 -19.004 -2.004 -6.805 -13.706 -1.589 -5.302 -11.263 -2.187
3 16 -5.844 -19.004 -2.004 -7.034 -16.581 -1.470 -6.805 -13.706 -1.589
3 16 -6.732 -13.547 -3.623 -5.384 -11.367 -4.159 -5.302 -11.263 -2.187
3 16 -5.302 -11.263 -2.187 -6.805 -13.706 -1.589 -6.732 -13.547 -3.623
3 16 -6.805 -13.706 -1.589 -7.049 -16.542 -3.455 -6.732 -13.547 -3.623
3 16 -6.805 -13.706 -1.589 -7.034 -16.581 -1.470 -7.049 -16.542 -3.455
3 16 -7.475 -5.250 -3.168 -7.049 -16.542 -3.455 -8.009 -16.500 -2.869
3 16 -6.732 -13.547 -3.623 -7.049 -16.542 -3.455 -7.475 -5.250 -3.168
3 16 -5.384 -11.367 -4.159 -6.732 -13.547 -3.623 -7.475 -5.250 -3.168
3 16 -4.828 -5.250 -4.335 -5.384 -11.367 -4.159 -7.475 -5.250 -3.168
3 16 -4.828 -5.250 -4.335 -2.195 -8.779 -4.840 -5.384 -11.367 -4.159
3 16 -1.939 -5.250 -4.878 -2.195 -8.779 -4.840 -4.828 -5.250 -4.335
3 16 -1.939 -5.250 -4.878 0.000 -5.250 -4.999 0.000 -8.021 -5.000
3 16 0.000 -8.021 -5.000 -2.195 -8.779 -4.840 -1.939 -5.250 -4.878
3 16 0.000 -5.250 -4.999 -1.939 -5.250 -4.878 -1.939 -5.250 0.000
3 16 -1.939 -5.250 0.000 0.000 -5.250 0.000 0.000 -5.250 -4.999
3 16 -4.271 -19.758 -2.486 -4.350 -19.724 -4.324 -5.813 -19.025 -3.919
3 16 -5.813 -19.025 -3.919 -5.844 -19.004 -2.004 -4.271 -19.758 -2.486
3 16 0.000 -19.940 -4.874 -2.022 -22.366 -4.506 -2.271 -19.679 -4.745
3 16 -2.022 -22.366 -4.506 0.000 -19.940 -4.874 0.000 -22.366 -4.688
3 16 0.000 -8.021 -2.967 -2.260 -8.804 -2.837 -2.195 -8.779 -4.840
3 16 -2.195 -8.779 -4.840 0.000 -8.021 -5.000 0.000 -8.021 -2.967
3 16 -9.649 -5.250 -0.772 -9.780 -16.500 0.000 -9.780 -5.250 0.000
3 16 -9.649 -5.250 -0.772 -9.621 -16.500 -0.850 -9.780 -16.500 0.000
3 16 -9.374 -19.081 -1.022 -9.621 -16.500 -0.850 -9.301 -19.081 -1.266
3 16 -9.374 -19.081 -1.022 -9.679 -19.081 0.000 -9.621 -16.500 -0.850
3 16 -9.621 -16.500 -0.850 -9.679 -19.081 0.000 -9.780 -16.500 0.000
3 16 -4.009 -28.274 0.000 -4.613 -26.705 0.000 -4.177 -26.698 -1.747
3 16 -3.464 -28.288 -2.000 -4.009 -28.274 0.000 -4.177 -26.698 -1.747
3 16 -4.613 -26.705 0.000 -6.427 -24.978 0.000 -6.277 -24.978 -1.044
3 16 -8.323 -22.365 -1.207 -6.427 -24.978 0.000 -8.590 -22.365 0.000
3 16 -6.277 -24.978 -1.044 -6.427 -24.978 0.000 -8.323 -22.365 -1.207
3 16 -9.780 -5.250 0.000 -7.475 -5.250 0.000 -7.475 -5.250 -3.168
3 16 -7.475 -5.250 -3.168 -9.649 -5.250 -0.772 -9.780 -5.250 0.000
3 16 -7.475 -5.250 0.000 -4.828 -5.250 0.000 -4.828 -5.250 -4.335
3 16 -4.828 -5.250 -4.335 -7.475 -5.250 -3.168 -7.475 -5.250 0.000
3 16 -4.828 -5.250 0.000 -1.939 -5.250 0.000 -1.939 -5.250 -4.878
3 16 -1.939 -5.250 -4.878 -4.828 -5.250 -4.335 -4.828 -5.250 0.000
3 16 4.828 -5.250 -4.335 1.939 -5.250 -4.878 1.939 -5.250 0.000
3 16 1.939 -5.250 0.000 4.828 -5.250 0.000 4.828 -5.250 -4.335
3 16 4.828 -5.250 0.000 7.475 -5.250 0.000 7.475 -5.250 -3.168
3 16 7.475 -5.250 -3.168 4.828 -5.250 -4.335 4.828 -5.250 0.000
3 16 7.475 -5.250 0.000 9.780 -5.250 0.000 9.649 -5.250 -0.772
3 16 9.649 -5.250 -0.772 7.475 -5.250 -3.168 7.475 -5.250 0.000
3 16 5.626 0.000 0.000 7.500 0.000 0.000 5.626 0.000 -3.372
3 16 5.626 0.000 -3.372 3.750 0.000 -3.875 5.626 0.000 0.000
3 16 3.750 0.000 -3.875 -3.750 0.000 -3.875 3.750 0.000 0.000
3 16 3.750 0.000 0.000 5.626 0.000 0.000 3.750 0.000 -3.875
3 16 -3.750 0.000 -3.875 -5.626 0.000 -3.372 -3.750 0.000 0.000
3 16 -3.750 0.000 0.000 3.750 0.000 0.000 -3.750 0.000 -3.875
3 16 -5.626 0.000 -3.372 -6.997 0.000 -2.001 -5.626 0.000 0.000
3 16 -5.626 0.000 0.000 -3.750 0.000 0.000 -5.626 0.000 -3.372
3 16 -6.997 0.000 0.000 -5.626 0.000 0.000 -6.997 0.000 -2.001
3 16 -6.997 0.000 0.000 -6.997 0.000 -2.001 -7.500 0.000 0.000
3 16 4.848 -40.443 -5.000 7.385 -45.739 -5.000 2.352 -47.994 -5.000
3 16 2.352 -47.994 -5.000 -5.295 -40.443 -5.000 4.848 -40.443 -5.000
3 16 -14.875 -47.994 -5.000 -14.875 -43.010 -5.000 -5.295 -40.443 -5.000
3 16 -5.295 -40.443 -5.000 2.352 -47.994 -5.000 -14.875 -47.994 -5.000
3 16 6.441 -41.784 -5.000 7.338 -43.656 -5.000 7.385 -45.739 -5.000
3 16 7.385 -45.739 -5.000 4.848 -40.443 -5.000 6.441 -41.784 -5.000
3 16 -12.536 -41.075 -2.500 -11.482 -38.975 -2.500 -6.954 -40.887 -2.500
3 16 -6.954 -40.887 -2.500 -13.241 -42.572 -2.500 -12.536 -41.075 -2.500
3 16 -11.482 -38.975 -2.500 -7.578 -36.566 -2.500 -7.144 -38.984 -2.500
3 16 -7.144 -38.984 -2.500 -6.954 -40.887 -2.500 -11.482 -38.975 -2.500
3 16 -7.794 -35.178 -2.500 -10.905 -36.824 -2.500 -11.000 -35.444 -2.500
3 16 -11.000 -35.444 -2.500 -8.294 -33.611 -2.500 -7.794 -35.178 -2.500
3 16 -10.905 -36.824 -2.500 -7.794 -35.178 -2.500 -7.578 -36.566 -2.500
3 16 -7.578 -36.566 -2.500 -11.482 -38.975 -2.500 -10.905 -36.824 -2.500
3 16 -11.268 -33.805 -2.500 -8.559 -33.271 -2.500 -8.294 -33.611 -2.500
3 16 -8.294 -33.611 -2.500 -11.000 -35.444 -2.500 -11.268 -33.805 -2.500
3 16 -11.219 -33.392 -2.500 -9.358 -32.795 -2.500 -8.559 -33.271 -2.500
3 16 -8.559 -33.271 -2.500 -11.268 -33.805 -2.500 -11.219 -33.392 -2.500
3 16 -10.755 -32.837 -2.500 -10.175 -32.686 -2.500 -9.358 -32.795 -2.500
3 16 -9.358 -32.795 -2.500 -11.219 -33.392 -2.500 -10.755 -32.837 -2.500
2 24 2.271 -19.679 -4.745 0.000 -18.675 -4.947
2 24 4.350 -19.724 -4.324 2.271 -19.679 -4.745
2 24 7.049 -16.542 -3.455 5.813 -19.025 -3.919
2 24 5.813 -19.025 -3.919 4.350 -19.724 -4.324
2 24 7.034 -16.581 -1.470 5.844 -19.004 -2.004
2 24 4.271 -19.758 -2.486 2.393 -19.712 -2.844
2 24 2.393 -19.712 -2.844 0.000 -18.675 -3.000
2 24 2.000 -40.443 -3.464 3.464 -40.443 -2.000
2 24 9.649 -5.250 -0.772 7.475 -5.250 -3.168
2 24 2.260 -8.804 -2.837 0.000 -8.021 -2.967
2 24 5.384 -11.367 -4.159 2.195 -8.779 -4.840
2 24 2.260 -8.804 -2.837 5.302 -11.263 -2.187
2 24 4.271 -19.758 -2.486 5.844 -19.004 -2.004
2 24 6.805 -13.706 -1.589 5.302 -11.263 -2.187
2 24 7.034 -16.581 -1.470 6.805 -13.706 -1.589
2 24 6.732 -13.547 -3.623 5.384 -11.367 -4.159
2 24 7.049 -16.542 -3.455 6.732 -13.547 -3.623
2 24 7.475 -5.250 -3.168 4.828 -5.250 -4.335
2 24 4.828 -5.250 -4.335 1.939 -5.250 -4.878
2 24 0.000 -8.021 -5.000 2.195 -8.779 -4.840
2 24 1.939 -5.250 -4.878 0.000 -5.250 -4.999
2 24 0.000 -40.443 -4.000 2.000 -40.443 -3.464
2 24 9.780 -5.250 0.000 9.649 -5.250 -0.772
2 24 -9.780 -5.250 0.000 -9.649 -5.250 -0.772
2 24 -9.649 -5.250 -0.772 -7.475 -5.250 -3.168
2 24 -4.000 -40.443 0.000 -3.464 -40.443 -2.000
2 24 0.000 -18.675 -4.947 -2.271 -19.679 -4.745
2 24 -2.271 -19.679 -4.745 -4.350 -19.724 -4.324
2 24 -5.813 -19.025 -3.919 -7.049 -16.542 -3.455
2 24 -4.350 -19.724 -4.324 -5.813 -19.025 -3.919
2 24 -5.844 -19.004 -2.004 -7.034 -16.581 -1.470
2 24 -2.393 -19.712 -2.844 -4.271 -19.758 -2.486
2 24 0.000 -18.675 -3.000 -2.393 -19.712 -2.844
2 24 -3.464 -40.443 -2.000 -2.000 -40.443 -3.464
2 24 0.000 -8.021 -2.967 -2.260 -8.804 -2.837
2 24 -2.195 -8.779 -4.840 -5.384 -11.367 -4.159
2 24 -5.302 -11.263 -2.187 -2.260 -8.804 -2.837
2 24 -5.844 -19.004 -2.004 -4.271 -19.758 -2.486
2 24 -5.302 -11.263 -2.187 -6.805 -13.706 -1.589
2 24 -6.805 -13.706 -1.589 -7.034 -16.581 -1.470
2 24 -5.384 -11.367 -4.159 -6.732 -13.547 -3.623
2 24 -6.732 -13.547 -3.623 -7.049 -16.542 -3.455
2 24 -4.828 -5.250 -4.335 -7.475 -5.250 -3.168
2 24 -1.939 -5.250 -4.878 -4.828 -5.250 -4.335
2 24 -2.195 -8.779 -4.840 0.000 -8.021 -5.000
2 24 0.000 -5.250 -4.999 -1.939 -5.250 -4.878
2 24 -2.000 -40.443 -3.464 0.000 -40.443 -4.000
2 24 -13.241 -42.572 -2.500 -12.536 -41.075 -2.500
2 24 -13.241 -42.572 -2.500 -6.954 -40.887 -2.500
2 24 -11.482 -38.975 -2.500 -12.536 -41.075 -2.500
2 24 -6.954 -40.887 -2.500 -7.144 -38.984 -2.500
2 24 -11.482 -38.975 -2.500 -10.905 -36.824 -2.500
2 24 -11.268 -33.805 -2.500 -11.219 -33.392 -2.500
2 24 -11.219 -33.392 -2.500 -10.755 -32.837 -2.500
2 24 -10.755 -32.837 -2.500 -10.175 -32.686 -2.500
2 24 -10.175 -32.686 -2.500 -9.358 -32.795 -2.500
2 24 -9.358 -32.795 -2.500 -8.559 -33.271 -2.500
2 24 -8.559 -33.271 -2.500 -8.294 -33.611 -2.500
2 24 -8.294 -33.611 -2.500 -7.794 -35.178 -2.500
2 24 -7.794 -35.178 -2.500 -7.578 -36.566 -2.500
2 24 -7.578 -36.566 -2.500 -7.144 -38.984 -2.500
2 24 -11.000 -35.444 -2.500 -10.905 -36.824 -2.500
2 24 -11.268 -33.805 -2.500 -11.000 -35.444 -2.500
2 24 3.464 -40.443 -2.000 4.000 -40.443 0.000
1 16 -7.2485 -2.6250 -1.0005 0.2511 0.9992 0.0000 0.0000 0.0000 2.6200 -0.9989 0.0037 0.0000 rect2p.dat
1 16 -6.3115 -2.6250 -2.6865 0.6859 1.0041 0.0000 0.0000 0.0000 2.6300 -0.6859 0.0000 0.0000 rect2p.dat
1 16 -4.6880 -2.6250 -3.6235 -0.9369 1.0042 0.0000 0.0000 0.0000 -2.6300 0.2512 -0.0001 0.0000 rect2p.dat
1 16 0.0000 -2.6250 -3.8750 3.7500 0.0000 0.0000 0.0000 0.0000 2.6250 0.0000 1.0000 0.0000 rect2p.dat
1 16 4.6880 -2.6250 -3.6235 -0.9369 -1.0042 0.0000 0.0000 0.0000 -2.6300 -0.2512 -0.0001 0.0000 rect2p.dat
1 16 6.5630 -2.6250 -1.6860 0.9375 -0.9985 0.0000 0.0000 0.0000 2.6300 1.6870 -0.0057 0.0000 rect2p.dat
1 16 -0.2235 -40.4430 0.0000 5.0715 0.0000 0.0000 0.0000 -1.0000 0.0000 0.0000 0.0000 5.0000 rect2p.dat
1 16 -10.0850 -41.7265 0.0000 0.0000 0.0000 -4.7900 0.0000 -1.0000 -1.2800 5.0000 0.0000 0.0000 rect3.dat
1 16 5.6445 -41.1135 0.0000 0.7956 -0.0063 0.0000 -0.6698 -1.0012 0.0000 0.0000 0.0000 5.0000 rect2p.dat
1 16 7.3615 -44.6975 0.0000 0.0235 0.0026 0.0000 -1.0397 -1.0002 0.0000 0.0000 0.0000 5.0000 rect2p.dat
1 16 6.8895 -42.7200 0.0000 0.4494 0.0011 0.0000 -0.9379 -0.9974 0.0000 0.0000 0.0000 5.0000 rect2p.dat
1 16 -6.2615 -47.9940 0.0000 0.0000 0.0000 -8.6135 0.0000 1.0000 0.0000 -5.0000 0.0000 0.0000 rect3.dat
1 16 4.8685 -46.8665 0.0000 0.0000 0.0000 2.5200 0.0000 1.0000 1.1300 5.0000 0.0000 0.0000 rect3.dat
1 16 -14.8750 -45.5020 0.0000 0.0000 1.0000 0.0000 -2.4920 0.0000 0.0000 0.0000 0.0000 5.0000 rect.dat
