0 FILE 2684c01b-bl.dat
0 Monorail Motor 9V with Long Couplings
0 Name:  2684c01b-bl.dat
0 Author:  
0 BL_Item_No 2684c01b
0 BFC CERTIFY CCW
1 0 -39.0000 124.0000 0.0000 1.0000 0.0000 0.0000 0.0000 1.0000 0.0000 0.0000 0.0000 1.0000 2688.dat
1 0 39.0000 124.0000 0.0000 1.0000 0.0000 0.0000 0.0000 1.0000 0.0000 0.0000 0.0000 1.0000 2688.dat
1 0 0.0000 0.0000 0.0000 1.0000 0.0000 0.0000 0.0000 1.0000 0.0000 0.0000 0.0000 1.0000 2684.dat
1 494 0.0000 134.5000 -14.0000 2.5000 0.0000 0.0000 0.0000 -18.0000 0.0000 0.0000 0.0000 2.5000 4-4cylc.dat
1 334 0.0000 135.0000 -14.0000 1.0000 0.0000 0.0000 0.0000 1.0000 0.0000 0.0000 0.0000 1.0000 u9075.dat
1 16 0.0000 0.0000 0.0000 1.0000 0.0000 0.0000 0.0000 1.0000 0.0000 0.0000 0.0000 1.0000 2683.dat
1 0 0.0000 111.5000 0.0000 1.0000 0.0000 0.0000 0.0000 1.0000 0.0000 0.0000 0.0000 1.0000 2682.dat
1 0 -18.0000 128.7500 0.0000 -1.0000 0.0000 0.0000 0.0000 1.0000 0.0000 0.0000 0.0000 -1.0000 2685.dat
1 0 18.0000 128.7500 0.0000 1.0000 0.0000 0.0000 0.0000 1.0000 0.0000 0.0000 0.0000 1.0000 2685.dat
