0 FILE 2989.dat
0 Technic, Brick 1 x 4 with Bumper Holder
0 Name:  2989.dat
0 Author:
0 BL_Item_No 2989
0 BFC CERTIFY CCW
3 16 -28.000 2.000 -19.000 28.000 2.000 -19.000 34.000 0.000 -19.000
3 16 34.000 0.000 -19.000 -34.000 0.000 -19.000 -28.000 2.000 -19.000
3 16 28.000 2.000 -19.000 28.000 18.000 -19.000 34.000 24.000 -19.000
3 16 34.000 24.000 -19.000 34.000 0.000 -19.000 28.000 2.000 -19.000
3 16 28.000 18.000 -19.000 -28.000 18.000 -19.000 -34.000 24.000 -19.000
3 16 -34.000 24.000 -19.000 34.000 24.000 -19.000 28.000 18.000 -19.000
3 16 -28.000 18.000 -19.000 -28.000 2.000 -19.000 -34.000 0.000 -19.000
3 16 -34.000 0.000 -19.000 -34.000 24.000 -19.000 -28.000 18.000 -19.000
3 16 8.000 2.000 -19.000 8.000 18.000 -19.000 12.000 18.000 -19.000
3 16 12.000 18.000 -19.000 12.000 2.000 -19.000 8.000 2.000 -19.000
3 16 -12.000 2.000 -19.000 -12.000 18.000 -19.000 -8.000 18.000 -19.000
3 16 -8.000 18.000 -19.000 -8.000 2.000 -19.000 -12.000 2.000 -19.000
3 16 -34.000 24.000 -15.000 -34.000 0.000 -15.000 -31.000 4.000 -15.000
3 16 -31.000 4.000 -15.000 -31.000 20.000 -15.000 -34.000 24.000 -15.000
3 16 34.000 24.000 -15.000 -34.000 24.000 -15.000 -31.000 20.000 -15.000
3 16 -31.000 20.000 -15.000 31.000 20.000 -15.000 34.000 24.000 -15.000
3 16 34.000 0.000 -15.000 34.000 24.000 -15.000 31.000 20.000 -15.000
3 16 31.000 20.000 -15.000 31.000 4.000 -15.000 34.000 0.000 -15.000
3 16 -34.000 0.000 -15.000 34.000 0.000 -15.000 31.000 4.000 -15.000
3 16 31.000 4.000 -15.000 -31.000 4.000 -15.000 -34.000 0.000 -15.000
3 16 -20.000 4.000 -15.000 -22.296 4.457 -15.000 -31.000 4.457 -15.000
3 16 -31.000 4.457 -15.000 -31.000 4.000 -15.000 -20.000 4.000 -15.000
3 16 -22.296 4.457 -15.000 -23.109 5.000 -15.000 -31.000 5.000 -15.000
3 16 -31.000 5.000 -15.000 -31.000 4.457 -15.000 -22.296 4.457 -15.000
3 16 0.000 4.000 -15.000 -2.296 4.457 -15.000 -17.704 4.457 -15.000
3 16 -17.704 4.457 -15.000 -20.000 4.000 -15.000 0.000 4.000 -15.000
3 16 -2.296 4.457 -15.000 -3.109 5.000 -15.000 -16.891 5.000 -15.000
3 16 -16.891 5.000 -15.000 -17.704 4.457 -15.000 -2.296 4.457 -15.000
3 16 20.000 4.000 -15.000 17.704 4.457 -15.000 2.296 4.457 -15.000
3 16 2.296 4.457 -15.000 0.000 4.000 -15.000 20.000 4.000 -15.000
3 16 17.704 4.457 -15.000 16.891 5.000 -15.000 3.109 5.000 -15.000
3 16 3.109 5.000 -15.000 2.296 4.457 -15.000 17.704 4.457 -15.000
3 16 31.000 4.000 -15.000 31.000 4.457 -15.000 22.296 4.457 -15.000
3 16 22.296 4.457 -15.000 20.000 4.000 -15.000 31.000 4.000 -15.000
3 16 31.000 4.457 -15.000 31.000 5.000 -15.000 23.109 5.000 -15.000
3 16 23.109 5.000 -15.000 22.296 4.457 -15.000 31.000 4.457 -15.000
3 16 -11.000 10.000 -15.000 -11.000 20.000 -15.000 -12.500 17.500 -15.000
3 16 -12.500 17.500 -15.000 -12.500 10.000 -15.000 -11.000 10.000 -15.000
3 16 -29.000 20.000 -15.000 -29.000 10.000 -15.000 -27.500 10.000 -15.000
3 16 -27.500 10.000 -15.000 -27.500 17.500 -15.000 -29.000 20.000 -15.000
3 16 9.000 10.000 -15.000 9.000 20.000 -15.000 7.500 17.500 -15.000
3 16 7.500 17.500 -15.000 7.500 10.000 -15.000 9.000 10.000 -15.000
3 16 -9.000 20.000 -15.000 -9.000 10.000 -15.000 -7.500 10.000 -15.000
3 16 -7.500 10.000 -15.000 -7.500 17.500 -15.000 -9.000 20.000 -15.000
3 16 29.000 10.000 -15.000 29.000 20.000 -15.000 27.500 17.500 -15.000
3 16 27.500 17.500 -15.000 27.500 10.000 -15.000 29.000 10.000 -15.000
3 16 29.000 20.000 -15.000 11.000 20.000 -15.000 12.500 17.500 -15.000
3 16 12.500 17.500 -15.000 27.500 17.500 -15.000 29.000 20.000 -15.000
3 16 9.000 20.000 -15.000 -9.000 20.000 -15.000 -7.500 17.500 -15.000
3 16 -7.500 17.500 -15.000 7.500 17.500 -15.000 9.000 20.000 -15.000
3 16 -11.000 20.000 -15.000 -29.000 20.000 -15.000 -27.500 17.500 -15.000
3 16 -27.500 17.500 -15.000 -12.500 17.500 -15.000 -11.000 20.000 -15.000
3 16 11.000 20.000 -15.000 11.000 10.000 -15.000 12.500 10.000 -15.000
3 16 12.500 10.000 -15.000 12.500 17.500 -15.000 11.000 20.000 -15.000
3 16 -31.000 5.000 -15.000 -23.109 5.000 -15.000 -23.109 5.000 -12.000
3 16 -23.109 5.000 -12.000 -31.000 5.000 -12.000 -31.000 5.000 -15.000
3 16 -16.891 5.000 -15.000 -3.109 5.000 -15.000 -3.109 5.000 -12.000
3 16 -3.109 5.000 -12.000 -16.891 5.000 -12.000 -16.891 5.000 -15.000
3 16 3.109 5.000 -15.000 16.891 5.000 -15.000 16.891 5.000 -12.000
3 16 16.891 5.000 -12.000 3.109 5.000 -12.000 3.109 5.000 -15.000
3 16 23.109 5.000 -15.000 31.000 5.000 -15.000 31.000 5.000 -12.000
3 16 31.000 5.000 -12.000 23.109 5.000 -12.000 23.109 5.000 -15.000
3 16 -31.000 5.000 -12.000 -29.000 5.000 -12.000 -29.000 5.000 -10.000
3 16 -29.000 5.000 -10.000 -31.000 5.000 -10.000 -31.000 5.000 -12.000
3 16 -11.000 5.000 -12.000 -9.000 5.000 -12.000 -9.000 5.000 -10.000
3 16 -9.000 5.000 -10.000 -11.000 5.000 -10.000 -11.000 5.000 -12.000
3 16 9.000 5.000 -12.000 11.000 5.000 -12.000 11.000 5.000 -10.000
3 16 11.000 5.000 -10.000 9.000 5.000 -10.000 9.000 5.000 -12.000
3 16 29.000 5.000 -12.000 31.000 5.000 -12.000 31.000 5.000 -10.000
3 16 31.000 5.000 -10.000 29.000 5.000 -10.000 29.000 5.000 -12.000
3 16 -23.109 5.000 -15.000 -24.243 5.757 -15.000 -24.243 5.757 -12.000
3 16 -24.243 5.757 -12.000 -23.109 5.000 -12.000 -23.109 5.000 -15.000
3 16 -16.891 5.000 -12.000 -15.757 5.757 -12.000 -15.757 5.757 -15.000
3 16 -15.757 5.757 -15.000 -16.891 5.000 -15.000 -16.891 5.000 -12.000
3 16 -29.000 10.000 -12.000 -29.000 7.704 -12.000 -25.543 7.704 -12.000
3 16 -25.543 7.704 -12.000 -26.000 10.000 -12.000 -29.000 10.000 -12.000
3 16 -29.000 7.704 -12.000 -29.000 5.757 -12.000 -24.243 5.757 -12.000
3 16 -24.243 5.757 -12.000 -25.543 7.704 -12.000 -29.000 7.704 -12.000
3 16 -29.000 5.757 -12.000 -29.000 5.000 -12.000 -23.109 5.000 -12.000
3 16 -23.109 5.000 -12.000 -24.243 5.757 -12.000 -29.000 5.757 -12.000
3 16 -14.000 10.000 -12.000 -14.457 7.704 -12.000 -11.000 7.704 -12.000
3 16 -11.000 7.704 -12.000 -11.000 10.000 -12.000 -14.000 10.000 -12.000
3 16 -14.457 7.704 -12.000 -15.757 5.757 -12.000 -11.000 5.757 -12.000
3 16 -11.000 5.757 -12.000 -11.000 7.704 -12.000 -14.457 7.704 -12.000
3 16 -15.757 5.757 -12.000 -16.891 5.000 -12.000 -11.000 5.000 -12.000
3 16 -11.000 5.000 -12.000 -11.000 5.757 -12.000 -15.757 5.757 -12.000
3 16 -29.000 10.000 -15.000 -29.000 10.000 -12.000 -27.500 10.000 -12.000
3 16 -27.500 10.000 -12.000 -27.500 10.000 -15.000 -29.000 10.000 -15.000
3 16 -9.000 10.000 -15.000 -9.000 10.000 -12.000 -7.500 10.000 -12.000
3 16 -7.500 10.000 -12.000 -7.500 10.000 -15.000 -9.000 10.000 -15.000
3 16 11.000 10.000 -15.000 11.000 10.000 -12.000 12.500 10.000 -12.000
3 16 12.500 10.000 -12.000 12.500 10.000 -15.000 11.000 10.000 -15.000
3 16 -11.000 10.000 -12.000 -11.000 10.000 -15.000 -12.500 10.000 -15.000
3 16 -12.500 10.000 -15.000 -12.500 10.000 -12.000 -11.000 10.000 -12.000
3 16 -29.000 0.000 -8.000 -29.000 24.000 -8.000 -26.000 16.000 -8.000
3 16 -26.000 16.000 -8.000 -26.000 4.000 -8.000 -29.000 0.000 -8.000
3 16 -29.000 24.000 -8.000 -11.000 24.000 -8.000 -14.000 16.000 -8.000
3 16 -14.000 16.000 -8.000 -26.000 16.000 -8.000 -29.000 24.000 -8.000
3 16 -11.000 24.000 -8.000 -11.000 0.000 -8.000 -14.000 4.000 -8.000
3 16 -14.000 4.000 -8.000 -14.000 16.000 -8.000 -11.000 24.000 -8.000
3 16 -11.000 0.000 -8.000 -29.000 0.000 -8.000 -26.000 4.000 -8.000
3 16 -26.000 4.000 -8.000 -14.000 4.000 -8.000 -11.000 0.000 -8.000
3 16 -3.109 5.000 -15.000 -4.243 5.757 -15.000 -4.243 5.757 -12.000
3 16 -4.243 5.757 -12.000 -3.109 5.000 -12.000 -3.109 5.000 -15.000
3 16 3.109 5.000 -12.000 4.243 5.757 -12.000 4.243 5.757 -15.000
3 16 4.243 5.757 -15.000 3.109 5.000 -15.000 3.109 5.000 -12.000
3 16 -9.000 10.000 -12.000 -9.000 7.704 -12.000 -5.543 7.704 -12.000
3 16 -5.543 7.704 -12.000 -6.000 10.000 -12.000 -9.000 10.000 -12.000
3 16 -9.000 7.704 -12.000 -9.000 5.757 -12.000 -4.243 5.757 -12.000
3 16 -4.243 5.757 -12.000 -5.543 7.704 -12.000 -9.000 7.704 -12.000
3 16 -9.000 5.757 -12.000 -9.000 5.000 -12.000 -3.109 5.000 -12.000
3 16 -3.109 5.000 -12.000 -4.243 5.757 -12.000 -9.000 5.757 -12.000
3 16 6.000 10.000 -12.000 5.543 7.704 -12.000 9.000 7.704 -12.000
3 16 9.000 7.704 -12.000 9.000 10.000 -12.000 6.000 10.000 -12.000
3 16 5.543 7.704 -12.000 4.243 5.757 -12.000 9.000 5.757 -12.000
3 16 9.000 5.757 -12.000 9.000 7.704 -12.000 5.543 7.704 -12.000
3 16 4.243 5.757 -12.000 3.109 5.000 -12.000 9.000 5.000 -12.000
3 16 9.000 5.000 -12.000 9.000 5.757 -12.000 4.243 5.757 -12.000
3 16 9.000 10.000 -12.000 9.000 10.000 -15.000 7.500 10.000 -15.000
3 16 7.500 10.000 -15.000 7.500 10.000 -12.000 9.000 10.000 -12.000
3 16 -9.000 0.000 -8.000 -9.000 24.000 -8.000 -6.000 16.000 -8.000
3 16 -6.000 16.000 -8.000 -6.000 4.000 -8.000 -9.000 0.000 -8.000
3 16 -9.000 24.000 -8.000 9.000 24.000 -8.000 6.000 16.000 -8.000
3 16 6.000 16.000 -8.000 -6.000 16.000 -8.000 -9.000 24.000 -8.000
3 16 9.000 24.000 -8.000 9.000 0.000 -8.000 6.000 4.000 -8.000
3 16 6.000 4.000 -8.000 6.000 16.000 -8.000 9.000 24.000 -8.000
3 16 9.000 0.000 -8.000 -9.000 0.000 -8.000 -6.000 4.000 -8.000
3 16 -6.000 4.000 -8.000 6.000 4.000 -8.000 9.000 0.000 -8.000
3 16 16.891 5.000 -15.000 15.757 5.757 -15.000 15.757 5.757 -12.000
3 16 15.757 5.757 -12.000 16.891 5.000 -12.000 16.891 5.000 -15.000
3 16 23.109 5.000 -12.000 24.243 5.757 -12.000 24.243 5.757 -15.000
3 16 24.243 5.757 -15.000 23.109 5.000 -15.000 23.109 5.000 -12.000
3 16 11.000 10.000 -12.000 11.000 7.704 -12.000 14.457 7.704 -12.000
3 16 14.457 7.704 -12.000 14.000 10.000 -12.000 11.000 10.000 -12.000
3 16 11.000 7.704 -12.000 11.000 5.757 -12.000 15.757 5.757 -12.000
3 16 15.757 5.757 -12.000 14.457 7.704 -12.000 11.000 7.704 -12.000
3 16 11.000 5.757 -12.000 11.000 5.000 -12.000 16.891 5.000 -12.000
3 16 16.891 5.000 -12.000 15.757 5.757 -12.000 11.000 5.757 -12.000
3 16 26.000 10.000 -12.000 25.543 7.704 -12.000 29.000 7.704 -12.000
3 16 29.000 7.704 -12.000 29.000 10.000 -12.000 26.000 10.000 -12.000
3 16 25.543 7.704 -12.000 24.243 5.757 -12.000 29.000 5.757 -12.000
3 16 29.000 5.757 -12.000 29.000 7.704 -12.000 25.543 7.704 -12.000
3 16 24.243 5.757 -12.000 23.109 5.000 -12.000 29.000 5.000 -12.000
3 16 29.000 5.000 -12.000 29.000 5.757 -12.000 24.243 5.757 -12.000
3 16 29.000 10.000 -12.000 29.000 10.000 -15.000 27.500 10.000 -15.000
3 16 27.500 10.000 -15.000 27.500 10.000 -12.000 29.000 10.000 -12.000
3 16 11.000 0.000 -8.000 11.000 24.000 -8.000 14.000 16.000 -8.000
3 16 14.000 16.000 -8.000 14.000 4.000 -8.000 11.000 0.000 -8.000
3 16 11.000 24.000 -8.000 29.000 24.000 -8.000 26.000 16.000 -8.000
3 16 26.000 16.000 -8.000 14.000 16.000 -8.000 11.000 24.000 -8.000
3 16 29.000 24.000 -8.000 29.000 0.000 -8.000 26.000 4.000 -8.000
3 16 26.000 4.000 -8.000 26.000 16.000 -8.000 29.000 24.000 -8.000
3 16 29.000 0.000 -8.000 11.000 0.000 -8.000 14.000 4.000 -8.000
3 16 14.000 4.000 -8.000 26.000 4.000 -8.000 29.000 0.000 -8.000
3 16 -27.000 19.000 3.000 -27.000 2.000 3.000 -27.000 2.000 -3.000
3 16 -27.000 2.000 -3.000 -27.000 19.000 -3.000 -27.000 19.000 3.000
3 16 -13.000 2.000 3.000 -13.000 19.000 3.000 -13.000 19.000 -3.000
3 16 -13.000 19.000 -3.000 -13.000 2.000 -3.000 -13.000 2.000 3.000
3 16 -7.000 19.000 3.000 -7.000 2.000 3.000 -7.000 2.000 -3.000
3 16 -7.000 2.000 -3.000 -7.000 19.000 -3.000 -7.000 19.000 3.000
3 16 7.000 2.000 3.000 7.000 19.000 3.000 7.000 19.000 -3.000
3 16 7.000 19.000 -3.000 7.000 2.000 -3.000 7.000 2.000 3.000
3 16 13.000 19.000 3.000 13.000 2.000 3.000 13.000 2.000 -3.000
3 16 13.000 2.000 -3.000 13.000 19.000 -3.000 13.000 19.000 3.000
3 16 27.000 2.000 3.000 27.000 19.000 3.000 27.000 19.000 -3.000
3 16 27.000 19.000 -3.000 27.000 2.000 -3.000 27.000 2.000 3.000
3 16 -13.000 19.000 -6.000 -13.071 19.000 -6.000 -13.071 12.870 -6.000
3 16 -13.071 12.870 -6.000 -13.000 12.513 -6.000 -13.000 19.000 -6.000
3 16 -13.071 19.000 -6.000 -14.697 19.000 -6.000 -14.697 15.303 -6.000
3 16 -14.697 15.303 -6.000 -13.071 12.870 -6.000 -13.071 19.000 -6.000
3 16 -14.697 19.000 -6.000 -17.130 19.000 -6.000 -17.130 16.929 -6.000
3 16 -17.130 16.929 -6.000 -14.697 15.303 -6.000 -14.697 19.000 -6.000
3 16 -17.130 19.000 -6.000 -20.000 19.000 -6.000 -20.000 17.500 -6.000
3 16 -20.000 17.500 -6.000 -17.130 16.929 -6.000 -17.130 19.000 -6.000
3 16 -20.000 19.000 -6.000 -22.871 19.000 -6.000 -22.871 16.929 -6.000
3 16 -22.871 16.929 -6.000 -20.000 17.500 -6.000 -20.000 19.000 -6.000
3 16 -22.871 19.000 -6.000 -25.303 19.000 -6.000 -25.303 15.303 -6.000
3 16 -25.303 15.303 -6.000 -22.871 16.929 -6.000 -22.871 19.000 -6.000
3 16 -25.303 19.000 -6.000 -26.929 19.000 -6.000 -26.929 12.870 -6.000
3 16 -26.929 12.870 -6.000 -25.303 15.303 -6.000 -25.303 19.000 -6.000
3 16 -26.929 19.000 -6.000 -27.000 19.000 -6.000 -27.000 12.513 -6.000
3 16 -27.000 12.513 -6.000 -26.929 12.870 -6.000 -26.929 19.000 -6.000
3 16 -27.000 12.513 -3.000 -27.000 2.000 -3.000 -26.000 4.000 -3.000
3 16 -26.000 4.000 -3.000 -26.000 10.000 -3.000 -27.000 12.513 -3.000
3 16 -27.000 2.000 -3.000 -13.000 2.000 -3.000 -14.000 4.000 -3.000
3 16 -14.000 4.000 -3.000 -26.000 4.000 -3.000 -27.000 2.000 -3.000
3 16 -13.000 2.000 -3.000 -13.000 12.513 -3.000 -14.000 10.000 -3.000
3 16 -14.000 10.000 -3.000 -14.000 4.000 -3.000 -13.000 2.000 -3.000
3 16 -13.000 12.513 -3.000 -13.071 12.870 -3.000 -14.457 12.296 -3.000
3 16 -14.457 12.296 -3.000 -14.000 10.000 -3.000 -13.000 12.513 -3.000
3 16 -13.071 12.870 -3.000 -14.697 15.303 -3.000 -15.757 14.243 -3.000
3 16 -15.757 14.243 -3.000 -14.457 12.296 -3.000 -13.071 12.870 -3.000
3 16 -14.697 15.303 -3.000 -17.130 16.929 -3.000 -17.704 15.543 -3.000
3 16 -17.704 15.543 -3.000 -15.757 14.243 -3.000 -14.697 15.303 -3.000
3 16 -17.130 16.929 -3.000 -20.000 17.500 -3.000 -20.000 16.000 -3.000
3 16 -20.000 16.000 -3.000 -17.704 15.543 -3.000 -17.130 16.929 -3.000
3 16 -20.000 17.500 -3.000 -22.870 16.929 -3.000 -22.296 15.543 -3.000
3 16 -22.296 15.543 -3.000 -20.000 16.000 -3.000 -20.000 17.500 -3.000
3 16 -22.870 16.929 -3.000 -25.303 15.303 -3.000 -24.243 14.243 -3.000
3 16 -24.243 14.243 -3.000 -22.296 15.543 -3.000 -22.870 16.929 -3.000
3 16 -25.303 15.303 -3.000 -26.929 12.870 -3.000 -25.543 12.296 -3.000
3 16 -25.543 12.296 -3.000 -24.243 14.243 -3.000 -25.303 15.303 -3.000
3 16 -26.929 12.870 -3.000 -27.000 12.513 -3.000 -26.000 10.000 -3.000
3 16 -26.000 10.000 -3.000 -25.543 12.296 -3.000 -26.929 12.870 -3.000
3 16 -13.000 12.513 -6.000 -13.071 12.870 -6.000 -13.071 12.870 -3.000
3 16 -13.071 12.870 -3.000 -13.000 12.513 -3.000 -13.000 12.513 -6.000
3 16 -13.071 12.870 -6.000 -14.697 15.303 -6.000 -14.697 15.303 -3.000
3 16 -14.697 15.303 -3.000 -13.071 12.870 -3.000 -13.071 12.870 -6.000
3 16 -25.303 15.303 -6.000 -26.929 12.870 -6.000 -26.929 12.870 -3.000
3 16 -26.929 12.870 -3.000 -25.303 15.303 -3.000 -25.303 15.303 -6.000
3 16 -26.929 12.870 -6.000 -27.000 12.513 -6.000 -27.000 12.513 -3.000
3 16 -27.000 12.513 -3.000 -26.929 12.870 -3.000 -26.929 12.870 -6.000
3 16 -27.000 12.513 -6.000 -27.000 19.000 -6.000 -27.000 19.000 -3.000
3 16 -27.000 19.000 -3.000 -27.000 12.513 -3.000 -27.000 12.513 -6.000
3 16 -13.000 19.000 -6.000 -13.000 12.513 -6.000 -13.000 12.513 -3.000
3 16 -13.000 12.513 -3.000 -13.000 19.000 -3.000 -13.000 19.000 -6.000
3 16 7.000 19.000 -6.000 6.929 19.000 -6.000 6.929 12.870 -6.000
3 16 6.929 12.870 -6.000 7.000 12.513 -6.000 7.000 19.000 -6.000
3 16 6.929 19.000 -6.000 5.303 19.000 -6.000 5.303 15.303 -6.000
3 16 5.303 15.303 -6.000 6.929 12.870 -6.000 6.929 19.000 -6.000
3 16 5.303 19.000 -6.000 2.870 19.000 -6.000 2.870 16.929 -6.000
3 16 2.870 16.929 -6.000 5.303 15.303 -6.000 5.303 19.000 -6.000
3 16 2.870 19.000 -6.000 0.000 19.000 -6.000 0.000 17.500 -6.000
3 16 0.000 17.500 -6.000 2.870 16.929 -6.000 2.870 19.000 -6.000
3 16 0.000 19.000 -6.000 -2.871 19.000 -6.000 -2.871 16.929 -6.000
3 16 -2.871 16.929 -6.000 0.000 17.500 -6.000 0.000 19.000 -6.000
3 16 -2.871 19.000 -6.000 -5.303 19.000 -6.000 -5.303 15.303 -6.000
3 16 -5.303 15.303 -6.000 -2.871 16.929 -6.000 -2.871 19.000 -6.000
3 16 -5.303 19.000 -6.000 -6.929 19.000 -6.000 -6.929 12.870 -6.000
3 16 -6.929 12.870 -6.000 -5.303 15.303 -6.000 -5.303 19.000 -6.000
3 16 -6.929 19.000 -6.000 -7.000 19.000 -6.000 -7.000 12.513 -6.000
3 16 -7.000 12.513 -6.000 -6.929 12.870 -6.000 -6.929 19.000 -6.000
3 16 -7.000 12.513 -3.000 -7.000 2.000 -3.000 -6.000 4.000 -3.000
3 16 -6.000 4.000 -3.000 -6.000 10.000 -3.000 -7.000 12.513 -3.000
3 16 -7.000 2.000 -3.000 7.000 2.000 -3.000 6.000 4.000 -3.000
3 16 6.000 4.000 -3.000 -6.000 4.000 -3.000 -7.000 2.000 -3.000
3 16 7.000 2.000 -3.000 7.000 12.513 -3.000 6.000 10.000 -3.000
3 16 6.000 10.000 -3.000 6.000 4.000 -3.000 7.000 2.000 -3.000
3 16 7.000 12.513 -3.000 6.929 12.870 -3.000 5.543 12.296 -3.000
3 16 5.543 12.296 -3.000 6.000 10.000 -3.000 7.000 12.513 -3.000
3 16 6.929 12.870 -3.000 5.303 15.303 -3.000 4.243 14.243 -3.000
3 16 4.243 14.243 -3.000 5.543 12.296 -3.000 6.929 12.870 -3.000
3 16 5.303 15.303 -3.000 2.870 16.929 -3.000 2.296 15.543 -3.000
3 16 2.296 15.543 -3.000 4.243 14.243 -3.000 5.303 15.303 -3.000
3 16 2.870 16.929 -3.000 0.000 17.500 -3.000 0.000 16.000 -3.000
3 16 0.000 16.000 -3.000 2.296 15.543 -3.000 2.870 16.929 -3.000
3 16 0.000 17.500 -3.000 -2.870 16.929 -3.000 -2.296 15.543 -3.000
3 16 -2.296 15.543 -3.000 0.000 16.000 -3.000 0.000 17.500 -3.000
3 16 -2.870 16.929 -3.000 -5.303 15.303 -3.000 -4.243 14.243 -3.000
3 16 -4.243 14.243 -3.000 -2.296 15.543 -3.000 -2.870 16.929 -3.000
3 16 -5.303 15.303 -3.000 -6.929 12.870 -3.000 -5.543 12.296 -3.000
3 16 -5.543 12.296 -3.000 -4.243 14.243 -3.000 -5.303 15.303 -3.000
3 16 -6.929 12.870 -3.000 -7.000 12.513 -3.000 -6.000 10.000 -3.000
3 16 -6.000 10.000 -3.000 -5.543 12.296 -3.000 -6.929 12.870 -3.000
3 16 7.000 12.513 -6.000 6.929 12.870 -6.000 6.929 12.870 -3.000
3 16 6.929 12.870 -3.000 7.000 12.513 -3.000 7.000 12.513 -6.000
3 16 6.929 12.870 -6.000 5.303 15.303 -6.000 5.303 15.303 -3.000
3 16 5.303 15.303 -3.000 6.929 12.870 -3.000 6.929 12.870 -6.000
3 16 -5.303 15.303 -6.000 -6.929 12.870 -6.000 -6.929 12.870 -3.000
3 16 -6.929 12.870 -3.000 -5.303 15.303 -3.000 -5.303 15.303 -6.000
3 16 -6.929 12.870 -6.000 -7.000 12.513 -6.000 -7.000 12.513 -3.000
3 16 -7.000 12.513 -3.000 -6.929 12.870 -3.000 -6.929 12.870 -6.000
3 16 -7.000 12.513 -6.000 -7.000 19.000 -6.000 -7.000 19.000 -3.000
3 16 -7.000 19.000 -3.000 -7.000 12.513 -3.000 -7.000 12.513 -6.000
3 16 7.000 19.000 -6.000 7.000 12.513 -6.000 7.000 12.513 -3.000
3 16 7.000 12.513 -3.000 7.000 19.000 -3.000 7.000 19.000 -6.000
3 16 27.000 19.000 -6.000 26.929 19.000 -6.000 26.929 12.870 -6.000
3 16 26.929 12.870 -6.000 27.000 12.513 -6.000 27.000 19.000 -6.000
3 16 26.929 19.000 -6.000 25.303 19.000 -6.000 25.303 15.303 -6.000
3 16 25.303 15.303 -6.000 26.929 12.870 -6.000 26.929 19.000 -6.000
3 16 25.303 19.000 -6.000 22.870 19.000 -6.000 22.870 16.929 -6.000
3 16 22.870 16.929 -6.000 25.303 15.303 -6.000 25.303 19.000 -6.000
3 16 22.870 19.000 -6.000 20.000 19.000 -6.000 20.000 17.500 -6.000
3 16 20.000 17.500 -6.000 22.870 16.929 -6.000 22.870 19.000 -6.000
3 16 20.000 19.000 -6.000 17.129 19.000 -6.000 17.129 16.929 -6.000
3 16 17.129 16.929 -6.000 20.000 17.500 -6.000 20.000 19.000 -6.000
3 16 17.129 19.000 -6.000 14.697 19.000 -6.000 14.697 15.303 -6.000
3 16 14.697 15.303 -6.000 17.129 16.929 -6.000 17.129 19.000 -6.000
3 16 14.697 19.000 -6.000 13.071 19.000 -6.000 13.071 12.870 -6.000
3 16 13.071 12.870 -6.000 14.697 15.303 -6.000 14.697 19.000 -6.000
3 16 13.071 19.000 -6.000 13.000 19.000 -6.000 13.000 12.513 -6.000
3 16 13.000 12.513 -6.000 13.071 12.870 -6.000 13.071 19.000 -6.000
3 16 13.000 12.513 -3.000 13.000 2.000 -3.000 14.000 4.000 -3.000
3 16 14.000 4.000 -3.000 14.000 10.000 -3.000 13.000 12.513 -3.000
3 16 13.000 2.000 -3.000 27.000 2.000 -3.000 26.000 4.000 -3.000
3 16 26.000 4.000 -3.000 14.000 4.000 -3.000 13.000 2.000 -3.000
3 16 27.000 2.000 -3.000 27.000 12.513 -3.000 26.000 10.000 -3.000
3 16 26.000 10.000 -3.000 26.000 4.000 -3.000 27.000 2.000 -3.000
3 16 27.000 12.513 -3.000 26.929 12.870 -3.000 25.543 12.296 -3.000
3 16 25.543 12.296 -3.000 26.000 10.000 -3.000 27.000 12.513 -3.000
3 16 26.929 12.870 -3.000 25.303 15.303 -3.000 24.243 14.243 -3.000
3 16 24.243 14.243 -3.000 25.543 12.296 -3.000 26.929 12.870 -3.000
3 16 25.303 15.303 -3.000 22.870 16.929 -3.000 22.296 15.543 -3.000
3 16 22.296 15.543 -3.000 24.243 14.243 -3.000 25.303 15.303 -3.000
3 16 22.870 16.929 -3.000 20.000 17.500 -3.000 20.000 16.000 -3.000
3 16 20.000 16.000 -3.000 22.296 15.543 -3.000 22.870 16.929 -3.000
3 16 20.000 17.500 -3.000 17.130 16.929 -3.000 17.704 15.543 -3.000
3 16 17.704 15.543 -3.000 20.000 16.000 -3.000 20.000 17.500 -3.000
3 16 17.130 16.929 -3.000 14.697 15.303 -3.000 15.757 14.243 -3.000
3 16 15.757 14.243 -3.000 17.704 15.543 -3.000 17.130 16.929 -3.000
3 16 14.697 15.303 -3.000 13.071 12.870 -3.000 14.457 12.296 -3.000
3 16 14.457 12.296 -3.000 15.757 14.243 -3.000 14.697 15.303 -3.000
3 16 13.071 12.870 -3.000 13.000 12.513 -3.000 14.000 10.000 -3.000
3 16 14.000 10.000 -3.000 14.457 12.296 -3.000 13.071 12.870 -3.000
3 16 27.000 12.513 -6.000 26.929 12.870 -6.000 26.929 12.870 -3.000
3 16 26.929 12.870 -3.000 27.000 12.513 -3.000 27.000 12.513 -6.000
3 16 26.929 12.870 -6.000 25.303 15.303 -6.000 25.303 15.303 -3.000
3 16 25.303 15.303 -3.000 26.929 12.870 -3.000 26.929 12.870 -6.000
3 16 14.697 15.303 -6.000 13.071 12.870 -6.000 13.071 12.870 -3.000
3 16 13.071 12.870 -3.000 14.697 15.303 -3.000 14.697 15.303 -6.000
3 16 13.071 12.870 -6.000 13.000 12.513 -6.000 13.000 12.513 -3.000
3 16 13.000 12.513 -3.000 13.071 12.870 -3.000 13.071 12.870 -6.000
3 16 13.000 12.513 -6.000 13.000 19.000 -6.000 13.000 19.000 -3.000
3 16 13.000 19.000 -3.000 13.000 12.513 -3.000 13.000 12.513 -6.000
3 16 27.000 19.000 -6.000 27.000 12.513 -6.000 27.000 12.513 -3.000
3 16 27.000 12.513 -3.000 27.000 19.000 -3.000 27.000 19.000 -6.000
3 16 -27.000 19.000 6.000 -26.929 19.000 6.000 -26.929 12.870 6.000
3 16 -26.929 12.870 6.000 -27.000 12.513 6.000 -27.000 19.000 6.000
3 16 -26.929 19.000 6.000 -25.303 19.000 6.000 -25.303 15.303 6.000
3 16 -25.303 15.303 6.000 -26.929 12.870 6.000 -26.929 19.000 6.000
3 16 -25.303 19.000 6.000 -22.870 19.000 6.000 -22.870 16.929 6.000
3 16 -22.870 16.929 6.000 -25.303 15.303 6.000 -25.303 19.000 6.000
3 16 -22.870 19.000 6.000 -20.000 19.000 6.000 -20.000 17.500 6.000
3 16 -20.000 17.500 6.000 -22.870 16.929 6.000 -22.870 19.000 6.000
3 16 -20.000 19.000 6.000 -17.129 19.000 6.000 -17.129 16.929 6.000
3 16 -17.129 16.929 6.000 -20.000 17.500 6.000 -20.000 19.000 6.000
3 16 -17.129 19.000 6.000 -14.697 19.000 6.000 -14.697 15.303 6.000
3 16 -14.697 15.303 6.000 -17.129 16.929 6.000 -17.129 19.000 6.000
3 16 -14.697 19.000 6.000 -13.071 19.000 6.000 -13.071 12.870 6.000
3 16 -13.071 12.870 6.000 -14.697 15.303 6.000 -14.697 19.000 6.000
3 16 -13.071 19.000 6.000 -13.000 19.000 6.000 -13.000 12.513 6.000
3 16 -13.000 12.513 6.000 -13.071 12.870 6.000 -13.071 19.000 6.000
3 16 -13.000 12.513 3.000 -13.000 2.000 3.000 -14.000 4.000 3.000
3 16 -14.000 4.000 3.000 -14.000 10.000 3.000 -13.000 12.513 3.000
3 16 -13.000 2.000 3.000 -27.000 2.000 3.000 -26.000 4.000 3.000
3 16 -26.000 4.000 3.000 -14.000 4.000 3.000 -13.000 2.000 3.000
3 16 -27.000 2.000 3.000 -27.000 12.513 3.000 -26.000 10.000 3.000
3 16 -26.000 10.000 3.000 -26.000 4.000 3.000 -27.000 2.000 3.000
3 16 -27.000 12.513 3.000 -26.929 12.870 3.000 -25.543 12.296 3.000
3 16 -25.543 12.296 3.000 -26.000 10.000 3.000 -27.000 12.513 3.000
3 16 -26.929 12.870 3.000 -25.303 15.303 3.000 -24.243 14.243 3.000
3 16 -24.243 14.243 3.000 -25.543 12.296 3.000 -26.929 12.870 3.000
3 16 -25.303 15.303 3.000 -22.870 16.929 3.000 -22.296 15.543 3.000
3 16 -22.296 15.543 3.000 -24.243 14.243 3.000 -25.303 15.303 3.000
3 16 -22.870 16.929 3.000 -20.000 17.500 3.000 -20.000 16.000 3.000
3 16 -20.000 16.000 3.000 -22.296 15.543 3.000 -22.870 16.929 3.000
3 16 -20.000 17.500 3.000 -17.130 16.929 3.000 -17.704 15.543 3.000
3 16 -17.704 15.543 3.000 -20.000 16.000 3.000 -20.000 17.500 3.000
3 16 -17.130 16.929 3.000 -14.697 15.303 3.000 -15.757 14.243 3.000
3 16 -15.757 14.243 3.000 -17.704 15.543 3.000 -17.130 16.929 3.000
3 16 -14.697 15.303 3.000 -13.071 12.870 3.000 -14.457 12.296 3.000
3 16 -14.457 12.296 3.000 -15.757 14.243 3.000 -14.697 15.303 3.000
3 16 -13.071 12.870 3.000 -13.000 12.513 3.000 -14.000 10.000 3.000
3 16 -14.000 10.000 3.000 -14.457 12.296 3.000 -13.071 12.870 3.000
3 16 -13.000 12.513 6.000 -13.071 12.870 6.000 -13.071 12.870 3.000
3 16 -13.071 12.870 3.000 -13.000 12.513 3.000 -13.000 12.513 6.000
3 16 -13.071 12.870 3.000 -14.697 15.303 3.000 -14.697 15.303 6.000
3 16 -14.697 15.303 6.000 -13.071 12.870 6.000 -13.071 12.870 3.000
3 16 -25.303 15.303 3.000 -26.929 12.870 3.000 -26.929 12.870 6.000
3 16 -26.929 12.870 6.000 -25.303 15.303 6.000 -25.303 15.303 3.000
3 16 -26.929 12.870 6.000 -27.000 12.513 6.000 -27.000 12.513 3.000
3 16 -27.000 12.513 3.000 -26.929 12.870 3.000 -26.929 12.870 6.000
3 16 -27.000 12.513 3.000 -27.000 19.000 3.000 -27.000 19.000 6.000
3 16 -27.000 19.000 6.000 -27.000 12.513 6.000 -27.000 12.513 3.000
3 16 -13.000 19.000 3.000 -13.000 12.513 3.000 -13.000 12.513 6.000
3 16 -13.000 12.513 6.000 -13.000 19.000 6.000 -13.000 19.000 3.000
3 16 -7.000 19.000 6.000 -6.929 19.000 6.000 -6.929 12.870 6.000
3 16 -6.929 12.870 6.000 -7.000 12.513 6.000 -7.000 19.000 6.000
3 16 -6.929 19.000 6.000 -5.303 19.000 6.000 -5.303 15.303 6.000
3 16 -5.303 15.303 6.000 -6.929 12.870 6.000 -6.929 19.000 6.000
3 16 -5.303 19.000 6.000 -2.870 19.000 6.000 -2.870 16.929 6.000
3 16 -2.870 16.929 6.000 -5.303 15.303 6.000 -5.303 19.000 6.000
3 16 -2.870 19.000 6.000 0.000 19.000 6.000 0.000 17.500 6.000
3 16 0.000 17.500 6.000 -2.870 16.929 6.000 -2.870 19.000 6.000
3 16 0.000 19.000 6.000 2.871 19.000 6.000 2.871 16.929 6.000
3 16 2.871 16.929 6.000 0.000 17.500 6.000 0.000 19.000 6.000
3 16 2.871 19.000 6.000 5.303 19.000 6.000 5.303 15.303 6.000
3 16 5.303 15.303 6.000 2.871 16.929 6.000 2.871 19.000 6.000
3 16 5.303 19.000 6.000 6.929 19.000 6.000 6.929 12.870 6.000
3 16 6.929 12.870 6.000 5.303 15.303 6.000 5.303 19.000 6.000
3 16 6.929 19.000 6.000 7.000 19.000 6.000 7.000 12.513 6.000
3 16 7.000 12.513 6.000 6.929 12.870 6.000 6.929 19.000 6.000
3 16 7.000 12.513 3.000 7.000 2.000 3.000 6.000 4.000 3.000
3 16 6.000 4.000 3.000 6.000 10.000 3.000 7.000 12.513 3.000
3 16 7.000 2.000 3.000 -7.000 2.000 3.000 -6.000 4.000 3.000
3 16 -6.000 4.000 3.000 6.000 4.000 3.000 7.000 2.000 3.000
3 16 -7.000 2.000 3.000 -7.000 12.513 3.000 -6.000 10.000 3.000
3 16 -6.000 10.000 3.000 -6.000 4.000 3.000 -7.000 2.000 3.000
3 16 -7.000 12.513 3.000 -6.929 12.870 3.000 -5.543 12.296 3.000
3 16 -5.543 12.296 3.000 -6.000 10.000 3.000 -7.000 12.513 3.000
3 16 -6.929 12.870 3.000 -5.303 15.303 3.000 -4.243 14.243 3.000
3 16 -4.243 14.243 3.000 -5.543 12.296 3.000 -6.929 12.870 3.000
3 16 -5.303 15.303 3.000 -2.870 16.929 3.000 -2.296 15.543 3.000
3 16 -2.296 15.543 3.000 -4.243 14.243 3.000 -5.303 15.303 3.000
3 16 -2.870 16.929 3.000 0.000 17.500 3.000 0.000 16.000 3.000
3 16 0.000 16.000 3.000 -2.296 15.543 3.000 -2.870 16.929 3.000
3 16 0.000 17.500 3.000 2.870 16.929 3.000 2.296 15.543 3.000
3 16 2.296 15.543 3.000 0.000 16.000 3.000 0.000 17.500 3.000
3 16 2.870 16.929 3.000 5.303 15.303 3.000 4.243 14.243 3.000
3 16 4.243 14.243 3.000 2.296 15.543 3.000 2.870 16.929 3.000
3 16 5.303 15.303 3.000 6.929 12.870 3.000 5.543 12.296 3.000
3 16 5.543 12.296 3.000 4.243 14.243 3.000 5.303 15.303 3.000
3 16 6.929 12.870 3.000 7.000 12.513 3.000 6.000 10.000 3.000
3 16 6.000 10.000 3.000 5.543 12.296 3.000 6.929 12.870 3.000
3 16 7.000 12.513 6.000 6.929 12.870 6.000 6.929 12.870 3.000
3 16 6.929 12.870 3.000 7.000 12.513 3.000 7.000 12.513 6.000
3 16 6.929 12.870 3.000 5.303 15.303 3.000 5.303 15.303 6.000
3 16 5.303 15.303 6.000 6.929 12.870 6.000 6.929 12.870 3.000
3 16 -5.303 15.303 3.000 -6.929 12.870 3.000 -6.929 12.870 6.000
3 16 -6.929 12.870 6.000 -5.303 15.303 6.000 -5.303 15.303 3.000
3 16 -6.929 12.870 6.000 -7.000 12.513 6.000 -7.000 12.513 3.000
3 16 -7.000 12.513 3.000 -6.929 12.870 3.000 -6.929 12.870 6.000
3 16 -7.000 12.513 3.000 -7.000 19.000 3.000 -7.000 19.000 6.000
3 16 -7.000 19.000 6.000 -7.000 12.513 6.000 -7.000 12.513 3.000
3 16 7.000 19.000 3.000 7.000 12.513 3.000 7.000 12.513 6.000
3 16 7.000 12.513 6.000 7.000 19.000 6.000 7.000 19.000 3.000
3 16 13.000 19.000 6.000 13.071 19.000 6.000 13.071 12.870 6.000
3 16 13.071 12.870 6.000 13.000 12.513 6.000 13.000 19.000 6.000
3 16 13.071 19.000 6.000 14.697 19.000 6.000 14.697 15.303 6.000
3 16 14.697 15.303 6.000 13.071 12.870 6.000 13.071 19.000 6.000
3 16 14.697 19.000 6.000 17.130 19.000 6.000 17.130 16.929 6.000
3 16 17.130 16.929 6.000 14.697 15.303 6.000 14.697 19.000 6.000
3 16 17.130 19.000 6.000 20.000 19.000 6.000 20.000 17.500 6.000
3 16 20.000 17.500 6.000 17.130 16.929 6.000 17.130 19.000 6.000
3 16 20.000 19.000 6.000 22.871 19.000 6.000 22.871 16.929 6.000
3 16 22.871 16.929 6.000 20.000 17.500 6.000 20.000 19.000 6.000
3 16 22.871 19.000 6.000 25.303 19.000 6.000 25.303 15.303 6.000
3 16 25.303 15.303 6.000 22.871 16.929 6.000 22.871 19.000 6.000
3 16 25.303 19.000 6.000 26.929 19.000 6.000 26.929 12.870 6.000
3 16 26.929 12.870 6.000 25.303 15.303 6.000 25.303 19.000 6.000
3 16 26.929 19.000 6.000 27.000 19.000 6.000 27.000 12.513 6.000
3 16 27.000 12.513 6.000 26.929 12.870 6.000 26.929 19.000 6.000
3 16 27.000 12.513 3.000 27.000 2.000 3.000 26.000 4.000 3.000
3 16 26.000 4.000 3.000 26.000 10.000 3.000 27.000 12.513 3.000
3 16 27.000 2.000 3.000 13.000 2.000 3.000 14.000 4.000 3.000
3 16 14.000 4.000 3.000 26.000 4.000 3.000 27.000 2.000 3.000
3 16 13.000 2.000 3.000 13.000 12.513 3.000 14.000 10.000 3.000
3 16 14.000 10.000 3.000 14.000 4.000 3.000 13.000 2.000 3.000
3 16 13.000 12.513 3.000 13.071 12.870 3.000 14.457 12.296 3.000
3 16 14.457 12.296 3.000 14.000 10.000 3.000 13.000 12.513 3.000
3 16 13.071 12.870 3.000 14.697 15.303 3.000 15.757 14.243 3.000
3 16 15.757 14.243 3.000 14.457 12.296 3.000 13.071 12.870 3.000
3 16 14.697 15.303 3.000 17.130 16.929 3.000 17.704 15.543 3.000
3 16 17.704 15.543 3.000 15.757 14.243 3.000 14.697 15.303 3.000
3 16 17.130 16.929 3.000 20.000 17.500 3.000 20.000 16.000 3.000
3 16 20.000 16.000 3.000 17.704 15.543 3.000 17.130 16.929 3.000
3 16 20.000 17.500 3.000 22.870 16.929 3.000 22.296 15.543 3.000
3 16 22.296 15.543 3.000 20.000 16.000 3.000 20.000 17.500 3.000
3 16 22.870 16.929 3.000 25.303 15.303 3.000 24.243 14.243 3.000
3 16 24.243 14.243 3.000 22.296 15.543 3.000 22.870 16.929 3.000
3 16 25.303 15.303 3.000 26.929 12.870 3.000 25.543 12.296 3.000
3 16 25.543 12.296 3.000 24.243 14.243 3.000 25.303 15.303 3.000
3 16 26.929 12.870 3.000 27.000 12.513 3.000 26.000 10.000 3.000
3 16 26.000 10.000 3.000 25.543 12.296 3.000 26.929 12.870 3.000
3 16 27.000 12.513 6.000 26.929 12.870 6.000 26.929 12.870 3.000
3 16 26.929 12.870 3.000 27.000 12.513 3.000 27.000 12.513 6.000
3 16 26.929 12.870 3.000 25.303 15.303 3.000 25.303 15.303 6.000
3 16 25.303 15.303 6.000 26.929 12.870 6.000 26.929 12.870 3.000
3 16 14.697 15.303 3.000 13.071 12.870 3.000 13.071 12.870 6.000
3 16 13.071 12.870 6.000 14.697 15.303 6.000 14.697 15.303 3.000
3 16 13.071 12.870 6.000 13.000 12.513 6.000 13.000 12.513 3.000
3 16 13.000 12.513 3.000 13.071 12.870 3.000 13.071 12.870 6.000
3 16 13.000 12.513 3.000 13.000 19.000 3.000 13.000 19.000 6.000
3 16 13.000 19.000 6.000 13.000 12.513 6.000 13.000 12.513 3.000
3 16 27.000 19.000 3.000 27.000 12.513 3.000 27.000 12.513 6.000
3 16 27.000 12.513 6.000 27.000 19.000 6.000 27.000 19.000 3.000
3 16 -31.000 0.000 -10.000 -40.000 0.000 -10.000 -40.000 24.000 -10.000
3 16 -40.000 24.000 -10.000 -31.000 24.000 -10.000 -31.000 0.000 -10.000
3 16 -29.000 5.000 -12.000 -29.000 10.000 -12.000 -29.000 10.000 -10.000
3 16 -29.000 10.000 -10.000 -29.000 5.000 -10.000 -29.000 5.000 -12.000
3 16 -29.000 10.000 -15.000 -29.000 20.000 -15.000 -29.000 20.000 -10.000
3 16 -29.000 20.000 -10.000 -29.000 10.000 -10.000 -29.000 10.000 -15.000
3 16 -29.000 24.000 -8.000 -29.000 0.000 -8.000 -29.000 0.000 -10.000
3 16 -29.000 0.000 -10.000 -29.000 24.000 -10.000 -29.000 24.000 -8.000
3 16 -31.000 24.000 -10.000 -29.000 24.000 -10.000 -29.000 20.000 -10.000
3 16 -29.000 20.000 -10.000 -31.000 20.000 -10.000 -31.000 24.000 -10.000
3 16 -31.000 5.000 -10.000 -29.000 5.000 -10.000 -29.000 0.000 -10.000
3 16 -29.000 0.000 -10.000 -31.000 0.000 -10.000 -31.000 5.000 -10.000
3 16 -11.000 10.000 -12.000 -11.000 5.000 -12.000 -11.000 5.000 -10.000
3 16 -11.000 5.000 -10.000 -11.000 10.000 -10.000 -11.000 10.000 -12.000
3 16 -11.000 20.000 -15.000 -11.000 10.000 -15.000 -11.000 10.000 -10.000
3 16 -11.000 10.000 -10.000 -11.000 20.000 -10.000 -11.000 20.000 -15.000
3 16 -11.000 0.000 -8.000 -11.000 24.000 -8.000 -11.000 24.000 -10.000
3 16 -11.000 24.000 -10.000 -11.000 0.000 -10.000 -11.000 0.000 -8.000
3 16 -11.000 5.000 -10.000 -9.000 5.000 -10.000 -9.000 0.000 -10.000
3 16 -9.000 0.000 -10.000 -11.000 0.000 -10.000 -11.000 5.000 -10.000
3 16 -9.000 5.000 -12.000 -9.000 10.000 -12.000 -9.000 10.000 -10.000
3 16 -9.000 10.000 -10.000 -9.000 5.000 -10.000 -9.000 5.000 -12.000
3 16 -9.000 10.000 -15.000 -9.000 20.000 -15.000 -9.000 20.000 -10.000
3 16 -9.000 20.000 -10.000 -9.000 10.000 -10.000 -9.000 10.000 -15.000
3 16 -9.000 24.000 -8.000 -9.000 0.000 -8.000 -9.000 0.000 -10.000
3 16 -9.000 0.000 -10.000 -9.000 24.000 -10.000 -9.000 24.000 -8.000
3 16 11.000 5.000 -12.000 11.000 10.000 -12.000 11.000 10.000 -10.000
3 16 11.000 10.000 -10.000 11.000 5.000 -10.000 11.000 5.000 -12.000
3 16 11.000 10.000 -15.000 11.000 20.000 -15.000 11.000 20.000 -10.000
3 16 11.000 20.000 -10.000 11.000 10.000 -10.000 11.000 10.000 -15.000
3 16 11.000 24.000 -8.000 11.000 0.000 -8.000 11.000 0.000 -10.000
3 16 11.000 0.000 -10.000 11.000 24.000 -10.000 11.000 24.000 -8.000
3 16 11.000 0.000 -10.000 9.000 0.000 -10.000 9.000 5.000 -10.000
3 16 9.000 5.000 -10.000 11.000 5.000 -10.000 11.000 0.000 -10.000
3 16 9.000 10.000 -12.000 9.000 5.000 -12.000 9.000 5.000 -10.000
3 16 9.000 5.000 -10.000 9.000 10.000 -10.000 9.000 10.000 -12.000
3 16 9.000 20.000 -15.000 9.000 10.000 -15.000 9.000 10.000 -10.000
3 16 9.000 10.000 -10.000 9.000 20.000 -10.000 9.000 20.000 -15.000
3 16 9.000 0.000 -8.000 9.000 24.000 -8.000 9.000 24.000 -10.000
3 16 9.000 24.000 -10.000 9.000 0.000 -10.000 9.000 0.000 -8.000
3 16 40.000 0.000 -10.000 31.000 0.000 -10.000 31.000 24.000 -10.000
3 16 31.000 24.000 -10.000 40.000 24.000 -10.000 40.000 0.000 -10.000
3 16 29.000 10.000 -12.000 29.000 5.000 -12.000 29.000 5.000 -10.000
3 16 29.000 5.000 -10.000 29.000 10.000 -10.000 29.000 10.000 -12.000
3 16 29.000 10.000 -10.000 29.000 20.000 -10.000 29.000 20.000 -15.000
3 16 29.000 20.000 -15.000 29.000 10.000 -15.000 29.000 10.000 -10.000
3 16 29.000 0.000 -8.000 29.000 24.000 -8.000 29.000 24.000 -10.000
3 16 29.000 24.000 -10.000 29.000 0.000 -10.000 29.000 0.000 -8.000
3 16 31.000 20.000 -10.000 29.000 20.000 -10.000 29.000 24.000 -10.000
3 16 29.000 24.000 -10.000 31.000 24.000 -10.000 31.000 20.000 -10.000
3 16 31.000 0.000 -10.000 29.000 0.000 -10.000 29.000 5.000 -10.000
3 16 29.000 5.000 -10.000 31.000 5.000 -10.000 31.000 0.000 -10.000
3 16 -29.000 0.000 -10.000 -29.000 0.000 10.000 -40.000 0.000 10.000
3 16 -40.000 0.000 10.000 -40.000 0.000 -10.000 -29.000 0.000 -10.000
3 16 29.000 0.000 -8.000 29.000 0.000 10.000 -29.000 0.000 10.000
3 16 -29.000 0.000 10.000 -29.000 0.000 -8.000 29.000 0.000 -8.000
3 16 40.000 0.000 -10.000 40.000 0.000 10.000 29.000 0.000 10.000
3 16 29.000 0.000 10.000 29.000 0.000 -10.000 40.000 0.000 -10.000
3 16 -9.000 0.000 -8.000 -11.000 0.000 -8.000 -11.000 0.000 -10.000
3 16 -11.000 0.000 -10.000 -9.000 0.000 -10.000 -9.000 0.000 -8.000
3 16 9.000 0.000 -10.000 11.000 0.000 -10.000 11.000 0.000 -8.000
3 16 11.000 0.000 -8.000 9.000 0.000 -8.000 9.000 0.000 -10.000
3 16 -40.000 0.000 10.000 40.000 0.000 10.000 28.000 2.000 10.000
3 16 28.000 2.000 10.000 -28.000 2.000 10.000 -40.000 0.000 10.000
3 16 40.000 0.000 10.000 40.000 24.000 10.000 28.000 18.000 10.000
3 16 28.000 18.000 10.000 28.000 2.000 10.000 40.000 0.000 10.000
3 16 40.000 24.000 10.000 -40.000 24.000 10.000 -28.000 18.000 10.000
3 16 -28.000 18.000 10.000 28.000 18.000 10.000 40.000 24.000 10.000
3 16 -40.000 24.000 10.000 -40.000 0.000 10.000 -28.000 2.000 10.000
3 16 -28.000 2.000 10.000 -28.000 18.000 10.000 -40.000 24.000 10.000
3 16 -8.000 2.000 10.000 -8.000 18.000 10.000 -12.000 18.000 10.000
3 16 -12.000 18.000 10.000 -12.000 2.000 10.000 -8.000 2.000 10.000
3 16 12.000 2.000 10.000 12.000 18.000 10.000 8.000 18.000 10.000
3 16 8.000 18.000 10.000 8.000 2.000 10.000 12.000 2.000 10.000
3 16 -36.000 24.000 -6.000 -29.000 24.000 -6.000 -29.000 24.000 -10.000
3 16 -29.000 24.000 -10.000 -40.000 24.000 -10.000 -36.000 24.000 -6.000
3 16 -29.000 24.000 -6.000 29.000 24.000 -6.000 29.000 24.000 -8.000
3 16 29.000 24.000 -8.000 -29.000 24.000 -8.000 -29.000 24.000 -6.000
3 16 29.000 24.000 -6.000 36.000 24.000 -6.000 40.000 24.000 -10.000
3 16 40.000 24.000 -10.000 29.000 24.000 -10.000 29.000 24.000 -6.000
3 16 40.000 24.000 10.000 40.000 24.000 -10.000 36.000 24.000 -6.000
3 16 36.000 24.000 -6.000 36.000 24.000 6.000 40.000 24.000 10.000
3 16 -40.000 24.000 10.000 40.000 24.000 10.000 36.000 24.000 6.000
3 16 36.000 24.000 6.000 -36.000 24.000 6.000 -40.000 24.000 10.000
3 16 -36.000 24.000 6.000 -36.000 24.000 -6.000 -40.000 24.000 -10.000
3 16 -40.000 24.000 -10.000 -40.000 24.000 10.000 -36.000 24.000 6.000
3 16 -11.000 24.000 -8.000 -9.000 24.000 -8.000 -9.000 24.000 -10.000
3 16 -9.000 24.000 -10.000 -11.000 24.000 -10.000 -11.000 24.000 -8.000
3 16 9.000 24.000 -8.000 11.000 24.000 -8.000 11.000 24.000 -10.000
3 16 11.000 24.000 -10.000 9.000 24.000 -10.000 9.000 24.000 -8.000
2 24 31.000 5.000 -15.000 23.109 5.000 -15.000
2 24 23.109 5.000 -15.000 22.296 4.457 -15.000
2 24 17.704 4.457 -15.000 16.891 5.000 -15.000
2 24 16.891 5.000 -15.000 3.109 5.000 -15.000
2 24 3.109 5.000 -15.000 2.296 4.457 -15.000
2 24 -2.296 4.457 -15.000 -3.109 5.000 -15.000
2 24 -3.109 5.000 -15.000 -16.891 5.000 -15.000
2 24 -16.891 5.000 -15.000 -17.704 4.457 -15.000
2 24 -22.296 4.457 -15.000 -23.109 5.000 -15.000
2 24 -23.109 5.000 -15.000 -31.000 5.000 -15.000
2 24 -29.000 20.000 -15.000 -29.000 10.000 -15.000
2 24 -29.000 10.000 -15.000 -27.500 10.000 -15.000
2 24 -12.500 10.000 -15.000 -11.000 10.000 -15.000
2 24 -11.000 10.000 -15.000 -11.000 20.000 -15.000
2 24 -9.000 20.000 -15.000 -9.000 10.000 -15.000
2 24 -9.000 10.000 -15.000 -7.500 10.000 -15.000
2 24 7.500 10.000 -15.000 9.000 10.000 -15.000
2 24 9.000 10.000 -15.000 9.000 20.000 -15.000
2 24 11.000 20.000 -15.000 11.000 10.000 -15.000
2 24 11.000 10.000 -15.000 12.500 10.000 -15.000
2 24 27.500 10.000 -15.000 29.000 10.000 -15.000
2 24 29.000 10.000 -15.000 29.000 20.000 -15.000
2 24 -31.000 5.000 -10.000 -29.000 5.000 -10.000
2 24 -29.000 5.000 -10.000 -29.000 5.000 -12.000
2 24 -29.000 5.000 -12.000 -23.109 5.000 -12.000
2 24 -23.109 5.000 -12.000 -23.109 5.000 -15.000
2 24 -16.891 5.000 -15.000 -16.891 5.000 -12.000
2 24 -16.891 5.000 -12.000 -11.000 5.000 -12.000
2 24 -11.000 5.000 -12.000 -11.000 5.000 -10.000
2 24 -11.000 5.000 -10.000 -9.000 5.000 -10.000
2 24 -9.000 5.000 -10.000 -9.000 5.000 -12.000
2 24 -9.000 5.000 -12.000 -3.109 5.000 -12.000
2 24 -3.109 5.000 -12.000 -3.109 5.000 -15.000
2 24 3.109 5.000 -15.000 3.109 5.000 -12.000
2 24 3.109 5.000 -12.000 9.000 5.000 -12.000
2 24 9.000 5.000 -12.000 9.000 5.000 -10.000
2 24 9.000 5.000 -10.000 11.000 5.000 -10.000
2 24 11.000 5.000 -10.000 11.000 5.000 -12.000
2 24 11.000 5.000 -12.000 16.891 5.000 -12.000
2 24 16.891 5.000 -12.000 16.891 5.000 -15.000
2 24 23.109 5.000 -15.000 23.109 5.000 -12.000
2 24 23.109 5.000 -12.000 29.000 5.000 -12.000
2 24 29.000 5.000 -12.000 29.000 5.000 -10.000
2 24 29.000 5.000 -10.000 31.000 5.000 -10.000
2 24 -23.109 5.000 -12.000 -24.243 5.757 -12.000
2 24 -16.891 5.000 -12.000 -15.757 5.757 -12.000
2 24 -27.500 10.000 -12.000 -29.000 10.000 -12.000
2 24 -29.000 10.000 -12.000 -29.000 10.000 -15.000
2 24 -27.500 10.000 -15.000 -27.500 10.000 -12.000
2 24 -12.500 10.000 -12.000 -11.000 10.000 -12.000
2 24 -11.000 10.000 -12.000 -11.000 10.000 -15.000
2 24 -12.500 10.000 -15.000 -12.500 10.000 -12.000
2 24 -3.109 5.000 -12.000 -4.243 5.757 -12.000
2 24 3.109 5.000 -12.000 4.243 5.757 -12.000
2 24 -7.500 10.000 -12.000 -9.000 10.000 -12.000
2 24 -9.000 10.000 -12.000 -9.000 10.000 -15.000
2 24 -7.500 10.000 -15.000 -7.500 10.000 -12.000
2 24 7.500 10.000 -12.000 9.000 10.000 -12.000
2 24 9.000 10.000 -12.000 9.000 10.000 -15.000
2 24 7.500 10.000 -15.000 7.500 10.000 -12.000
2 24 16.891 5.000 -12.000 15.757 5.757 -12.000
2 24 23.109 5.000 -12.000 24.243 5.757 -12.000
2 24 12.500 10.000 -12.000 11.000 10.000 -12.000
2 24 11.000 10.000 -12.000 11.000 10.000 -15.000
2 24 12.500 10.000 -15.000 12.500 10.000 -12.000
2 24 27.500 10.000 -12.000 29.000 10.000 -12.000
2 24 29.000 10.000 -12.000 29.000 10.000 -15.000
2 24 27.500 10.000 -15.000 27.500 10.000 -12.000
2 24 36.000 24.000 -6.000 -36.000 24.000 -6.000
2 24 36.000 24.000 6.000 -36.000 24.000 6.000
2 24 -36.000 24.000 -6.000 -36.000 24.000 6.000
2 24 36.000 24.000 -6.000 36.000 24.000 6.000
2 24 -27.000 19.000 -6.000 -27.000 12.513 -6.000
2 24 -27.000 12.513 -6.000 -26.929 12.870 -6.000
2 24 -26.929 12.870 -6.000 -25.303 15.303 -6.000
2 24 -14.697 15.303 -6.000 -13.071 12.870 -6.000
2 24 -13.071 12.870 -6.000 -13.000 12.513 -6.000
2 24 -13.000 12.513 -6.000 -13.000 19.000 -6.000
2 24 -27.000 12.513 -3.000 -27.000 2.000 -3.000
2 24 -13.000 2.000 -3.000 -13.000 12.513 -3.000
2 24 -13.000 12.513 -6.000 -13.000 12.513 -3.000
2 24 -13.000 12.513 -3.000 -13.071 12.870 -3.000
2 24 -13.071 12.870 -3.000 -14.697 15.303 -3.000
2 24 -25.303 15.303 -3.000 -26.929 12.870 -3.000
2 24 -26.929 12.870 -3.000 -27.000 12.513 -3.000
2 24 -27.000 12.513 -3.000 -27.000 12.513 -6.000
2 24 -7.000 19.000 -6.000 -7.000 12.513 -6.000
2 24 -7.000 12.513 -6.000 -6.929 12.870 -6.000
2 24 -6.929 12.870 -6.000 -5.303 15.303 -6.000
2 24 5.303 15.303 -6.000 6.929 12.870 -6.000
2 24 6.929 12.870 -6.000 7.000 12.513 -6.000
2 24 7.000 12.513 -6.000 7.000 19.000 -6.000
2 24 -7.000 12.513 -3.000 -7.000 2.000 -3.000
2 24 7.000 2.000 -3.000 7.000 12.513 -3.000
2 24 7.000 12.513 -6.000 7.000 12.513 -3.000
2 24 7.000 12.513 -3.000 6.929 12.870 -3.000
2 24 6.929 12.870 -3.000 5.303 15.303 -3.000
2 24 -5.303 15.303 -3.000 -6.929 12.870 -3.000
2 24 -6.929 12.870 -3.000 -7.000 12.513 -3.000
2 24 -7.000 12.513 -3.000 -7.000 12.513 -6.000
2 24 13.000 19.000 -6.000 13.000 12.513 -6.000
2 24 13.000 12.513 -6.000 13.071 12.870 -6.000
2 24 13.071 12.870 -6.000 14.697 15.303 -6.000
2 24 25.303 15.303 -6.000 26.929 12.870 -6.000
2 24 26.929 12.870 -6.000 27.000 12.513 -6.000
2 24 27.000 12.513 -6.000 27.000 19.000 -6.000
2 24 13.000 12.513 -3.000 13.000 2.000 -3.000
2 24 27.000 2.000 -3.000 27.000 12.513 -3.000
2 24 27.000 12.513 -6.000 27.000 12.513 -3.000
2 24 27.000 12.513 -3.000 26.929 12.870 -3.000
2 24 26.929 12.870 -3.000 25.303 15.303 -3.000
2 24 14.697 15.303 -3.000 13.071 12.870 -3.000
2 24 13.071 12.870 -3.000 13.000 12.513 -3.000
2 24 13.000 12.513 -3.000 13.000 12.513 -6.000
2 24 -27.000 19.000 6.000 -27.000 12.513 6.000
2 24 -27.000 12.513 6.000 -26.929 12.870 6.000
2 24 -26.929 12.870 6.000 -25.303 15.303 6.000
2 24 -14.697 15.303 6.000 -13.071 12.870 6.000
2 24 -13.071 12.870 6.000 -13.000 12.513 6.000
2 24 -13.000 12.513 6.000 -13.000 19.000 6.000
2 24 -27.000 12.513 3.000 -27.000 2.000 3.000
2 24 -13.000 2.000 3.000 -13.000 12.513 3.000
2 24 -13.000 12.513 6.000 -13.000 12.513 3.000
2 24 -13.000 12.513 3.000 -13.071 12.870 3.000
2 24 -13.071 12.870 3.000 -14.697 15.303 3.000
2 24 -25.303 15.303 3.000 -26.929 12.870 3.000
2 24 -26.929 13.870 3.000 -27.000 13.513 3.000
2 24 -27.000 12.513 3.000 -27.000 12.513 6.000
2 24 -7.000 19.000 6.000 -7.000 12.513 6.000
2 24 -7.000 12.513 6.000 -6.929 12.870 6.000
2 24 -6.929 12.870 6.000 -5.303 15.303 6.000
2 24 5.303 15.303 6.000 6.929 12.870 6.000
2 24 6.929 12.870 6.000 7.000 12.513 6.000
2 24 7.000 12.513 6.000 7.000 19.000 6.000
2 24 -7.000 12.513 3.000 -7.000 2.000 3.000
2 24 7.000 2.000 3.000 7.000 12.513 3.000
2 24 7.000 12.513 6.000 7.000 12.513 3.000
2 24 7.000 12.513 3.000 6.929 12.870 3.000
2 24 6.929 12.870 3.000 5.303 15.303 3.000
2 24 -5.303 15.303 3.000 -6.929 12.870 3.000
2 24 -6.929 12.870 3.000 -7.000 12.513 3.000
2 24 -7.000 12.513 3.000 -7.000 12.513 6.000
2 24 13.000 19.000 6.000 13.000 12.513 6.000
2 24 13.000 12.513 6.000 13.071 12.870 6.000
2 24 13.071 12.870 6.000 14.697 15.303 6.000
2 24 25.303 15.303 6.000 26.929 12.870 6.000
2 24 26.929 12.870 6.000 27.000 12.513 6.000
2 24 27.000 12.513 6.000 27.000 19.000 6.000
2 24 13.000 12.513 3.000 13.000 2.000 3.000
2 24 27.000 2.000 3.000 27.000 12.513 3.000
2 24 27.000 12.513 6.000 27.000 12.513 3.000
2 24 27.000 12.513 3.000 26.929 12.870 3.000
2 24 26.929 12.870 3.000 25.303 15.303 3.000
2 24 14.697 15.303 3.000 13.071 12.870 3.000
2 24 13.071 12.870 3.000 13.000 12.513 3.000
2 24 13.000 12.513 3.000 13.000 12.513 6.000
2 24 -40.000 0.000 -10.000 -40.000 24.000 -10.000
2 24 -29.000 5.000 -12.000 -29.000 10.000 -12.000
2 24 -29.000 0.000 -10.000 -29.000 5.000 -10.000
2 24 -29.000 20.000 -10.000 -29.000 24.000 -10.000
2 24 -29.000 0.000 -10.000 -29.000 0.000 -8.000
2 24 -29.000 24.000 -10.000 -29.000 24.000 -8.000
2 24 -29.000 0.000 -8.000 -29.000 24.000 -8.000
2 24 -40.000 24.000 -10.000 -29.000 24.000 -10.000
2 24 -40.000 0.000 -10.000 -29.000 0.000 -10.000
2 24 -11.000 5.000 -12.000 -11.000 10.000 -12.000
2 24 -11.000 0.000 -10.000 -11.000 5.000 -10.000
2 24 -11.000 0.000 -10.000 -11.000 0.000 -8.000
2 24 -11.000 24.000 -10.000 -11.000 24.000 -8.000
2 24 -11.000 0.000 -8.000 -11.000 24.000 -8.000
2 24 -11.000 0.000 -10.000 -9.000 0.000 -10.000
2 24 -9.000 5.000 -12.000 -9.000 10.000 -12.000
2 24 -9.000 0.000 -10.000 -9.000 5.000 -10.000
2 24 -9.000 0.000 -10.000 -9.000 0.000 -8.000
2 24 -9.000 24.000 -10.000 -9.000 24.000 -8.000
2 24 -9.000 0.000 -8.000 -9.000 24.000 -8.000
2 24 11.000 5.000 -12.000 11.000 10.000 -12.000
2 24 11.000 0.000 -10.000 11.000 5.000 -10.000
2 24 11.000 0.000 -10.000 11.000 0.000 -8.000
2 24 11.000 24.000 -10.000 11.000 24.000 -8.000
2 24 11.000 0.000 -8.000 11.000 24.000 -8.000
2 24 11.000 0.000 -10.000 9.000 0.000 -10.000
2 24 9.000 5.000 -12.000 9.000 10.000 -12.000
2 24 9.000 0.000 -10.000 9.000 5.000 -10.000
2 24 9.000 0.000 -10.000 9.000 0.000 -8.000
2 24 9.000 24.000 -10.000 9.000 24.000 -8.000
2 24 9.000 0.000 -8.000 9.000 24.000 -8.000
2 24 40.000 0.000 -10.000 40.000 24.000 -10.000
2 24 29.000 5.000 -12.000 29.000 10.000 -12.000
2 24 29.000 0.000 -10.000 29.000 5.000 -10.000
2 24 29.000 20.000 -10.000 29.000 24.000 -10.000
2 24 29.000 0.000 -10.000 29.000 0.000 -8.000
2 24 29.000 24.000 -10.000 29.000 24.000 -8.000
2 24 29.000 0.000 -8.000 29.000 24.000 -8.000
2 24 40.000 24.000 -10.000 29.000 24.000 -10.000
2 24 40.000 0.000 -10.000 29.000 0.000 -10.000
2 24 -29.000 0.000 -8.000 -11.000 0.000 -8.000
2 24 -9.000 0.000 -8.000 9.000 0.000 -8.000
2 24 11.000 0.000 -8.000 29.000 0.000 -8.000
2 24 40.000 0.000 10.000 -40.000 0.000 10.000
2 24 -29.000 24.000 -8.000 -11.000 24.000 -8.000
2 24 -9.000 24.000 -8.000 9.000 24.000 -8.000
2 24 11.000 24.000 -8.000 29.000 24.000 -8.000
2 24 -40.000 24.000 10.000 40.000 24.000 10.000
1 16 0.0000 12.0000 -19.0000 -34.0000 0.0000 0.0000 0.0000 0.0000 12.0000 0.0000 4.0000 0.0000 box4.dat
1 16 20.0000 10.0000 -19.0000 -8.0000 0.0000 0.0000 0.0000 0.0000 8.0000 0.0000 1.0000 0.0000 4-4ndis.dat
1 16 0.0000 10.0000 -19.0000 -8.0000 0.0000 0.0000 0.0000 0.0000 8.0000 0.0000 1.0000 0.0000 4-4ndis.dat
1 16 -20.0000 10.0000 -19.0000 -8.0000 0.0000 0.0000 0.0000 0.0000 8.0000 0.0000 1.0000 0.0000 4-4ndis.dat
0 BFC INVERTNEXT
1 16 20.0000 10.0000 -17.0000 -6.0000 0.0000 0.0000 0.0000 0.0000 6.0000 0.0000 2.0000 0.0000 4-4cyli.dat
1 16 20.0000 10.0000 -19.0000 -1.0000 0.0000 0.0000 0.0000 0.0000 1.0000 0.0000 1.0000 0.0000 peghole.dat
0 BFC INVERTNEXT
1 16 0.0000 10.0000 -17.0000 -6.0000 0.0000 0.0000 0.0000 0.0000 6.0000 0.0000 2.0000 0.0000 4-4cyli.dat
1 16 0.0000 10.0000 -19.0000 -1.0000 0.0000 0.0000 0.0000 0.0000 1.0000 0.0000 1.0000 0.0000 peghole.dat
0 BFC INVERTNEXT
1 16 -20.0000 10.0000 -17.0000 -6.0000 0.0000 0.0000 0.0000 0.0000 6.0000 0.0000 2.0000 0.0000 4-4cyli.dat
1 16 -20.0000 10.0000 -19.0000 -1.0000 0.0000 0.0000 0.0000 0.0000 1.0000 0.0000 1.0000 0.0000 peghole.dat
1 16 -20.0000 10.0000 -15.0000 -7.5000 0.0000 0.0000 0.0000 0.0000 7.5000 0.0000 -1.0000 0.0000 2-4ndis.dat
1 16 0.0000 10.0000 -15.0000 -7.5000 0.0000 0.0000 0.0000 0.0000 7.5000 0.0000 -1.0000 0.0000 2-4ndis.dat
1 16 20.0000 10.0000 -15.0000 -7.5000 0.0000 0.0000 0.0000 0.0000 7.5000 0.0000 -1.0000 0.0000 2-4ndis.dat
1 16 20.0000 10.0000 -15.0000 2.2961 0.0000 -5.5433 -5.5433 0.0000 -2.2961 0.0000 2.0000 0.0000 1-8edge.dat
1 16 0.0000 10.0000 -15.0000 2.2961 0.0000 -5.5433 -5.5433 0.0000 -2.2961 0.0000 2.0000 0.0000 1-8edge.dat
1 16 -20.0000 10.0000 -15.0000 2.2961 0.0000 -5.5433 -5.5433 0.0000 -2.2961 0.0000 2.0000 0.0000 1-8edge.dat
1 16 -20.0000 10.0000 -15.0000 -7.5000 0.0000 0.0000 0.0000 0.0000 7.5000 0.0000 -1.0000 0.0000 2-4edge.dat
1 16 0.0000 10.0000 -15.0000 -7.5000 0.0000 0.0000 0.0000 0.0000 7.5000 0.0000 -1.0000 0.0000 2-4edge.dat
1 16 20.0000 10.0000 -15.0000 -7.5000 0.0000 0.0000 0.0000 0.0000 7.5000 0.0000 -1.0000 0.0000 2-4edge.dat
0 BFC INVERTNEXT
1 16 -20.0000 10.0000 -15.0000 -4.2426 0.0000 -4.2426 -4.2426 0.0000 4.2426 0.0000 3.0000 0.0000 3-4cyli.dat
1 16 -20.0000 10.0000 -12.0000 -4.2426 0.0000 -4.2426 -4.2426 0.0000 4.2426 0.0000 -1.0000 0.0000 3-4edge.dat
1 16 -20.0000 10.0000 -15.0000 -7.5000 0.0000 0.0000 0.0000 0.0000 7.5000 0.0000 3.0000 0.0000 2-4cyli.dat
1 16 -20.0000 10.0000 -12.0000 -7.5000 0.0000 0.0000 0.0000 0.0000 7.5000 0.0000 -1.0000 0.0000 2-4edge.dat
1 16 -20.0000 10.0000 -12.0000 -1.5000 0.0000 0.0000 0.0000 0.0000 1.5000 0.0000 -1.0000 0.0000 2-4ring4.dat
1 16 -20.0000 10.0000 -8.0000 -6.0000 0.0000 0.0000 0.0000 0.0000 6.0000 0.0000 -1.0000 0.0000 4-4edge.dat
1 16 -20.0000 10.0000 -8.0000 -6.0000 0.0000 0.0000 0.0000 0.0000 6.0000 0.0000 1.0000 0.0000 4-4ndis.dat
0 BFC INVERTNEXT
1 16 0.0000 10.0000 -15.0000 -4.2426 0.0000 -4.2426 -4.2426 0.0000 4.2426 0.0000 3.0000 0.0000 3-4cyli.dat
1 16 0.0000 10.0000 -12.0000 -4.2426 0.0000 -4.2426 -4.2426 0.0000 4.2426 0.0000 -1.0000 0.0000 3-4edge.dat
1 16 0.0000 10.0000 -15.0000 -7.5000 0.0000 0.0000 0.0000 0.0000 7.5000 0.0000 3.0000 0.0000 2-4cyli.dat
1 16 0.0000 10.0000 -12.0000 -7.5000 0.0000 0.0000 0.0000 0.0000 7.5000 0.0000 -1.0000 0.0000 2-4edge.dat
1 16 0.0000 10.0000 -12.0000 -1.5000 0.0000 0.0000 0.0000 0.0000 1.5000 0.0000 -1.0000 0.0000 2-4ring4.dat
1 16 0.0000 10.0000 -8.0000 -6.0000 0.0000 0.0000 0.0000 0.0000 6.0000 0.0000 -1.0000 0.0000 4-4edge.dat
1 16 0.0000 10.0000 -8.0000 -6.0000 0.0000 0.0000 0.0000 0.0000 6.0000 0.0000 1.0000 0.0000 4-4ndis.dat
0 BFC INVERTNEXT
1 16 20.0000 10.0000 -15.0000 -4.2426 0.0000 -4.2426 -4.2426 0.0000 4.2426 0.0000 3.0000 0.0000 3-4cyli.dat
1 16 20.0000 10.0000 -12.0000 -4.2426 0.0000 -4.2426 -4.2426 0.0000 4.2426 0.0000 -1.0000 0.0000 3-4edge.dat
1 16 20.0000 10.0000 -15.0000 -7.5000 0.0000 0.0000 0.0000 0.0000 7.5000 0.0000 3.0000 0.0000 2-4cyli.dat
1 16 20.0000 10.0000 -12.0000 -7.5000 0.0000 0.0000 0.0000 0.0000 7.5000 0.0000 -1.0000 0.0000 2-4edge.dat
1 16 20.0000 10.0000 -12.0000 -1.5000 0.0000 0.0000 0.0000 0.0000 1.5000 0.0000 -1.0000 0.0000 2-4ring4.dat
1 16 20.0000 10.0000 -8.0000 -6.0000 0.0000 0.0000 0.0000 0.0000 6.0000 0.0000 -1.0000 0.0000 4-4edge.dat
1 16 20.0000 10.0000 -8.0000 -6.0000 0.0000 0.0000 0.0000 0.0000 6.0000 0.0000 1.0000 0.0000 4-4ndis.dat
0 BFC INVERTNEXT
1 16 -20.0000 10.0000 -3.0000 -6.0000 0.0000 0.0000 0.0000 0.0000 6.0000 0.0000 -5.0000 0.0000 4-4cyli.dat
1 16 -20.0000 10.0000 -3.0000 -6.0000 0.0000 0.0000 0.0000 0.0000 6.0000 0.0000 -5.0000 0.0000 4-4edge.dat
1 16 -20.0000 10.0000 -3.0000 -6.0000 0.0000 0.0000 0.0000 0.0000 -6.0000 0.0000 -5.0000 0.0000 2-4ndis.dat
0 BFC INVERTNEXT
1 16 0.0000 10.0000 -3.0000 -6.0000 0.0000 0.0000 0.0000 0.0000 6.0000 0.0000 -5.0000 0.0000 4-4cyli.dat
1 16 0.0000 10.0000 -3.0000 -6.0000 0.0000 0.0000 0.0000 0.0000 6.0000 0.0000 -5.0000 0.0000 4-4edge.dat
1 16 0.0000 10.0000 -3.0000 -6.0000 0.0000 0.0000 0.0000 0.0000 -6.0000 0.0000 -5.0000 0.0000 2-4ndis.dat
0 BFC INVERTNEXT
1 16 20.0000 10.0000 -3.0000 -6.0000 0.0000 0.0000 0.0000 0.0000 6.0000 0.0000 -5.0000 0.0000 4-4cyli.dat
1 16 20.0000 10.0000 -3.0000 -6.0000 0.0000 0.0000 0.0000 0.0000 6.0000 0.0000 -5.0000 0.0000 4-4edge.dat
1 16 20.0000 10.0000 -3.0000 -6.0000 0.0000 0.0000 0.0000 0.0000 -6.0000 0.0000 -5.0000 0.0000 2-4ndis.dat
0 BFC INVERTNEXT
1 16 -20.0000 10.0000 3.0000 -6.0000 0.0000 0.0000 0.0000 0.0000 6.0000 0.0000 5.0000 0.0000 4-4cyli.dat
1 16 -20.0000 10.0000 10.0000 1.0000 0.0000 0.0000 0.0000 0.0000 1.0000 0.0000 -1.0000 0.0000 peghole.dat
1 16 -20.0000 10.0000 10.0000 8.0000 0.0000 0.0000 0.0000 0.0000 8.0000 0.0000 -1.0000 0.0000 4-4ndis.dat
1 16 -20.0000 10.0000 3.0000 -6.0000 0.0000 0.0000 0.0000 0.0000 6.0000 0.0000 5.0000 0.0000 4-4edge.dat
1 16 -20.0000 10.0000 3.0000 -6.0000 0.0000 0.0000 0.0000 0.0000 -6.0000 0.0000 5.0000 0.0000 2-4ndis.dat
0 BFC INVERTNEXT
1 16 0.0000 10.0000 3.0000 -6.0000 0.0000 0.0000 0.0000 0.0000 6.0000 0.0000 5.0000 0.0000 4-4cyli.dat
1 16 0.0000 10.0000 10.0000 1.0000 0.0000 0.0000 0.0000 0.0000 1.0000 0.0000 -1.0000 0.0000 peghole.dat
1 16 0.0000 10.0000 10.0000 8.0000 0.0000 0.0000 0.0000 0.0000 8.0000 0.0000 -1.0000 0.0000 4-4ndis.dat
1 16 0.0000 10.0000 3.0000 -6.0000 0.0000 0.0000 0.0000 0.0000 6.0000 0.0000 5.0000 0.0000 4-4edge.dat
1 16 0.0000 10.0000 3.0000 -6.0000 0.0000 0.0000 0.0000 0.0000 -6.0000 0.0000 5.0000 0.0000 2-4ndis.dat
1 16 20.0000 10.0000 6.0000 5.3033 0.0000 -5.3033 5.3033 0.0000 5.3033 0.0000 3.0000 0.0000 1-4edge.dat
1 16 20.0000 10.0000 3.0000 5.3033 0.0000 -5.3033 5.3033 0.0000 5.3033 0.0000 3.0000 0.0000 1-4edge.dat
1 16 20.0000 10.0000 -3.0000 5.3033 0.0000 -5.3033 5.3033 0.0000 5.3033 0.0000 3.0000 0.0000 1-4edge.dat
1 16 20.0000 10.0000 -6.0000 5.3033 0.0000 -5.3033 5.3033 0.0000 5.3033 0.0000 3.0000 0.0000 1-4edge.dat
1 16 0.0000 10.0000 6.0000 5.3033 0.0000 -5.3033 5.3033 0.0000 5.3033 0.0000 3.0000 0.0000 1-4edge.dat
1 16 0.0000 10.0000 3.0000 5.3033 0.0000 -5.3033 5.3033 0.0000 5.3033 0.0000 3.0000 0.0000 1-4edge.dat
1 16 0.0000 10.0000 -3.0000 5.3033 0.0000 -5.3033 5.3033 0.0000 5.3033 0.0000 3.0000 0.0000 1-4edge.dat
1 16 -20.0000 10.0000 3.0000 5.3033 0.0000 -5.3033 5.3033 0.0000 5.3033 0.0000 3.0000 0.0000 1-4edge.dat
1 16 -20.0000 10.0000 -3.0000 5.3033 0.0000 -5.3033 5.3033 0.0000 5.3033 0.0000 3.0000 0.0000 1-4edge.dat
1 16 0.0000 10.0000 -6.0000 5.3033 0.0000 -5.3033 5.3033 0.0000 5.3033 0.0000 3.0000 0.0000 1-4edge.dat
1 16 -20.0000 10.0000 6.0000 5.3033 0.0000 -5.3033 5.3033 0.0000 5.3033 0.0000 3.0000 0.0000 1-4edge.dat
1 16 -20.0000 10.0000 -6.0000 5.3033 0.0000 -5.3033 5.3033 0.0000 5.3033 0.0000 3.0000 0.0000 1-4edge.dat
1 16 20.0000 10.0000 3.0000 5.3033 0.0000 -5.3033 5.3033 0.0000 5.3033 0.0000 3.0000 0.0000 1-4cyli.dat
1 16 20.0000 10.0000 -6.0000 5.3033 0.0000 -5.3033 5.3033 0.0000 5.3033 0.0000 3.0000 0.0000 1-4cyli.dat
1 16 0.0000 10.0000 3.0000 5.3033 0.0000 -5.3033 5.3033 0.0000 5.3033 0.0000 3.0000 0.0000 1-4cyli.dat
1 16 0.0000 10.0000 -6.0000 5.3033 0.0000 -5.3033 5.3033 0.0000 5.3033 0.0000 3.0000 0.0000 1-4cyli.dat
1 16 -20.0000 10.0000 3.0000 5.3033 0.0000 -5.3033 5.3033 0.0000 5.3033 0.0000 3.0000 0.0000 1-4cyli.dat
1 16 -20.0000 10.0000 -6.0000 5.3033 0.0000 -5.3033 5.3033 0.0000 5.3033 0.0000 3.0000 0.0000 1-4cyli.dat
0 BFC INVERTNEXT
1 16 20.0000 10.0000 3.0000 -6.0000 0.0000 0.0000 0.0000 0.0000 6.0000 0.0000 5.0000 0.0000 4-4cyli.dat
1 16 20.0000 10.0000 10.0000 1.0000 0.0000 0.0000 0.0000 0.0000 1.0000 0.0000 -1.0000 0.0000 peghole.dat
1 16 20.0000 10.0000 10.0000 8.0000 0.0000 0.0000 0.0000 0.0000 8.0000 0.0000 -1.0000 0.0000 4-4ndis.dat
1 16 20.0000 10.0000 3.0000 -6.0000 0.0000 0.0000 0.0000 0.0000 6.0000 0.0000 5.0000 0.0000 4-4edge.dat
1 16 20.0000 10.0000 3.0000 -6.0000 0.0000 0.0000 0.0000 0.0000 -6.0000 0.0000 5.0000 0.0000 2-4ndis.dat
1 16 30.0000 0.0000 0.0000 -1.0000 0.0000 0.0000 0.0000 1.0000 0.0000 0.0000 0.0000 -1.0000 stud2.dat
1 16 10.0000 0.0000 0.0000 -1.0000 0.0000 0.0000 0.0000 1.0000 0.0000 0.0000 0.0000 -1.0000 stud2.dat
1 16 -10.0000 0.0000 0.0000 -1.0000 0.0000 0.0000 0.0000 1.0000 0.0000 0.0000 0.0000 -1.0000 stud2.dat
1 16 -30.0000 0.0000 0.0000 -1.0000 0.0000 0.0000 0.0000 1.0000 0.0000 0.0000 0.0000 -1.0000 stud2.dat
1 16 -40.0000 12.0000 0.0000 0.0000 1.0000 0.0000 12.0000 0.0000 0.0000 0.0000 0.0000 -10.0000 rect.dat
1 16 40.0000 12.0000 0.0000 0.0000 -1.0000 0.0000 12.0000 0.0000 0.0000 0.0000 0.0000 -10.0000 rect.dat
1 16 0.0000 2.0000 0.0000 -7.0000 0.0000 0.0000 0.0000 -1.0000 0.0000 0.0000 0.0000 -3.0000 rect.dat
1 16 -20.0000 2.0000 0.0000 -7.0000 0.0000 0.0000 0.0000 -1.0000 0.0000 0.0000 0.0000 -3.0000 rect.dat
1 16 20.0000 2.0000 0.0000 -7.0000 0.0000 0.0000 0.0000 -1.0000 0.0000 0.0000 0.0000 -3.0000 rect.dat
0 BFC INVERTNEXT
1 16 10.0000 19.0000 0.0000 -1.0000 0.0000 0.0000 0.0000 -17.0000 0.0000 0.0000 0.0000 -6.0000 box4o8a.dat
1 16 10.0000 2.0000 0.0000 -1.0000 0.0000 0.0000 0.0000 -1.0000 0.0000 0.0000 0.0000 -6.0000 rect.dat
0 BFC INVERTNEXT
1 16 -10.0000 19.0000 0.0000 -1.0000 0.0000 0.0000 0.0000 -17.0000 0.0000 0.0000 0.0000 -6.0000 box4o8a.dat
1 16 -10.0000 2.0000 0.0000 -1.0000 0.0000 0.0000 0.0000 -1.0000 0.0000 0.0000 0.0000 -6.0000 rect.dat
0 BFC INVERTNEXT
1 16 32.5000 19.0000 0.0000 -3.5000 0.0000 0.0000 0.0000 -17.0000 0.0000 0.0000 0.0000 -6.0000 box4o8a.dat
1 16 32.5000 2.0000 0.0000 -3.5000 0.0000 0.0000 0.0000 -1.0000 0.0000 0.0000 0.0000 -6.0000 rect.dat
0 BFC INVERTNEXT
1 16 -32.5000 19.0000 0.0000 -3.5000 0.0000 0.0000 0.0000 -17.0000 0.0000 0.0000 0.0000 -6.0000 box4o8a.dat
1 16 -32.5000 2.0000 0.0000 -3.5000 0.0000 0.0000 0.0000 -1.0000 0.0000 0.0000 0.0000 -6.0000 rect.dat
0 BFC INVERTNEXT
1 16 0.0000 24.0000 0.0000 -36.0000 0.0000 0.0000 0.0000 -5.0000 0.0000 0.0000 0.0000 -6.0000 box4o8a.dat
1 16 -28.0000 19.0000 0.0000 -1.0000 0.0000 0.0000 0.0000 -1.0000 0.0000 0.0000 0.0000 -6.0000 rect.dat
1 16 -12.0000 19.0000 0.0000 -1.0000 0.0000 0.0000 0.0000 -1.0000 0.0000 0.0000 0.0000 -6.0000 rect.dat
1 16 -8.0000 19.0000 0.0000 -1.0000 0.0000 0.0000 0.0000 -1.0000 0.0000 0.0000 0.0000 -6.0000 rect.dat
1 16 8.0000 19.0000 0.0000 -1.0000 0.0000 0.0000 0.0000 -1.0000 0.0000 0.0000 0.0000 -6.0000 rect.dat
1 16 12.0000 19.0000 0.0000 -1.0000 0.0000 0.0000 0.0000 -1.0000 0.0000 0.0000 0.0000 -6.0000 rect.dat
1 16 28.0000 19.0000 0.0000 -1.0000 0.0000 0.0000 0.0000 -1.0000 0.0000 0.0000 0.0000 -6.0000 rect.dat
0 BFC INVERTNEXT
1 16 10.0000 22.0000 -12.5000 -1.0000 0.0000 0.0000 0.0000 0.0000 -2.0000 0.0000 2.5000 0.0000 box2-5.dat
0 BFC INVERTNEXT
1 16 -10.0000 22.0000 -12.5000 -1.0000 0.0000 0.0000 0.0000 0.0000 -2.0000 0.0000 2.5000 0.0000 box2-5.dat
1 16 30.0000 12.5000 -12.5000 0.0000 0.0000 1.0000 0.0000 7.5000 0.0000 2.5000 0.0000 0.0000 box2-5.dat
1 16 -30.0000 12.5000 -12.5000 0.0000 0.0000 -1.0000 0.0000 7.5000 0.0000 -2.5000 0.0000 0.0000 box2-5.dat
