0 FILE 3002pb15.dat
0 Brick 2 x 3 with Box and Arrows and Globe Pattern on Both Sides (Stickers) - Set 6542
0 Name:  3002pb15.dat
0 Author:  
0 BL_Item_No 3002pb15
0 BFC CERTIFY CCW
1 16 0.0000 0.0000 0.0000 1.0000 0.0000 0.0000 0.0000 1.0000 0.0000 0.0000 0.0000 1.0000 3002.dat
3 16 -23.200 0.800 -20.250 -21.520 1.600 -20.250 5.520 1.600 -20.250
3 16 5.520 1.600 -20.250 7.200 0.800 -20.250 -23.200 0.800 -20.250
3 16 7.200 0.800 -20.250 5.520 1.600 -20.250 5.520 22.400 -20.250
3 16 5.520 22.400 -20.250 7.200 23.200 -20.250 7.200 0.800 -20.250
3 16 7.200 23.200 -20.250 5.520 22.400 -20.250 -21.520 22.400 -20.250
3 16 -21.520 22.400 -20.250 -23.200 23.200 -20.250 7.200 23.200 -20.250
3 16 -23.200 23.200 -20.250 -21.520 22.400 -20.250 -21.520 1.600 -20.250
3 16 -21.520 1.600 -20.250 -23.200 0.800 -20.250 -23.200 23.200 -20.250
1 16 -8.0000 12.0000 -20.2500 15.2000 0.0000 0.0000 0.0000 0.0000 -11.2000 0.0000 0.2500 0.0000 box5-12.dat
1 16 -8.0000 12.0000 -20.2500 1.0400 0.0000 0.0000 0.0000 0.0000 -1.0400 0.0000 1.0000 0.0000 s/169675as01.dat
3 16 5.520 1.600 20.250 -21.520 1.600 20.250 -23.200 0.800 20.250
3 16 -23.200 0.800 20.250 7.200 0.800 20.250 5.520 1.600 20.250
3 16 5.520 22.400 20.250 5.520 1.600 20.250 7.200 0.800 20.250
3 16 7.200 0.800 20.250 7.200 23.200 20.250 5.520 22.400 20.250
3 16 -21.520 22.400 20.250 5.520 22.400 20.250 7.200 23.200 20.250
3 16 7.200 23.200 20.250 -23.200 23.200 20.250 -21.520 22.400 20.250
3 16 -21.520 1.600 20.250 -21.520 22.400 20.250 -23.200 23.200 20.250
3 16 -23.200 23.200 20.250 -23.200 0.800 20.250 -21.520 1.600 20.250
1 16 -8.0000 12.0000 20.2500 15.2000 0.0000 0.0000 0.0000 0.0000 -11.2000 0.0000 -0.2500 0.0000 box5-12.dat
1 16 -8.0000 12.0000 20.2500 1.0400 0.0000 0.0000 0.0000 0.0000 -1.0400 0.0000 -1.0000 0.0000 s/169675as01.dat
