0 FILE 3009pb061.dat
0 Brick 1 x 6 with White 'PILOT' Text Bold Pattern (Sticker) - Set 6542
0 Name:  3009pb061.dat
0 Author:  
0 BL_Item_No 3009pb061
0 BFC CERTIFY CCW
1 16 0.0000 0.0000 0.0000 1.0000 0.0000 0.0000 0.0000 1.0000 0.0000 0.0000 0.0000 1.0000 3009.dat
3 16 -39.230 21.600 -10.250 -39.230 2.420 -10.250 -43.000 1.000 -10.250
3 16 -43.000 1.000 -10.250 -43.000 23.000 -10.250 -39.230 21.600 -10.250
3 16 -33.070 21.600 -10.250 -39.230 21.600 -10.250 -43.000 23.000 -10.250
3 16 -29.390 15.720 -10.250 -33.070 15.720 -10.250 -33.070 21.600 -10.250
3 16 -29.390 15.720 -10.250 -33.070 21.600 -10.250 -20.950 21.600 -10.250
3 16 -20.950 21.600 -10.250 -27.190 15.530 -10.250 -29.390 15.720 -10.250
3 16 -33.070 11.030 -10.250 -31.100 11.030 -10.250 -29.490 10.930 -10.250
3 16 -29.490 10.930 -10.250 -31.100 7.120 -10.250 -33.070 11.030 -10.250
3 16 -28.520 10.600 -10.250 -28.030 10.010 -10.250 -27.870 9.080 -10.250
3 16 -27.870 9.080 -10.250 -29.490 10.930 -10.250 -28.520 10.600 -10.250
3 16 -33.070 21.600 -10.250 -43.000 23.000 -10.250 0.000 23.000 -10.250
3 16 0.000 23.000 -10.250 -20.950 21.600 -10.250 -33.070 21.600 -10.250
3 16 2.610 14.930 -10.250 2.110 16.510 -10.250 2.110 21.600 -10.250
3 16 2.110 21.600 -10.250 3.500 17.390 -10.250 2.610 14.930 -10.250
3 16 -6.260 16.510 -10.250 2.110 16.510 -10.250 2.610 14.930 -10.250
3 16 2.610 14.930 -10.250 2.310 12.030 -10.250 -6.260 16.510 -10.250
3 16 -23.910 14.009 -10.250 -25.370 14.960 -10.250 -20.950 21.600 -10.250
3 16 -22.860 12.700 -10.250 -23.910 14.009 -10.250 -20.950 21.600 -10.250
3 16 -14.680 21.600 -10.250 -12.420 21.600 -10.250 -12.420 2.420 -10.250
3 16 -12.420 2.420 -10.250 -14.680 2.420 -10.250 -14.680 21.600 -10.250
3 16 -22.220 11.060 -10.250 -22.860 12.700 -10.250 -20.950 21.600 -10.250
3 16 -25.370 14.960 -10.250 -27.190 15.530 -10.250 -20.950 21.600 -10.250
3 16 2.310 12.030 -10.250 2.610 9.120 -10.250 -6.260 2.420 -10.250
3 16 -6.260 2.420 -10.250 -6.260 16.510 -10.250 2.310 12.030 -10.250
3 16 -31.100 7.120 -10.250 -29.490 10.930 -10.250 -27.870 9.080 -10.250
3 16 -27.870 9.080 -10.250 -29.460 7.220 -10.250 -31.100 7.120 -10.250
3 16 -31.100 7.120 -10.250 -33.070 7.120 -10.250 -33.070 11.030 -10.250
3 16 -28.490 7.540 -10.250 -29.460 7.220 -10.250 -27.870 9.080 -10.250
3 16 -27.870 9.080 -10.250 -28.030 8.140 -10.250 -28.490 7.540 -10.250
3 16 -43.000 1.000 -10.250 -39.230 2.420 -10.250 -31.340 2.420 -10.250
3 16 -20.950 2.420 -10.250 -22.660 5.930 -10.250 -22.170 7.380 -10.250
3 16 -20.950 2.420 -10.250 -23.480 4.710 -10.250 -22.660 5.930 -10.250
3 16 -22.010 9.080 -10.250 -22.220 11.060 -10.250 -20.950 21.600 -10.250
3 16 -20.950 21.600 -10.250 -20.950 2.420 -10.250 -22.010 9.080 -10.250
3 16 -6.260 2.420 -10.250 2.610 9.120 -10.250 3.500 6.660 -10.250
3 16 -20.950 2.420 -10.250 -25.790 3.120 -10.250 -24.640 3.710 -10.250
3 16 -20.950 2.420 -10.250 -24.640 3.710 -10.250 -23.480 4.710 -10.250
3 16 -20.950 2.420 -10.250 -27.200 2.720 -10.250 -25.790 3.120 -10.250
3 16 -20.950 2.420 -10.250 -22.170 7.380 -10.250 -22.010 9.080 -10.250
3 16 -6.260 2.420 -10.250 3.500 6.660 -10.250 4.980 4.630 -10.250
3 16 3.500 17.390 -10.250 2.110 21.600 -10.250 4.980 19.420 -10.250
3 16 4.980 19.420 -10.250 2.110 21.600 -10.250 6.980 20.930 -10.250
3 16 8.510 12.030 -10.250 8.740 14.390 -10.250 15.780 14.400 -10.250
3 16 15.780 14.400 -10.250 16.000 12.030 -10.250 8.510 12.030 -10.250
3 16 9.430 16.030 -10.250 12.280 17.310 -10.250 15.780 14.400 -10.250
3 16 15.780 14.400 -10.250 8.740 14.390 -10.250 9.430 16.030 -10.250
3 16 9.430 16.030 -10.250 10.600 16.990 -10.250 12.280 17.310 -10.250
3 16 13.950 16.990 -10.250 15.110 16.040 -10.250 15.780 14.400 -10.250
3 16 15.780 14.400 -10.250 12.280 17.310 -10.250 13.950 16.990 -10.250
3 16 17.570 20.930 -10.250 15.140 21.830 -10.250 43.000 23.000 -10.250
3 16 43.000 23.000 -10.250 27.580 21.600 -10.250 17.570 20.930 -10.250
3 16 19.560 19.420 -10.250 17.570 20.930 -10.250 27.580 21.600 -10.250
3 16 33.740 21.600 -10.250 27.580 21.600 -10.250 43.000 23.000 -10.250
3 16 43.000 23.000 -10.250 39.140 7.470 -10.250 33.740 7.470 -10.250
3 16 33.740 7.470 -10.250 33.740 21.600 -10.250 43.000 23.000 -10.250
3 16 21.040 17.390 -10.250 19.560 19.420 -10.250 27.580 21.600 -10.250
3 16 27.580 7.470 -10.250 21.930 14.930 -10.250 21.040 17.390 -10.250
3 16 21.040 17.390 -10.250 27.580 21.600 -10.250 27.580 7.470 -10.250
3 16 27.580 7.470 -10.250 22.230 12.030 -10.250 21.930 14.930 -10.250
3 16 8.510 12.030 -10.250 16.000 12.030 -10.250 15.780 9.650 -10.250
3 16 15.780 9.650 -10.250 8.740 9.660 -10.250 8.510 12.030 -10.250
3 16 10.600 7.060 -10.250 9.430 8.020 -10.250 8.740 9.660 -10.250
3 16 8.740 9.660 -10.250 12.280 6.740 -10.250 10.600 7.060 -10.250
3 16 15.780 9.650 -10.250 15.110 8.010 -10.250 13.950 7.060 -10.250
3 16 13.950 7.060 -10.250 12.280 6.740 -10.250 15.780 9.650 -10.250
3 16 12.280 6.740 -10.250 8.740 9.660 -10.250 15.780 9.650 -10.250
3 16 -6.260 2.420 -10.250 4.980 4.630 -10.250 6.980 3.130 -10.250
3 16 21.930 9.120 -10.250 22.230 12.030 -10.250 27.580 7.470 -10.250
3 16 27.580 7.470 -10.250 22.060 7.470 -10.250 21.930 9.120 -10.250
3 16 21.930 9.120 -10.250 22.060 7.470 -10.250 22.060 2.420 -10.250
3 16 22.060 2.420 -10.250 21.040 6.660 -10.250 21.930 9.120 -10.250
3 16 22.060 2.420 -10.250 19.560 4.630 -10.250 21.040 6.660 -10.250
3 16 22.060 2.420 -10.250 17.570 3.130 -10.250 19.560 4.630 -10.250
3 16 39.140 2.420 -10.250 43.000 1.000 -10.250 15.140 2.220 -10.250
3 16 15.140 2.220 -10.250 22.060 2.420 -10.250 39.140 2.420 -10.250
3 16 39.140 2.420 -10.250 39.140 7.470 -10.250 43.000 23.000 -10.250
3 16 43.000 23.000 -10.250 43.000 1.000 -10.250 39.140 2.420 -10.250
3 16 15.140 2.220 -10.250 17.570 3.130 -10.250 22.060 2.420 -10.250
3 16 6.980 3.130 -10.250 9.420 2.220 -10.250 0.000 1.000 -10.250
3 16 0.000 1.000 -10.250 -6.260 2.420 -10.250 6.980 3.130 -10.250
3 16 -20.950 2.420 -10.250 -43.000 1.000 -10.250 -31.340 2.420 -10.250
3 16 -31.340 2.420 -10.250 -29.000 2.500 -10.250 -20.950 2.420 -10.250
3 16 -20.950 2.420 -10.250 -29.000 2.500 -10.250 -27.200 2.720 -10.250
3 16 -43.000 1.000 -10.250 -20.950 2.420 -10.250 -14.680 2.420 -10.250
3 16 -14.680 2.420 -10.250 0.000 1.000 -10.250 -43.000 1.000 -10.250
3 16 0.000 1.000 -10.250 -14.680 2.420 -10.250 -12.420 2.420 -10.250
3 16 0.000 1.000 -10.250 -12.420 2.420 -10.250 -6.260 2.420 -10.250
3 16 0.000 1.000 -10.250 9.420 2.220 -10.250 12.280 1.920 -10.250
3 16 43.000 1.000 -10.250 12.280 1.920 -10.250 15.140 2.220 -10.250
3 16 43.000 1.000 -10.250 0.000 1.000 -10.250 12.280 1.920 -10.250
3 16 -14.680 21.600 -10.250 -20.950 21.600 -10.250 0.000 23.000 -10.250
3 16 -12.420 21.600 -10.250 -14.680 21.600 -10.250 0.000 23.000 -10.250
3 16 2.110 21.600 -10.250 -12.420 21.600 -10.250 0.000 23.000 -10.250
3 16 2.110 21.600 -10.250 0.000 23.000 -10.250 9.420 21.830 -10.250
3 16 9.420 21.830 -10.250 6.980 20.930 -10.250 2.110 21.600 -10.250
3 16 9.420 21.830 -10.250 0.000 23.000 -10.250 12.280 22.130 -10.250
3 16 12.280 22.130 -10.250 0.000 23.000 -10.250 43.000 23.000 -10.250
3 16 15.140 21.830 -10.250 12.280 22.130 -10.250 43.000 23.000 -10.250
3 15 -33.070 15.720 -10.250 -39.230 21.600 -10.250 -33.070 21.600 -10.250
3 15 -39.230 21.600 -10.250 -33.070 15.720 -10.250 -31.100 11.030 -10.250
3 15 -31.100 11.030 -10.250 -33.070 11.030 -10.250 -39.230 21.600 -10.250
3 15 -33.070 15.720 -10.250 -29.390 15.720 -10.250 -29.490 10.930 -10.250
3 15 -29.490 10.930 -10.250 -31.100 11.030 -10.250 -33.070 15.720 -10.250
3 15 -28.520 10.600 -10.250 -29.490 10.930 -10.250 -29.390 15.720 -10.250
3 15 -29.390 15.720 -10.250 -27.190 15.530 -10.250 -28.520 10.600 -10.250
3 15 -39.230 21.600 -10.250 -33.070 11.030 -10.250 -33.070 7.120 -10.250
3 15 -33.070 7.120 -10.250 -39.230 2.420 -10.250 -39.230 21.600 -10.250
3 15 -31.100 7.120 -10.250 -31.340 2.420 -10.250 -39.230 2.420 -10.250
3 15 -39.230 2.420 -10.250 -33.070 7.120 -10.250 -31.100 7.120 -10.250
3 15 -31.340 2.420 -10.250 -31.100 7.120 -10.250 -29.460 7.220 -10.250
3 15 -29.460 7.220 -10.250 -29.000 2.500 -10.250 -31.340 2.420 -10.250
3 15 -29.000 2.500 -10.250 -29.460 7.220 -10.250 -28.490 7.540 -10.250
3 15 -28.490 7.540 -10.250 -27.200 2.720 -10.250 -29.000 2.500 -10.250
3 15 -23.910 14.009 -10.250 -28.520 10.600 -10.250 -27.190 15.530 -10.250
3 15 -27.190 15.530 -10.250 -25.370 14.960 -10.250 -23.910 14.009 -10.250
3 15 -28.520 10.600 -10.250 -23.910 14.009 -10.250 -22.860 12.700 -10.250
3 15 -22.860 12.700 -10.250 -28.030 10.010 -10.250 -28.520 10.600 -10.250
3 15 -22.860 12.700 -10.250 -22.220 11.060 -10.250 -27.870 9.080 -10.250
3 15 -27.870 9.080 -10.250 -28.030 10.010 -10.250 -22.860 12.700 -10.250
3 15 -22.220 11.060 -10.250 -22.010 9.080 -10.250 -22.170 7.380 -10.250
3 15 -22.170 7.380 -10.250 -27.870 9.080 -10.250 -22.220 11.060 -10.250
3 15 -24.640 3.710 -10.250 -25.790 3.120 -10.250 -27.200 2.720 -10.250
3 15 -27.200 2.720 -10.250 -28.490 7.540 -10.250 -24.640 3.710 -10.250
3 15 -27.870 9.080 -10.250 -22.170 7.380 -10.250 -22.660 5.930 -10.250
3 15 -22.660 5.930 -10.250 -28.030 8.140 -10.250 -27.870 9.080 -10.250
3 15 -28.490 7.540 -10.250 -28.030 8.140 -10.250 -23.480 4.710 -10.250
3 15 -23.480 4.710 -10.250 -24.640 3.710 -10.250 -28.490 7.540 -10.250
3 15 -23.480 4.710 -10.250 -28.030 8.140 -10.250 -22.660 5.930 -10.250
3 15 -20.950 21.600 -10.250 -14.680 21.600 -10.250 -14.680 2.420 -10.250
3 15 -14.680 2.420 -10.250 -20.950 2.420 -10.250 -20.950 21.600 -10.250
3 15 -12.420 21.600 -10.250 -6.260 16.510 -10.250 -6.260 2.420 -10.250
3 15 -6.260 2.420 -10.250 -12.420 2.420 -10.250 -12.420 21.600 -10.250
3 15 -12.420 21.600 -10.250 2.110 21.600 -10.250 2.110 16.510 -10.250
3 15 2.110 16.510 -10.250 -6.260 16.510 -10.250 -12.420 21.600 -10.250
3 15 3.500 17.390 -10.250 4.980 19.420 -10.250 6.980 20.930 -10.250
3 15 6.980 20.930 -10.250 9.430 16.030 -10.250 3.500 17.390 -10.250
3 15 8.510 12.030 -10.250 2.610 14.930 -10.250 3.500 17.390 -10.250
3 15 3.500 17.390 -10.250 8.740 14.390 -10.250 8.510 12.030 -10.250
3 15 2.610 14.930 -10.250 8.510 12.030 -10.250 2.610 9.120 -10.250
3 15 2.610 9.120 -10.250 2.310 12.030 -10.250 2.610 14.930 -10.250
3 15 10.600 16.990 -10.250 9.420 21.830 -10.250 12.280 22.130 -10.250
3 15 12.280 22.130 -10.250 12.280 17.310 -10.250 10.600 16.990 -10.250
3 15 8.740 14.390 -10.250 3.500 17.390 -10.250 9.430 16.030 -10.250
3 15 9.430 16.030 -10.250 6.980 20.930 -10.250 9.420 21.830 -10.250
3 15 9.420 21.830 -10.250 10.600 16.990 -10.250 9.430 16.030 -10.250
3 15 2.610 9.120 -10.250 8.740 9.660 -10.250 9.430 8.020 -10.250
3 15 9.430 8.020 -10.250 3.500 6.660 -10.250 2.610 9.120 -10.250
3 15 6.980 3.130 -10.250 4.980 4.630 -10.250 3.500 6.660 -10.250
3 15 3.500 6.660 -10.250 9.430 8.020 -10.250 6.980 3.130 -10.250
3 15 9.430 8.020 -10.250 10.600 7.060 -10.250 9.420 2.220 -10.250
3 15 9.420 2.220 -10.250 6.980 3.130 -10.250 9.430 8.020 -10.250
3 15 10.600 7.060 -10.250 12.280 6.740 -10.250 12.280 1.920 -10.250
3 15 12.280 1.920 -10.250 9.420 2.220 -10.250 10.600 7.060 -10.250
3 15 2.610 9.120 -10.250 8.510 12.030 -10.250 8.740 9.660 -10.250
3 15 12.280 17.310 -10.250 15.140 21.830 -10.250 17.570 20.930 -10.250
3 15 17.570 20.930 -10.250 13.950 16.990 -10.250 12.280 17.310 -10.250
3 15 13.950 16.990 -10.250 17.570 20.930 -10.250 19.560 19.420 -10.250
3 15 19.560 19.420 -10.250 15.110 16.040 -10.250 13.950 16.990 -10.250
3 15 15.780 14.400 -10.250 15.110 16.040 -10.250 19.560 19.420 -10.250
3 15 19.560 19.420 -10.250 21.040 17.390 -10.250 15.780 14.400 -10.250
3 15 16.000 12.030 -10.250 15.780 14.400 -10.250 21.040 17.390 -10.250
3 15 21.040 17.390 -10.250 21.930 14.930 -10.250 16.000 12.030 -10.250
3 15 21.930 14.930 -10.250 22.230 12.030 -10.250 21.930 9.120 -10.250
3 15 21.930 9.120 -10.250 16.000 12.030 -10.250 21.930 14.930 -10.250
3 15 15.110 8.010 -10.250 17.570 3.130 -10.250 15.140 2.220 -10.250
3 15 15.140 2.220 -10.250 13.950 7.060 -10.250 15.110 8.010 -10.250
3 15 12.280 1.920 -10.250 12.280 6.740 -10.250 13.950 7.060 -10.250
3 15 13.950 7.060 -10.250 15.140 2.220 -10.250 12.280 1.920 -10.250
3 15 15.110 8.010 -10.250 15.780 9.650 -10.250 21.930 9.120 -10.250
3 15 21.930 9.120 -10.250 21.040 6.660 -10.250 15.110 8.010 -10.250
3 15 17.570 3.130 -10.250 15.110 8.010 -10.250 21.040 6.660 -10.250
3 15 21.040 6.660 -10.250 19.560 4.630 -10.250 17.570 3.130 -10.250
3 15 21.930 9.120 -10.250 15.780 9.650 -10.250 16.000 12.030 -10.250
3 15 12.280 17.310 -10.250 12.280 22.130 -10.250 15.140 21.830 -10.250
3 15 39.140 2.420 -10.250 22.060 2.420 -10.250 22.060 7.470 -10.250
3 15 22.060 7.470 -10.250 27.580 7.470 -10.250 39.140 2.420 -10.250
3 15 27.580 21.600 -10.250 33.740 21.600 -10.250 33.740 7.470 -10.250
3 15 33.740 7.470 -10.250 27.580 7.470 -10.250 27.580 21.600 -10.250
3 15 39.140 2.420 -10.250 33.740 7.470 -10.250 39.140 7.470 -10.250
3 15 39.140 2.420 -10.250 27.580 7.470 -10.250 33.740 7.470 -10.250
1 16 0.0000 12.0000 -10.2500 43.0000 0.0000 0.0000 0.0000 0.0000 -11.0000 0.0000 0.2500 0.0000 box5-12.dat
