0 FILE 35756.dat
0 Minifigure Costume Tail Dragon
0 Name:  35756.dat
0 Author:  
0 BL_Item_No 35756
0 BFC CERTIFY CCW
3 16 -17.500 -3.000 -10.000 -16.000 -3.000 -3.600 -16.000 -3.000 3.600
3 16 -16.000 -3.000 3.600 -17.500 -3.000 10.000 -17.500 -3.000 -10.000
3 16 -16.000 -3.000 -6.600 -16.000 -3.000 -3.600 -17.500 -3.000 -10.000
3 16 -16.000 -3.000 3.600 -16.000 -3.000 6.600 -17.500 -3.000 10.000
3 16 -13.000 -3.000 -6.600 -16.000 -3.000 -6.600 -17.500 -3.000 -10.000
3 16 -16.000 -3.000 6.600 -13.000 -3.000 6.600 -17.500 -3.000 10.000
3 16 -13.000 -3.000 6.600 -7.000 -3.000 6.600 -17.500 -3.000 10.000
3 16 -13.000 -3.000 -6.600 -17.500 -3.000 -10.000 -7.000 -3.000 -6.600
3 16 -17.500 -3.000 -10.000 -4.000 -3.000 -6.600 -7.000 -3.000 -6.600
3 16 -7.000 -3.000 6.600 -4.000 -3.000 6.600 -17.500 -3.000 10.000
3 16 -17.500 0.000 -10.000 -17.500 0.000 10.000 -16.000 0.000 3.600
3 16 -16.000 0.000 3.600 -16.000 0.000 -3.600 -17.500 0.000 -10.000
3 16 -16.000 0.000 -3.600 -16.000 0.000 -6.600 -17.500 0.000 -10.000
3 16 -16.000 0.000 6.600 -16.000 0.000 3.600 -17.500 0.000 10.000
3 16 -16.000 0.000 -6.600 -13.000 0.000 -6.600 -17.500 0.000 -10.000
3 16 -13.000 0.000 6.600 -16.000 0.000 6.600 -17.500 0.000 10.000
3 16 -17.500 0.000 10.000 -7.000 0.000 6.600 -13.000 0.000 6.600
3 16 -17.500 0.000 -10.000 -13.000 0.000 -6.600 -7.000 0.000 -6.600
3 16 -4.000 0.000 -6.600 -17.500 0.000 -10.000 -7.000 0.000 -6.600
3 16 -4.000 0.000 6.600 -7.000 0.000 6.600 -17.500 0.000 10.000
3 16 17.500 -3.000 10.000 16.000 -3.000 3.600 16.000 -3.000 -2.600
3 16 16.000 -3.000 -2.600 17.500 -3.000 -10.000 17.500 -3.000 10.000
3 16 16.000 -3.000 6.600 16.000 -3.000 3.600 17.500 -3.000 10.000
3 16 16.000 -3.000 -2.600 16.000 -3.000 -6.600 17.500 -3.000 -10.000
3 16 13.000 -3.000 6.600 16.000 -3.000 6.600 17.500 -3.000 10.000
3 16 16.000 -3.000 -6.600 13.000 -3.000 -6.600 17.500 -3.000 -10.000
3 16 13.000 -3.000 -6.600 7.000 -3.000 -6.600 17.500 -3.000 -10.000
3 16 13.000 -3.000 6.600 17.500 -3.000 10.000 7.000 -3.000 6.600
3 16 17.500 -3.000 10.000 4.000 -3.000 6.600 7.000 -3.000 6.600
3 16 7.000 -3.000 -6.600 4.000 -3.000 -6.600 17.500 -3.000 -10.000
3 16 17.500 0.000 10.000 17.500 0.000 -10.000 16.000 0.000 -3.600
3 16 16.000 0.000 -3.600 16.000 0.000 3.600 17.500 0.000 10.000
3 16 16.000 0.000 3.600 16.000 0.000 6.600 17.500 0.000 10.000
3 16 16.000 0.000 -6.600 16.000 0.000 -3.600 17.500 0.000 -10.000
3 16 16.000 0.000 6.600 13.000 0.000 6.600 17.500 0.000 10.000
3 16 13.000 0.000 -6.600 16.000 0.000 -6.600 17.500 0.000 -10.000
3 16 17.500 0.000 -10.000 7.000 0.000 -6.600 13.000 0.000 -6.600
3 16 17.500 0.000 10.000 13.000 0.000 6.600 7.000 0.000 6.600
3 16 4.000 0.000 6.600 17.500 0.000 10.000 7.000 0.000 6.600
3 16 4.000 0.000 -6.600 7.000 0.000 -6.600 17.500 0.000 -10.000
3 16 17.500 -3.000 10.000 -17.500 -3.000 10.000 -4.000 -3.000 6.600
3 16 -4.000 -3.000 6.600 4.000 -3.000 6.600 17.500 -3.000 10.000
3 16 4.000 -3.000 -6.600 -4.000 -3.000 -6.600 -17.500 -3.000 -10.000
3 16 -17.500 -3.000 -10.000 17.500 -3.000 -10.000 4.000 -3.000 -6.600
3 16 17.500 0.000 10.000 4.000 0.000 6.600 -4.000 0.000 6.600
3 16 -4.000 0.000 6.600 -17.500 0.000 10.000 17.500 0.000 10.000
3 16 4.000 0.000 -6.600 17.500 0.000 -10.000 -17.500 0.000 -10.000
3 16 -17.500 0.000 -10.000 -4.000 0.000 -6.600 4.000 0.000 -6.600
3 16 -4.000 -3.000 6.600 -4.000 -3.000 3.600 4.000 -3.000 3.600
3 16 4.000 -3.000 3.600 4.000 -3.000 6.600 -4.000 -3.000 6.600
3 16 -4.000 -3.000 -3.600 4.000 -3.000 3.600 -4.000 -3.000 3.600
3 16 -4.000 0.000 6.600 4.000 0.000 6.600 4.000 0.000 3.600
3 16 4.000 0.000 3.600 -4.000 0.000 3.600 -4.000 0.000 6.600
3 16 4.000 0.000 3.600 -4.000 0.000 -3.600 -4.000 0.000 3.600
0 BFC INVERTNEXT
1 16 -7.0000 -3.0000 3.6000 3.0000 0.0000 0.0000 0.0000 3.0000 0.0000 0.0000 0.0000 3.0000 1-4cylo.dat
0 BFC INVERTNEXT
1 16 -13.0000 -3.0000 3.6000 -3.0000 0.0000 0.0000 0.0000 3.0000 0.0000 0.0000 0.0000 3.0000 1-4cylo.dat
0 BFC INVERTNEXT
1 16 -13.0000 -3.0000 -3.6000 -3.0000 0.0000 0.0000 0.0000 3.0000 0.0000 0.0000 0.0000 -3.0000 1-4cylo.dat
0 BFC INVERTNEXT
1 16 -7.0000 -3.0000 -3.6000 3.0000 0.0000 0.0000 0.0000 3.0000 0.0000 0.0000 0.0000 -3.0000 1-4cylo.dat
1 16 -10.0000 -1.5000 -6.6000 3.0000 0.0000 0.0000 0.0000 0.0000 -1.5000 0.0000 -1.0000 0.0000 rect2p.dat
1 16 -10.0000 -1.5000 6.6000 3.0000 0.0000 0.0000 0.0000 0.0000 -1.5000 0.0000 1.0000 0.0000 rect2p.dat
1 16 -4.0000 -1.5000 0.0000 0.0000 1.0000 0.0000 0.0000 0.0000 -1.5000 -3.6000 0.0000 0.0000 rect2p.dat
1 16 -16.0000 -1.5000 0.0000 0.0000 -1.0000 0.0000 0.0000 0.0000 -1.5000 -3.6000 0.0000 0.0000 rect2p.dat
1 16 -7.0000 -3.0000 3.6000 3.0000 0.0000 0.0000 0.0000 1.0000 0.0000 0.0000 0.0000 3.0000 1-4ndis.dat
1 16 -13.0000 -3.0000 3.6000 -3.0000 0.0000 0.0000 0.0000 1.0000 0.0000 0.0000 0.0000 3.0000 1-4ndis.dat
1 16 -13.0000 -3.0000 -3.6000 -3.0000 0.0000 0.0000 0.0000 1.0000 0.0000 0.0000 0.0000 -3.0000 1-4ndis.dat
1 16 -7.0000 -3.0000 -3.6000 3.0000 0.0000 0.0000 0.0000 1.0000 0.0000 0.0000 0.0000 -3.0000 1-4ndis.dat
1 16 -7.0000 0.0000 3.6000 3.0000 0.0000 0.0000 0.0000 -1.0000 0.0000 0.0000 0.0000 3.0000 1-4ndis.dat
1 16 -13.0000 0.0000 3.6000 -3.0000 0.0000 0.0000 0.0000 -1.0000 0.0000 0.0000 0.0000 3.0000 1-4ndis.dat
1 16 -13.0000 0.0000 -3.6000 -3.0000 0.0000 0.0000 0.0000 -1.0000 0.0000 0.0000 0.0000 -3.0000 1-4ndis.dat
1 16 -7.0000 0.0000 -3.6000 3.0000 0.0000 0.0000 0.0000 -1.0000 0.0000 0.0000 0.0000 -3.0000 1-4ndis.dat
3 16 4.000 -3.000 -6.600 4.000 -3.000 -3.600 -4.000 -3.000 -3.600
3 16 -4.000 -3.000 -3.600 -4.000 -3.000 -6.600 4.000 -3.000 -6.600
3 16 4.000 -3.000 3.600 -4.000 -3.000 -3.600 4.000 -3.000 -3.600
3 16 4.000 0.000 -6.600 -4.000 0.000 -6.600 -4.000 0.000 -3.600
3 16 -4.000 0.000 -3.600 4.000 0.000 -3.600 4.000 0.000 -6.600
3 16 -4.000 0.000 -3.600 4.000 0.000 3.600 4.000 0.000 -3.600
0 BFC INVERTNEXT
1 16 7.0000 -3.0000 -3.6000 -3.0000 0.0000 0.0000 0.0000 3.0000 0.0000 0.0000 0.0000 -3.0000 1-4cylo.dat
0 BFC INVERTNEXT
1 16 13.0000 -3.0000 -3.6000 3.0000 0.0000 0.0000 0.0000 3.0000 0.0000 0.0000 0.0000 -3.0000 1-4cylo.dat
0 BFC INVERTNEXT
1 16 13.0000 -3.0000 3.6000 3.0000 0.0000 0.0000 0.0000 3.0000 0.0000 0.0000 0.0000 3.0000 1-4cylo.dat
0 BFC INVERTNEXT
1 16 7.0000 -3.0000 3.6000 -3.0000 0.0000 0.0000 0.0000 3.0000 0.0000 0.0000 0.0000 3.0000 1-4cylo.dat
1 16 10.0000 -1.5000 6.6000 -3.0000 0.0000 0.0000 0.0000 0.0000 -1.5000 0.0000 1.0000 0.0000 rect2p.dat
1 16 10.0000 -1.5000 -6.6000 -3.0000 0.0000 0.0000 0.0000 0.0000 -1.5000 0.0000 -1.0000 0.0000 rect2p.dat
1 16 4.0000 -1.5000 0.0000 0.0000 -1.0000 0.0000 0.0000 0.0000 -1.5000 3.6000 0.0000 0.0000 rect2p.dat
1 16 16.0000 -1.5000 0.0000 0.0000 1.0000 0.0000 0.0000 0.0000 -1.5000 3.6000 0.0000 0.0000 rect2p.dat
1 16 7.0000 -3.0000 -3.6000 -3.0000 0.0000 0.0000 0.0000 1.0000 0.0000 0.0000 0.0000 -3.0000 1-4ndis.dat
1 16 13.0000 -3.0000 -3.6000 3.0000 0.0000 0.0000 0.0000 1.0000 0.0000 0.0000 0.0000 -3.0000 1-4ndis.dat
1 16 13.0000 -3.0000 3.6000 3.0000 0.0000 0.0000 0.0000 1.0000 0.0000 0.0000 0.0000 3.0000 1-4ndis.dat
1 16 7.0000 -3.0000 3.6000 -3.0000 0.0000 0.0000 0.0000 1.0000 0.0000 0.0000 0.0000 3.0000 1-4ndis.dat
1 16 7.0000 0.0000 -3.6000 -3.0000 0.0000 0.0000 0.0000 -1.0000 0.0000 0.0000 0.0000 -3.0000 1-4ndis.dat
1 16 13.0000 0.0000 -3.6000 3.0000 0.0000 0.0000 0.0000 -1.0000 0.0000 0.0000 0.0000 -3.0000 1-4ndis.dat
1 16 13.0000 0.0000 3.6000 3.0000 0.0000 0.0000 0.0000 -1.0000 0.0000 0.0000 0.0000 3.0000 1-4ndis.dat
1 16 7.0000 0.0000 3.6000 -3.0000 0.0000 0.0000 0.0000 -1.0000 0.0000 0.0000 0.0000 3.0000 1-4ndis.dat
1 16 0.0000 0.0000 0.0000 0.0000 0.0000 -17.5000 0.0000 -3.0000 0.0000 10.0000 0.0000 0.0000 box4.dat
3 16 -1.642 30.027 54.707 -1.885 31.856 50.336 -1.733 27.500 49.446
3 16 -1.733 27.500 49.446 -1.513 26.300 53.640 -1.642 30.027 54.707
3 16 -0.819 25.202 53.326 -1.513 26.300 53.640 -1.733 27.500 49.446
3 16 -1.733 27.500 49.446 -0.938 26.221 49.185 -0.819 25.202 53.326
3 16 0.000 24.816 53.216 -0.819 25.202 53.326 -0.938 26.221 49.185
3 16 -0.938 26.221 49.185 0.000 25.772 49.093 0.000 24.816 53.216
3 16 -0.889 30.595 54.869 -1.020 32.519 50.472 -1.885 31.856 50.336
3 16 -1.885 31.856 50.336 -1.642 30.027 54.707 -0.889 30.595 54.869
3 16 0.000 30.794 54.926 0.000 32.751 50.519 -1.020 32.519 50.472
3 16 -1.020 32.519 50.472 -0.889 30.595 54.869 0.000 30.794 54.926
3 16 -1.885 31.856 50.336 -2.075 32.781 46.555 -1.900 27.900 46.250
3 16 -1.900 27.900 46.250 -1.733 27.500 49.446 -1.885 31.856 50.336
3 16 -0.938 26.221 49.185 -1.733 27.500 49.446 -1.900 27.900 46.250
3 16 -1.900 27.900 46.250 -1.028 26.477 46.162 -0.938 26.221 49.185
3 16 0.000 25.772 49.093 -0.938 26.221 49.185 -1.028 26.477 46.162
3 16 -1.028 26.477 46.162 0.000 25.978 46.130 0.000 25.772 49.093
3 16 -1.020 32.519 50.472 -1.123 33.521 46.601 -2.075 32.781 46.555
3 16 -2.075 32.781 46.555 -1.885 31.856 50.336 -1.020 32.519 50.472
3 16 0.000 32.751 50.519 0.000 33.781 46.617 -1.123 33.521 46.601
3 16 -1.123 33.521 46.601 -1.020 32.519 50.472 0.000 32.751 50.519
3 16 -2.075 32.781 46.555 -2.301 33.261 41.943 -2.089 27.900 42.655
3 16 -2.089 27.900 42.655 -1.900 27.900 46.250 -2.075 32.781 46.555
3 16 -1.028 26.477 46.162 -1.900 27.900 46.250 -2.089 27.900 42.655
3 16 -2.089 27.900 42.655 -1.130 26.361 42.860 -1.028 26.477 46.162
3 16 0.000 25.978 46.130 -1.028 26.477 46.162 -1.130 26.361 42.860
3 16 -1.130 26.361 42.860 0.000 25.821 42.932 0.000 25.978 46.130
3 16 -2.075 32.781 46.555 -1.245 34.069 41.835 -2.301 33.261 41.943
3 16 -2.075 32.781 46.555 -1.123 33.521 46.601 -1.245 34.069 41.835
3 16 0.000 33.781 46.617 0.000 34.352 41.798 -1.245 34.069 41.835
3 16 -1.245 34.069 41.835 -1.123 33.521 46.601 0.000 33.781 46.617
3 16 -2.301 33.261 41.943 -2.555 32.424 36.676 -2.282 26.900 38.960
3 16 -2.282 26.900 38.960 -2.089 27.900 42.655 -2.301 33.261 41.943
3 16 -1.130 26.361 42.860 -2.089 27.900 42.655 -2.282 26.900 38.960
3 16 -2.282 26.900 38.960 -1.235 25.361 39.597 -1.130 26.361 42.860
3 16 0.000 25.821 42.932 -1.130 26.361 42.860 -1.235 25.361 39.597
3 16 -1.235 25.361 39.597 0.000 24.820 39.820 0.000 25.821 42.932
3 16 -2.301 33.261 41.943 -1.383 33.247 36.336 -2.555 32.424 36.676
3 16 -2.301 33.261 41.943 -1.245 34.069 41.835 -1.383 33.247 36.336
3 16 0.000 34.352 41.798 0.000 33.536 36.217 -1.383 33.247 36.336
3 16 -1.383 33.247 36.336 -1.245 34.069 41.835 0.000 34.352 41.798
3 16 -2.555 32.424 36.676 -2.881 29.840 30.745 -2.502 24.500 34.766
3 16 -2.502 24.500 34.766 -2.282 26.900 38.960 -2.555 32.424 36.676
3 16 -1.235 25.361 39.597 -2.282 26.900 38.960 -2.502 24.500 34.766
3 16 -2.502 24.500 34.766 -1.354 23.088 35.829 -1.235 25.361 39.597
3 16 0.000 24.820 39.820 -1.235 25.361 39.597 -1.354 23.088 35.829
3 16 -1.354 23.088 35.829 0.000 22.593 36.203 0.000 24.820 39.820
3 16 -2.555 32.424 36.676 -1.559 30.620 30.157 -2.881 29.840 30.745
3 16 -2.555 32.424 36.676 -1.383 33.247 36.336 -1.559 30.620 30.157
3 16 0.000 33.536 36.217 0.000 30.894 29.951 -1.559 30.620 30.157
3 16 -1.559 30.620 30.157 -1.383 33.247 36.336 0.000 33.536 36.217
3 16 -2.881 29.840 30.745 -3.211 25.549 25.423 -2.680 21.200 31.371
3 16 -2.680 21.200 31.371 -2.502 24.500 34.766 -2.881 29.840 30.745
3 16 -1.450 20.137 32.824 -2.502 24.500 34.766 -2.680 21.200 31.371
3 16 -1.354 23.088 35.829 -2.502 24.500 34.766 -1.450 20.137 32.824
3 16 0.000 19.764 33.335 -1.354 23.088 35.829 -1.450 20.137 32.824
3 16 0.000 22.593 36.203 -1.354 23.088 35.829 0.000 19.764 33.335
3 16 -2.881 29.840 30.745 -1.738 26.167 24.579 -3.211 25.549 25.423
3 16 -2.881 29.840 30.745 -1.559 30.620 30.157 -1.738 26.167 24.579
3 16 0.000 30.894 29.951 0.000 26.383 24.282 -1.738 26.167 24.579
3 16 -1.738 26.167 24.579 -1.559 30.620 30.157 0.000 30.894 29.951
3 16 -3.211 25.549 25.423 -3.493 19.878 21.896 -2.790 17.000 29.274
3 16 -2.790 17.000 29.274 -2.680 21.200 31.371 -3.211 25.549 25.423
3 16 -1.510 16.359 30.917 -2.680 21.200 31.371 -2.790 17.000 29.274
3 16 -1.450 20.137 32.824 -2.680 21.200 31.371 -1.510 16.359 30.917
3 16 0.000 16.134 31.494 -1.450 20.137 32.824 -1.510 16.359 30.917
3 16 0.000 19.764 33.335 -1.450 20.137 32.824 0.000 16.134 31.494
3 16 -3.211 25.549 25.423 -1.890 20.274 20.882 -3.493 19.878 21.896
3 16 -3.211 25.549 25.423 -1.738 26.167 24.579 -1.890 20.274 20.882
3 16 0.000 26.383 24.282 0.000 20.413 20.526 -1.890 20.274 20.882
3 16 -1.890 20.274 20.882 -1.738 26.167 24.579 0.000 26.383 24.282
3 16 -3.493 19.878 21.896 -3.800 10.661 18.571 -2.926 8.000 26.677
3 16 -2.926 8.000 26.677 -2.790 17.000 29.274 -3.493 19.878 21.896
3 16 -1.584 7.454 28.339 -2.790 17.000 29.274 -2.926 8.000 26.677
3 16 -1.510 16.359 30.917 -2.790 17.000 29.274 -1.584 7.454 28.339
3 16 0.000 7.263 28.922 -1.510 16.359 30.917 -1.584 7.454 28.339
3 16 0.000 16.134 31.494 -1.510 16.359 30.917 0.000 7.263 28.922
3 16 -3.493 19.878 21.896 -2.056 11.018 17.486 -3.800 10.661 18.571
3 16 -3.493 19.878 21.896 -1.890 20.274 20.882 -2.056 11.018 17.486
3 16 0.000 20.413 20.526 0.000 11.143 17.105 -2.056 11.018 17.486
3 16 -2.056 11.018 17.486 -1.890 20.274 20.882 0.000 20.413 20.526
3 16 -2.926 8.000 26.677 -4.011 7.694 17.126 -3.015 3.400 24.979
3 16 -2.926 8.000 26.677 -3.800 10.661 18.571 -4.011 7.694 17.126
3 16 -1.632 2.569 26.499 -2.926 8.000 26.677 -3.015 3.400 24.979
3 16 -1.584 7.454 28.339 -2.926 8.000 26.677 -1.632 2.569 26.499
3 16 0.000 2.278 27.032 -1.584 7.454 28.339 -1.632 2.569 26.499
3 16 0.000 7.263 28.922 -1.584 7.454 28.339 0.000 2.278 27.032
3 16 -2.056 11.018 17.486 -2.171 8.258 16.094 -4.011 7.694 17.126
3 16 -4.011 7.694 17.126 -3.800 10.661 18.571 -2.056 11.018 17.486
3 16 0.000 11.143 17.105 0.000 8.456 15.732 -2.171 8.258 16.094
3 16 -2.171 8.258 16.094 -2.056 11.018 17.486 0.000 11.143 17.105
3 16 -3.015 3.400 24.979 -4.263 6.368 15.444 -3.162 -0.300 22.183
3 16 -3.015 3.400 24.979 -4.011 7.694 17.126 -4.263 6.368 15.444
3 16 -1.632 2.569 26.499 -3.015 3.400 24.979 -3.162 -0.300 22.183
3 16 -3.162 -0.300 22.183 -1.711 -1.548 23.444 -1.632 2.569 26.499
3 16 0.000 2.278 27.032 -1.632 2.569 26.499 -1.711 -1.548 23.444
3 16 -1.711 -1.548 23.444 0.000 -1.985 23.887 0.000 2.278 27.032
3 16 -4.011 7.694 17.126 -2.307 7.236 14.567 -4.263 6.368 15.444
3 16 -4.011 7.694 17.126 -2.171 8.258 16.094 -2.307 7.236 14.567
3 16 -2.171 8.258 16.094 0.000 7.540 14.259 -2.307 7.236 14.567
3 16 -2.171 8.258 16.094 0.000 8.456 15.732 0.000 7.540 14.259
3 16 -3.162 -0.300 22.183 -4.542 5.509 13.281 -3.345 -3.000 18.688
3 16 -3.162 -0.300 22.183 -4.263 6.368 15.444 -4.542 5.509 13.281
3 16 -1.711 -1.548 23.444 -3.162 -0.300 22.183 -3.345 -3.000 18.688
3 16 -3.345 -3.000 18.688 -1.810 -4.564 19.682 -1.711 -1.548 23.444
3 16 0.000 -1.985 23.887 -1.711 -1.548 23.444 -1.810 -4.564 19.682
3 16 -1.810 -4.564 19.682 0.000 -5.113 20.031 0.000 -1.985 23.887
3 16 -4.263 6.368 15.444 -2.458 6.611 12.581 -4.542 5.509 13.281
3 16 -4.263 6.368 15.444 -2.307 7.236 14.567 -2.458 6.611 12.581
3 16 -2.307 7.236 14.567 0.000 6.997 12.335 -2.458 6.611 12.581
3 16 -2.307 7.236 14.567 0.000 7.540 14.259 0.000 6.997 12.335
3 16 -3.345 -3.000 18.688 -5.010 5.039 10.000 -3.549 -5.000 14.793
3 16 -3.345 -3.000 18.688 -4.542 5.509 13.281 -5.010 5.039 10.000
3 16 -1.810 -4.564 19.682 -3.345 -3.000 18.688 -3.549 -5.000 14.793
3 16 -3.549 -5.000 14.793 -1.921 -6.836 15.464 -1.810 -4.564 19.682
3 16 0.000 -5.113 20.031 -1.810 -4.564 19.682 -1.921 -6.836 15.464
3 16 -1.921 -6.836 15.464 0.000 -7.480 15.699 0.000 -5.113 20.031
3 16 -4.542 5.509 13.281 -2.711 6.412 10.000 -5.010 5.039 10.000
3 16 -4.542 5.509 13.281 -2.458 6.611 12.581 -2.711 6.412 10.000
3 16 -2.458 6.611 12.581 0.000 6.894 10.000 -2.711 6.412 10.000
3 16 -2.458 6.611 12.581 0.000 6.997 12.335 0.000 6.894 10.000
3 16 -3.549 -5.000 14.793 -5.010 5.039 10.000 -3.800 -6.100 10.000
3 16 -1.921 -6.836 15.464 -3.549 -5.000 14.793 -3.800 -6.100 10.000
3 16 -3.800 -6.100 10.000 -2.057 -8.334 10.000 -1.921 -6.836 15.464
3 16 0.000 -7.480 15.699 -1.921 -6.836 15.464 -2.057 -8.334 10.000
3 16 -2.057 -8.334 10.000 0.000 -9.048 10.000 0.000 -7.480 15.699
3 16 -2.057 -8.334 10.000 -2.711 6.412 10.000 0.000 6.894 10.000
3 16 0.000 6.894 10.000 0.000 -9.048 10.000 -2.057 -8.334 10.000
3 16 -2.057 -8.334 10.000 -3.800 -6.100 10.000 -5.010 5.039 10.000
3 16 -5.010 5.039 10.000 -2.711 6.412 10.000 -2.057 -8.334 10.000
2 24 -2.680 21.200 31.371 -2.790 17.000 29.274
2 24 -2.282 26.900 38.960 -2.502 24.500 34.766
2 24 -4.263 6.368 15.444 -4.011 7.694 17.126
2 24 -2.089 27.900 42.655 -2.282 26.900 38.960
2 24 -1.900 27.900 46.250 -2.089 27.900 42.655
2 24 -2.301 33.261 41.943 -2.075 32.781 46.555
2 24 -3.800 10.661 18.571 -3.493 19.878 21.896
2 24 -3.800 10.661 18.571 -4.011 7.694 17.126
2 24 -3.493 19.878 21.896 -3.211 25.549 25.423
2 24 -2.881 29.840 30.745 -2.555 32.424 36.676
2 24 -4.263 6.368 15.444 -4.542 5.509 13.281
2 24 -3.549 -5.000 14.793 -3.345 -3.000 18.688
2 24 -2.555 32.424 36.676 -2.301 33.261 41.943
2 24 -2.926 8.000 26.677 -3.015 3.400 24.979
2 24 -3.162 -0.300 22.183 -3.015 3.400 24.979
2 24 -4.542 5.509 13.281 -5.010 5.039 10.000
2 24 -2.790 17.000 29.274 -2.926 8.000 26.677
2 24 -3.800 -6.100 10.000 -3.549 -5.000 14.793
2 24 -3.345 -3.000 18.688 -3.162 -0.300 22.183
2 24 -1.885 31.856 50.336 -2.075 32.781 46.555
2 24 -1.513 26.300 53.640 -1.733 27.500 49.446
2 24 -3.211 25.549 25.423 -2.881 29.840 30.745
2 24 -1.642 30.027 54.707 -1.885 31.856 50.336
2 24 -2.502 24.500 34.766 -2.680 21.200 31.371
2 24 -1.733 27.500 49.446 -1.900 27.900 46.250
2 24 -2.057 -8.334 10.000 0.000 -9.048 10.000
2 24 -3.800 -6.100 10.000 -2.057 -8.334 10.000
2 24 -5.010 5.039 10.000 -3.800 -6.100 10.000
2 24 -5.010 5.039 10.000 -2.711 6.412 10.000
2 24 -2.711 6.412 10.000 0.000 6.894 10.000
2 24 -1.963 8.938 28.226 -1.966 9.112 28.269
2 24 -1.966 9.112 28.269 -1.968 10.492 28.637
2 24 -1.718 8.516 28.443 -1.963 8.938 28.226
2 24 -1.968 10.492 28.637 -1.973 16.496 30.296
2 24 -1.577 8.276 28.577 -1.718 8.516 28.443
2 24 -1.973 16.496 30.296 -1.903 16.556 30.413
2 24 -1.172 7.503 28.519 -1.249 7.628 28.523
2 24 -1.249 7.628 28.523 -1.577 8.276 28.577
2 24 -1.172 7.503 28.519 -0.056 7.599 28.996
2 24 0.000 7.605 29.021 -0.056 7.599 28.996
2 24 -1.926 2.746 26.176 -1.942 3.869 26.542
2 24 -1.942 3.869 26.542 -1.960 5.239 27.014
2 24 -1.960 5.239 27.014 -1.602 5.571 27.629
2 24 -1.602 5.571 27.629 -1.248 6.356 28.062
2 24 -1.248 6.356 28.062 -1.187 6.485 28.136
2 24 0.000 5.907 28.408 -1.187 6.485 28.136
2 24 -1.919 -0.902 23.588 -1.913 -1.261 23.347
2 24 -1.926 2.746 26.176 -1.919 -0.902 23.588
2 24 -1.550 26.675 41.775 -1.552 26.715 41.873
2 24 -1.562 27.349 46.216 -1.553 27.280 47.580
2 24 -1.564 27.057 42.767 -1.562 27.349 46.216
2 24 -1.552 26.715 41.873 -1.564 27.057 42.767
2 24 -1.149 -2.605 22.463 -1.294 -2.393 22.642
2 24 -1.913 -1.261 23.347 -1.818 -1.455 23.351
2 24 -1.715 -1.658 23.306 -1.818 -1.455 23.351
2 24 -1.715 -1.658 23.306 -1.294 -2.393 22.642
2 24 -1.007 25.767 41.206 -0.907 25.679 41.087
2 24 -1.175 25.932 41.460 -1.550 26.675 41.775
2 24 -1.175 25.932 41.460 -1.007 25.767 41.206
2 24 -1.697 29.830 52.976 -1.687 28.812 51.991
2 24 -1.694 30.419 53.771 -1.697 29.830 52.976
2 24 -1.110 31.335 52.862 -1.694 30.419 53.771
2 24 -1.110 31.335 52.862 -1.006 31.464 52.775
2 24 -0.842 25.920 50.275 -0.816 25.913 50.250
2 24 -0.903 25.922 50.399 -1.373 26.533 51.281
2 24 -0.842 25.920 50.275 -0.903 25.922 50.399
2 24 -1.687 28.812 51.991 -1.612 26.842 51.747
2 24 -1.612 26.842 51.747 -1.373 26.533 51.281
2 24 -1.934 -7.624 12.662 -1.936 -7.513 13.052
2 24 -1.943 -4.429 19.596 -1.948 -4.130 19.937
2 24 -1.943 -4.429 19.596 -1.925 -6.832 15.462
2 24 -1.925 -6.832 15.462 -1.925 -6.889 15.269
2 24 -1.936 -7.513 13.052 -1.925 -6.889 15.269
2 24 -1.811 20.000 32.183 -1.813 20.068 32.212
2 24 -1.824 21.688 33.515 -1.820 20.457 32.387
2 24 -1.824 21.688 33.515 -1.829 23.581 35.303
2 24 -1.820 20.457 32.387 -1.813 20.068 32.212
2 24 -1.807 25.057 37.523 -1.829 23.685 35.410
2 24 -1.176 -8.357 11.001 -1.244 -8.299 11.122
2 24 -1.934 -7.624 12.662 -1.244 -8.299 11.122
2 24 -1.144 18.666 32.232 -1.069 18.551 32.209
2 24 -1.811 20.000 32.183 -1.464 19.257 32.380
2 24 -1.144 18.666 32.232 -1.464 19.257 32.380
2 24 -1.903 16.556 30.413 -1.604 16.749 30.954
2 24 -1.503 16.807 31.143 -1.604 16.749 30.954
2 24 -0.866 18.525 32.289 -1.069 18.551 32.209
2 24 -1.503 16.807 31.143 -1.159 17.296 31.544
2 24 -1.159 17.296 31.544 -0.325 17.031 31.792
2 24 0.000 18.406 32.646 -0.866 18.525 32.289
2 24 0.000 16.923 31.894 -0.325 17.031 31.792
2 24 -1.185 -3.235 21.669 0.000 -3.800 21.649
2 24 -1.176 -8.357 11.001 0.000 -8.678 11.343
2 24 -1.051 24.871 38.967 0.000 24.377 39.100
2 24 -1.948 -4.130 19.937 -1.795 -4.092 20.271
2 24 -1.149 -2.605 22.463 0.000 -2.720 22.981
2 24 -1.795 -4.092 20.271 -1.185 -3.235 21.669
2 24 -0.816 25.913 50.250 0.000 25.465 50.417
2 24 -1.006 31.464 52.775 -0.950 31.490 52.824
2 24 0.000 31.618 53.071 -0.950 31.490 52.824
2 24 -1.553 27.280 47.580 -0.966 26.302 48.233
2 24 -0.896 26.260 48.345 -0.966 26.302 48.233
2 24 -0.896 26.260 48.345 0.000 25.837 48.166
2 24 -0.907 25.679 41.087 0.000 25.302 41.319
2 24 -1.267 24.755 38.593 -1.807 25.057 37.523
2 24 -1.267 24.755 38.593 -1.051 24.871 38.967
3 16 1.733 27.500 49.446 1.885 31.856 50.336 1.642 30.027 54.707
3 16 1.642 30.027 54.707 1.513 26.300 53.640 1.733 27.500 49.446
3 16 1.733 27.500 49.446 1.513 26.300 53.640 0.819 25.202 53.326
3 16 0.819 25.202 53.326 0.938 26.221 49.185 1.733 27.500 49.446
3 16 0.938 26.221 49.185 0.819 25.202 53.326 0.000 24.816 53.216
3 16 0.000 24.816 53.216 0.000 25.772 49.093 0.938 26.221 49.185
3 16 1.885 31.856 50.336 1.020 32.519 50.472 0.889 30.595 54.869
3 16 0.889 30.595 54.869 1.642 30.027 54.707 1.885 31.856 50.336
3 16 1.020 32.519 50.472 0.000 32.751 50.519 0.000 30.794 54.926
3 16 0.000 30.794 54.926 0.889 30.595 54.869 1.020 32.519 50.472
3 16 1.900 27.900 46.250 2.075 32.781 46.555 1.885 31.856 50.336
3 16 1.885 31.856 50.336 1.733 27.500 49.446 1.900 27.900 46.250
3 16 1.900 27.900 46.250 1.733 27.500 49.446 0.938 26.221 49.185
3 16 0.938 26.221 49.185 1.028 26.477 46.162 1.900 27.900 46.250
3 16 1.028 26.477 46.162 0.938 26.221 49.185 0.000 25.772 49.093
3 16 0.000 25.772 49.093 0.000 25.978 46.130 1.028 26.477 46.162
3 16 2.075 32.781 46.555 1.123 33.521 46.601 1.020 32.519 50.472
3 16 1.020 32.519 50.472 1.885 31.856 50.336 2.075 32.781 46.555
3 16 1.123 33.521 46.601 0.000 33.781 46.617 0.000 32.751 50.519
3 16 0.000 32.751 50.519 1.020 32.519 50.472 1.123 33.521 46.601
3 16 2.089 27.900 42.655 2.301 33.261 41.943 2.075 32.781 46.555
3 16 2.075 32.781 46.555 1.900 27.900 46.250 2.089 27.900 42.655
3 16 2.089 27.900 42.655 1.900 27.900 46.250 1.028 26.477 46.162
3 16 1.028 26.477 46.162 1.130 26.361 42.860 2.089 27.900 42.655
3 16 1.130 26.361 42.860 1.028 26.477 46.162 0.000 25.978 46.130
3 16 0.000 25.978 46.130 0.000 25.821 42.932 1.130 26.361 42.860
3 16 2.301 33.261 41.943 1.245 34.069 41.835 2.075 32.781 46.555
3 16 1.245 34.069 41.835 1.123 33.521 46.601 2.075 32.781 46.555
3 16 1.245 34.069 41.835 0.000 34.352 41.798 0.000 33.781 46.617
3 16 0.000 33.781 46.617 1.123 33.521 46.601 1.245 34.069 41.835
3 16 2.282 26.900 38.960 2.555 32.424 36.676 2.301 33.261 41.943
3 16 2.301 33.261 41.943 2.089 27.900 42.655 2.282 26.900 38.960
3 16 2.282 26.900 38.960 2.089 27.900 42.655 1.130 26.361 42.860
3 16 1.130 26.361 42.860 1.235 25.361 39.597 2.282 26.900 38.960
3 16 1.235 25.361 39.597 1.130 26.361 42.860 0.000 25.821 42.932
3 16 0.000 25.821 42.932 0.000 24.820 39.820 1.235 25.361 39.597
3 16 2.555 32.424 36.676 1.383 33.247 36.336 2.301 33.261 41.943
3 16 1.383 33.247 36.336 1.245 34.069 41.835 2.301 33.261 41.943
3 16 1.383 33.247 36.336 0.000 33.536 36.217 0.000 34.352 41.798
3 16 0.000 34.352 41.798 1.245 34.069 41.835 1.383 33.247 36.336
3 16 2.502 24.500 34.766 2.881 29.840 30.745 2.555 32.424 36.676
3 16 2.555 32.424 36.676 2.282 26.900 38.960 2.502 24.500 34.766
3 16 2.502 24.500 34.766 2.282 26.900 38.960 1.235 25.361 39.597
3 16 1.235 25.361 39.597 1.354 23.088 35.829 2.502 24.500 34.766
3 16 1.354 23.088 35.829 1.235 25.361 39.597 0.000 24.820 39.820
3 16 0.000 24.820 39.820 0.000 22.593 36.203 1.354 23.088 35.829
3 16 2.881 29.840 30.745 1.559 30.620 30.157 2.555 32.424 36.676
3 16 1.559 30.620 30.157 1.383 33.247 36.336 2.555 32.424 36.676
3 16 1.559 30.620 30.157 0.000 30.894 29.951 0.000 33.536 36.217
3 16 0.000 33.536 36.217 1.383 33.247 36.336 1.559 30.620 30.157
3 16 2.680 21.200 31.371 3.211 25.549 25.423 2.881 29.840 30.745
3 16 2.881 29.840 30.745 2.502 24.500 34.766 2.680 21.200 31.371
3 16 2.680 21.200 31.371 2.502 24.500 34.766 1.450 20.137 32.824
3 16 1.450 20.137 32.824 2.502 24.500 34.766 1.354 23.088 35.829
3 16 1.450 20.137 32.824 1.354 23.088 35.829 0.000 19.764 33.335
3 16 0.000 19.764 33.335 1.354 23.088 35.829 0.000 22.593 36.203
3 16 3.211 25.549 25.423 1.738 26.167 24.579 2.881 29.840 30.745
3 16 1.738 26.167 24.579 1.559 30.620 30.157 2.881 29.840 30.745
3 16 1.738 26.167 24.579 0.000 26.383 24.282 0.000 30.894 29.951
3 16 0.000 30.894 29.951 1.559 30.620 30.157 1.738 26.167 24.579
3 16 2.790 17.000 29.274 3.493 19.878 21.896 3.211 25.549 25.423
3 16 3.211 25.549 25.423 2.680 21.200 31.371 2.790 17.000 29.274
3 16 2.790 17.000 29.274 2.680 21.200 31.371 1.510 16.359 30.917
3 16 1.510 16.359 30.917 2.680 21.200 31.371 1.450 20.137 32.824
3 16 1.510 16.359 30.917 1.450 20.137 32.824 0.000 16.134 31.494
3 16 0.000 16.134 31.494 1.450 20.137 32.824 0.000 19.764 33.335
3 16 3.493 19.878 21.896 1.890 20.274 20.882 3.211 25.549 25.423
3 16 1.890 20.274 20.882 1.738 26.167 24.579 3.211 25.549 25.423
3 16 1.890 20.274 20.882 0.000 20.413 20.526 0.000 26.383 24.282
3 16 0.000 26.383 24.282 1.738 26.167 24.579 1.890 20.274 20.882
3 16 2.926 8.000 26.677 3.800 10.661 18.571 3.493 19.878 21.896
3 16 3.493 19.878 21.896 2.790 17.000 29.274 2.926 8.000 26.677
3 16 2.926 8.000 26.677 2.790 17.000 29.274 1.584 7.454 28.339
3 16 1.584 7.454 28.339 2.790 17.000 29.274 1.510 16.359 30.917
3 16 1.584 7.454 28.339 1.510 16.359 30.917 0.000 7.263 28.922
3 16 0.000 7.263 28.922 1.510 16.359 30.917 0.000 16.134 31.494
3 16 3.800 10.661 18.571 2.056 11.018 17.486 3.493 19.878 21.896
3 16 2.056 11.018 17.486 1.890 20.274 20.882 3.493 19.878 21.896
3 16 2.056 11.018 17.486 0.000 11.143 17.105 0.000 20.413 20.526
3 16 0.000 20.413 20.526 1.890 20.274 20.882 2.056 11.018 17.486
3 16 3.015 3.400 24.979 4.011 7.694 17.126 2.926 8.000 26.677
3 16 4.011 7.694 17.126 3.800 10.661 18.571 2.926 8.000 26.677
3 16 3.015 3.400 24.979 2.926 8.000 26.677 1.632 2.569 26.499
3 16 1.632 2.569 26.499 2.926 8.000 26.677 1.584 7.454 28.339
3 16 1.632 2.569 26.499 1.584 7.454 28.339 0.000 2.278 27.032
3 16 0.000 2.278 27.032 1.584 7.454 28.339 0.000 7.263 28.922
3 16 4.011 7.694 17.126 2.171 8.258 16.094 2.056 11.018 17.486
3 16 2.056 11.018 17.486 3.800 10.661 18.571 4.011 7.694 17.126
3 16 2.171 8.258 16.094 0.000 8.456 15.732 0.000 11.143 17.105
3 16 0.000 11.143 17.105 2.056 11.018 17.486 2.171 8.258 16.094
3 16 3.162 -0.300 22.183 4.263 6.368 15.444 3.015 3.400 24.979
3 16 4.263 6.368 15.444 4.011 7.694 17.126 3.015 3.400 24.979
3 16 3.162 -0.300 22.183 3.015 3.400 24.979 1.632 2.569 26.499
3 16 1.632 2.569 26.499 1.711 -1.548 23.444 3.162 -0.300 22.183
3 16 1.711 -1.548 23.444 1.632 2.569 26.499 0.000 2.278 27.032
3 16 0.000 2.278 27.032 0.000 -1.985 23.887 1.711 -1.548 23.444
3 16 4.263 6.368 15.444 2.307 7.236 14.567 4.011 7.694 17.126
3 16 2.307 7.236 14.567 2.171 8.258 16.094 4.011 7.694 17.126
3 16 2.307 7.236 14.567 0.000 7.540 14.259 2.171 8.258 16.094
3 16 0.000 7.540 14.259 0.000 8.456 15.732 2.171 8.258 16.094
3 16 3.345 -3.000 18.688 4.542 5.509 13.281 3.162 -0.300 22.183
3 16 4.542 5.509 13.281 4.263 6.368 15.444 3.162 -0.300 22.183
3 16 3.345 -3.000 18.688 3.162 -0.300 22.183 1.711 -1.548 23.444
3 16 1.711 -1.548 23.444 1.810 -4.564 19.682 3.345 -3.000 18.688
3 16 1.810 -4.564 19.682 1.711 -1.548 23.444 0.000 -1.985 23.887
3 16 0.000 -1.985 23.887 0.000 -5.113 20.031 1.810 -4.564 19.682
3 16 4.542 5.509 13.281 2.458 6.611 12.581 4.263 6.368 15.444
3 16 2.458 6.611 12.581 2.307 7.236 14.567 4.263 6.368 15.444
3 16 2.458 6.611 12.581 0.000 6.997 12.335 2.307 7.236 14.567
3 16 0.000 6.997 12.335 0.000 7.540 14.259 2.307 7.236 14.567
3 16 3.549 -5.000 14.793 5.010 5.039 10.000 3.345 -3.000 18.688
3 16 5.010 5.039 10.000 4.542 5.509 13.281 3.345 -3.000 18.688
3 16 3.549 -5.000 14.793 3.345 -3.000 18.688 1.810 -4.564 19.682
3 16 1.810 -4.564 19.682 1.921 -6.836 15.464 3.549 -5.000 14.793
3 16 1.921 -6.836 15.464 1.810 -4.564 19.682 0.000 -5.113 20.031
3 16 0.000 -5.113 20.031 0.000 -7.480 15.699 1.921 -6.836 15.464
3 16 5.010 5.039 10.000 2.711 6.412 10.000 4.542 5.509 13.281
3 16 2.711 6.412 10.000 2.458 6.611 12.581 4.542 5.509 13.281
3 16 2.711 6.412 10.000 0.000 6.894 10.000 2.458 6.611 12.581
3 16 0.000 6.894 10.000 0.000 6.997 12.335 2.458 6.611 12.581
3 16 3.800 -6.100 10.000 5.010 5.039 10.000 3.549 -5.000 14.793
3 16 3.800 -6.100 10.000 3.549 -5.000 14.793 1.921 -6.836 15.464
3 16 1.921 -6.836 15.464 2.057 -8.334 10.000 3.800 -6.100 10.000
3 16 2.057 -8.334 10.000 1.921 -6.836 15.464 0.000 -7.480 15.699
3 16 0.000 -7.480 15.699 0.000 -9.048 10.000 2.057 -8.334 10.000
3 16 0.000 6.894 10.000 2.711 6.412 10.000 2.057 -8.334 10.000
3 16 2.057 -8.334 10.000 0.000 -9.048 10.000 0.000 6.894 10.000
3 16 5.010 5.039 10.000 3.800 -6.100 10.000 2.057 -8.334 10.000
3 16 2.057 -8.334 10.000 2.711 6.412 10.000 5.010 5.039 10.000
2 24 2.680 21.200 31.371 2.790 17.000 29.274
2 24 2.282 26.900 38.960 2.502 24.500 34.766
2 24 4.263 6.368 15.444 4.011 7.694 17.126
2 24 2.089 27.900 42.655 2.282 26.900 38.960
2 24 1.900 27.900 46.250 2.089 27.900 42.655
2 24 2.301 33.261 41.943 2.075 32.781 46.555
2 24 3.800 10.661 18.571 3.493 19.878 21.896
2 24 3.800 10.661 18.571 4.011 7.694 17.126
2 24 3.493 19.878 21.896 3.211 25.549 25.423
2 24 2.881 29.840 30.745 2.555 32.424 36.676
2 24 4.263 6.368 15.444 4.542 5.509 13.281
2 24 3.549 -5.000 14.793 3.345 -3.000 18.688
2 24 2.555 32.424 36.676 2.301 33.261 41.943
2 24 2.926 8.000 26.677 3.015 3.400 24.979
2 24 3.162 -0.300 22.183 3.015 3.400 24.979
2 24 4.542 5.509 13.281 5.010 5.039 10.000
2 24 2.790 17.000 29.274 2.926 8.000 26.677
2 24 3.800 -6.100 10.000 3.549 -5.000 14.793
2 24 3.345 -3.000 18.688 3.162 -0.300 22.183
2 24 1.885 31.856 50.336 2.075 32.781 46.555
2 24 1.513 26.300 53.640 1.733 27.500 49.446
2 24 3.211 25.549 25.423 2.881 29.840 30.745
2 24 1.642 30.027 54.707 1.885 31.856 50.336
2 24 2.502 24.500 34.766 2.680 21.200 31.371
2 24 1.733 27.500 49.446 1.900 27.900 46.250
2 24 2.057 -8.334 10.000 0.000 -9.048 10.000
2 24 3.800 -6.100 10.000 2.057 -8.334 10.000
2 24 5.010 5.039 10.000 3.800 -6.100 10.000
2 24 5.010 5.039 10.000 2.711 6.412 10.000
2 24 2.711 6.412 10.000 0.000 6.894 10.000
2 24 1.963 8.938 28.226 1.966 9.112 28.269
2 24 1.966 9.112 28.269 1.968 10.492 28.637
2 24 1.718 8.516 28.443 1.963 8.938 28.226
2 24 1.968 10.492 28.637 1.973 16.496 30.296
2 24 1.577 8.276 28.577 1.718 8.516 28.443
2 24 1.973 16.496 30.296 1.903 16.556 30.413
2 24 1.172 7.503 28.519 1.249 7.628 28.523
2 24 1.249 7.628 28.523 1.577 8.276 28.577
2 24 1.172 7.503 28.519 0.056 7.599 28.996
2 24 0.000 7.605 29.021 0.056 7.599 28.996
2 24 1.926 2.746 26.176 1.942 3.869 26.542
2 24 1.942 3.869 26.542 1.960 5.239 27.014
2 24 1.960 5.239 27.014 1.602 5.571 27.629
2 24 1.602 5.571 27.629 1.248 6.356 28.062
2 24 1.248 6.356 28.062 1.187 6.485 28.136
2 24 0.000 5.907 28.408 1.187 6.485 28.136
2 24 1.919 -0.902 23.588 1.913 -1.261 23.347
2 24 1.926 2.746 26.176 1.919 -0.902 23.588
2 24 1.550 26.675 41.775 1.552 26.715 41.873
2 24 1.562 27.349 46.216 1.553 27.280 47.580
2 24 1.564 27.057 42.767 1.562 27.349 46.216
2 24 1.552 26.715 41.873 1.564 27.057 42.767
2 24 1.149 -2.605 22.463 1.294 -2.393 22.642
2 24 1.913 -1.261 23.347 1.818 -1.455 23.351
2 24 1.715 -1.658 23.306 1.818 -1.455 23.351
2 24 1.715 -1.658 23.306 1.294 -2.393 22.642
2 24 1.007 25.767 41.206 0.907 25.679 41.087
2 24 1.175 25.932 41.460 1.550 26.675 41.775
2 24 1.175 25.932 41.460 1.007 25.767 41.206
2 24 1.697 29.830 52.976 1.687 28.812 51.991
2 24 1.694 30.419 53.771 1.697 29.830 52.976
2 24 1.110 31.335 52.862 1.694 30.419 53.771
2 24 1.110 31.335 52.862 1.006 31.464 52.775
2 24 0.842 25.920 50.275 0.816 25.913 50.250
2 24 0.903 25.922 50.399 1.373 26.533 51.281
2 24 0.842 25.920 50.275 0.903 25.922 50.399
2 24 1.687 28.812 51.991 1.612 26.842 51.747
2 24 1.612 26.842 51.747 1.373 26.533 51.281
2 24 1.934 -7.624 12.662 1.936 -7.513 13.052
2 24 1.943 -4.429 19.596 1.948 -4.130 19.937
2 24 1.943 -4.429 19.596 1.925 -6.832 15.462
2 24 1.925 -6.832 15.462 1.925 -6.889 15.269
2 24 1.936 -7.513 13.052 1.925 -6.889 15.269
2 24 1.811 20.000 32.183 1.813 20.068 32.212
2 24 1.824 21.688 33.515 1.820 20.457 32.387
2 24 1.824 21.688 33.515 1.829 23.581 35.303
2 24 1.820 20.457 32.387 1.813 20.068 32.212
2 24 1.807 25.057 37.523 1.829 23.685 35.410
2 24 1.176 -8.357 11.001 1.244 -8.299 11.122
2 24 1.934 -7.624 12.662 1.244 -8.299 11.122
2 24 1.144 18.666 32.232 1.069 18.551 32.209
2 24 1.811 20.000 32.183 1.464 19.257 32.380
2 24 1.144 18.666 32.232 1.464 19.257 32.380
2 24 1.903 16.556 30.413 1.604 16.749 30.954
2 24 1.503 16.807 31.143 1.604 16.749 30.954
2 24 0.866 18.525 32.289 1.069 18.551 32.209
2 24 1.503 16.807 31.143 1.159 17.296 31.544
2 24 1.159 17.296 31.544 0.325 17.031 31.792
2 24 0.000 18.406 32.646 0.866 18.525 32.289
2 24 0.000 16.923 31.894 0.325 17.031 31.792
2 24 1.185 -3.235 21.669 0.000 -3.800 21.649
2 24 1.176 -8.357 11.001 0.000 -8.678 11.343
2 24 1.051 24.871 38.967 0.000 24.377 39.100
2 24 1.948 -4.130 19.937 1.795 -4.092 20.271
2 24 1.149 -2.605 22.463 0.000 -2.720 22.981
2 24 1.795 -4.092 20.271 1.185 -3.235 21.669
2 24 0.816 25.913 50.250 0.000 25.465 50.417
2 24 1.006 31.464 52.775 0.950 31.490 52.824
2 24 0.000 31.618 53.071 0.950 31.490 52.824
2 24 1.553 27.280 47.580 0.966 26.302 48.233
2 24 0.896 26.260 48.345 0.966 26.302 48.233
2 24 0.896 26.260 48.345 0.000 25.837 48.166
2 24 0.907 25.679 41.087 0.000 25.302 41.319
2 24 1.267 24.755 38.593 1.807 25.057 37.523
2 24 1.267 24.755 38.593 1.051 24.871 38.967
3 16 -2.698 27.746 53.832 -1.694 22.536 52.445 -1.865 22.805 61.141
3 16 -1.865 22.805 61.141 -2.087 23.892 61.929 -2.698 27.746 53.832
3 16 -1.904 25.380 61.884 -1.831 31.854 56.237 -2.698 27.746 53.832
3 16 -2.698 27.746 53.832 -2.087 23.892 61.929 -1.904 25.380 61.884
3 16 -1.009 31.262 52.387 -1.245 29.279 51.184 -2.698 27.746 53.832
3 16 -2.698 27.746 53.832 -1.831 31.854 56.237 -1.009 31.262 52.387
3 16 -0.975 33.446 56.585 -1.009 31.262 52.387 -1.831 31.854 56.237
3 16 -1.109 26.280 62.452 -0.975 33.446 56.585 -1.831 31.854 56.237
3 16 -1.831 31.854 56.237 -1.904 25.380 61.884 -1.109 26.280 62.452
3 16 -1.247 24.463 63.178 -1.109 26.280 62.452 -1.904 25.380 61.884
3 16 -1.247 24.463 63.178 -1.904 25.380 61.884 -2.087 23.892 61.929
3 16 -2.087 23.892 61.929 -1.384 23.217 63.284 -1.247 24.463 63.178
3 16 -2.087 23.892 61.929 -1.865 22.805 61.141 -1.195 22.327 62.647
3 16 -1.195 22.327 62.647 -1.384 23.217 63.284 -2.087 23.892 61.929
3 16 -1.023 21.528 61.156 -1.195 22.327 62.647 -1.865 22.805 61.141
3 16 -1.865 22.805 61.141 -1.694 22.536 52.445 -0.809 21.059 52.062
3 16 -0.809 21.059 52.062 -1.023 21.528 61.156 -1.865 22.805 61.141
3 16 -0.816 26.024 50.209 -0.809 21.059 52.062 -1.694 22.536 52.445
3 16 -0.816 26.024 50.209 -1.694 22.536 52.445 -2.698 27.746 53.832
3 16 -2.698 27.746 53.832 -1.245 29.279 51.184 -0.816 26.024 50.209
3 16 2.698 27.746 53.832 2.087 23.892 61.929 1.865 22.805 61.141
3 16 1.865 22.805 61.141 1.694 22.536 52.445 2.698 27.746 53.832
3 16 1.904 25.380 61.884 2.087 23.892 61.929 2.698 27.746 53.832
3 16 2.698 27.746 53.832 1.831 31.854 56.237 1.904 25.380 61.884
3 16 1.245 29.279 51.184 1.009 31.262 52.387 2.698 27.746 53.832
3 16 1.831 31.854 56.237 2.698 27.746 53.832 1.009 31.262 52.387
3 16 1.009 31.262 52.387 0.975 33.446 56.585 1.831 31.854 56.237
3 16 0.975 33.446 56.585 1.109 26.280 62.452 1.831 31.854 56.237
3 16 1.904 25.380 61.884 1.831 31.854 56.237 1.109 26.280 62.452
3 16 1.109 26.280 62.452 1.247 24.463 63.178 1.904 25.380 61.884
3 16 1.247 24.463 63.178 1.384 23.217 63.284 2.087 23.892 61.929
3 16 2.087 23.892 61.929 1.904 25.380 61.884 1.247 24.463 63.178
3 16 2.087 23.892 61.929 1.384 23.217 63.284 1.195 22.327 62.647
3 16 1.195 22.327 62.647 1.865 22.805 61.141 2.087 23.892 61.929
3 16 1.195 22.327 62.647 1.023 21.528 61.156 1.865 22.805 61.141
3 16 1.694 22.536 52.445 1.865 22.805 61.141 0.809 21.059 52.062
3 16 1.023 21.528 61.156 0.809 21.059 52.062 1.865 22.805 61.141
3 16 0.809 21.059 52.062 0.816 26.024 50.209 1.694 22.536 52.445
3 16 1.694 22.536 52.445 0.816 26.024 50.209 2.698 27.746 53.832
3 16 1.245 29.279 51.184 2.698 27.746 53.832 0.816 26.024 50.209
3 16 0.809 21.059 52.062 1.023 21.528 61.156 -1.023 21.528 61.156
3 16 -1.023 21.528 61.156 -0.809 21.059 52.062 0.809 21.059 52.062
3 16 0.975 33.446 56.585 1.009 31.262 52.387 -1.009 31.262 52.387
3 16 -1.009 31.262 52.387 -0.975 33.446 56.585 0.975 33.446 56.585
3 16 1.109 26.280 62.452 0.975 33.446 56.585 -0.975 33.446 56.585
3 16 -0.975 33.446 56.585 -1.109 26.280 62.452 1.109 26.280 62.452
3 16 1.247 24.463 63.178 1.109 26.280 62.452 -1.109 26.280 62.452
3 16 -1.109 26.280 62.452 -1.247 24.463 63.178 1.247 24.463 63.178
3 16 1.384 23.217 63.284 1.247 24.463 63.178 -1.247 24.463 63.178
3 16 -1.247 24.463 63.178 -1.384 23.217 63.284 1.384 23.217 63.284
3 16 1.195 22.327 62.647 1.384 23.217 63.284 -1.384 23.217 63.284
3 16 -1.384 23.217 63.284 -1.195 22.327 62.647 1.195 22.327 62.647
3 16 1.023 21.528 61.156 1.195 22.327 62.647 -1.195 22.327 62.647
3 16 -1.195 22.327 62.647 -1.023 21.528 61.156 1.023 21.528 61.156
2 24 -1.384 23.217 63.284 -1.195 22.327 62.647
2 24 -1.247 24.463 63.178 -1.384 23.217 63.284
2 24 -1.195 22.327 62.647 -1.023 21.528 61.156
2 24 -1.023 21.528 61.156 -0.809 21.059 52.062
2 24 -1.009 31.262 52.387 -0.975 33.446 56.585
2 24 -0.975 33.446 56.585 -1.109 26.280 62.452
2 24 -1.109 26.280 62.452 -1.247 24.463 63.178
2 24 1.384 23.217 63.284 1.195 22.327 62.647
2 24 1.247 24.463 63.178 1.384 23.217 63.284
2 24 1.195 22.327 62.647 1.023 21.528 61.156
2 24 1.023 21.528 61.156 0.809 21.059 52.062
2 24 1.009 31.262 52.387 0.975 33.446 56.585
2 24 0.975 33.446 56.585 1.109 26.280 62.452
2 24 1.109 26.280 62.452 1.247 24.463 63.178
2 24 0.975 33.446 56.585 -0.975 33.446 56.585
2 24 1.009 31.262 52.387 -1.009 31.262 52.387
2 24 -2.087 23.892 61.929 -1.384 23.217 63.284
2 24 -2.087 23.892 61.929 -2.698 27.746 53.832
2 24 -2.698 27.746 53.832 -1.245 29.279 51.184
2 24 -2.698 27.746 53.832 -1.694 22.536 52.445
2 24 -0.809 21.059 52.062 -1.694 22.536 52.445
2 24 -2.698 27.746 53.832 -1.831 31.854 56.237
2 24 -1.831 31.854 56.237 -0.975 33.446 56.585
2 24 2.087 23.892 61.929 1.384 23.217 63.284
2 24 2.087 23.892 61.929 2.698 27.746 53.832
2 24 2.698 27.746 53.832 1.245 29.279 51.184
2 24 2.698 27.746 53.832 1.694 22.536 52.445
2 24 0.809 21.059 52.062 1.694 22.536 52.445
2 24 2.698 27.746 53.832 1.831 31.854 56.237
2 24 1.831 31.854 56.237 0.975 33.446 56.585
3 16 -1.700 -12.637 17.638 -1.600 -13.075 18.724 -1.700 -12.307 19.651
3 16 -1.700 -12.637 17.638 -1.700 -12.307 19.651 -2.000 -2.413 19.997
3 16 -2.000 -2.413 19.997 -2.000 -6.211 11.259 -1.700 -12.637 17.638
3 16 -1.200 -7.885 10.500 -0.900 -13.808 16.797 -1.700 -12.637 17.638
3 16 -1.700 -12.637 17.638 -2.000 -6.211 11.259 -1.200 -7.885 10.500
3 16 -1.700 -12.637 17.638 -0.900 -13.808 16.797 -0.900 -14.560 18.272
3 16 -0.900 -14.560 18.272 -1.600 -13.075 18.724 -1.700 -12.637 17.638
3 16 -1.600 -13.075 18.724 -0.900 -14.560 18.272 -0.900 -14.213 19.785
3 16 -0.900 -14.213 19.785 -1.700 -12.307 19.651 -1.600 -13.075 18.724
3 16 -1.700 -12.307 19.651 -0.900 -14.213 19.785 -0.900 -13.290 20.893
3 16 -0.900 -13.290 20.893 -0.900 -11.767 21.371 -1.700 -12.307 19.651
3 16 -0.900 -11.767 21.371 -1.200 -2.772 21.685 -2.000 -2.413 19.997
3 16 -2.000 -2.413 19.997 -1.700 -12.307 19.651 -0.900 -11.767 21.371
3 16 1.700 -12.637 17.638 2.000 -6.211 11.259 2.000 -2.413 19.997
3 16 2.000 -2.413 19.997 1.700 -12.307 19.651 1.700 -12.637 17.638
3 16 1.700 -12.307 19.651 1.600 -13.075 18.724 1.700 -12.637 17.638
3 16 1.700 -12.637 17.638 0.900 -13.808 16.797 1.200 -7.885 10.500
3 16 1.200 -7.885 10.500 2.000 -6.211 11.259 1.700 -12.637 17.638
3 16 0.900 -14.560 18.272 0.900 -13.808 16.797 1.700 -12.637 17.638
3 16 1.700 -12.637 17.638 1.600 -13.075 18.724 0.900 -14.560 18.272
3 16 0.900 -14.213 19.785 0.900 -14.560 18.272 1.600 -13.075 18.724
3 16 1.600 -13.075 18.724 1.700 -12.307 19.651 0.900 -14.213 19.785
3 16 0.900 -13.290 20.893 0.900 -14.213 19.785 1.700 -12.307 19.651
3 16 1.700 -12.307 19.651 0.900 -11.767 21.371 0.900 -13.290 20.893
3 16 0.900 -11.767 21.371 1.700 -12.307 19.651 2.000 -2.413 19.997
3 16 2.000 -2.413 19.997 1.200 -2.772 21.685 0.900 -11.767 21.371
3 16 1.200 -2.772 21.685 -1.200 -2.772 21.685 -0.900 -11.767 21.371
3 16 -0.900 -11.767 21.371 0.900 -11.767 21.371 1.200 -2.772 21.685
3 16 0.900 -13.808 16.797 -0.900 -13.808 16.797 -1.200 -7.885 10.500
3 16 -1.200 -7.885 10.500 1.200 -7.885 10.500 0.900 -13.808 16.797
3 16 0.900 -14.560 18.272 -0.900 -14.560 18.272 -0.900 -13.808 16.797
3 16 -0.900 -13.808 16.797 0.900 -13.808 16.797 0.900 -14.560 18.272
3 16 0.900 -14.213 19.785 -0.900 -14.213 19.785 -0.900 -14.560 18.272
3 16 -0.900 -14.560 18.272 0.900 -14.560 18.272 0.900 -14.213 19.785
3 16 0.900 -13.290 20.893 -0.900 -13.290 20.893 -0.900 -14.213 19.785
3 16 -0.900 -14.213 19.785 0.900 -14.213 19.785 0.900 -13.290 20.893
3 16 0.900 -11.767 21.371 -0.900 -11.767 21.371 -0.900 -13.290 20.893
3 16 -0.900 -13.290 20.893 0.900 -13.290 20.893 0.900 -11.767 21.371
2 24 -0.900 -13.290 20.893 -0.900 -11.767 21.371
2 24 -0.900 -14.213 19.785 -0.900 -13.290 20.893
2 24 -0.900 -14.560 18.272 -0.900 -14.213 19.785
2 24 -0.900 -14.560 18.272 -0.900 -13.808 16.797
2 24 -0.900 -13.808 16.797 -1.200 -7.885 10.500
2 24 -0.900 -11.767 21.371 -1.200 -2.772 21.685
2 24 0.900 -13.290 20.893 0.900 -11.767 21.371
2 24 0.900 -14.213 19.785 0.900 -13.290 20.893
2 24 0.900 -14.560 18.272 0.900 -14.213 19.785
2 24 0.900 -14.560 18.272 0.900 -13.808 16.797
2 24 0.900 -13.808 16.797 1.200 -7.885 10.500
2 24 0.900 -11.767 21.371 1.200 -2.772 21.685
3 16 -1.700 -2.661 28.722 -1.600 -2.493 29.748 -1.700 -1.472 30.173
3 16 -1.700 -2.661 28.722 -1.700 -1.472 30.173 -2.000 6.283 26.522
3 16 -2.000 6.283 26.522 -2.000 -0.692 21.160 -1.700 -2.661 28.722
3 16 -1.200 -2.330 21.227 -0.900 -3.951 28.525 -1.700 -2.661 28.722
3 16 -1.700 -2.661 28.722 -2.000 -0.692 21.160 -1.200 -2.330 21.227
3 16 -1.700 -2.661 28.722 -0.900 -3.951 28.525 -0.900 -3.843 29.982
3 16 -0.900 -3.843 29.982 -1.600 -2.493 29.748 -1.700 -2.661 28.722
3 16 -1.600 -2.493 29.748 -0.900 -3.843 29.982 -0.900 -2.873 31.033
3 16 -0.900 -2.873 31.033 -1.700 -1.472 30.173 -1.600 -2.493 29.748
3 16 -1.700 -1.472 30.173 -0.900 -2.873 31.033 -0.900 -1.650 31.538
3 16 -0.900 -1.650 31.538 -0.900 -0.258 31.310 -1.700 -1.472 30.173
3 16 -0.900 -0.258 31.310 -1.200 6.792 27.991 -2.000 6.283 26.522
3 16 -2.000 6.283 26.522 -1.700 -1.472 30.173 -0.900 -0.258 31.310
3 16 1.700 -2.661 28.722 2.000 -0.692 21.160 2.000 6.283 26.522
3 16 2.000 6.283 26.522 1.700 -1.472 30.173 1.700 -2.661 28.722
3 16 1.700 -1.472 30.173 1.600 -2.493 29.748 1.700 -2.661 28.722
3 16 1.700 -2.661 28.722 0.900 -3.951 28.525 1.200 -2.330 21.227
3 16 1.200 -2.330 21.227 2.000 -0.692 21.160 1.700 -2.661 28.722
3 16 0.900 -3.843 29.982 0.900 -3.951 28.525 1.700 -2.661 28.722
3 16 1.700 -2.661 28.722 1.600 -2.493 29.748 0.900 -3.843 29.982
3 16 0.900 -2.873 31.033 0.900 -3.843 29.982 1.600 -2.493 29.748
3 16 1.600 -2.493 29.748 1.700 -1.472 30.173 0.900 -2.873 31.033
3 16 0.900 -1.650 31.538 0.900 -2.873 31.033 1.700 -1.472 30.173
3 16 1.700 -1.472 30.173 0.900 -0.258 31.310 0.900 -1.650 31.538
3 16 0.900 -0.258 31.310 1.700 -1.472 30.173 2.000 6.283 26.522
3 16 2.000 6.283 26.522 1.200 6.792 27.991 0.900 -0.258 31.310
3 16 1.200 6.792 27.991 -1.200 6.792 27.991 -0.900 -0.258 31.310
3 16 -0.900 -0.258 31.310 0.900 -0.258 31.310 1.200 6.792 27.991
3 16 0.900 -3.951 28.525 -0.900 -3.951 28.525 -1.200 -2.330 21.227
3 16 -1.200 -2.330 21.227 1.200 -2.330 21.227 0.900 -3.951 28.525
3 16 0.900 -3.843 29.982 -0.900 -3.843 29.982 -0.900 -3.951 28.525
3 16 -0.900 -3.951 28.525 0.900 -3.951 28.525 0.900 -3.843 29.982
3 16 0.900 -2.873 31.033 -0.900 -2.873 31.033 -0.900 -3.843 29.982
3 16 -0.900 -3.843 29.982 0.900 -3.843 29.982 0.900 -2.873 31.033
3 16 0.900 -1.650 31.538 -0.900 -1.650 31.538 -0.900 -2.873 31.033
3 16 -0.900 -2.873 31.033 0.900 -2.873 31.033 0.900 -1.650 31.538
3 16 0.900 -0.258 31.310 -0.900 -0.258 31.310 -0.900 -1.650 31.538
3 16 -0.900 -1.650 31.538 0.900 -1.650 31.538 0.900 -0.258 31.310
2 24 -0.900 -1.650 31.538 -0.900 -0.258 31.310
2 24 -0.900 -2.873 31.033 -0.900 -1.650 31.538
2 24 -0.900 -3.843 29.982 -0.900 -2.873 31.033
2 24 -0.900 -3.843 29.982 -0.900 -3.951 28.525
2 24 -0.900 -3.951 28.525 -1.200 -2.330 21.227
2 24 -0.900 -0.258 31.310 -1.200 6.792 27.991
2 24 0.900 -1.650 31.538 0.900 -0.258 31.310
2 24 0.900 -2.873 31.033 0.900 -1.650 31.538
2 24 0.900 -3.843 29.982 0.900 -2.873 31.033
2 24 0.900 -3.843 29.982 0.900 -3.951 28.525
2 24 0.900 -3.951 28.525 1.200 -2.330 21.227
2 24 0.900 -0.258 31.310 1.200 6.792 27.991
3 16 -1.700 9.896 34.126 -1.600 10.430 34.919 -1.700 11.492 34.981
3 16 -1.700 9.896 34.126 -1.700 11.492 34.981 -2.000 16.986 29.837
3 16 -2.000 16.986 29.837 -2.000 8.803 27.397 -1.700 9.896 34.126
3 16 -1.200 7.379 27.908 -0.900 8.681 34.325 -1.700 9.896 34.126
3 16 -1.700 9.896 34.126 -2.000 8.803 27.397 -1.200 7.379 27.908
3 16 -1.700 9.896 34.126 -0.900 8.681 34.325 -0.900 9.323 35.485
3 16 -0.900 9.323 35.485 -1.600 10.430 34.919 -1.700 9.896 34.126
3 16 -1.600 10.430 34.919 -0.900 9.323 35.485 -0.900 10.575 36.075
3 16 -0.900 10.575 36.075 -1.700 11.492 34.981 -1.600 10.430 34.919
3 16 -1.700 11.492 34.981 -0.900 10.575 36.075 -0.900 11.847 36.147
3 16 -0.900 11.847 36.147 -0.900 12.993 35.573 -1.700 11.492 34.981
3 16 -0.900 12.993 35.573 -1.200 17.988 30.897 -2.000 16.986 29.837
3 16 -2.000 16.986 29.837 -1.700 11.492 34.981 -0.900 12.993 35.573
3 16 1.700 9.896 34.126 2.000 8.803 27.397 2.000 16.986 29.837
3 16 2.000 16.986 29.837 1.700 11.492 34.981 1.700 9.896 34.126
3 16 1.700 11.492 34.981 1.600 10.430 34.919 1.700 9.896 34.126
3 16 1.700 9.896 34.126 0.900 8.681 34.325 1.200 7.379 27.908
3 16 1.200 7.379 27.908 2.000 8.803 27.397 1.700 9.896 34.126
3 16 0.900 9.323 35.485 0.900 8.681 34.325 1.700 9.896 34.126
3 16 1.700 9.896 34.126 1.600 10.430 34.919 0.900 9.323 35.485
3 16 0.900 10.575 36.075 0.900 9.323 35.485 1.600 10.430 34.919
3 16 1.600 10.430 34.919 1.700 11.492 34.981 0.900 10.575 36.075
3 16 0.900 11.847 36.147 0.900 10.575 36.075 1.700 11.492 34.981
3 16 1.700 11.492 34.981 0.900 12.993 35.573 0.900 11.847 36.147
3 16 0.900 12.993 35.573 1.700 11.492 34.981 2.000 16.986 29.837
3 16 2.000 16.986 29.837 1.200 17.988 30.897 0.900 12.993 35.573
3 16 1.200 17.988 30.897 -1.200 17.988 30.897 -0.900 12.993 35.573
3 16 -0.900 12.993 35.573 0.900 12.993 35.573 1.200 17.988 30.897
3 16 0.900 8.681 34.325 -0.900 8.681 34.325 -1.200 7.379 27.908
3 16 -1.200 7.379 27.908 1.200 7.379 27.908 0.900 8.681 34.325
3 16 0.900 9.323 35.485 -0.900 9.323 35.485 -0.900 8.681 34.325
3 16 -0.900 8.681 34.325 0.900 8.681 34.325 0.900 9.323 35.485
3 16 0.900 10.575 36.075 -0.900 10.575 36.075 -0.900 9.323 35.485
3 16 -0.900 9.323 35.485 0.900 9.323 35.485 0.900 10.575 36.075
3 16 0.900 11.847 36.147 -0.900 11.847 36.147 -0.900 10.575 36.075
3 16 -0.900 10.575 36.075 0.900 10.575 36.075 0.900 11.847 36.147
3 16 0.900 12.993 35.573 -0.900 12.993 35.573 -0.900 11.847 36.147
3 16 -0.900 11.847 36.147 0.900 11.847 36.147 0.900 12.993 35.573
2 24 -0.900 11.847 36.147 -0.900 12.993 35.573
2 24 -0.900 10.575 36.075 -0.900 11.847 36.147
2 24 -0.900 9.323 35.485 -0.900 10.575 36.075
2 24 -0.900 9.323 35.485 -0.900 8.681 34.325
2 24 -0.900 8.681 34.325 -1.200 7.379 27.908
2 24 -0.900 12.993 35.573 -1.200 17.988 30.897
2 24 0.900 11.847 36.147 0.900 12.993 35.573
2 24 0.900 10.575 36.075 0.900 11.847 36.147
2 24 0.900 9.323 35.485 0.900 10.575 36.075
2 24 0.900 9.323 35.485 0.900 8.681 34.325
2 24 0.900 8.681 34.325 1.200 7.379 27.908
2 24 0.900 12.993 35.573 1.200 17.988 30.897
3 16 -1.554 17.874 37.821 -1.463 17.933 38.706 -1.554 18.761 39.221
3 16 -1.554 17.874 37.821 -1.554 18.761 39.221 -1.829 25.610 37.374
3 16 -1.829 25.610 37.374 -1.829 20.146 31.797 -1.554 17.874 37.821
3 16 -1.097 18.756 31.598 -0.823 16.799 37.454 -1.554 17.874 37.821
3 16 -1.554 17.874 37.821 -1.829 20.146 31.797 -1.097 18.756 31.598
3 16 -1.554 17.874 37.821 -0.823 16.799 37.454 -0.823 16.773 38.691
3 16 -0.823 16.773 38.691 -1.463 17.933 38.706 -1.554 17.874 37.821
3 16 -1.463 17.933 38.706 -0.823 16.773 38.691 -0.823 17.508 39.723
3 16 -0.823 17.508 39.723 -1.554 18.761 39.221 -1.463 17.933 38.706
3 16 -1.554 18.761 39.221 -0.823 17.508 39.723 -0.823 18.502 40.336
3 16 -0.823 18.502 40.336 -0.823 19.696 40.363 -1.554 18.761 39.221
3 16 -0.823 19.696 40.363 -1.097 25.922 38.684 -1.829 25.610 37.374
3 16 -1.829 25.610 37.374 -1.554 18.761 39.221 -0.823 19.696 40.363
3 16 1.554 17.874 37.821 1.829 20.146 31.797 1.829 25.610 37.374
3 16 1.829 25.610 37.374 1.554 18.761 39.221 1.554 17.874 37.821
3 16 1.554 18.761 39.221 1.463 17.933 38.706 1.554 17.874 37.821
3 16 1.554 17.874 37.821 0.823 16.799 37.454 1.097 18.756 31.598
3 16 1.097 18.756 31.598 1.829 20.146 31.797 1.554 17.874 37.821
3 16 0.823 16.773 38.691 0.823 16.799 37.454 1.554 17.874 37.821
3 16 1.554 17.874 37.821 1.463 17.933 38.706 0.823 16.773 38.691
3 16 0.823 17.508 39.723 0.823 16.773 38.691 1.463 17.933 38.706
3 16 1.463 17.933 38.706 1.554 18.761 39.221 0.823 17.508 39.723
3 16 0.823 18.502 40.336 0.823 17.508 39.723 1.554 18.761 39.221
3 16 1.554 18.761 39.221 0.823 19.696 40.363 0.823 18.502 40.336
3 16 0.823 19.696 40.363 1.554 18.761 39.221 1.829 25.610 37.374
3 16 1.829 25.610 37.374 1.097 25.922 38.684 0.823 19.696 40.363
3 16 1.097 25.922 38.684 -1.097 25.922 38.684 -0.823 19.696 40.363
3 16 -0.823 19.696 40.363 0.823 19.696 40.363 1.097 25.922 38.684
3 16 0.823 16.799 37.454 -0.823 16.799 37.454 -1.097 18.756 31.598
3 16 -1.097 18.756 31.598 1.097 18.756 31.598 0.823 16.799 37.454
3 16 0.823 16.773 38.691 -0.823 16.773 38.691 -0.823 16.799 37.454
3 16 -0.823 16.799 37.454 0.823 16.799 37.454 0.823 16.773 38.691
3 16 0.823 17.508 39.723 -0.823 17.508 39.723 -0.823 16.773 38.691
3 16 -0.823 16.773 38.691 0.823 16.773 38.691 0.823 17.508 39.723
3 16 0.823 18.502 40.336 -0.823 18.502 40.336 -0.823 17.508 39.723
3 16 -0.823 17.508 39.723 0.823 17.508 39.723 0.823 18.502 40.336
3 16 0.823 19.696 40.363 -0.823 19.696 40.363 -0.823 18.502 40.336
3 16 -0.823 18.502 40.336 0.823 18.502 40.336 0.823 19.696 40.363
2 24 -0.823 18.502 40.336 -0.823 19.696 40.363
2 24 -0.823 17.508 39.723 -0.823 18.502 40.336
2 24 -0.823 16.773 38.691 -0.823 17.508 39.723
2 24 -0.823 16.773 38.691 -0.823 16.799 37.454
2 24 -0.823 16.799 37.454 -1.097 18.756 31.598
2 24 -0.823 19.696 40.363 -1.097 25.922 38.684
2 24 0.823 18.502 40.336 0.823 19.696 40.363
2 24 0.823 17.508 39.723 0.823 18.502 40.336
2 24 0.823 16.773 38.691 0.823 17.508 39.723
2 24 0.823 16.773 38.691 0.823 16.799 37.454
2 24 0.823 16.799 37.454 1.097 18.756 31.598
2 24 0.823 19.696 40.363 1.097 25.922 38.684
3 16 -1.339 22.486 44.142 -1.260 22.053 44.733 -1.339 22.320 45.480
3 16 -1.339 22.486 44.142 -1.339 22.320 45.480 -1.575 27.785 47.794
3 16 -1.575 27.785 47.794 -1.575 27.186 41.487 -1.339 22.486 44.142
3 16 -0.945 26.383 40.654 -0.709 21.978 43.364 -1.339 22.486 44.142
3 16 -1.339 22.486 44.142 -1.575 27.186 41.487 -0.945 26.383 40.654
3 16 -1.339 22.486 44.142 -0.709 21.978 43.364 -0.709 21.302 44.133
3 16 -0.709 21.302 44.133 -1.260 22.053 44.733 -1.339 22.486 44.142
3 16 -1.260 22.053 44.733 -0.709 21.302 44.133 -0.709 21.232 45.160
3 16 -0.709 21.232 45.160 -1.339 22.320 45.480 -1.260 22.053 44.733
3 16 -1.339 22.320 45.480 -0.709 21.232 45.160 -0.709 21.555 46.053
3 16 -0.709 21.555 46.053 -0.709 22.322 46.677 -1.339 22.320 45.480
3 16 -0.709 22.322 46.677 -0.945 27.291 48.781 -1.575 27.785 47.794
3 16 -1.575 27.785 47.794 -1.339 22.320 45.480 -0.709 22.322 46.677
3 16 1.339 22.486 44.142 1.575 27.186 41.487 1.575 27.785 47.794
3 16 1.575 27.785 47.794 1.339 22.320 45.480 1.339 22.486 44.142
3 16 1.339 22.320 45.480 1.260 22.053 44.733 1.339 22.486 44.142
3 16 1.339 22.486 44.142 0.709 21.978 43.364 0.945 26.383 40.654
3 16 0.945 26.383 40.654 1.575 27.186 41.487 1.339 22.486 44.142
3 16 0.709 21.302 44.133 0.709 21.978 43.364 1.339 22.486 44.142
3 16 1.339 22.486 44.142 1.260 22.053 44.733 0.709 21.302 44.133
3 16 0.709 21.232 45.160 0.709 21.302 44.133 1.260 22.053 44.733
3 16 1.260 22.053 44.733 1.339 22.320 45.480 0.709 21.232 45.160
3 16 0.709 21.555 46.053 0.709 21.232 45.160 1.339 22.320 45.480
3 16 1.339 22.320 45.480 0.709 22.322 46.677 0.709 21.555 46.053
3 16 0.709 22.322 46.677 1.339 22.320 45.480 1.575 27.785 47.794
3 16 1.575 27.785 47.794 0.945 27.291 48.781 0.709 22.322 46.677
3 16 0.945 27.291 48.781 -0.945 27.291 48.781 -0.709 22.322 46.677
3 16 -0.709 22.322 46.677 0.709 22.322 46.677 0.945 27.291 48.781
3 16 0.709 21.978 43.364 -0.709 21.978 43.364 -0.945 26.383 40.654
3 16 -0.945 26.383 40.654 0.945 26.383 40.654 0.709 21.978 43.364
3 16 0.709 21.302 44.133 -0.709 21.302 44.133 -0.709 21.978 43.364
3 16 -0.709 21.978 43.364 0.709 21.978 43.364 0.709 21.302 44.133
3 16 0.709 21.232 45.160 -0.709 21.232 45.160 -0.709 21.302 44.133
3 16 -0.709 21.302 44.133 0.709 21.302 44.133 0.709 21.232 45.160
3 16 0.709 21.555 46.053 -0.709 21.555 46.053 -0.709 21.232 45.160
3 16 -0.709 21.232 45.160 0.709 21.232 45.160 0.709 21.555 46.053
3 16 0.709 22.322 46.677 -0.709 22.322 46.677 -0.709 21.555 46.053
3 16 -0.709 21.555 46.053 0.709 21.555 46.053 0.709 22.322 46.677
2 24 -0.709 21.555 46.053 -0.709 22.322 46.677
2 24 -0.709 21.232 45.160 -0.709 21.555 46.053
2 24 -0.709 21.302 44.133 -0.709 21.232 45.160
2 24 -0.709 21.302 44.133 -0.709 21.978 43.364
2 24 -0.709 21.978 43.364 -0.945 26.383 40.654
2 24 -0.709 22.322 46.677 -0.945 27.291 48.781
2 24 0.709 21.555 46.053 0.709 22.322 46.677
2 24 0.709 21.232 45.160 0.709 21.555 46.053
2 24 0.709 21.302 44.133 0.709 21.232 45.160
2 24 0.709 21.302 44.133 0.709 21.978 43.364
2 24 0.709 21.978 43.364 0.945 26.383 40.654
2 24 0.709 22.322 46.677 0.945 27.291 48.781
1 16 0.0000 23.5414 51.1352 0.8200 0.0000 0.0000 0.0000 0.0000 -2.4800 0.0000 1.0000 0.9300 rect.dat
