0 FILE 98150.dat
0 Minifigure, Head Modified Snake
0 Name:  98150.dat
0 Author:  
0 BL_Item_No 98150
0 BFC CERTIFY CCW
3 16 10.871 0.000 3.493 11.089 0.000 3.650 11.465 -4.971 4.708
3 16 11.089 0.000 3.650 13.024 -4.855 5.851 11.465 -4.971 4.708
3 16 11.309 -4.662 7.915 9.558 0.000 7.012 6.297 -5.183 8.568
3 16 9.558 0.000 7.012 4.918 0.000 7.817 6.297 -5.183 8.568
3 16 3.956 -4.903 -8.513 0.000 -4.899 -8.864 3.836 0.000 -8.214
3 16 0.000 -4.899 -8.864 0.000 0.000 -8.629 3.836 0.000 -8.214
3 16 4.225 -9.678 -8.834 0.000 -9.820 -9.470 3.956 -4.903 -8.513
3 16 0.000 -9.820 -9.470 0.000 -4.899 -8.864 3.956 -4.903 -8.513
3 16 4.234 -17.409 -18.078 0.000 -18.574 -21.040 0.000 -16.257 -13.706
3 16 1.595 -18.574 -21.040 0.000 -18.574 -21.040 4.234 -17.409 -18.078
3 16 0.000 -16.257 -13.706 5.306 -16.836 -16.751 4.234 -17.409 -18.078
3 16 0.000 -16.257 -13.706 4.661 -15.670 -11.292 6.529 -16.484 -15.267
3 16 6.529 -16.484 -15.267 5.306 -16.836 -16.751 0.000 -16.257 -13.706
3 16 4.661 -15.670 -11.292 8.406 -16.475 -13.769 6.529 -16.484 -15.267
3 16 3.708 -15.051 -20.871 3.112 -14.691 -19.464 6.038 -10.679 -18.969
3 16 3.112 -14.691 -19.464 5.668 -11.087 -17.899 6.038 -10.679 -18.969
3 16 10.351 -14.726 -15.036 8.015 -11.277 -16.832 7.695 -13.680 -14.711
3 16 6.725 -11.488 -16.493 7.695 -13.680 -14.711 8.015 -11.277 -16.832
3 16 0.000 -19.148 -21.686 0.000 -18.574 -21.040 1.595 -18.574 -21.040
3 16 1.595 -18.574 -21.040 1.519 -18.950 -21.635 0.000 -19.148 -21.686
3 16 5.668 -11.087 -17.899 3.112 -14.691 -19.464 4.624 -14.444 -18.153
3 16 1.519 -18.950 -21.635 1.595 -18.574 -21.040 3.708 -15.051 -20.871
3 16 1.595 -18.574 -21.040 3.112 -14.691 -19.464 3.708 -15.051 -20.871
3 16 6.725 -11.488 -16.493 6.689 -14.378 -15.830 7.695 -13.680 -14.711
3 16 7.695 -13.680 -14.711 8.406 -16.475 -13.769 10.351 -14.726 -15.036
3 16 8.406 -16.475 -13.769 11.305 -17.046 -14.059 10.351 -14.726 -15.036
3 16 6.038 -10.679 -18.969 5.668 -11.087 -17.899 7.138 -10.730 -17.761
3 16 5.668 -11.087 -17.899 6.349 -11.224 -17.057 7.138 -10.730 -17.761
3 16 4.624 -14.444 -18.153 5.690 -14.410 -16.954 5.668 -11.087 -17.899
3 16 6.349 -11.224 -17.057 5.668 -11.087 -17.899 5.690 -14.410 -16.954
3 16 8.015 -11.277 -16.832 7.138 -10.730 -17.761 6.725 -11.488 -16.493
3 16 7.138 -10.730 -17.761 6.349 -11.224 -17.057 6.725 -11.488 -16.493
3 16 0.000 -9.820 -9.470 4.225 -9.678 -8.834 4.408 -13.323 -9.860
3 16 4.408 -13.323 -9.860 0.000 -13.787 -11.464 0.000 -9.820 -9.470
3 16 15.564 -18.337 9.661 21.402 -19.509 13.818 15.931 -22.528 10.086
3 16 21.402 -19.509 13.818 21.752 -23.862 13.991 15.931 -22.528 10.086
3 16 15.927 -20.769 -2.766 13.738 -17.943 -7.893 9.809 -17.759 0.055
3 16 13.738 -17.943 -7.893 7.994 -15.870 -5.746 9.809 -17.759 0.055
3 16 8.561 -17.873 6.194 9.025 -20.439 6.250 10.215 -23.260 4.203
3 16 10.215 -23.260 4.203 10.125 -21.280 3.316 8.561 -17.873 6.194
3 16 17.752 -27.107 1.974 15.927 -20.769 -2.766 9.809 -17.759 0.055
3 16 9.809 -17.759 0.055 10.125 -21.280 3.316 17.752 -27.107 1.974
3 16 1.595 -18.574 -21.040 4.234 -17.409 -18.078 3.112 -14.691 -19.464
3 16 4.234 -17.409 -18.078 4.624 -14.444 -18.153 3.112 -14.691 -19.464
3 16 4.234 -17.409 -18.078 5.306 -16.836 -16.751 4.624 -14.444 -18.153
3 16 5.306 -16.836 -16.751 5.690 -14.410 -16.954 4.624 -14.444 -18.153
3 16 8.406 -16.475 -13.769 7.695 -13.680 -14.711 6.529 -16.484 -15.267
3 16 6.529 -16.484 -15.267 7.695 -13.680 -14.711 6.689 -14.378 -15.830
3 16 11.465 -4.971 4.708 9.862 -5.103 3.520 10.871 0.000 3.493
3 16 13.211 -11.121 6.646 8.959 -10.518 4.328 9.862 -5.103 3.520
3 16 9.862 -5.103 3.520 11.465 -4.971 4.708 13.211 -11.121 6.646
3 16 9.809 -17.759 0.055 7.994 -15.870 -5.746 9.209 -14.639 -0.043
3 16 7.759 -13.505 -5.580 9.209 -14.639 -0.043 7.994 -15.870 -5.746
3 16 6.081 -17.799 -20.940 4.711 -24.547 -20.839 1.519 -18.950 -21.635
3 16 4.711 -24.547 -20.839 0.000 -24.953 -21.175 1.519 -18.950 -21.635
3 16 0.000 -19.148 -21.686 1.519 -18.950 -21.635 0.000 -24.953 -21.175
3 16 21.402 -19.509 13.818 17.190 -11.198 9.726 19.847 -19.568 14.774
3 16 15.700 -11.768 11.147 19.847 -19.568 14.774 17.190 -11.198 9.726
3 16 13.024 -4.855 5.851 11.089 0.000 3.650 11.309 -4.662 7.915
3 16 11.309 -4.662 7.915 11.089 0.000 3.650 9.558 0.000 7.012
3 16 19.847 -19.568 14.774 19.727 -24.563 15.181 21.402 -19.509 13.818
3 16 21.402 -19.509 13.818 19.727 -24.563 15.181 21.752 -23.862 13.991
3 16 19.727 -24.563 15.181 19.847 -19.568 14.774 10.016 -22.795 13.310
3 16 19.847 -19.568 14.774 9.776 -18.625 12.786 10.016 -22.795 13.310
3 16 17.190 -11.198 9.726 13.211 -11.121 6.646 13.024 -4.855 5.851
3 16 11.465 -4.971 4.708 13.024 -4.855 5.851 13.211 -11.121 6.646
3 16 11.309 -4.662 7.915 15.700 -11.768 11.147 17.190 -11.198 9.726
3 16 17.190 -11.198 9.726 13.024 -4.855 5.851 11.309 -4.662 7.915
3 16 15.700 -11.768 11.147 11.309 -4.662 7.915 8.224 -11.681 10.627
3 16 11.309 -4.662 7.915 6.297 -5.183 8.568 8.224 -11.681 10.627
3 16 21.402 -19.509 13.818 15.564 -18.337 9.661 17.190 -11.198 9.726
3 16 13.211 -11.121 6.646 17.190 -11.198 9.726 15.564 -18.337 9.661
3 16 19.847 -19.568 14.774 15.700 -11.768 11.147 9.776 -18.625 12.786
3 16 15.700 -11.768 11.147 8.224 -11.681 10.627 9.776 -18.625 12.786
3 16 9.209 -14.639 -0.043 8.561 -17.873 6.194 9.809 -17.759 0.055
3 16 8.561 -17.873 6.194 10.125 -21.280 3.316 9.809 -17.759 0.055
3 16 8.145 0.000 -5.447 10.431 0.000 -0.572 7.890 -4.909 -5.405
3 16 10.431 0.000 -0.572 9.826 -4.962 -0.396 7.890 -4.909 -5.405
3 16 9.184 -10.225 -0.196 7.696 -9.710 -5.455 9.826 -4.962 -0.396
3 16 7.890 -4.909 -5.405 9.826 -4.962 -0.396 7.696 -9.710 -5.455
3 16 9.209 -14.639 -0.043 7.759 -13.505 -5.580 9.184 -10.225 -0.196
3 16 7.696 -9.710 -5.455 9.184 -10.225 -0.196 7.759 -13.505 -5.580
3 16 4.661 -15.670 -11.292 0.000 -16.257 -13.706 0.000 -13.787 -11.464
3 16 0.000 -13.787 -11.464 4.408 -13.323 -9.860 4.661 -15.670 -11.292
3 16 6.349 -11.224 -17.057 5.690 -14.410 -16.954 6.725 -11.488 -16.493
3 16 6.689 -14.378 -15.830 6.725 -11.488 -16.493 5.690 -14.410 -16.954
3 16 5.306 -16.836 -16.751 6.529 -16.484 -15.267 5.690 -14.410 -16.954
3 16 6.529 -16.484 -15.267 6.689 -14.378 -15.830 5.690 -14.410 -16.954
3 16 15.803 -26.145 7.566 20.486 -29.072 9.827 18.672 -29.724 4.753
3 16 15.931 -22.528 10.086 15.803 -26.145 7.566 9.025 -20.439 6.250
3 16 9.025 -20.439 6.250 15.803 -26.145 7.566 10.215 -23.260 4.203
3 16 15.931 -22.528 10.086 9.025 -20.439 6.250 8.561 -17.873 6.194
3 16 8.561 -17.873 6.194 15.564 -18.337 9.661 15.931 -22.528 10.086
3 16 15.564 -18.337 9.661 8.561 -17.873 6.194 13.211 -11.121 6.646
3 16 8.561 -17.873 6.194 8.959 -10.518 4.328 13.211 -11.121 6.646
3 16 17.868 -30.137 10.389 15.752 -31.169 5.000 18.785 -30.263 4.941
3 16 18.785 -30.263 4.941 20.486 -29.072 9.827 17.868 -30.137 10.389
3 16 21.752 -23.862 13.991 20.486 -29.072 9.827 15.931 -22.528 10.086
3 16 15.931 -22.528 10.086 20.486 -29.072 9.827 15.803 -26.145 7.566
3 16 19.727 -24.563 15.181 17.868 -30.137 10.389 20.486 -29.072 9.827
3 16 20.486 -29.072 9.827 21.752 -23.862 13.991 19.727 -24.563 15.181
3 16 17.868 -30.137 10.389 19.727 -24.563 15.181 10.016 -22.795 13.310
3 16 18.785 -30.263 4.941 15.752 -31.169 5.000 12.841 -31.466 -1.620
3 16 12.841 -31.466 -1.620 15.935 -29.955 -2.134 18.785 -30.263 4.941
3 16 18.785 -30.263 4.941 15.935 -29.955 -2.134 18.149 -29.628 3.140
3 16 18.149 -29.628 3.140 18.672 -29.724 4.753 18.785 -30.263 4.941
3 16 13.332 -29.051 -7.987 15.935 -29.955 -2.134 12.841 -31.466 -1.620
3 16 10.871 0.000 3.493 9.558 0.000 7.012 11.089 0.000 3.650
3 16 20.486 -29.072 9.827 18.785 -30.263 4.941 18.672 -29.724 4.753
3 16 18.149 -29.628 3.140 17.752 -27.107 1.974 10.215 -23.260 4.203
3 16 10.125 -21.280 3.316 10.215 -23.260 4.203 17.752 -27.107 1.974
3 16 18.149 -29.628 3.140 10.215 -23.260 4.203 18.672 -29.724 4.753
3 16 15.803 -26.145 7.566 18.672 -29.724 4.753 10.215 -23.260 4.203
3 16 13.738 -17.943 -7.893 11.305 -17.046 -14.059 7.994 -15.870 -5.746
3 16 11.305 -17.046 -14.059 8.406 -16.475 -13.769 7.994 -15.870 -5.746
3 16 7.994 -15.870 -5.746 8.406 -16.475 -13.769 4.661 -15.670 -11.292
3 16 7.994 -15.870 -5.746 4.661 -15.670 -11.292 4.408 -13.323 -9.860
3 16 4.408 -13.323 -9.860 7.759 -13.505 -5.580 7.994 -15.870 -5.746
3 16 7.759 -13.505 -5.580 4.408 -13.323 -9.860 4.225 -9.678 -8.834
3 16 4.225 -9.678 -8.834 7.696 -9.710 -5.455 7.759 -13.505 -5.580
3 16 3.956 -4.903 -8.513 7.890 -4.909 -5.405 4.225 -9.678 -8.834
3 16 7.890 -4.909 -5.405 7.696 -9.710 -5.455 4.225 -9.678 -8.834
3 16 3.836 0.000 -8.214 8.145 0.000 -5.447 3.956 -4.903 -8.513
3 16 8.145 0.000 -5.447 7.890 -4.909 -5.405 3.956 -4.903 -8.513
3 16 6.297 -5.183 8.568 4.918 0.000 7.817 0.000 0.000 9.225
3 16 0.000 0.000 9.225 0.000 -5.662 10.131 6.297 -5.183 8.568
3 16 10.016 -22.795 13.310 9.776 -18.625 12.786 0.000 -22.130 13.408
3 16 9.776 -18.625 12.786 0.000 -18.255 12.800 0.000 -22.130 13.408
3 16 8.224 -11.681 10.627 6.297 -5.183 8.568 0.000 -5.662 10.131
3 16 0.000 -5.662 10.131 0.000 -11.666 11.241 8.224 -11.681 10.627
3 16 9.776 -18.625 12.786 8.224 -11.681 10.627 0.000 -11.666 11.241
3 16 0.000 -11.666 11.241 0.000 -18.255 12.800 9.776 -18.625 12.786
3 16 8.561 -17.873 6.194 9.209 -14.639 -0.043 8.959 -10.518 4.328
3 16 8.959 -10.518 4.328 9.209 -14.639 -0.043 9.184 -10.225 -0.196
3 16 8.959 -10.518 4.328 9.184 -10.225 -0.196 9.862 -5.103 3.520
3 16 9.862 -5.103 3.520 9.184 -10.225 -0.196 9.826 -4.962 -0.396
3 16 9.862 -5.103 3.520 9.826 -4.962 -0.396 10.871 0.000 3.493
3 16 10.871 0.000 3.493 9.826 -4.962 -0.396 10.431 0.000 -0.572
3 16 0.000 0.000 -8.629 0.000 0.000 -6.000 6.000 0.000 -6.000
3 16 6.000 0.000 -6.000 3.836 0.000 -8.214 0.000 0.000 -8.629
3 16 6.000 0.000 0.000 10.431 0.000 -0.572 8.145 0.000 -5.447
3 16 8.145 0.000 -5.447 6.000 0.000 -6.000 6.000 0.000 0.000
3 16 6.000 0.000 0.000 6.000 0.000 6.000 9.558 0.000 7.012
3 16 9.558 0.000 7.012 10.431 0.000 -0.572 6.000 0.000 0.000
3 16 0.000 0.000 9.225 4.918 0.000 7.817 6.000 0.000 6.000
3 16 6.000 0.000 6.000 0.000 0.000 6.000 0.000 0.000 9.225
3 16 3.836 0.000 -8.214 6.000 0.000 -6.000 8.145 0.000 -5.447
3 16 10.431 0.000 -0.572 9.558 0.000 7.012 10.871 0.000 3.493
3 16 6.000 0.000 6.000 4.918 0.000 7.817 9.558 0.000 7.012
2 24 3.836 0.000 -8.214 0.000 0.000 -8.629
2 24 8.145 0.000 -5.447 3.836 0.000 -8.214
2 24 4.918 0.000 7.817 9.558 0.000 7.012
2 24 10.871 0.000 3.493 10.431 0.000 -0.572
2 24 10.871 0.000 3.493 11.089 0.000 3.650
2 24 11.089 0.000 3.650 13.024 -4.855 5.851
2 24 11.309 -4.662 7.915 9.558 0.000 7.012
2 24 3.708 -15.051 -20.871 6.038 -10.679 -18.969
2 24 10.351 -14.726 -15.036 11.305 -17.046 -14.059
2 24 5.306 -16.836 -16.751 4.234 -17.409 -18.078
2 24 4.234 -17.409 -18.078 1.595 -18.574 -21.040
2 24 0.000 -16.257 -13.706 4.661 -15.670 -11.292
2 24 6.529 -16.484 -15.267 5.306 -16.836 -16.751
2 24 8.406 -16.475 -13.769 6.529 -16.484 -15.267
2 24 3.112 -14.691 -19.464 5.668 -11.087 -17.899
2 24 10.351 -14.726 -15.036 8.015 -11.277 -16.832
2 24 6.725 -11.488 -16.493 7.695 -13.680 -14.711
2 24 1.519 -18.950 -21.635 0.000 -19.148 -21.686
2 24 1.595 -18.574 -21.040 1.519 -18.950 -21.635
2 24 3.708 -15.051 -20.871 1.519 -18.950 -21.635
2 24 1.595 -18.574 -21.040 3.112 -14.691 -19.464
2 24 7.695 -13.680 -14.711 8.406 -16.475 -13.769
2 24 8.406 -16.475 -13.769 11.305 -17.046 -14.059
2 24 4.711 -24.547 -20.839 7.226 -25.934 -17.930
2 24 0.000 -24.953 -21.175 4.711 -24.547 -20.839
2 24 6.038 -10.679 -18.969 7.138 -10.730 -17.761
2 24 5.668 -11.087 -17.899 6.349 -11.224 -17.057
2 24 8.015 -11.277 -16.832 7.138 -10.730 -17.761
2 24 6.349 -11.224 -17.057 6.725 -11.488 -16.493
2 24 21.402 -19.509 13.818 21.752 -23.862 13.991
2 24 15.927 -20.769 -2.766 13.738 -17.943 -7.893
2 24 7.994 -15.870 -5.746 9.809 -17.759 0.055
2 24 8.561 -17.873 6.194 9.025 -20.439 6.250
2 24 9.025 -20.439 6.250 10.215 -23.260 4.203
2 24 10.215 -23.260 4.203 10.125 -21.280 3.316
2 24 17.752 -27.107 1.974 15.927 -20.769 -2.766
2 24 9.809 -17.759 0.055 10.125 -21.280 3.316
2 24 9.862 -5.103 3.520 10.871 0.000 3.493
2 24 8.959 -10.518 4.328 9.862 -5.103 3.520
2 24 4.711 -24.547 -20.839 6.081 -17.799 -20.940
2 24 21.402 -19.509 13.818 17.190 -11.198 9.726
2 24 15.700 -11.768 11.147 19.847 -19.568 14.774
2 24 11.089 0.000 3.650 9.558 0.000 7.012
2 24 19.847 -19.568 14.774 19.727 -24.563 15.181
2 24 13.024 -4.855 5.851 17.190 -11.198 9.726
2 24 11.309 -4.662 7.915 15.700 -11.768 11.147
2 24 10.431 0.000 -0.572 8.145 0.000 -5.447
2 24 7.226 -25.934 -17.930 10.292 -27.533 -13.652
2 24 20.486 -29.072 9.827 18.672 -29.724 4.753
2 24 8.561 -17.873 6.194 8.959 -10.518 4.328
2 24 17.868 -30.137 10.389 15.752 -31.169 5.000
2 24 18.785 -30.263 4.941 20.486 -29.072 9.827
2 24 21.752 -23.862 13.991 20.486 -29.072 9.827
2 24 19.727 -24.563 15.181 17.868 -30.137 10.389
2 24 15.935 -29.955 -2.134 18.785 -30.263 4.941
2 24 15.752 -31.169 5.000 12.841 -31.466 -1.620
2 24 18.149 -29.628 3.140 18.672 -29.724 4.753
2 24 17.752 -27.107 1.974 18.149 -29.628 3.140
2 24 15.935 -29.955 -2.134 13.332 -29.051 -7.987
2 24 13.332 -29.051 -7.987 10.292 -27.533 -13.652
2 24 11.305 -17.046 -14.059 13.738 -17.943 -7.893
2 24 10.215 -23.260 4.203 18.149 -29.628 3.140
2 24 4.661 -15.670 -11.292 7.994 -15.870 -5.746
2 24 0.000 0.000 9.225 4.918 0.000 7.817
0 BFC INVERTNEXT
1 16 0.0000 -27.0000 0.0000 0.0000 0.0000 6.0000 0.0000 27.0000 0.0000 -6.0000 0.0000 0.0000 2-4cylc.dat
1 16 0.0000 0.0000 0.0000 0.0000 0.0000 6.0000 0.0000 -1.0000 0.0000 -6.0000 0.0000 0.0000 2-4ndis.dat
3 16 7.226 -25.934 -17.930 0.000 -27.359 -17.791 4.711 -24.547 -20.839
3 16 4.711 -24.547 -20.839 0.000 -27.359 -17.791 0.000 -24.953 -21.175
3 16 0.000 -31.748 -4.505 0.000 -31.133 -9.490 5.291 -31.320 -8.187
3 16 5.291 -31.320 -8.187 5.585 -31.515 -5.201 0.000 -31.748 -4.505
3 16 9.750 -31.274 -6.079 12.841 -31.466 -1.620 5.585 -31.515 -5.201
3 16 5.585 -31.515 -5.201 12.841 -31.466 -1.620 7.074 -31.525 -0.936
3 16 10.292 -27.533 -13.652 0.000 -29.608 -13.652 7.226 -25.934 -17.930
3 16 0.000 -29.608 -13.652 0.000 -27.359 -17.791 7.226 -25.934 -17.930
3 16 9.548 -28.367 10.166 8.566 -30.878 4.939 17.868 -30.137 10.389
3 16 17.868 -30.137 10.389 8.566 -30.878 4.939 15.752 -31.169 5.000
3 16 0.000 -28.803 11.195 0.000 -31.223 5.324 8.566 -30.878 4.939
3 16 8.566 -30.878 4.939 9.548 -28.367 10.166 0.000 -28.803 11.195
3 16 10.016 -22.795 13.310 9.548 -28.367 10.166 17.868 -30.137 10.389
3 16 0.000 -22.130 13.408 0.000 -28.803 11.195 10.016 -22.795 13.310
3 16 9.548 -28.367 10.166 10.016 -22.795 13.310 0.000 -28.803 11.195
3 16 12.841 -31.466 -1.620 15.752 -31.169 5.000 7.074 -31.525 -0.936
3 16 15.752 -31.169 5.000 8.566 -30.878 4.939 7.074 -31.525 -0.936
3 16 7.074 -31.525 -0.936 8.566 -30.878 4.939 0.000 -31.864 -0.355
3 16 0.000 -31.864 -0.355 8.566 -30.878 4.939 0.000 -31.223 5.324
3 16 12.841 -31.466 -1.620 9.750 -31.274 -6.079 13.332 -29.051 -7.987
3 16 0.000 -30.518 -11.294 5.291 -31.320 -8.187 0.000 -31.133 -9.490
3 16 0.000 -29.608 -13.652 10.292 -27.533 -13.652 5.291 -31.320 -8.187
3 16 5.291 -31.320 -8.187 0.000 -30.518 -11.294 0.000 -29.608 -13.652
3 16 10.292 -27.533 -13.652 13.332 -29.051 -7.987 9.750 -31.274 -6.079
3 16 9.750 -31.274 -6.079 5.291 -31.320 -8.187 10.292 -27.533 -13.652
3 16 5.585 -31.515 -5.201 5.291 -31.320 -8.187 9.750 -31.274 -6.079
3 16 5.585 -31.515 -5.201 7.074 -31.525 -0.936 0.000 -31.748 -4.505
3 16 0.000 -31.748 -4.505 7.074 -31.525 -0.936 0.000 -31.864 -0.355
2 24 0.000 -31.133 -9.490 5.291 -31.320 -8.187
2 24 9.750 -31.274 -6.079 12.841 -31.466 -1.620
2 24 9.750 -31.274 -6.079 5.291 -31.320 -8.187
3 16 6.081 -17.799 -20.940 9.224 -17.247 -17.794 4.711 -24.547 -20.839
3 16 9.224 -17.247 -17.794 7.226 -25.934 -17.930 4.711 -24.547 -20.839
3 16 15.927 -20.769 -2.766 17.752 -27.107 1.974 15.935 -29.955 -2.134
3 16 17.752 -27.107 1.974 18.149 -29.628 3.140 15.935 -29.955 -2.134
3 16 11.305 -17.046 -14.059 15.927 -20.769 -2.766 15.935 -29.955 -2.134
3 16 15.935 -29.955 -2.134 13.332 -29.051 -7.987 11.305 -17.046 -14.059
3 16 10.292 -27.533 -13.652 7.226 -25.934 -17.930 9.224 -17.247 -17.794
3 16 9.224 -17.247 -17.794 11.305 -17.046 -14.059 13.332 -29.051 -7.987
3 16 13.332 -29.051 -7.987 10.292 -27.533 -13.652 9.224 -17.247 -17.794
3 16 11.305 -17.046 -14.059 13.738 -17.943 -7.893 15.927 -20.769 -2.766
3 16 6.046 -14.959 -20.480 3.708 -15.051 -20.871 6.038 -10.679 -18.969
3 16 11.305 -17.046 -14.059 9.224 -17.247 -17.794 10.351 -14.726 -15.036
3 16 9.224 -17.247 -17.794 8.854 -14.827 -17.629 10.351 -14.726 -15.036
3 16 8.854 -14.827 -17.629 6.046 -14.959 -20.480 6.038 -10.679 -18.969
3 16 6.038 -10.679 -18.969 7.138 -10.730 -17.761 8.854 -14.827 -17.629
3 16 8.854 -14.827 -17.629 7.138 -10.730 -17.761 8.015 -11.277 -16.832
3 16 8.015 -11.277 -16.832 10.351 -14.726 -15.036 8.854 -14.827 -17.629
3 16 9.224 -17.247 -17.794 6.081 -17.799 -20.940 6.046 -14.959 -20.480
3 16 6.046 -14.959 -20.480 8.854 -14.827 -17.629 9.224 -17.247 -17.794
3 16 1.519 -18.950 -21.635 3.708 -15.051 -20.871 6.081 -17.799 -20.940
3 16 6.081 -17.799 -20.940 3.708 -15.051 -20.871 6.046 -14.959 -20.480
2 24 6.038 -10.679 -18.969 6.046 -14.959 -20.480
2 24 6.081 -17.799 -20.940 6.046 -14.959 -20.480
3 16 -11.465 -4.971 4.708 -11.089 0.000 3.650 -10.871 0.000 3.493
3 16 -11.465 -4.971 4.708 -13.024 -4.855 5.851 -11.089 0.000 3.650
3 16 -6.297 -5.183 8.568 -9.558 0.000 7.012 -11.309 -4.662 7.915
3 16 -6.297 -5.183 8.568 -4.918 0.000 7.817 -9.558 0.000 7.012
3 16 -3.836 0.000 -8.214 0.000 -4.899 -8.864 -3.956 -4.903 -8.513
3 16 -3.836 0.000 -8.214 0.000 0.000 -8.629 0.000 -4.899 -8.864
3 16 -3.956 -4.903 -8.513 0.000 -9.820 -9.470 -4.225 -9.678 -8.834
3 16 -3.956 -4.903 -8.513 0.000 -4.899 -8.864 0.000 -9.820 -9.470
3 16 0.000 -16.257 -13.706 0.000 -18.574 -21.040 -4.234 -17.409 -18.078
3 16 -4.234 -17.409 -18.078 0.000 -18.574 -21.040 -1.595 -18.574 -21.040
3 16 -4.234 -17.409 -18.078 -5.306 -16.836 -16.751 0.000 -16.257 -13.706
3 16 -6.529 -16.484 -15.267 -4.661 -15.670 -11.292 0.000 -16.257 -13.706
3 16 0.000 -16.257 -13.706 -5.306 -16.836 -16.751 -6.529 -16.484 -15.267
3 16 -6.529 -16.484 -15.267 -8.406 -16.475 -13.769 -4.661 -15.670 -11.292
3 16 -6.038 -10.679 -18.969 -3.112 -14.691 -19.464 -3.708 -15.051 -20.871
3 16 -6.038 -10.679 -18.969 -5.668 -11.087 -17.899 -3.112 -14.691 -19.464
3 16 -7.695 -13.680 -14.711 -8.015 -11.277 -16.832 -10.351 -14.726 -15.036
3 16 -8.015 -11.277 -16.832 -7.695 -13.680 -14.711 -6.725 -11.488 -16.493
3 16 -1.595 -18.574 -21.040 0.000 -18.574 -21.040 0.000 -19.148 -21.686
3 16 0.000 -19.148 -21.686 -1.519 -18.950 -21.635 -1.595 -18.574 -21.040
3 16 -4.624 -14.444 -18.153 -3.112 -14.691 -19.464 -5.668 -11.087 -17.899
3 16 -3.708 -15.051 -20.871 -1.595 -18.574 -21.040 -1.519 -18.950 -21.635
3 16 -3.708 -15.051 -20.871 -3.112 -14.691 -19.464 -1.595 -18.574 -21.040
3 16 -7.695 -13.680 -14.711 -6.689 -14.378 -15.830 -6.725 -11.488 -16.493
3 16 -10.351 -14.726 -15.036 -8.406 -16.475 -13.769 -7.695 -13.680 -14.711
3 16 -10.351 -14.726 -15.036 -11.305 -17.046 -14.059 -8.406 -16.475 -13.769
3 16 -7.138 -10.730 -17.761 -5.668 -11.087 -17.899 -6.038 -10.679 -18.969
3 16 -7.138 -10.730 -17.761 -6.349 -11.224 -17.057 -5.668 -11.087 -17.899
3 16 -5.668 -11.087 -17.899 -5.690 -14.410 -16.954 -4.624 -14.444 -18.153
3 16 -5.690 -14.410 -16.954 -5.668 -11.087 -17.899 -6.349 -11.224 -17.057
3 16 -6.725 -11.488 -16.493 -7.138 -10.730 -17.761 -8.015 -11.277 -16.832
3 16 -6.725 -11.488 -16.493 -6.349 -11.224 -17.057 -7.138 -10.730 -17.761
3 16 -4.408 -13.323 -9.860 -4.225 -9.678 -8.834 0.000 -9.820 -9.470
3 16 0.000 -9.820 -9.470 0.000 -13.787 -11.464 -4.408 -13.323 -9.860
3 16 -15.931 -22.528 10.086 -21.402 -19.509 13.818 -15.564 -18.337 9.661
3 16 -15.931 -22.528 10.086 -21.752 -23.862 13.991 -21.402 -19.509 13.818
3 16 -9.809 -17.759 0.055 -13.738 -17.943 -7.893 -15.927 -20.769 -2.766
3 16 -9.809 -17.759 0.055 -7.994 -15.870 -5.746 -13.738 -17.943 -7.893
3 16 -10.215 -23.260 4.203 -9.025 -20.439 6.250 -8.561 -17.873 6.194
3 16 -8.561 -17.873 6.194 -10.125 -21.280 3.316 -10.215 -23.260 4.203
3 16 -9.809 -17.759 0.055 -15.927 -20.769 -2.766 -17.752 -27.107 1.974
3 16 -17.752 -27.107 1.974 -10.125 -21.280 3.316 -9.809 -17.759 0.055
3 16 -3.112 -14.691 -19.464 -4.234 -17.409 -18.078 -1.595 -18.574 -21.040
3 16 -3.112 -14.691 -19.464 -4.624 -14.444 -18.153 -4.234 -17.409 -18.078
3 16 -4.624 -14.444 -18.153 -5.306 -16.836 -16.751 -4.234 -17.409 -18.078
3 16 -4.624 -14.444 -18.153 -5.690 -14.410 -16.954 -5.306 -16.836 -16.751
3 16 -6.529 -16.484 -15.267 -7.695 -13.680 -14.711 -8.406 -16.475 -13.769
3 16 -6.689 -14.378 -15.830 -7.695 -13.680 -14.711 -6.529 -16.484 -15.267
3 16 -10.871 0.000 3.493 -9.862 -5.103 3.520 -11.465 -4.971 4.708
3 16 -9.862 -5.103 3.520 -8.959 -10.518 4.328 -13.211 -11.121 6.646
3 16 -13.211 -11.121 6.646 -11.465 -4.971 4.708 -9.862 -5.103 3.520
3 16 -9.209 -14.639 -0.043 -7.994 -15.870 -5.746 -9.809 -17.759 0.055
3 16 -7.994 -15.870 -5.746 -9.209 -14.639 -0.043 -7.759 -13.505 -5.580
3 16 -1.519 -18.950 -21.635 -4.711 -24.547 -20.839 -6.081 -17.799 -20.940
3 16 -1.519 -18.950 -21.635 0.000 -24.953 -21.175 -4.711 -24.547 -20.839
3 16 0.000 -24.953 -21.175 -1.519 -18.950 -21.635 0.000 -19.148 -21.686
3 16 -19.847 -19.568 14.774 -17.190 -11.198 9.726 -21.402 -19.509 13.818
3 16 -17.190 -11.198 9.726 -19.847 -19.568 14.774 -15.700 -11.768 11.147
3 16 -11.309 -4.662 7.915 -11.089 0.000 3.650 -13.024 -4.855 5.851
3 16 -9.558 0.000 7.012 -11.089 0.000 3.650 -11.309 -4.662 7.915
3 16 -21.402 -19.509 13.818 -19.727 -24.563 15.181 -19.847 -19.568 14.774
3 16 -21.752 -23.862 13.991 -19.727 -24.563 15.181 -21.402 -19.509 13.818
3 16 -10.016 -22.795 13.310 -19.847 -19.568 14.774 -19.727 -24.563 15.181
3 16 -10.016 -22.795 13.310 -9.776 -18.625 12.786 -19.847 -19.568 14.774
3 16 -13.024 -4.855 5.851 -13.211 -11.121 6.646 -17.190 -11.198 9.726
3 16 -13.211 -11.121 6.646 -13.024 -4.855 5.851 -11.465 -4.971 4.708
3 16 -17.190 -11.198 9.726 -15.700 -11.768 11.147 -11.309 -4.662 7.915
3 16 -11.309 -4.662 7.915 -13.024 -4.855 5.851 -17.190 -11.198 9.726
3 16 -8.224 -11.681 10.627 -11.309 -4.662 7.915 -15.700 -11.768 11.147
3 16 -8.224 -11.681 10.627 -6.297 -5.183 8.568 -11.309 -4.662 7.915
3 16 -17.190 -11.198 9.726 -15.564 -18.337 9.661 -21.402 -19.509 13.818
3 16 -15.564 -18.337 9.661 -17.190 -11.198 9.726 -13.211 -11.121 6.646
3 16 -9.776 -18.625 12.786 -15.700 -11.768 11.147 -19.847 -19.568 14.774
3 16 -9.776 -18.625 12.786 -8.224 -11.681 10.627 -15.700 -11.768 11.147
3 16 -9.809 -17.759 0.055 -8.561 -17.873 6.194 -9.209 -14.639 -0.043
3 16 -9.809 -17.759 0.055 -10.125 -21.280 3.316 -8.561 -17.873 6.194
3 16 -7.890 -4.909 -5.405 -10.431 0.000 -0.572 -8.145 0.000 -5.447
3 16 -7.890 -4.909 -5.405 -9.826 -4.962 -0.396 -10.431 0.000 -0.572
3 16 -9.826 -4.962 -0.396 -7.696 -9.710 -5.455 -9.184 -10.225 -0.196
3 16 -7.696 -9.710 -5.455 -9.826 -4.962 -0.396 -7.890 -4.909 -5.405
3 16 -9.184 -10.225 -0.196 -7.759 -13.505 -5.580 -9.209 -14.639 -0.043
3 16 -7.759 -13.505 -5.580 -9.184 -10.225 -0.196 -7.696 -9.710 -5.455
3 16 0.000 -13.787 -11.464 0.000 -16.257 -13.706 -4.661 -15.670 -11.292
3 16 -4.661 -15.670 -11.292 -4.408 -13.323 -9.860 0.000 -13.787 -11.464
3 16 -6.725 -11.488 -16.493 -5.690 -14.410 -16.954 -6.349 -11.224 -17.057
3 16 -5.690 -14.410 -16.954 -6.725 -11.488 -16.493 -6.689 -14.378 -15.830
3 16 -5.690 -14.410 -16.954 -6.529 -16.484 -15.267 -5.306 -16.836 -16.751
3 16 -5.690 -14.410 -16.954 -6.689 -14.378 -15.830 -6.529 -16.484 -15.267
3 16 -18.672 -29.724 4.753 -20.486 -29.072 9.827 -15.803 -26.145 7.566
3 16 -9.025 -20.439 6.250 -15.803 -26.145 7.566 -15.931 -22.528 10.086
3 16 -10.215 -23.260 4.203 -15.803 -26.145 7.566 -9.025 -20.439 6.250
3 16 -8.561 -17.873 6.194 -9.025 -20.439 6.250 -15.931 -22.528 10.086
3 16 -15.931 -22.528 10.086 -15.564 -18.337 9.661 -8.561 -17.873 6.194
3 16 -13.211 -11.121 6.646 -8.561 -17.873 6.194 -15.564 -18.337 9.661
3 16 -13.211 -11.121 6.646 -8.959 -10.518 4.328 -8.561 -17.873 6.194
3 16 -18.785 -30.263 4.941 -15.752 -31.169 5.000 -17.868 -30.137 10.389
3 16 -17.868 -30.137 10.389 -20.486 -29.072 9.827 -18.785 -30.263 4.941
3 16 -15.931 -22.528 10.086 -20.486 -29.072 9.827 -21.752 -23.862 13.991
3 16 -15.803 -26.145 7.566 -20.486 -29.072 9.827 -15.931 -22.528 10.086
3 16 -20.486 -29.072 9.827 -17.868 -30.137 10.389 -19.727 -24.563 15.181
3 16 -19.727 -24.563 15.181 -21.752 -23.862 13.991 -20.486 -29.072 9.827
3 16 -10.016 -22.795 13.310 -19.727 -24.563 15.181 -17.868 -30.137 10.389
3 16 -12.841 -31.466 -1.620 -15.752 -31.169 5.000 -18.785 -30.263 4.941
3 16 -18.785 -30.263 4.941 -15.935 -29.955 -2.134 -12.841 -31.466 -1.620
3 16 -18.149 -29.628 3.140 -15.935 -29.955 -2.134 -18.785 -30.263 4.941
3 16 -18.785 -30.263 4.941 -18.672 -29.724 4.753 -18.149 -29.628 3.140
3 16 -12.841 -31.466 -1.620 -15.935 -29.955 -2.134 -13.332 -29.051 -7.987
3 16 -11.089 0.000 3.650 -9.558 0.000 7.012 -10.871 0.000 3.493
3 16 -18.672 -29.724 4.753 -18.785 -30.263 4.941 -20.486 -29.072 9.827
3 16 -10.215 -23.260 4.203 -17.752 -27.107 1.974 -18.149 -29.628 3.140
3 16 -17.752 -27.107 1.974 -10.215 -23.260 4.203 -10.125 -21.280 3.316
3 16 -18.672 -29.724 4.753 -10.215 -23.260 4.203 -18.149 -29.628 3.140
3 16 -10.215 -23.260 4.203 -18.672 -29.724 4.753 -15.803 -26.145 7.566
3 16 -7.994 -15.870 -5.746 -11.305 -17.046 -14.059 -13.738 -17.943 -7.893
3 16 -7.994 -15.870 -5.746 -8.406 -16.475 -13.769 -11.305 -17.046 -14.059
3 16 -4.661 -15.670 -11.292 -8.406 -16.475 -13.769 -7.994 -15.870 -5.746
3 16 -4.408 -13.323 -9.860 -4.661 -15.670 -11.292 -7.994 -15.870 -5.746
3 16 -7.994 -15.870 -5.746 -7.759 -13.505 -5.580 -4.408 -13.323 -9.860
3 16 -4.225 -9.678 -8.834 -4.408 -13.323 -9.860 -7.759 -13.505 -5.580
3 16 -7.759 -13.505 -5.580 -7.696 -9.710 -5.455 -4.225 -9.678 -8.834
3 16 -4.225 -9.678 -8.834 -7.890 -4.909 -5.405 -3.956 -4.903 -8.513
3 16 -4.225 -9.678 -8.834 -7.696 -9.710 -5.455 -7.890 -4.909 -5.405
3 16 -3.956 -4.903 -8.513 -8.145 0.000 -5.447 -3.836 0.000 -8.214
3 16 -3.956 -4.903 -8.513 -7.890 -4.909 -5.405 -8.145 0.000 -5.447
3 16 0.000 0.000 9.225 -4.918 0.000 7.817 -6.297 -5.183 8.568
3 16 -6.297 -5.183 8.568 0.000 -5.662 10.131 0.000 0.000 9.225
3 16 0.000 -22.130 13.408 -9.776 -18.625 12.786 -10.016 -22.795 13.310
3 16 0.000 -22.130 13.408 0.000 -18.255 12.800 -9.776 -18.625 12.786
3 16 0.000 -5.662 10.131 -6.297 -5.183 8.568 -8.224 -11.681 10.627
3 16 -8.224 -11.681 10.627 0.000 -11.666 11.241 0.000 -5.662 10.131
3 16 0.000 -11.666 11.241 -8.224 -11.681 10.627 -9.776 -18.625 12.786
3 16 -9.776 -18.625 12.786 0.000 -18.255 12.800 0.000 -11.666 11.241
3 16 -8.959 -10.518 4.328 -9.209 -14.639 -0.043 -8.561 -17.873 6.194
3 16 -9.184 -10.225 -0.196 -9.209 -14.639 -0.043 -8.959 -10.518 4.328
3 16 -9.862 -5.103 3.520 -9.184 -10.225 -0.196 -8.959 -10.518 4.328
3 16 -9.826 -4.962 -0.396 -9.184 -10.225 -0.196 -9.862 -5.103 3.520
3 16 -10.871 0.000 3.493 -9.826 -4.962 -0.396 -9.862 -5.103 3.520
3 16 -10.431 0.000 -0.572 -9.826 -4.962 -0.396 -10.871 0.000 3.493
3 16 -6.000 0.000 -6.000 0.000 0.000 -6.000 0.000 0.000 -8.629
3 16 0.000 0.000 -8.629 -3.836 0.000 -8.214 -6.000 0.000 -6.000
3 16 -8.145 0.000 -5.447 -10.431 0.000 -0.572 -6.000 0.000 0.000
3 16 -6.000 0.000 0.000 -6.000 0.000 -6.000 -8.145 0.000 -5.447
3 16 -9.558 0.000 7.012 -6.000 0.000 6.000 -6.000 0.000 0.000
3 16 -6.000 0.000 0.000 -10.431 0.000 -0.572 -9.558 0.000 7.012
3 16 -6.000 0.000 6.000 -4.918 0.000 7.817 0.000 0.000 9.225
3 16 0.000 0.000 9.225 0.000 0.000 6.000 -6.000 0.000 6.000
3 16 -8.145 0.000 -5.447 -6.000 0.000 -6.000 -3.836 0.000 -8.214
3 16 -10.871 0.000 3.493 -9.558 0.000 7.012 -10.431 0.000 -0.572
3 16 -9.558 0.000 7.012 -4.918 0.000 7.817 -6.000 0.000 6.000
2 24 -3.836 0.000 -8.214 0.000 0.000 -8.629
2 24 -8.145 0.000 -5.447 -3.836 0.000 -8.214
2 24 -4.918 0.000 7.817 -9.558 0.000 7.012
2 24 -10.871 0.000 3.493 -10.431 0.000 -0.572
2 24 -10.871 0.000 3.493 -11.089 0.000 3.650
2 24 -11.089 0.000 3.650 -13.024 -4.855 5.851
2 24 -11.309 -4.662 7.915 -9.558 0.000 7.012
2 24 -3.708 -15.051 -20.871 -6.038 -10.679 -18.969
2 24 -10.351 -14.726 -15.036 -11.305 -17.046 -14.059
2 24 -5.306 -16.836 -16.751 -4.234 -17.409 -18.078
2 24 -4.234 -17.409 -18.078 -1.595 -18.574 -21.040
2 24 0.000 -16.257 -13.706 -4.661 -15.670 -11.292
2 24 -6.529 -16.484 -15.267 -5.306 -16.836 -16.751
2 24 -8.406 -16.475 -13.769 -6.529 -16.484 -15.267
2 24 -3.112 -14.691 -19.464 -5.668 -11.087 -17.899
2 24 -10.351 -14.726 -15.036 -8.015 -11.277 -16.832
2 24 -6.725 -11.488 -16.493 -7.695 -13.680 -14.711
2 24 -1.519 -18.950 -21.635 0.000 -19.148 -21.686
2 24 -1.595 -18.574 -21.040 -1.519 -18.950 -21.635
2 24 -3.708 -15.051 -20.871 -1.519 -18.950 -21.635
2 24 -1.595 -18.574 -21.040 -3.112 -14.691 -19.464
2 24 -7.695 -13.680 -14.711 -8.406 -16.475 -13.769
2 24 -8.406 -16.475 -13.769 -11.305 -17.046 -14.059
2 24 -4.711 -24.547 -20.839 -7.226 -25.934 -17.930
2 24 0.000 -24.953 -21.175 -4.711 -24.547 -20.839
2 24 -6.038 -10.679 -18.969 -7.138 -10.730 -17.761
2 24 -5.668 -11.087 -17.899 -6.349 -11.224 -17.057
2 24 -8.015 -11.277 -16.832 -7.138 -10.730 -17.761
2 24 -6.349 -11.224 -17.057 -6.725 -11.488 -16.493
2 24 -21.402 -19.509 13.818 -21.752 -23.862 13.991
2 24 -15.927 -20.769 -2.766 -13.738 -17.943 -7.893
2 24 -7.994 -15.870 -5.746 -9.809 -17.759 0.055
2 24 -8.561 -17.873 6.194 -9.025 -20.439 6.250
2 24 -9.025 -20.439 6.250 -10.215 -23.260 4.203
2 24 -10.215 -23.260 4.203 -10.125 -21.280 3.316
2 24 -17.752 -27.107 1.974 -15.927 -20.769 -2.766
2 24 -9.809 -17.759 0.055 -10.125 -21.280 3.316
2 24 -9.862 -5.103 3.520 -10.871 0.000 3.493
2 24 -8.959 -10.518 4.328 -9.862 -5.103 3.520
2 24 -4.711 -24.547 -20.839 -6.081 -17.799 -20.940
2 24 -21.402 -19.509 13.818 -17.190 -11.198 9.726
2 24 -15.700 -11.768 11.147 -19.847 -19.568 14.774
2 24 -11.089 0.000 3.650 -9.558 0.000 7.012
2 24 -19.847 -19.568 14.774 -19.727 -24.563 15.181
2 24 -13.024 -4.855 5.851 -17.190 -11.198 9.726
2 24 -11.309 -4.662 7.915 -15.700 -11.768 11.147
2 24 -10.431 0.000 -0.572 -8.145 0.000 -5.447
2 24 -7.226 -25.934 -17.930 -10.292 -27.533 -13.652
2 24 -20.486 -29.072 9.827 -18.672 -29.724 4.753
2 24 -8.561 -17.873 6.194 -8.959 -10.518 4.328
2 24 -17.868 -30.137 10.389 -15.752 -31.169 5.000
2 24 -18.785 -30.263 4.941 -20.486 -29.072 9.827
2 24 -21.752 -23.862 13.991 -20.486 -29.072 9.827
2 24 -19.727 -24.563 15.181 -17.868 -30.137 10.389
2 24 -15.935 -29.955 -2.134 -18.785 -30.263 4.941
2 24 -15.752 -31.169 5.000 -12.841 -31.466 -1.620
2 24 -18.149 -29.628 3.140 -18.672 -29.724 4.753
2 24 -17.752 -27.107 1.974 -18.149 -29.628 3.140
2 24 -15.935 -29.955 -2.134 -13.332 -29.051 -7.987
2 24 -13.332 -29.051 -7.987 -10.292 -27.533 -13.652
2 24 -11.305 -17.046 -14.059 -13.738 -17.943 -7.893
2 24 -10.215 -23.260 4.203 -18.149 -29.628 3.140
2 24 -4.661 -15.670 -11.292 -7.994 -15.870 -5.746
2 24 0.000 0.000 9.225 -4.918 0.000 7.817
0 BFC INVERTNEXT
1 16 0.0000 -27.0000 0.0000 0.0000 0.0000 -6.0000 0.0000 27.0000 0.0000 -6.0000 0.0000 0.0000 2-4cylc.dat
1 16 0.0000 0.0000 0.0000 0.0000 0.0000 -6.0000 0.0000 -1.0000 0.0000 -6.0000 0.0000 0.0000 2-4ndis.dat
3 16 -4.711 -24.547 -20.839 0.000 -27.359 -17.791 -7.226 -25.934 -17.930
3 16 0.000 -24.953 -21.175 0.000 -27.359 -17.791 -4.711 -24.547 -20.839
3 16 -5.291 -31.320 -8.187 0.000 -31.133 -9.490 0.000 -31.748 -4.505
3 16 0.000 -31.748 -4.505 -5.585 -31.515 -5.201 -5.291 -31.320 -8.187
3 16 -5.585 -31.515 -5.201 -12.841 -31.466 -1.620 -9.750 -31.274 -6.079
3 16 -7.074 -31.525 -0.936 -12.841 -31.466 -1.620 -5.585 -31.515 -5.201
3 16 -7.226 -25.934 -17.930 0.000 -29.608 -13.652 -10.292 -27.533 -13.652
3 16 -7.226 -25.934 -17.930 0.000 -27.359 -17.791 0.000 -29.608 -13.652
3 16 -17.868 -30.137 10.389 -8.566 -30.878 4.939 -9.548 -28.367 10.166
3 16 -15.752 -31.169 5.000 -8.566 -30.878 4.939 -17.868 -30.137 10.389
3 16 -8.566 -30.878 4.939 0.000 -31.223 5.324 0.000 -28.803 11.195
3 16 0.000 -28.803 11.195 -9.548 -28.367 10.166 -8.566 -30.878 4.939
3 16 -17.868 -30.137 10.389 -9.548 -28.367 10.166 -10.016 -22.795 13.310
3 16 -10.016 -22.795 13.310 0.000 -28.803 11.195 0.000 -22.130 13.408
3 16 0.000 -28.803 11.195 -10.016 -22.795 13.310 -9.548 -28.367 10.166
3 16 -7.074 -31.525 -0.936 -15.752 -31.169 5.000 -12.841 -31.466 -1.620
3 16 -7.074 -31.525 -0.936 -8.566 -30.878 4.939 -15.752 -31.169 5.000
3 16 0.000 -31.864 -0.355 -8.566 -30.878 4.939 -7.074 -31.525 -0.936
3 16 0.000 -31.223 5.324 -8.566 -30.878 4.939 0.000 -31.864 -0.355
3 16 -13.332 -29.051 -7.987 -9.750 -31.274 -6.079 -12.841 -31.466 -1.620
3 16 0.000 -31.133 -9.490 -5.291 -31.320 -8.187 0.000 -30.518 -11.294
3 16 -5.291 -31.320 -8.187 -10.292 -27.533 -13.652 0.000 -29.608 -13.652
3 16 0.000 -29.608 -13.652 0.000 -30.518 -11.294 -5.291 -31.320 -8.187
3 16 -9.750 -31.274 -6.079 -13.332 -29.051 -7.987 -10.292 -27.533 -13.652
3 16 -10.292 -27.533 -13.652 -5.291 -31.320 -8.187 -9.750 -31.274 -6.079
3 16 -9.750 -31.274 -6.079 -5.291 -31.320 -8.187 -5.585 -31.515 -5.201
3 16 0.000 -31.748 -4.505 -7.074 -31.525 -0.936 -5.585 -31.515 -5.201
3 16 0.000 -31.864 -0.355 -7.074 -31.525 -0.936 0.000 -31.748 -4.505
2 24 0.000 -31.133 -9.490 -5.291 -31.320 -8.187
2 24 -9.750 -31.274 -6.079 -12.841 -31.466 -1.620
2 24 -9.750 -31.274 -6.079 -5.291 -31.320 -8.187
3 16 -4.711 -24.547 -20.839 -9.224 -17.247 -17.794 -6.081 -17.799 -20.940
3 16 -4.711 -24.547 -20.839 -7.226 -25.934 -17.930 -9.224 -17.247 -17.794
3 16 -15.935 -29.955 -2.134 -17.752 -27.107 1.974 -15.927 -20.769 -2.766
3 16 -15.935 -29.955 -2.134 -18.149 -29.628 3.140 -17.752 -27.107 1.974
3 16 -15.935 -29.955 -2.134 -15.927 -20.769 -2.766 -11.305 -17.046 -14.059
3 16 -11.305 -17.046 -14.059 -13.332 -29.051 -7.987 -15.935 -29.955 -2.134
3 16 -9.224 -17.247 -17.794 -7.226 -25.934 -17.930 -10.292 -27.533 -13.652
3 16 -13.332 -29.051 -7.987 -11.305 -17.046 -14.059 -9.224 -17.247 -17.794
3 16 -9.224 -17.247 -17.794 -10.292 -27.533 -13.652 -13.332 -29.051 -7.987
3 16 -15.927 -20.769 -2.766 -13.738 -17.943 -7.893 -11.305 -17.046 -14.059
3 16 -6.038 -10.679 -18.969 -3.708 -15.051 -20.871 -6.046 -14.959 -20.480
3 16 -10.351 -14.726 -15.036 -9.224 -17.247 -17.794 -11.305 -17.046 -14.059
3 16 -10.351 -14.726 -15.036 -8.854 -14.827 -17.629 -9.224 -17.247 -17.794
3 16 -6.038 -10.679 -18.969 -6.046 -14.959 -20.480 -8.854 -14.827 -17.629
3 16 -8.854 -14.827 -17.629 -7.138 -10.730 -17.761 -6.038 -10.679 -18.969
3 16 -8.015 -11.277 -16.832 -7.138 -10.730 -17.761 -8.854 -14.827 -17.629
3 16 -8.854 -14.827 -17.629 -10.351 -14.726 -15.036 -8.015 -11.277 -16.832
3 16 -6.046 -14.959 -20.480 -6.081 -17.799 -20.940 -9.224 -17.247 -17.794
3 16 -9.224 -17.247 -17.794 -8.854 -14.827 -17.629 -6.046 -14.959 -20.480
3 16 -6.081 -17.799 -20.940 -3.708 -15.051 -20.871 -1.519 -18.950 -21.635
3 16 -6.046 -14.959 -20.480 -3.708 -15.051 -20.871 -6.081 -17.799 -20.940
2 24 -6.038 -10.679 -18.969 -6.046 -14.959 -20.480
2 24 -6.081 -17.799 -20.940 -6.046 -14.959 -20.480
